2 0.918518 0.534147 0.161847 0.140017
2 0.537826 0.28131 0.0994047 0.0531202
2 0.957943 0.376755 0.083411 0.0755765
2 0.797961 0.236392 0.0989904 0.0416402
2 0.563399 0.160964 0.0468112 0.0216935
2 0.714783 0.19813 0.0725323 0.0304154
2 0.958412 0.207801 0.0827742 0.0333895
2 0.504231 0.184777 0.0527724 0.0259561
2 0.819421 0.178473 0.0620753 0.0274994
7 0.861358 0.289367 0.157741 0.0766647
2 0.590462 0.142069 0.0371038 0.0167315
2 0.487139 0.14966 0.0381122 0.0162204
2 0.862368 0.144065 0.0558255 0.0201948
2 0.63625 0.15773 0.0540497 0.0270894
2 0.82945 0.134575 0.0377618 0.0170401
2 0.752624 0.142561 0.0363642 0.0183821
2 0.480094 0.125912 0.0300476 0.0125828
2 0.493604 0.153072 0.0487221 0.0239103
2 0.497554 0.16029 0.0517963 0.0252056
2 0.523496 0.128009 0.0299759 0.0142109
2 0.862019 0.289653 0.158008 0.0766542
2 0.567349 0.130375 0.0325243 0.013843
5 0.644189 0.115645 0.0378263 0.0325035
7 0.635819 0.157726 0.053215 0.0278083
2 0.573002 0.133409 0.0313156 0.0116352
2 0.49894 0.166722 0.0537714 0.0249289
2 0.769724 0.130576 0.0373925 0.014903
7 0.984082 0.167264 0.0318359 0.0593076
2 0.501559 0.113842 0.0226291 0.014305
2 0.477525 0.124441 0.0306733 0.0136883
2 0.918518 0.534147 0.161847 0.140017
2 0.537826 0.28131 0.0994047 0.0531202
2 0.957943 0.376755 0.083411 0.0755765
2 0.797961 0.236392 0.0989904 0.0416402
2 0.563399 0.160964 0.0468112 0.0216935
2 0.714783 0.19813 0.0725323 0.0304154
2 0.958412 0.207801 0.0827742 0.0333895
2 0.504231 0.184777 0.0527724 0.0259561
2 0.819421 0.178473 0.0620753 0.0274994
7 0.861358 0.289367 0.157741 0.0766647
2 0.590462 0.142069 0.0371038 0.0167315
2 0.487139 0.14966 0.0381122 0.0162204
2 0.862368 0.144065 0.0558255 0.0201948
2 0.63625 0.15773 0.0540497 0.0270894
2 0.82945 0.134575 0.0377618 0.0170401
2 0.752624 0.142561 0.0363642 0.0183821
2 0.480094 0.125912 0.0300476 0.0125828
2 0.493604 0.153072 0.0487221 0.0239103
2 0.497554 0.16029 0.0517963 0.0252056
2 0.523496 0.128009 0.0299759 0.0142109
2 0.862019 0.289653 0.158008 0.0766542
2 0.567349 0.130375 0.0325243 0.013843
5 0.644189 0.115645 0.0378263 0.0325035
7 0.635819 0.157726 0.053215 0.0278083
2 0.573002 0.133409 0.0313156 0.0116352
2 0.49894 0.166722 0.0537714 0.0249289
2 0.769724 0.130576 0.0373925 0.014903
7 0.984082 0.167264 0.0318359 0.0593076
2 0.501559 0.113842 0.0226291 0.014305
2 0.477525 0.124441 0.0306733 0.0136883
2 0.918518 0.534147 0.161847 0.140017
2 0.537826 0.28131 0.0994047 0.0531202
2 0.957943 0.376755 0.083411 0.0755765
2 0.797961 0.236392 0.0989904 0.0416402
2 0.563399 0.160964 0.0468112 0.0216935
2 0.714783 0.19813 0.0725323 0.0304154
2 0.958412 0.207801 0.0827742 0.0333895
2 0.504231 0.184777 0.0527724 0.0259561
2 0.819421 0.178473 0.0620753 0.0274994
7 0.861358 0.289367 0.157741 0.0766647
2 0.590462 0.142069 0.0371038 0.0167315
2 0.487139 0.14966 0.0381122 0.0162204
2 0.862368 0.144065 0.0558255 0.0201948
2 0.63625 0.15773 0.0540497 0.0270894
2 0.82945 0.134575 0.0377618 0.0170401
2 0.752624 0.142561 0.0363642 0.0183821
2 0.480094 0.125912 0.0300476 0.0125828
2 0.493604 0.153072 0.0487221 0.0239103
2 0.497554 0.16029 0.0517963 0.0252056
2 0.523496 0.128009 0.0299759 0.0142109
2 0.862019 0.289653 0.158008 0.0766542
2 0.567349 0.130375 0.0325243 0.013843
5 0.644189 0.115645 0.0378263 0.0325035
7 0.635819 0.157726 0.053215 0.0278083
2 0.573002 0.133409 0.0313156 0.0116352
2 0.49894 0.166722 0.0537714 0.0249289
2 0.769724 0.130576 0.0373925 0.014903
7 0.984082 0.167264 0.0318359 0.0593076
2 0.501559 0.113842 0.0226291 0.014305
2 0.477525 0.124441 0.0306733 0.0136883
2 0.918518 0.534147 0.161847 0.140017
2 0.537826 0.28131 0.0994047 0.0531202
2 0.957943 0.376755 0.083411 0.0755765
2 0.797961 0.236392 0.0989904 0.0416402
2 0.563399 0.160964 0.0468112 0.0216935
2 0.714783 0.19813 0.0725323 0.0304154
2 0.958412 0.207801 0.0827742 0.0333895
2 0.504231 0.184777 0.0527724 0.0259561
2 0.819421 0.178473 0.0620753 0.0274994
7 0.861358 0.289367 0.157741 0.0766647
2 0.590462 0.142069 0.0371038 0.0167315
2 0.487139 0.14966 0.0381122 0.0162204
2 0.862368 0.144065 0.0558255 0.0201948
2 0.63625 0.15773 0.0540497 0.0270894
2 0.82945 0.134575 0.0377618 0.0170401
2 0.752624 0.142561 0.0363642 0.0183821
2 0.480094 0.125912 0.0300476 0.0125828
2 0.493604 0.153072 0.0487221 0.0239103
2 0.497554 0.16029 0.0517963 0.0252056
2 0.523496 0.128009 0.0299759 0.0142109
2 0.862019 0.289653 0.158008 0.0766542
2 0.567349 0.130375 0.0325243 0.013843
5 0.644189 0.115645 0.0378263 0.0325035
7 0.635819 0.157726 0.053215 0.0278083
2 0.573002 0.133409 0.0313156 0.0116352
2 0.49894 0.166722 0.0537714 0.0249289
2 0.769724 0.130576 0.0373925 0.014903
7 0.984082 0.167264 0.0318359 0.0593076
2 0.501559 0.113842 0.0226291 0.014305
2 0.477525 0.124441 0.0306733 0.0136883
