5 0.912796 0.174231 0.173744 0.078155
2 0.895872 0.309118 0.13408 0.0562401
2 0.656671 0.249735 0.0934465 0.046868
2 0.772578 0.367332 0.153989 0.0737931
2 0.701972 0.203297 0.0744515 0.0318232
2 0.547132 0.329027 0.130804 0.0791583
2 0.497231 0.190344 0.0562848 0.0286611
2 0.597231 0.188804 0.0618394 0.0346967
0 0.0584232 0.0752396 0.0581929 0.0498671
2 0.650941 0.171412 0.0563085 0.0228799
2 0.530464 0.148614 0.0426598 0.0226952
2 0.473529 0.135477 0.0326636 0.0157153
5 0.384419 0.164186 0.0727244 0.059158
2 0.824249 0.134481 0.036932 0.0175604
5 0.685858 0.126457 0.0374924 0.0263695
2 0.819575 0.185952 0.0666087 0.0347288
2 0.526268 0.128213 0.0354405 0.0170204
2 0.546279 0.116195 0.0276169 0.0122772
5 0.819836 0.185958 0.0655814 0.0353878
2 0.593032 0.140306 0.053727 0.0306478
2 0.748639 0.16105 0.0465424 0.0264765
2 0.990241 0.421474 0.0193943 0.0447292
2 0.469464 0.122657 0.0291277 0.0160702
7 0.593207 0.14073 0.0538416 0.0304528
5 0.757608 0.112803 0.0385186 0.0243101
5 0.598007 0.102684 0.0563748 0.0309379
7 0.758381 0.144815 0.0577842 0.0376139
2 0.464401 0.107546 0.0192266 0.0117476
5 0.912796 0.174231 0.173744 0.078155
2 0.895872 0.309118 0.13408 0.0562401
2 0.656671 0.249735 0.0934465 0.046868
2 0.772578 0.367332 0.153989 0.0737931
2 0.701972 0.203297 0.0744515 0.0318232
2 0.547132 0.329027 0.130804 0.0791583
2 0.497231 0.190344 0.0562848 0.0286611
2 0.597231 0.188804 0.0618394 0.0346967
0 0.0584232 0.0752396 0.0581929 0.0498671
2 0.650941 0.171412 0.0563085 0.0228799
2 0.530464 0.148614 0.0426598 0.0226952
2 0.473529 0.135477 0.0326636 0.0157153
5 0.384419 0.164186 0.0727244 0.059158
2 0.824249 0.134481 0.036932 0.0175604
5 0.685858 0.126457 0.0374924 0.0263695
2 0.819575 0.185952 0.0666087 0.0347288
2 0.526268 0.128213 0.0354405 0.0170204
2 0.546279 0.116195 0.0276169 0.0122772
5 0.819836 0.185958 0.0655814 0.0353878
2 0.593032 0.140306 0.053727 0.0306478
2 0.748639 0.16105 0.0465424 0.0264765
2 0.990241 0.421474 0.0193943 0.0447292
2 0.469464 0.122657 0.0291277 0.0160702
7 0.593207 0.14073 0.0538416 0.0304528
5 0.757608 0.112803 0.0385186 0.0243101
5 0.598007 0.102684 0.0563748 0.0309379
7 0.758381 0.144815 0.0577842 0.0376139
2 0.464401 0.107546 0.0192266 0.0117476
5 0.912796 0.174231 0.173744 0.078155
2 0.895872 0.309118 0.13408 0.0562401
2 0.656671 0.249735 0.0934465 0.046868
2 0.772578 0.367332 0.153989 0.0737931
2 0.701972 0.203297 0.0744515 0.0318232
2 0.547132 0.329027 0.130804 0.0791583
2 0.497231 0.190344 0.0562848 0.0286611
2 0.597231 0.188804 0.0618394 0.0346967
0 0.0584232 0.0752396 0.0581929 0.0498671
2 0.650941 0.171412 0.0563085 0.0228799
2 0.530464 0.148614 0.0426598 0.0226952
2 0.473529 0.135477 0.0326636 0.0157153
5 0.384419 0.164186 0.0727244 0.059158
2 0.824249 0.134481 0.036932 0.0175604
5 0.685858 0.126457 0.0374924 0.0263695
2 0.819575 0.185952 0.0666087 0.0347288
2 0.526268 0.128213 0.0354405 0.0170204
2 0.546279 0.116195 0.0276169 0.0122772
5 0.819836 0.185958 0.0655814 0.0353878
2 0.593032 0.140306 0.053727 0.0306478
2 0.748639 0.16105 0.0465424 0.0264765
2 0.990241 0.421474 0.0193943 0.0447292
2 0.469464 0.122657 0.0291277 0.0160702
7 0.593207 0.14073 0.0538416 0.0304528
5 0.757608 0.112803 0.0385186 0.0243101
5 0.598007 0.102684 0.0563748 0.0309379
7 0.758381 0.144815 0.0577842 0.0376139
2 0.464401 0.107546 0.0192266 0.0117476
5 0.912796 0.174231 0.173744 0.078155
2 0.895872 0.309118 0.13408 0.0562401
2 0.656671 0.249735 0.0934465 0.046868
2 0.772578 0.367332 0.153989 0.0737931
2 0.701972 0.203297 0.0744515 0.0318232
2 0.547132 0.329027 0.130804 0.0791583
2 0.497231 0.190344 0.0562848 0.0286611
2 0.597231 0.188804 0.0618394 0.0346967
0 0.0584232 0.0752396 0.0581929 0.0498671
2 0.650941 0.171412 0.0563085 0.0228799
2 0.530464 0.148614 0.0426598 0.0226952
2 0.473529 0.135477 0.0326636 0.0157153
5 0.384419 0.164186 0.0727244 0.059158
2 0.824249 0.134481 0.036932 0.0175604
5 0.685858 0.126457 0.0374924 0.0263695
2 0.819575 0.185952 0.0666087 0.0347288
2 0.526268 0.128213 0.0354405 0.0170204
2 0.546279 0.116195 0.0276169 0.0122772
5 0.819836 0.185958 0.0655814 0.0353878
2 0.593032 0.140306 0.053727 0.0306478
2 0.748639 0.16105 0.0465424 0.0264765
2 0.990241 0.421474 0.0193943 0.0447292
2 0.469464 0.122657 0.0291277 0.0160702
7 0.593207 0.14073 0.0538416 0.0304528
5 0.757608 0.112803 0.0385186 0.0243101
5 0.598007 0.102684 0.0563748 0.0309379
7 0.758381 0.144815 0.0577842 0.0376139
2 0.464401 0.107546 0.0192266 0.0117476
5 0.912796 0.174231 0.173744 0.078155
2 0.895872 0.309118 0.13408 0.0562401
2 0.656671 0.249735 0.0934465 0.046868
2 0.772578 0.367332 0.153989 0.0737931
2 0.701972 0.203297 0.0744515 0.0318232
2 0.547132 0.329027 0.130804 0.0791583
2 0.497231 0.190344 0.0562848 0.0286611
2 0.597231 0.188804 0.0618394 0.0346967
0 0.0584232 0.0752396 0.0581929 0.0498671
2 0.650941 0.171412 0.0563085 0.0228799
2 0.530464 0.148614 0.0426598 0.0226952
2 0.473529 0.135477 0.0326636 0.0157153
5 0.384419 0.164186 0.0727244 0.059158
2 0.824249 0.134481 0.036932 0.0175604
5 0.685858 0.126457 0.0374924 0.0263695
2 0.819575 0.185952 0.0666087 0.0347288
2 0.526268 0.128213 0.0354405 0.0170204
2 0.546279 0.116195 0.0276169 0.0122772
5 0.819836 0.185958 0.0655814 0.0353878
2 0.593032 0.140306 0.053727 0.0306478
2 0.748639 0.16105 0.0465424 0.0264765
2 0.990241 0.421474 0.0193943 0.0447292
2 0.469464 0.122657 0.0291277 0.0160702
7 0.593207 0.14073 0.0538416 0.0304528
5 0.757608 0.112803 0.0385186 0.0243101
5 0.598007 0.102684 0.0563748 0.0309379
7 0.758381 0.144815 0.0577842 0.0376139
2 0.464401 0.107546 0.0192266 0.0117476
5 0.912796 0.174231 0.173744 0.078155
2 0.895872 0.309118 0.13408 0.0562401
2 0.656671 0.249735 0.0934465 0.046868
2 0.772578 0.367332 0.153989 0.0737931
2 0.701972 0.203297 0.0744515 0.0318232
2 0.547132 0.329027 0.130804 0.0791583
2 0.497231 0.190344 0.0562848 0.0286611
2 0.597231 0.188804 0.0618394 0.0346967
0 0.0584232 0.0752396 0.0581929 0.0498671
2 0.650941 0.171412 0.0563085 0.0228799
2 0.530464 0.148614 0.0426598 0.0226952
2 0.473529 0.135477 0.0326636 0.0157153
5 0.384419 0.164186 0.0727244 0.059158
2 0.824249 0.134481 0.036932 0.0175604
5 0.685858 0.126457 0.0374924 0.0263695
2 0.819575 0.185952 0.0666087 0.0347288
2 0.526268 0.128213 0.0354405 0.0170204
2 0.546279 0.116195 0.0276169 0.0122772
5 0.819836 0.185958 0.0655814 0.0353878
2 0.593032 0.140306 0.053727 0.0306478
2 0.748639 0.16105 0.0465424 0.0264765
2 0.990241 0.421474 0.0193943 0.0447292
2 0.469464 0.122657 0.0291277 0.0160702
7 0.593207 0.14073 0.0538416 0.0304528
5 0.757608 0.112803 0.0385186 0.0243101
5 0.598007 0.102684 0.0563748 0.0309379
7 0.758381 0.144815 0.0577842 0.0376139
2 0.464401 0.107546 0.0192266 0.0117476
5 0.912796 0.174231 0.173744 0.078155
2 0.895872 0.309118 0.13408 0.0562401
2 0.656671 0.249735 0.0934465 0.046868
2 0.772578 0.367332 0.153989 0.0737931
2 0.701972 0.203297 0.0744515 0.0318232
2 0.547132 0.329027 0.130804 0.0791583
2 0.497231 0.190344 0.0562848 0.0286611
2 0.597231 0.188804 0.0618394 0.0346967
0 0.0584232 0.0752396 0.0581929 0.0498671
2 0.650941 0.171412 0.0563085 0.0228799
2 0.530464 0.148614 0.0426598 0.0226952
2 0.473529 0.135477 0.0326636 0.0157153
5 0.384419 0.164186 0.0727244 0.059158
2 0.824249 0.134481 0.036932 0.0175604
5 0.685858 0.126457 0.0374924 0.0263695
2 0.819575 0.185952 0.0666087 0.0347288
2 0.526268 0.128213 0.0354405 0.0170204
2 0.546279 0.116195 0.0276169 0.0122772
5 0.819836 0.185958 0.0655814 0.0353878
2 0.593032 0.140306 0.053727 0.0306478
2 0.748639 0.16105 0.0465424 0.0264765
2 0.990241 0.421474 0.0193943 0.0447292
2 0.469464 0.122657 0.0291277 0.0160702
7 0.593207 0.14073 0.0538416 0.0304528
5 0.757608 0.112803 0.0385186 0.0243101
5 0.598007 0.102684 0.0563748 0.0309379
7 0.758381 0.144815 0.0577842 0.0376139
2 0.464401 0.107546 0.0192266 0.0117476
5 0.912796 0.174231 0.173744 0.078155
2 0.895872 0.309118 0.13408 0.0562401
2 0.656671 0.249735 0.0934465 0.046868
2 0.772578 0.367332 0.153989 0.0737931
2 0.701972 0.203297 0.0744515 0.0318232
2 0.547132 0.329027 0.130804 0.0791583
2 0.497231 0.190344 0.0562848 0.0286611
2 0.597231 0.188804 0.0618394 0.0346967
0 0.0584232 0.0752396 0.0581929 0.0498671
2 0.650941 0.171412 0.0563085 0.0228799
2 0.530464 0.148614 0.0426598 0.0226952
2 0.473529 0.135477 0.0326636 0.0157153
5 0.384419 0.164186 0.0727244 0.059158
2 0.824249 0.134481 0.036932 0.0175604
5 0.685858 0.126457 0.0374924 0.0263695
2 0.819575 0.185952 0.0666087 0.0347288
2 0.526268 0.128213 0.0354405 0.0170204
2 0.546279 0.116195 0.0276169 0.0122772
5 0.819836 0.185958 0.0655814 0.0353878
2 0.593032 0.140306 0.053727 0.0306478
2 0.748639 0.16105 0.0465424 0.0264765
2 0.990241 0.421474 0.0193943 0.0447292
2 0.469464 0.122657 0.0291277 0.0160702
7 0.593207 0.14073 0.0538416 0.0304528
5 0.757608 0.112803 0.0385186 0.0243101
5 0.598007 0.102684 0.0563748 0.0309379
7 0.758381 0.144815 0.0577842 0.0376139
2 0.464401 0.107546 0.0192266 0.0117476
5 0.912796 0.174231 0.173744 0.078155
2 0.895872 0.309118 0.13408 0.0562401
2 0.656671 0.249735 0.0934465 0.046868
2 0.772578 0.367332 0.153989 0.0737931
2 0.701972 0.203297 0.0744515 0.0318232
2 0.547132 0.329027 0.130804 0.0791583
2 0.497231 0.190344 0.0562848 0.0286611
2 0.597231 0.188804 0.0618394 0.0346967
0 0.0584232 0.0752396 0.0581929 0.0498671
2 0.650941 0.171412 0.0563085 0.0228799
2 0.530464 0.148614 0.0426598 0.0226952
2 0.473529 0.135477 0.0326636 0.0157153
5 0.384419 0.164186 0.0727244 0.059158
2 0.824249 0.134481 0.036932 0.0175604
5 0.685858 0.126457 0.0374924 0.0263695
2 0.819575 0.185952 0.0666087 0.0347288
2 0.526268 0.128213 0.0354405 0.0170204
2 0.546279 0.116195 0.0276169 0.0122772
5 0.819836 0.185958 0.0655814 0.0353878
2 0.593032 0.140306 0.053727 0.0306478
2 0.748639 0.16105 0.0465424 0.0264765
2 0.990241 0.421474 0.0193943 0.0447292
2 0.469464 0.122657 0.0291277 0.0160702
7 0.593207 0.14073 0.0538416 0.0304528
5 0.757608 0.112803 0.0385186 0.0243101
5 0.598007 0.102684 0.0563748 0.0309379
7 0.758381 0.144815 0.0577842 0.0376139
2 0.464401 0.107546 0.0192266 0.0117476
5 0.912796 0.174231 0.173744 0.078155
2 0.895872 0.309118 0.13408 0.0562401
2 0.656671 0.249735 0.0934465 0.046868
2 0.772578 0.367332 0.153989 0.0737931
2 0.701972 0.203297 0.0744515 0.0318232
2 0.547132 0.329027 0.130804 0.0791583
2 0.497231 0.190344 0.0562848 0.0286611
2 0.597231 0.188804 0.0618394 0.0346967
0 0.0584232 0.0752396 0.0581929 0.0498671
2 0.650941 0.171412 0.0563085 0.0228799
2 0.530464 0.148614 0.0426598 0.0226952
2 0.473529 0.135477 0.0326636 0.0157153
5 0.384419 0.164186 0.0727244 0.059158
2 0.824249 0.134481 0.036932 0.0175604
5 0.685858 0.126457 0.0374924 0.0263695
2 0.819575 0.185952 0.0666087 0.0347288
2 0.526268 0.128213 0.0354405 0.0170204
2 0.546279 0.116195 0.0276169 0.0122772
5 0.819836 0.185958 0.0655814 0.0353878
2 0.593032 0.140306 0.053727 0.0306478
2 0.748639 0.16105 0.0465424 0.0264765
2 0.990241 0.421474 0.0193943 0.0447292
2 0.469464 0.122657 0.0291277 0.0160702
7 0.593207 0.14073 0.0538416 0.0304528
5 0.757608 0.112803 0.0385186 0.0243101
5 0.598007 0.102684 0.0563748 0.0309379
7 0.758381 0.144815 0.0577842 0.0376139
2 0.464401 0.107546 0.0192266 0.0117476
5 0.912796 0.174231 0.173744 0.078155
2 0.895872 0.309118 0.13408 0.0562401
2 0.656671 0.249735 0.0934465 0.046868
2 0.772578 0.367332 0.153989 0.0737931
2 0.701972 0.203297 0.0744515 0.0318232
2 0.547132 0.329027 0.130804 0.0791583
2 0.497231 0.190344 0.0562848 0.0286611
2 0.597231 0.188804 0.0618394 0.0346967
0 0.0584232 0.0752396 0.0581929 0.0498671
2 0.650941 0.171412 0.0563085 0.0228799
2 0.530464 0.148614 0.0426598 0.0226952
2 0.473529 0.135477 0.0326636 0.0157153
5 0.384419 0.164186 0.0727244 0.059158
2 0.824249 0.134481 0.036932 0.0175604
5 0.685858 0.126457 0.0374924 0.0263695
2 0.819575 0.185952 0.0666087 0.0347288
2 0.526268 0.128213 0.0354405 0.0170204
2 0.546279 0.116195 0.0276169 0.0122772
5 0.819836 0.185958 0.0655814 0.0353878
2 0.593032 0.140306 0.053727 0.0306478
2 0.748639 0.16105 0.0465424 0.0264765
2 0.990241 0.421474 0.0193943 0.0447292
2 0.469464 0.122657 0.0291277 0.0160702
7 0.593207 0.14073 0.0538416 0.0304528
5 0.757608 0.112803 0.0385186 0.0243101
5 0.598007 0.102684 0.0563748 0.0309379
7 0.758381 0.144815 0.0577842 0.0376139
2 0.464401 0.107546 0.0192266 0.0117476
5 0.912635 0.174195 0.172215 0.0790502
2 0.77313 0.368104 0.154711 0.0736992
2 0.89636 0.310544 0.135481 0.0588454
2 0.656805 0.249927 0.0939902 0.0468496
2 0.547946 0.329767 0.130461 0.080562
2 0.701831 0.202916 0.0722495 0.0313295
2 0.597413 0.18812 0.0637419 0.0352354
2 0.497551 0.190993 0.0581965 0.0293494
2 0.650304 0.171932 0.058525 0.024398
5 0.384878 0.160749 0.0742635 0.0663735
2 0.473905 0.135129 0.0322767 0.0168788
2 0.531038 0.148891 0.0425544 0.0233336
2 0.819002 0.186342 0.0710059 0.035372
2 0.468322 0.121463 0.0270043 0.0156092
5 0.912635 0.174195 0.172215 0.0790502
2 0.77313 0.368104 0.154711 0.0736992
2 0.89636 0.310544 0.135481 0.0588454
2 0.656805 0.249927 0.0939902 0.0468496
2 0.547946 0.329767 0.130461 0.080562
2 0.701831 0.202916 0.0722495 0.0313295
2 0.597413 0.18812 0.0637419 0.0352354
2 0.497551 0.190993 0.0581965 0.0293494
2 0.650304 0.171932 0.058525 0.024398
5 0.384878 0.160749 0.0742635 0.0663735
2 0.473905 0.135129 0.0322767 0.0168788
2 0.531038 0.148891 0.0425544 0.0233336
2 0.819002 0.186342 0.0710059 0.035372
2 0.468322 0.121463 0.0270043 0.0156092
5 0.912635 0.174195 0.172215 0.0790502
2 0.77313 0.368104 0.154711 0.0736992
2 0.89636 0.310544 0.135481 0.0588454
2 0.656805 0.249927 0.0939902 0.0468496
2 0.547946 0.329767 0.130461 0.080562
2 0.701831 0.202916 0.0722495 0.0313295
2 0.597413 0.18812 0.0637419 0.0352354
2 0.497551 0.190993 0.0581965 0.0293494
2 0.650304 0.171932 0.058525 0.024398
5 0.384878 0.160749 0.0742635 0.0663735
2 0.473905 0.135129 0.0322767 0.0168788
2 0.531038 0.148891 0.0425544 0.0233336
2 0.819002 0.186342 0.0710059 0.035372
2 0.468322 0.121463 0.0270043 0.0156092
