2 0.857777 0.445222 0.205409 0.0964432
5 0.86156 0.158178 0.193112 0.0640214
2 0.954894 0.365922 0.0899256 0.0763264
2 0.849689 0.281918 0.120872 0.0515726
2 0.750364 0.224488 0.0816976 0.0357628
2 0.475719 0.154119 0.0418698 0.0199009
5 0.352019 0.220535 0.132714 0.113936
2 0.636401 0.222675 0.0765243 0.0353277
2 0.545055 0.152737 0.0443424 0.0242698
2 0.583735 0.183965 0.059352 0.0261129
2 0.631918 0.168765 0.0503621 0.0239079
2 0.955968 0.223996 0.0868891 0.043047
2 0.59783 0.149383 0.0425088 0.0206582
2 0.517868 0.210257 0.0714995 0.0425364
2 0.466422 0.120161 0.0241695 0.0126209
2 0.719861 0.151319 0.0388004 0.0223832
2 0.504755 0.129812 0.0343293 0.0163434
2 0.749025 0.137988 0.0376912 0.0217472
2 0.670876 0.138349 0.0329776 0.0217994
5 0.387685 0.133445 0.0725551 0.0553977
2 0.857777 0.445222 0.205409 0.0964432
5 0.86156 0.158178 0.193112 0.0640214
2 0.954894 0.365922 0.0899256 0.0763264
2 0.849689 0.281918 0.120872 0.0515726
2 0.750364 0.224488 0.0816976 0.0357628
2 0.475719 0.154119 0.0418698 0.0199009
5 0.352019 0.220535 0.132714 0.113936
2 0.636401 0.222675 0.0765243 0.0353277
2 0.545055 0.152737 0.0443424 0.0242698
2 0.583735 0.183965 0.059352 0.0261129
2 0.631918 0.168765 0.0503621 0.0239079
2 0.955968 0.223996 0.0868891 0.043047
2 0.59783 0.149383 0.0425088 0.0206582
2 0.517868 0.210257 0.0714995 0.0425364
2 0.466422 0.120161 0.0241695 0.0126209
2 0.719861 0.151319 0.0388004 0.0223832
2 0.504755 0.129812 0.0343293 0.0163434
2 0.749025 0.137988 0.0376912 0.0217472
2 0.670876 0.138349 0.0329776 0.0217994
5 0.387685 0.133445 0.0725551 0.0553977
2 0.857777 0.445222 0.205409 0.0964432
5 0.86156 0.158178 0.193112 0.0640214
2 0.954894 0.365922 0.0899256 0.0763264
2 0.849689 0.281918 0.120872 0.0515726
2 0.750364 0.224488 0.0816976 0.0357628
2 0.475719 0.154119 0.0418698 0.0199009
5 0.352019 0.220535 0.132714 0.113936
2 0.636401 0.222675 0.0765243 0.0353277
2 0.545055 0.152737 0.0443424 0.0242698
2 0.583735 0.183965 0.059352 0.0261129
2 0.631918 0.168765 0.0503621 0.0239079
2 0.955968 0.223996 0.0868891 0.043047
2 0.59783 0.149383 0.0425088 0.0206582
2 0.517868 0.210257 0.0714995 0.0425364
2 0.466422 0.120161 0.0241695 0.0126209
2 0.719861 0.151319 0.0388004 0.0223832
2 0.504755 0.129812 0.0343293 0.0163434
2 0.749025 0.137988 0.0376912 0.0217472
2 0.670876 0.138349 0.0329776 0.0217994
5 0.387685 0.133445 0.0725551 0.0553977
2 0.857777 0.445222 0.205409 0.0964432
5 0.86156 0.158178 0.193112 0.0640214
2 0.954894 0.365922 0.0899256 0.0763264
2 0.849689 0.281918 0.120872 0.0515726
2 0.750364 0.224488 0.0816976 0.0357628
2 0.475719 0.154119 0.0418698 0.0199009
5 0.352019 0.220535 0.132714 0.113936
2 0.636401 0.222675 0.0765243 0.0353277
2 0.545055 0.152737 0.0443424 0.0242698
2 0.583735 0.183965 0.059352 0.0261129
2 0.631918 0.168765 0.0503621 0.0239079
2 0.955968 0.223996 0.0868891 0.043047
2 0.59783 0.149383 0.0425088 0.0206582
2 0.517868 0.210257 0.0714995 0.0425364
2 0.466422 0.120161 0.0241695 0.0126209
2 0.719861 0.151319 0.0388004 0.0223832
2 0.504755 0.129812 0.0343293 0.0163434
2 0.749025 0.137988 0.0376912 0.0217472
2 0.670876 0.138349 0.0329776 0.0217994
5 0.387685 0.133445 0.0725551 0.0553977
2 0.857777 0.445222 0.205409 0.0964432
5 0.86156 0.158178 0.193112 0.0640214
2 0.954894 0.365922 0.0899256 0.0763264
2 0.849689 0.281918 0.120872 0.0515726
2 0.750364 0.224488 0.0816976 0.0357628
2 0.475719 0.154119 0.0418698 0.0199009
5 0.352019 0.220535 0.132714 0.113936
2 0.636401 0.222675 0.0765243 0.0353277
2 0.545055 0.152737 0.0443424 0.0242698
2 0.583735 0.183965 0.059352 0.0261129
2 0.631918 0.168765 0.0503621 0.0239079
2 0.955968 0.223996 0.0868891 0.043047
2 0.59783 0.149383 0.0425088 0.0206582
2 0.517868 0.210257 0.0714995 0.0425364
2 0.466422 0.120161 0.0241695 0.0126209
2 0.719861 0.151319 0.0388004 0.0223832
2 0.504755 0.129812 0.0343293 0.0163434
2 0.749025 0.137988 0.0376912 0.0217472
2 0.670876 0.138349 0.0329776 0.0217994
5 0.387685 0.133445 0.0725551 0.0553977
2 0.857777 0.445222 0.205409 0.0964432
5 0.86156 0.158178 0.193112 0.0640214
2 0.954894 0.365922 0.0899256 0.0763264
2 0.849689 0.281918 0.120872 0.0515726
2 0.750364 0.224488 0.0816976 0.0357628
2 0.475719 0.154119 0.0418698 0.0199009
5 0.352019 0.220535 0.132714 0.113936
2 0.636401 0.222675 0.0765243 0.0353277
2 0.545055 0.152737 0.0443424 0.0242698
2 0.583735 0.183965 0.059352 0.0261129
2 0.631918 0.168765 0.0503621 0.0239079
2 0.955968 0.223996 0.0868891 0.043047
2 0.59783 0.149383 0.0425088 0.0206582
2 0.517868 0.210257 0.0714995 0.0425364
2 0.466422 0.120161 0.0241695 0.0126209
2 0.719861 0.151319 0.0388004 0.0223832
2 0.504755 0.129812 0.0343293 0.0163434
2 0.749025 0.137988 0.0376912 0.0217472
2 0.670876 0.138349 0.0329776 0.0217994
5 0.387685 0.133445 0.0725551 0.0553977
2 0.857777 0.445222 0.205409 0.0964432
5 0.86156 0.158178 0.193112 0.0640214
2 0.954894 0.365922 0.0899256 0.0763264
2 0.849689 0.281918 0.120872 0.0515726
2 0.750364 0.224488 0.0816976 0.0357628
2 0.475719 0.154119 0.0418698 0.0199009
5 0.352019 0.220535 0.132714 0.113936
2 0.636401 0.222675 0.0765243 0.0353277
2 0.545055 0.152737 0.0443424 0.0242698
2 0.583735 0.183965 0.059352 0.0261129
2 0.631918 0.168765 0.0503621 0.0239079
2 0.955968 0.223996 0.0868891 0.043047
2 0.59783 0.149383 0.0425088 0.0206582
2 0.517868 0.210257 0.0714995 0.0425364
2 0.466422 0.120161 0.0241695 0.0126209
2 0.719861 0.151319 0.0388004 0.0223832
2 0.504755 0.129812 0.0343293 0.0163434
2 0.749025 0.137988 0.0376912 0.0217472
2 0.670876 0.138349 0.0329776 0.0217994
5 0.387685 0.133445 0.0725551 0.0553977
2 0.857777 0.445222 0.205409 0.0964432
5 0.86156 0.158178 0.193112 0.0640214
2 0.954894 0.365922 0.0899256 0.0763264
2 0.849689 0.281918 0.120872 0.0515726
2 0.750364 0.224488 0.0816976 0.0357628
2 0.475719 0.154119 0.0418698 0.0199009
5 0.352019 0.220535 0.132714 0.113936
2 0.636401 0.222675 0.0765243 0.0353277
2 0.545055 0.152737 0.0443424 0.0242698
2 0.583735 0.183965 0.059352 0.0261129
2 0.631918 0.168765 0.0503621 0.0239079
2 0.955968 0.223996 0.0868891 0.043047
2 0.59783 0.149383 0.0425088 0.0206582
2 0.517868 0.210257 0.0714995 0.0425364
2 0.466422 0.120161 0.0241695 0.0126209
2 0.719861 0.151319 0.0388004 0.0223832
2 0.504755 0.129812 0.0343293 0.0163434
2 0.749025 0.137988 0.0376912 0.0217472
2 0.670876 0.138349 0.0329776 0.0217994
5 0.387685 0.133445 0.0725551 0.0553977
2 0.857777 0.445222 0.205409 0.0964432
5 0.86156 0.158178 0.193112 0.0640214
2 0.954894 0.365922 0.0899256 0.0763264
2 0.849689 0.281918 0.120872 0.0515726
2 0.750364 0.224488 0.0816976 0.0357628
2 0.475719 0.154119 0.0418698 0.0199009
5 0.352019 0.220535 0.132714 0.113936
2 0.636401 0.222675 0.0765243 0.0353277
2 0.545055 0.152737 0.0443424 0.0242698
2 0.583735 0.183965 0.059352 0.0261129
2 0.631918 0.168765 0.0503621 0.0239079
2 0.955968 0.223996 0.0868891 0.043047
2 0.59783 0.149383 0.0425088 0.0206582
2 0.517868 0.210257 0.0714995 0.0425364
2 0.466422 0.120161 0.0241695 0.0126209
2 0.719861 0.151319 0.0388004 0.0223832
2 0.504755 0.129812 0.0343293 0.0163434
2 0.749025 0.137988 0.0376912 0.0217472
2 0.670876 0.138349 0.0329776 0.0217994
5 0.387685 0.133445 0.0725551 0.0553977
2 0.857777 0.445222 0.205409 0.0964432
5 0.86156 0.158178 0.193112 0.0640214
2 0.954894 0.365922 0.0899256 0.0763264
2 0.849689 0.281918 0.120872 0.0515726
2 0.750364 0.224488 0.0816976 0.0357628
2 0.475719 0.154119 0.0418698 0.0199009
5 0.352019 0.220535 0.132714 0.113936
2 0.636401 0.222675 0.0765243 0.0353277
2 0.545055 0.152737 0.0443424 0.0242698
2 0.583735 0.183965 0.059352 0.0261129
2 0.631918 0.168765 0.0503621 0.0239079
2 0.955968 0.223996 0.0868891 0.043047
2 0.59783 0.149383 0.0425088 0.0206582
2 0.517868 0.210257 0.0714995 0.0425364
2 0.466422 0.120161 0.0241695 0.0126209
2 0.719861 0.151319 0.0388004 0.0223832
2 0.504755 0.129812 0.0343293 0.0163434
2 0.749025 0.137988 0.0376912 0.0217472
2 0.670876 0.138349 0.0329776 0.0217994
5 0.387685 0.133445 0.0725551 0.0553977
2 0.857777 0.445222 0.205409 0.0964432
5 0.86156 0.158178 0.193112 0.0640214
2 0.954894 0.365922 0.0899256 0.0763264
2 0.849689 0.281918 0.120872 0.0515726
2 0.750364 0.224488 0.0816976 0.0357628
2 0.475719 0.154119 0.0418698 0.0199009
5 0.352019 0.220535 0.132714 0.113936
2 0.636401 0.222675 0.0765243 0.0353277
2 0.545055 0.152737 0.0443424 0.0242698
2 0.583735 0.183965 0.059352 0.0261129
2 0.631918 0.168765 0.0503621 0.0239079
2 0.955968 0.223996 0.0868891 0.043047
2 0.59783 0.149383 0.0425088 0.0206582
2 0.517868 0.210257 0.0714995 0.0425364
2 0.466422 0.120161 0.0241695 0.0126209
2 0.719861 0.151319 0.0388004 0.0223832
2 0.504755 0.129812 0.0343293 0.0163434
2 0.749025 0.137988 0.0376912 0.0217472
2 0.670876 0.138349 0.0329776 0.0217994
5 0.387685 0.133445 0.0725551 0.0553977
2 0.858136 0.445924 0.206191 0.0979337
2 0.849237 0.282835 0.120776 0.052594
5 0.353071 0.216768 0.139216 0.123722
5 0.862274 0.157918 0.190734 0.062981
2 0.637262 0.223707 0.0781284 0.0377469
2 0.95478 0.366758 0.0887421 0.0768149
2 0.75088 0.225105 0.0825921 0.0374465
2 0.519153 0.211188 0.0702488 0.0426573
2 0.5836 0.182367 0.0586873 0.0269225
2 0.476118 0.154208 0.0412592 0.0213763
2 0.546497 0.152387 0.0418082 0.0239827
2 0.630936 0.168678 0.0530553 0.0245533
2 0.956034 0.223631 0.0876065 0.0428964
2 0.598038 0.148513 0.0412654 0.020525
2 0.503073 0.129479 0.0323618 0.0179394
2 0.858136 0.445924 0.206191 0.0979337
2 0.849237 0.282835 0.120776 0.052594
5 0.353071 0.216768 0.139216 0.123722
5 0.862274 0.157918 0.190734 0.062981
2 0.637262 0.223707 0.0781284 0.0377469
2 0.95478 0.366758 0.0887421 0.0768149
2 0.75088 0.225105 0.0825921 0.0374465
2 0.519153 0.211188 0.0702488 0.0426573
2 0.5836 0.182367 0.0586873 0.0269225
2 0.476118 0.154208 0.0412592 0.0213763
2 0.546497 0.152387 0.0418082 0.0239827
2 0.630936 0.168678 0.0530553 0.0245533
2 0.956034 0.223631 0.0876065 0.0428964
2 0.598038 0.148513 0.0412654 0.020525
2 0.503073 0.129479 0.0323618 0.0179394
2 0.858136 0.445924 0.206191 0.0979337
2 0.849237 0.282835 0.120776 0.052594
5 0.353071 0.216768 0.139216 0.123722
5 0.862274 0.157918 0.190734 0.062981
2 0.637262 0.223707 0.0781284 0.0377469
2 0.95478 0.366758 0.0887421 0.0768149
2 0.75088 0.225105 0.0825921 0.0374465
2 0.519153 0.211188 0.0702488 0.0426573
2 0.5836 0.182367 0.0586873 0.0269225
2 0.476118 0.154208 0.0412592 0.0213763
2 0.546497 0.152387 0.0418082 0.0239827
2 0.630936 0.168678 0.0530553 0.0245533
2 0.956034 0.223631 0.0876065 0.0428964
2 0.598038 0.148513 0.0412654 0.020525
2 0.503073 0.129479 0.0323618 0.0179394
2 0.858136 0.445924 0.206191 0.0979337
2 0.849237 0.282835 0.120776 0.052594
5 0.353071 0.216768 0.139216 0.123722
5 0.862274 0.157918 0.190734 0.062981
2 0.637262 0.223707 0.0781284 0.0377469
2 0.95478 0.366758 0.0887421 0.0768149
2 0.75088 0.225105 0.0825921 0.0374465
2 0.519153 0.211188 0.0702488 0.0426573
2 0.5836 0.182367 0.0586873 0.0269225
2 0.476118 0.154208 0.0412592 0.0213763
2 0.546497 0.152387 0.0418082 0.0239827
2 0.630936 0.168678 0.0530553 0.0245533
2 0.956034 0.223631 0.0876065 0.0428964
2 0.598038 0.148513 0.0412654 0.020525
2 0.503073 0.129479 0.0323618 0.0179394
2 0.858136 0.445924 0.206191 0.0979337
2 0.849237 0.282835 0.120776 0.052594
5 0.353071 0.216768 0.139216 0.123722
5 0.862274 0.157918 0.190734 0.062981
2 0.637262 0.223707 0.0781284 0.0377469
2 0.95478 0.366758 0.0887421 0.0768149
2 0.75088 0.225105 0.0825921 0.0374465
2 0.519153 0.211188 0.0702488 0.0426573
2 0.5836 0.182367 0.0586873 0.0269225
2 0.476118 0.154208 0.0412592 0.0213763
2 0.546497 0.152387 0.0418082 0.0239827
2 0.630936 0.168678 0.0530553 0.0245533
2 0.956034 0.223631 0.0876065 0.0428964
2 0.598038 0.148513 0.0412654 0.020525
2 0.503073 0.129479 0.0323618 0.0179394
2 0.858136 0.445924 0.206191 0.0979337
2 0.849237 0.282835 0.120776 0.052594
5 0.353071 0.216768 0.139216 0.123722
5 0.862274 0.157918 0.190734 0.062981
2 0.637262 0.223707 0.0781284 0.0377469
2 0.95478 0.366758 0.0887421 0.0768149
2 0.75088 0.225105 0.0825921 0.0374465
2 0.519153 0.211188 0.0702488 0.0426573
2 0.5836 0.182367 0.0586873 0.0269225
2 0.476118 0.154208 0.0412592 0.0213763
2 0.546497 0.152387 0.0418082 0.0239827
2 0.630936 0.168678 0.0530553 0.0245533
2 0.956034 0.223631 0.0876065 0.0428964
2 0.598038 0.148513 0.0412654 0.020525
2 0.503073 0.129479 0.0323618 0.0179394
2 0.858136 0.445924 0.206191 0.0979337
2 0.849237 0.282835 0.120776 0.052594
5 0.353071 0.216768 0.139216 0.123722
5 0.862274 0.157918 0.190734 0.062981
2 0.637262 0.223707 0.0781284 0.0377469
2 0.95478 0.366758 0.0887421 0.0768149
2 0.75088 0.225105 0.0825921 0.0374465
2 0.519153 0.211188 0.0702488 0.0426573
2 0.5836 0.182367 0.0586873 0.0269225
2 0.476118 0.154208 0.0412592 0.0213763
2 0.546497 0.152387 0.0418082 0.0239827
2 0.630936 0.168678 0.0530553 0.0245533
2 0.956034 0.223631 0.0876065 0.0428964
2 0.598038 0.148513 0.0412654 0.020525
2 0.503073 0.129479 0.0323618 0.0179394
2 0.858136 0.445924 0.206191 0.0979337
2 0.849237 0.282835 0.120776 0.052594
5 0.353071 0.216768 0.139216 0.123722
5 0.862274 0.157918 0.190734 0.062981
2 0.637262 0.223707 0.0781284 0.0377469
2 0.95478 0.366758 0.0887421 0.0768149
2 0.75088 0.225105 0.0825921 0.0374465
2 0.519153 0.211188 0.0702488 0.0426573
2 0.5836 0.182367 0.0586873 0.0269225
2 0.476118 0.154208 0.0412592 0.0213763
2 0.546497 0.152387 0.0418082 0.0239827
2 0.630936 0.168678 0.0530553 0.0245533
2 0.956034 0.223631 0.0876065 0.0428964
2 0.598038 0.148513 0.0412654 0.020525
2 0.503073 0.129479 0.0323618 0.0179394
2 0.465781 0.121094 0.0263953 0.0138427
2 0.716368 0.151646 0.0447935 0.0239782
7 0.567346 0.127525 0.0431366 0.0254539
5 0.715237 0.091019 0.0496623 0.0302959
