2 0.779067 0.351125 0.153277 0.0690094
2 0.573182 0.446615 0.168131 0.102187
2 0.900567 0.496972 0.196919 0.138411
2 0.906654 0.310183 0.146289 0.0567585
2 0.519468 0.217226 0.0693259 0.0348257
2 0.679554 0.181141 0.0613047 0.0257495
2 0.903016 0.187945 0.071243 0.0284283
7 0.768588 0.247811 0.121318 0.0622981
2 0.774665 0.163184 0.0561015 0.0236984
2 0.542038 0.14535 0.0392734 0.018412
2 0.744072 0.210922 0.0802071 0.0338473
2 0.492882 0.165698 0.0442407 0.0221056
2 0.768076 0.247728 0.12182 0.0627458
2 0.863397 0.143176 0.0550902 0.0201339
2 0.488431 0.145043 0.04199 0.019155
2 0.616768 0.147161 0.0448971 0.0231795
2 0.574898 0.134464 0.0391313 0.0151598
2 0.831538 0.134122 0.0396951 0.0175815
2 0.74648 0.139333 0.034848 0.0190345
2 0.772908 0.130314 0.0341061 0.0146457
5 0.970602 0.164296 0.0566542 0.0618218
2 0.422155 0.0990456 0.0271128 0.0181014
7 0.422212 0.09895 0.0273815 0.0180123
2 0.475942 0.119394 0.0243195 0.0108173
2 0.478953 0.1218 0.026531 0.0139183
2 0.779067 0.351125 0.153277 0.0690094
2 0.573182 0.446615 0.168131 0.102187
2 0.900567 0.496972 0.196919 0.138411
2 0.906654 0.310183 0.146289 0.0567585
2 0.519468 0.217226 0.0693259 0.0348257
2 0.679554 0.181141 0.0613047 0.0257495
2 0.903016 0.187945 0.071243 0.0284283
7 0.768588 0.247811 0.121318 0.0622981
2 0.774665 0.163184 0.0561015 0.0236984
2 0.542038 0.14535 0.0392734 0.018412
2 0.744072 0.210922 0.0802071 0.0338473
2 0.492882 0.165698 0.0442407 0.0221056
2 0.768076 0.247728 0.12182 0.0627458
2 0.863397 0.143176 0.0550902 0.0201339
2 0.488431 0.145043 0.04199 0.019155
2 0.616768 0.147161 0.0448971 0.0231795
2 0.574898 0.134464 0.0391313 0.0151598
2 0.831538 0.134122 0.0396951 0.0175815
2 0.74648 0.139333 0.034848 0.0190345
2 0.772908 0.130314 0.0341061 0.0146457
5 0.970602 0.164296 0.0566542 0.0618218
2 0.422155 0.0990456 0.0271128 0.0181014
7 0.422212 0.09895 0.0273815 0.0180123
2 0.475942 0.119394 0.0243195 0.0108173
2 0.478953 0.1218 0.026531 0.0139183
2 0.779067 0.351125 0.153277 0.0690094
2 0.573182 0.446615 0.168131 0.102187
2 0.900567 0.496972 0.196919 0.138411
2 0.906654 0.310183 0.146289 0.0567585
2 0.519468 0.217226 0.0693259 0.0348257
2 0.679554 0.181141 0.0613047 0.0257495
2 0.903016 0.187945 0.071243 0.0284283
7 0.768588 0.247811 0.121318 0.0622981
2 0.774665 0.163184 0.0561015 0.0236984
2 0.542038 0.14535 0.0392734 0.018412
2 0.744072 0.210922 0.0802071 0.0338473
2 0.492882 0.165698 0.0442407 0.0221056
2 0.768076 0.247728 0.12182 0.0627458
2 0.863397 0.143176 0.0550902 0.0201339
2 0.488431 0.145043 0.04199 0.019155
2 0.616768 0.147161 0.0448971 0.0231795
2 0.574898 0.134464 0.0391313 0.0151598
2 0.831538 0.134122 0.0396951 0.0175815
2 0.74648 0.139333 0.034848 0.0190345
2 0.772908 0.130314 0.0341061 0.0146457
5 0.970602 0.164296 0.0566542 0.0618218
2 0.422155 0.0990456 0.0271128 0.0181014
7 0.422212 0.09895 0.0273815 0.0180123
2 0.475942 0.119394 0.0243195 0.0108173
2 0.478953 0.1218 0.026531 0.0139183
2 0.779067 0.351125 0.153277 0.0690094
2 0.573182 0.446615 0.168131 0.102187
2 0.900567 0.496972 0.196919 0.138411
2 0.906654 0.310183 0.146289 0.0567585
2 0.519468 0.217226 0.0693259 0.0348257
2 0.679554 0.181141 0.0613047 0.0257495
2 0.903016 0.187945 0.071243 0.0284283
7 0.768588 0.247811 0.121318 0.0622981
2 0.774665 0.163184 0.0561015 0.0236984
2 0.542038 0.14535 0.0392734 0.018412
2 0.744072 0.210922 0.0802071 0.0338473
2 0.492882 0.165698 0.0442407 0.0221056
2 0.768076 0.247728 0.12182 0.0627458
2 0.863397 0.143176 0.0550902 0.0201339
2 0.488431 0.145043 0.04199 0.019155
2 0.616768 0.147161 0.0448971 0.0231795
2 0.574898 0.134464 0.0391313 0.0151598
2 0.831538 0.134122 0.0396951 0.0175815
2 0.74648 0.139333 0.034848 0.0190345
2 0.772908 0.130314 0.0341061 0.0146457
5 0.970602 0.164296 0.0566542 0.0618218
2 0.422155 0.0990456 0.0271128 0.0181014
7 0.422212 0.09895 0.0273815 0.0180123
2 0.475942 0.119394 0.0243195 0.0108173
2 0.478953 0.1218 0.026531 0.0139183
2 0.779067 0.351125 0.153277 0.0690094
2 0.573182 0.446615 0.168131 0.102187
2 0.900567 0.496972 0.196919 0.138411
2 0.906654 0.310183 0.146289 0.0567585
2 0.519468 0.217226 0.0693259 0.0348257
2 0.679554 0.181141 0.0613047 0.0257495
2 0.903016 0.187945 0.071243 0.0284283
7 0.768588 0.247811 0.121318 0.0622981
2 0.774665 0.163184 0.0561015 0.0236984
2 0.542038 0.14535 0.0392734 0.018412
2 0.744072 0.210922 0.0802071 0.0338473
2 0.492882 0.165698 0.0442407 0.0221056
2 0.768076 0.247728 0.12182 0.0627458
2 0.863397 0.143176 0.0550902 0.0201339
2 0.488431 0.145043 0.04199 0.019155
2 0.616768 0.147161 0.0448971 0.0231795
2 0.574898 0.134464 0.0391313 0.0151598
2 0.831538 0.134122 0.0396951 0.0175815
2 0.74648 0.139333 0.034848 0.0190345
2 0.772908 0.130314 0.0341061 0.0146457
5 0.970602 0.164296 0.0566542 0.0618218
2 0.422155 0.0990456 0.0271128 0.0181014
7 0.422212 0.09895 0.0273815 0.0180123
2 0.475942 0.119394 0.0243195 0.0108173
2 0.478953 0.1218 0.026531 0.0139183
2 0.779067 0.351125 0.153277 0.0690094
2 0.573182 0.446615 0.168131 0.102187
2 0.900567 0.496972 0.196919 0.138411
2 0.906654 0.310183 0.146289 0.0567585
2 0.519468 0.217226 0.0693259 0.0348257
2 0.679554 0.181141 0.0613047 0.0257495
2 0.903016 0.187945 0.071243 0.0284283
7 0.768588 0.247811 0.121318 0.0622981
2 0.774665 0.163184 0.0561015 0.0236984
2 0.542038 0.14535 0.0392734 0.018412
2 0.744072 0.210922 0.0802071 0.0338473
2 0.492882 0.165698 0.0442407 0.0221056
2 0.768076 0.247728 0.12182 0.0627458
2 0.863397 0.143176 0.0550902 0.0201339
2 0.488431 0.145043 0.04199 0.019155
2 0.616768 0.147161 0.0448971 0.0231795
2 0.574898 0.134464 0.0391313 0.0151598
2 0.831538 0.134122 0.0396951 0.0175815
2 0.74648 0.139333 0.034848 0.0190345
2 0.772908 0.130314 0.0341061 0.0146457
5 0.970602 0.164296 0.0566542 0.0618218
2 0.422155 0.0990456 0.0271128 0.0181014
7 0.422212 0.09895 0.0273815 0.0180123
2 0.475942 0.119394 0.0243195 0.0108173
2 0.478953 0.1218 0.026531 0.0139183
2 0.779067 0.351125 0.153277 0.0690094
2 0.573182 0.446615 0.168131 0.102187
2 0.900567 0.496972 0.196919 0.138411
2 0.906654 0.310183 0.146289 0.0567585
2 0.519468 0.217226 0.0693259 0.0348257
2 0.679554 0.181141 0.0613047 0.0257495
2 0.903016 0.187945 0.071243 0.0284283
7 0.768588 0.247811 0.121318 0.0622981
2 0.774665 0.163184 0.0561015 0.0236984
2 0.542038 0.14535 0.0392734 0.018412
2 0.744072 0.210922 0.0802071 0.0338473
2 0.492882 0.165698 0.0442407 0.0221056
2 0.768076 0.247728 0.12182 0.0627458
2 0.863397 0.143176 0.0550902 0.0201339
2 0.488431 0.145043 0.04199 0.019155
2 0.616768 0.147161 0.0448971 0.0231795
2 0.574898 0.134464 0.0391313 0.0151598
2 0.831538 0.134122 0.0396951 0.0175815
2 0.74648 0.139333 0.034848 0.0190345
2 0.772908 0.130314 0.0341061 0.0146457
5 0.970602 0.164296 0.0566542 0.0618218
2 0.422155 0.0990456 0.0271128 0.0181014
7 0.422212 0.09895 0.0273815 0.0180123
2 0.475942 0.119394 0.0243195 0.0108173
2 0.478953 0.1218 0.026531 0.0139183
2 0.779067 0.351125 0.153277 0.0690094
2 0.573182 0.446615 0.168131 0.102187
2 0.900567 0.496972 0.196919 0.138411
2 0.906654 0.310183 0.146289 0.0567585
2 0.519468 0.217226 0.0693259 0.0348257
2 0.679554 0.181141 0.0613047 0.0257495
2 0.903016 0.187945 0.071243 0.0284283
7 0.768588 0.247811 0.121318 0.0622981
2 0.774665 0.163184 0.0561015 0.0236984
2 0.542038 0.14535 0.0392734 0.018412
2 0.744072 0.210922 0.0802071 0.0338473
2 0.492882 0.165698 0.0442407 0.0221056
2 0.768076 0.247728 0.12182 0.0627458
2 0.863397 0.143176 0.0550902 0.0201339
2 0.488431 0.145043 0.04199 0.019155
2 0.616768 0.147161 0.0448971 0.0231795
2 0.574898 0.134464 0.0391313 0.0151598
2 0.831538 0.134122 0.0396951 0.0175815
2 0.74648 0.139333 0.034848 0.0190345
2 0.772908 0.130314 0.0341061 0.0146457
5 0.970602 0.164296 0.0566542 0.0618218
2 0.422155 0.0990456 0.0271128 0.0181014
7 0.422212 0.09895 0.0273815 0.0180123
2 0.475942 0.119394 0.0243195 0.0108173
2 0.478953 0.1218 0.026531 0.0139183
2 0.779067 0.351125 0.153277 0.0690094
2 0.573182 0.446615 0.168131 0.102187
2 0.900567 0.496972 0.196919 0.138411
2 0.906654 0.310183 0.146289 0.0567585
2 0.519468 0.217226 0.0693259 0.0348257
2 0.679554 0.181141 0.0613047 0.0257495
2 0.903016 0.187945 0.071243 0.0284283
7 0.768588 0.247811 0.121318 0.0622981
2 0.774665 0.163184 0.0561015 0.0236984
2 0.542038 0.14535 0.0392734 0.018412
2 0.744072 0.210922 0.0802071 0.0338473
2 0.492882 0.165698 0.0442407 0.0221056
2 0.768076 0.247728 0.12182 0.0627458
2 0.863397 0.143176 0.0550902 0.0201339
2 0.488431 0.145043 0.04199 0.019155
2 0.616768 0.147161 0.0448971 0.0231795
2 0.574898 0.134464 0.0391313 0.0151598
2 0.831538 0.134122 0.0396951 0.0175815
2 0.74648 0.139333 0.034848 0.0190345
2 0.772908 0.130314 0.0341061 0.0146457
5 0.970602 0.164296 0.0566542 0.0618218
2 0.422155 0.0990456 0.0271128 0.0181014
7 0.422212 0.09895 0.0273815 0.0180123
2 0.475942 0.119394 0.0243195 0.0108173
2 0.478953 0.1218 0.026531 0.0139183
2 0.779067 0.351125 0.153277 0.0690094
2 0.573182 0.446615 0.168131 0.102187
2 0.900567 0.496972 0.196919 0.138411
2 0.906654 0.310183 0.146289 0.0567585
2 0.519468 0.217226 0.0693259 0.0348257
2 0.679554 0.181141 0.0613047 0.0257495
2 0.903016 0.187945 0.071243 0.0284283
7 0.768588 0.247811 0.121318 0.0622981
2 0.774665 0.163184 0.0561015 0.0236984
2 0.542038 0.14535 0.0392734 0.018412
2 0.744072 0.210922 0.0802071 0.0338473
2 0.492882 0.165698 0.0442407 0.0221056
2 0.768076 0.247728 0.12182 0.0627458
2 0.863397 0.143176 0.0550902 0.0201339
2 0.488431 0.145043 0.04199 0.019155
2 0.616768 0.147161 0.0448971 0.0231795
2 0.574898 0.134464 0.0391313 0.0151598
2 0.831538 0.134122 0.0396951 0.0175815
2 0.74648 0.139333 0.034848 0.0190345
2 0.772908 0.130314 0.0341061 0.0146457
5 0.970602 0.164296 0.0566542 0.0618218
2 0.422155 0.0990456 0.0271128 0.0181014
7 0.422212 0.09895 0.0273815 0.0180123
2 0.475942 0.119394 0.0243195 0.0108173
2 0.478953 0.1218 0.026531 0.0139183
2 0.779067 0.351125 0.153277 0.0690094
2 0.573182 0.446615 0.168131 0.102187
2 0.900567 0.496972 0.196919 0.138411
2 0.906654 0.310183 0.146289 0.0567585
2 0.519468 0.217226 0.0693259 0.0348257
2 0.679554 0.181141 0.0613047 0.0257495
2 0.903016 0.187945 0.071243 0.0284283
7 0.768588 0.247811 0.121318 0.0622981
2 0.774665 0.163184 0.0561015 0.0236984
2 0.542038 0.14535 0.0392734 0.018412
2 0.744072 0.210922 0.0802071 0.0338473
2 0.492882 0.165698 0.0442407 0.0221056
2 0.768076 0.247728 0.12182 0.0627458
2 0.863397 0.143176 0.0550902 0.0201339
2 0.488431 0.145043 0.04199 0.019155
2 0.616768 0.147161 0.0448971 0.0231795
2 0.574898 0.134464 0.0391313 0.0151598
2 0.831538 0.134122 0.0396951 0.0175815
2 0.74648 0.139333 0.034848 0.0190345
2 0.772908 0.130314 0.0341061 0.0146457
5 0.970602 0.164296 0.0566542 0.0618218
2 0.422155 0.0990456 0.0271128 0.0181014
7 0.422212 0.09895 0.0273815 0.0180123
2 0.475942 0.119394 0.0243195 0.0108173
2 0.478953 0.1218 0.026531 0.0139183
2 0.57267 0.446703 0.168527 0.103145
2 0.778264 0.351742 0.154147 0.0699543
2 0.906102 0.312319 0.146434 0.060067
2 0.518946 0.217105 0.0707141 0.0358922
2 0.899889 0.496742 0.199485 0.138046
2 0.679479 0.18093 0.0616238 0.0263769
2 0.902978 0.188253 0.0724403 0.029831
2 0.540447 0.145142 0.0396283 0.0193725
2 0.745194 0.20973 0.0800032 0.0321323
7 0.769014 0.247173 0.120327 0.0632287
2 0.772989 0.163392 0.059521 0.0239991
2 0.4932 0.166736 0.0433185 0.0225855
2 0.617325 0.147399 0.0458125 0.0244467
2 0.746711 0.138607 0.0373125 0.0196571
2 0.57267 0.446703 0.168527 0.103145
2 0.778264 0.351742 0.154147 0.0699543
2 0.906102 0.312319 0.146434 0.060067
2 0.518946 0.217105 0.0707141 0.0358922
2 0.899889 0.496742 0.199485 0.138046
2 0.679479 0.18093 0.0616238 0.0263769
2 0.902978 0.188253 0.0724403 0.029831
2 0.540447 0.145142 0.0396283 0.0193725
2 0.745194 0.20973 0.0800032 0.0321323
7 0.769014 0.247173 0.120327 0.0632287
2 0.772989 0.163392 0.059521 0.0239991
2 0.4932 0.166736 0.0433185 0.0225855
2 0.617325 0.147399 0.0458125 0.0244467
2 0.746711 0.138607 0.0373125 0.0196571
2 0.57267 0.446703 0.168527 0.103145
2 0.778264 0.351742 0.154147 0.0699543
2 0.906102 0.312319 0.146434 0.060067
2 0.518946 0.217105 0.0707141 0.0358922
2 0.899889 0.496742 0.199485 0.138046
2 0.679479 0.18093 0.0616238 0.0263769
2 0.902978 0.188253 0.0724403 0.029831
2 0.540447 0.145142 0.0396283 0.0193725
2 0.745194 0.20973 0.0800032 0.0321323
7 0.769014 0.247173 0.120327 0.0632287
2 0.772989 0.163392 0.059521 0.0239991
2 0.4932 0.166736 0.0433185 0.0225855
2 0.617325 0.147399 0.0458125 0.0244467
2 0.746711 0.138607 0.0373125 0.0196571
