2 0.73076 0.867145 0.413784 0.26488
2 0.872484 0.598938 0.254376 0.190707
5 0.300814 0.276371 0.229328 0.193566
2 0.890769 0.296885 0.14031 0.0557413
2 0.71814 0.299256 0.118267 0.0559549
5 0.819735 0.151525 0.184754 0.0565666
2 0.78153 0.241494 0.0965441 0.0415729
2 0.701033 0.198526 0.0677375 0.0293146
2 0.467738 0.142219 0.0348285 0.01601
2 0.599431 0.190308 0.0609248 0.029694
2 0.562371 0.163996 0.0469153 0.0225551
2 0.906967 0.203392 0.0779624 0.0355549
2 0.982723 0.387877 0.0344879 0.0588398
2 0.612012 0.156633 0.0417477 0.0213362
2 0.504868 0.183543 0.0592239 0.0334161
2 0.582698 0.140469 0.0368249 0.0177024
2 0.531262 0.141124 0.0360464 0.0199864
2 0.492494 0.121458 0.0283502 0.0148919
2 0.960845 0.237935 0.0773848 0.0376021
2 0.465471 0.113564 0.0241542 0.0148504
2 0.682967 0.140424 0.0339793 0.0192494
2 0.557971 0.121768 0.032294 0.0214406
5 0.970091 0.164813 0.0598175 0.0615888
5 0.756649 0.111744 0.0411346 0.0243724
2 0.73076 0.867145 0.413784 0.26488
2 0.872484 0.598938 0.254376 0.190707
5 0.300814 0.276371 0.229328 0.193566
2 0.890769 0.296885 0.14031 0.0557413
2 0.71814 0.299256 0.118267 0.0559549
5 0.819735 0.151525 0.184754 0.0565666
2 0.78153 0.241494 0.0965441 0.0415729
2 0.701033 0.198526 0.0677375 0.0293146
2 0.467738 0.142219 0.0348285 0.01601
2 0.599431 0.190308 0.0609248 0.029694
2 0.562371 0.163996 0.0469153 0.0225551
2 0.906967 0.203392 0.0779624 0.0355549
2 0.982723 0.387877 0.0344879 0.0588398
2 0.612012 0.156633 0.0417477 0.0213362
2 0.504868 0.183543 0.0592239 0.0334161
2 0.582698 0.140469 0.0368249 0.0177024
2 0.531262 0.141124 0.0360464 0.0199864
2 0.492494 0.121458 0.0283502 0.0148919
2 0.960845 0.237935 0.0773848 0.0376021
2 0.465471 0.113564 0.0241542 0.0148504
2 0.682967 0.140424 0.0339793 0.0192494
2 0.557971 0.121768 0.032294 0.0214406
5 0.970091 0.164813 0.0598175 0.0615888
5 0.756649 0.111744 0.0411346 0.0243724
2 0.73076 0.867145 0.413784 0.26488
2 0.872484 0.598938 0.254376 0.190707
5 0.300814 0.276371 0.229328 0.193566
2 0.890769 0.296885 0.14031 0.0557413
2 0.71814 0.299256 0.118267 0.0559549
5 0.819735 0.151525 0.184754 0.0565666
2 0.78153 0.241494 0.0965441 0.0415729
2 0.701033 0.198526 0.0677375 0.0293146
2 0.467738 0.142219 0.0348285 0.01601
2 0.599431 0.190308 0.0609248 0.029694
2 0.562371 0.163996 0.0469153 0.0225551
2 0.906967 0.203392 0.0779624 0.0355549
2 0.982723 0.387877 0.0344879 0.0588398
2 0.612012 0.156633 0.0417477 0.0213362
2 0.504868 0.183543 0.0592239 0.0334161
2 0.582698 0.140469 0.0368249 0.0177024
2 0.531262 0.141124 0.0360464 0.0199864
2 0.492494 0.121458 0.0283502 0.0148919
2 0.960845 0.237935 0.0773848 0.0376021
2 0.465471 0.113564 0.0241542 0.0148504
2 0.682967 0.140424 0.0339793 0.0192494
2 0.557971 0.121768 0.032294 0.0214406
5 0.970091 0.164813 0.0598175 0.0615888
5 0.756649 0.111744 0.0411346 0.0243724
2 0.73076 0.867145 0.413784 0.26488
2 0.872484 0.598938 0.254376 0.190707
5 0.300814 0.276371 0.229328 0.193566
2 0.890769 0.296885 0.14031 0.0557413
2 0.71814 0.299256 0.118267 0.0559549
5 0.819735 0.151525 0.184754 0.0565666
2 0.78153 0.241494 0.0965441 0.0415729
2 0.701033 0.198526 0.0677375 0.0293146
2 0.467738 0.142219 0.0348285 0.01601
2 0.599431 0.190308 0.0609248 0.029694
2 0.562371 0.163996 0.0469153 0.0225551
2 0.906967 0.203392 0.0779624 0.0355549
2 0.982723 0.387877 0.0344879 0.0588398
2 0.612012 0.156633 0.0417477 0.0213362
2 0.504868 0.183543 0.0592239 0.0334161
2 0.582698 0.140469 0.0368249 0.0177024
2 0.531262 0.141124 0.0360464 0.0199864
2 0.492494 0.121458 0.0283502 0.0148919
2 0.960845 0.237935 0.0773848 0.0376021
2 0.465471 0.113564 0.0241542 0.0148504
2 0.682967 0.140424 0.0339793 0.0192494
2 0.557971 0.121768 0.032294 0.0214406
5 0.970091 0.164813 0.0598175 0.0615888
5 0.756649 0.111744 0.0411346 0.0243724
