2 0.604757 0.585754 0.238495 0.17423
2 0.781239 0.232133 0.0925276 0.0376799
2 0.893969 0.28635 0.130787 0.0552758
2 0.612513 0.199178 0.0676203 0.0310796
2 0.526343 0.233799 0.0726467 0.0371629
2 0.971072 0.37469 0.0569427 0.088688
2 0.621101 0.157132 0.0482741 0.0220804
2 0.488876 0.136926 0.0319824 0.0162348
2 0.536307 0.139413 0.0368236 0.0161163
2 0.517357 0.194794 0.0643341 0.0353563
5 0.652109 0.117027 0.0661615 0.0337652
2 0.502755 0.173619 0.0490952 0.0265585
2 0.862274 0.143935 0.0545827 0.0197847
2 0.465311 0.121902 0.0285361 0.0172348
2 0.886757 0.202415 0.0812429 0.03465
2 0.598233 0.145184 0.0371494 0.017954
2 0.769561 0.149002 0.0394775 0.0238798
2 0.510372 0.12173 0.0287137 0.0136616
2 0.828599 0.134532 0.0356384 0.0169437
2 0.539456 0.117249 0.0292703 0.0119881
2 0.678252 0.176727 0.0649697 0.0326447
2 0.576367 0.134997 0.0310543 0.0139875
2 0.686744 0.146141 0.042885 0.0223782
0 0.0532687 0.0693363 0.042426 0.0333327
7 0.678326 0.177051 0.0638862 0.0322868
2 0.511474 0.174598 0.0599136 0.0285381
2 0.723544 0.15647 0.0377119 0.0205998
2 0.770056 0.130674 0.0338179 0.0149918
5 0.765114 0.113787 0.0434289 0.0279934
5 0.96879 0.164204 0.0597212 0.0630077
0 0.136513 0.0772702 0.0399152 0.0193159
2 0.604757 0.585754 0.238495 0.17423
2 0.781239 0.232133 0.0925276 0.0376799
2 0.893969 0.28635 0.130787 0.0552758
2 0.612513 0.199178 0.0676203 0.0310796
2 0.526343 0.233799 0.0726467 0.0371629
2 0.971072 0.37469 0.0569427 0.088688
2 0.621101 0.157132 0.0482741 0.0220804
2 0.488876 0.136926 0.0319824 0.0162348
2 0.536307 0.139413 0.0368236 0.0161163
2 0.517357 0.194794 0.0643341 0.0353563
5 0.652109 0.117027 0.0661615 0.0337652
2 0.502755 0.173619 0.0490952 0.0265585
2 0.862274 0.143935 0.0545827 0.0197847
2 0.465311 0.121902 0.0285361 0.0172348
2 0.886757 0.202415 0.0812429 0.03465
2 0.598233 0.145184 0.0371494 0.017954
2 0.769561 0.149002 0.0394775 0.0238798
2 0.510372 0.12173 0.0287137 0.0136616
2 0.828599 0.134532 0.0356384 0.0169437
2 0.539456 0.117249 0.0292703 0.0119881
2 0.678252 0.176727 0.0649697 0.0326447
2 0.576367 0.134997 0.0310543 0.0139875
2 0.686744 0.146141 0.042885 0.0223782
0 0.0532687 0.0693363 0.042426 0.0333327
7 0.678326 0.177051 0.0638862 0.0322868
2 0.511474 0.174598 0.0599136 0.0285381
2 0.723544 0.15647 0.0377119 0.0205998
2 0.770056 0.130674 0.0338179 0.0149918
5 0.765114 0.113787 0.0434289 0.0279934
5 0.96879 0.164204 0.0597212 0.0630077
0 0.136513 0.0772702 0.0399152 0.0193159
2 0.604757 0.585754 0.238495 0.17423
2 0.781239 0.232133 0.0925276 0.0376799
2 0.893969 0.28635 0.130787 0.0552758
2 0.612513 0.199178 0.0676203 0.0310796
2 0.526343 0.233799 0.0726467 0.0371629
2 0.971072 0.37469 0.0569427 0.088688
2 0.621101 0.157132 0.0482741 0.0220804
2 0.488876 0.136926 0.0319824 0.0162348
2 0.536307 0.139413 0.0368236 0.0161163
2 0.517357 0.194794 0.0643341 0.0353563
5 0.652109 0.117027 0.0661615 0.0337652
2 0.502755 0.173619 0.0490952 0.0265585
2 0.862274 0.143935 0.0545827 0.0197847
2 0.465311 0.121902 0.0285361 0.0172348
2 0.886757 0.202415 0.0812429 0.03465
2 0.598233 0.145184 0.0371494 0.017954
2 0.769561 0.149002 0.0394775 0.0238798
2 0.510372 0.12173 0.0287137 0.0136616
2 0.828599 0.134532 0.0356384 0.0169437
2 0.539456 0.117249 0.0292703 0.0119881
2 0.678252 0.176727 0.0649697 0.0326447
2 0.576367 0.134997 0.0310543 0.0139875
2 0.686744 0.146141 0.042885 0.0223782
0 0.0532687 0.0693363 0.042426 0.0333327
7 0.678326 0.177051 0.0638862 0.0322868
2 0.511474 0.174598 0.0599136 0.0285381
2 0.723544 0.15647 0.0377119 0.0205998
2 0.770056 0.130674 0.0338179 0.0149918
5 0.765114 0.113787 0.0434289 0.0279934
5 0.96879 0.164204 0.0597212 0.0630077
0 0.136513 0.0772702 0.0399152 0.0193159
2 0.604757 0.585754 0.238495 0.17423
2 0.781239 0.232133 0.0925276 0.0376799
2 0.893969 0.28635 0.130787 0.0552758
2 0.612513 0.199178 0.0676203 0.0310796
2 0.526343 0.233799 0.0726467 0.0371629
2 0.971072 0.37469 0.0569427 0.088688
2 0.621101 0.157132 0.0482741 0.0220804
2 0.488876 0.136926 0.0319824 0.0162348
2 0.536307 0.139413 0.0368236 0.0161163
2 0.517357 0.194794 0.0643341 0.0353563
5 0.652109 0.117027 0.0661615 0.0337652
2 0.502755 0.173619 0.0490952 0.0265585
2 0.862274 0.143935 0.0545827 0.0197847
2 0.465311 0.121902 0.0285361 0.0172348
2 0.886757 0.202415 0.0812429 0.03465
2 0.598233 0.145184 0.0371494 0.017954
2 0.769561 0.149002 0.0394775 0.0238798
2 0.510372 0.12173 0.0287137 0.0136616
2 0.828599 0.134532 0.0356384 0.0169437
2 0.539456 0.117249 0.0292703 0.0119881
2 0.678252 0.176727 0.0649697 0.0326447
2 0.576367 0.134997 0.0310543 0.0139875
2 0.686744 0.146141 0.042885 0.0223782
0 0.0532687 0.0693363 0.042426 0.0333327
7 0.678326 0.177051 0.0638862 0.0322868
2 0.511474 0.174598 0.0599136 0.0285381
2 0.723544 0.15647 0.0377119 0.0205998
2 0.770056 0.130674 0.0338179 0.0149918
5 0.765114 0.113787 0.0434289 0.0279934
5 0.96879 0.164204 0.0597212 0.0630077
0 0.136513 0.0772702 0.0399152 0.0193159
