2 0.597238 0.41915 0.174634 0.105524
2 0.679318 0.912962 0.391187 0.173177
2 0.947606 0.358056 0.10242 0.0732767
2 0.72072 0.206836 0.079184 0.0337827
2 0.586433 0.183926 0.0559909 0.0263649
2 0.54616 0.27944 0.100641 0.0532581
2 0.521349 0.194472 0.0646823 0.0312908
2 0.670829 0.181862 0.0571717 0.0250998
2 0.956334 0.66139 0.0854292 0.154798
2 0.480373 0.145075 0.0389298 0.0229856
2 0.543929 0.147012 0.0362258 0.0184204
2 0.623888 0.16069 0.0468867 0.0211556
7 0.819256 0.248987 0.115001 0.0574228
5 0.150004 0.694259 0.299541 0.604587
2 0.571827 0.133653 0.0341119 0.0174075
5 0.732051 0.13517 0.0998179 0.0417751
2 0.458902 0.122496 0.0241079 0.0119859
2 0.825227 0.170933 0.0499273 0.0280046
2 0.526209 0.133975 0.0309865 0.0157819
2 0.826871 0.134663 0.037 0.016698
2 0.790987 0.179231 0.0515861 0.0231672
2 0.860716 0.143272 0.0528729 0.0202117
2 0.885502 0.208781 0.0845598 0.0354311
2 0.819528 0.249098 0.115312 0.057057
0 0.154748 0.0716151 0.0447638 0.0264404
5 0.712482 0.116937 0.139022 0.0778293
2 0.550051 0.122708 0.0266942 0.0127814
0 0.0612428 0.0826269 0.0301766 0.0373745
2 0.47089 0.106045 0.0194769 0.0153362
2 0.507405 0.120216 0.0270082 0.0143885
2 0.522388 0.134947 0.030267 0.0159022
5 0.967226 0.164177 0.0626394 0.0617279
7 0.981466 0.165525 0.0369307 0.0575274
2 0.597238 0.41915 0.174634 0.105524
2 0.679318 0.912962 0.391187 0.173177
2 0.947606 0.358056 0.10242 0.0732767
2 0.72072 0.206836 0.079184 0.0337827
2 0.586433 0.183926 0.0559909 0.0263649
2 0.54616 0.27944 0.100641 0.0532581
2 0.521349 0.194472 0.0646823 0.0312908
2 0.670829 0.181862 0.0571717 0.0250998
2 0.956334 0.66139 0.0854292 0.154798
2 0.480373 0.145075 0.0389298 0.0229856
2 0.543929 0.147012 0.0362258 0.0184204
2 0.623888 0.16069 0.0468867 0.0211556
7 0.819256 0.248987 0.115001 0.0574228
5 0.150004 0.694259 0.299541 0.604587
2 0.571827 0.133653 0.0341119 0.0174075
5 0.732051 0.13517 0.0998179 0.0417751
2 0.458902 0.122496 0.0241079 0.0119859
2 0.825227 0.170933 0.0499273 0.0280046
2 0.526209 0.133975 0.0309865 0.0157819
2 0.826871 0.134663 0.037 0.016698
2 0.790987 0.179231 0.0515861 0.0231672
2 0.860716 0.143272 0.0528729 0.0202117
2 0.885502 0.208781 0.0845598 0.0354311
2 0.819528 0.249098 0.115312 0.057057
0 0.154748 0.0716151 0.0447638 0.0264404
5 0.712482 0.116937 0.139022 0.0778293
2 0.550051 0.122708 0.0266942 0.0127814
0 0.0612428 0.0826269 0.0301766 0.0373745
2 0.47089 0.106045 0.0194769 0.0153362
2 0.507405 0.120216 0.0270082 0.0143885
2 0.522388 0.134947 0.030267 0.0159022
5 0.967226 0.164177 0.0626394 0.0617279
7 0.981466 0.165525 0.0369307 0.0575274
2 0.597238 0.41915 0.174634 0.105524
2 0.679318 0.912962 0.391187 0.173177
2 0.947606 0.358056 0.10242 0.0732767
2 0.72072 0.206836 0.079184 0.0337827
2 0.586433 0.183926 0.0559909 0.0263649
2 0.54616 0.27944 0.100641 0.0532581
2 0.521349 0.194472 0.0646823 0.0312908
2 0.670829 0.181862 0.0571717 0.0250998
2 0.956334 0.66139 0.0854292 0.154798
2 0.480373 0.145075 0.0389298 0.0229856
2 0.543929 0.147012 0.0362258 0.0184204
2 0.623888 0.16069 0.0468867 0.0211556
7 0.819256 0.248987 0.115001 0.0574228
5 0.150004 0.694259 0.299541 0.604587
2 0.571827 0.133653 0.0341119 0.0174075
5 0.732051 0.13517 0.0998179 0.0417751
2 0.458902 0.122496 0.0241079 0.0119859
2 0.825227 0.170933 0.0499273 0.0280046
2 0.526209 0.133975 0.0309865 0.0157819
2 0.826871 0.134663 0.037 0.016698
2 0.790987 0.179231 0.0515861 0.0231672
2 0.860716 0.143272 0.0528729 0.0202117
2 0.885502 0.208781 0.0845598 0.0354311
2 0.819528 0.249098 0.115312 0.057057
0 0.154748 0.0716151 0.0447638 0.0264404
5 0.712482 0.116937 0.139022 0.0778293
2 0.550051 0.122708 0.0266942 0.0127814
0 0.0612428 0.0826269 0.0301766 0.0373745
2 0.47089 0.106045 0.0194769 0.0153362
2 0.507405 0.120216 0.0270082 0.0143885
2 0.522388 0.134947 0.030267 0.0159022
5 0.967226 0.164177 0.0626394 0.0617279
7 0.981466 0.165525 0.0369307 0.0575274
2 0.597238 0.41915 0.174634 0.105524
2 0.679318 0.912962 0.391187 0.173177
2 0.947606 0.358056 0.10242 0.0732767
2 0.72072 0.206836 0.079184 0.0337827
2 0.586433 0.183926 0.0559909 0.0263649
2 0.54616 0.27944 0.100641 0.0532581
2 0.521349 0.194472 0.0646823 0.0312908
2 0.670829 0.181862 0.0571717 0.0250998
2 0.956334 0.66139 0.0854292 0.154798
2 0.480373 0.145075 0.0389298 0.0229856
2 0.543929 0.147012 0.0362258 0.0184204
2 0.623888 0.16069 0.0468867 0.0211556
7 0.819256 0.248987 0.115001 0.0574228
5 0.150004 0.694259 0.299541 0.604587
2 0.571827 0.133653 0.0341119 0.0174075
5 0.732051 0.13517 0.0998179 0.0417751
2 0.458902 0.122496 0.0241079 0.0119859
2 0.825227 0.170933 0.0499273 0.0280046
2 0.526209 0.133975 0.0309865 0.0157819
2 0.826871 0.134663 0.037 0.016698
2 0.790987 0.179231 0.0515861 0.0231672
2 0.860716 0.143272 0.0528729 0.0202117
2 0.885502 0.208781 0.0845598 0.0354311
2 0.819528 0.249098 0.115312 0.057057
0 0.154748 0.0716151 0.0447638 0.0264404
5 0.712482 0.116937 0.139022 0.0778293
2 0.550051 0.122708 0.0266942 0.0127814
0 0.0612428 0.0826269 0.0301766 0.0373745
2 0.47089 0.106045 0.0194769 0.0153362
2 0.507405 0.120216 0.0270082 0.0143885
2 0.522388 0.134947 0.030267 0.0159022
5 0.967226 0.164177 0.0626394 0.0617279
7 0.981466 0.165525 0.0369307 0.0575274
2 0.597238 0.41915 0.174634 0.105524
2 0.679318 0.912962 0.391187 0.173177
2 0.947606 0.358056 0.10242 0.0732767
2 0.72072 0.206836 0.079184 0.0337827
2 0.586433 0.183926 0.0559909 0.0263649
2 0.54616 0.27944 0.100641 0.0532581
2 0.521349 0.194472 0.0646823 0.0312908
2 0.670829 0.181862 0.0571717 0.0250998
2 0.956334 0.66139 0.0854292 0.154798
2 0.480373 0.145075 0.0389298 0.0229856
2 0.543929 0.147012 0.0362258 0.0184204
2 0.623888 0.16069 0.0468867 0.0211556
7 0.819256 0.248987 0.115001 0.0574228
5 0.150004 0.694259 0.299541 0.604587
2 0.571827 0.133653 0.0341119 0.0174075
5 0.732051 0.13517 0.0998179 0.0417751
2 0.458902 0.122496 0.0241079 0.0119859
2 0.825227 0.170933 0.0499273 0.0280046
2 0.526209 0.133975 0.0309865 0.0157819
2 0.826871 0.134663 0.037 0.016698
2 0.790987 0.179231 0.0515861 0.0231672
2 0.860716 0.143272 0.0528729 0.0202117
2 0.885502 0.208781 0.0845598 0.0354311
2 0.819528 0.249098 0.115312 0.057057
0 0.154748 0.0716151 0.0447638 0.0264404
5 0.712482 0.116937 0.139022 0.0778293
2 0.550051 0.122708 0.0266942 0.0127814
0 0.0612428 0.0826269 0.0301766 0.0373745
2 0.47089 0.106045 0.0194769 0.0153362
2 0.507405 0.120216 0.0270082 0.0143885
2 0.522388 0.134947 0.030267 0.0159022
5 0.967226 0.164177 0.0626394 0.0617279
7 0.981466 0.165525 0.0369307 0.0575274
2 0.597238 0.41915 0.174634 0.105524
2 0.679318 0.912962 0.391187 0.173177
2 0.947606 0.358056 0.10242 0.0732767
2 0.72072 0.206836 0.079184 0.0337827
2 0.586433 0.183926 0.0559909 0.0263649
2 0.54616 0.27944 0.100641 0.0532581
2 0.521349 0.194472 0.0646823 0.0312908
2 0.670829 0.181862 0.0571717 0.0250998
2 0.956334 0.66139 0.0854292 0.154798
2 0.480373 0.145075 0.0389298 0.0229856
2 0.543929 0.147012 0.0362258 0.0184204
2 0.623888 0.16069 0.0468867 0.0211556
7 0.819256 0.248987 0.115001 0.0574228
5 0.150004 0.694259 0.299541 0.604587
2 0.571827 0.133653 0.0341119 0.0174075
5 0.732051 0.13517 0.0998179 0.0417751
2 0.458902 0.122496 0.0241079 0.0119859
2 0.825227 0.170933 0.0499273 0.0280046
2 0.526209 0.133975 0.0309865 0.0157819
2 0.826871 0.134663 0.037 0.016698
2 0.790987 0.179231 0.0515861 0.0231672
2 0.860716 0.143272 0.0528729 0.0202117
2 0.885502 0.208781 0.0845598 0.0354311
2 0.819528 0.249098 0.115312 0.057057
0 0.154748 0.0716151 0.0447638 0.0264404
5 0.712482 0.116937 0.139022 0.0778293
2 0.550051 0.122708 0.0266942 0.0127814
0 0.0612428 0.0826269 0.0301766 0.0373745
2 0.47089 0.106045 0.0194769 0.0153362
2 0.507405 0.120216 0.0270082 0.0143885
2 0.522388 0.134947 0.030267 0.0159022
5 0.967226 0.164177 0.0626394 0.0617279
7 0.981466 0.165525 0.0369307 0.0575274
2 0.597238 0.41915 0.174634 0.105524
2 0.679318 0.912962 0.391187 0.173177
2 0.947606 0.358056 0.10242 0.0732767
2 0.72072 0.206836 0.079184 0.0337827
2 0.586433 0.183926 0.0559909 0.0263649
2 0.54616 0.27944 0.100641 0.0532581
2 0.521349 0.194472 0.0646823 0.0312908
2 0.670829 0.181862 0.0571717 0.0250998
2 0.956334 0.66139 0.0854292 0.154798
2 0.480373 0.145075 0.0389298 0.0229856
2 0.543929 0.147012 0.0362258 0.0184204
2 0.623888 0.16069 0.0468867 0.0211556
7 0.819256 0.248987 0.115001 0.0574228
5 0.150004 0.694259 0.299541 0.604587
2 0.571827 0.133653 0.0341119 0.0174075
5 0.732051 0.13517 0.0998179 0.0417751
2 0.458902 0.122496 0.0241079 0.0119859
2 0.825227 0.170933 0.0499273 0.0280046
2 0.526209 0.133975 0.0309865 0.0157819
2 0.826871 0.134663 0.037 0.016698
2 0.790987 0.179231 0.0515861 0.0231672
2 0.860716 0.143272 0.0528729 0.0202117
2 0.885502 0.208781 0.0845598 0.0354311
2 0.819528 0.249098 0.115312 0.057057
0 0.154748 0.0716151 0.0447638 0.0264404
5 0.712482 0.116937 0.139022 0.0778293
2 0.550051 0.122708 0.0266942 0.0127814
0 0.0612428 0.0826269 0.0301766 0.0373745
2 0.47089 0.106045 0.0194769 0.0153362
2 0.507405 0.120216 0.0270082 0.0143885
2 0.522388 0.134947 0.030267 0.0159022
5 0.967226 0.164177 0.0626394 0.0617279
7 0.981466 0.165525 0.0369307 0.0575274
2 0.597238 0.41915 0.174634 0.105524
2 0.679318 0.912962 0.391187 0.173177
2 0.947606 0.358056 0.10242 0.0732767
2 0.72072 0.206836 0.079184 0.0337827
2 0.586433 0.183926 0.0559909 0.0263649
2 0.54616 0.27944 0.100641 0.0532581
2 0.521349 0.194472 0.0646823 0.0312908
2 0.670829 0.181862 0.0571717 0.0250998
2 0.956334 0.66139 0.0854292 0.154798
2 0.480373 0.145075 0.0389298 0.0229856
2 0.543929 0.147012 0.0362258 0.0184204
2 0.623888 0.16069 0.0468867 0.0211556
7 0.819256 0.248987 0.115001 0.0574228
5 0.150004 0.694259 0.299541 0.604587
2 0.571827 0.133653 0.0341119 0.0174075
5 0.732051 0.13517 0.0998179 0.0417751
2 0.458902 0.122496 0.0241079 0.0119859
2 0.825227 0.170933 0.0499273 0.0280046
2 0.526209 0.133975 0.0309865 0.0157819
2 0.826871 0.134663 0.037 0.016698
2 0.790987 0.179231 0.0515861 0.0231672
2 0.860716 0.143272 0.0528729 0.0202117
2 0.885502 0.208781 0.0845598 0.0354311
2 0.819528 0.249098 0.115312 0.057057
0 0.154748 0.0716151 0.0447638 0.0264404
5 0.712482 0.116937 0.139022 0.0778293
2 0.550051 0.122708 0.0266942 0.0127814
0 0.0612428 0.0826269 0.0301766 0.0373745
2 0.47089 0.106045 0.0194769 0.0153362
2 0.507405 0.120216 0.0270082 0.0143885
2 0.522388 0.134947 0.030267 0.0159022
5 0.967226 0.164177 0.0626394 0.0617279
7 0.981466 0.165525 0.0369307 0.0575274
2 0.597238 0.41915 0.174634 0.105524
2 0.679318 0.912962 0.391187 0.173177
2 0.947606 0.358056 0.10242 0.0732767
2 0.72072 0.206836 0.079184 0.0337827
2 0.586433 0.183926 0.0559909 0.0263649
2 0.54616 0.27944 0.100641 0.0532581
2 0.521349 0.194472 0.0646823 0.0312908
2 0.670829 0.181862 0.0571717 0.0250998
2 0.956334 0.66139 0.0854292 0.154798
2 0.480373 0.145075 0.0389298 0.0229856
2 0.543929 0.147012 0.0362258 0.0184204
2 0.623888 0.16069 0.0468867 0.0211556
7 0.819256 0.248987 0.115001 0.0574228
5 0.150004 0.694259 0.299541 0.604587
2 0.571827 0.133653 0.0341119 0.0174075
5 0.732051 0.13517 0.0998179 0.0417751
2 0.458902 0.122496 0.0241079 0.0119859
2 0.825227 0.170933 0.0499273 0.0280046
2 0.526209 0.133975 0.0309865 0.0157819
2 0.826871 0.134663 0.037 0.016698
2 0.790987 0.179231 0.0515861 0.0231672
2 0.860716 0.143272 0.0528729 0.0202117
2 0.885502 0.208781 0.0845598 0.0354311
2 0.819528 0.249098 0.115312 0.057057
0 0.154748 0.0716151 0.0447638 0.0264404
5 0.712482 0.116937 0.139022 0.0778293
2 0.550051 0.122708 0.0266942 0.0127814
0 0.0612428 0.0826269 0.0301766 0.0373745
2 0.47089 0.106045 0.0194769 0.0153362
2 0.507405 0.120216 0.0270082 0.0143885
2 0.522388 0.134947 0.030267 0.0159022
5 0.967226 0.164177 0.0626394 0.0617279
7 0.981466 0.165525 0.0369307 0.0575274
2 0.597238 0.41915 0.174634 0.105524
2 0.679318 0.912962 0.391187 0.173177
2 0.947606 0.358056 0.10242 0.0732767
2 0.72072 0.206836 0.079184 0.0337827
2 0.586433 0.183926 0.0559909 0.0263649
2 0.54616 0.27944 0.100641 0.0532581
2 0.521349 0.194472 0.0646823 0.0312908
2 0.670829 0.181862 0.0571717 0.0250998
2 0.956334 0.66139 0.0854292 0.154798
2 0.480373 0.145075 0.0389298 0.0229856
2 0.543929 0.147012 0.0362258 0.0184204
2 0.623888 0.16069 0.0468867 0.0211556
7 0.819256 0.248987 0.115001 0.0574228
5 0.150004 0.694259 0.299541 0.604587
2 0.571827 0.133653 0.0341119 0.0174075
5 0.732051 0.13517 0.0998179 0.0417751
2 0.458902 0.122496 0.0241079 0.0119859
2 0.825227 0.170933 0.0499273 0.0280046
2 0.526209 0.133975 0.0309865 0.0157819
2 0.826871 0.134663 0.037 0.016698
2 0.790987 0.179231 0.0515861 0.0231672
2 0.860716 0.143272 0.0528729 0.0202117
2 0.885502 0.208781 0.0845598 0.0354311
2 0.819528 0.249098 0.115312 0.057057
0 0.154748 0.0716151 0.0447638 0.0264404
5 0.712482 0.116937 0.139022 0.0778293
2 0.550051 0.122708 0.0266942 0.0127814
0 0.0612428 0.0826269 0.0301766 0.0373745
2 0.47089 0.106045 0.0194769 0.0153362
2 0.507405 0.120216 0.0270082 0.0143885
2 0.522388 0.134947 0.030267 0.0159022
5 0.967226 0.164177 0.0626394 0.0617279
7 0.981466 0.165525 0.0369307 0.0575274
2 0.597238 0.41915 0.174634 0.105524
2 0.679318 0.912962 0.391187 0.173177
2 0.947606 0.358056 0.10242 0.0732767
2 0.72072 0.206836 0.079184 0.0337827
2 0.586433 0.183926 0.0559909 0.0263649
2 0.54616 0.27944 0.100641 0.0532581
2 0.521349 0.194472 0.0646823 0.0312908
2 0.670829 0.181862 0.0571717 0.0250998
2 0.956334 0.66139 0.0854292 0.154798
2 0.480373 0.145075 0.0389298 0.0229856
2 0.543929 0.147012 0.0362258 0.0184204
2 0.623888 0.16069 0.0468867 0.0211556
7 0.819256 0.248987 0.115001 0.0574228
5 0.150004 0.694259 0.299541 0.604587
2 0.571827 0.133653 0.0341119 0.0174075
5 0.732051 0.13517 0.0998179 0.0417751
2 0.458902 0.122496 0.0241079 0.0119859
2 0.825227 0.170933 0.0499273 0.0280046
2 0.526209 0.133975 0.0309865 0.0157819
2 0.826871 0.134663 0.037 0.016698
2 0.790987 0.179231 0.0515861 0.0231672
2 0.860716 0.143272 0.0528729 0.0202117
2 0.885502 0.208781 0.0845598 0.0354311
2 0.819528 0.249098 0.115312 0.057057
0 0.154748 0.0716151 0.0447638 0.0264404
5 0.712482 0.116937 0.139022 0.0778293
2 0.550051 0.122708 0.0266942 0.0127814
0 0.0612428 0.0826269 0.0301766 0.0373745
2 0.47089 0.106045 0.0194769 0.0153362
2 0.507405 0.120216 0.0270082 0.0143885
2 0.522388 0.134947 0.030267 0.0159022
5 0.967226 0.164177 0.0626394 0.0617279
7 0.981466 0.165525 0.0369307 0.0575274
2 0.596476 0.418818 0.175762 0.105275
2 0.545942 0.281044 0.101 0.0552844
2 0.948484 0.358398 0.100653 0.0740073
2 0.957023 0.660431 0.0847799 0.15322
2 0.686656 0.913229 0.405612 0.172534
2 0.721138 0.206673 0.0785282 0.033288
2 0.520611 0.194373 0.0647235 0.0305863
2 0.586905 0.183139 0.0571555 0.02719
5 0.733026 0.135481 0.0940308 0.0428864
2 0.669233 0.181825 0.0613545 0.0266582
2 0.543379 0.146264 0.0382278 0.0198185
2 0.624432 0.160411 0.046283 0.0212512
2 0.479653 0.145468 0.0405092 0.0234827
2 0.819657 0.249029 0.115764 0.0565679
2 0.884265 0.207779 0.0855808 0.0361234
2 0.824816 0.171462 0.0535716 0.0293379
7 0.819615 0.249084 0.11547 0.056432
2 0.596476 0.418818 0.175762 0.105275
2 0.545942 0.281044 0.101 0.0552844
2 0.948484 0.358398 0.100653 0.0740073
2 0.957023 0.660431 0.0847799 0.15322
2 0.686656 0.913229 0.405612 0.172534
2 0.721138 0.206673 0.0785282 0.033288
2 0.520611 0.194373 0.0647235 0.0305863
2 0.586905 0.183139 0.0571555 0.02719
5 0.733026 0.135481 0.0940308 0.0428864
2 0.669233 0.181825 0.0613545 0.0266582
2 0.543379 0.146264 0.0382278 0.0198185
2 0.624432 0.160411 0.046283 0.0212512
2 0.479653 0.145468 0.0405092 0.0234827
2 0.819657 0.249029 0.115764 0.0565679
2 0.884265 0.207779 0.0855808 0.0361234
2 0.824816 0.171462 0.0535716 0.0293379
7 0.819615 0.249084 0.11547 0.056432
2 0.596476 0.418818 0.175762 0.105275
2 0.545942 0.281044 0.101 0.0552844
2 0.948484 0.358398 0.100653 0.0740073
2 0.957023 0.660431 0.0847799 0.15322
2 0.686656 0.913229 0.405612 0.172534
2 0.721138 0.206673 0.0785282 0.033288
2 0.520611 0.194373 0.0647235 0.0305863
2 0.586905 0.183139 0.0571555 0.02719
5 0.733026 0.135481 0.0940308 0.0428864
2 0.669233 0.181825 0.0613545 0.0266582
2 0.543379 0.146264 0.0382278 0.0198185
2 0.624432 0.160411 0.046283 0.0212512
2 0.479653 0.145468 0.0405092 0.0234827
2 0.819657 0.249029 0.115764 0.0565679
2 0.884265 0.207779 0.0855808 0.0361234
2 0.824816 0.171462 0.0535716 0.0293379
7 0.819615 0.249084 0.11547 0.056432
2 0.596476 0.418818 0.175762 0.105275
2 0.545942 0.281044 0.101 0.0552844
2 0.948484 0.358398 0.100653 0.0740073
2 0.957023 0.660431 0.0847799 0.15322
2 0.686656 0.913229 0.405612 0.172534
2 0.721138 0.206673 0.0785282 0.033288
2 0.520611 0.194373 0.0647235 0.0305863
2 0.586905 0.183139 0.0571555 0.02719
5 0.733026 0.135481 0.0940308 0.0428864
2 0.669233 0.181825 0.0613545 0.0266582
2 0.543379 0.146264 0.0382278 0.0198185
2 0.624432 0.160411 0.046283 0.0212512
2 0.479653 0.145468 0.0405092 0.0234827
2 0.819657 0.249029 0.115764 0.0565679
2 0.884265 0.207779 0.0855808 0.0361234
2 0.824816 0.171462 0.0535716 0.0293379
7 0.819615 0.249084 0.11547 0.056432
2 0.596476 0.418818 0.175762 0.105275
2 0.545942 0.281044 0.101 0.0552844
2 0.948484 0.358398 0.100653 0.0740073
2 0.957023 0.660431 0.0847799 0.15322
2 0.686656 0.913229 0.405612 0.172534
2 0.721138 0.206673 0.0785282 0.033288
2 0.520611 0.194373 0.0647235 0.0305863
2 0.586905 0.183139 0.0571555 0.02719
5 0.733026 0.135481 0.0940308 0.0428864
2 0.669233 0.181825 0.0613545 0.0266582
2 0.543379 0.146264 0.0382278 0.0198185
2 0.624432 0.160411 0.046283 0.0212512
2 0.479653 0.145468 0.0405092 0.0234827
2 0.819657 0.249029 0.115764 0.0565679
2 0.884265 0.207779 0.0855808 0.0361234
2 0.824816 0.171462 0.0535716 0.0293379
7 0.819615 0.249084 0.11547 0.056432
2 0.596476 0.418818 0.175762 0.105275
2 0.545942 0.281044 0.101 0.0552844
2 0.948484 0.358398 0.100653 0.0740073
2 0.957023 0.660431 0.0847799 0.15322
2 0.686656 0.913229 0.405612 0.172534
2 0.721138 0.206673 0.0785282 0.033288
2 0.520611 0.194373 0.0647235 0.0305863
2 0.586905 0.183139 0.0571555 0.02719
5 0.733026 0.135481 0.0940308 0.0428864
2 0.669233 0.181825 0.0613545 0.0266582
2 0.543379 0.146264 0.0382278 0.0198185
2 0.624432 0.160411 0.046283 0.0212512
2 0.479653 0.145468 0.0405092 0.0234827
2 0.819657 0.249029 0.115764 0.0565679
2 0.884265 0.207779 0.0855808 0.0361234
2 0.824816 0.171462 0.0535716 0.0293379
7 0.819615 0.249084 0.11547 0.056432
2 0.596476 0.418818 0.175762 0.105275
2 0.545942 0.281044 0.101 0.0552844
2 0.948484 0.358398 0.100653 0.0740073
2 0.957023 0.660431 0.0847799 0.15322
2 0.686656 0.913229 0.405612 0.172534
2 0.721138 0.206673 0.0785282 0.033288
2 0.520611 0.194373 0.0647235 0.0305863
2 0.586905 0.183139 0.0571555 0.02719
5 0.733026 0.135481 0.0940308 0.0428864
2 0.669233 0.181825 0.0613545 0.0266582
2 0.543379 0.146264 0.0382278 0.0198185
2 0.624432 0.160411 0.046283 0.0212512
2 0.479653 0.145468 0.0405092 0.0234827
2 0.819657 0.249029 0.115764 0.0565679
2 0.884265 0.207779 0.0855808 0.0361234
2 0.824816 0.171462 0.0535716 0.0293379
7 0.819615 0.249084 0.11547 0.056432
2 0.596476 0.418818 0.175762 0.105275
2 0.545942 0.281044 0.101 0.0552844
2 0.948484 0.358398 0.100653 0.0740073
2 0.957023 0.660431 0.0847799 0.15322
2 0.686656 0.913229 0.405612 0.172534
2 0.721138 0.206673 0.0785282 0.033288
2 0.520611 0.194373 0.0647235 0.0305863
2 0.586905 0.183139 0.0571555 0.02719
5 0.733026 0.135481 0.0940308 0.0428864
2 0.669233 0.181825 0.0613545 0.0266582
2 0.543379 0.146264 0.0382278 0.0198185
2 0.624432 0.160411 0.046283 0.0212512
2 0.479653 0.145468 0.0405092 0.0234827
2 0.819657 0.249029 0.115764 0.0565679
2 0.884265 0.207779 0.0855808 0.0361234
2 0.824816 0.171462 0.0535716 0.0293379
7 0.819615 0.249084 0.11547 0.056432
2 0.526748 0.133964 0.0351127 0.0176458
2 0.458765 0.122326 0.0250444 0.012358
2 0.784774 0.180292 0.065879 0.0261302
2 0.860207 0.14315 0.0538752 0.0218916
2 0.572128 0.133661 0.0336707 0.0176211
2 0.828495 0.133874 0.0403761 0.0175765
2 0.471147 0.105873 0.0231035 0.0154322
5 0.206565 0.693838 0.41313 0.608576
