2 0.930188 0.310399 0.139624 0.0607594
2 0.638406 0.220967 0.0794153 0.0353676
2 0.534164 0.262254 0.0876183 0.0453248
2 0.806463 0.246642 0.100571 0.0425577
2 0.525008 0.20848 0.0722168 0.0366683
2 0.49288 0.142342 0.0355509 0.0167473
2 0.633988 0.162624 0.0512404 0.0235981
2 0.539755 0.143489 0.0361577 0.017074
2 0.694389 0.18537 0.0714254 0.0357476
2 0.509175 0.183893 0.0551146 0.0275134
2 0.778264 0.151633 0.0381885 0.0239848
5 0.658306 0.119793 0.0697159 0.0356926
2 0.608617 0.151537 0.0395581 0.0189181
2 0.467301 0.125072 0.0280056 0.0169476
2 0.86161 0.143761 0.0530209 0.0199575
2 0.911912 0.211093 0.0883555 0.0371402
2 0.742294 0.16278 0.046283 0.0237614
2 0.582171 0.138471 0.0326699 0.0148801
2 0.828923 0.134414 0.0339959 0.0166018
2 0.697385 0.148473 0.042051 0.0190166
2 0.547326 0.119848 0.0282377 0.0128611
0 0.0706468 0.0772519 0.0610099 0.0481207
2 0.771202 0.130323 0.0324822 0.0136471
5 0.764914 0.116366 0.04441 0.0351124
2 0.697189 0.151626 0.0454247 0.0253618
2 0.515888 0.125968 0.0335068 0.0143247
5 0.973383 0.166071 0.0523404 0.0588878
0 0.195871 0.0776017 0.022902 0.0152006
2 0.463321 0.108629 0.0211049 0.0103838
5 0.981477 0.165892 0.037046 0.0576002
0 0.224555 0.0773415 0.0208648 0.0161847
0 0.141802 0.0776 0.0305196 0.0155821
2 0.542298 0.11861 0.0375535 0.0141268
2 0.930188 0.310399 0.139624 0.0607594
2 0.638406 0.220967 0.0794153 0.0353676
2 0.534164 0.262254 0.0876183 0.0453248
2 0.806463 0.246642 0.100571 0.0425577
2 0.525008 0.20848 0.0722168 0.0366683
2 0.49288 0.142342 0.0355509 0.0167473
2 0.633988 0.162624 0.0512404 0.0235981
2 0.539755 0.143489 0.0361577 0.017074
2 0.694389 0.18537 0.0714254 0.0357476
2 0.509175 0.183893 0.0551146 0.0275134
2 0.778264 0.151633 0.0381885 0.0239848
5 0.658306 0.119793 0.0697159 0.0356926
2 0.608617 0.151537 0.0395581 0.0189181
2 0.467301 0.125072 0.0280056 0.0169476
2 0.86161 0.143761 0.0530209 0.0199575
2 0.911912 0.211093 0.0883555 0.0371402
2 0.742294 0.16278 0.046283 0.0237614
2 0.582171 0.138471 0.0326699 0.0148801
2 0.828923 0.134414 0.0339959 0.0166018
2 0.697385 0.148473 0.042051 0.0190166
2 0.547326 0.119848 0.0282377 0.0128611
0 0.0706468 0.0772519 0.0610099 0.0481207
2 0.771202 0.130323 0.0324822 0.0136471
5 0.764914 0.116366 0.04441 0.0351124
2 0.697189 0.151626 0.0454247 0.0253618
2 0.515888 0.125968 0.0335068 0.0143247
5 0.973383 0.166071 0.0523404 0.0588878
0 0.195871 0.0776017 0.022902 0.0152006
2 0.463321 0.108629 0.0211049 0.0103838
5 0.981477 0.165892 0.037046 0.0576002
0 0.224555 0.0773415 0.0208648 0.0161847
0 0.141802 0.0776 0.0305196 0.0155821
2 0.542298 0.11861 0.0375535 0.0141268
2 0.930188 0.310399 0.139624 0.0607594
2 0.638406 0.220967 0.0794153 0.0353676
2 0.534164 0.262254 0.0876183 0.0453248
2 0.806463 0.246642 0.100571 0.0425577
2 0.525008 0.20848 0.0722168 0.0366683
2 0.49288 0.142342 0.0355509 0.0167473
2 0.633988 0.162624 0.0512404 0.0235981
2 0.539755 0.143489 0.0361577 0.017074
2 0.694389 0.18537 0.0714254 0.0357476
2 0.509175 0.183893 0.0551146 0.0275134
2 0.778264 0.151633 0.0381885 0.0239848
5 0.658306 0.119793 0.0697159 0.0356926
2 0.608617 0.151537 0.0395581 0.0189181
2 0.467301 0.125072 0.0280056 0.0169476
2 0.86161 0.143761 0.0530209 0.0199575
2 0.911912 0.211093 0.0883555 0.0371402
2 0.742294 0.16278 0.046283 0.0237614
2 0.582171 0.138471 0.0326699 0.0148801
2 0.828923 0.134414 0.0339959 0.0166018
2 0.697385 0.148473 0.042051 0.0190166
2 0.547326 0.119848 0.0282377 0.0128611
0 0.0706468 0.0772519 0.0610099 0.0481207
2 0.771202 0.130323 0.0324822 0.0136471
5 0.764914 0.116366 0.04441 0.0351124
2 0.697189 0.151626 0.0454247 0.0253618
2 0.515888 0.125968 0.0335068 0.0143247
5 0.973383 0.166071 0.0523404 0.0588878
0 0.195871 0.0776017 0.022902 0.0152006
2 0.463321 0.108629 0.0211049 0.0103838
5 0.981477 0.165892 0.037046 0.0576002
0 0.224555 0.0773415 0.0208648 0.0161847
0 0.141802 0.0776 0.0305196 0.0155821
2 0.542298 0.11861 0.0375535 0.0141268
2 0.930188 0.310399 0.139624 0.0607594
2 0.638406 0.220967 0.0794153 0.0353676
2 0.534164 0.262254 0.0876183 0.0453248
2 0.806463 0.246642 0.100571 0.0425577
2 0.525008 0.20848 0.0722168 0.0366683
2 0.49288 0.142342 0.0355509 0.0167473
2 0.633988 0.162624 0.0512404 0.0235981
2 0.539755 0.143489 0.0361577 0.017074
2 0.694389 0.18537 0.0714254 0.0357476
2 0.509175 0.183893 0.0551146 0.0275134
2 0.778264 0.151633 0.0381885 0.0239848
5 0.658306 0.119793 0.0697159 0.0356926
2 0.608617 0.151537 0.0395581 0.0189181
2 0.467301 0.125072 0.0280056 0.0169476
2 0.86161 0.143761 0.0530209 0.0199575
2 0.911912 0.211093 0.0883555 0.0371402
2 0.742294 0.16278 0.046283 0.0237614
2 0.582171 0.138471 0.0326699 0.0148801
2 0.828923 0.134414 0.0339959 0.0166018
2 0.697385 0.148473 0.042051 0.0190166
2 0.547326 0.119848 0.0282377 0.0128611
0 0.0706468 0.0772519 0.0610099 0.0481207
2 0.771202 0.130323 0.0324822 0.0136471
5 0.764914 0.116366 0.04441 0.0351124
2 0.697189 0.151626 0.0454247 0.0253618
2 0.515888 0.125968 0.0335068 0.0143247
5 0.973383 0.166071 0.0523404 0.0588878
0 0.195871 0.0776017 0.022902 0.0152006
2 0.463321 0.108629 0.0211049 0.0103838
5 0.981477 0.165892 0.037046 0.0576002
0 0.224555 0.0773415 0.0208648 0.0161847
0 0.141802 0.0776 0.0305196 0.0155821
2 0.542298 0.11861 0.0375535 0.0141268
2 0.930188 0.310399 0.139624 0.0607594
2 0.638406 0.220967 0.0794153 0.0353676
2 0.534164 0.262254 0.0876183 0.0453248
2 0.806463 0.246642 0.100571 0.0425577
2 0.525008 0.20848 0.0722168 0.0366683
2 0.49288 0.142342 0.0355509 0.0167473
2 0.633988 0.162624 0.0512404 0.0235981
2 0.539755 0.143489 0.0361577 0.017074
2 0.694389 0.18537 0.0714254 0.0357476
2 0.509175 0.183893 0.0551146 0.0275134
2 0.778264 0.151633 0.0381885 0.0239848
5 0.658306 0.119793 0.0697159 0.0356926
2 0.608617 0.151537 0.0395581 0.0189181
2 0.467301 0.125072 0.0280056 0.0169476
2 0.86161 0.143761 0.0530209 0.0199575
2 0.911912 0.211093 0.0883555 0.0371402
2 0.742294 0.16278 0.046283 0.0237614
2 0.582171 0.138471 0.0326699 0.0148801
2 0.828923 0.134414 0.0339959 0.0166018
2 0.697385 0.148473 0.042051 0.0190166
2 0.547326 0.119848 0.0282377 0.0128611
0 0.0706468 0.0772519 0.0610099 0.0481207
2 0.771202 0.130323 0.0324822 0.0136471
5 0.764914 0.116366 0.04441 0.0351124
2 0.697189 0.151626 0.0454247 0.0253618
2 0.515888 0.125968 0.0335068 0.0143247
5 0.973383 0.166071 0.0523404 0.0588878
0 0.195871 0.0776017 0.022902 0.0152006
2 0.463321 0.108629 0.0211049 0.0103838
5 0.981477 0.165892 0.037046 0.0576002
0 0.224555 0.0773415 0.0208648 0.0161847
0 0.141802 0.0776 0.0305196 0.0155821
2 0.542298 0.11861 0.0375535 0.0141268
2 0.930188 0.310399 0.139624 0.0607594
2 0.638406 0.220967 0.0794153 0.0353676
2 0.534164 0.262254 0.0876183 0.0453248
2 0.806463 0.246642 0.100571 0.0425577
2 0.525008 0.20848 0.0722168 0.0366683
2 0.49288 0.142342 0.0355509 0.0167473
2 0.633988 0.162624 0.0512404 0.0235981
2 0.539755 0.143489 0.0361577 0.017074
2 0.694389 0.18537 0.0714254 0.0357476
2 0.509175 0.183893 0.0551146 0.0275134
2 0.778264 0.151633 0.0381885 0.0239848
5 0.658306 0.119793 0.0697159 0.0356926
2 0.608617 0.151537 0.0395581 0.0189181
2 0.467301 0.125072 0.0280056 0.0169476
2 0.86161 0.143761 0.0530209 0.0199575
2 0.911912 0.211093 0.0883555 0.0371402
2 0.742294 0.16278 0.046283 0.0237614
2 0.582171 0.138471 0.0326699 0.0148801
2 0.828923 0.134414 0.0339959 0.0166018
2 0.697385 0.148473 0.042051 0.0190166
2 0.547326 0.119848 0.0282377 0.0128611
0 0.0706468 0.0772519 0.0610099 0.0481207
2 0.771202 0.130323 0.0324822 0.0136471
5 0.764914 0.116366 0.04441 0.0351124
2 0.697189 0.151626 0.0454247 0.0253618
2 0.515888 0.125968 0.0335068 0.0143247
5 0.973383 0.166071 0.0523404 0.0588878
0 0.195871 0.0776017 0.022902 0.0152006
2 0.463321 0.108629 0.0211049 0.0103838
5 0.981477 0.165892 0.037046 0.0576002
0 0.224555 0.0773415 0.0208648 0.0161847
0 0.141802 0.0776 0.0305196 0.0155821
2 0.542298 0.11861 0.0375535 0.0141268
2 0.930188 0.310399 0.139624 0.0607594
2 0.638406 0.220967 0.0794153 0.0353676
2 0.534164 0.262254 0.0876183 0.0453248
2 0.806463 0.246642 0.100571 0.0425577
2 0.525008 0.20848 0.0722168 0.0366683
2 0.49288 0.142342 0.0355509 0.0167473
2 0.633988 0.162624 0.0512404 0.0235981
2 0.539755 0.143489 0.0361577 0.017074
2 0.694389 0.18537 0.0714254 0.0357476
2 0.509175 0.183893 0.0551146 0.0275134
2 0.778264 0.151633 0.0381885 0.0239848
5 0.658306 0.119793 0.0697159 0.0356926
2 0.608617 0.151537 0.0395581 0.0189181
2 0.467301 0.125072 0.0280056 0.0169476
2 0.86161 0.143761 0.0530209 0.0199575
2 0.911912 0.211093 0.0883555 0.0371402
2 0.742294 0.16278 0.046283 0.0237614
2 0.582171 0.138471 0.0326699 0.0148801
2 0.828923 0.134414 0.0339959 0.0166018
2 0.697385 0.148473 0.042051 0.0190166
2 0.547326 0.119848 0.0282377 0.0128611
0 0.0706468 0.0772519 0.0610099 0.0481207
2 0.771202 0.130323 0.0324822 0.0136471
5 0.764914 0.116366 0.04441 0.0351124
2 0.697189 0.151626 0.0454247 0.0253618
2 0.515888 0.125968 0.0335068 0.0143247
5 0.973383 0.166071 0.0523404 0.0588878
0 0.195871 0.0776017 0.022902 0.0152006
2 0.463321 0.108629 0.0211049 0.0103838
5 0.981477 0.165892 0.037046 0.0576002
0 0.224555 0.0773415 0.0208648 0.0161847
0 0.141802 0.0776 0.0305196 0.0155821
2 0.542298 0.11861 0.0375535 0.0141268
2 0.930188 0.310399 0.139624 0.0607594
2 0.638406 0.220967 0.0794153 0.0353676
2 0.534164 0.262254 0.0876183 0.0453248
2 0.806463 0.246642 0.100571 0.0425577
2 0.525008 0.20848 0.0722168 0.0366683
2 0.49288 0.142342 0.0355509 0.0167473
2 0.633988 0.162624 0.0512404 0.0235981
2 0.539755 0.143489 0.0361577 0.017074
2 0.694389 0.18537 0.0714254 0.0357476
2 0.509175 0.183893 0.0551146 0.0275134
2 0.778264 0.151633 0.0381885 0.0239848
5 0.658306 0.119793 0.0697159 0.0356926
2 0.608617 0.151537 0.0395581 0.0189181
2 0.467301 0.125072 0.0280056 0.0169476
2 0.86161 0.143761 0.0530209 0.0199575
2 0.911912 0.211093 0.0883555 0.0371402
2 0.742294 0.16278 0.046283 0.0237614
2 0.582171 0.138471 0.0326699 0.0148801
2 0.828923 0.134414 0.0339959 0.0166018
2 0.697385 0.148473 0.042051 0.0190166
2 0.547326 0.119848 0.0282377 0.0128611
0 0.0706468 0.0772519 0.0610099 0.0481207
2 0.771202 0.130323 0.0324822 0.0136471
5 0.764914 0.116366 0.04441 0.0351124
2 0.697189 0.151626 0.0454247 0.0253618
2 0.515888 0.125968 0.0335068 0.0143247
5 0.973383 0.166071 0.0523404 0.0588878
0 0.195871 0.0776017 0.022902 0.0152006
2 0.463321 0.108629 0.0211049 0.0103838
5 0.981477 0.165892 0.037046 0.0576002
0 0.224555 0.0773415 0.0208648 0.0161847
0 0.141802 0.0776 0.0305196 0.0155821
2 0.542298 0.11861 0.0375535 0.0141268
2 0.930188 0.310399 0.139624 0.0607594
2 0.638406 0.220967 0.0794153 0.0353676
2 0.534164 0.262254 0.0876183 0.0453248
2 0.806463 0.246642 0.100571 0.0425577
2 0.525008 0.20848 0.0722168 0.0366683
2 0.49288 0.142342 0.0355509 0.0167473
2 0.633988 0.162624 0.0512404 0.0235981
2 0.539755 0.143489 0.0361577 0.017074
2 0.694389 0.18537 0.0714254 0.0357476
2 0.509175 0.183893 0.0551146 0.0275134
2 0.778264 0.151633 0.0381885 0.0239848
5 0.658306 0.119793 0.0697159 0.0356926
2 0.608617 0.151537 0.0395581 0.0189181
2 0.467301 0.125072 0.0280056 0.0169476
2 0.86161 0.143761 0.0530209 0.0199575
2 0.911912 0.211093 0.0883555 0.0371402
2 0.742294 0.16278 0.046283 0.0237614
2 0.582171 0.138471 0.0326699 0.0148801
2 0.828923 0.134414 0.0339959 0.0166018
2 0.697385 0.148473 0.042051 0.0190166
2 0.547326 0.119848 0.0282377 0.0128611
0 0.0706468 0.0772519 0.0610099 0.0481207
2 0.771202 0.130323 0.0324822 0.0136471
5 0.764914 0.116366 0.04441 0.0351124
2 0.697189 0.151626 0.0454247 0.0253618
2 0.515888 0.125968 0.0335068 0.0143247
5 0.973383 0.166071 0.0523404 0.0588878
0 0.195871 0.0776017 0.022902 0.0152006
2 0.463321 0.108629 0.0211049 0.0103838
5 0.981477 0.165892 0.037046 0.0576002
0 0.224555 0.0773415 0.0208648 0.0161847
0 0.141802 0.0776 0.0305196 0.0155821
2 0.542298 0.11861 0.0375535 0.0141268
2 0.930188 0.310399 0.139624 0.0607594
2 0.638406 0.220967 0.0794153 0.0353676
2 0.534164 0.262254 0.0876183 0.0453248
2 0.806463 0.246642 0.100571 0.0425577
2 0.525008 0.20848 0.0722168 0.0366683
2 0.49288 0.142342 0.0355509 0.0167473
2 0.633988 0.162624 0.0512404 0.0235981
2 0.539755 0.143489 0.0361577 0.017074
2 0.694389 0.18537 0.0714254 0.0357476
2 0.509175 0.183893 0.0551146 0.0275134
2 0.778264 0.151633 0.0381885 0.0239848
5 0.658306 0.119793 0.0697159 0.0356926
2 0.608617 0.151537 0.0395581 0.0189181
2 0.467301 0.125072 0.0280056 0.0169476
2 0.86161 0.143761 0.0530209 0.0199575
2 0.911912 0.211093 0.0883555 0.0371402
2 0.742294 0.16278 0.046283 0.0237614
2 0.582171 0.138471 0.0326699 0.0148801
2 0.828923 0.134414 0.0339959 0.0166018
2 0.697385 0.148473 0.042051 0.0190166
2 0.547326 0.119848 0.0282377 0.0128611
0 0.0706468 0.0772519 0.0610099 0.0481207
2 0.771202 0.130323 0.0324822 0.0136471
5 0.764914 0.116366 0.04441 0.0351124
2 0.697189 0.151626 0.0454247 0.0253618
2 0.515888 0.125968 0.0335068 0.0143247
5 0.973383 0.166071 0.0523404 0.0588878
0 0.195871 0.0776017 0.022902 0.0152006
2 0.463321 0.108629 0.0211049 0.0103838
5 0.981477 0.165892 0.037046 0.0576002
0 0.224555 0.0773415 0.0208648 0.0161847
0 0.141802 0.0776 0.0305196 0.0155821
2 0.542298 0.11861 0.0375535 0.0141268
2 0.930188 0.310399 0.139624 0.0607594
2 0.638406 0.220967 0.0794153 0.0353676
2 0.534164 0.262254 0.0876183 0.0453248
2 0.806463 0.246642 0.100571 0.0425577
2 0.525008 0.20848 0.0722168 0.0366683
2 0.49288 0.142342 0.0355509 0.0167473
2 0.633988 0.162624 0.0512404 0.0235981
2 0.539755 0.143489 0.0361577 0.017074
2 0.694389 0.18537 0.0714254 0.0357476
2 0.509175 0.183893 0.0551146 0.0275134
2 0.778264 0.151633 0.0381885 0.0239848
5 0.658306 0.119793 0.0697159 0.0356926
2 0.608617 0.151537 0.0395581 0.0189181
2 0.467301 0.125072 0.0280056 0.0169476
2 0.86161 0.143761 0.0530209 0.0199575
2 0.911912 0.211093 0.0883555 0.0371402
2 0.742294 0.16278 0.046283 0.0237614
2 0.582171 0.138471 0.0326699 0.0148801
2 0.828923 0.134414 0.0339959 0.0166018
2 0.697385 0.148473 0.042051 0.0190166
2 0.547326 0.119848 0.0282377 0.0128611
0 0.0706468 0.0772519 0.0610099 0.0481207
2 0.771202 0.130323 0.0324822 0.0136471
5 0.764914 0.116366 0.04441 0.0351124
2 0.697189 0.151626 0.0454247 0.0253618
2 0.515888 0.125968 0.0335068 0.0143247
5 0.973383 0.166071 0.0523404 0.0588878
0 0.195871 0.0776017 0.022902 0.0152006
2 0.463321 0.108629 0.0211049 0.0103838
5 0.981477 0.165892 0.037046 0.0576002
0 0.224555 0.0773415 0.0208648 0.0161847
0 0.141802 0.0776 0.0305196 0.0155821
2 0.542298 0.11861 0.0375535 0.0141268
2 0.929555 0.311321 0.140891 0.0625715
2 0.806198 0.247452 0.0999135 0.043307
2 0.53421 0.262653 0.0891198 0.0451508
2 0.638618 0.221293 0.0801089 0.0359776
2 0.525904 0.209144 0.0700799 0.0376895
5 0.659118 0.119741 0.0701731 0.0360487
2 0.695027 0.18513 0.0708859 0.0359704
2 0.633878 0.162893 0.0525326 0.0224078
2 0.492756 0.141737 0.0372182 0.0190101
2 0.60685 0.150055 0.037183 0.0184369
2 0.538608 0.143956 0.037065 0.0182261
2 0.509728 0.183429 0.0578425 0.0283013
2 0.910491 0.211784 0.0919685 0.0384433
2 0.696637 0.149306 0.0410139 0.0217801
2 0.672276 0.877056 0.403564 0.244482
2 0.929555 0.311321 0.140891 0.0625715
2 0.806198 0.247452 0.0999135 0.043307
2 0.53421 0.262653 0.0891198 0.0451508
2 0.638618 0.221293 0.0801089 0.0359776
2 0.525904 0.209144 0.0700799 0.0376895
5 0.659118 0.119741 0.0701731 0.0360487
2 0.695027 0.18513 0.0708859 0.0359704
2 0.633878 0.162893 0.0525326 0.0224078
2 0.492756 0.141737 0.0372182 0.0190101
2 0.60685 0.150055 0.037183 0.0184369
2 0.538608 0.143956 0.037065 0.0182261
2 0.509728 0.183429 0.0578425 0.0283013
2 0.910491 0.211784 0.0919685 0.0384433
2 0.696637 0.149306 0.0410139 0.0217801
2 0.672276 0.877056 0.403564 0.244482
