2 0.0975645 0.718519 0.155855 0.223904
2 0.374778 0.779996 0.106579 0.251579
2 0.537406 0.689874 0.0893389 0.201528
5 0.823269 0.348658 0.239193 0.256932
2 0.621375 0.546738 0.0790097 0.138919
2 0.04255 0.604017 0.0818846 0.204023
2 0.721572 0.842875 0.15293 0.307028
2 0.500551 0.483469 0.0626282 0.10999
2 0.930854 0.603773 0.13708 0.15235
2 0.402152 0.514126 0.0681774 0.122335
2 0.028163 0.916729 0.0559888 0.159425
2 0.124437 0.481605 0.0898937 0.118517
2 0.544373 0.945921 0.117474 0.104486
2 0.434406 0.354397 0.0395189 0.0723904
2 0.815306 0.24006 0.045059 0.0447518
2 0.502929 0.332837 0.0417765 0.0726227
2 0.351249 0.276991 0.0347144 0.0510094
2 0.2943 0.292059 0.0414982 0.0564651
2 0.258901 0.330514 0.0525435 0.0574228
5 0.280734 0.229857 0.0780606 0.105904
5 0.291953 0.216929 0.10201 0.135349
2 0.318023 0.260807 0.0337119 0.0566257
2 0.5613 0.348247 0.042982 0.0700363
7 0.200991 0.505151 0.136602 0.247761
2 0.99522 0.738947 0.00897064 0.116629
2 0.206368 0.387871 0.0652989 0.0724786
2 0.263026 0.412745 0.069089 0.132623
2 0.135404 0.242849 0.0544912 0.0396299
0 0.166043 0.310685 0.0165755 0.0578135
2 0.553197 0.302146 0.0356442 0.0566285
7 0.590268 0.417061 0.0560371 0.1205
2 0.726727 0.208317 0.0270144 0.0324027
2 0.590261 0.41685 0.0560655 0.120467
2 0.293756 0.362872 0.0550643 0.0850583
2 0.840315 0.218083 0.0280231 0.029552
2 0.496644 0.2745 0.0351268 0.0648978
2 0.531681 0.221082 0.0223158 0.0252323
2 0.537623 0.259998 0.0289906 0.0516541
5 0.36771 0.22717 0.0415196 0.0848529
2 0.388474 0.165979 0.0206553 0.0355601
2 0.441039 0.305168 0.0326134 0.0735471
2 0.0699096 0.259241 0.047204 0.0396942
0 0.105405 0.35768 0.0222105 0.100726
7 0.367644 0.225525 0.0427114 0.0814251
0 0.00628394 0.458528 0.0125426 0.0832149
0 0.0560824 0.425807 0.0167628 0.0715139
0 0.0424911 0.406608 0.0142156 0.0826443
0 0.104268 0.369544 0.0185423 0.0749469
2 0.701795 0.179185 0.0223635 0.0280378
0 0.129232 0.335769 0.0147417 0.0567383
2 0.282708 0.357253 0.0766913 0.0935138
7 0.748545 0.166678 0.034823 0.0412921
2 0.220151 0.155015 0.0213629 0.0254607
2 0.450286 0.26005 0.0320007 0.0476388
2 0.0975645 0.718519 0.155855 0.223904
2 0.374778 0.779996 0.106579 0.251579
2 0.537406 0.689874 0.0893389 0.201528
5 0.823269 0.348658 0.239193 0.256932
2 0.621375 0.546738 0.0790097 0.138919
2 0.04255 0.604017 0.0818846 0.204023
2 0.721572 0.842875 0.15293 0.307028
2 0.500551 0.483469 0.0626282 0.10999
2 0.930854 0.603773 0.13708 0.15235
2 0.402152 0.514126 0.0681774 0.122335
2 0.028163 0.916729 0.0559888 0.159425
2 0.124437 0.481605 0.0898937 0.118517
2 0.544373 0.945921 0.117474 0.104486
2 0.434406 0.354397 0.0395189 0.0723904
2 0.815306 0.24006 0.045059 0.0447518
2 0.502929 0.332837 0.0417765 0.0726227
2 0.351249 0.276991 0.0347144 0.0510094
2 0.2943 0.292059 0.0414982 0.0564651
2 0.258901 0.330514 0.0525435 0.0574228
5 0.280734 0.229857 0.0780606 0.105904
5 0.291953 0.216929 0.10201 0.135349
2 0.318023 0.260807 0.0337119 0.0566257
2 0.5613 0.348247 0.042982 0.0700363
7 0.200991 0.505151 0.136602 0.247761
2 0.99522 0.738947 0.00897064 0.116629
2 0.206368 0.387871 0.0652989 0.0724786
2 0.263026 0.412745 0.069089 0.132623
2 0.135404 0.242849 0.0544912 0.0396299
0 0.166043 0.310685 0.0165755 0.0578135
2 0.553197 0.302146 0.0356442 0.0566285
7 0.590268 0.417061 0.0560371 0.1205
2 0.726727 0.208317 0.0270144 0.0324027
2 0.590261 0.41685 0.0560655 0.120467
2 0.293756 0.362872 0.0550643 0.0850583
2 0.840315 0.218083 0.0280231 0.029552
2 0.496644 0.2745 0.0351268 0.0648978
2 0.531681 0.221082 0.0223158 0.0252323
2 0.537623 0.259998 0.0289906 0.0516541
5 0.36771 0.22717 0.0415196 0.0848529
2 0.388474 0.165979 0.0206553 0.0355601
2 0.441039 0.305168 0.0326134 0.0735471
2 0.0699096 0.259241 0.047204 0.0396942
0 0.105405 0.35768 0.0222105 0.100726
7 0.367644 0.225525 0.0427114 0.0814251
0 0.00628394 0.458528 0.0125426 0.0832149
0 0.0560824 0.425807 0.0167628 0.0715139
0 0.0424911 0.406608 0.0142156 0.0826443
0 0.104268 0.369544 0.0185423 0.0749469
2 0.701795 0.179185 0.0223635 0.0280378
0 0.129232 0.335769 0.0147417 0.0567383
2 0.282708 0.357253 0.0766913 0.0935138
7 0.748545 0.166678 0.034823 0.0412921
2 0.220151 0.155015 0.0213629 0.0254607
2 0.450286 0.26005 0.0320007 0.0476388
2 0.0975645 0.718519 0.155855 0.223904
2 0.374778 0.779996 0.106579 0.251579
2 0.537406 0.689874 0.0893389 0.201528
5 0.823269 0.348658 0.239193 0.256932
2 0.621375 0.546738 0.0790097 0.138919
2 0.04255 0.604017 0.0818846 0.204023
2 0.721572 0.842875 0.15293 0.307028
2 0.500551 0.483469 0.0626282 0.10999
2 0.930854 0.603773 0.13708 0.15235
2 0.402152 0.514126 0.0681774 0.122335
2 0.028163 0.916729 0.0559888 0.159425
2 0.124437 0.481605 0.0898937 0.118517
2 0.544373 0.945921 0.117474 0.104486
2 0.434406 0.354397 0.0395189 0.0723904
2 0.815306 0.24006 0.045059 0.0447518
2 0.502929 0.332837 0.0417765 0.0726227
2 0.351249 0.276991 0.0347144 0.0510094
2 0.2943 0.292059 0.0414982 0.0564651
2 0.258901 0.330514 0.0525435 0.0574228
5 0.280734 0.229857 0.0780606 0.105904
5 0.291953 0.216929 0.10201 0.135349
2 0.318023 0.260807 0.0337119 0.0566257
2 0.5613 0.348247 0.042982 0.0700363
7 0.200991 0.505151 0.136602 0.247761
2 0.99522 0.738947 0.00897064 0.116629
2 0.206368 0.387871 0.0652989 0.0724786
2 0.263026 0.412745 0.069089 0.132623
2 0.135404 0.242849 0.0544912 0.0396299
0 0.166043 0.310685 0.0165755 0.0578135
2 0.553197 0.302146 0.0356442 0.0566285
7 0.590268 0.417061 0.0560371 0.1205
2 0.726727 0.208317 0.0270144 0.0324027
2 0.590261 0.41685 0.0560655 0.120467
2 0.293756 0.362872 0.0550643 0.0850583
2 0.840315 0.218083 0.0280231 0.029552
2 0.496644 0.2745 0.0351268 0.0648978
2 0.531681 0.221082 0.0223158 0.0252323
2 0.537623 0.259998 0.0289906 0.0516541
5 0.36771 0.22717 0.0415196 0.0848529
2 0.388474 0.165979 0.0206553 0.0355601
2 0.441039 0.305168 0.0326134 0.0735471
2 0.0699096 0.259241 0.047204 0.0396942
0 0.105405 0.35768 0.0222105 0.100726
7 0.367644 0.225525 0.0427114 0.0814251
0 0.00628394 0.458528 0.0125426 0.0832149
0 0.0560824 0.425807 0.0167628 0.0715139
0 0.0424911 0.406608 0.0142156 0.0826443
0 0.104268 0.369544 0.0185423 0.0749469
2 0.701795 0.179185 0.0223635 0.0280378
0 0.129232 0.335769 0.0147417 0.0567383
2 0.282708 0.357253 0.0766913 0.0935138
7 0.748545 0.166678 0.034823 0.0412921
2 0.220151 0.155015 0.0213629 0.0254607
2 0.450286 0.26005 0.0320007 0.0476388
2 0.0975645 0.718519 0.155855 0.223904
2 0.374778 0.779996 0.106579 0.251579
2 0.537406 0.689874 0.0893389 0.201528
5 0.823269 0.348658 0.239193 0.256932
2 0.621375 0.546738 0.0790097 0.138919
2 0.04255 0.604017 0.0818846 0.204023
2 0.721572 0.842875 0.15293 0.307028
2 0.500551 0.483469 0.0626282 0.10999
2 0.930854 0.603773 0.13708 0.15235
2 0.402152 0.514126 0.0681774 0.122335
2 0.028163 0.916729 0.0559888 0.159425
2 0.124437 0.481605 0.0898937 0.118517
2 0.544373 0.945921 0.117474 0.104486
2 0.434406 0.354397 0.0395189 0.0723904
2 0.815306 0.24006 0.045059 0.0447518
2 0.502929 0.332837 0.0417765 0.0726227
2 0.351249 0.276991 0.0347144 0.0510094
2 0.2943 0.292059 0.0414982 0.0564651
2 0.258901 0.330514 0.0525435 0.0574228
5 0.280734 0.229857 0.0780606 0.105904
5 0.291953 0.216929 0.10201 0.135349
2 0.318023 0.260807 0.0337119 0.0566257
2 0.5613 0.348247 0.042982 0.0700363
7 0.200991 0.505151 0.136602 0.247761
2 0.99522 0.738947 0.00897064 0.116629
2 0.206368 0.387871 0.0652989 0.0724786
2 0.263026 0.412745 0.069089 0.132623
2 0.135404 0.242849 0.0544912 0.0396299
0 0.166043 0.310685 0.0165755 0.0578135
2 0.553197 0.302146 0.0356442 0.0566285
7 0.590268 0.417061 0.0560371 0.1205
2 0.726727 0.208317 0.0270144 0.0324027
2 0.590261 0.41685 0.0560655 0.120467
2 0.293756 0.362872 0.0550643 0.0850583
2 0.840315 0.218083 0.0280231 0.029552
2 0.496644 0.2745 0.0351268 0.0648978
2 0.531681 0.221082 0.0223158 0.0252323
2 0.537623 0.259998 0.0289906 0.0516541
5 0.36771 0.22717 0.0415196 0.0848529
2 0.388474 0.165979 0.0206553 0.0355601
2 0.441039 0.305168 0.0326134 0.0735471
2 0.0699096 0.259241 0.047204 0.0396942
0 0.105405 0.35768 0.0222105 0.100726
7 0.367644 0.225525 0.0427114 0.0814251
0 0.00628394 0.458528 0.0125426 0.0832149
0 0.0560824 0.425807 0.0167628 0.0715139
0 0.0424911 0.406608 0.0142156 0.0826443
0 0.104268 0.369544 0.0185423 0.0749469
2 0.701795 0.179185 0.0223635 0.0280378
0 0.129232 0.335769 0.0147417 0.0567383
2 0.282708 0.357253 0.0766913 0.0935138
7 0.748545 0.166678 0.034823 0.0412921
2 0.220151 0.155015 0.0213629 0.0254607
2 0.450286 0.26005 0.0320007 0.0476388
2 0.0975645 0.718519 0.155855 0.223904
2 0.374778 0.779996 0.106579 0.251579
2 0.537406 0.689874 0.0893389 0.201528
5 0.823269 0.348658 0.239193 0.256932
2 0.621375 0.546738 0.0790097 0.138919
2 0.04255 0.604017 0.0818846 0.204023
2 0.721572 0.842875 0.15293 0.307028
2 0.500551 0.483469 0.0626282 0.10999
2 0.930854 0.603773 0.13708 0.15235
2 0.402152 0.514126 0.0681774 0.122335
2 0.028163 0.916729 0.0559888 0.159425
2 0.124437 0.481605 0.0898937 0.118517
2 0.544373 0.945921 0.117474 0.104486
2 0.434406 0.354397 0.0395189 0.0723904
2 0.815306 0.24006 0.045059 0.0447518
2 0.502929 0.332837 0.0417765 0.0726227
2 0.351249 0.276991 0.0347144 0.0510094
2 0.2943 0.292059 0.0414982 0.0564651
2 0.258901 0.330514 0.0525435 0.0574228
5 0.280734 0.229857 0.0780606 0.105904
5 0.291953 0.216929 0.10201 0.135349
2 0.318023 0.260807 0.0337119 0.0566257
2 0.5613 0.348247 0.042982 0.0700363
7 0.200991 0.505151 0.136602 0.247761
2 0.99522 0.738947 0.00897064 0.116629
2 0.206368 0.387871 0.0652989 0.0724786
2 0.263026 0.412745 0.069089 0.132623
2 0.135404 0.242849 0.0544912 0.0396299
0 0.166043 0.310685 0.0165755 0.0578135
2 0.553197 0.302146 0.0356442 0.0566285
7 0.590268 0.417061 0.0560371 0.1205
2 0.726727 0.208317 0.0270144 0.0324027
2 0.590261 0.41685 0.0560655 0.120467
2 0.293756 0.362872 0.0550643 0.0850583
2 0.840315 0.218083 0.0280231 0.029552
2 0.496644 0.2745 0.0351268 0.0648978
2 0.531681 0.221082 0.0223158 0.0252323
2 0.537623 0.259998 0.0289906 0.0516541
5 0.36771 0.22717 0.0415196 0.0848529
2 0.388474 0.165979 0.0206553 0.0355601
2 0.441039 0.305168 0.0326134 0.0735471
2 0.0699096 0.259241 0.047204 0.0396942
0 0.105405 0.35768 0.0222105 0.100726
7 0.367644 0.225525 0.0427114 0.0814251
0 0.00628394 0.458528 0.0125426 0.0832149
0 0.0560824 0.425807 0.0167628 0.0715139
0 0.0424911 0.406608 0.0142156 0.0826443
0 0.104268 0.369544 0.0185423 0.0749469
2 0.701795 0.179185 0.0223635 0.0280378
0 0.129232 0.335769 0.0147417 0.0567383
2 0.282708 0.357253 0.0766913 0.0935138
7 0.748545 0.166678 0.034823 0.0412921
2 0.220151 0.155015 0.0213629 0.0254607
2 0.450286 0.26005 0.0320007 0.0476388
2 0.0975645 0.718519 0.155855 0.223904
2 0.374778 0.779996 0.106579 0.251579
2 0.537406 0.689874 0.0893389 0.201528
5 0.823269 0.348658 0.239193 0.256932
2 0.621375 0.546738 0.0790097 0.138919
2 0.04255 0.604017 0.0818846 0.204023
2 0.721572 0.842875 0.15293 0.307028
2 0.500551 0.483469 0.0626282 0.10999
2 0.930854 0.603773 0.13708 0.15235
2 0.402152 0.514126 0.0681774 0.122335
2 0.028163 0.916729 0.0559888 0.159425
2 0.124437 0.481605 0.0898937 0.118517
2 0.544373 0.945921 0.117474 0.104486
2 0.434406 0.354397 0.0395189 0.0723904
2 0.815306 0.24006 0.045059 0.0447518
2 0.502929 0.332837 0.0417765 0.0726227
2 0.351249 0.276991 0.0347144 0.0510094
2 0.2943 0.292059 0.0414982 0.0564651
2 0.258901 0.330514 0.0525435 0.0574228
5 0.280734 0.229857 0.0780606 0.105904
5 0.291953 0.216929 0.10201 0.135349
2 0.318023 0.260807 0.0337119 0.0566257
2 0.5613 0.348247 0.042982 0.0700363
7 0.200991 0.505151 0.136602 0.247761
2 0.99522 0.738947 0.00897064 0.116629
2 0.206368 0.387871 0.0652989 0.0724786
2 0.263026 0.412745 0.069089 0.132623
2 0.135404 0.242849 0.0544912 0.0396299
0 0.166043 0.310685 0.0165755 0.0578135
2 0.553197 0.302146 0.0356442 0.0566285
7 0.590268 0.417061 0.0560371 0.1205
2 0.726727 0.208317 0.0270144 0.0324027
2 0.590261 0.41685 0.0560655 0.120467
2 0.293756 0.362872 0.0550643 0.0850583
2 0.840315 0.218083 0.0280231 0.029552
2 0.496644 0.2745 0.0351268 0.0648978
2 0.531681 0.221082 0.0223158 0.0252323
2 0.537623 0.259998 0.0289906 0.0516541
5 0.36771 0.22717 0.0415196 0.0848529
2 0.388474 0.165979 0.0206553 0.0355601
2 0.441039 0.305168 0.0326134 0.0735471
2 0.0699096 0.259241 0.047204 0.0396942
0 0.105405 0.35768 0.0222105 0.100726
7 0.367644 0.225525 0.0427114 0.0814251
0 0.00628394 0.458528 0.0125426 0.0832149
0 0.0560824 0.425807 0.0167628 0.0715139
0 0.0424911 0.406608 0.0142156 0.0826443
0 0.104268 0.369544 0.0185423 0.0749469
2 0.701795 0.179185 0.0223635 0.0280378
0 0.129232 0.335769 0.0147417 0.0567383
2 0.282708 0.357253 0.0766913 0.0935138
7 0.748545 0.166678 0.034823 0.0412921
2 0.220151 0.155015 0.0213629 0.0254607
2 0.450286 0.26005 0.0320007 0.0476388
2 0.0975645 0.718519 0.155855 0.223904
2 0.374778 0.779996 0.106579 0.251579
2 0.537406 0.689874 0.0893389 0.201528
5 0.823269 0.348658 0.239193 0.256932
2 0.621375 0.546738 0.0790097 0.138919
2 0.04255 0.604017 0.0818846 0.204023
2 0.721572 0.842875 0.15293 0.307028
2 0.500551 0.483469 0.0626282 0.10999
2 0.930854 0.603773 0.13708 0.15235
2 0.402152 0.514126 0.0681774 0.122335
2 0.028163 0.916729 0.0559888 0.159425
2 0.124437 0.481605 0.0898937 0.118517
2 0.544373 0.945921 0.117474 0.104486
2 0.434406 0.354397 0.0395189 0.0723904
2 0.815306 0.24006 0.045059 0.0447518
2 0.502929 0.332837 0.0417765 0.0726227
2 0.351249 0.276991 0.0347144 0.0510094
2 0.2943 0.292059 0.0414982 0.0564651
2 0.258901 0.330514 0.0525435 0.0574228
5 0.280734 0.229857 0.0780606 0.105904
5 0.291953 0.216929 0.10201 0.135349
2 0.318023 0.260807 0.0337119 0.0566257
2 0.5613 0.348247 0.042982 0.0700363
7 0.200991 0.505151 0.136602 0.247761
2 0.99522 0.738947 0.00897064 0.116629
2 0.206368 0.387871 0.0652989 0.0724786
2 0.263026 0.412745 0.069089 0.132623
2 0.135404 0.242849 0.0544912 0.0396299
0 0.166043 0.310685 0.0165755 0.0578135
2 0.553197 0.302146 0.0356442 0.0566285
7 0.590268 0.417061 0.0560371 0.1205
2 0.726727 0.208317 0.0270144 0.0324027
2 0.590261 0.41685 0.0560655 0.120467
2 0.293756 0.362872 0.0550643 0.0850583
2 0.840315 0.218083 0.0280231 0.029552
2 0.496644 0.2745 0.0351268 0.0648978
2 0.531681 0.221082 0.0223158 0.0252323
2 0.537623 0.259998 0.0289906 0.0516541
5 0.36771 0.22717 0.0415196 0.0848529
2 0.388474 0.165979 0.0206553 0.0355601
2 0.441039 0.305168 0.0326134 0.0735471
2 0.0699096 0.259241 0.047204 0.0396942
0 0.105405 0.35768 0.0222105 0.100726
7 0.367644 0.225525 0.0427114 0.0814251
0 0.00628394 0.458528 0.0125426 0.0832149
0 0.0560824 0.425807 0.0167628 0.0715139
0 0.0424911 0.406608 0.0142156 0.0826443
0 0.104268 0.369544 0.0185423 0.0749469
2 0.701795 0.179185 0.0223635 0.0280378
0 0.129232 0.335769 0.0147417 0.0567383
2 0.282708 0.357253 0.0766913 0.0935138
7 0.748545 0.166678 0.034823 0.0412921
2 0.220151 0.155015 0.0213629 0.0254607
2 0.450286 0.26005 0.0320007 0.0476388
2 0.0975645 0.718519 0.155855 0.223904
2 0.374778 0.779996 0.106579 0.251579
2 0.537406 0.689874 0.0893389 0.201528
5 0.823269 0.348658 0.239193 0.256932
2 0.621375 0.546738 0.0790097 0.138919
2 0.04255 0.604017 0.0818846 0.204023
2 0.721572 0.842875 0.15293 0.307028
2 0.500551 0.483469 0.0626282 0.10999
2 0.930854 0.603773 0.13708 0.15235
2 0.402152 0.514126 0.0681774 0.122335
2 0.028163 0.916729 0.0559888 0.159425
2 0.124437 0.481605 0.0898937 0.118517
2 0.544373 0.945921 0.117474 0.104486
2 0.434406 0.354397 0.0395189 0.0723904
2 0.815306 0.24006 0.045059 0.0447518
2 0.502929 0.332837 0.0417765 0.0726227
2 0.351249 0.276991 0.0347144 0.0510094
2 0.2943 0.292059 0.0414982 0.0564651
2 0.258901 0.330514 0.0525435 0.0574228
5 0.280734 0.229857 0.0780606 0.105904
5 0.291953 0.216929 0.10201 0.135349
2 0.318023 0.260807 0.0337119 0.0566257
2 0.5613 0.348247 0.042982 0.0700363
7 0.200991 0.505151 0.136602 0.247761
2 0.99522 0.738947 0.00897064 0.116629
2 0.206368 0.387871 0.0652989 0.0724786
2 0.263026 0.412745 0.069089 0.132623
2 0.135404 0.242849 0.0544912 0.0396299
0 0.166043 0.310685 0.0165755 0.0578135
2 0.553197 0.302146 0.0356442 0.0566285
7 0.590268 0.417061 0.0560371 0.1205
2 0.726727 0.208317 0.0270144 0.0324027
2 0.590261 0.41685 0.0560655 0.120467
2 0.293756 0.362872 0.0550643 0.0850583
2 0.840315 0.218083 0.0280231 0.029552
2 0.496644 0.2745 0.0351268 0.0648978
2 0.531681 0.221082 0.0223158 0.0252323
2 0.537623 0.259998 0.0289906 0.0516541
5 0.36771 0.22717 0.0415196 0.0848529
2 0.388474 0.165979 0.0206553 0.0355601
2 0.441039 0.305168 0.0326134 0.0735471
2 0.0699096 0.259241 0.047204 0.0396942
0 0.105405 0.35768 0.0222105 0.100726
7 0.367644 0.225525 0.0427114 0.0814251
0 0.00628394 0.458528 0.0125426 0.0832149
0 0.0560824 0.425807 0.0167628 0.0715139
0 0.0424911 0.406608 0.0142156 0.0826443
0 0.104268 0.369544 0.0185423 0.0749469
2 0.701795 0.179185 0.0223635 0.0280378
0 0.129232 0.335769 0.0147417 0.0567383
2 0.282708 0.357253 0.0766913 0.0935138
7 0.748545 0.166678 0.034823 0.0412921
2 0.220151 0.155015 0.0213629 0.0254607
2 0.450286 0.26005 0.0320007 0.0476388
2 0.0975645 0.718519 0.155855 0.223904
2 0.374778 0.779996 0.106579 0.251579
2 0.537406 0.689874 0.0893389 0.201528
5 0.823269 0.348658 0.239193 0.256932
2 0.621375 0.546738 0.0790097 0.138919
2 0.04255 0.604017 0.0818846 0.204023
2 0.721572 0.842875 0.15293 0.307028
2 0.500551 0.483469 0.0626282 0.10999
2 0.930854 0.603773 0.13708 0.15235
2 0.402152 0.514126 0.0681774 0.122335
2 0.028163 0.916729 0.0559888 0.159425
2 0.124437 0.481605 0.0898937 0.118517
2 0.544373 0.945921 0.117474 0.104486
2 0.434406 0.354397 0.0395189 0.0723904
2 0.815306 0.24006 0.045059 0.0447518
2 0.502929 0.332837 0.0417765 0.0726227
2 0.351249 0.276991 0.0347144 0.0510094
2 0.2943 0.292059 0.0414982 0.0564651
2 0.258901 0.330514 0.0525435 0.0574228
5 0.280734 0.229857 0.0780606 0.105904
5 0.291953 0.216929 0.10201 0.135349
2 0.318023 0.260807 0.0337119 0.0566257
2 0.5613 0.348247 0.042982 0.0700363
7 0.200991 0.505151 0.136602 0.247761
2 0.99522 0.738947 0.00897064 0.116629
2 0.206368 0.387871 0.0652989 0.0724786
2 0.263026 0.412745 0.069089 0.132623
2 0.135404 0.242849 0.0544912 0.0396299
0 0.166043 0.310685 0.0165755 0.0578135
2 0.553197 0.302146 0.0356442 0.0566285
7 0.590268 0.417061 0.0560371 0.1205
2 0.726727 0.208317 0.0270144 0.0324027
2 0.590261 0.41685 0.0560655 0.120467
2 0.293756 0.362872 0.0550643 0.0850583
2 0.840315 0.218083 0.0280231 0.029552
2 0.496644 0.2745 0.0351268 0.0648978
2 0.531681 0.221082 0.0223158 0.0252323
2 0.537623 0.259998 0.0289906 0.0516541
5 0.36771 0.22717 0.0415196 0.0848529
2 0.388474 0.165979 0.0206553 0.0355601
2 0.441039 0.305168 0.0326134 0.0735471
2 0.0699096 0.259241 0.047204 0.0396942
0 0.105405 0.35768 0.0222105 0.100726
7 0.367644 0.225525 0.0427114 0.0814251
0 0.00628394 0.458528 0.0125426 0.0832149
0 0.0560824 0.425807 0.0167628 0.0715139
0 0.0424911 0.406608 0.0142156 0.0826443
0 0.104268 0.369544 0.0185423 0.0749469
2 0.701795 0.179185 0.0223635 0.0280378
0 0.129232 0.335769 0.0147417 0.0567383
2 0.282708 0.357253 0.0766913 0.0935138
7 0.748545 0.166678 0.034823 0.0412921
2 0.220151 0.155015 0.0213629 0.0254607
2 0.450286 0.26005 0.0320007 0.0476388
2 0.0975645 0.718519 0.155855 0.223904
2 0.374778 0.779996 0.106579 0.251579
2 0.537406 0.689874 0.0893389 0.201528
5 0.823269 0.348658 0.239193 0.256932
2 0.621375 0.546738 0.0790097 0.138919
2 0.04255 0.604017 0.0818846 0.204023
2 0.721572 0.842875 0.15293 0.307028
2 0.500551 0.483469 0.0626282 0.10999
2 0.930854 0.603773 0.13708 0.15235
2 0.402152 0.514126 0.0681774 0.122335
2 0.028163 0.916729 0.0559888 0.159425
2 0.124437 0.481605 0.0898937 0.118517
2 0.544373 0.945921 0.117474 0.104486
2 0.434406 0.354397 0.0395189 0.0723904
2 0.815306 0.24006 0.045059 0.0447518
2 0.502929 0.332837 0.0417765 0.0726227
2 0.351249 0.276991 0.0347144 0.0510094
2 0.2943 0.292059 0.0414982 0.0564651
2 0.258901 0.330514 0.0525435 0.0574228
5 0.280734 0.229857 0.0780606 0.105904
5 0.291953 0.216929 0.10201 0.135349
2 0.318023 0.260807 0.0337119 0.0566257
2 0.5613 0.348247 0.042982 0.0700363
7 0.200991 0.505151 0.136602 0.247761
2 0.99522 0.738947 0.00897064 0.116629
2 0.206368 0.387871 0.0652989 0.0724786
2 0.263026 0.412745 0.069089 0.132623
2 0.135404 0.242849 0.0544912 0.0396299
0 0.166043 0.310685 0.0165755 0.0578135
2 0.553197 0.302146 0.0356442 0.0566285
7 0.590268 0.417061 0.0560371 0.1205
2 0.726727 0.208317 0.0270144 0.0324027
2 0.590261 0.41685 0.0560655 0.120467
2 0.293756 0.362872 0.0550643 0.0850583
2 0.840315 0.218083 0.0280231 0.029552
2 0.496644 0.2745 0.0351268 0.0648978
2 0.531681 0.221082 0.0223158 0.0252323
2 0.537623 0.259998 0.0289906 0.0516541
5 0.36771 0.22717 0.0415196 0.0848529
2 0.388474 0.165979 0.0206553 0.0355601
2 0.441039 0.305168 0.0326134 0.0735471
2 0.0699096 0.259241 0.047204 0.0396942
0 0.105405 0.35768 0.0222105 0.100726
7 0.367644 0.225525 0.0427114 0.0814251
0 0.00628394 0.458528 0.0125426 0.0832149
0 0.0560824 0.425807 0.0167628 0.0715139
0 0.0424911 0.406608 0.0142156 0.0826443
0 0.104268 0.369544 0.0185423 0.0749469
2 0.701795 0.179185 0.0223635 0.0280378
0 0.129232 0.335769 0.0147417 0.0567383
2 0.282708 0.357253 0.0766913 0.0935138
7 0.748545 0.166678 0.034823 0.0412921
2 0.220151 0.155015 0.0213629 0.0254607
2 0.450286 0.26005 0.0320007 0.0476388
2 0.0975645 0.718519 0.155855 0.223904
2 0.374778 0.779996 0.106579 0.251579
2 0.537406 0.689874 0.0893389 0.201528
5 0.823269 0.348658 0.239193 0.256932
2 0.621375 0.546738 0.0790097 0.138919
2 0.04255 0.604017 0.0818846 0.204023
2 0.721572 0.842875 0.15293 0.307028
2 0.500551 0.483469 0.0626282 0.10999
2 0.930854 0.603773 0.13708 0.15235
2 0.402152 0.514126 0.0681774 0.122335
2 0.028163 0.916729 0.0559888 0.159425
2 0.124437 0.481605 0.0898937 0.118517
2 0.544373 0.945921 0.117474 0.104486
2 0.434406 0.354397 0.0395189 0.0723904
2 0.815306 0.24006 0.045059 0.0447518
2 0.502929 0.332837 0.0417765 0.0726227
2 0.351249 0.276991 0.0347144 0.0510094
2 0.2943 0.292059 0.0414982 0.0564651
2 0.258901 0.330514 0.0525435 0.0574228
5 0.280734 0.229857 0.0780606 0.105904
5 0.291953 0.216929 0.10201 0.135349
2 0.318023 0.260807 0.0337119 0.0566257
2 0.5613 0.348247 0.042982 0.0700363
7 0.200991 0.505151 0.136602 0.247761
2 0.99522 0.738947 0.00897064 0.116629
2 0.206368 0.387871 0.0652989 0.0724786
2 0.263026 0.412745 0.069089 0.132623
2 0.135404 0.242849 0.0544912 0.0396299
0 0.166043 0.310685 0.0165755 0.0578135
2 0.553197 0.302146 0.0356442 0.0566285
7 0.590268 0.417061 0.0560371 0.1205
2 0.726727 0.208317 0.0270144 0.0324027
2 0.590261 0.41685 0.0560655 0.120467
2 0.293756 0.362872 0.0550643 0.0850583
2 0.840315 0.218083 0.0280231 0.029552
2 0.496644 0.2745 0.0351268 0.0648978
2 0.531681 0.221082 0.0223158 0.0252323
2 0.537623 0.259998 0.0289906 0.0516541
5 0.36771 0.22717 0.0415196 0.0848529
2 0.388474 0.165979 0.0206553 0.0355601
2 0.441039 0.305168 0.0326134 0.0735471
2 0.0699096 0.259241 0.047204 0.0396942
0 0.105405 0.35768 0.0222105 0.100726
7 0.367644 0.225525 0.0427114 0.0814251
0 0.00628394 0.458528 0.0125426 0.0832149
0 0.0560824 0.425807 0.0167628 0.0715139
0 0.0424911 0.406608 0.0142156 0.0826443
0 0.104268 0.369544 0.0185423 0.0749469
2 0.701795 0.179185 0.0223635 0.0280378
0 0.129232 0.335769 0.0147417 0.0567383
2 0.282708 0.357253 0.0766913 0.0935138
7 0.748545 0.166678 0.034823 0.0412921
2 0.220151 0.155015 0.0213629 0.0254607
2 0.450286 0.26005 0.0320007 0.0476388
2 0.93095 0.604704 0.13756 0.152336
2 0.374412 0.779976 0.107764 0.25222
2 0.537304 0.690222 0.08846 0.202457
5 0.823417 0.348988 0.239877 0.25603
2 0.0974716 0.718741 0.156575 0.228252
2 0.621303 0.546788 0.0795466 0.139656
2 0.402019 0.514495 0.0692662 0.120999
2 0.722004 0.841851 0.15426 0.306138
2 0.501178 0.483354 0.0617811 0.109119
2 0.122847 0.482924 0.0861487 0.117377
2 0.0283944 0.916333 0.0563187 0.15852
5 0.281225 0.228562 0.0771438 0.110792
2 0.0416133 0.602236 0.0830394 0.20351
2 0.261921 0.411823 0.0701293 0.134945
7 0.200503 0.504517 0.132879 0.25053
2 0.433486 0.354389 0.0381252 0.0698212
5 0.58301 0.202029 0.0614765 0.105485
2 0.545968 0.945552 0.115812 0.105401
2 0.502208 0.331186 0.0411347 0.0728126
0 0.165888 0.31113 0.017284 0.0561249
2 0.995158 0.740332 0.00886097 0.11403
7 0.590396 0.416707 0.0560043 0.120087
5 0.317006 0.189364 0.0552385 0.0862082
2 0.560812 0.347319 0.0437757 0.0690302
5 0.368669 0.227406 0.0391327 0.0827604
2 0.93095 0.604704 0.13756 0.152336
2 0.374412 0.779976 0.107764 0.25222
2 0.537304 0.690222 0.08846 0.202457
5 0.823417 0.348988 0.239877 0.25603
2 0.0974716 0.718741 0.156575 0.228252
2 0.621303 0.546788 0.0795466 0.139656
2 0.402019 0.514495 0.0692662 0.120999
2 0.722004 0.841851 0.15426 0.306138
2 0.501178 0.483354 0.0617811 0.109119
2 0.122847 0.482924 0.0861487 0.117377
2 0.0283944 0.916333 0.0563187 0.15852
5 0.281225 0.228562 0.0771438 0.110792
2 0.0416133 0.602236 0.0830394 0.20351
2 0.261921 0.411823 0.0701293 0.134945
7 0.200503 0.504517 0.132879 0.25053
2 0.433486 0.354389 0.0381252 0.0698212
5 0.58301 0.202029 0.0614765 0.105485
2 0.545968 0.945552 0.115812 0.105401
2 0.502208 0.331186 0.0411347 0.0728126
0 0.165888 0.31113 0.017284 0.0561249
2 0.995158 0.740332 0.00886097 0.11403
7 0.590396 0.416707 0.0560043 0.120087
5 0.317006 0.189364 0.0552385 0.0862082
2 0.560812 0.347319 0.0437757 0.0690302
5 0.368669 0.227406 0.0391327 0.0827604
