2 0.0959784 0.732472 0.157582 0.228037
2 0.653137 0.678439 0.100918 0.197208
2 0.354329 0.880834 0.130097 0.23016
2 0.550341 0.851738 0.110684 0.284439
2 0.390753 0.585362 0.0774572 0.147346
2 0.505605 0.56032 0.0707178 0.135266
5 0.924039 0.231984 0.151391 0.116329
2 0.117555 0.503833 0.0941803 0.119343
5 0.89556 0.760906 0.207241 0.460865
2 0.0277147 0.924379 0.0551425 0.145674
2 0.0399161 0.620482 0.078512 0.201961
5 0.882636 0.439233 0.233583 0.317613
2 0.832799 0.262479 0.0456835 0.0435158
2 0.504595 0.363097 0.0421428 0.0763377
2 0.565103 0.366919 0.0435637 0.0682856
2 0.768531 0.963961 0.127961 0.0676805
5 0.282016 0.245483 0.0765915 0.107285
2 0.433589 0.375671 0.0388017 0.0694505
5 0.318995 0.20777 0.0547691 0.0919382
2 0.554318 0.315955 0.034667 0.0548475
2 0.346238 0.296263 0.0363665 0.0530562
5 0.369932 0.244764 0.039281 0.0840537
2 0.607638 0.480496 0.0671385 0.142133
2 0.286052 0.313766 0.0419251 0.0530178
2 0.252325 0.350014 0.0530602 0.0564554
2 0.134901 0.256199 0.0573919 0.038263
2 0.196243 0.413477 0.0657451 0.0763467
2 0.201612 0.514484 0.135137 0.251877
2 0.263568 0.424079 0.0664713 0.130139
2 0.297814 0.37716 0.0471074 0.0875485
0 0.182235 0.318767 0.0155398 0.0595801
2 0.309351 0.28488 0.0378901 0.0576213
2 0.688575 0.184103 0.0191841 0.0325831
2 0.4407 0.320691 0.0338175 0.0831899
0 0.0581455 0.422279 0.0180727 0.11236
2 0.538123 0.274062 0.0298594 0.0550485
2 0.816223 0.219726 0.0288593 0.0257175
0 0.0816768 0.405186 0.0206061 0.0751758
2 0.49727 0.296988 0.0345522 0.0690415
0 0.106174 0.376831 0.0204049 0.0856333
0 0.1305 0.337627 0.0152768 0.0793844
5 0.647299 0.217876 0.050139 0.0877657
0 0.00712281 0.468205 0.0142456 0.0853136
0 0.0423869 0.407033 0.0169178 0.0747593
2 0.0705836 0.27046 0.0457305 0.038622
5 0.745517 0.255668 0.0436129 0.0624498
2 0.493411 0.245462 0.0260604 0.0309803
5 0.0314827 0.353714 0.062759 0.133998
2 0.451912 0.271828 0.0305773 0.0430005
2 0.0959784 0.732472 0.157582 0.228037
2 0.653137 0.678439 0.100918 0.197208
2 0.354329 0.880834 0.130097 0.23016
2 0.550341 0.851738 0.110684 0.284439
2 0.390753 0.585362 0.0774572 0.147346
2 0.505605 0.56032 0.0707178 0.135266
5 0.924039 0.231984 0.151391 0.116329
2 0.117555 0.503833 0.0941803 0.119343
5 0.89556 0.760906 0.207241 0.460865
2 0.0277147 0.924379 0.0551425 0.145674
2 0.0399161 0.620482 0.078512 0.201961
5 0.882636 0.439233 0.233583 0.317613
2 0.832799 0.262479 0.0456835 0.0435158
2 0.504595 0.363097 0.0421428 0.0763377
2 0.565103 0.366919 0.0435637 0.0682856
2 0.768531 0.963961 0.127961 0.0676805
5 0.282016 0.245483 0.0765915 0.107285
2 0.433589 0.375671 0.0388017 0.0694505
5 0.318995 0.20777 0.0547691 0.0919382
2 0.554318 0.315955 0.034667 0.0548475
2 0.346238 0.296263 0.0363665 0.0530562
5 0.369932 0.244764 0.039281 0.0840537
2 0.607638 0.480496 0.0671385 0.142133
2 0.286052 0.313766 0.0419251 0.0530178
2 0.252325 0.350014 0.0530602 0.0564554
2 0.134901 0.256199 0.0573919 0.038263
2 0.196243 0.413477 0.0657451 0.0763467
2 0.201612 0.514484 0.135137 0.251877
2 0.263568 0.424079 0.0664713 0.130139
2 0.297814 0.37716 0.0471074 0.0875485
0 0.182235 0.318767 0.0155398 0.0595801
2 0.309351 0.28488 0.0378901 0.0576213
2 0.688575 0.184103 0.0191841 0.0325831
2 0.4407 0.320691 0.0338175 0.0831899
0 0.0581455 0.422279 0.0180727 0.11236
2 0.538123 0.274062 0.0298594 0.0550485
2 0.816223 0.219726 0.0288593 0.0257175
0 0.0816768 0.405186 0.0206061 0.0751758
2 0.49727 0.296988 0.0345522 0.0690415
0 0.106174 0.376831 0.0204049 0.0856333
0 0.1305 0.337627 0.0152768 0.0793844
5 0.647299 0.217876 0.050139 0.0877657
0 0.00712281 0.468205 0.0142456 0.0853136
0 0.0423869 0.407033 0.0169178 0.0747593
2 0.0705836 0.27046 0.0457305 0.038622
5 0.745517 0.255668 0.0436129 0.0624498
2 0.493411 0.245462 0.0260604 0.0309803
5 0.0314827 0.353714 0.062759 0.133998
2 0.451912 0.271828 0.0305773 0.0430005
2 0.0959784 0.732472 0.157582 0.228037
2 0.653137 0.678439 0.100918 0.197208
2 0.354329 0.880834 0.130097 0.23016
2 0.550341 0.851738 0.110684 0.284439
2 0.390753 0.585362 0.0774572 0.147346
2 0.505605 0.56032 0.0707178 0.135266
5 0.924039 0.231984 0.151391 0.116329
2 0.117555 0.503833 0.0941803 0.119343
5 0.89556 0.760906 0.207241 0.460865
2 0.0277147 0.924379 0.0551425 0.145674
2 0.0399161 0.620482 0.078512 0.201961
5 0.882636 0.439233 0.233583 0.317613
2 0.832799 0.262479 0.0456835 0.0435158
2 0.504595 0.363097 0.0421428 0.0763377
2 0.565103 0.366919 0.0435637 0.0682856
2 0.768531 0.963961 0.127961 0.0676805
5 0.282016 0.245483 0.0765915 0.107285
2 0.433589 0.375671 0.0388017 0.0694505
5 0.318995 0.20777 0.0547691 0.0919382
2 0.554318 0.315955 0.034667 0.0548475
2 0.346238 0.296263 0.0363665 0.0530562
5 0.369932 0.244764 0.039281 0.0840537
2 0.607638 0.480496 0.0671385 0.142133
2 0.286052 0.313766 0.0419251 0.0530178
2 0.252325 0.350014 0.0530602 0.0564554
2 0.134901 0.256199 0.0573919 0.038263
2 0.196243 0.413477 0.0657451 0.0763467
2 0.201612 0.514484 0.135137 0.251877
2 0.263568 0.424079 0.0664713 0.130139
2 0.297814 0.37716 0.0471074 0.0875485
0 0.182235 0.318767 0.0155398 0.0595801
2 0.309351 0.28488 0.0378901 0.0576213
2 0.688575 0.184103 0.0191841 0.0325831
2 0.4407 0.320691 0.0338175 0.0831899
0 0.0581455 0.422279 0.0180727 0.11236
2 0.538123 0.274062 0.0298594 0.0550485
2 0.816223 0.219726 0.0288593 0.0257175
0 0.0816768 0.405186 0.0206061 0.0751758
2 0.49727 0.296988 0.0345522 0.0690415
0 0.106174 0.376831 0.0204049 0.0856333
0 0.1305 0.337627 0.0152768 0.0793844
5 0.647299 0.217876 0.050139 0.0877657
0 0.00712281 0.468205 0.0142456 0.0853136
0 0.0423869 0.407033 0.0169178 0.0747593
2 0.0705836 0.27046 0.0457305 0.038622
5 0.745517 0.255668 0.0436129 0.0624498
2 0.493411 0.245462 0.0260604 0.0309803
5 0.0314827 0.353714 0.062759 0.133998
2 0.451912 0.271828 0.0305773 0.0430005
2 0.0959784 0.732472 0.157582 0.228037
2 0.653137 0.678439 0.100918 0.197208
2 0.354329 0.880834 0.130097 0.23016
2 0.550341 0.851738 0.110684 0.284439
2 0.390753 0.585362 0.0774572 0.147346
2 0.505605 0.56032 0.0707178 0.135266
5 0.924039 0.231984 0.151391 0.116329
2 0.117555 0.503833 0.0941803 0.119343
5 0.89556 0.760906 0.207241 0.460865
2 0.0277147 0.924379 0.0551425 0.145674
2 0.0399161 0.620482 0.078512 0.201961
5 0.882636 0.439233 0.233583 0.317613
2 0.832799 0.262479 0.0456835 0.0435158
2 0.504595 0.363097 0.0421428 0.0763377
2 0.565103 0.366919 0.0435637 0.0682856
2 0.768531 0.963961 0.127961 0.0676805
5 0.282016 0.245483 0.0765915 0.107285
2 0.433589 0.375671 0.0388017 0.0694505
5 0.318995 0.20777 0.0547691 0.0919382
2 0.554318 0.315955 0.034667 0.0548475
2 0.346238 0.296263 0.0363665 0.0530562
5 0.369932 0.244764 0.039281 0.0840537
2 0.607638 0.480496 0.0671385 0.142133
2 0.286052 0.313766 0.0419251 0.0530178
2 0.252325 0.350014 0.0530602 0.0564554
2 0.134901 0.256199 0.0573919 0.038263
2 0.196243 0.413477 0.0657451 0.0763467
2 0.201612 0.514484 0.135137 0.251877
2 0.263568 0.424079 0.0664713 0.130139
2 0.297814 0.37716 0.0471074 0.0875485
0 0.182235 0.318767 0.0155398 0.0595801
2 0.309351 0.28488 0.0378901 0.0576213
2 0.688575 0.184103 0.0191841 0.0325831
2 0.4407 0.320691 0.0338175 0.0831899
0 0.0581455 0.422279 0.0180727 0.11236
2 0.538123 0.274062 0.0298594 0.0550485
2 0.816223 0.219726 0.0288593 0.0257175
0 0.0816768 0.405186 0.0206061 0.0751758
2 0.49727 0.296988 0.0345522 0.0690415
0 0.106174 0.376831 0.0204049 0.0856333
0 0.1305 0.337627 0.0152768 0.0793844
5 0.647299 0.217876 0.050139 0.0877657
0 0.00712281 0.468205 0.0142456 0.0853136
0 0.0423869 0.407033 0.0169178 0.0747593
2 0.0705836 0.27046 0.0457305 0.038622
5 0.745517 0.255668 0.0436129 0.0624498
2 0.493411 0.245462 0.0260604 0.0309803
5 0.0314827 0.353714 0.062759 0.133998
2 0.451912 0.271828 0.0305773 0.0430005
2 0.0959784 0.732472 0.157582 0.228037
2 0.653137 0.678439 0.100918 0.197208
2 0.354329 0.880834 0.130097 0.23016
2 0.550341 0.851738 0.110684 0.284439
2 0.390753 0.585362 0.0774572 0.147346
2 0.505605 0.56032 0.0707178 0.135266
5 0.924039 0.231984 0.151391 0.116329
2 0.117555 0.503833 0.0941803 0.119343
5 0.89556 0.760906 0.207241 0.460865
2 0.0277147 0.924379 0.0551425 0.145674
2 0.0399161 0.620482 0.078512 0.201961
5 0.882636 0.439233 0.233583 0.317613
2 0.832799 0.262479 0.0456835 0.0435158
2 0.504595 0.363097 0.0421428 0.0763377
2 0.565103 0.366919 0.0435637 0.0682856
2 0.768531 0.963961 0.127961 0.0676805
5 0.282016 0.245483 0.0765915 0.107285
2 0.433589 0.375671 0.0388017 0.0694505
5 0.318995 0.20777 0.0547691 0.0919382
2 0.554318 0.315955 0.034667 0.0548475
2 0.346238 0.296263 0.0363665 0.0530562
5 0.369932 0.244764 0.039281 0.0840537
2 0.607638 0.480496 0.0671385 0.142133
2 0.286052 0.313766 0.0419251 0.0530178
2 0.252325 0.350014 0.0530602 0.0564554
2 0.134901 0.256199 0.0573919 0.038263
2 0.196243 0.413477 0.0657451 0.0763467
2 0.201612 0.514484 0.135137 0.251877
2 0.263568 0.424079 0.0664713 0.130139
2 0.297814 0.37716 0.0471074 0.0875485
0 0.182235 0.318767 0.0155398 0.0595801
2 0.309351 0.28488 0.0378901 0.0576213
2 0.688575 0.184103 0.0191841 0.0325831
2 0.4407 0.320691 0.0338175 0.0831899
0 0.0581455 0.422279 0.0180727 0.11236
2 0.538123 0.274062 0.0298594 0.0550485
2 0.816223 0.219726 0.0288593 0.0257175
0 0.0816768 0.405186 0.0206061 0.0751758
2 0.49727 0.296988 0.0345522 0.0690415
0 0.106174 0.376831 0.0204049 0.0856333
0 0.1305 0.337627 0.0152768 0.0793844
5 0.647299 0.217876 0.050139 0.0877657
0 0.00712281 0.468205 0.0142456 0.0853136
0 0.0423869 0.407033 0.0169178 0.0747593
2 0.0705836 0.27046 0.0457305 0.038622
5 0.745517 0.255668 0.0436129 0.0624498
2 0.493411 0.245462 0.0260604 0.0309803
5 0.0314827 0.353714 0.062759 0.133998
2 0.451912 0.271828 0.0305773 0.0430005
2 0.0959784 0.732472 0.157582 0.228037
2 0.653137 0.678439 0.100918 0.197208
2 0.354329 0.880834 0.130097 0.23016
2 0.550341 0.851738 0.110684 0.284439
2 0.390753 0.585362 0.0774572 0.147346
2 0.505605 0.56032 0.0707178 0.135266
5 0.924039 0.231984 0.151391 0.116329
2 0.117555 0.503833 0.0941803 0.119343
5 0.89556 0.760906 0.207241 0.460865
2 0.0277147 0.924379 0.0551425 0.145674
2 0.0399161 0.620482 0.078512 0.201961
5 0.882636 0.439233 0.233583 0.317613
2 0.832799 0.262479 0.0456835 0.0435158
2 0.504595 0.363097 0.0421428 0.0763377
2 0.565103 0.366919 0.0435637 0.0682856
2 0.768531 0.963961 0.127961 0.0676805
5 0.282016 0.245483 0.0765915 0.107285
2 0.433589 0.375671 0.0388017 0.0694505
5 0.318995 0.20777 0.0547691 0.0919382
2 0.554318 0.315955 0.034667 0.0548475
2 0.346238 0.296263 0.0363665 0.0530562
5 0.369932 0.244764 0.039281 0.0840537
2 0.607638 0.480496 0.0671385 0.142133
2 0.286052 0.313766 0.0419251 0.0530178
2 0.252325 0.350014 0.0530602 0.0564554
2 0.134901 0.256199 0.0573919 0.038263
2 0.196243 0.413477 0.0657451 0.0763467
2 0.201612 0.514484 0.135137 0.251877
2 0.263568 0.424079 0.0664713 0.130139
2 0.297814 0.37716 0.0471074 0.0875485
0 0.182235 0.318767 0.0155398 0.0595801
2 0.309351 0.28488 0.0378901 0.0576213
2 0.688575 0.184103 0.0191841 0.0325831
2 0.4407 0.320691 0.0338175 0.0831899
0 0.0581455 0.422279 0.0180727 0.11236
2 0.538123 0.274062 0.0298594 0.0550485
2 0.816223 0.219726 0.0288593 0.0257175
0 0.0816768 0.405186 0.0206061 0.0751758
2 0.49727 0.296988 0.0345522 0.0690415
0 0.106174 0.376831 0.0204049 0.0856333
0 0.1305 0.337627 0.0152768 0.0793844
5 0.647299 0.217876 0.050139 0.0877657
0 0.00712281 0.468205 0.0142456 0.0853136
0 0.0423869 0.407033 0.0169178 0.0747593
2 0.0705836 0.27046 0.0457305 0.038622
5 0.745517 0.255668 0.0436129 0.0624498
2 0.493411 0.245462 0.0260604 0.0309803
5 0.0314827 0.353714 0.062759 0.133998
2 0.451912 0.271828 0.0305773 0.0430005
2 0.0959784 0.732472 0.157582 0.228037
2 0.653137 0.678439 0.100918 0.197208
2 0.354329 0.880834 0.130097 0.23016
2 0.550341 0.851738 0.110684 0.284439
2 0.390753 0.585362 0.0774572 0.147346
2 0.505605 0.56032 0.0707178 0.135266
5 0.924039 0.231984 0.151391 0.116329
2 0.117555 0.503833 0.0941803 0.119343
5 0.89556 0.760906 0.207241 0.460865
2 0.0277147 0.924379 0.0551425 0.145674
2 0.0399161 0.620482 0.078512 0.201961
5 0.882636 0.439233 0.233583 0.317613
2 0.832799 0.262479 0.0456835 0.0435158
2 0.504595 0.363097 0.0421428 0.0763377
2 0.565103 0.366919 0.0435637 0.0682856
2 0.768531 0.963961 0.127961 0.0676805
5 0.282016 0.245483 0.0765915 0.107285
2 0.433589 0.375671 0.0388017 0.0694505
5 0.318995 0.20777 0.0547691 0.0919382
2 0.554318 0.315955 0.034667 0.0548475
2 0.346238 0.296263 0.0363665 0.0530562
5 0.369932 0.244764 0.039281 0.0840537
2 0.607638 0.480496 0.0671385 0.142133
2 0.286052 0.313766 0.0419251 0.0530178
2 0.252325 0.350014 0.0530602 0.0564554
2 0.134901 0.256199 0.0573919 0.038263
2 0.196243 0.413477 0.0657451 0.0763467
2 0.201612 0.514484 0.135137 0.251877
2 0.263568 0.424079 0.0664713 0.130139
2 0.297814 0.37716 0.0471074 0.0875485
0 0.182235 0.318767 0.0155398 0.0595801
2 0.309351 0.28488 0.0378901 0.0576213
2 0.688575 0.184103 0.0191841 0.0325831
2 0.4407 0.320691 0.0338175 0.0831899
0 0.0581455 0.422279 0.0180727 0.11236
2 0.538123 0.274062 0.0298594 0.0550485
2 0.816223 0.219726 0.0288593 0.0257175
0 0.0816768 0.405186 0.0206061 0.0751758
2 0.49727 0.296988 0.0345522 0.0690415
0 0.106174 0.376831 0.0204049 0.0856333
0 0.1305 0.337627 0.0152768 0.0793844
5 0.647299 0.217876 0.050139 0.0877657
0 0.00712281 0.468205 0.0142456 0.0853136
0 0.0423869 0.407033 0.0169178 0.0747593
2 0.0705836 0.27046 0.0457305 0.038622
5 0.745517 0.255668 0.0436129 0.0624498
2 0.493411 0.245462 0.0260604 0.0309803
5 0.0314827 0.353714 0.062759 0.133998
2 0.451912 0.271828 0.0305773 0.0430005
2 0.0959784 0.732472 0.157582 0.228037
2 0.653137 0.678439 0.100918 0.197208
2 0.354329 0.880834 0.130097 0.23016
2 0.550341 0.851738 0.110684 0.284439
2 0.390753 0.585362 0.0774572 0.147346
2 0.505605 0.56032 0.0707178 0.135266
5 0.924039 0.231984 0.151391 0.116329
2 0.117555 0.503833 0.0941803 0.119343
5 0.89556 0.760906 0.207241 0.460865
2 0.0277147 0.924379 0.0551425 0.145674
2 0.0399161 0.620482 0.078512 0.201961
5 0.882636 0.439233 0.233583 0.317613
2 0.832799 0.262479 0.0456835 0.0435158
2 0.504595 0.363097 0.0421428 0.0763377
2 0.565103 0.366919 0.0435637 0.0682856
2 0.768531 0.963961 0.127961 0.0676805
5 0.282016 0.245483 0.0765915 0.107285
2 0.433589 0.375671 0.0388017 0.0694505
5 0.318995 0.20777 0.0547691 0.0919382
2 0.554318 0.315955 0.034667 0.0548475
2 0.346238 0.296263 0.0363665 0.0530562
5 0.369932 0.244764 0.039281 0.0840537
2 0.607638 0.480496 0.0671385 0.142133
2 0.286052 0.313766 0.0419251 0.0530178
2 0.252325 0.350014 0.0530602 0.0564554
2 0.134901 0.256199 0.0573919 0.038263
2 0.196243 0.413477 0.0657451 0.0763467
2 0.201612 0.514484 0.135137 0.251877
2 0.263568 0.424079 0.0664713 0.130139
2 0.297814 0.37716 0.0471074 0.0875485
0 0.182235 0.318767 0.0155398 0.0595801
2 0.309351 0.28488 0.0378901 0.0576213
2 0.688575 0.184103 0.0191841 0.0325831
2 0.4407 0.320691 0.0338175 0.0831899
0 0.0581455 0.422279 0.0180727 0.11236
2 0.538123 0.274062 0.0298594 0.0550485
2 0.816223 0.219726 0.0288593 0.0257175
0 0.0816768 0.405186 0.0206061 0.0751758
2 0.49727 0.296988 0.0345522 0.0690415
0 0.106174 0.376831 0.0204049 0.0856333
0 0.1305 0.337627 0.0152768 0.0793844
5 0.647299 0.217876 0.050139 0.0877657
0 0.00712281 0.468205 0.0142456 0.0853136
0 0.0423869 0.407033 0.0169178 0.0747593
2 0.0705836 0.27046 0.0457305 0.038622
5 0.745517 0.255668 0.0436129 0.0624498
2 0.493411 0.245462 0.0260604 0.0309803
5 0.0314827 0.353714 0.062759 0.133998
2 0.451912 0.271828 0.0305773 0.0430005
2 0.0959784 0.732472 0.157582 0.228037
2 0.653137 0.678439 0.100918 0.197208
2 0.354329 0.880834 0.130097 0.23016
2 0.550341 0.851738 0.110684 0.284439
2 0.390753 0.585362 0.0774572 0.147346
2 0.505605 0.56032 0.0707178 0.135266
5 0.924039 0.231984 0.151391 0.116329
2 0.117555 0.503833 0.0941803 0.119343
5 0.89556 0.760906 0.207241 0.460865
2 0.0277147 0.924379 0.0551425 0.145674
2 0.0399161 0.620482 0.078512 0.201961
5 0.882636 0.439233 0.233583 0.317613
2 0.832799 0.262479 0.0456835 0.0435158
2 0.504595 0.363097 0.0421428 0.0763377
2 0.565103 0.366919 0.0435637 0.0682856
2 0.768531 0.963961 0.127961 0.0676805
5 0.282016 0.245483 0.0765915 0.107285
2 0.433589 0.375671 0.0388017 0.0694505
5 0.318995 0.20777 0.0547691 0.0919382
2 0.554318 0.315955 0.034667 0.0548475
2 0.346238 0.296263 0.0363665 0.0530562
5 0.369932 0.244764 0.039281 0.0840537
2 0.607638 0.480496 0.0671385 0.142133
2 0.286052 0.313766 0.0419251 0.0530178
2 0.252325 0.350014 0.0530602 0.0564554
2 0.134901 0.256199 0.0573919 0.038263
2 0.196243 0.413477 0.0657451 0.0763467
2 0.201612 0.514484 0.135137 0.251877
2 0.263568 0.424079 0.0664713 0.130139
2 0.297814 0.37716 0.0471074 0.0875485
0 0.182235 0.318767 0.0155398 0.0595801
2 0.309351 0.28488 0.0378901 0.0576213
2 0.688575 0.184103 0.0191841 0.0325831
2 0.4407 0.320691 0.0338175 0.0831899
0 0.0581455 0.422279 0.0180727 0.11236
2 0.538123 0.274062 0.0298594 0.0550485
2 0.816223 0.219726 0.0288593 0.0257175
0 0.0816768 0.405186 0.0206061 0.0751758
2 0.49727 0.296988 0.0345522 0.0690415
0 0.106174 0.376831 0.0204049 0.0856333
0 0.1305 0.337627 0.0152768 0.0793844
5 0.647299 0.217876 0.050139 0.0877657
0 0.00712281 0.468205 0.0142456 0.0853136
0 0.0423869 0.407033 0.0169178 0.0747593
2 0.0705836 0.27046 0.0457305 0.038622
5 0.745517 0.255668 0.0436129 0.0624498
2 0.493411 0.245462 0.0260604 0.0309803
5 0.0314827 0.353714 0.062759 0.133998
2 0.451912 0.271828 0.0305773 0.0430005
2 0.0959784 0.732472 0.157582 0.228037
2 0.653137 0.678439 0.100918 0.197208
2 0.354329 0.880834 0.130097 0.23016
2 0.550341 0.851738 0.110684 0.284439
2 0.390753 0.585362 0.0774572 0.147346
2 0.505605 0.56032 0.0707178 0.135266
5 0.924039 0.231984 0.151391 0.116329
2 0.117555 0.503833 0.0941803 0.119343
5 0.89556 0.760906 0.207241 0.460865
2 0.0277147 0.924379 0.0551425 0.145674
2 0.0399161 0.620482 0.078512 0.201961
5 0.882636 0.439233 0.233583 0.317613
2 0.832799 0.262479 0.0456835 0.0435158
2 0.504595 0.363097 0.0421428 0.0763377
2 0.565103 0.366919 0.0435637 0.0682856
2 0.768531 0.963961 0.127961 0.0676805
5 0.282016 0.245483 0.0765915 0.107285
2 0.433589 0.375671 0.0388017 0.0694505
5 0.318995 0.20777 0.0547691 0.0919382
2 0.554318 0.315955 0.034667 0.0548475
2 0.346238 0.296263 0.0363665 0.0530562
5 0.369932 0.244764 0.039281 0.0840537
2 0.607638 0.480496 0.0671385 0.142133
2 0.286052 0.313766 0.0419251 0.0530178
2 0.252325 0.350014 0.0530602 0.0564554
2 0.134901 0.256199 0.0573919 0.038263
2 0.196243 0.413477 0.0657451 0.0763467
2 0.201612 0.514484 0.135137 0.251877
2 0.263568 0.424079 0.0664713 0.130139
2 0.297814 0.37716 0.0471074 0.0875485
0 0.182235 0.318767 0.0155398 0.0595801
2 0.309351 0.28488 0.0378901 0.0576213
2 0.688575 0.184103 0.0191841 0.0325831
2 0.4407 0.320691 0.0338175 0.0831899
0 0.0581455 0.422279 0.0180727 0.11236
2 0.538123 0.274062 0.0298594 0.0550485
2 0.816223 0.219726 0.0288593 0.0257175
0 0.0816768 0.405186 0.0206061 0.0751758
2 0.49727 0.296988 0.0345522 0.0690415
0 0.106174 0.376831 0.0204049 0.0856333
0 0.1305 0.337627 0.0152768 0.0793844
5 0.647299 0.217876 0.050139 0.0877657
0 0.00712281 0.468205 0.0142456 0.0853136
0 0.0423869 0.407033 0.0169178 0.0747593
2 0.0705836 0.27046 0.0457305 0.038622
5 0.745517 0.255668 0.0436129 0.0624498
2 0.493411 0.245462 0.0260604 0.0309803
5 0.0314827 0.353714 0.062759 0.133998
2 0.451912 0.271828 0.0305773 0.0430005
2 0.0959784 0.732472 0.157582 0.228037
2 0.653137 0.678439 0.100918 0.197208
2 0.354329 0.880834 0.130097 0.23016
2 0.550341 0.851738 0.110684 0.284439
2 0.390753 0.585362 0.0774572 0.147346
2 0.505605 0.56032 0.0707178 0.135266
5 0.924039 0.231984 0.151391 0.116329
2 0.117555 0.503833 0.0941803 0.119343
5 0.89556 0.760906 0.207241 0.460865
2 0.0277147 0.924379 0.0551425 0.145674
2 0.0399161 0.620482 0.078512 0.201961
5 0.882636 0.439233 0.233583 0.317613
2 0.832799 0.262479 0.0456835 0.0435158
2 0.504595 0.363097 0.0421428 0.0763377
2 0.565103 0.366919 0.0435637 0.0682856
2 0.768531 0.963961 0.127961 0.0676805
5 0.282016 0.245483 0.0765915 0.107285
2 0.433589 0.375671 0.0388017 0.0694505
5 0.318995 0.20777 0.0547691 0.0919382
2 0.554318 0.315955 0.034667 0.0548475
2 0.346238 0.296263 0.0363665 0.0530562
5 0.369932 0.244764 0.039281 0.0840537
2 0.607638 0.480496 0.0671385 0.142133
2 0.286052 0.313766 0.0419251 0.0530178
2 0.252325 0.350014 0.0530602 0.0564554
2 0.134901 0.256199 0.0573919 0.038263
2 0.196243 0.413477 0.0657451 0.0763467
2 0.201612 0.514484 0.135137 0.251877
2 0.263568 0.424079 0.0664713 0.130139
2 0.297814 0.37716 0.0471074 0.0875485
0 0.182235 0.318767 0.0155398 0.0595801
2 0.309351 0.28488 0.0378901 0.0576213
2 0.688575 0.184103 0.0191841 0.0325831
2 0.4407 0.320691 0.0338175 0.0831899
0 0.0581455 0.422279 0.0180727 0.11236
2 0.538123 0.274062 0.0298594 0.0550485
2 0.816223 0.219726 0.0288593 0.0257175
0 0.0816768 0.405186 0.0206061 0.0751758
2 0.49727 0.296988 0.0345522 0.0690415
0 0.106174 0.376831 0.0204049 0.0856333
0 0.1305 0.337627 0.0152768 0.0793844
5 0.647299 0.217876 0.050139 0.0877657
0 0.00712281 0.468205 0.0142456 0.0853136
0 0.0423869 0.407033 0.0169178 0.0747593
2 0.0705836 0.27046 0.0457305 0.038622
5 0.745517 0.255668 0.0436129 0.0624498
2 0.493411 0.245462 0.0260604 0.0309803
5 0.0314827 0.353714 0.062759 0.133998
2 0.451912 0.271828 0.0305773 0.0430005
5 0.882227 0.431533 0.234715 0.303151
2 0.0973736 0.731724 0.157205 0.228396
2 0.550341 0.850702 0.110357 0.282409
2 0.65298 0.679425 0.101198 0.198527
2 0.0396521 0.620971 0.0788857 0.202355
2 0.354903 0.882043 0.127321 0.229696
2 0.391478 0.585951 0.0782247 0.147135
2 0.115866 0.505711 0.0900002 0.120407
5 0.924447 0.22893 0.150428 0.111318
2 0.506273 0.560805 0.0714091 0.134558
7 0.607422 0.48123 0.0670054 0.141752
2 0.0278318 0.923613 0.0551806 0.143803
2 0.433586 0.372614 0.0390106 0.0727178
2 0.770698 0.964284 0.126402 0.0682688
2 0.263354 0.426706 0.0686113 0.130497
5 0.895118 0.759569 0.208748 0.45646
2 0.503412 0.362771 0.041358 0.0772058
2 0.83233 0.262564 0.045826 0.0451759
2 0.563558 0.366417 0.0441769 0.0689726
7 0.200544 0.518419 0.13289 0.249473
2 0.2988 0.377255 0.0490836 0.0872297
5 0.281952 0.243137 0.0757158 0.105877
5 0.318696 0.208399 0.0581308 0.0961382
2 0.135891 0.256367 0.0559482 0.0364023
0 0.18191 0.3187 0.0151218 0.0597371
2 0.287015 0.314329 0.0433422 0.0527154
5 0.882227 0.431533 0.234715 0.303151
2 0.0973736 0.731724 0.157205 0.228396
2 0.550341 0.850702 0.110357 0.282409
2 0.65298 0.679425 0.101198 0.198527
2 0.0396521 0.620971 0.0788857 0.202355
2 0.354903 0.882043 0.127321 0.229696
2 0.391478 0.585951 0.0782247 0.147135
2 0.115866 0.505711 0.0900002 0.120407
5 0.924447 0.22893 0.150428 0.111318
2 0.506273 0.560805 0.0714091 0.134558
7 0.607422 0.48123 0.0670054 0.141752
2 0.0278318 0.923613 0.0551806 0.143803
2 0.433586 0.372614 0.0390106 0.0727178
2 0.770698 0.964284 0.126402 0.0682688
2 0.263354 0.426706 0.0686113 0.130497
5 0.895118 0.759569 0.208748 0.45646
2 0.503412 0.362771 0.041358 0.0772058
2 0.83233 0.262564 0.045826 0.0451759
2 0.563558 0.366417 0.0441769 0.0689726
7 0.200544 0.518419 0.13289 0.249473
2 0.2988 0.377255 0.0490836 0.0872297
5 0.281952 0.243137 0.0757158 0.105877
5 0.318696 0.208399 0.0581308 0.0961382
2 0.135891 0.256367 0.0559482 0.0364023
0 0.18191 0.3187 0.0151218 0.0597371
2 0.287015 0.314329 0.0433422 0.0527154
5 0.882227 0.431533 0.234715 0.303151
2 0.0973736 0.731724 0.157205 0.228396
2 0.550341 0.850702 0.110357 0.282409
2 0.65298 0.679425 0.101198 0.198527
2 0.0396521 0.620971 0.0788857 0.202355
2 0.354903 0.882043 0.127321 0.229696
2 0.391478 0.585951 0.0782247 0.147135
2 0.115866 0.505711 0.0900002 0.120407
5 0.924447 0.22893 0.150428 0.111318
2 0.506273 0.560805 0.0714091 0.134558
7 0.607422 0.48123 0.0670054 0.141752
2 0.0278318 0.923613 0.0551806 0.143803
2 0.433586 0.372614 0.0390106 0.0727178
2 0.770698 0.964284 0.126402 0.0682688
2 0.263354 0.426706 0.0686113 0.130497
5 0.895118 0.759569 0.208748 0.45646
2 0.503412 0.362771 0.041358 0.0772058
2 0.83233 0.262564 0.045826 0.0451759
2 0.563558 0.366417 0.0441769 0.0689726
7 0.200544 0.518419 0.13289 0.249473
2 0.2988 0.377255 0.0490836 0.0872297
5 0.281952 0.243137 0.0757158 0.105877
5 0.318696 0.208399 0.0581308 0.0961382
2 0.135891 0.256367 0.0559482 0.0364023
0 0.18191 0.3187 0.0151218 0.0597371
2 0.287015 0.314329 0.0433422 0.0527154
5 0.882227 0.431533 0.234715 0.303151
2 0.0973736 0.731724 0.157205 0.228396
2 0.550341 0.850702 0.110357 0.282409
2 0.65298 0.679425 0.101198 0.198527
2 0.0396521 0.620971 0.0788857 0.202355
2 0.354903 0.882043 0.127321 0.229696
2 0.391478 0.585951 0.0782247 0.147135
2 0.115866 0.505711 0.0900002 0.120407
5 0.924447 0.22893 0.150428 0.111318
2 0.506273 0.560805 0.0714091 0.134558
7 0.607422 0.48123 0.0670054 0.141752
2 0.0278318 0.923613 0.0551806 0.143803
2 0.433586 0.372614 0.0390106 0.0727178
2 0.770698 0.964284 0.126402 0.0682688
2 0.263354 0.426706 0.0686113 0.130497
5 0.895118 0.759569 0.208748 0.45646
2 0.503412 0.362771 0.041358 0.0772058
2 0.83233 0.262564 0.045826 0.0451759
2 0.563558 0.366417 0.0441769 0.0689726
7 0.200544 0.518419 0.13289 0.249473
2 0.2988 0.377255 0.0490836 0.0872297
5 0.281952 0.243137 0.0757158 0.105877
5 0.318696 0.208399 0.0581308 0.0961382
2 0.135891 0.256367 0.0559482 0.0364023
0 0.18191 0.3187 0.0151218 0.0597371
2 0.287015 0.314329 0.0433422 0.0527154
5 0.882227 0.431533 0.234715 0.303151
2 0.0973736 0.731724 0.157205 0.228396
2 0.550341 0.850702 0.110357 0.282409
2 0.65298 0.679425 0.101198 0.198527
2 0.0396521 0.620971 0.0788857 0.202355
2 0.354903 0.882043 0.127321 0.229696
2 0.391478 0.585951 0.0782247 0.147135
2 0.115866 0.505711 0.0900002 0.120407
5 0.924447 0.22893 0.150428 0.111318
2 0.506273 0.560805 0.0714091 0.134558
7 0.607422 0.48123 0.0670054 0.141752
2 0.0278318 0.923613 0.0551806 0.143803
2 0.433586 0.372614 0.0390106 0.0727178
2 0.770698 0.964284 0.126402 0.0682688
2 0.263354 0.426706 0.0686113 0.130497
5 0.895118 0.759569 0.208748 0.45646
2 0.503412 0.362771 0.041358 0.0772058
2 0.83233 0.262564 0.045826 0.0451759
2 0.563558 0.366417 0.0441769 0.0689726
7 0.200544 0.518419 0.13289 0.249473
2 0.2988 0.377255 0.0490836 0.0872297
5 0.281952 0.243137 0.0757158 0.105877
5 0.318696 0.208399 0.0581308 0.0961382
2 0.135891 0.256367 0.0559482 0.0364023
0 0.18191 0.3187 0.0151218 0.0597371
2 0.287015 0.314329 0.0433422 0.0527154
5 0.882227 0.431533 0.234715 0.303151
2 0.0973736 0.731724 0.157205 0.228396
2 0.550341 0.850702 0.110357 0.282409
2 0.65298 0.679425 0.101198 0.198527
2 0.0396521 0.620971 0.0788857 0.202355
2 0.354903 0.882043 0.127321 0.229696
2 0.391478 0.585951 0.0782247 0.147135
2 0.115866 0.505711 0.0900002 0.120407
5 0.924447 0.22893 0.150428 0.111318
2 0.506273 0.560805 0.0714091 0.134558
7 0.607422 0.48123 0.0670054 0.141752
2 0.0278318 0.923613 0.0551806 0.143803
2 0.433586 0.372614 0.0390106 0.0727178
2 0.770698 0.964284 0.126402 0.0682688
2 0.263354 0.426706 0.0686113 0.130497
5 0.895118 0.759569 0.208748 0.45646
2 0.503412 0.362771 0.041358 0.0772058
2 0.83233 0.262564 0.045826 0.0451759
2 0.563558 0.366417 0.0441769 0.0689726
7 0.200544 0.518419 0.13289 0.249473
2 0.2988 0.377255 0.0490836 0.0872297
5 0.281952 0.243137 0.0757158 0.105877
5 0.318696 0.208399 0.0581308 0.0961382
2 0.135891 0.256367 0.0559482 0.0364023
0 0.18191 0.3187 0.0151218 0.0597371
2 0.287015 0.314329 0.0433422 0.0527154
5 0.882227 0.431533 0.234715 0.303151
2 0.0973736 0.731724 0.157205 0.228396
2 0.550341 0.850702 0.110357 0.282409
2 0.65298 0.679425 0.101198 0.198527
2 0.0396521 0.620971 0.0788857 0.202355
2 0.354903 0.882043 0.127321 0.229696
2 0.391478 0.585951 0.0782247 0.147135
2 0.115866 0.505711 0.0900002 0.120407
5 0.924447 0.22893 0.150428 0.111318
2 0.506273 0.560805 0.0714091 0.134558
7 0.607422 0.48123 0.0670054 0.141752
2 0.0278318 0.923613 0.0551806 0.143803
2 0.433586 0.372614 0.0390106 0.0727178
2 0.770698 0.964284 0.126402 0.0682688
2 0.263354 0.426706 0.0686113 0.130497
5 0.895118 0.759569 0.208748 0.45646
2 0.503412 0.362771 0.041358 0.0772058
2 0.83233 0.262564 0.045826 0.0451759
2 0.563558 0.366417 0.0441769 0.0689726
7 0.200544 0.518419 0.13289 0.249473
2 0.2988 0.377255 0.0490836 0.0872297
5 0.281952 0.243137 0.0757158 0.105877
5 0.318696 0.208399 0.0581308 0.0961382
2 0.135891 0.256367 0.0559482 0.0364023
0 0.18191 0.3187 0.0151218 0.0597371
2 0.287015 0.314329 0.0433422 0.0527154
5 0.882227 0.431533 0.234715 0.303151
2 0.0973736 0.731724 0.157205 0.228396
2 0.550341 0.850702 0.110357 0.282409
2 0.65298 0.679425 0.101198 0.198527
2 0.0396521 0.620971 0.0788857 0.202355
2 0.354903 0.882043 0.127321 0.229696
2 0.391478 0.585951 0.0782247 0.147135
2 0.115866 0.505711 0.0900002 0.120407
5 0.924447 0.22893 0.150428 0.111318
2 0.506273 0.560805 0.0714091 0.134558
7 0.607422 0.48123 0.0670054 0.141752
2 0.0278318 0.923613 0.0551806 0.143803
2 0.433586 0.372614 0.0390106 0.0727178
2 0.770698 0.964284 0.126402 0.0682688
2 0.263354 0.426706 0.0686113 0.130497
5 0.895118 0.759569 0.208748 0.45646
2 0.503412 0.362771 0.041358 0.0772058
2 0.83233 0.262564 0.045826 0.0451759
2 0.563558 0.366417 0.0441769 0.0689726
7 0.200544 0.518419 0.13289 0.249473
2 0.2988 0.377255 0.0490836 0.0872297
5 0.281952 0.243137 0.0757158 0.105877
5 0.318696 0.208399 0.0581308 0.0961382
2 0.135891 0.256367 0.0559482 0.0364023
0 0.18191 0.3187 0.0151218 0.0597371
2 0.287015 0.314329 0.0433422 0.0527154
0 0.081786 0.40386 0.0204167 0.0759716
2 0.252107 0.350771 0.0527811 0.0575345
2 0.34698 0.296568 0.0366612 0.0518779
2 0.30871 0.285997 0.0382115 0.0578282
2 0.553969 0.315807 0.0359352 0.0573906
2 0.197595 0.412395 0.0666336 0.0720879
5 0.295592 0.228991 0.104178 0.136882
0 0.0576937 0.422295 0.017521 0.111131
0 0.130123 0.335586 0.0158182 0.0823458
0 0.105977 0.379416 0.0208828 0.0815962
5 0.63309 0.214056 0.0770872 0.0946666
2 0.497578 0.297488 0.0371624 0.0740117
