2 0.0936083 0.706768 0.157631 0.226901
2 0.397521 0.588167 0.078502 0.156702
2 0.527044 0.761966 0.102097 0.246206
2 0.517521 0.520824 0.0657328 0.129651
2 0.775774 0.906839 0.186134 0.176715
2 0.660387 0.649156 0.105302 0.241381
2 0.411633 0.437101 0.0579114 0.0990468
2 0.928703 0.590147 0.141778 0.155437
2 0.598455 0.468183 0.0679359 0.115217
2 0.494552 0.418091 0.0525265 0.0947498
2 0.0488889 0.562442 0.097119 0.195856
5 0.276515 0.218473 0.0781982 0.10486
2 0.02647 0.910596 0.0525664 0.169554
5 0.727164 0.395605 0.227133 0.372395
7 0.33285 0.884067 0.186954 0.219407
2 0.129943 0.455879 0.0836113 0.112704
2 0.431057 0.342159 0.037327 0.0708865
2 0.992386 0.717487 0.0144802 0.134586
2 0.498502 0.306898 0.0407362 0.0708659
5 0.708799 0.232053 0.0780302 0.108081
2 0.130233 0.228987 0.0544032 0.0384033
7 0.198945 0.490715 0.134028 0.249158
2 0.306042 0.321412 0.0477244 0.0753532
2 0.579035 0.374934 0.0496791 0.10507
2 0.271649 0.299492 0.0450408 0.0574412
2 0.347269 0.263244 0.0317187 0.0480609
2 0.26568 0.385452 0.0701288 0.122391
2 0.554357 0.336361 0.0366756 0.0709342
0 0.0578097 0.397924 0.0186406 0.076983
2 0.30678 0.259907 0.0354278 0.0513057
7 0.7994 0.181698 0.0335321 0.0400614
2 0.548204 0.283563 0.0343151 0.0571541
2 0.982812 0.256338 0.0335327 0.0617902
2 0.218278 0.352031 0.0624248 0.0570122
2 0.330121 0.227626 0.0292126 0.0541587
5 0.365843 0.213988 0.0365758 0.0774575
5 0.69122 0.225204 0.113506 0.125016
2 0.530949 0.233376 0.0287886 0.0386245
2 0.741003 0.191645 0.0312315 0.0352905
2 0.43808 0.285297 0.0346089 0.0883138
0 0.00687324 0.438798 0.0137182 0.0939128
0 0.102871 0.342821 0.0230649 0.0893764
2 0.0106732 0.256503 0.0212939 0.0428236
2 0.267556 0.162811 0.0393338 0.0445167
2 0.0652298 0.244203 0.0489586 0.0335416
2 0.530927 0.228046 0.0305993 0.0523028
0 0.140501 0.296845 0.0133396 0.0647118
0 0.125115 0.319429 0.015577 0.0658109
2 0.492916 0.25538 0.0328252 0.073263
2 0.0936083 0.706768 0.157631 0.226901
2 0.397521 0.588167 0.078502 0.156702
2 0.527044 0.761966 0.102097 0.246206
2 0.517521 0.520824 0.0657328 0.129651
2 0.775774 0.906839 0.186134 0.176715
2 0.660387 0.649156 0.105302 0.241381
2 0.411633 0.437101 0.0579114 0.0990468
2 0.928703 0.590147 0.141778 0.155437
2 0.598455 0.468183 0.0679359 0.115217
2 0.494552 0.418091 0.0525265 0.0947498
2 0.0488889 0.562442 0.097119 0.195856
5 0.276515 0.218473 0.0781982 0.10486
2 0.02647 0.910596 0.0525664 0.169554
5 0.727164 0.395605 0.227133 0.372395
7 0.33285 0.884067 0.186954 0.219407
2 0.129943 0.455879 0.0836113 0.112704
2 0.431057 0.342159 0.037327 0.0708865
2 0.992386 0.717487 0.0144802 0.134586
2 0.498502 0.306898 0.0407362 0.0708659
5 0.708799 0.232053 0.0780302 0.108081
2 0.130233 0.228987 0.0544032 0.0384033
7 0.198945 0.490715 0.134028 0.249158
2 0.306042 0.321412 0.0477244 0.0753532
2 0.579035 0.374934 0.0496791 0.10507
2 0.271649 0.299492 0.0450408 0.0574412
2 0.347269 0.263244 0.0317187 0.0480609
2 0.26568 0.385452 0.0701288 0.122391
2 0.554357 0.336361 0.0366756 0.0709342
0 0.0578097 0.397924 0.0186406 0.076983
2 0.30678 0.259907 0.0354278 0.0513057
7 0.7994 0.181698 0.0335321 0.0400614
2 0.548204 0.283563 0.0343151 0.0571541
2 0.982812 0.256338 0.0335327 0.0617902
2 0.218278 0.352031 0.0624248 0.0570122
2 0.330121 0.227626 0.0292126 0.0541587
5 0.365843 0.213988 0.0365758 0.0774575
5 0.69122 0.225204 0.113506 0.125016
2 0.530949 0.233376 0.0287886 0.0386245
2 0.741003 0.191645 0.0312315 0.0352905
2 0.43808 0.285297 0.0346089 0.0883138
0 0.00687324 0.438798 0.0137182 0.0939128
0 0.102871 0.342821 0.0230649 0.0893764
2 0.0106732 0.256503 0.0212939 0.0428236
2 0.267556 0.162811 0.0393338 0.0445167
2 0.0652298 0.244203 0.0489586 0.0335416
2 0.530927 0.228046 0.0305993 0.0523028
0 0.140501 0.296845 0.0133396 0.0647118
0 0.125115 0.319429 0.015577 0.0658109
2 0.492916 0.25538 0.0328252 0.073263
2 0.0936083 0.706768 0.157631 0.226901
2 0.397521 0.588167 0.078502 0.156702
2 0.527044 0.761966 0.102097 0.246206
2 0.517521 0.520824 0.0657328 0.129651
2 0.775774 0.906839 0.186134 0.176715
2 0.660387 0.649156 0.105302 0.241381
2 0.411633 0.437101 0.0579114 0.0990468
2 0.928703 0.590147 0.141778 0.155437
2 0.598455 0.468183 0.0679359 0.115217
2 0.494552 0.418091 0.0525265 0.0947498
2 0.0488889 0.562442 0.097119 0.195856
5 0.276515 0.218473 0.0781982 0.10486
2 0.02647 0.910596 0.0525664 0.169554
5 0.727164 0.395605 0.227133 0.372395
7 0.33285 0.884067 0.186954 0.219407
2 0.129943 0.455879 0.0836113 0.112704
2 0.431057 0.342159 0.037327 0.0708865
2 0.992386 0.717487 0.0144802 0.134586
2 0.498502 0.306898 0.0407362 0.0708659
5 0.708799 0.232053 0.0780302 0.108081
2 0.130233 0.228987 0.0544032 0.0384033
7 0.198945 0.490715 0.134028 0.249158
2 0.306042 0.321412 0.0477244 0.0753532
2 0.579035 0.374934 0.0496791 0.10507
2 0.271649 0.299492 0.0450408 0.0574412
2 0.347269 0.263244 0.0317187 0.0480609
2 0.26568 0.385452 0.0701288 0.122391
2 0.554357 0.336361 0.0366756 0.0709342
0 0.0578097 0.397924 0.0186406 0.076983
2 0.30678 0.259907 0.0354278 0.0513057
7 0.7994 0.181698 0.0335321 0.0400614
2 0.548204 0.283563 0.0343151 0.0571541
2 0.982812 0.256338 0.0335327 0.0617902
2 0.218278 0.352031 0.0624248 0.0570122
2 0.330121 0.227626 0.0292126 0.0541587
5 0.365843 0.213988 0.0365758 0.0774575
5 0.69122 0.225204 0.113506 0.125016
2 0.530949 0.233376 0.0287886 0.0386245
2 0.741003 0.191645 0.0312315 0.0352905
2 0.43808 0.285297 0.0346089 0.0883138
0 0.00687324 0.438798 0.0137182 0.0939128
0 0.102871 0.342821 0.0230649 0.0893764
2 0.0106732 0.256503 0.0212939 0.0428236
2 0.267556 0.162811 0.0393338 0.0445167
2 0.0652298 0.244203 0.0489586 0.0335416
2 0.530927 0.228046 0.0305993 0.0523028
0 0.140501 0.296845 0.0133396 0.0647118
0 0.125115 0.319429 0.015577 0.0658109
2 0.492916 0.25538 0.0328252 0.073263
2 0.0936083 0.706768 0.157631 0.226901
2 0.397521 0.588167 0.078502 0.156702
2 0.527044 0.761966 0.102097 0.246206
2 0.517521 0.520824 0.0657328 0.129651
2 0.775774 0.906839 0.186134 0.176715
2 0.660387 0.649156 0.105302 0.241381
2 0.411633 0.437101 0.0579114 0.0990468
2 0.928703 0.590147 0.141778 0.155437
2 0.598455 0.468183 0.0679359 0.115217
2 0.494552 0.418091 0.0525265 0.0947498
2 0.0488889 0.562442 0.097119 0.195856
5 0.276515 0.218473 0.0781982 0.10486
2 0.02647 0.910596 0.0525664 0.169554
5 0.727164 0.395605 0.227133 0.372395
7 0.33285 0.884067 0.186954 0.219407
2 0.129943 0.455879 0.0836113 0.112704
2 0.431057 0.342159 0.037327 0.0708865
2 0.992386 0.717487 0.0144802 0.134586
2 0.498502 0.306898 0.0407362 0.0708659
5 0.708799 0.232053 0.0780302 0.108081
2 0.130233 0.228987 0.0544032 0.0384033
7 0.198945 0.490715 0.134028 0.249158
2 0.306042 0.321412 0.0477244 0.0753532
2 0.579035 0.374934 0.0496791 0.10507
2 0.271649 0.299492 0.0450408 0.0574412
2 0.347269 0.263244 0.0317187 0.0480609
2 0.26568 0.385452 0.0701288 0.122391
2 0.554357 0.336361 0.0366756 0.0709342
0 0.0578097 0.397924 0.0186406 0.076983
2 0.30678 0.259907 0.0354278 0.0513057
7 0.7994 0.181698 0.0335321 0.0400614
2 0.548204 0.283563 0.0343151 0.0571541
2 0.982812 0.256338 0.0335327 0.0617902
2 0.218278 0.352031 0.0624248 0.0570122
2 0.330121 0.227626 0.0292126 0.0541587
5 0.365843 0.213988 0.0365758 0.0774575
5 0.69122 0.225204 0.113506 0.125016
2 0.530949 0.233376 0.0287886 0.0386245
2 0.741003 0.191645 0.0312315 0.0352905
2 0.43808 0.285297 0.0346089 0.0883138
0 0.00687324 0.438798 0.0137182 0.0939128
0 0.102871 0.342821 0.0230649 0.0893764
2 0.0106732 0.256503 0.0212939 0.0428236
2 0.267556 0.162811 0.0393338 0.0445167
2 0.0652298 0.244203 0.0489586 0.0335416
2 0.530927 0.228046 0.0305993 0.0523028
0 0.140501 0.296845 0.0133396 0.0647118
0 0.125115 0.319429 0.015577 0.0658109
2 0.492916 0.25538 0.0328252 0.073263
2 0.0936083 0.706768 0.157631 0.226901
2 0.397521 0.588167 0.078502 0.156702
2 0.527044 0.761966 0.102097 0.246206
2 0.517521 0.520824 0.0657328 0.129651
2 0.775774 0.906839 0.186134 0.176715
2 0.660387 0.649156 0.105302 0.241381
2 0.411633 0.437101 0.0579114 0.0990468
2 0.928703 0.590147 0.141778 0.155437
2 0.598455 0.468183 0.0679359 0.115217
2 0.494552 0.418091 0.0525265 0.0947498
2 0.0488889 0.562442 0.097119 0.195856
5 0.276515 0.218473 0.0781982 0.10486
2 0.02647 0.910596 0.0525664 0.169554
5 0.727164 0.395605 0.227133 0.372395
7 0.33285 0.884067 0.186954 0.219407
2 0.129943 0.455879 0.0836113 0.112704
2 0.431057 0.342159 0.037327 0.0708865
2 0.992386 0.717487 0.0144802 0.134586
2 0.498502 0.306898 0.0407362 0.0708659
5 0.708799 0.232053 0.0780302 0.108081
2 0.130233 0.228987 0.0544032 0.0384033
7 0.198945 0.490715 0.134028 0.249158
2 0.306042 0.321412 0.0477244 0.0753532
2 0.579035 0.374934 0.0496791 0.10507
2 0.271649 0.299492 0.0450408 0.0574412
2 0.347269 0.263244 0.0317187 0.0480609
2 0.26568 0.385452 0.0701288 0.122391
2 0.554357 0.336361 0.0366756 0.0709342
0 0.0578097 0.397924 0.0186406 0.076983
2 0.30678 0.259907 0.0354278 0.0513057
7 0.7994 0.181698 0.0335321 0.0400614
2 0.548204 0.283563 0.0343151 0.0571541
2 0.982812 0.256338 0.0335327 0.0617902
2 0.218278 0.352031 0.0624248 0.0570122
2 0.330121 0.227626 0.0292126 0.0541587
5 0.365843 0.213988 0.0365758 0.0774575
5 0.69122 0.225204 0.113506 0.125016
2 0.530949 0.233376 0.0287886 0.0386245
2 0.741003 0.191645 0.0312315 0.0352905
2 0.43808 0.285297 0.0346089 0.0883138
0 0.00687324 0.438798 0.0137182 0.0939128
0 0.102871 0.342821 0.0230649 0.0893764
2 0.0106732 0.256503 0.0212939 0.0428236
2 0.267556 0.162811 0.0393338 0.0445167
2 0.0652298 0.244203 0.0489586 0.0335416
2 0.530927 0.228046 0.0305993 0.0523028
0 0.140501 0.296845 0.0133396 0.0647118
0 0.125115 0.319429 0.015577 0.0658109
2 0.492916 0.25538 0.0328252 0.073263
2 0.0936083 0.706768 0.157631 0.226901
2 0.397521 0.588167 0.078502 0.156702
2 0.527044 0.761966 0.102097 0.246206
2 0.517521 0.520824 0.0657328 0.129651
2 0.775774 0.906839 0.186134 0.176715
2 0.660387 0.649156 0.105302 0.241381
2 0.411633 0.437101 0.0579114 0.0990468
2 0.928703 0.590147 0.141778 0.155437
2 0.598455 0.468183 0.0679359 0.115217
2 0.494552 0.418091 0.0525265 0.0947498
2 0.0488889 0.562442 0.097119 0.195856
5 0.276515 0.218473 0.0781982 0.10486
2 0.02647 0.910596 0.0525664 0.169554
5 0.727164 0.395605 0.227133 0.372395
7 0.33285 0.884067 0.186954 0.219407
2 0.129943 0.455879 0.0836113 0.112704
2 0.431057 0.342159 0.037327 0.0708865
2 0.992386 0.717487 0.0144802 0.134586
2 0.498502 0.306898 0.0407362 0.0708659
5 0.708799 0.232053 0.0780302 0.108081
2 0.130233 0.228987 0.0544032 0.0384033
7 0.198945 0.490715 0.134028 0.249158
2 0.306042 0.321412 0.0477244 0.0753532
2 0.579035 0.374934 0.0496791 0.10507
2 0.271649 0.299492 0.0450408 0.0574412
2 0.347269 0.263244 0.0317187 0.0480609
2 0.26568 0.385452 0.0701288 0.122391
2 0.554357 0.336361 0.0366756 0.0709342
0 0.0578097 0.397924 0.0186406 0.076983
2 0.30678 0.259907 0.0354278 0.0513057
7 0.7994 0.181698 0.0335321 0.0400614
2 0.548204 0.283563 0.0343151 0.0571541
2 0.982812 0.256338 0.0335327 0.0617902
2 0.218278 0.352031 0.0624248 0.0570122
2 0.330121 0.227626 0.0292126 0.0541587
5 0.365843 0.213988 0.0365758 0.0774575
5 0.69122 0.225204 0.113506 0.125016
2 0.530949 0.233376 0.0287886 0.0386245
2 0.741003 0.191645 0.0312315 0.0352905
2 0.43808 0.285297 0.0346089 0.0883138
0 0.00687324 0.438798 0.0137182 0.0939128
0 0.102871 0.342821 0.0230649 0.0893764
2 0.0106732 0.256503 0.0212939 0.0428236
2 0.267556 0.162811 0.0393338 0.0445167
2 0.0652298 0.244203 0.0489586 0.0335416
2 0.530927 0.228046 0.0305993 0.0523028
0 0.140501 0.296845 0.0133396 0.0647118
0 0.125115 0.319429 0.015577 0.0658109
2 0.492916 0.25538 0.0328252 0.073263
2 0.0936083 0.706768 0.157631 0.226901
2 0.397521 0.588167 0.078502 0.156702
2 0.527044 0.761966 0.102097 0.246206
2 0.517521 0.520824 0.0657328 0.129651
2 0.775774 0.906839 0.186134 0.176715
2 0.660387 0.649156 0.105302 0.241381
2 0.411633 0.437101 0.0579114 0.0990468
2 0.928703 0.590147 0.141778 0.155437
2 0.598455 0.468183 0.0679359 0.115217
2 0.494552 0.418091 0.0525265 0.0947498
2 0.0488889 0.562442 0.097119 0.195856
5 0.276515 0.218473 0.0781982 0.10486
2 0.02647 0.910596 0.0525664 0.169554
5 0.727164 0.395605 0.227133 0.372395
7 0.33285 0.884067 0.186954 0.219407
2 0.129943 0.455879 0.0836113 0.112704
2 0.431057 0.342159 0.037327 0.0708865
2 0.992386 0.717487 0.0144802 0.134586
2 0.498502 0.306898 0.0407362 0.0708659
5 0.708799 0.232053 0.0780302 0.108081
2 0.130233 0.228987 0.0544032 0.0384033
7 0.198945 0.490715 0.134028 0.249158
2 0.306042 0.321412 0.0477244 0.0753532
2 0.579035 0.374934 0.0496791 0.10507
2 0.271649 0.299492 0.0450408 0.0574412
2 0.347269 0.263244 0.0317187 0.0480609
2 0.26568 0.385452 0.0701288 0.122391
2 0.554357 0.336361 0.0366756 0.0709342
0 0.0578097 0.397924 0.0186406 0.076983
2 0.30678 0.259907 0.0354278 0.0513057
7 0.7994 0.181698 0.0335321 0.0400614
2 0.548204 0.283563 0.0343151 0.0571541
2 0.982812 0.256338 0.0335327 0.0617902
2 0.218278 0.352031 0.0624248 0.0570122
2 0.330121 0.227626 0.0292126 0.0541587
5 0.365843 0.213988 0.0365758 0.0774575
5 0.69122 0.225204 0.113506 0.125016
2 0.530949 0.233376 0.0287886 0.0386245
2 0.741003 0.191645 0.0312315 0.0352905
2 0.43808 0.285297 0.0346089 0.0883138
0 0.00687324 0.438798 0.0137182 0.0939128
0 0.102871 0.342821 0.0230649 0.0893764
2 0.0106732 0.256503 0.0212939 0.0428236
2 0.267556 0.162811 0.0393338 0.0445167
2 0.0652298 0.244203 0.0489586 0.0335416
2 0.530927 0.228046 0.0305993 0.0523028
0 0.140501 0.296845 0.0133396 0.0647118
0 0.125115 0.319429 0.015577 0.0658109
2 0.492916 0.25538 0.0328252 0.073263
2 0.0936083 0.706768 0.157631 0.226901
2 0.397521 0.588167 0.078502 0.156702
2 0.527044 0.761966 0.102097 0.246206
2 0.517521 0.520824 0.0657328 0.129651
2 0.775774 0.906839 0.186134 0.176715
2 0.660387 0.649156 0.105302 0.241381
2 0.411633 0.437101 0.0579114 0.0990468
2 0.928703 0.590147 0.141778 0.155437
2 0.598455 0.468183 0.0679359 0.115217
2 0.494552 0.418091 0.0525265 0.0947498
2 0.0488889 0.562442 0.097119 0.195856
5 0.276515 0.218473 0.0781982 0.10486
2 0.02647 0.910596 0.0525664 0.169554
5 0.727164 0.395605 0.227133 0.372395
7 0.33285 0.884067 0.186954 0.219407
2 0.129943 0.455879 0.0836113 0.112704
2 0.431057 0.342159 0.037327 0.0708865
2 0.992386 0.717487 0.0144802 0.134586
2 0.498502 0.306898 0.0407362 0.0708659
5 0.708799 0.232053 0.0780302 0.108081
2 0.130233 0.228987 0.0544032 0.0384033
7 0.198945 0.490715 0.134028 0.249158
2 0.306042 0.321412 0.0477244 0.0753532
2 0.579035 0.374934 0.0496791 0.10507
2 0.271649 0.299492 0.0450408 0.0574412
2 0.347269 0.263244 0.0317187 0.0480609
2 0.26568 0.385452 0.0701288 0.122391
2 0.554357 0.336361 0.0366756 0.0709342
0 0.0578097 0.397924 0.0186406 0.076983
2 0.30678 0.259907 0.0354278 0.0513057
7 0.7994 0.181698 0.0335321 0.0400614
2 0.548204 0.283563 0.0343151 0.0571541
2 0.982812 0.256338 0.0335327 0.0617902
2 0.218278 0.352031 0.0624248 0.0570122
2 0.330121 0.227626 0.0292126 0.0541587
5 0.365843 0.213988 0.0365758 0.0774575
5 0.69122 0.225204 0.113506 0.125016
2 0.530949 0.233376 0.0287886 0.0386245
2 0.741003 0.191645 0.0312315 0.0352905
2 0.43808 0.285297 0.0346089 0.0883138
0 0.00687324 0.438798 0.0137182 0.0939128
0 0.102871 0.342821 0.0230649 0.0893764
2 0.0106732 0.256503 0.0212939 0.0428236
2 0.267556 0.162811 0.0393338 0.0445167
2 0.0652298 0.244203 0.0489586 0.0335416
2 0.530927 0.228046 0.0305993 0.0523028
0 0.140501 0.296845 0.0133396 0.0647118
0 0.125115 0.319429 0.015577 0.0658109
2 0.492916 0.25538 0.0328252 0.073263
2 0.0936083 0.706768 0.157631 0.226901
2 0.397521 0.588167 0.078502 0.156702
2 0.527044 0.761966 0.102097 0.246206
2 0.517521 0.520824 0.0657328 0.129651
2 0.775774 0.906839 0.186134 0.176715
2 0.660387 0.649156 0.105302 0.241381
2 0.411633 0.437101 0.0579114 0.0990468
2 0.928703 0.590147 0.141778 0.155437
2 0.598455 0.468183 0.0679359 0.115217
2 0.494552 0.418091 0.0525265 0.0947498
2 0.0488889 0.562442 0.097119 0.195856
5 0.276515 0.218473 0.0781982 0.10486
2 0.02647 0.910596 0.0525664 0.169554
5 0.727164 0.395605 0.227133 0.372395
7 0.33285 0.884067 0.186954 0.219407
2 0.129943 0.455879 0.0836113 0.112704
2 0.431057 0.342159 0.037327 0.0708865
2 0.992386 0.717487 0.0144802 0.134586
2 0.498502 0.306898 0.0407362 0.0708659
5 0.708799 0.232053 0.0780302 0.108081
2 0.130233 0.228987 0.0544032 0.0384033
7 0.198945 0.490715 0.134028 0.249158
2 0.306042 0.321412 0.0477244 0.0753532
2 0.579035 0.374934 0.0496791 0.10507
2 0.271649 0.299492 0.0450408 0.0574412
2 0.347269 0.263244 0.0317187 0.0480609
2 0.26568 0.385452 0.0701288 0.122391
2 0.554357 0.336361 0.0366756 0.0709342
0 0.0578097 0.397924 0.0186406 0.076983
2 0.30678 0.259907 0.0354278 0.0513057
7 0.7994 0.181698 0.0335321 0.0400614
2 0.548204 0.283563 0.0343151 0.0571541
2 0.982812 0.256338 0.0335327 0.0617902
2 0.218278 0.352031 0.0624248 0.0570122
2 0.330121 0.227626 0.0292126 0.0541587
5 0.365843 0.213988 0.0365758 0.0774575
5 0.69122 0.225204 0.113506 0.125016
2 0.530949 0.233376 0.0287886 0.0386245
2 0.741003 0.191645 0.0312315 0.0352905
2 0.43808 0.285297 0.0346089 0.0883138
0 0.00687324 0.438798 0.0137182 0.0939128
0 0.102871 0.342821 0.0230649 0.0893764
2 0.0106732 0.256503 0.0212939 0.0428236
2 0.267556 0.162811 0.0393338 0.0445167
2 0.0652298 0.244203 0.0489586 0.0335416
2 0.530927 0.228046 0.0305993 0.0523028
0 0.140501 0.296845 0.0133396 0.0647118
0 0.125115 0.319429 0.015577 0.0658109
2 0.492916 0.25538 0.0328252 0.073263
2 0.0936083 0.706768 0.157631 0.226901
2 0.397521 0.588167 0.078502 0.156702
2 0.527044 0.761966 0.102097 0.246206
2 0.517521 0.520824 0.0657328 0.129651
2 0.775774 0.906839 0.186134 0.176715
2 0.660387 0.649156 0.105302 0.241381
2 0.411633 0.437101 0.0579114 0.0990468
2 0.928703 0.590147 0.141778 0.155437
2 0.598455 0.468183 0.0679359 0.115217
2 0.494552 0.418091 0.0525265 0.0947498
2 0.0488889 0.562442 0.097119 0.195856
5 0.276515 0.218473 0.0781982 0.10486
2 0.02647 0.910596 0.0525664 0.169554
5 0.727164 0.395605 0.227133 0.372395
7 0.33285 0.884067 0.186954 0.219407
2 0.129943 0.455879 0.0836113 0.112704
2 0.431057 0.342159 0.037327 0.0708865
2 0.992386 0.717487 0.0144802 0.134586
2 0.498502 0.306898 0.0407362 0.0708659
5 0.708799 0.232053 0.0780302 0.108081
2 0.130233 0.228987 0.0544032 0.0384033
7 0.198945 0.490715 0.134028 0.249158
2 0.306042 0.321412 0.0477244 0.0753532
2 0.579035 0.374934 0.0496791 0.10507
2 0.271649 0.299492 0.0450408 0.0574412
2 0.347269 0.263244 0.0317187 0.0480609
2 0.26568 0.385452 0.0701288 0.122391
2 0.554357 0.336361 0.0366756 0.0709342
0 0.0578097 0.397924 0.0186406 0.076983
2 0.30678 0.259907 0.0354278 0.0513057
7 0.7994 0.181698 0.0335321 0.0400614
2 0.548204 0.283563 0.0343151 0.0571541
2 0.982812 0.256338 0.0335327 0.0617902
2 0.218278 0.352031 0.0624248 0.0570122
2 0.330121 0.227626 0.0292126 0.0541587
5 0.365843 0.213988 0.0365758 0.0774575
5 0.69122 0.225204 0.113506 0.125016
2 0.530949 0.233376 0.0287886 0.0386245
2 0.741003 0.191645 0.0312315 0.0352905
2 0.43808 0.285297 0.0346089 0.0883138
0 0.00687324 0.438798 0.0137182 0.0939128
0 0.102871 0.342821 0.0230649 0.0893764
2 0.0106732 0.256503 0.0212939 0.0428236
2 0.267556 0.162811 0.0393338 0.0445167
2 0.0652298 0.244203 0.0489586 0.0335416
2 0.530927 0.228046 0.0305993 0.0523028
0 0.140501 0.296845 0.0133396 0.0647118
0 0.125115 0.319429 0.015577 0.0658109
2 0.492916 0.25538 0.0328252 0.073263
2 0.0936083 0.706768 0.157631 0.226901
2 0.397521 0.588167 0.078502 0.156702
2 0.527044 0.761966 0.102097 0.246206
2 0.517521 0.520824 0.0657328 0.129651
2 0.775774 0.906839 0.186134 0.176715
2 0.660387 0.649156 0.105302 0.241381
2 0.411633 0.437101 0.0579114 0.0990468
2 0.928703 0.590147 0.141778 0.155437
2 0.598455 0.468183 0.0679359 0.115217
2 0.494552 0.418091 0.0525265 0.0947498
2 0.0488889 0.562442 0.097119 0.195856
5 0.276515 0.218473 0.0781982 0.10486
2 0.02647 0.910596 0.0525664 0.169554
5 0.727164 0.395605 0.227133 0.372395
7 0.33285 0.884067 0.186954 0.219407
2 0.129943 0.455879 0.0836113 0.112704
2 0.431057 0.342159 0.037327 0.0708865
2 0.992386 0.717487 0.0144802 0.134586
2 0.498502 0.306898 0.0407362 0.0708659
5 0.708799 0.232053 0.0780302 0.108081
2 0.130233 0.228987 0.0544032 0.0384033
7 0.198945 0.490715 0.134028 0.249158
2 0.306042 0.321412 0.0477244 0.0753532
2 0.579035 0.374934 0.0496791 0.10507
2 0.271649 0.299492 0.0450408 0.0574412
2 0.347269 0.263244 0.0317187 0.0480609
2 0.26568 0.385452 0.0701288 0.122391
2 0.554357 0.336361 0.0366756 0.0709342
0 0.0578097 0.397924 0.0186406 0.076983
2 0.30678 0.259907 0.0354278 0.0513057
7 0.7994 0.181698 0.0335321 0.0400614
2 0.548204 0.283563 0.0343151 0.0571541
2 0.982812 0.256338 0.0335327 0.0617902
2 0.218278 0.352031 0.0624248 0.0570122
2 0.330121 0.227626 0.0292126 0.0541587
5 0.365843 0.213988 0.0365758 0.0774575
5 0.69122 0.225204 0.113506 0.125016
2 0.530949 0.233376 0.0287886 0.0386245
2 0.741003 0.191645 0.0312315 0.0352905
2 0.43808 0.285297 0.0346089 0.0883138
0 0.00687324 0.438798 0.0137182 0.0939128
0 0.102871 0.342821 0.0230649 0.0893764
2 0.0106732 0.256503 0.0212939 0.0428236
2 0.267556 0.162811 0.0393338 0.0445167
2 0.0652298 0.244203 0.0489586 0.0335416
2 0.530927 0.228046 0.0305993 0.0523028
0 0.140501 0.296845 0.0133396 0.0647118
0 0.125115 0.319429 0.015577 0.0658109
2 0.492916 0.25538 0.0328252 0.073263
2 0.928669 0.591698 0.142068 0.151518
2 0.52769 0.76347 0.104868 0.248516
2 0.0481801 0.562451 0.0961608 0.195579
2 0.0942181 0.705745 0.157731 0.227655
2 0.396837 0.58823 0.0781797 0.155724
5 0.727252 0.39706 0.228621 0.368754
7 0.332795 0.882648 0.181842 0.217926
5 0.276938 0.217578 0.0777737 0.107315
2 0.518591 0.520561 0.0669736 0.128753
2 0.598406 0.468317 0.0680676 0.115321
2 0.775426 0.905759 0.185932 0.176697
2 0.0267635 0.910098 0.0531786 0.17177
2 0.411349 0.437103 0.0575913 0.0977073
2 0.659342 0.649951 0.105125 0.241831
2 0.494785 0.41884 0.0542801 0.0922362
2 0.130357 0.457375 0.085309 0.113139
7 0.197283 0.493155 0.132812 0.253739
2 0.992366 0.721174 0.0144279 0.132974
2 0.266721 0.38645 0.0684329 0.123116
2 0.740991 0.192617 0.0309251 0.0330059
2 0.431069 0.341762 0.0393312 0.0716552
5 0.708787 0.240922 0.0814106 0.110421
2 0.217253 0.356668 0.0613599 0.0616548
2 0.928669 0.591698 0.142068 0.151518
2 0.52769 0.76347 0.104868 0.248516
2 0.0481801 0.562451 0.0961608 0.195579
2 0.0942181 0.705745 0.157731 0.227655
2 0.396837 0.58823 0.0781797 0.155724
5 0.727252 0.39706 0.228621 0.368754
7 0.332795 0.882648 0.181842 0.217926
5 0.276938 0.217578 0.0777737 0.107315
2 0.518591 0.520561 0.0669736 0.128753
2 0.598406 0.468317 0.0680676 0.115321
2 0.775426 0.905759 0.185932 0.176697
2 0.0267635 0.910098 0.0531786 0.17177
2 0.411349 0.437103 0.0575913 0.0977073
2 0.659342 0.649951 0.105125 0.241831
2 0.494785 0.41884 0.0542801 0.0922362
2 0.130357 0.457375 0.085309 0.113139
7 0.197283 0.493155 0.132812 0.253739
2 0.992366 0.721174 0.0144279 0.132974
2 0.266721 0.38645 0.0684329 0.123116
2 0.740991 0.192617 0.0309251 0.0330059
2 0.431069 0.341762 0.0393312 0.0716552
5 0.708787 0.240922 0.0814106 0.110421
2 0.217253 0.356668 0.0613599 0.0616548
2 0.928669 0.591698 0.142068 0.151518
2 0.52769 0.76347 0.104868 0.248516
2 0.0481801 0.562451 0.0961608 0.195579
2 0.0942181 0.705745 0.157731 0.227655
2 0.396837 0.58823 0.0781797 0.155724
5 0.727252 0.39706 0.228621 0.368754
7 0.332795 0.882648 0.181842 0.217926
5 0.276938 0.217578 0.0777737 0.107315
2 0.518591 0.520561 0.0669736 0.128753
2 0.598406 0.468317 0.0680676 0.115321
2 0.775426 0.905759 0.185932 0.176697
2 0.0267635 0.910098 0.0531786 0.17177
2 0.411349 0.437103 0.0575913 0.0977073
2 0.659342 0.649951 0.105125 0.241831
2 0.494785 0.41884 0.0542801 0.0922362
2 0.130357 0.457375 0.085309 0.113139
7 0.197283 0.493155 0.132812 0.253739
2 0.992366 0.721174 0.0144279 0.132974
2 0.266721 0.38645 0.0684329 0.123116
2 0.740991 0.192617 0.0309251 0.0330059
2 0.431069 0.341762 0.0393312 0.0716552
5 0.708787 0.240922 0.0814106 0.110421
2 0.217253 0.356668 0.0613599 0.0616548
2 0.928669 0.591698 0.142068 0.151518
2 0.52769 0.76347 0.104868 0.248516
2 0.0481801 0.562451 0.0961608 0.195579
2 0.0942181 0.705745 0.157731 0.227655
2 0.396837 0.58823 0.0781797 0.155724
5 0.727252 0.39706 0.228621 0.368754
7 0.332795 0.882648 0.181842 0.217926
5 0.276938 0.217578 0.0777737 0.107315
2 0.518591 0.520561 0.0669736 0.128753
2 0.598406 0.468317 0.0680676 0.115321
2 0.775426 0.905759 0.185932 0.176697
2 0.0267635 0.910098 0.0531786 0.17177
2 0.411349 0.437103 0.0575913 0.0977073
2 0.659342 0.649951 0.105125 0.241831
2 0.494785 0.41884 0.0542801 0.0922362
2 0.130357 0.457375 0.085309 0.113139
7 0.197283 0.493155 0.132812 0.253739
2 0.992366 0.721174 0.0144279 0.132974
2 0.266721 0.38645 0.0684329 0.123116
2 0.740991 0.192617 0.0309251 0.0330059
2 0.431069 0.341762 0.0393312 0.0716552
5 0.708787 0.240922 0.0814106 0.110421
2 0.217253 0.356668 0.0613599 0.0616548
2 0.928669 0.591698 0.142068 0.151518
2 0.52769 0.76347 0.104868 0.248516
2 0.0481801 0.562451 0.0961608 0.195579
2 0.0942181 0.705745 0.157731 0.227655
2 0.396837 0.58823 0.0781797 0.155724
5 0.727252 0.39706 0.228621 0.368754
7 0.332795 0.882648 0.181842 0.217926
5 0.276938 0.217578 0.0777737 0.107315
2 0.518591 0.520561 0.0669736 0.128753
2 0.598406 0.468317 0.0680676 0.115321
2 0.775426 0.905759 0.185932 0.176697
2 0.0267635 0.910098 0.0531786 0.17177
2 0.411349 0.437103 0.0575913 0.0977073
2 0.659342 0.649951 0.105125 0.241831
2 0.494785 0.41884 0.0542801 0.0922362
2 0.130357 0.457375 0.085309 0.113139
7 0.197283 0.493155 0.132812 0.253739
2 0.992366 0.721174 0.0144279 0.132974
2 0.266721 0.38645 0.0684329 0.123116
2 0.740991 0.192617 0.0309251 0.0330059
2 0.431069 0.341762 0.0393312 0.0716552
5 0.708787 0.240922 0.0814106 0.110421
2 0.217253 0.356668 0.0613599 0.0616548
2 0.928669 0.591698 0.142068 0.151518
2 0.52769 0.76347 0.104868 0.248516
2 0.0481801 0.562451 0.0961608 0.195579
2 0.0942181 0.705745 0.157731 0.227655
2 0.396837 0.58823 0.0781797 0.155724
5 0.727252 0.39706 0.228621 0.368754
7 0.332795 0.882648 0.181842 0.217926
5 0.276938 0.217578 0.0777737 0.107315
2 0.518591 0.520561 0.0669736 0.128753
2 0.598406 0.468317 0.0680676 0.115321
2 0.775426 0.905759 0.185932 0.176697
2 0.0267635 0.910098 0.0531786 0.17177
2 0.411349 0.437103 0.0575913 0.0977073
2 0.659342 0.649951 0.105125 0.241831
2 0.494785 0.41884 0.0542801 0.0922362
2 0.130357 0.457375 0.085309 0.113139
7 0.197283 0.493155 0.132812 0.253739
2 0.992366 0.721174 0.0144279 0.132974
2 0.266721 0.38645 0.0684329 0.123116
2 0.740991 0.192617 0.0309251 0.0330059
2 0.431069 0.341762 0.0393312 0.0716552
5 0.708787 0.240922 0.0814106 0.110421
2 0.217253 0.356668 0.0613599 0.0616548
2 0.928669 0.591698 0.142068 0.151518
2 0.52769 0.76347 0.104868 0.248516
2 0.0481801 0.562451 0.0961608 0.195579
2 0.0942181 0.705745 0.157731 0.227655
2 0.396837 0.58823 0.0781797 0.155724
5 0.727252 0.39706 0.228621 0.368754
7 0.332795 0.882648 0.181842 0.217926
5 0.276938 0.217578 0.0777737 0.107315
2 0.518591 0.520561 0.0669736 0.128753
2 0.598406 0.468317 0.0680676 0.115321
2 0.775426 0.905759 0.185932 0.176697
2 0.0267635 0.910098 0.0531786 0.17177
2 0.411349 0.437103 0.0575913 0.0977073
2 0.659342 0.649951 0.105125 0.241831
2 0.494785 0.41884 0.0542801 0.0922362
2 0.130357 0.457375 0.085309 0.113139
7 0.197283 0.493155 0.132812 0.253739
2 0.992366 0.721174 0.0144279 0.132974
2 0.266721 0.38645 0.0684329 0.123116
2 0.740991 0.192617 0.0309251 0.0330059
2 0.431069 0.341762 0.0393312 0.0716552
5 0.708787 0.240922 0.0814106 0.110421
2 0.217253 0.356668 0.0613599 0.0616548
2 0.928669 0.591698 0.142068 0.151518
2 0.52769 0.76347 0.104868 0.248516
2 0.0481801 0.562451 0.0961608 0.195579
2 0.0942181 0.705745 0.157731 0.227655
2 0.396837 0.58823 0.0781797 0.155724
5 0.727252 0.39706 0.228621 0.368754
7 0.332795 0.882648 0.181842 0.217926
5 0.276938 0.217578 0.0777737 0.107315
2 0.518591 0.520561 0.0669736 0.128753
2 0.598406 0.468317 0.0680676 0.115321
2 0.775426 0.905759 0.185932 0.176697
2 0.0267635 0.910098 0.0531786 0.17177
2 0.411349 0.437103 0.0575913 0.0977073
2 0.659342 0.649951 0.105125 0.241831
2 0.494785 0.41884 0.0542801 0.0922362
2 0.130357 0.457375 0.085309 0.113139
7 0.197283 0.493155 0.132812 0.253739
2 0.992366 0.721174 0.0144279 0.132974
2 0.266721 0.38645 0.0684329 0.123116
2 0.740991 0.192617 0.0309251 0.0330059
2 0.431069 0.341762 0.0393312 0.0716552
5 0.708787 0.240922 0.0814106 0.110421
2 0.217253 0.356668 0.0613599 0.0616548
2 0.497636 0.30709 0.0407115 0.069573
2 0.270931 0.300285 0.0457254 0.0587059
2 0.307834 0.321601 0.0517885 0.0748803
2 0.129857 0.228706 0.0556538 0.037632
0 0.0577729 0.398947 0.018707 0.0755663
7 0.982824 0.256224 0.0333874 0.0649628
7 0.55852 0.0903183 0.0566137 0.122751
2 0.98302 0.255868 0.0331299 0.0654975
2 0.579213 0.375911 0.0503342 0.104425
2 0.307354 0.258442 0.0353322 0.0499122
2 0.555243 0.335258 0.0373198 0.0689773
5 0.365487 0.213113 0.036925 0.0752463
7 0.579119 0.375942 0.0502713 0.103592
0 0.140124 0.295634 0.0151629 0.0683996
