2 0.0961992 0.730535 0.156785 0.227082
2 0.358508 0.867753 0.127217 0.258002
2 0.931268 0.616517 0.13702 0.152136
2 0.546603 0.810301 0.103729 0.263448
2 0.643952 0.637875 0.0938603 0.178273
2 0.393235 0.56769 0.0751997 0.14229
2 0.757308 0.928962 0.147416 0.138062
2 0.041735 0.613917 0.0821072 0.204151
2 0.504045 0.540968 0.0691957 0.12628
5 0.938323 0.239534 0.122266 0.119865
5 0.874305 0.422495 0.250286 0.31284
2 0.0277571 0.922869 0.0552666 0.14895
2 0.118189 0.499542 0.0920995 0.119759
2 0.899162 0.295343 0.0609699 0.0525715
5 0.281473 0.24248 0.077643 0.106472
2 0.50278 0.354192 0.0400981 0.0745452
2 0.563198 0.361082 0.0426249 0.067179
2 0.975636 0.893534 0.0477573 0.206029
5 0.319057 0.204321 0.0555704 0.0920706
2 0.434287 0.368682 0.0387335 0.0705945
2 0.708632 0.194646 0.0273779 0.0332566
2 0.201193 0.513414 0.134244 0.248446
2 0.7964 0.262707 0.0515987 0.0333397
2 0.602505 0.46331 0.0636694 0.136194
2 0.553608 0.312027 0.0342403 0.0566405
2 0.350178 0.292057 0.0389858 0.0510659
2 0.286475 0.30883 0.0422006 0.0568284
2 0.852626 0.235892 0.0390736 0.0329389
2 0.311335 0.279931 0.0362401 0.0576494
2 0.252905 0.347861 0.050059 0.0627559
2 0.263965 0.421108 0.0656183 0.130662
2 0.294858 0.374908 0.0515734 0.0864057
2 0.538234 0.273563 0.0300264 0.0496132
2 0.136424 0.253978 0.0534884 0.0370495
2 0.198177 0.406846 0.0643745 0.0749218
0 0.176756 0.315455 0.0149556 0.062022
5 0.368184 0.23971 0.0410544 0.0789504
2 0.995246 0.743696 0.00886421 0.0951701
0 0.0572703 0.436122 0.0169677 0.0773256
2 0.497436 0.292482 0.0337252 0.0641802
0 0.130263 0.335386 0.0154259 0.0781943
2 0.440961 0.313358 0.031724 0.0798943
0 0.0074732 0.465637 0.0149464 0.0861952
2 0.0702285 0.267059 0.0461423 0.0363062
7 0.440565 0.314548 0.0336432 0.0774465
5 0.619395 0.197068 0.0800129 0.104914
0 0.106356 0.370707 0.020471 0.0937091
0 0.0435588 0.405941 0.0146802 0.0743105
2 0.451015 0.269019 0.031653 0.0429141
2 0.382614 0.187129 0.0222322 0.0323624
2 0.493674 0.240885 0.0270372 0.026673
2 0.0961992 0.730535 0.156785 0.227082
2 0.358508 0.867753 0.127217 0.258002
2 0.931268 0.616517 0.13702 0.152136
2 0.546603 0.810301 0.103729 0.263448
2 0.643952 0.637875 0.0938603 0.178273
2 0.393235 0.56769 0.0751997 0.14229
2 0.757308 0.928962 0.147416 0.138062
2 0.041735 0.613917 0.0821072 0.204151
2 0.504045 0.540968 0.0691957 0.12628
5 0.938323 0.239534 0.122266 0.119865
5 0.874305 0.422495 0.250286 0.31284
2 0.0277571 0.922869 0.0552666 0.14895
2 0.118189 0.499542 0.0920995 0.119759
2 0.899162 0.295343 0.0609699 0.0525715
5 0.281473 0.24248 0.077643 0.106472
2 0.50278 0.354192 0.0400981 0.0745452
2 0.563198 0.361082 0.0426249 0.067179
2 0.975636 0.893534 0.0477573 0.206029
5 0.319057 0.204321 0.0555704 0.0920706
2 0.434287 0.368682 0.0387335 0.0705945
2 0.708632 0.194646 0.0273779 0.0332566
2 0.201193 0.513414 0.134244 0.248446
2 0.7964 0.262707 0.0515987 0.0333397
2 0.602505 0.46331 0.0636694 0.136194
2 0.553608 0.312027 0.0342403 0.0566405
2 0.350178 0.292057 0.0389858 0.0510659
2 0.286475 0.30883 0.0422006 0.0568284
2 0.852626 0.235892 0.0390736 0.0329389
2 0.311335 0.279931 0.0362401 0.0576494
2 0.252905 0.347861 0.050059 0.0627559
2 0.263965 0.421108 0.0656183 0.130662
2 0.294858 0.374908 0.0515734 0.0864057
2 0.538234 0.273563 0.0300264 0.0496132
2 0.136424 0.253978 0.0534884 0.0370495
2 0.198177 0.406846 0.0643745 0.0749218
0 0.176756 0.315455 0.0149556 0.062022
5 0.368184 0.23971 0.0410544 0.0789504
2 0.995246 0.743696 0.00886421 0.0951701
0 0.0572703 0.436122 0.0169677 0.0773256
2 0.497436 0.292482 0.0337252 0.0641802
0 0.130263 0.335386 0.0154259 0.0781943
2 0.440961 0.313358 0.031724 0.0798943
0 0.0074732 0.465637 0.0149464 0.0861952
2 0.0702285 0.267059 0.0461423 0.0363062
7 0.440565 0.314548 0.0336432 0.0774465
5 0.619395 0.197068 0.0800129 0.104914
0 0.106356 0.370707 0.020471 0.0937091
0 0.0435588 0.405941 0.0146802 0.0743105
2 0.451015 0.269019 0.031653 0.0429141
2 0.382614 0.187129 0.0222322 0.0323624
2 0.493674 0.240885 0.0270372 0.026673
2 0.0961992 0.730535 0.156785 0.227082
2 0.358508 0.867753 0.127217 0.258002
2 0.931268 0.616517 0.13702 0.152136
2 0.546603 0.810301 0.103729 0.263448
2 0.643952 0.637875 0.0938603 0.178273
2 0.393235 0.56769 0.0751997 0.14229
2 0.757308 0.928962 0.147416 0.138062
2 0.041735 0.613917 0.0821072 0.204151
2 0.504045 0.540968 0.0691957 0.12628
5 0.938323 0.239534 0.122266 0.119865
5 0.874305 0.422495 0.250286 0.31284
2 0.0277571 0.922869 0.0552666 0.14895
2 0.118189 0.499542 0.0920995 0.119759
2 0.899162 0.295343 0.0609699 0.0525715
5 0.281473 0.24248 0.077643 0.106472
2 0.50278 0.354192 0.0400981 0.0745452
2 0.563198 0.361082 0.0426249 0.067179
2 0.975636 0.893534 0.0477573 0.206029
5 0.319057 0.204321 0.0555704 0.0920706
2 0.434287 0.368682 0.0387335 0.0705945
2 0.708632 0.194646 0.0273779 0.0332566
2 0.201193 0.513414 0.134244 0.248446
2 0.7964 0.262707 0.0515987 0.0333397
2 0.602505 0.46331 0.0636694 0.136194
2 0.553608 0.312027 0.0342403 0.0566405
2 0.350178 0.292057 0.0389858 0.0510659
2 0.286475 0.30883 0.0422006 0.0568284
2 0.852626 0.235892 0.0390736 0.0329389
2 0.311335 0.279931 0.0362401 0.0576494
2 0.252905 0.347861 0.050059 0.0627559
2 0.263965 0.421108 0.0656183 0.130662
2 0.294858 0.374908 0.0515734 0.0864057
2 0.538234 0.273563 0.0300264 0.0496132
2 0.136424 0.253978 0.0534884 0.0370495
2 0.198177 0.406846 0.0643745 0.0749218
0 0.176756 0.315455 0.0149556 0.062022
5 0.368184 0.23971 0.0410544 0.0789504
2 0.995246 0.743696 0.00886421 0.0951701
0 0.0572703 0.436122 0.0169677 0.0773256
2 0.497436 0.292482 0.0337252 0.0641802
0 0.130263 0.335386 0.0154259 0.0781943
2 0.440961 0.313358 0.031724 0.0798943
0 0.0074732 0.465637 0.0149464 0.0861952
2 0.0702285 0.267059 0.0461423 0.0363062
7 0.440565 0.314548 0.0336432 0.0774465
5 0.619395 0.197068 0.0800129 0.104914
0 0.106356 0.370707 0.020471 0.0937091
0 0.0435588 0.405941 0.0146802 0.0743105
2 0.451015 0.269019 0.031653 0.0429141
2 0.382614 0.187129 0.0222322 0.0323624
2 0.493674 0.240885 0.0270372 0.026673
2 0.0961992 0.730535 0.156785 0.227082
2 0.358508 0.867753 0.127217 0.258002
2 0.931268 0.616517 0.13702 0.152136
2 0.546603 0.810301 0.103729 0.263448
2 0.643952 0.637875 0.0938603 0.178273
2 0.393235 0.56769 0.0751997 0.14229
2 0.757308 0.928962 0.147416 0.138062
2 0.041735 0.613917 0.0821072 0.204151
2 0.504045 0.540968 0.0691957 0.12628
5 0.938323 0.239534 0.122266 0.119865
5 0.874305 0.422495 0.250286 0.31284
2 0.0277571 0.922869 0.0552666 0.14895
2 0.118189 0.499542 0.0920995 0.119759
2 0.899162 0.295343 0.0609699 0.0525715
5 0.281473 0.24248 0.077643 0.106472
2 0.50278 0.354192 0.0400981 0.0745452
2 0.563198 0.361082 0.0426249 0.067179
2 0.975636 0.893534 0.0477573 0.206029
5 0.319057 0.204321 0.0555704 0.0920706
2 0.434287 0.368682 0.0387335 0.0705945
2 0.708632 0.194646 0.0273779 0.0332566
2 0.201193 0.513414 0.134244 0.248446
2 0.7964 0.262707 0.0515987 0.0333397
2 0.602505 0.46331 0.0636694 0.136194
2 0.553608 0.312027 0.0342403 0.0566405
2 0.350178 0.292057 0.0389858 0.0510659
2 0.286475 0.30883 0.0422006 0.0568284
2 0.852626 0.235892 0.0390736 0.0329389
2 0.311335 0.279931 0.0362401 0.0576494
2 0.252905 0.347861 0.050059 0.0627559
2 0.263965 0.421108 0.0656183 0.130662
2 0.294858 0.374908 0.0515734 0.0864057
2 0.538234 0.273563 0.0300264 0.0496132
2 0.136424 0.253978 0.0534884 0.0370495
2 0.198177 0.406846 0.0643745 0.0749218
0 0.176756 0.315455 0.0149556 0.062022
5 0.368184 0.23971 0.0410544 0.0789504
2 0.995246 0.743696 0.00886421 0.0951701
0 0.0572703 0.436122 0.0169677 0.0773256
2 0.497436 0.292482 0.0337252 0.0641802
0 0.130263 0.335386 0.0154259 0.0781943
2 0.440961 0.313358 0.031724 0.0798943
0 0.0074732 0.465637 0.0149464 0.0861952
2 0.0702285 0.267059 0.0461423 0.0363062
7 0.440565 0.314548 0.0336432 0.0774465
5 0.619395 0.197068 0.0800129 0.104914
0 0.106356 0.370707 0.020471 0.0937091
0 0.0435588 0.405941 0.0146802 0.0743105
2 0.451015 0.269019 0.031653 0.0429141
2 0.382614 0.187129 0.0222322 0.0323624
2 0.493674 0.240885 0.0270372 0.026673
