2 0.527276 0.841115 0.108975 0.272943
2 0.355657 0.846751 0.116198 0.274288
2 0.699334 0.796603 0.130942 0.30203
2 0.933559 0.642916 0.132226 0.153531
5 0.914041 0.476232 0.171338 0.254704
2 0.614748 0.569513 0.0696827 0.127179
5 0.742653 0.318493 0.166333 0.184807
2 0.104123 0.542178 0.0935718 0.123808
2 0.262528 0.445108 0.0807439 0.126914
2 0.424016 0.486342 0.0493401 0.10015
2 0.514825 0.482138 0.0596148 0.11313
2 0.0282733 0.664005 0.055963 0.182394
0 0.282278 0.782593 0.0454772 0.134886
5 0.285124 0.267183 0.0738526 0.103188
2 0.563818 0.366465 0.0417072 0.0655275
2 0.196642 0.438822 0.0721357 0.0701372
2 0.0205123 0.946077 0.0408196 0.103891
5 0.689791 0.170417 0.0501382 0.0456528
2 0.44101 0.365459 0.0377316 0.0884754
2 0.24948 0.382949 0.0543124 0.0685572
2 0.301148 0.399278 0.0513464 0.0829983
2 0.502795 0.359888 0.0402641 0.0881105
7 0.159651 0.620864 0.178579 0.323158
2 0.32853 0.351091 0.0466517 0.0619929
5 0.356239 0.292499 0.045443 0.0912057
2 0.280334 0.347772 0.0431456 0.0562184
0 0.360295 0.524161 0.0218157 0.0773108
0 0.111008 0.39302 0.0179539 0.096464
3 0.360569 0.558804 0.0208943 0.0633035
2 0.140359 0.278501 0.0547717 0.0354921
0 0.382632 0.454062 0.0200734 0.0812631
2 0.542389 0.297318 0.0304127 0.0587079
2 0.159144 0.621979 0.179717 0.320895
2 0.308119 0.31437 0.0369115 0.0577456
0 0.186574 0.327158 0.0153693 0.053271
5 0.614026 0.213813 0.0476093 0.0755505
5 0.322673 0.226544 0.0553532 0.0854341
0 0.150994 0.367959 0.0129243 0.0608766
2 0.501032 0.296706 0.0279039 0.0348325
3 0.27875 0.844397 0.0302413 0.11659
2 0.443637 0.323923 0.0352139 0.0581512
2 0.454527 0.293384 0.0313849 0.0446209
2 0.528642 0.245663 0.0227953 0.0302724
2 0.0746796 0.299373 0.0545152 0.0507741
2 0.447577 0.308096 0.0297092 0.0328942
2 0.393684 0.250298 0.0258593 0.0365687
2 0.224622 0.193277 0.024714 0.0267231
0 0.0212694 0.450074 0.0181644 0.091512
0 0.133749 0.370956 0.0121577 0.0559228
0 0.0722539 0.442996 0.0132983 0.0854307
2 0.496273 0.270284 0.0291625 0.0322107
2 0.446649 0.316206 0.0308564 0.0493601
3 0.382333 0.458445 0.0192485 0.0787188
2 0.496599 0.280302 0.0310754 0.0499633
0 0.0610745 0.443392 0.0145471 0.0999917
2 0.527276 0.841115 0.108975 0.272943
2 0.355657 0.846751 0.116198 0.274288
2 0.699334 0.796603 0.130942 0.30203
2 0.933559 0.642916 0.132226 0.153531
5 0.914041 0.476232 0.171338 0.254704
2 0.614748 0.569513 0.0696827 0.127179
5 0.742653 0.318493 0.166333 0.184807
2 0.104123 0.542178 0.0935718 0.123808
2 0.262528 0.445108 0.0807439 0.126914
2 0.424016 0.486342 0.0493401 0.10015
2 0.514825 0.482138 0.0596148 0.11313
2 0.0282733 0.664005 0.055963 0.182394
0 0.282278 0.782593 0.0454772 0.134886
5 0.285124 0.267183 0.0738526 0.103188
2 0.563818 0.366465 0.0417072 0.0655275
2 0.196642 0.438822 0.0721357 0.0701372
2 0.0205123 0.946077 0.0408196 0.103891
5 0.689791 0.170417 0.0501382 0.0456528
2 0.44101 0.365459 0.0377316 0.0884754
2 0.24948 0.382949 0.0543124 0.0685572
2 0.301148 0.399278 0.0513464 0.0829983
2 0.502795 0.359888 0.0402641 0.0881105
7 0.159651 0.620864 0.178579 0.323158
2 0.32853 0.351091 0.0466517 0.0619929
5 0.356239 0.292499 0.045443 0.0912057
2 0.280334 0.347772 0.0431456 0.0562184
0 0.360295 0.524161 0.0218157 0.0773108
0 0.111008 0.39302 0.0179539 0.096464
3 0.360569 0.558804 0.0208943 0.0633035
2 0.140359 0.278501 0.0547717 0.0354921
0 0.382632 0.454062 0.0200734 0.0812631
2 0.542389 0.297318 0.0304127 0.0587079
2 0.159144 0.621979 0.179717 0.320895
2 0.308119 0.31437 0.0369115 0.0577456
0 0.186574 0.327158 0.0153693 0.053271
5 0.614026 0.213813 0.0476093 0.0755505
5 0.322673 0.226544 0.0553532 0.0854341
0 0.150994 0.367959 0.0129243 0.0608766
2 0.501032 0.296706 0.0279039 0.0348325
3 0.27875 0.844397 0.0302413 0.11659
2 0.443637 0.323923 0.0352139 0.0581512
2 0.454527 0.293384 0.0313849 0.0446209
2 0.528642 0.245663 0.0227953 0.0302724
2 0.0746796 0.299373 0.0545152 0.0507741
2 0.447577 0.308096 0.0297092 0.0328942
2 0.393684 0.250298 0.0258593 0.0365687
2 0.224622 0.193277 0.024714 0.0267231
0 0.0212694 0.450074 0.0181644 0.091512
0 0.133749 0.370956 0.0121577 0.0559228
0 0.0722539 0.442996 0.0132983 0.0854307
2 0.496273 0.270284 0.0291625 0.0322107
2 0.446649 0.316206 0.0308564 0.0493601
3 0.382333 0.458445 0.0192485 0.0787188
2 0.496599 0.280302 0.0310754 0.0499633
0 0.0610745 0.443392 0.0145471 0.0999917
2 0.527276 0.841115 0.108975 0.272943
2 0.355657 0.846751 0.116198 0.274288
2 0.699334 0.796603 0.130942 0.30203
2 0.933559 0.642916 0.132226 0.153531
5 0.914041 0.476232 0.171338 0.254704
2 0.614748 0.569513 0.0696827 0.127179
5 0.742653 0.318493 0.166333 0.184807
2 0.104123 0.542178 0.0935718 0.123808
2 0.262528 0.445108 0.0807439 0.126914
2 0.424016 0.486342 0.0493401 0.10015
2 0.514825 0.482138 0.0596148 0.11313
2 0.0282733 0.664005 0.055963 0.182394
0 0.282278 0.782593 0.0454772 0.134886
5 0.285124 0.267183 0.0738526 0.103188
2 0.563818 0.366465 0.0417072 0.0655275
2 0.196642 0.438822 0.0721357 0.0701372
2 0.0205123 0.946077 0.0408196 0.103891
5 0.689791 0.170417 0.0501382 0.0456528
2 0.44101 0.365459 0.0377316 0.0884754
2 0.24948 0.382949 0.0543124 0.0685572
2 0.301148 0.399278 0.0513464 0.0829983
2 0.502795 0.359888 0.0402641 0.0881105
7 0.159651 0.620864 0.178579 0.323158
2 0.32853 0.351091 0.0466517 0.0619929
5 0.356239 0.292499 0.045443 0.0912057
2 0.280334 0.347772 0.0431456 0.0562184
0 0.360295 0.524161 0.0218157 0.0773108
0 0.111008 0.39302 0.0179539 0.096464
3 0.360569 0.558804 0.0208943 0.0633035
2 0.140359 0.278501 0.0547717 0.0354921
0 0.382632 0.454062 0.0200734 0.0812631
2 0.542389 0.297318 0.0304127 0.0587079
2 0.159144 0.621979 0.179717 0.320895
2 0.308119 0.31437 0.0369115 0.0577456
0 0.186574 0.327158 0.0153693 0.053271
5 0.614026 0.213813 0.0476093 0.0755505
5 0.322673 0.226544 0.0553532 0.0854341
0 0.150994 0.367959 0.0129243 0.0608766
2 0.501032 0.296706 0.0279039 0.0348325
3 0.27875 0.844397 0.0302413 0.11659
2 0.443637 0.323923 0.0352139 0.0581512
2 0.454527 0.293384 0.0313849 0.0446209
2 0.528642 0.245663 0.0227953 0.0302724
2 0.0746796 0.299373 0.0545152 0.0507741
2 0.447577 0.308096 0.0297092 0.0328942
2 0.393684 0.250298 0.0258593 0.0365687
2 0.224622 0.193277 0.024714 0.0267231
0 0.0212694 0.450074 0.0181644 0.091512
0 0.133749 0.370956 0.0121577 0.0559228
0 0.0722539 0.442996 0.0132983 0.0854307
2 0.496273 0.270284 0.0291625 0.0322107
2 0.446649 0.316206 0.0308564 0.0493601
3 0.382333 0.458445 0.0192485 0.0787188
2 0.496599 0.280302 0.0310754 0.0499633
0 0.0610745 0.443392 0.0145471 0.0999917
2 0.527276 0.841115 0.108975 0.272943
2 0.355657 0.846751 0.116198 0.274288
2 0.699334 0.796603 0.130942 0.30203
2 0.933559 0.642916 0.132226 0.153531
5 0.914041 0.476232 0.171338 0.254704
2 0.614748 0.569513 0.0696827 0.127179
5 0.742653 0.318493 0.166333 0.184807
2 0.104123 0.542178 0.0935718 0.123808
2 0.262528 0.445108 0.0807439 0.126914
2 0.424016 0.486342 0.0493401 0.10015
2 0.514825 0.482138 0.0596148 0.11313
2 0.0282733 0.664005 0.055963 0.182394
0 0.282278 0.782593 0.0454772 0.134886
5 0.285124 0.267183 0.0738526 0.103188
2 0.563818 0.366465 0.0417072 0.0655275
2 0.196642 0.438822 0.0721357 0.0701372
2 0.0205123 0.946077 0.0408196 0.103891
5 0.689791 0.170417 0.0501382 0.0456528
2 0.44101 0.365459 0.0377316 0.0884754
2 0.24948 0.382949 0.0543124 0.0685572
2 0.301148 0.399278 0.0513464 0.0829983
2 0.502795 0.359888 0.0402641 0.0881105
7 0.159651 0.620864 0.178579 0.323158
2 0.32853 0.351091 0.0466517 0.0619929
5 0.356239 0.292499 0.045443 0.0912057
2 0.280334 0.347772 0.0431456 0.0562184
0 0.360295 0.524161 0.0218157 0.0773108
0 0.111008 0.39302 0.0179539 0.096464
3 0.360569 0.558804 0.0208943 0.0633035
2 0.140359 0.278501 0.0547717 0.0354921
0 0.382632 0.454062 0.0200734 0.0812631
2 0.542389 0.297318 0.0304127 0.0587079
2 0.159144 0.621979 0.179717 0.320895
2 0.308119 0.31437 0.0369115 0.0577456
0 0.186574 0.327158 0.0153693 0.053271
5 0.614026 0.213813 0.0476093 0.0755505
5 0.322673 0.226544 0.0553532 0.0854341
0 0.150994 0.367959 0.0129243 0.0608766
2 0.501032 0.296706 0.0279039 0.0348325
3 0.27875 0.844397 0.0302413 0.11659
2 0.443637 0.323923 0.0352139 0.0581512
2 0.454527 0.293384 0.0313849 0.0446209
2 0.528642 0.245663 0.0227953 0.0302724
2 0.0746796 0.299373 0.0545152 0.0507741
2 0.447577 0.308096 0.0297092 0.0328942
2 0.393684 0.250298 0.0258593 0.0365687
2 0.224622 0.193277 0.024714 0.0267231
0 0.0212694 0.450074 0.0181644 0.091512
0 0.133749 0.370956 0.0121577 0.0559228
0 0.0722539 0.442996 0.0132983 0.0854307
2 0.496273 0.270284 0.0291625 0.0322107
2 0.446649 0.316206 0.0308564 0.0493601
3 0.382333 0.458445 0.0192485 0.0787188
2 0.496599 0.280302 0.0310754 0.0499633
0 0.0610745 0.443392 0.0145471 0.0999917
