2 0.105065 0.664834 0.147305 0.220082
2 0.513141 0.658937 0.0881632 0.195326
2 0.640462 0.589176 0.0930954 0.212283
2 0.0520612 0.533357 0.104122 0.182776
5 0.927379 0.439004 0.144624 0.245412
2 0.398661 0.514842 0.0686158 0.131364
5 0.900245 0.747299 0.198388 0.486533
2 0.510048 0.490382 0.0669814 0.121181
5 0.268791 0.210408 0.0783062 0.106093
2 0.487026 0.387678 0.0506485 0.0861513
2 0.0233629 0.907154 0.0463844 0.173698
2 0.409472 0.406087 0.053734 0.0937953
2 0.588315 0.447995 0.0657687 0.112141
2 0.145186 0.419778 0.0763254 0.104791
7 0.355348 0.789791 0.142021 0.333749
2 0.828301 0.231122 0.0478603 0.0440094
2 0.490923 0.297514 0.0403523 0.07039
2 0.228766 0.326629 0.055326 0.0570519
2 0.282476 0.33601 0.0622423 0.103417
2 0.536965 0.254878 0.0332663 0.051574
2 0.425809 0.332592 0.0404419 0.0730033
2 0.747593 0.854169 0.19376 0.279842
2 0.355679 0.789876 0.141609 0.334912
2 0.571927 0.361001 0.0497847 0.0941568
2 0.550445 0.322232 0.0429279 0.0666151
2 0.281728 0.267066 0.0403773 0.0453127
2 0.317109 0.28527 0.0409229 0.0678411
5 0.632781 0.176122 0.0383749 0.0763168
2 0.20874 0.452572 0.122926 0.225982
2 0.564718 0.902238 0.156906 0.183848
0 0.0115337 0.388802 0.0203115 0.0831425
5 0.306543 0.168034 0.053212 0.0827238
2 0.344946 0.254699 0.0353773 0.0568593
0 0.0351645 0.376456 0.0253029 0.0822228
7 0.737707 0.136534 0.0339621 0.0409222
7 0.208442 0.452381 0.123023 0.225938
7 0.564944 0.903712 0.157464 0.186931
0 0.0651484 0.36203 0.0192913 0.108388
2 0.719019 0.198343 0.0345249 0.0351812
5 0.747539 0.855998 0.193708 0.282409
2 0.485905 0.24636 0.032555 0.0581935
2 0.522051 0.203227 0.0334018 0.0608813
2 0.332082 0.205022 0.0256945 0.0478076
2 0.431415 0.285773 0.0346269 0.0758313
2 0.124245 0.220574 0.0517179 0.0383436
5 0.361299 0.199857 0.0389344 0.0789819
7 0.633173 0.174398 0.0380477 0.0798995
0 0.0925344 0.343468 0.0193053 0.0856787
0 0.11692 0.315436 0.0140229 0.0567358
7 0.773621 0.157411 0.0412504 0.0424265
2 0.309031 0.239308 0.0328309 0.0511308
2 0.0558867 0.238293 0.0487314 0.0402794
2 0.481547 0.202644 0.0250775 0.0277411
0 0.091312 0.352031 0.0173882 0.068105
0 0.129608 0.283713 0.0192751 0.0744746
2 0.43973 0.235752 0.0293842 0.0434975
0 0.132685 0.28546 0.0145899 0.070242
2 0.105065 0.664834 0.147305 0.220082
2 0.513141 0.658937 0.0881632 0.195326
2 0.640462 0.589176 0.0930954 0.212283
2 0.0520612 0.533357 0.104122 0.182776
5 0.927379 0.439004 0.144624 0.245412
2 0.398661 0.514842 0.0686158 0.131364
5 0.900245 0.747299 0.198388 0.486533
2 0.510048 0.490382 0.0669814 0.121181
5 0.268791 0.210408 0.0783062 0.106093
2 0.487026 0.387678 0.0506485 0.0861513
2 0.0233629 0.907154 0.0463844 0.173698
2 0.409472 0.406087 0.053734 0.0937953
2 0.588315 0.447995 0.0657687 0.112141
2 0.145186 0.419778 0.0763254 0.104791
7 0.355348 0.789791 0.142021 0.333749
2 0.828301 0.231122 0.0478603 0.0440094
2 0.490923 0.297514 0.0403523 0.07039
2 0.228766 0.326629 0.055326 0.0570519
2 0.282476 0.33601 0.0622423 0.103417
2 0.536965 0.254878 0.0332663 0.051574
2 0.425809 0.332592 0.0404419 0.0730033
2 0.747593 0.854169 0.19376 0.279842
2 0.355679 0.789876 0.141609 0.334912
2 0.571927 0.361001 0.0497847 0.0941568
2 0.550445 0.322232 0.0429279 0.0666151
2 0.281728 0.267066 0.0403773 0.0453127
2 0.317109 0.28527 0.0409229 0.0678411
5 0.632781 0.176122 0.0383749 0.0763168
2 0.20874 0.452572 0.122926 0.225982
2 0.564718 0.902238 0.156906 0.183848
0 0.0115337 0.388802 0.0203115 0.0831425
5 0.306543 0.168034 0.053212 0.0827238
2 0.344946 0.254699 0.0353773 0.0568593
0 0.0351645 0.376456 0.0253029 0.0822228
7 0.737707 0.136534 0.0339621 0.0409222
7 0.208442 0.452381 0.123023 0.225938
7 0.564944 0.903712 0.157464 0.186931
0 0.0651484 0.36203 0.0192913 0.108388
2 0.719019 0.198343 0.0345249 0.0351812
5 0.747539 0.855998 0.193708 0.282409
2 0.485905 0.24636 0.032555 0.0581935
2 0.522051 0.203227 0.0334018 0.0608813
2 0.332082 0.205022 0.0256945 0.0478076
2 0.431415 0.285773 0.0346269 0.0758313
2 0.124245 0.220574 0.0517179 0.0383436
5 0.361299 0.199857 0.0389344 0.0789819
7 0.633173 0.174398 0.0380477 0.0798995
0 0.0925344 0.343468 0.0193053 0.0856787
0 0.11692 0.315436 0.0140229 0.0567358
7 0.773621 0.157411 0.0412504 0.0424265
2 0.309031 0.239308 0.0328309 0.0511308
2 0.0558867 0.238293 0.0487314 0.0402794
2 0.481547 0.202644 0.0250775 0.0277411
0 0.091312 0.352031 0.0173882 0.068105
0 0.129608 0.283713 0.0192751 0.0744746
2 0.43973 0.235752 0.0293842 0.0434975
0 0.132685 0.28546 0.0145899 0.070242
2 0.105065 0.664834 0.147305 0.220082
2 0.513141 0.658937 0.0881632 0.195326
2 0.640462 0.589176 0.0930954 0.212283
2 0.0520612 0.533357 0.104122 0.182776
5 0.927379 0.439004 0.144624 0.245412
2 0.398661 0.514842 0.0686158 0.131364
5 0.900245 0.747299 0.198388 0.486533
2 0.510048 0.490382 0.0669814 0.121181
5 0.268791 0.210408 0.0783062 0.106093
2 0.487026 0.387678 0.0506485 0.0861513
2 0.0233629 0.907154 0.0463844 0.173698
2 0.409472 0.406087 0.053734 0.0937953
2 0.588315 0.447995 0.0657687 0.112141
2 0.145186 0.419778 0.0763254 0.104791
7 0.355348 0.789791 0.142021 0.333749
2 0.828301 0.231122 0.0478603 0.0440094
2 0.490923 0.297514 0.0403523 0.07039
2 0.228766 0.326629 0.055326 0.0570519
2 0.282476 0.33601 0.0622423 0.103417
2 0.536965 0.254878 0.0332663 0.051574
2 0.425809 0.332592 0.0404419 0.0730033
2 0.747593 0.854169 0.19376 0.279842
2 0.355679 0.789876 0.141609 0.334912
2 0.571927 0.361001 0.0497847 0.0941568
2 0.550445 0.322232 0.0429279 0.0666151
2 0.281728 0.267066 0.0403773 0.0453127
2 0.317109 0.28527 0.0409229 0.0678411
5 0.632781 0.176122 0.0383749 0.0763168
2 0.20874 0.452572 0.122926 0.225982
2 0.564718 0.902238 0.156906 0.183848
0 0.0115337 0.388802 0.0203115 0.0831425
5 0.306543 0.168034 0.053212 0.0827238
2 0.344946 0.254699 0.0353773 0.0568593
0 0.0351645 0.376456 0.0253029 0.0822228
7 0.737707 0.136534 0.0339621 0.0409222
7 0.208442 0.452381 0.123023 0.225938
7 0.564944 0.903712 0.157464 0.186931
0 0.0651484 0.36203 0.0192913 0.108388
2 0.719019 0.198343 0.0345249 0.0351812
5 0.747539 0.855998 0.193708 0.282409
2 0.485905 0.24636 0.032555 0.0581935
2 0.522051 0.203227 0.0334018 0.0608813
2 0.332082 0.205022 0.0256945 0.0478076
2 0.431415 0.285773 0.0346269 0.0758313
2 0.124245 0.220574 0.0517179 0.0383436
5 0.361299 0.199857 0.0389344 0.0789819
7 0.633173 0.174398 0.0380477 0.0798995
0 0.0925344 0.343468 0.0193053 0.0856787
0 0.11692 0.315436 0.0140229 0.0567358
7 0.773621 0.157411 0.0412504 0.0424265
2 0.309031 0.239308 0.0328309 0.0511308
2 0.0558867 0.238293 0.0487314 0.0402794
2 0.481547 0.202644 0.0250775 0.0277411
0 0.091312 0.352031 0.0173882 0.068105
0 0.129608 0.283713 0.0192751 0.0744746
2 0.43973 0.235752 0.0293842 0.0434975
0 0.132685 0.28546 0.0145899 0.070242
2 0.105065 0.664834 0.147305 0.220082
2 0.513141 0.658937 0.0881632 0.195326
2 0.640462 0.589176 0.0930954 0.212283
2 0.0520612 0.533357 0.104122 0.182776
5 0.927379 0.439004 0.144624 0.245412
2 0.398661 0.514842 0.0686158 0.131364
5 0.900245 0.747299 0.198388 0.486533
2 0.510048 0.490382 0.0669814 0.121181
5 0.268791 0.210408 0.0783062 0.106093
2 0.487026 0.387678 0.0506485 0.0861513
2 0.0233629 0.907154 0.0463844 0.173698
2 0.409472 0.406087 0.053734 0.0937953
2 0.588315 0.447995 0.0657687 0.112141
2 0.145186 0.419778 0.0763254 0.104791
7 0.355348 0.789791 0.142021 0.333749
2 0.828301 0.231122 0.0478603 0.0440094
2 0.490923 0.297514 0.0403523 0.07039
2 0.228766 0.326629 0.055326 0.0570519
2 0.282476 0.33601 0.0622423 0.103417
2 0.536965 0.254878 0.0332663 0.051574
2 0.425809 0.332592 0.0404419 0.0730033
2 0.747593 0.854169 0.19376 0.279842
2 0.355679 0.789876 0.141609 0.334912
2 0.571927 0.361001 0.0497847 0.0941568
2 0.550445 0.322232 0.0429279 0.0666151
2 0.281728 0.267066 0.0403773 0.0453127
2 0.317109 0.28527 0.0409229 0.0678411
5 0.632781 0.176122 0.0383749 0.0763168
2 0.20874 0.452572 0.122926 0.225982
2 0.564718 0.902238 0.156906 0.183848
0 0.0115337 0.388802 0.0203115 0.0831425
5 0.306543 0.168034 0.053212 0.0827238
2 0.344946 0.254699 0.0353773 0.0568593
0 0.0351645 0.376456 0.0253029 0.0822228
7 0.737707 0.136534 0.0339621 0.0409222
7 0.208442 0.452381 0.123023 0.225938
7 0.564944 0.903712 0.157464 0.186931
0 0.0651484 0.36203 0.0192913 0.108388
2 0.719019 0.198343 0.0345249 0.0351812
5 0.747539 0.855998 0.193708 0.282409
2 0.485905 0.24636 0.032555 0.0581935
2 0.522051 0.203227 0.0334018 0.0608813
2 0.332082 0.205022 0.0256945 0.0478076
2 0.431415 0.285773 0.0346269 0.0758313
2 0.124245 0.220574 0.0517179 0.0383436
5 0.361299 0.199857 0.0389344 0.0789819
7 0.633173 0.174398 0.0380477 0.0798995
0 0.0925344 0.343468 0.0193053 0.0856787
0 0.11692 0.315436 0.0140229 0.0567358
7 0.773621 0.157411 0.0412504 0.0424265
2 0.309031 0.239308 0.0328309 0.0511308
2 0.0558867 0.238293 0.0487314 0.0402794
2 0.481547 0.202644 0.0250775 0.0277411
0 0.091312 0.352031 0.0173882 0.068105
0 0.129608 0.283713 0.0192751 0.0744746
2 0.43973 0.235752 0.0293842 0.0434975
0 0.132685 0.28546 0.0145899 0.070242
2 0.105065 0.664834 0.147305 0.220082
2 0.513141 0.658937 0.0881632 0.195326
2 0.640462 0.589176 0.0930954 0.212283
2 0.0520612 0.533357 0.104122 0.182776
5 0.927379 0.439004 0.144624 0.245412
2 0.398661 0.514842 0.0686158 0.131364
5 0.900245 0.747299 0.198388 0.486533
2 0.510048 0.490382 0.0669814 0.121181
5 0.268791 0.210408 0.0783062 0.106093
2 0.487026 0.387678 0.0506485 0.0861513
2 0.0233629 0.907154 0.0463844 0.173698
2 0.409472 0.406087 0.053734 0.0937953
2 0.588315 0.447995 0.0657687 0.112141
2 0.145186 0.419778 0.0763254 0.104791
7 0.355348 0.789791 0.142021 0.333749
2 0.828301 0.231122 0.0478603 0.0440094
2 0.490923 0.297514 0.0403523 0.07039
2 0.228766 0.326629 0.055326 0.0570519
2 0.282476 0.33601 0.0622423 0.103417
2 0.536965 0.254878 0.0332663 0.051574
2 0.425809 0.332592 0.0404419 0.0730033
2 0.747593 0.854169 0.19376 0.279842
2 0.355679 0.789876 0.141609 0.334912
2 0.571927 0.361001 0.0497847 0.0941568
2 0.550445 0.322232 0.0429279 0.0666151
2 0.281728 0.267066 0.0403773 0.0453127
2 0.317109 0.28527 0.0409229 0.0678411
5 0.632781 0.176122 0.0383749 0.0763168
2 0.20874 0.452572 0.122926 0.225982
2 0.564718 0.902238 0.156906 0.183848
0 0.0115337 0.388802 0.0203115 0.0831425
5 0.306543 0.168034 0.053212 0.0827238
2 0.344946 0.254699 0.0353773 0.0568593
0 0.0351645 0.376456 0.0253029 0.0822228
7 0.737707 0.136534 0.0339621 0.0409222
7 0.208442 0.452381 0.123023 0.225938
7 0.564944 0.903712 0.157464 0.186931
0 0.0651484 0.36203 0.0192913 0.108388
2 0.719019 0.198343 0.0345249 0.0351812
5 0.747539 0.855998 0.193708 0.282409
2 0.485905 0.24636 0.032555 0.0581935
2 0.522051 0.203227 0.0334018 0.0608813
2 0.332082 0.205022 0.0256945 0.0478076
2 0.431415 0.285773 0.0346269 0.0758313
2 0.124245 0.220574 0.0517179 0.0383436
5 0.361299 0.199857 0.0389344 0.0789819
7 0.633173 0.174398 0.0380477 0.0798995
0 0.0925344 0.343468 0.0193053 0.0856787
0 0.11692 0.315436 0.0140229 0.0567358
7 0.773621 0.157411 0.0412504 0.0424265
2 0.309031 0.239308 0.0328309 0.0511308
2 0.0558867 0.238293 0.0487314 0.0402794
2 0.481547 0.202644 0.0250775 0.0277411
0 0.091312 0.352031 0.0173882 0.068105
0 0.129608 0.283713 0.0192751 0.0744746
2 0.43973 0.235752 0.0293842 0.0434975
0 0.132685 0.28546 0.0145899 0.070242
2 0.105065 0.664834 0.147305 0.220082
2 0.513141 0.658937 0.0881632 0.195326
2 0.640462 0.589176 0.0930954 0.212283
2 0.0520612 0.533357 0.104122 0.182776
5 0.927379 0.439004 0.144624 0.245412
2 0.398661 0.514842 0.0686158 0.131364
5 0.900245 0.747299 0.198388 0.486533
2 0.510048 0.490382 0.0669814 0.121181
5 0.268791 0.210408 0.0783062 0.106093
2 0.487026 0.387678 0.0506485 0.0861513
2 0.0233629 0.907154 0.0463844 0.173698
2 0.409472 0.406087 0.053734 0.0937953
2 0.588315 0.447995 0.0657687 0.112141
2 0.145186 0.419778 0.0763254 0.104791
7 0.355348 0.789791 0.142021 0.333749
2 0.828301 0.231122 0.0478603 0.0440094
2 0.490923 0.297514 0.0403523 0.07039
2 0.228766 0.326629 0.055326 0.0570519
2 0.282476 0.33601 0.0622423 0.103417
2 0.536965 0.254878 0.0332663 0.051574
2 0.425809 0.332592 0.0404419 0.0730033
2 0.747593 0.854169 0.19376 0.279842
2 0.355679 0.789876 0.141609 0.334912
2 0.571927 0.361001 0.0497847 0.0941568
2 0.550445 0.322232 0.0429279 0.0666151
2 0.281728 0.267066 0.0403773 0.0453127
2 0.317109 0.28527 0.0409229 0.0678411
5 0.632781 0.176122 0.0383749 0.0763168
2 0.20874 0.452572 0.122926 0.225982
2 0.564718 0.902238 0.156906 0.183848
0 0.0115337 0.388802 0.0203115 0.0831425
5 0.306543 0.168034 0.053212 0.0827238
2 0.344946 0.254699 0.0353773 0.0568593
0 0.0351645 0.376456 0.0253029 0.0822228
7 0.737707 0.136534 0.0339621 0.0409222
7 0.208442 0.452381 0.123023 0.225938
7 0.564944 0.903712 0.157464 0.186931
0 0.0651484 0.36203 0.0192913 0.108388
2 0.719019 0.198343 0.0345249 0.0351812
5 0.747539 0.855998 0.193708 0.282409
2 0.485905 0.24636 0.032555 0.0581935
2 0.522051 0.203227 0.0334018 0.0608813
2 0.332082 0.205022 0.0256945 0.0478076
2 0.431415 0.285773 0.0346269 0.0758313
2 0.124245 0.220574 0.0517179 0.0383436
5 0.361299 0.199857 0.0389344 0.0789819
7 0.633173 0.174398 0.0380477 0.0798995
0 0.0925344 0.343468 0.0193053 0.0856787
0 0.11692 0.315436 0.0140229 0.0567358
7 0.773621 0.157411 0.0412504 0.0424265
2 0.309031 0.239308 0.0328309 0.0511308
2 0.0558867 0.238293 0.0487314 0.0402794
2 0.481547 0.202644 0.0250775 0.0277411
0 0.091312 0.352031 0.0173882 0.068105
0 0.129608 0.283713 0.0192751 0.0744746
2 0.43973 0.235752 0.0293842 0.0434975
0 0.132685 0.28546 0.0145899 0.070242
2 0.105065 0.664834 0.147305 0.220082
2 0.513141 0.658937 0.0881632 0.195326
2 0.640462 0.589176 0.0930954 0.212283
2 0.0520612 0.533357 0.104122 0.182776
5 0.927379 0.439004 0.144624 0.245412
2 0.398661 0.514842 0.0686158 0.131364
5 0.900245 0.747299 0.198388 0.486533
2 0.510048 0.490382 0.0669814 0.121181
5 0.268791 0.210408 0.0783062 0.106093
2 0.487026 0.387678 0.0506485 0.0861513
2 0.0233629 0.907154 0.0463844 0.173698
2 0.409472 0.406087 0.053734 0.0937953
2 0.588315 0.447995 0.0657687 0.112141
2 0.145186 0.419778 0.0763254 0.104791
7 0.355348 0.789791 0.142021 0.333749
2 0.828301 0.231122 0.0478603 0.0440094
2 0.490923 0.297514 0.0403523 0.07039
2 0.228766 0.326629 0.055326 0.0570519
2 0.282476 0.33601 0.0622423 0.103417
2 0.536965 0.254878 0.0332663 0.051574
2 0.425809 0.332592 0.0404419 0.0730033
2 0.747593 0.854169 0.19376 0.279842
2 0.355679 0.789876 0.141609 0.334912
2 0.571927 0.361001 0.0497847 0.0941568
2 0.550445 0.322232 0.0429279 0.0666151
2 0.281728 0.267066 0.0403773 0.0453127
2 0.317109 0.28527 0.0409229 0.0678411
5 0.632781 0.176122 0.0383749 0.0763168
2 0.20874 0.452572 0.122926 0.225982
2 0.564718 0.902238 0.156906 0.183848
0 0.0115337 0.388802 0.0203115 0.0831425
5 0.306543 0.168034 0.053212 0.0827238
2 0.344946 0.254699 0.0353773 0.0568593
0 0.0351645 0.376456 0.0253029 0.0822228
7 0.737707 0.136534 0.0339621 0.0409222
7 0.208442 0.452381 0.123023 0.225938
7 0.564944 0.903712 0.157464 0.186931
0 0.0651484 0.36203 0.0192913 0.108388
2 0.719019 0.198343 0.0345249 0.0351812
5 0.747539 0.855998 0.193708 0.282409
2 0.485905 0.24636 0.032555 0.0581935
2 0.522051 0.203227 0.0334018 0.0608813
2 0.332082 0.205022 0.0256945 0.0478076
2 0.431415 0.285773 0.0346269 0.0758313
2 0.124245 0.220574 0.0517179 0.0383436
5 0.361299 0.199857 0.0389344 0.0789819
7 0.633173 0.174398 0.0380477 0.0798995
0 0.0925344 0.343468 0.0193053 0.0856787
0 0.11692 0.315436 0.0140229 0.0567358
7 0.773621 0.157411 0.0412504 0.0424265
2 0.309031 0.239308 0.0328309 0.0511308
2 0.0558867 0.238293 0.0487314 0.0402794
2 0.481547 0.202644 0.0250775 0.0277411
0 0.091312 0.352031 0.0173882 0.068105
0 0.129608 0.283713 0.0192751 0.0744746
2 0.43973 0.235752 0.0293842 0.0434975
0 0.132685 0.28546 0.0145899 0.070242
2 0.105065 0.664834 0.147305 0.220082
2 0.513141 0.658937 0.0881632 0.195326
2 0.640462 0.589176 0.0930954 0.212283
2 0.0520612 0.533357 0.104122 0.182776
5 0.927379 0.439004 0.144624 0.245412
2 0.398661 0.514842 0.0686158 0.131364
5 0.900245 0.747299 0.198388 0.486533
2 0.510048 0.490382 0.0669814 0.121181
5 0.268791 0.210408 0.0783062 0.106093
2 0.487026 0.387678 0.0506485 0.0861513
2 0.0233629 0.907154 0.0463844 0.173698
2 0.409472 0.406087 0.053734 0.0937953
2 0.588315 0.447995 0.0657687 0.112141
2 0.145186 0.419778 0.0763254 0.104791
7 0.355348 0.789791 0.142021 0.333749
2 0.828301 0.231122 0.0478603 0.0440094
2 0.490923 0.297514 0.0403523 0.07039
2 0.228766 0.326629 0.055326 0.0570519
2 0.282476 0.33601 0.0622423 0.103417
2 0.536965 0.254878 0.0332663 0.051574
2 0.425809 0.332592 0.0404419 0.0730033
2 0.747593 0.854169 0.19376 0.279842
2 0.355679 0.789876 0.141609 0.334912
2 0.571927 0.361001 0.0497847 0.0941568
2 0.550445 0.322232 0.0429279 0.0666151
2 0.281728 0.267066 0.0403773 0.0453127
2 0.317109 0.28527 0.0409229 0.0678411
5 0.632781 0.176122 0.0383749 0.0763168
2 0.20874 0.452572 0.122926 0.225982
2 0.564718 0.902238 0.156906 0.183848
0 0.0115337 0.388802 0.0203115 0.0831425
5 0.306543 0.168034 0.053212 0.0827238
2 0.344946 0.254699 0.0353773 0.0568593
0 0.0351645 0.376456 0.0253029 0.0822228
7 0.737707 0.136534 0.0339621 0.0409222
7 0.208442 0.452381 0.123023 0.225938
7 0.564944 0.903712 0.157464 0.186931
0 0.0651484 0.36203 0.0192913 0.108388
2 0.719019 0.198343 0.0345249 0.0351812
5 0.747539 0.855998 0.193708 0.282409
2 0.485905 0.24636 0.032555 0.0581935
2 0.522051 0.203227 0.0334018 0.0608813
2 0.332082 0.205022 0.0256945 0.0478076
2 0.431415 0.285773 0.0346269 0.0758313
2 0.124245 0.220574 0.0517179 0.0383436
5 0.361299 0.199857 0.0389344 0.0789819
7 0.633173 0.174398 0.0380477 0.0798995
0 0.0925344 0.343468 0.0193053 0.0856787
0 0.11692 0.315436 0.0140229 0.0567358
7 0.773621 0.157411 0.0412504 0.0424265
2 0.309031 0.239308 0.0328309 0.0511308
2 0.0558867 0.238293 0.0487314 0.0402794
2 0.481547 0.202644 0.0250775 0.0277411
0 0.091312 0.352031 0.0173882 0.068105
0 0.129608 0.283713 0.0192751 0.0744746
2 0.43973 0.235752 0.0293842 0.0434975
0 0.132685 0.28546 0.0145899 0.070242
2 0.105065 0.664834 0.147305 0.220082
2 0.513141 0.658937 0.0881632 0.195326
2 0.640462 0.589176 0.0930954 0.212283
2 0.0520612 0.533357 0.104122 0.182776
5 0.927379 0.439004 0.144624 0.245412
2 0.398661 0.514842 0.0686158 0.131364
5 0.900245 0.747299 0.198388 0.486533
2 0.510048 0.490382 0.0669814 0.121181
5 0.268791 0.210408 0.0783062 0.106093
2 0.487026 0.387678 0.0506485 0.0861513
2 0.0233629 0.907154 0.0463844 0.173698
2 0.409472 0.406087 0.053734 0.0937953
2 0.588315 0.447995 0.0657687 0.112141
2 0.145186 0.419778 0.0763254 0.104791
7 0.355348 0.789791 0.142021 0.333749
2 0.828301 0.231122 0.0478603 0.0440094
2 0.490923 0.297514 0.0403523 0.07039
2 0.228766 0.326629 0.055326 0.0570519
2 0.282476 0.33601 0.0622423 0.103417
2 0.536965 0.254878 0.0332663 0.051574
2 0.425809 0.332592 0.0404419 0.0730033
2 0.747593 0.854169 0.19376 0.279842
2 0.355679 0.789876 0.141609 0.334912
2 0.571927 0.361001 0.0497847 0.0941568
2 0.550445 0.322232 0.0429279 0.0666151
2 0.281728 0.267066 0.0403773 0.0453127
2 0.317109 0.28527 0.0409229 0.0678411
5 0.632781 0.176122 0.0383749 0.0763168
2 0.20874 0.452572 0.122926 0.225982
2 0.564718 0.902238 0.156906 0.183848
0 0.0115337 0.388802 0.0203115 0.0831425
5 0.306543 0.168034 0.053212 0.0827238
2 0.344946 0.254699 0.0353773 0.0568593
0 0.0351645 0.376456 0.0253029 0.0822228
7 0.737707 0.136534 0.0339621 0.0409222
7 0.208442 0.452381 0.123023 0.225938
7 0.564944 0.903712 0.157464 0.186931
0 0.0651484 0.36203 0.0192913 0.108388
2 0.719019 0.198343 0.0345249 0.0351812
5 0.747539 0.855998 0.193708 0.282409
2 0.485905 0.24636 0.032555 0.0581935
2 0.522051 0.203227 0.0334018 0.0608813
2 0.332082 0.205022 0.0256945 0.0478076
2 0.431415 0.285773 0.0346269 0.0758313
2 0.124245 0.220574 0.0517179 0.0383436
5 0.361299 0.199857 0.0389344 0.0789819
7 0.633173 0.174398 0.0380477 0.0798995
0 0.0925344 0.343468 0.0193053 0.0856787
0 0.11692 0.315436 0.0140229 0.0567358
7 0.773621 0.157411 0.0412504 0.0424265
2 0.309031 0.239308 0.0328309 0.0511308
2 0.0558867 0.238293 0.0487314 0.0402794
2 0.481547 0.202644 0.0250775 0.0277411
0 0.091312 0.352031 0.0173882 0.068105
0 0.129608 0.283713 0.0192751 0.0744746
2 0.43973 0.235752 0.0293842 0.0434975
0 0.132685 0.28546 0.0145899 0.070242
2 0.105065 0.664834 0.147305 0.220082
2 0.513141 0.658937 0.0881632 0.195326
2 0.640462 0.589176 0.0930954 0.212283
2 0.0520612 0.533357 0.104122 0.182776
5 0.927379 0.439004 0.144624 0.245412
2 0.398661 0.514842 0.0686158 0.131364
5 0.900245 0.747299 0.198388 0.486533
2 0.510048 0.490382 0.0669814 0.121181
5 0.268791 0.210408 0.0783062 0.106093
2 0.487026 0.387678 0.0506485 0.0861513
2 0.0233629 0.907154 0.0463844 0.173698
2 0.409472 0.406087 0.053734 0.0937953
2 0.588315 0.447995 0.0657687 0.112141
2 0.145186 0.419778 0.0763254 0.104791
7 0.355348 0.789791 0.142021 0.333749
2 0.828301 0.231122 0.0478603 0.0440094
2 0.490923 0.297514 0.0403523 0.07039
2 0.228766 0.326629 0.055326 0.0570519
2 0.282476 0.33601 0.0622423 0.103417
2 0.536965 0.254878 0.0332663 0.051574
2 0.425809 0.332592 0.0404419 0.0730033
2 0.747593 0.854169 0.19376 0.279842
2 0.355679 0.789876 0.141609 0.334912
2 0.571927 0.361001 0.0497847 0.0941568
2 0.550445 0.322232 0.0429279 0.0666151
2 0.281728 0.267066 0.0403773 0.0453127
2 0.317109 0.28527 0.0409229 0.0678411
5 0.632781 0.176122 0.0383749 0.0763168
2 0.20874 0.452572 0.122926 0.225982
2 0.564718 0.902238 0.156906 0.183848
0 0.0115337 0.388802 0.0203115 0.0831425
5 0.306543 0.168034 0.053212 0.0827238
2 0.344946 0.254699 0.0353773 0.0568593
0 0.0351645 0.376456 0.0253029 0.0822228
7 0.737707 0.136534 0.0339621 0.0409222
7 0.208442 0.452381 0.123023 0.225938
7 0.564944 0.903712 0.157464 0.186931
0 0.0651484 0.36203 0.0192913 0.108388
2 0.719019 0.198343 0.0345249 0.0351812
5 0.747539 0.855998 0.193708 0.282409
2 0.485905 0.24636 0.032555 0.0581935
2 0.522051 0.203227 0.0334018 0.0608813
2 0.332082 0.205022 0.0256945 0.0478076
2 0.431415 0.285773 0.0346269 0.0758313
2 0.124245 0.220574 0.0517179 0.0383436
5 0.361299 0.199857 0.0389344 0.0789819
7 0.633173 0.174398 0.0380477 0.0798995
0 0.0925344 0.343468 0.0193053 0.0856787
0 0.11692 0.315436 0.0140229 0.0567358
7 0.773621 0.157411 0.0412504 0.0424265
2 0.309031 0.239308 0.0328309 0.0511308
2 0.0558867 0.238293 0.0487314 0.0402794
2 0.481547 0.202644 0.0250775 0.0277411
0 0.091312 0.352031 0.0173882 0.068105
0 0.129608 0.283713 0.0192751 0.0744746
2 0.43973 0.235752 0.0293842 0.0434975
0 0.132685 0.28546 0.0145899 0.070242
2 0.105065 0.664834 0.147305 0.220082
2 0.513141 0.658937 0.0881632 0.195326
2 0.640462 0.589176 0.0930954 0.212283
2 0.0520612 0.533357 0.104122 0.182776
5 0.927379 0.439004 0.144624 0.245412
2 0.398661 0.514842 0.0686158 0.131364
5 0.900245 0.747299 0.198388 0.486533
2 0.510048 0.490382 0.0669814 0.121181
5 0.268791 0.210408 0.0783062 0.106093
2 0.487026 0.387678 0.0506485 0.0861513
2 0.0233629 0.907154 0.0463844 0.173698
2 0.409472 0.406087 0.053734 0.0937953
2 0.588315 0.447995 0.0657687 0.112141
2 0.145186 0.419778 0.0763254 0.104791
7 0.355348 0.789791 0.142021 0.333749
2 0.828301 0.231122 0.0478603 0.0440094
2 0.490923 0.297514 0.0403523 0.07039
2 0.228766 0.326629 0.055326 0.0570519
2 0.282476 0.33601 0.0622423 0.103417
2 0.536965 0.254878 0.0332663 0.051574
2 0.425809 0.332592 0.0404419 0.0730033
2 0.747593 0.854169 0.19376 0.279842
2 0.355679 0.789876 0.141609 0.334912
2 0.571927 0.361001 0.0497847 0.0941568
2 0.550445 0.322232 0.0429279 0.0666151
2 0.281728 0.267066 0.0403773 0.0453127
2 0.317109 0.28527 0.0409229 0.0678411
5 0.632781 0.176122 0.0383749 0.0763168
2 0.20874 0.452572 0.122926 0.225982
2 0.564718 0.902238 0.156906 0.183848
0 0.0115337 0.388802 0.0203115 0.0831425
5 0.306543 0.168034 0.053212 0.0827238
2 0.344946 0.254699 0.0353773 0.0568593
0 0.0351645 0.376456 0.0253029 0.0822228
7 0.737707 0.136534 0.0339621 0.0409222
7 0.208442 0.452381 0.123023 0.225938
7 0.564944 0.903712 0.157464 0.186931
0 0.0651484 0.36203 0.0192913 0.108388
2 0.719019 0.198343 0.0345249 0.0351812
5 0.747539 0.855998 0.193708 0.282409
2 0.485905 0.24636 0.032555 0.0581935
2 0.522051 0.203227 0.0334018 0.0608813
2 0.332082 0.205022 0.0256945 0.0478076
2 0.431415 0.285773 0.0346269 0.0758313
2 0.124245 0.220574 0.0517179 0.0383436
5 0.361299 0.199857 0.0389344 0.0789819
7 0.633173 0.174398 0.0380477 0.0798995
0 0.0925344 0.343468 0.0193053 0.0856787
0 0.11692 0.315436 0.0140229 0.0567358
7 0.773621 0.157411 0.0412504 0.0424265
2 0.309031 0.239308 0.0328309 0.0511308
2 0.0558867 0.238293 0.0487314 0.0402794
2 0.481547 0.202644 0.0250775 0.0277411
0 0.091312 0.352031 0.0173882 0.068105
0 0.129608 0.283713 0.0192751 0.0744746
2 0.43973 0.235752 0.0293842 0.0434975
0 0.132685 0.28546 0.0145899 0.070242
5 0.92743 0.436644 0.144346 0.244876
5 0.900232 0.745896 0.198424 0.479391
2 0.105269 0.668083 0.148282 0.213565
2 0.0517124 0.534679 0.103149 0.184647
2 0.514273 0.658361 0.0885777 0.196817
7 0.35384 0.789967 0.147 0.335014
2 0.747464 0.853182 0.192845 0.278068
2 0.398752 0.514008 0.0681549 0.13011
5 0.269659 0.208376 0.0793078 0.109618
2 0.640049 0.590986 0.0928924 0.214482
2 0.023377 0.909043 0.0463763 0.174814
2 0.588379 0.449683 0.0650609 0.1114
2 0.51037 0.491211 0.065128 0.121917
2 0.409403 0.406448 0.0540612 0.0892571
2 0.145732 0.420877 0.0777402 0.105005
2 0.48752 0.38718 0.0515615 0.084565
7 0.207886 0.454992 0.122408 0.232166
2 0.283348 0.334964 0.0632963 0.103396
2 0.828181 0.231115 0.0485779 0.0453288
2 0.424097 0.333496 0.0398092 0.0716548
2 0.491166 0.299203 0.039686 0.0687923
2 0.227877 0.327541 0.055914 0.0593735
5 0.92743 0.436644 0.144346 0.244876
5 0.900232 0.745896 0.198424 0.479391
2 0.105269 0.668083 0.148282 0.213565
2 0.0517124 0.534679 0.103149 0.184647
2 0.514273 0.658361 0.0885777 0.196817
7 0.35384 0.789967 0.147 0.335014
2 0.747464 0.853182 0.192845 0.278068
2 0.398752 0.514008 0.0681549 0.13011
5 0.269659 0.208376 0.0793078 0.109618
2 0.640049 0.590986 0.0928924 0.214482
2 0.023377 0.909043 0.0463763 0.174814
2 0.588379 0.449683 0.0650609 0.1114
2 0.51037 0.491211 0.065128 0.121917
2 0.409403 0.406448 0.0540612 0.0892571
2 0.145732 0.420877 0.0777402 0.105005
2 0.48752 0.38718 0.0515615 0.084565
7 0.207886 0.454992 0.122408 0.232166
2 0.283348 0.334964 0.0632963 0.103396
2 0.828181 0.231115 0.0485779 0.0453288
2 0.424097 0.333496 0.0398092 0.0716548
2 0.491166 0.299203 0.039686 0.0687923
2 0.227877 0.327541 0.055914 0.0593735
5 0.92743 0.436644 0.144346 0.244876
5 0.900232 0.745896 0.198424 0.479391
2 0.105269 0.668083 0.148282 0.213565
2 0.0517124 0.534679 0.103149 0.184647
2 0.514273 0.658361 0.0885777 0.196817
7 0.35384 0.789967 0.147 0.335014
2 0.747464 0.853182 0.192845 0.278068
2 0.398752 0.514008 0.0681549 0.13011
5 0.269659 0.208376 0.0793078 0.109618
2 0.640049 0.590986 0.0928924 0.214482
2 0.023377 0.909043 0.0463763 0.174814
2 0.588379 0.449683 0.0650609 0.1114
2 0.51037 0.491211 0.065128 0.121917
2 0.409403 0.406448 0.0540612 0.0892571
2 0.145732 0.420877 0.0777402 0.105005
2 0.48752 0.38718 0.0515615 0.084565
7 0.207886 0.454992 0.122408 0.232166
2 0.283348 0.334964 0.0632963 0.103396
2 0.828181 0.231115 0.0485779 0.0453288
2 0.424097 0.333496 0.0398092 0.0716548
2 0.491166 0.299203 0.039686 0.0687923
2 0.227877 0.327541 0.055914 0.0593735
5 0.92743 0.436644 0.144346 0.244876
5 0.900232 0.745896 0.198424 0.479391
2 0.105269 0.668083 0.148282 0.213565
2 0.0517124 0.534679 0.103149 0.184647
2 0.514273 0.658361 0.0885777 0.196817
7 0.35384 0.789967 0.147 0.335014
2 0.747464 0.853182 0.192845 0.278068
2 0.398752 0.514008 0.0681549 0.13011
5 0.269659 0.208376 0.0793078 0.109618
2 0.640049 0.590986 0.0928924 0.214482
2 0.023377 0.909043 0.0463763 0.174814
2 0.588379 0.449683 0.0650609 0.1114
2 0.51037 0.491211 0.065128 0.121917
2 0.409403 0.406448 0.0540612 0.0892571
2 0.145732 0.420877 0.0777402 0.105005
2 0.48752 0.38718 0.0515615 0.084565
7 0.207886 0.454992 0.122408 0.232166
2 0.283348 0.334964 0.0632963 0.103396
2 0.828181 0.231115 0.0485779 0.0453288
2 0.424097 0.333496 0.0398092 0.0716548
2 0.491166 0.299203 0.039686 0.0687923
2 0.227877 0.327541 0.055914 0.0593735
5 0.92743 0.436644 0.144346 0.244876
5 0.900232 0.745896 0.198424 0.479391
2 0.105269 0.668083 0.148282 0.213565
2 0.0517124 0.534679 0.103149 0.184647
2 0.514273 0.658361 0.0885777 0.196817
7 0.35384 0.789967 0.147 0.335014
2 0.747464 0.853182 0.192845 0.278068
2 0.398752 0.514008 0.0681549 0.13011
5 0.269659 0.208376 0.0793078 0.109618
2 0.640049 0.590986 0.0928924 0.214482
2 0.023377 0.909043 0.0463763 0.174814
2 0.588379 0.449683 0.0650609 0.1114
2 0.51037 0.491211 0.065128 0.121917
2 0.409403 0.406448 0.0540612 0.0892571
2 0.145732 0.420877 0.0777402 0.105005
2 0.48752 0.38718 0.0515615 0.084565
7 0.207886 0.454992 0.122408 0.232166
2 0.283348 0.334964 0.0632963 0.103396
2 0.828181 0.231115 0.0485779 0.0453288
2 0.424097 0.333496 0.0398092 0.0716548
2 0.491166 0.299203 0.039686 0.0687923
2 0.227877 0.327541 0.055914 0.0593735
5 0.92743 0.436644 0.144346 0.244876
5 0.900232 0.745896 0.198424 0.479391
2 0.105269 0.668083 0.148282 0.213565
2 0.0517124 0.534679 0.103149 0.184647
2 0.514273 0.658361 0.0885777 0.196817
7 0.35384 0.789967 0.147 0.335014
2 0.747464 0.853182 0.192845 0.278068
2 0.398752 0.514008 0.0681549 0.13011
5 0.269659 0.208376 0.0793078 0.109618
2 0.640049 0.590986 0.0928924 0.214482
2 0.023377 0.909043 0.0463763 0.174814
2 0.588379 0.449683 0.0650609 0.1114
2 0.51037 0.491211 0.065128 0.121917
2 0.409403 0.406448 0.0540612 0.0892571
2 0.145732 0.420877 0.0777402 0.105005
2 0.48752 0.38718 0.0515615 0.084565
7 0.207886 0.454992 0.122408 0.232166
2 0.283348 0.334964 0.0632963 0.103396
2 0.828181 0.231115 0.0485779 0.0453288
2 0.424097 0.333496 0.0398092 0.0716548
2 0.491166 0.299203 0.039686 0.0687923
2 0.227877 0.327541 0.055914 0.0593735
5 0.92743 0.436644 0.144346 0.244876
5 0.900232 0.745896 0.198424 0.479391
2 0.105269 0.668083 0.148282 0.213565
2 0.0517124 0.534679 0.103149 0.184647
2 0.514273 0.658361 0.0885777 0.196817
7 0.35384 0.789967 0.147 0.335014
2 0.747464 0.853182 0.192845 0.278068
2 0.398752 0.514008 0.0681549 0.13011
5 0.269659 0.208376 0.0793078 0.109618
2 0.640049 0.590986 0.0928924 0.214482
2 0.023377 0.909043 0.0463763 0.174814
2 0.588379 0.449683 0.0650609 0.1114
2 0.51037 0.491211 0.065128 0.121917
2 0.409403 0.406448 0.0540612 0.0892571
2 0.145732 0.420877 0.0777402 0.105005
2 0.48752 0.38718 0.0515615 0.084565
7 0.207886 0.454992 0.122408 0.232166
2 0.283348 0.334964 0.0632963 0.103396
2 0.828181 0.231115 0.0485779 0.0453288
2 0.424097 0.333496 0.0398092 0.0716548
2 0.491166 0.299203 0.039686 0.0687923
2 0.227877 0.327541 0.055914 0.0593735
5 0.92743 0.436644 0.144346 0.244876
5 0.900232 0.745896 0.198424 0.479391
2 0.105269 0.668083 0.148282 0.213565
2 0.0517124 0.534679 0.103149 0.184647
2 0.514273 0.658361 0.0885777 0.196817
7 0.35384 0.789967 0.147 0.335014
2 0.747464 0.853182 0.192845 0.278068
2 0.398752 0.514008 0.0681549 0.13011
5 0.269659 0.208376 0.0793078 0.109618
2 0.640049 0.590986 0.0928924 0.214482
2 0.023377 0.909043 0.0463763 0.174814
2 0.588379 0.449683 0.0650609 0.1114
2 0.51037 0.491211 0.065128 0.121917
2 0.409403 0.406448 0.0540612 0.0892571
2 0.145732 0.420877 0.0777402 0.105005
2 0.48752 0.38718 0.0515615 0.084565
7 0.207886 0.454992 0.122408 0.232166
2 0.283348 0.334964 0.0632963 0.103396
2 0.828181 0.231115 0.0485779 0.0453288
2 0.424097 0.333496 0.0398092 0.0716548
2 0.491166 0.299203 0.039686 0.0687923
2 0.227877 0.327541 0.055914 0.0593735
5 0.616624 0.168944 0.070811 0.0886844
5 0.305814 0.163707 0.0553641 0.080253
5 0.360688 0.201246 0.0373465 0.0799466
2 0.281538 0.270476 0.0417509 0.0512814
0 0.0354226 0.376486 0.0256729 0.0809408
2 0.121135 0.220146 0.0563469 0.0377772
5 0.564357 0.902866 0.156447 0.185439
2 0.53725 0.2551 0.0329227 0.0522669
2 0.974636 0.331187 0.0500137 0.0387841
2 0.720094 0.197462 0.0335623 0.0361493
0 0.0913129 0.35192 0.0177739 0.0713561
0 0.376214 0.746731 0.0323961 0.0607713
0 0.012067 0.389499 0.0193924 0.0850064
