5 0.914628 0.484342 0.169958 0.261315
2 0.633367 0.65919 0.0845705 0.159029
2 0.934199 0.653107 0.131013 0.152443
2 0.340154 0.914688 0.125377 0.168013
2 0.541899 0.912877 0.131268 0.170763
2 0.519966 0.561398 0.0693008 0.140776
5 0.0751885 0.804616 0.149217 0.371829
2 0.0811473 0.581702 0.118938 0.126421
5 0.765 0.346579 0.178908 0.20176
2 0.235494 0.49835 0.0928023 0.152246
2 0.196764 0.457827 0.0697869 0.0887733
2 0.414745 0.553499 0.0606185 0.120102
5 0.287585 0.276315 0.0771949 0.10388
2 0.575587 0.411138 0.0491487 0.075645
2 0.29688 0.410665 0.0564517 0.0830239
2 0.251698 0.392421 0.0550342 0.0686617
2 0.437468 0.407795 0.0401602 0.0945548
2 0.44616 0.335856 0.0311809 0.0582071
2 0.752381 0.905018 0.151873 0.182623
5 0.855334 0.333171 0.0768017 0.0681813
2 0.325813 0.363863 0.0441782 0.0594145
5 0.324007 0.234701 0.0542593 0.0782609
2 0.504686 0.390151 0.0445202 0.100594
5 0.649336 0.164301 0.0395935 0.0381624
2 0.282127 0.354535 0.0415831 0.0536099
2 0.54923 0.328481 0.0325497 0.0541629
2 0.824908 0.287357 0.0471712 0.040352
3 0.442216 0.842462 0.0411125 0.127915
0 0.166088 0.362049 0.0141391 0.0569922
2 0.142753 0.287364 0.0538794 0.0385107
0 0.111486 0.40185 0.01769 0.0995956
5 0.355014 0.304659 0.0456623 0.098855
0 0.437358 0.784814 0.0374331 0.104091
0 0.181474 0.331739 0.0142748 0.0503165
0 0.00524395 0.523487 0.0104761 0.0763585
0 0.132647 0.375919 0.0143826 0.0672832
5 0.649324 0.249792 0.0458019 0.0759633
2 0.502432 0.321511 0.0324484 0.0359645
2 0.391743 0.268556 0.0306416 0.0393875
2 0.502131 0.311076 0.032316 0.0549951
2 0.455399 0.304933 0.0249029 0.0429454
5 0.635209 0.242423 0.073855 0.0920261
2 0.305019 0.329916 0.0321861 0.0585423
5 0.252215 0.219421 0.0161881 0.0677018
2 0.0773848 0.301362 0.0460103 0.0360086
2 0.541605 0.289328 0.0254168 0.0362768
0 0.0720835 0.454512 0.013231 0.0856835
0 0.0161948 0.492632 0.0202626 0.0937072
0 0.0647537 0.460191 0.0159496 0.0924483
0 0.0623622 0.462448 0.0152885 0.0873093
2 0.499278 0.296345 0.0324026 0.034663
2 0.228203 0.201251 0.0203934 0.0279235
2 0.530606 0.262241 0.0211933 0.0375013
5 0.914628 0.484342 0.169958 0.261315
2 0.633367 0.65919 0.0845705 0.159029
2 0.934199 0.653107 0.131013 0.152443
2 0.340154 0.914688 0.125377 0.168013
2 0.541899 0.912877 0.131268 0.170763
2 0.519966 0.561398 0.0693008 0.140776
5 0.0751885 0.804616 0.149217 0.371829
2 0.0811473 0.581702 0.118938 0.126421
5 0.765 0.346579 0.178908 0.20176
2 0.235494 0.49835 0.0928023 0.152246
2 0.196764 0.457827 0.0697869 0.0887733
2 0.414745 0.553499 0.0606185 0.120102
5 0.287585 0.276315 0.0771949 0.10388
2 0.575587 0.411138 0.0491487 0.075645
2 0.29688 0.410665 0.0564517 0.0830239
2 0.251698 0.392421 0.0550342 0.0686617
2 0.437468 0.407795 0.0401602 0.0945548
2 0.44616 0.335856 0.0311809 0.0582071
2 0.752381 0.905018 0.151873 0.182623
5 0.855334 0.333171 0.0768017 0.0681813
2 0.325813 0.363863 0.0441782 0.0594145
5 0.324007 0.234701 0.0542593 0.0782609
2 0.504686 0.390151 0.0445202 0.100594
5 0.649336 0.164301 0.0395935 0.0381624
2 0.282127 0.354535 0.0415831 0.0536099
2 0.54923 0.328481 0.0325497 0.0541629
2 0.824908 0.287357 0.0471712 0.040352
3 0.442216 0.842462 0.0411125 0.127915
0 0.166088 0.362049 0.0141391 0.0569922
2 0.142753 0.287364 0.0538794 0.0385107
0 0.111486 0.40185 0.01769 0.0995956
5 0.355014 0.304659 0.0456623 0.098855
0 0.437358 0.784814 0.0374331 0.104091
0 0.181474 0.331739 0.0142748 0.0503165
0 0.00524395 0.523487 0.0104761 0.0763585
0 0.132647 0.375919 0.0143826 0.0672832
5 0.649324 0.249792 0.0458019 0.0759633
2 0.502432 0.321511 0.0324484 0.0359645
2 0.391743 0.268556 0.0306416 0.0393875
2 0.502131 0.311076 0.032316 0.0549951
2 0.455399 0.304933 0.0249029 0.0429454
5 0.635209 0.242423 0.073855 0.0920261
2 0.305019 0.329916 0.0321861 0.0585423
5 0.252215 0.219421 0.0161881 0.0677018
2 0.0773848 0.301362 0.0460103 0.0360086
2 0.541605 0.289328 0.0254168 0.0362768
0 0.0720835 0.454512 0.013231 0.0856835
0 0.0161948 0.492632 0.0202626 0.0937072
0 0.0647537 0.460191 0.0159496 0.0924483
0 0.0623622 0.462448 0.0152885 0.0873093
2 0.499278 0.296345 0.0324026 0.034663
2 0.228203 0.201251 0.0203934 0.0279235
2 0.530606 0.262241 0.0211933 0.0375013
5 0.914628 0.484342 0.169958 0.261315
2 0.633367 0.65919 0.0845705 0.159029
2 0.934199 0.653107 0.131013 0.152443
2 0.340154 0.914688 0.125377 0.168013
2 0.541899 0.912877 0.131268 0.170763
2 0.519966 0.561398 0.0693008 0.140776
5 0.0751885 0.804616 0.149217 0.371829
2 0.0811473 0.581702 0.118938 0.126421
5 0.765 0.346579 0.178908 0.20176
2 0.235494 0.49835 0.0928023 0.152246
2 0.196764 0.457827 0.0697869 0.0887733
2 0.414745 0.553499 0.0606185 0.120102
5 0.287585 0.276315 0.0771949 0.10388
2 0.575587 0.411138 0.0491487 0.075645
2 0.29688 0.410665 0.0564517 0.0830239
2 0.251698 0.392421 0.0550342 0.0686617
2 0.437468 0.407795 0.0401602 0.0945548
2 0.44616 0.335856 0.0311809 0.0582071
2 0.752381 0.905018 0.151873 0.182623
5 0.855334 0.333171 0.0768017 0.0681813
2 0.325813 0.363863 0.0441782 0.0594145
5 0.324007 0.234701 0.0542593 0.0782609
2 0.504686 0.390151 0.0445202 0.100594
5 0.649336 0.164301 0.0395935 0.0381624
2 0.282127 0.354535 0.0415831 0.0536099
2 0.54923 0.328481 0.0325497 0.0541629
2 0.824908 0.287357 0.0471712 0.040352
3 0.442216 0.842462 0.0411125 0.127915
0 0.166088 0.362049 0.0141391 0.0569922
2 0.142753 0.287364 0.0538794 0.0385107
0 0.111486 0.40185 0.01769 0.0995956
5 0.355014 0.304659 0.0456623 0.098855
0 0.437358 0.784814 0.0374331 0.104091
0 0.181474 0.331739 0.0142748 0.0503165
0 0.00524395 0.523487 0.0104761 0.0763585
0 0.132647 0.375919 0.0143826 0.0672832
5 0.649324 0.249792 0.0458019 0.0759633
2 0.502432 0.321511 0.0324484 0.0359645
2 0.391743 0.268556 0.0306416 0.0393875
2 0.502131 0.311076 0.032316 0.0549951
2 0.455399 0.304933 0.0249029 0.0429454
5 0.635209 0.242423 0.073855 0.0920261
2 0.305019 0.329916 0.0321861 0.0585423
5 0.252215 0.219421 0.0161881 0.0677018
2 0.0773848 0.301362 0.0460103 0.0360086
2 0.541605 0.289328 0.0254168 0.0362768
0 0.0720835 0.454512 0.013231 0.0856835
0 0.0161948 0.492632 0.0202626 0.0937072
0 0.0647537 0.460191 0.0159496 0.0924483
0 0.0623622 0.462448 0.0152885 0.0873093
2 0.499278 0.296345 0.0324026 0.034663
2 0.228203 0.201251 0.0203934 0.0279235
2 0.530606 0.262241 0.0211933 0.0375013
5 0.914628 0.484342 0.169958 0.261315
2 0.633367 0.65919 0.0845705 0.159029
2 0.934199 0.653107 0.131013 0.152443
2 0.340154 0.914688 0.125377 0.168013
2 0.541899 0.912877 0.131268 0.170763
2 0.519966 0.561398 0.0693008 0.140776
5 0.0751885 0.804616 0.149217 0.371829
2 0.0811473 0.581702 0.118938 0.126421
5 0.765 0.346579 0.178908 0.20176
2 0.235494 0.49835 0.0928023 0.152246
2 0.196764 0.457827 0.0697869 0.0887733
2 0.414745 0.553499 0.0606185 0.120102
5 0.287585 0.276315 0.0771949 0.10388
2 0.575587 0.411138 0.0491487 0.075645
2 0.29688 0.410665 0.0564517 0.0830239
2 0.251698 0.392421 0.0550342 0.0686617
2 0.437468 0.407795 0.0401602 0.0945548
2 0.44616 0.335856 0.0311809 0.0582071
2 0.752381 0.905018 0.151873 0.182623
5 0.855334 0.333171 0.0768017 0.0681813
2 0.325813 0.363863 0.0441782 0.0594145
5 0.324007 0.234701 0.0542593 0.0782609
2 0.504686 0.390151 0.0445202 0.100594
5 0.649336 0.164301 0.0395935 0.0381624
2 0.282127 0.354535 0.0415831 0.0536099
2 0.54923 0.328481 0.0325497 0.0541629
2 0.824908 0.287357 0.0471712 0.040352
3 0.442216 0.842462 0.0411125 0.127915
0 0.166088 0.362049 0.0141391 0.0569922
2 0.142753 0.287364 0.0538794 0.0385107
0 0.111486 0.40185 0.01769 0.0995956
5 0.355014 0.304659 0.0456623 0.098855
0 0.437358 0.784814 0.0374331 0.104091
0 0.181474 0.331739 0.0142748 0.0503165
0 0.00524395 0.523487 0.0104761 0.0763585
0 0.132647 0.375919 0.0143826 0.0672832
5 0.649324 0.249792 0.0458019 0.0759633
2 0.502432 0.321511 0.0324484 0.0359645
2 0.391743 0.268556 0.0306416 0.0393875
2 0.502131 0.311076 0.032316 0.0549951
2 0.455399 0.304933 0.0249029 0.0429454
5 0.635209 0.242423 0.073855 0.0920261
2 0.305019 0.329916 0.0321861 0.0585423
5 0.252215 0.219421 0.0161881 0.0677018
2 0.0773848 0.301362 0.0460103 0.0360086
2 0.541605 0.289328 0.0254168 0.0362768
0 0.0720835 0.454512 0.013231 0.0856835
0 0.0161948 0.492632 0.0202626 0.0937072
0 0.0647537 0.460191 0.0159496 0.0924483
0 0.0623622 0.462448 0.0152885 0.0873093
2 0.499278 0.296345 0.0324026 0.034663
2 0.228203 0.201251 0.0203934 0.0279235
2 0.530606 0.262241 0.0211933 0.0375013
