2 0.134112 0.610827 0.134477 0.188521
2 0.51043 0.623954 0.0852669 0.182379
2 0.922559 0.573174 0.147424 0.15053
5 0.880224 0.39835 0.238482 0.313432
2 0.632731 0.557852 0.0891112 0.201135
5 0.267629 0.203249 0.0802211 0.10455
2 0.506911 0.469929 0.0630098 0.118442
2 0.398997 0.48878 0.0654441 0.119516
2 0.485113 0.368479 0.0469069 0.0814116
2 0.0274136 0.893278 0.0544611 0.19745
2 0.585966 0.437368 0.0646666 0.109173
2 0.0644656 0.49669 0.115348 0.169133
2 0.408611 0.391685 0.0524711 0.0905719
2 0.156485 0.397157 0.0732742 0.0983941
2 0.987208 0.692138 0.0248766 0.150836
7 0.370467 0.681659 0.11675 0.260544
5 0.900186 0.202423 0.0711271 0.0683957
2 0.370441 0.68143 0.116558 0.260277
5 0.747194 0.851073 0.195388 0.291448
2 0.532498 0.23826 0.0313605 0.0511482
2 0.297024 0.305806 0.0567916 0.0894584
2 0.488986 0.292257 0.0391914 0.0696513
2 0.567322 0.34937 0.0490864 0.101914
5 0.56249 0.854086 0.15928 0.285606
2 0.241556 0.300551 0.0521573 0.0565594
7 0.793787 0.149267 0.0441043 0.0467484
2 0.542351 0.299454 0.0389465 0.0620102
7 0.226973 0.414068 0.110738 0.205035
2 0.423634 0.326172 0.0387756 0.0706087
2 0.226889 0.414499 0.110279 0.204623
5 0.304555 0.159614 0.0545706 0.0843783
2 0.344211 0.241015 0.0292656 0.049858
2 0.709661 0.182432 0.0365112 0.0338199
7 0.562295 0.853529 0.159416 0.283656
2 0.122373 0.214326 0.0490268 0.0370073
0 0.00617528 0.385894 0.0123506 0.0869237
2 0.517781 0.195807 0.028726 0.051657
2 0.484182 0.241127 0.0334143 0.0586528
0 0.0758379 0.368424 0.0201021 0.0725071
0 0.0347255 0.369962 0.0228804 0.0820537
0 0.136995 0.283014 0.0136347 0.0607775
0 0.0531615 0.347758 0.0157319 0.0747492
2 0.869427 0.270693 0.0523075 0.0416619
2 0.429182 0.276929 0.03438 0.0784895
2 0.286303 0.256358 0.0364547 0.0544005
2 0.747644 0.235483 0.0425988 0.0452589
5 0.0227988 0.294083 0.0448677 0.0958891
0 0.114748 0.306636 0.0148743 0.0637512
2 0.737139 0.175168 0.0279133 0.0327457
5 0.36137 0.192143 0.034696 0.0765953
2 0.43763 0.227546 0.0328827 0.0434341
2 0.0517866 0.231476 0.044908 0.0413091
2 0.316063 0.22179 0.031836 0.0466851
2 0.134112 0.610827 0.134477 0.188521
2 0.51043 0.623954 0.0852669 0.182379
2 0.922559 0.573174 0.147424 0.15053
5 0.880224 0.39835 0.238482 0.313432
2 0.632731 0.557852 0.0891112 0.201135
5 0.267629 0.203249 0.0802211 0.10455
2 0.506911 0.469929 0.0630098 0.118442
2 0.398997 0.48878 0.0654441 0.119516
2 0.485113 0.368479 0.0469069 0.0814116
2 0.0274136 0.893278 0.0544611 0.19745
2 0.585966 0.437368 0.0646666 0.109173
2 0.0644656 0.49669 0.115348 0.169133
2 0.408611 0.391685 0.0524711 0.0905719
2 0.156485 0.397157 0.0732742 0.0983941
2 0.987208 0.692138 0.0248766 0.150836
7 0.370467 0.681659 0.11675 0.260544
5 0.900186 0.202423 0.0711271 0.0683957
2 0.370441 0.68143 0.116558 0.260277
5 0.747194 0.851073 0.195388 0.291448
2 0.532498 0.23826 0.0313605 0.0511482
2 0.297024 0.305806 0.0567916 0.0894584
2 0.488986 0.292257 0.0391914 0.0696513
2 0.567322 0.34937 0.0490864 0.101914
5 0.56249 0.854086 0.15928 0.285606
2 0.241556 0.300551 0.0521573 0.0565594
7 0.793787 0.149267 0.0441043 0.0467484
2 0.542351 0.299454 0.0389465 0.0620102
7 0.226973 0.414068 0.110738 0.205035
2 0.423634 0.326172 0.0387756 0.0706087
2 0.226889 0.414499 0.110279 0.204623
5 0.304555 0.159614 0.0545706 0.0843783
2 0.344211 0.241015 0.0292656 0.049858
2 0.709661 0.182432 0.0365112 0.0338199
7 0.562295 0.853529 0.159416 0.283656
2 0.122373 0.214326 0.0490268 0.0370073
0 0.00617528 0.385894 0.0123506 0.0869237
2 0.517781 0.195807 0.028726 0.051657
2 0.484182 0.241127 0.0334143 0.0586528
0 0.0758379 0.368424 0.0201021 0.0725071
0 0.0347255 0.369962 0.0228804 0.0820537
0 0.136995 0.283014 0.0136347 0.0607775
0 0.0531615 0.347758 0.0157319 0.0747492
2 0.869427 0.270693 0.0523075 0.0416619
2 0.429182 0.276929 0.03438 0.0784895
2 0.286303 0.256358 0.0364547 0.0544005
2 0.747644 0.235483 0.0425988 0.0452589
5 0.0227988 0.294083 0.0448677 0.0958891
0 0.114748 0.306636 0.0148743 0.0637512
2 0.737139 0.175168 0.0279133 0.0327457
5 0.36137 0.192143 0.034696 0.0765953
2 0.43763 0.227546 0.0328827 0.0434341
2 0.0517866 0.231476 0.044908 0.0413091
2 0.316063 0.22179 0.031836 0.0466851
2 0.134112 0.610827 0.134477 0.188521
2 0.51043 0.623954 0.0852669 0.182379
2 0.922559 0.573174 0.147424 0.15053
5 0.880224 0.39835 0.238482 0.313432
2 0.632731 0.557852 0.0891112 0.201135
5 0.267629 0.203249 0.0802211 0.10455
2 0.506911 0.469929 0.0630098 0.118442
2 0.398997 0.48878 0.0654441 0.119516
2 0.485113 0.368479 0.0469069 0.0814116
2 0.0274136 0.893278 0.0544611 0.19745
2 0.585966 0.437368 0.0646666 0.109173
2 0.0644656 0.49669 0.115348 0.169133
2 0.408611 0.391685 0.0524711 0.0905719
2 0.156485 0.397157 0.0732742 0.0983941
2 0.987208 0.692138 0.0248766 0.150836
7 0.370467 0.681659 0.11675 0.260544
5 0.900186 0.202423 0.0711271 0.0683957
2 0.370441 0.68143 0.116558 0.260277
5 0.747194 0.851073 0.195388 0.291448
2 0.532498 0.23826 0.0313605 0.0511482
2 0.297024 0.305806 0.0567916 0.0894584
2 0.488986 0.292257 0.0391914 0.0696513
2 0.567322 0.34937 0.0490864 0.101914
5 0.56249 0.854086 0.15928 0.285606
2 0.241556 0.300551 0.0521573 0.0565594
7 0.793787 0.149267 0.0441043 0.0467484
2 0.542351 0.299454 0.0389465 0.0620102
7 0.226973 0.414068 0.110738 0.205035
2 0.423634 0.326172 0.0387756 0.0706087
2 0.226889 0.414499 0.110279 0.204623
5 0.304555 0.159614 0.0545706 0.0843783
2 0.344211 0.241015 0.0292656 0.049858
2 0.709661 0.182432 0.0365112 0.0338199
7 0.562295 0.853529 0.159416 0.283656
2 0.122373 0.214326 0.0490268 0.0370073
0 0.00617528 0.385894 0.0123506 0.0869237
2 0.517781 0.195807 0.028726 0.051657
2 0.484182 0.241127 0.0334143 0.0586528
0 0.0758379 0.368424 0.0201021 0.0725071
0 0.0347255 0.369962 0.0228804 0.0820537
0 0.136995 0.283014 0.0136347 0.0607775
0 0.0531615 0.347758 0.0157319 0.0747492
2 0.869427 0.270693 0.0523075 0.0416619
2 0.429182 0.276929 0.03438 0.0784895
2 0.286303 0.256358 0.0364547 0.0544005
2 0.747644 0.235483 0.0425988 0.0452589
5 0.0227988 0.294083 0.0448677 0.0958891
0 0.114748 0.306636 0.0148743 0.0637512
2 0.737139 0.175168 0.0279133 0.0327457
5 0.36137 0.192143 0.034696 0.0765953
2 0.43763 0.227546 0.0328827 0.0434341
2 0.0517866 0.231476 0.044908 0.0413091
2 0.316063 0.22179 0.031836 0.0466851
2 0.134112 0.610827 0.134477 0.188521
2 0.51043 0.623954 0.0852669 0.182379
2 0.922559 0.573174 0.147424 0.15053
5 0.880224 0.39835 0.238482 0.313432
2 0.632731 0.557852 0.0891112 0.201135
5 0.267629 0.203249 0.0802211 0.10455
2 0.506911 0.469929 0.0630098 0.118442
2 0.398997 0.48878 0.0654441 0.119516
2 0.485113 0.368479 0.0469069 0.0814116
2 0.0274136 0.893278 0.0544611 0.19745
2 0.585966 0.437368 0.0646666 0.109173
2 0.0644656 0.49669 0.115348 0.169133
2 0.408611 0.391685 0.0524711 0.0905719
2 0.156485 0.397157 0.0732742 0.0983941
2 0.987208 0.692138 0.0248766 0.150836
7 0.370467 0.681659 0.11675 0.260544
5 0.900186 0.202423 0.0711271 0.0683957
2 0.370441 0.68143 0.116558 0.260277
5 0.747194 0.851073 0.195388 0.291448
2 0.532498 0.23826 0.0313605 0.0511482
2 0.297024 0.305806 0.0567916 0.0894584
2 0.488986 0.292257 0.0391914 0.0696513
2 0.567322 0.34937 0.0490864 0.101914
5 0.56249 0.854086 0.15928 0.285606
2 0.241556 0.300551 0.0521573 0.0565594
7 0.793787 0.149267 0.0441043 0.0467484
2 0.542351 0.299454 0.0389465 0.0620102
7 0.226973 0.414068 0.110738 0.205035
2 0.423634 0.326172 0.0387756 0.0706087
2 0.226889 0.414499 0.110279 0.204623
5 0.304555 0.159614 0.0545706 0.0843783
2 0.344211 0.241015 0.0292656 0.049858
2 0.709661 0.182432 0.0365112 0.0338199
7 0.562295 0.853529 0.159416 0.283656
2 0.122373 0.214326 0.0490268 0.0370073
0 0.00617528 0.385894 0.0123506 0.0869237
2 0.517781 0.195807 0.028726 0.051657
2 0.484182 0.241127 0.0334143 0.0586528
0 0.0758379 0.368424 0.0201021 0.0725071
0 0.0347255 0.369962 0.0228804 0.0820537
0 0.136995 0.283014 0.0136347 0.0607775
0 0.0531615 0.347758 0.0157319 0.0747492
2 0.869427 0.270693 0.0523075 0.0416619
2 0.429182 0.276929 0.03438 0.0784895
2 0.286303 0.256358 0.0364547 0.0544005
2 0.747644 0.235483 0.0425988 0.0452589
5 0.0227988 0.294083 0.0448677 0.0958891
0 0.114748 0.306636 0.0148743 0.0637512
2 0.737139 0.175168 0.0279133 0.0327457
5 0.36137 0.192143 0.034696 0.0765953
2 0.43763 0.227546 0.0328827 0.0434341
2 0.0517866 0.231476 0.044908 0.0413091
2 0.316063 0.22179 0.031836 0.0466851
