5 0.850117 0.34224 0.263136 0.288005
2 0.152689 0.56717 0.11933 0.166827
2 0.922733 0.563901 0.147882 0.151171
2 0.50847 0.59996 0.0822514 0.172949
2 0.627365 0.531322 0.084971 0.190424
5 0.265387 0.195506 0.0807253 0.10972
2 0.505127 0.45157 0.0587506 0.113802
2 0.40036 0.470735 0.0647333 0.113153
2 0.0426664 0.860693 0.084803 0.261301
2 0.165169 0.381064 0.0741231 0.096199
2 0.581259 0.420751 0.0624856 0.107153
2 0.483807 0.358065 0.046238 0.0824502
2 0.986992 0.683004 0.0252571 0.150223
2 0.0154917 0.642518 0.0307818 0.162242
2 0.409513 0.382554 0.0529434 0.0904516
2 0.488206 0.284013 0.0391148 0.0662175
2 0.0713786 0.479268 0.111267 0.163841
7 0.841692 0.16178 0.053577 0.0604557
2 0.306057 0.943965 0.139347 0.107763
5 0.747704 0.84729 0.197088 0.29909
2 0.376163 0.64985 0.128456 0.250649
2 0.300473 0.292546 0.0543775 0.0921438
7 0.37635 0.650405 0.128353 0.250521
2 0.562131 0.328825 0.0469242 0.100095
2 0.117321 0.208738 0.0573699 0.0362114
2 0.250065 0.287679 0.0527815 0.0579242
2 0.422827 0.321501 0.0398903 0.0714427
2 0.536079 0.275936 0.0342028 0.0606391
2 0.823267 0.211122 0.0275551 0.0365408
5 0.562938 0.850809 0.160279 0.289344
2 0.53029 0.2259 0.0302307 0.0479898
2 0.346348 0.229194 0.029968 0.0504278
2 0.729005 0.179216 0.0275179 0.037841
2 0.241849 0.384646 0.100091 0.187202
2 0.677381 0.154891 0.0235882 0.029283
7 0.56281 0.850318 0.1604 0.288698
0 0.140882 0.275274 0.014396 0.0607922
2 0.429608 0.266343 0.0313013 0.0771514
2 0.517327 0.183584 0.028691 0.0542191
0 0.0389285 0.366363 0.0169668 0.0794808
5 0.303553 0.154832 0.059217 0.0889565
5 0.361527 0.179647 0.0334038 0.0724201
7 0.241525 0.384213 0.100233 0.188446
0 0.0804867 0.35758 0.0178979 0.0701859
2 0.483715 0.235281 0.0348484 0.0643755
2 0.291069 0.237687 0.0363784 0.0425049
2 0.391715 0.149501 0.0212905 0.0327693
2 0.321335 0.259861 0.0390571 0.0694195
2 0.321062 0.207158 0.0318779 0.0458858
2 0.436647 0.22387 0.0352015 0.047398
5 0.587495 0.110513 0.0292766 0.0842547
0 0.112771 0.296299 0.0149983 0.0722394
0 0.387026 0.618014 0.0311505 0.0453001
2 0.0508721 0.224874 0.0456211 0.0384239
2 0.482387 0.225947 0.0330919 0.0594548
5 0.850117 0.34224 0.263136 0.288005
2 0.152689 0.56717 0.11933 0.166827
2 0.922733 0.563901 0.147882 0.151171
2 0.50847 0.59996 0.0822514 0.172949
2 0.627365 0.531322 0.084971 0.190424
5 0.265387 0.195506 0.0807253 0.10972
2 0.505127 0.45157 0.0587506 0.113802
2 0.40036 0.470735 0.0647333 0.113153
2 0.0426664 0.860693 0.084803 0.261301
2 0.165169 0.381064 0.0741231 0.096199
2 0.581259 0.420751 0.0624856 0.107153
2 0.483807 0.358065 0.046238 0.0824502
2 0.986992 0.683004 0.0252571 0.150223
2 0.0154917 0.642518 0.0307818 0.162242
2 0.409513 0.382554 0.0529434 0.0904516
2 0.488206 0.284013 0.0391148 0.0662175
2 0.0713786 0.479268 0.111267 0.163841
7 0.841692 0.16178 0.053577 0.0604557
2 0.306057 0.943965 0.139347 0.107763
5 0.747704 0.84729 0.197088 0.29909
2 0.376163 0.64985 0.128456 0.250649
2 0.300473 0.292546 0.0543775 0.0921438
7 0.37635 0.650405 0.128353 0.250521
2 0.562131 0.328825 0.0469242 0.100095
2 0.117321 0.208738 0.0573699 0.0362114
2 0.250065 0.287679 0.0527815 0.0579242
2 0.422827 0.321501 0.0398903 0.0714427
2 0.536079 0.275936 0.0342028 0.0606391
2 0.823267 0.211122 0.0275551 0.0365408
5 0.562938 0.850809 0.160279 0.289344
2 0.53029 0.2259 0.0302307 0.0479898
2 0.346348 0.229194 0.029968 0.0504278
2 0.729005 0.179216 0.0275179 0.037841
2 0.241849 0.384646 0.100091 0.187202
2 0.677381 0.154891 0.0235882 0.029283
7 0.56281 0.850318 0.1604 0.288698
0 0.140882 0.275274 0.014396 0.0607922
2 0.429608 0.266343 0.0313013 0.0771514
2 0.517327 0.183584 0.028691 0.0542191
0 0.0389285 0.366363 0.0169668 0.0794808
5 0.303553 0.154832 0.059217 0.0889565
5 0.361527 0.179647 0.0334038 0.0724201
7 0.241525 0.384213 0.100233 0.188446
0 0.0804867 0.35758 0.0178979 0.0701859
2 0.483715 0.235281 0.0348484 0.0643755
2 0.291069 0.237687 0.0363784 0.0425049
2 0.391715 0.149501 0.0212905 0.0327693
2 0.321335 0.259861 0.0390571 0.0694195
2 0.321062 0.207158 0.0318779 0.0458858
2 0.436647 0.22387 0.0352015 0.047398
5 0.587495 0.110513 0.0292766 0.0842547
0 0.112771 0.296299 0.0149983 0.0722394
0 0.387026 0.618014 0.0311505 0.0453001
2 0.0508721 0.224874 0.0456211 0.0384239
2 0.482387 0.225947 0.0330919 0.0594548
5 0.850117 0.34224 0.263136 0.288005
2 0.152689 0.56717 0.11933 0.166827
2 0.922733 0.563901 0.147882 0.151171
2 0.50847 0.59996 0.0822514 0.172949
2 0.627365 0.531322 0.084971 0.190424
5 0.265387 0.195506 0.0807253 0.10972
2 0.505127 0.45157 0.0587506 0.113802
2 0.40036 0.470735 0.0647333 0.113153
2 0.0426664 0.860693 0.084803 0.261301
2 0.165169 0.381064 0.0741231 0.096199
2 0.581259 0.420751 0.0624856 0.107153
2 0.483807 0.358065 0.046238 0.0824502
2 0.986992 0.683004 0.0252571 0.150223
2 0.0154917 0.642518 0.0307818 0.162242
2 0.409513 0.382554 0.0529434 0.0904516
2 0.488206 0.284013 0.0391148 0.0662175
2 0.0713786 0.479268 0.111267 0.163841
7 0.841692 0.16178 0.053577 0.0604557
2 0.306057 0.943965 0.139347 0.107763
5 0.747704 0.84729 0.197088 0.29909
2 0.376163 0.64985 0.128456 0.250649
2 0.300473 0.292546 0.0543775 0.0921438
7 0.37635 0.650405 0.128353 0.250521
2 0.562131 0.328825 0.0469242 0.100095
2 0.117321 0.208738 0.0573699 0.0362114
2 0.250065 0.287679 0.0527815 0.0579242
2 0.422827 0.321501 0.0398903 0.0714427
2 0.536079 0.275936 0.0342028 0.0606391
2 0.823267 0.211122 0.0275551 0.0365408
5 0.562938 0.850809 0.160279 0.289344
2 0.53029 0.2259 0.0302307 0.0479898
2 0.346348 0.229194 0.029968 0.0504278
2 0.729005 0.179216 0.0275179 0.037841
2 0.241849 0.384646 0.100091 0.187202
2 0.677381 0.154891 0.0235882 0.029283
7 0.56281 0.850318 0.1604 0.288698
0 0.140882 0.275274 0.014396 0.0607922
2 0.429608 0.266343 0.0313013 0.0771514
2 0.517327 0.183584 0.028691 0.0542191
0 0.0389285 0.366363 0.0169668 0.0794808
5 0.303553 0.154832 0.059217 0.0889565
5 0.361527 0.179647 0.0334038 0.0724201
7 0.241525 0.384213 0.100233 0.188446
0 0.0804867 0.35758 0.0178979 0.0701859
2 0.483715 0.235281 0.0348484 0.0643755
2 0.291069 0.237687 0.0363784 0.0425049
2 0.391715 0.149501 0.0212905 0.0327693
2 0.321335 0.259861 0.0390571 0.0694195
2 0.321062 0.207158 0.0318779 0.0458858
2 0.436647 0.22387 0.0352015 0.047398
5 0.587495 0.110513 0.0292766 0.0842547
0 0.112771 0.296299 0.0149983 0.0722394
0 0.387026 0.618014 0.0311505 0.0453001
2 0.0508721 0.224874 0.0456211 0.0384239
2 0.482387 0.225947 0.0330919 0.0594548
5 0.850117 0.34224 0.263136 0.288005
2 0.152689 0.56717 0.11933 0.166827
2 0.922733 0.563901 0.147882 0.151171
2 0.50847 0.59996 0.0822514 0.172949
2 0.627365 0.531322 0.084971 0.190424
5 0.265387 0.195506 0.0807253 0.10972
2 0.505127 0.45157 0.0587506 0.113802
2 0.40036 0.470735 0.0647333 0.113153
2 0.0426664 0.860693 0.084803 0.261301
2 0.165169 0.381064 0.0741231 0.096199
2 0.581259 0.420751 0.0624856 0.107153
2 0.483807 0.358065 0.046238 0.0824502
2 0.986992 0.683004 0.0252571 0.150223
2 0.0154917 0.642518 0.0307818 0.162242
2 0.409513 0.382554 0.0529434 0.0904516
2 0.488206 0.284013 0.0391148 0.0662175
2 0.0713786 0.479268 0.111267 0.163841
7 0.841692 0.16178 0.053577 0.0604557
2 0.306057 0.943965 0.139347 0.107763
5 0.747704 0.84729 0.197088 0.29909
2 0.376163 0.64985 0.128456 0.250649
2 0.300473 0.292546 0.0543775 0.0921438
7 0.37635 0.650405 0.128353 0.250521
2 0.562131 0.328825 0.0469242 0.100095
2 0.117321 0.208738 0.0573699 0.0362114
2 0.250065 0.287679 0.0527815 0.0579242
2 0.422827 0.321501 0.0398903 0.0714427
2 0.536079 0.275936 0.0342028 0.0606391
2 0.823267 0.211122 0.0275551 0.0365408
5 0.562938 0.850809 0.160279 0.289344
2 0.53029 0.2259 0.0302307 0.0479898
2 0.346348 0.229194 0.029968 0.0504278
2 0.729005 0.179216 0.0275179 0.037841
2 0.241849 0.384646 0.100091 0.187202
2 0.677381 0.154891 0.0235882 0.029283
7 0.56281 0.850318 0.1604 0.288698
0 0.140882 0.275274 0.014396 0.0607922
2 0.429608 0.266343 0.0313013 0.0771514
2 0.517327 0.183584 0.028691 0.0542191
0 0.0389285 0.366363 0.0169668 0.0794808
5 0.303553 0.154832 0.059217 0.0889565
5 0.361527 0.179647 0.0334038 0.0724201
7 0.241525 0.384213 0.100233 0.188446
0 0.0804867 0.35758 0.0178979 0.0701859
2 0.483715 0.235281 0.0348484 0.0643755
2 0.291069 0.237687 0.0363784 0.0425049
2 0.391715 0.149501 0.0212905 0.0327693
2 0.321335 0.259861 0.0390571 0.0694195
2 0.321062 0.207158 0.0318779 0.0458858
2 0.436647 0.22387 0.0352015 0.047398
5 0.587495 0.110513 0.0292766 0.0842547
0 0.112771 0.296299 0.0149983 0.0722394
0 0.387026 0.618014 0.0311505 0.0453001
2 0.0508721 0.224874 0.0456211 0.0384239
2 0.482387 0.225947 0.0330919 0.0594548
