2 0.0945865 0.711131 0.157109 0.227868
2 0.677292 0.718409 0.119559 0.279617
2 0.386223 0.676967 0.0904278 0.199179
2 0.540385 0.875305 0.127432 0.242022
2 0.9295 0.595853 0.140319 0.151922
2 0.52552 0.588612 0.0755777 0.157104
2 0.0432273 0.586487 0.0858276 0.201148
2 0.606951 0.495754 0.0720726 0.122937
2 0.49653 0.444992 0.0572811 0.0998118
2 0.407247 0.467728 0.0626851 0.106324
2 0.896136 0.308817 0.0718334 0.0643294
2 0.0269848 0.913084 0.0535912 0.16657
5 0.277406 0.223275 0.0790133 0.104251
2 0.128213 0.464262 0.0870508 0.113826
5 0.749711 0.283419 0.158014 0.183684
2 0.431051 0.346632 0.0366278 0.0718057
2 0.985468 0.412541 0.0282473 0.0551795
2 0.499086 0.317664 0.039419 0.0686614
2 0.807538 0.229874 0.0369061 0.0458881
2 0.580922 0.386388 0.0508314 0.108303
2 0.262537 0.400902 0.0661084 0.125329
2 0.993202 0.727668 0.0128475 0.127416
2 0.130775 0.234112 0.0566281 0.038107
2 0.297251 0.345775 0.0515839 0.0794518
2 0.301203 0.270061 0.0383203 0.0511527
5 0.64786 0.283284 0.0523106 0.119087
2 0.556476 0.340421 0.0373975 0.070624
2 0.262227 0.314575 0.0453588 0.0539736
2 0.350148 0.269249 0.0360614 0.0480337
7 0.198386 0.497299 0.133558 0.251344
7 0.330573 0.95022 0.165571 0.0953834
2 0.207828 0.375396 0.0605922 0.0699653
2 0.550541 0.291145 0.0341623 0.0529396
2 0.437971 0.293682 0.0339046 0.0801711
2 0.982972 0.288626 0.0331512 0.0510639
0 0.0540257 0.40995 0.0171991 0.0767492
0 0.0534433 0.399636 0.0195618 0.100883
2 0.323773 0.240578 0.0328517 0.0559121
0 0.149028 0.305191 0.0158779 0.0579033
7 0.365252 0.217629 0.0377686 0.0757008
2 0.215667 0.147685 0.0286026 0.0288069
0 0.126303 0.325567 0.013877 0.0622459
7 0.840895 0.19934 0.0504604 0.0586603
5 0.314879 0.178814 0.0557959 0.0812982
0 0.0689409 0.392553 0.0148033 0.07447
2 0.211331 0.149328 0.0370269 0.0306351
2 0.447669 0.249335 0.0306504 0.0477488
2 0.53339 0.244594 0.0300385 0.0462669
5 0.0290255 0.321499 0.0579292 0.105846
2 0.492871 0.261886 0.0317112 0.0763321
2 0.0647953 0.249139 0.0478196 0.0391279
5 0.365435 0.217201 0.0377633 0.0755935
0 0.00868626 0.439428 0.0173299 0.0979967
0 0.102923 0.358277 0.0177047 0.0828001
0 0.00650063 0.447137 0.0129589 0.0831077
2 0.390142 0.149664 0.0190164 0.0322509
2 0.0945865 0.711131 0.157109 0.227868
2 0.677292 0.718409 0.119559 0.279617
2 0.386223 0.676967 0.0904278 0.199179
2 0.540385 0.875305 0.127432 0.242022
2 0.9295 0.595853 0.140319 0.151922
2 0.52552 0.588612 0.0755777 0.157104
2 0.0432273 0.586487 0.0858276 0.201148
2 0.606951 0.495754 0.0720726 0.122937
2 0.49653 0.444992 0.0572811 0.0998118
2 0.407247 0.467728 0.0626851 0.106324
2 0.896136 0.308817 0.0718334 0.0643294
2 0.0269848 0.913084 0.0535912 0.16657
5 0.277406 0.223275 0.0790133 0.104251
2 0.128213 0.464262 0.0870508 0.113826
5 0.749711 0.283419 0.158014 0.183684
2 0.431051 0.346632 0.0366278 0.0718057
2 0.985468 0.412541 0.0282473 0.0551795
2 0.499086 0.317664 0.039419 0.0686614
2 0.807538 0.229874 0.0369061 0.0458881
2 0.580922 0.386388 0.0508314 0.108303
2 0.262537 0.400902 0.0661084 0.125329
2 0.993202 0.727668 0.0128475 0.127416
2 0.130775 0.234112 0.0566281 0.038107
2 0.297251 0.345775 0.0515839 0.0794518
2 0.301203 0.270061 0.0383203 0.0511527
5 0.64786 0.283284 0.0523106 0.119087
2 0.556476 0.340421 0.0373975 0.070624
2 0.262227 0.314575 0.0453588 0.0539736
2 0.350148 0.269249 0.0360614 0.0480337
7 0.198386 0.497299 0.133558 0.251344
7 0.330573 0.95022 0.165571 0.0953834
2 0.207828 0.375396 0.0605922 0.0699653
2 0.550541 0.291145 0.0341623 0.0529396
2 0.437971 0.293682 0.0339046 0.0801711
2 0.982972 0.288626 0.0331512 0.0510639
0 0.0540257 0.40995 0.0171991 0.0767492
0 0.0534433 0.399636 0.0195618 0.100883
2 0.323773 0.240578 0.0328517 0.0559121
0 0.149028 0.305191 0.0158779 0.0579033
7 0.365252 0.217629 0.0377686 0.0757008
2 0.215667 0.147685 0.0286026 0.0288069
0 0.126303 0.325567 0.013877 0.0622459
7 0.840895 0.19934 0.0504604 0.0586603
5 0.314879 0.178814 0.0557959 0.0812982
0 0.0689409 0.392553 0.0148033 0.07447
2 0.211331 0.149328 0.0370269 0.0306351
2 0.447669 0.249335 0.0306504 0.0477488
2 0.53339 0.244594 0.0300385 0.0462669
5 0.0290255 0.321499 0.0579292 0.105846
2 0.492871 0.261886 0.0317112 0.0763321
2 0.0647953 0.249139 0.0478196 0.0391279
5 0.365435 0.217201 0.0377633 0.0755935
0 0.00868626 0.439428 0.0173299 0.0979967
0 0.102923 0.358277 0.0177047 0.0828001
0 0.00650063 0.447137 0.0129589 0.0831077
2 0.390142 0.149664 0.0190164 0.0322509
2 0.0945865 0.711131 0.157109 0.227868
2 0.677292 0.718409 0.119559 0.279617
2 0.386223 0.676967 0.0904278 0.199179
2 0.540385 0.875305 0.127432 0.242022
2 0.9295 0.595853 0.140319 0.151922
2 0.52552 0.588612 0.0755777 0.157104
2 0.0432273 0.586487 0.0858276 0.201148
2 0.606951 0.495754 0.0720726 0.122937
2 0.49653 0.444992 0.0572811 0.0998118
2 0.407247 0.467728 0.0626851 0.106324
2 0.896136 0.308817 0.0718334 0.0643294
2 0.0269848 0.913084 0.0535912 0.16657
5 0.277406 0.223275 0.0790133 0.104251
2 0.128213 0.464262 0.0870508 0.113826
5 0.749711 0.283419 0.158014 0.183684
2 0.431051 0.346632 0.0366278 0.0718057
2 0.985468 0.412541 0.0282473 0.0551795
2 0.499086 0.317664 0.039419 0.0686614
2 0.807538 0.229874 0.0369061 0.0458881
2 0.580922 0.386388 0.0508314 0.108303
2 0.262537 0.400902 0.0661084 0.125329
2 0.993202 0.727668 0.0128475 0.127416
2 0.130775 0.234112 0.0566281 0.038107
2 0.297251 0.345775 0.0515839 0.0794518
2 0.301203 0.270061 0.0383203 0.0511527
5 0.64786 0.283284 0.0523106 0.119087
2 0.556476 0.340421 0.0373975 0.070624
2 0.262227 0.314575 0.0453588 0.0539736
2 0.350148 0.269249 0.0360614 0.0480337
7 0.198386 0.497299 0.133558 0.251344
7 0.330573 0.95022 0.165571 0.0953834
2 0.207828 0.375396 0.0605922 0.0699653
2 0.550541 0.291145 0.0341623 0.0529396
2 0.437971 0.293682 0.0339046 0.0801711
2 0.982972 0.288626 0.0331512 0.0510639
0 0.0540257 0.40995 0.0171991 0.0767492
0 0.0534433 0.399636 0.0195618 0.100883
2 0.323773 0.240578 0.0328517 0.0559121
0 0.149028 0.305191 0.0158779 0.0579033
7 0.365252 0.217629 0.0377686 0.0757008
2 0.215667 0.147685 0.0286026 0.0288069
0 0.126303 0.325567 0.013877 0.0622459
7 0.840895 0.19934 0.0504604 0.0586603
5 0.314879 0.178814 0.0557959 0.0812982
0 0.0689409 0.392553 0.0148033 0.07447
2 0.211331 0.149328 0.0370269 0.0306351
2 0.447669 0.249335 0.0306504 0.0477488
2 0.53339 0.244594 0.0300385 0.0462669
5 0.0290255 0.321499 0.0579292 0.105846
2 0.492871 0.261886 0.0317112 0.0763321
2 0.0647953 0.249139 0.0478196 0.0391279
5 0.365435 0.217201 0.0377633 0.0755935
0 0.00868626 0.439428 0.0173299 0.0979967
0 0.102923 0.358277 0.0177047 0.0828001
0 0.00650063 0.447137 0.0129589 0.0831077
2 0.390142 0.149664 0.0190164 0.0322509
2 0.0945865 0.711131 0.157109 0.227868
2 0.677292 0.718409 0.119559 0.279617
2 0.386223 0.676967 0.0904278 0.199179
2 0.540385 0.875305 0.127432 0.242022
2 0.9295 0.595853 0.140319 0.151922
2 0.52552 0.588612 0.0755777 0.157104
2 0.0432273 0.586487 0.0858276 0.201148
2 0.606951 0.495754 0.0720726 0.122937
2 0.49653 0.444992 0.0572811 0.0998118
2 0.407247 0.467728 0.0626851 0.106324
2 0.896136 0.308817 0.0718334 0.0643294
2 0.0269848 0.913084 0.0535912 0.16657
5 0.277406 0.223275 0.0790133 0.104251
2 0.128213 0.464262 0.0870508 0.113826
5 0.749711 0.283419 0.158014 0.183684
2 0.431051 0.346632 0.0366278 0.0718057
2 0.985468 0.412541 0.0282473 0.0551795
2 0.499086 0.317664 0.039419 0.0686614
2 0.807538 0.229874 0.0369061 0.0458881
2 0.580922 0.386388 0.0508314 0.108303
2 0.262537 0.400902 0.0661084 0.125329
2 0.993202 0.727668 0.0128475 0.127416
2 0.130775 0.234112 0.0566281 0.038107
2 0.297251 0.345775 0.0515839 0.0794518
2 0.301203 0.270061 0.0383203 0.0511527
5 0.64786 0.283284 0.0523106 0.119087
2 0.556476 0.340421 0.0373975 0.070624
2 0.262227 0.314575 0.0453588 0.0539736
2 0.350148 0.269249 0.0360614 0.0480337
7 0.198386 0.497299 0.133558 0.251344
7 0.330573 0.95022 0.165571 0.0953834
2 0.207828 0.375396 0.0605922 0.0699653
2 0.550541 0.291145 0.0341623 0.0529396
2 0.437971 0.293682 0.0339046 0.0801711
2 0.982972 0.288626 0.0331512 0.0510639
0 0.0540257 0.40995 0.0171991 0.0767492
0 0.0534433 0.399636 0.0195618 0.100883
2 0.323773 0.240578 0.0328517 0.0559121
0 0.149028 0.305191 0.0158779 0.0579033
7 0.365252 0.217629 0.0377686 0.0757008
2 0.215667 0.147685 0.0286026 0.0288069
0 0.126303 0.325567 0.013877 0.0622459
7 0.840895 0.19934 0.0504604 0.0586603
5 0.314879 0.178814 0.0557959 0.0812982
0 0.0689409 0.392553 0.0148033 0.07447
2 0.211331 0.149328 0.0370269 0.0306351
2 0.447669 0.249335 0.0306504 0.0477488
2 0.53339 0.244594 0.0300385 0.0462669
5 0.0290255 0.321499 0.0579292 0.105846
2 0.492871 0.261886 0.0317112 0.0763321
2 0.0647953 0.249139 0.0478196 0.0391279
5 0.365435 0.217201 0.0377633 0.0755935
0 0.00868626 0.439428 0.0173299 0.0979967
0 0.102923 0.358277 0.0177047 0.0828001
0 0.00650063 0.447137 0.0129589 0.0831077
2 0.390142 0.149664 0.0190164 0.0322509
