2 0.0829445 0.768461 0.165604 0.24355
2 0.373818 0.706021 0.0946241 0.202257
2 0.515473 0.684229 0.0885264 0.190588
2 0.726322 0.898933 0.150035 0.196149
2 0.932446 0.626684 0.134546 0.153244
5 0.912105 0.463892 0.174302 0.264183
2 0.0380518 0.633434 0.0759611 0.204365
2 0.65208 0.62914 0.0946913 0.212897
2 0.113174 0.521961 0.0995503 0.122887
2 0.591294 0.456295 0.0558388 0.0932034
2 0.430198 0.419962 0.0435205 0.0843869
2 0.509719 0.407037 0.0483768 0.0900314
5 0.285053 0.251997 0.0781299 0.103624
5 0.766103 0.180839 0.0811732 0.0597287
2 0.333384 0.323864 0.0402204 0.0584128
2 0.56266 0.970612 0.107056 0.0545675
2 0.556325 0.32548 0.0358763 0.0570141
2 0.953361 0.273745 0.0685749 0.0544289
2 0.344413 0.971765 0.106983 0.0539717
2 0.281555 0.330795 0.0431584 0.0595554
5 0.32097 0.210784 0.0546925 0.0780653
5 0.667537 0.346241 0.0933799 0.172983
2 0.196791 0.422323 0.0646904 0.0763059
2 0.299253 0.382964 0.0514071 0.0860831
5 0.363957 0.263212 0.0397237 0.0882351
2 0.26615 0.432452 0.070322 0.132816
5 0.696648 0.265564 0.127934 0.149149
2 0.307682 0.297044 0.0391934 0.0584516
5 0.71774 0.27854 0.0862782 0.123055
0 0.190148 0.316733 0.0146093 0.057971
2 0.202882 0.522812 0.134223 0.254777
2 0.243804 0.361465 0.0442862 0.053231
7 0.203316 0.523288 0.134187 0.25528
2 0.442719 0.332918 0.0342599 0.0751189
2 0.499876 0.323149 0.037229 0.0813985
3 0.134105 0.43098 0.0257012 0.0601573
7 0.442825 0.328369 0.0348406 0.0816708
0 0.0594586 0.431214 0.0168971 0.102836
0 0.134256 0.422034 0.0264337 0.0750497
2 0.0736783 0.27839 0.0468369 0.034504
2 0.540897 0.279794 0.0298642 0.0600548
2 0.453112 0.27719 0.0279058 0.045368
2 0.494056 0.247636 0.0274832 0.0266936
2 0.497706 0.2688 0.026965 0.0315045
0 0.0462417 0.419944 0.0117372 0.06518
2 0.332841 0.270776 0.0227535 0.0455722
0 0.0446494 0.414606 0.0150938 0.074125
0 0.398457 0.382538 0.0149105 0.0571587
0 0.0120105 0.468304 0.0229206 0.102549
0 0.0087785 0.471449 0.017557 0.0979952
2 0.141943 0.260624 0.0494763 0.0344562
0 0.0163741 0.458837 0.016547 0.0818169
2 0.363621 0.26451 0.0386782 0.0896641
2 0.0829445 0.768461 0.165604 0.24355
2 0.373818 0.706021 0.0946241 0.202257
2 0.515473 0.684229 0.0885264 0.190588
2 0.726322 0.898933 0.150035 0.196149
2 0.932446 0.626684 0.134546 0.153244
5 0.912105 0.463892 0.174302 0.264183
2 0.0380518 0.633434 0.0759611 0.204365
2 0.65208 0.62914 0.0946913 0.212897
2 0.113174 0.521961 0.0995503 0.122887
2 0.591294 0.456295 0.0558388 0.0932034
2 0.430198 0.419962 0.0435205 0.0843869
2 0.509719 0.407037 0.0483768 0.0900314
5 0.285053 0.251997 0.0781299 0.103624
5 0.766103 0.180839 0.0811732 0.0597287
2 0.333384 0.323864 0.0402204 0.0584128
2 0.56266 0.970612 0.107056 0.0545675
2 0.556325 0.32548 0.0358763 0.0570141
2 0.953361 0.273745 0.0685749 0.0544289
2 0.344413 0.971765 0.106983 0.0539717
2 0.281555 0.330795 0.0431584 0.0595554
5 0.32097 0.210784 0.0546925 0.0780653
5 0.667537 0.346241 0.0933799 0.172983
2 0.196791 0.422323 0.0646904 0.0763059
2 0.299253 0.382964 0.0514071 0.0860831
5 0.363957 0.263212 0.0397237 0.0882351
2 0.26615 0.432452 0.070322 0.132816
5 0.696648 0.265564 0.127934 0.149149
2 0.307682 0.297044 0.0391934 0.0584516
5 0.71774 0.27854 0.0862782 0.123055
0 0.190148 0.316733 0.0146093 0.057971
2 0.202882 0.522812 0.134223 0.254777
2 0.243804 0.361465 0.0442862 0.053231
7 0.203316 0.523288 0.134187 0.25528
2 0.442719 0.332918 0.0342599 0.0751189
2 0.499876 0.323149 0.037229 0.0813985
3 0.134105 0.43098 0.0257012 0.0601573
7 0.442825 0.328369 0.0348406 0.0816708
0 0.0594586 0.431214 0.0168971 0.102836
0 0.134256 0.422034 0.0264337 0.0750497
2 0.0736783 0.27839 0.0468369 0.034504
2 0.540897 0.279794 0.0298642 0.0600548
2 0.453112 0.27719 0.0279058 0.045368
2 0.494056 0.247636 0.0274832 0.0266936
2 0.497706 0.2688 0.026965 0.0315045
0 0.0462417 0.419944 0.0117372 0.06518
2 0.332841 0.270776 0.0227535 0.0455722
0 0.0446494 0.414606 0.0150938 0.074125
0 0.398457 0.382538 0.0149105 0.0571587
0 0.0120105 0.468304 0.0229206 0.102549
0 0.0087785 0.471449 0.017557 0.0979952
2 0.141943 0.260624 0.0494763 0.0344562
0 0.0163741 0.458837 0.016547 0.0818169
2 0.363621 0.26451 0.0386782 0.0896641
2 0.0829445 0.768461 0.165604 0.24355
2 0.373818 0.706021 0.0946241 0.202257
2 0.515473 0.684229 0.0885264 0.190588
2 0.726322 0.898933 0.150035 0.196149
2 0.932446 0.626684 0.134546 0.153244
5 0.912105 0.463892 0.174302 0.264183
2 0.0380518 0.633434 0.0759611 0.204365
2 0.65208 0.62914 0.0946913 0.212897
2 0.113174 0.521961 0.0995503 0.122887
2 0.591294 0.456295 0.0558388 0.0932034
2 0.430198 0.419962 0.0435205 0.0843869
2 0.509719 0.407037 0.0483768 0.0900314
5 0.285053 0.251997 0.0781299 0.103624
5 0.766103 0.180839 0.0811732 0.0597287
2 0.333384 0.323864 0.0402204 0.0584128
2 0.56266 0.970612 0.107056 0.0545675
2 0.556325 0.32548 0.0358763 0.0570141
2 0.953361 0.273745 0.0685749 0.0544289
2 0.344413 0.971765 0.106983 0.0539717
2 0.281555 0.330795 0.0431584 0.0595554
5 0.32097 0.210784 0.0546925 0.0780653
5 0.667537 0.346241 0.0933799 0.172983
2 0.196791 0.422323 0.0646904 0.0763059
2 0.299253 0.382964 0.0514071 0.0860831
5 0.363957 0.263212 0.0397237 0.0882351
2 0.26615 0.432452 0.070322 0.132816
5 0.696648 0.265564 0.127934 0.149149
2 0.307682 0.297044 0.0391934 0.0584516
5 0.71774 0.27854 0.0862782 0.123055
0 0.190148 0.316733 0.0146093 0.057971
2 0.202882 0.522812 0.134223 0.254777
2 0.243804 0.361465 0.0442862 0.053231
7 0.203316 0.523288 0.134187 0.25528
2 0.442719 0.332918 0.0342599 0.0751189
2 0.499876 0.323149 0.037229 0.0813985
3 0.134105 0.43098 0.0257012 0.0601573
7 0.442825 0.328369 0.0348406 0.0816708
0 0.0594586 0.431214 0.0168971 0.102836
0 0.134256 0.422034 0.0264337 0.0750497
2 0.0736783 0.27839 0.0468369 0.034504
2 0.540897 0.279794 0.0298642 0.0600548
2 0.453112 0.27719 0.0279058 0.045368
2 0.494056 0.247636 0.0274832 0.0266936
2 0.497706 0.2688 0.026965 0.0315045
0 0.0462417 0.419944 0.0117372 0.06518
2 0.332841 0.270776 0.0227535 0.0455722
0 0.0446494 0.414606 0.0150938 0.074125
0 0.398457 0.382538 0.0149105 0.0571587
0 0.0120105 0.468304 0.0229206 0.102549
0 0.0087785 0.471449 0.017557 0.0979952
2 0.141943 0.260624 0.0494763 0.0344562
0 0.0163741 0.458837 0.016547 0.0818169
2 0.363621 0.26451 0.0386782 0.0896641
2 0.0829445 0.768461 0.165604 0.24355
2 0.373818 0.706021 0.0946241 0.202257
2 0.515473 0.684229 0.0885264 0.190588
2 0.726322 0.898933 0.150035 0.196149
2 0.932446 0.626684 0.134546 0.153244
5 0.912105 0.463892 0.174302 0.264183
2 0.0380518 0.633434 0.0759611 0.204365
2 0.65208 0.62914 0.0946913 0.212897
2 0.113174 0.521961 0.0995503 0.122887
2 0.591294 0.456295 0.0558388 0.0932034
2 0.430198 0.419962 0.0435205 0.0843869
2 0.509719 0.407037 0.0483768 0.0900314
5 0.285053 0.251997 0.0781299 0.103624
5 0.766103 0.180839 0.0811732 0.0597287
2 0.333384 0.323864 0.0402204 0.0584128
2 0.56266 0.970612 0.107056 0.0545675
2 0.556325 0.32548 0.0358763 0.0570141
2 0.953361 0.273745 0.0685749 0.0544289
2 0.344413 0.971765 0.106983 0.0539717
2 0.281555 0.330795 0.0431584 0.0595554
5 0.32097 0.210784 0.0546925 0.0780653
5 0.667537 0.346241 0.0933799 0.172983
2 0.196791 0.422323 0.0646904 0.0763059
2 0.299253 0.382964 0.0514071 0.0860831
5 0.363957 0.263212 0.0397237 0.0882351
2 0.26615 0.432452 0.070322 0.132816
5 0.696648 0.265564 0.127934 0.149149
2 0.307682 0.297044 0.0391934 0.0584516
5 0.71774 0.27854 0.0862782 0.123055
0 0.190148 0.316733 0.0146093 0.057971
2 0.202882 0.522812 0.134223 0.254777
2 0.243804 0.361465 0.0442862 0.053231
7 0.203316 0.523288 0.134187 0.25528
2 0.442719 0.332918 0.0342599 0.0751189
2 0.499876 0.323149 0.037229 0.0813985
3 0.134105 0.43098 0.0257012 0.0601573
7 0.442825 0.328369 0.0348406 0.0816708
0 0.0594586 0.431214 0.0168971 0.102836
0 0.134256 0.422034 0.0264337 0.0750497
2 0.0736783 0.27839 0.0468369 0.034504
2 0.540897 0.279794 0.0298642 0.0600548
2 0.453112 0.27719 0.0279058 0.045368
2 0.494056 0.247636 0.0274832 0.0266936
2 0.497706 0.2688 0.026965 0.0315045
0 0.0462417 0.419944 0.0117372 0.06518
2 0.332841 0.270776 0.0227535 0.0455722
0 0.0446494 0.414606 0.0150938 0.074125
0 0.398457 0.382538 0.0149105 0.0571587
0 0.0120105 0.468304 0.0229206 0.102549
0 0.0087785 0.471449 0.017557 0.0979952
2 0.141943 0.260624 0.0494763 0.0344562
0 0.0163741 0.458837 0.016547 0.0818169
2 0.363621 0.26451 0.0386782 0.0896641
2 0.0829445 0.768461 0.165604 0.24355
2 0.373818 0.706021 0.0946241 0.202257
2 0.515473 0.684229 0.0885264 0.190588
2 0.726322 0.898933 0.150035 0.196149
2 0.932446 0.626684 0.134546 0.153244
5 0.912105 0.463892 0.174302 0.264183
2 0.0380518 0.633434 0.0759611 0.204365
2 0.65208 0.62914 0.0946913 0.212897
2 0.113174 0.521961 0.0995503 0.122887
2 0.591294 0.456295 0.0558388 0.0932034
2 0.430198 0.419962 0.0435205 0.0843869
2 0.509719 0.407037 0.0483768 0.0900314
5 0.285053 0.251997 0.0781299 0.103624
5 0.766103 0.180839 0.0811732 0.0597287
2 0.333384 0.323864 0.0402204 0.0584128
2 0.56266 0.970612 0.107056 0.0545675
2 0.556325 0.32548 0.0358763 0.0570141
2 0.953361 0.273745 0.0685749 0.0544289
2 0.344413 0.971765 0.106983 0.0539717
2 0.281555 0.330795 0.0431584 0.0595554
5 0.32097 0.210784 0.0546925 0.0780653
5 0.667537 0.346241 0.0933799 0.172983
2 0.196791 0.422323 0.0646904 0.0763059
2 0.299253 0.382964 0.0514071 0.0860831
5 0.363957 0.263212 0.0397237 0.0882351
2 0.26615 0.432452 0.070322 0.132816
5 0.696648 0.265564 0.127934 0.149149
2 0.307682 0.297044 0.0391934 0.0584516
5 0.71774 0.27854 0.0862782 0.123055
0 0.190148 0.316733 0.0146093 0.057971
2 0.202882 0.522812 0.134223 0.254777
2 0.243804 0.361465 0.0442862 0.053231
7 0.203316 0.523288 0.134187 0.25528
2 0.442719 0.332918 0.0342599 0.0751189
2 0.499876 0.323149 0.037229 0.0813985
3 0.134105 0.43098 0.0257012 0.0601573
7 0.442825 0.328369 0.0348406 0.0816708
0 0.0594586 0.431214 0.0168971 0.102836
0 0.134256 0.422034 0.0264337 0.0750497
2 0.0736783 0.27839 0.0468369 0.034504
2 0.540897 0.279794 0.0298642 0.0600548
2 0.453112 0.27719 0.0279058 0.045368
2 0.494056 0.247636 0.0274832 0.0266936
2 0.497706 0.2688 0.026965 0.0315045
0 0.0462417 0.419944 0.0117372 0.06518
2 0.332841 0.270776 0.0227535 0.0455722
0 0.0446494 0.414606 0.0150938 0.074125
0 0.398457 0.382538 0.0149105 0.0571587
0 0.0120105 0.468304 0.0229206 0.102549
0 0.0087785 0.471449 0.017557 0.0979952
2 0.141943 0.260624 0.0494763 0.0344562
0 0.0163741 0.458837 0.016547 0.0818169
2 0.363621 0.26451 0.0386782 0.0896641
2 0.0829445 0.768461 0.165604 0.24355
2 0.373818 0.706021 0.0946241 0.202257
2 0.515473 0.684229 0.0885264 0.190588
2 0.726322 0.898933 0.150035 0.196149
2 0.932446 0.626684 0.134546 0.153244
5 0.912105 0.463892 0.174302 0.264183
2 0.0380518 0.633434 0.0759611 0.204365
2 0.65208 0.62914 0.0946913 0.212897
2 0.113174 0.521961 0.0995503 0.122887
2 0.591294 0.456295 0.0558388 0.0932034
2 0.430198 0.419962 0.0435205 0.0843869
2 0.509719 0.407037 0.0483768 0.0900314
5 0.285053 0.251997 0.0781299 0.103624
5 0.766103 0.180839 0.0811732 0.0597287
2 0.333384 0.323864 0.0402204 0.0584128
2 0.56266 0.970612 0.107056 0.0545675
2 0.556325 0.32548 0.0358763 0.0570141
2 0.953361 0.273745 0.0685749 0.0544289
2 0.344413 0.971765 0.106983 0.0539717
2 0.281555 0.330795 0.0431584 0.0595554
5 0.32097 0.210784 0.0546925 0.0780653
5 0.667537 0.346241 0.0933799 0.172983
2 0.196791 0.422323 0.0646904 0.0763059
2 0.299253 0.382964 0.0514071 0.0860831
5 0.363957 0.263212 0.0397237 0.0882351
2 0.26615 0.432452 0.070322 0.132816
5 0.696648 0.265564 0.127934 0.149149
2 0.307682 0.297044 0.0391934 0.0584516
5 0.71774 0.27854 0.0862782 0.123055
0 0.190148 0.316733 0.0146093 0.057971
2 0.202882 0.522812 0.134223 0.254777
2 0.243804 0.361465 0.0442862 0.053231
7 0.203316 0.523288 0.134187 0.25528
2 0.442719 0.332918 0.0342599 0.0751189
2 0.499876 0.323149 0.037229 0.0813985
3 0.134105 0.43098 0.0257012 0.0601573
7 0.442825 0.328369 0.0348406 0.0816708
0 0.0594586 0.431214 0.0168971 0.102836
0 0.134256 0.422034 0.0264337 0.0750497
2 0.0736783 0.27839 0.0468369 0.034504
2 0.540897 0.279794 0.0298642 0.0600548
2 0.453112 0.27719 0.0279058 0.045368
2 0.494056 0.247636 0.0274832 0.0266936
2 0.497706 0.2688 0.026965 0.0315045
0 0.0462417 0.419944 0.0117372 0.06518
2 0.332841 0.270776 0.0227535 0.0455722
0 0.0446494 0.414606 0.0150938 0.074125
0 0.398457 0.382538 0.0149105 0.0571587
0 0.0120105 0.468304 0.0229206 0.102549
0 0.0087785 0.471449 0.017557 0.0979952
2 0.141943 0.260624 0.0494763 0.0344562
0 0.0163741 0.458837 0.016547 0.0818169
2 0.363621 0.26451 0.0386782 0.0896641
2 0.0829445 0.768461 0.165604 0.24355
2 0.373818 0.706021 0.0946241 0.202257
2 0.515473 0.684229 0.0885264 0.190588
2 0.726322 0.898933 0.150035 0.196149
2 0.932446 0.626684 0.134546 0.153244
5 0.912105 0.463892 0.174302 0.264183
2 0.0380518 0.633434 0.0759611 0.204365
2 0.65208 0.62914 0.0946913 0.212897
2 0.113174 0.521961 0.0995503 0.122887
2 0.591294 0.456295 0.0558388 0.0932034
2 0.430198 0.419962 0.0435205 0.0843869
2 0.509719 0.407037 0.0483768 0.0900314
5 0.285053 0.251997 0.0781299 0.103624
5 0.766103 0.180839 0.0811732 0.0597287
2 0.333384 0.323864 0.0402204 0.0584128
2 0.56266 0.970612 0.107056 0.0545675
2 0.556325 0.32548 0.0358763 0.0570141
2 0.953361 0.273745 0.0685749 0.0544289
2 0.344413 0.971765 0.106983 0.0539717
2 0.281555 0.330795 0.0431584 0.0595554
5 0.32097 0.210784 0.0546925 0.0780653
5 0.667537 0.346241 0.0933799 0.172983
2 0.196791 0.422323 0.0646904 0.0763059
2 0.299253 0.382964 0.0514071 0.0860831
5 0.363957 0.263212 0.0397237 0.0882351
2 0.26615 0.432452 0.070322 0.132816
5 0.696648 0.265564 0.127934 0.149149
2 0.307682 0.297044 0.0391934 0.0584516
5 0.71774 0.27854 0.0862782 0.123055
0 0.190148 0.316733 0.0146093 0.057971
2 0.202882 0.522812 0.134223 0.254777
2 0.243804 0.361465 0.0442862 0.053231
7 0.203316 0.523288 0.134187 0.25528
2 0.442719 0.332918 0.0342599 0.0751189
2 0.499876 0.323149 0.037229 0.0813985
3 0.134105 0.43098 0.0257012 0.0601573
7 0.442825 0.328369 0.0348406 0.0816708
0 0.0594586 0.431214 0.0168971 0.102836
0 0.134256 0.422034 0.0264337 0.0750497
2 0.0736783 0.27839 0.0468369 0.034504
2 0.540897 0.279794 0.0298642 0.0600548
2 0.453112 0.27719 0.0279058 0.045368
2 0.494056 0.247636 0.0274832 0.0266936
2 0.497706 0.2688 0.026965 0.0315045
0 0.0462417 0.419944 0.0117372 0.06518
2 0.332841 0.270776 0.0227535 0.0455722
0 0.0446494 0.414606 0.0150938 0.074125
0 0.398457 0.382538 0.0149105 0.0571587
0 0.0120105 0.468304 0.0229206 0.102549
0 0.0087785 0.471449 0.017557 0.0979952
2 0.141943 0.260624 0.0494763 0.0344562
0 0.0163741 0.458837 0.016547 0.0818169
2 0.363621 0.26451 0.0386782 0.0896641
2 0.0829445 0.768461 0.165604 0.24355
2 0.373818 0.706021 0.0946241 0.202257
2 0.515473 0.684229 0.0885264 0.190588
2 0.726322 0.898933 0.150035 0.196149
2 0.932446 0.626684 0.134546 0.153244
5 0.912105 0.463892 0.174302 0.264183
2 0.0380518 0.633434 0.0759611 0.204365
2 0.65208 0.62914 0.0946913 0.212897
2 0.113174 0.521961 0.0995503 0.122887
2 0.591294 0.456295 0.0558388 0.0932034
2 0.430198 0.419962 0.0435205 0.0843869
2 0.509719 0.407037 0.0483768 0.0900314
5 0.285053 0.251997 0.0781299 0.103624
5 0.766103 0.180839 0.0811732 0.0597287
2 0.333384 0.323864 0.0402204 0.0584128
2 0.56266 0.970612 0.107056 0.0545675
2 0.556325 0.32548 0.0358763 0.0570141
2 0.953361 0.273745 0.0685749 0.0544289
2 0.344413 0.971765 0.106983 0.0539717
2 0.281555 0.330795 0.0431584 0.0595554
5 0.32097 0.210784 0.0546925 0.0780653
5 0.667537 0.346241 0.0933799 0.172983
2 0.196791 0.422323 0.0646904 0.0763059
2 0.299253 0.382964 0.0514071 0.0860831
5 0.363957 0.263212 0.0397237 0.0882351
2 0.26615 0.432452 0.070322 0.132816
5 0.696648 0.265564 0.127934 0.149149
2 0.307682 0.297044 0.0391934 0.0584516
5 0.71774 0.27854 0.0862782 0.123055
0 0.190148 0.316733 0.0146093 0.057971
2 0.202882 0.522812 0.134223 0.254777
2 0.243804 0.361465 0.0442862 0.053231
7 0.203316 0.523288 0.134187 0.25528
2 0.442719 0.332918 0.0342599 0.0751189
2 0.499876 0.323149 0.037229 0.0813985
3 0.134105 0.43098 0.0257012 0.0601573
7 0.442825 0.328369 0.0348406 0.0816708
0 0.0594586 0.431214 0.0168971 0.102836
0 0.134256 0.422034 0.0264337 0.0750497
2 0.0736783 0.27839 0.0468369 0.034504
2 0.540897 0.279794 0.0298642 0.0600548
2 0.453112 0.27719 0.0279058 0.045368
2 0.494056 0.247636 0.0274832 0.0266936
2 0.497706 0.2688 0.026965 0.0315045
0 0.0462417 0.419944 0.0117372 0.06518
2 0.332841 0.270776 0.0227535 0.0455722
0 0.0446494 0.414606 0.0150938 0.074125
0 0.398457 0.382538 0.0149105 0.0571587
0 0.0120105 0.468304 0.0229206 0.102549
0 0.0087785 0.471449 0.017557 0.0979952
2 0.141943 0.260624 0.0494763 0.0344562
0 0.0163741 0.458837 0.016547 0.0818169
2 0.363621 0.26451 0.0386782 0.0896641
2 0.0829445 0.768461 0.165604 0.24355
2 0.373818 0.706021 0.0946241 0.202257
2 0.515473 0.684229 0.0885264 0.190588
2 0.726322 0.898933 0.150035 0.196149
2 0.932446 0.626684 0.134546 0.153244
5 0.912105 0.463892 0.174302 0.264183
2 0.0380518 0.633434 0.0759611 0.204365
2 0.65208 0.62914 0.0946913 0.212897
2 0.113174 0.521961 0.0995503 0.122887
2 0.591294 0.456295 0.0558388 0.0932034
2 0.430198 0.419962 0.0435205 0.0843869
2 0.509719 0.407037 0.0483768 0.0900314
5 0.285053 0.251997 0.0781299 0.103624
5 0.766103 0.180839 0.0811732 0.0597287
2 0.333384 0.323864 0.0402204 0.0584128
2 0.56266 0.970612 0.107056 0.0545675
2 0.556325 0.32548 0.0358763 0.0570141
2 0.953361 0.273745 0.0685749 0.0544289
2 0.344413 0.971765 0.106983 0.0539717
2 0.281555 0.330795 0.0431584 0.0595554
5 0.32097 0.210784 0.0546925 0.0780653
5 0.667537 0.346241 0.0933799 0.172983
2 0.196791 0.422323 0.0646904 0.0763059
2 0.299253 0.382964 0.0514071 0.0860831
5 0.363957 0.263212 0.0397237 0.0882351
2 0.26615 0.432452 0.070322 0.132816
5 0.696648 0.265564 0.127934 0.149149
2 0.307682 0.297044 0.0391934 0.0584516
5 0.71774 0.27854 0.0862782 0.123055
0 0.190148 0.316733 0.0146093 0.057971
2 0.202882 0.522812 0.134223 0.254777
2 0.243804 0.361465 0.0442862 0.053231
7 0.203316 0.523288 0.134187 0.25528
2 0.442719 0.332918 0.0342599 0.0751189
2 0.499876 0.323149 0.037229 0.0813985
3 0.134105 0.43098 0.0257012 0.0601573
7 0.442825 0.328369 0.0348406 0.0816708
0 0.0594586 0.431214 0.0168971 0.102836
0 0.134256 0.422034 0.0264337 0.0750497
2 0.0736783 0.27839 0.0468369 0.034504
2 0.540897 0.279794 0.0298642 0.0600548
2 0.453112 0.27719 0.0279058 0.045368
2 0.494056 0.247636 0.0274832 0.0266936
2 0.497706 0.2688 0.026965 0.0315045
0 0.0462417 0.419944 0.0117372 0.06518
2 0.332841 0.270776 0.0227535 0.0455722
0 0.0446494 0.414606 0.0150938 0.074125
0 0.398457 0.382538 0.0149105 0.0571587
0 0.0120105 0.468304 0.0229206 0.102549
0 0.0087785 0.471449 0.017557 0.0979952
2 0.141943 0.260624 0.0494763 0.0344562
0 0.0163741 0.458837 0.016547 0.0818169
2 0.363621 0.26451 0.0386782 0.0896641
2 0.0829445 0.768461 0.165604 0.24355
2 0.373818 0.706021 0.0946241 0.202257
2 0.515473 0.684229 0.0885264 0.190588
2 0.726322 0.898933 0.150035 0.196149
2 0.932446 0.626684 0.134546 0.153244
5 0.912105 0.463892 0.174302 0.264183
2 0.0380518 0.633434 0.0759611 0.204365
2 0.65208 0.62914 0.0946913 0.212897
2 0.113174 0.521961 0.0995503 0.122887
2 0.591294 0.456295 0.0558388 0.0932034
2 0.430198 0.419962 0.0435205 0.0843869
2 0.509719 0.407037 0.0483768 0.0900314
5 0.285053 0.251997 0.0781299 0.103624
5 0.766103 0.180839 0.0811732 0.0597287
2 0.333384 0.323864 0.0402204 0.0584128
2 0.56266 0.970612 0.107056 0.0545675
2 0.556325 0.32548 0.0358763 0.0570141
2 0.953361 0.273745 0.0685749 0.0544289
2 0.344413 0.971765 0.106983 0.0539717
2 0.281555 0.330795 0.0431584 0.0595554
5 0.32097 0.210784 0.0546925 0.0780653
5 0.667537 0.346241 0.0933799 0.172983
2 0.196791 0.422323 0.0646904 0.0763059
2 0.299253 0.382964 0.0514071 0.0860831
5 0.363957 0.263212 0.0397237 0.0882351
2 0.26615 0.432452 0.070322 0.132816
5 0.696648 0.265564 0.127934 0.149149
2 0.307682 0.297044 0.0391934 0.0584516
5 0.71774 0.27854 0.0862782 0.123055
0 0.190148 0.316733 0.0146093 0.057971
2 0.202882 0.522812 0.134223 0.254777
2 0.243804 0.361465 0.0442862 0.053231
7 0.203316 0.523288 0.134187 0.25528
2 0.442719 0.332918 0.0342599 0.0751189
2 0.499876 0.323149 0.037229 0.0813985
3 0.134105 0.43098 0.0257012 0.0601573
7 0.442825 0.328369 0.0348406 0.0816708
0 0.0594586 0.431214 0.0168971 0.102836
0 0.134256 0.422034 0.0264337 0.0750497
2 0.0736783 0.27839 0.0468369 0.034504
2 0.540897 0.279794 0.0298642 0.0600548
2 0.453112 0.27719 0.0279058 0.045368
2 0.494056 0.247636 0.0274832 0.0266936
2 0.497706 0.2688 0.026965 0.0315045
0 0.0462417 0.419944 0.0117372 0.06518
2 0.332841 0.270776 0.0227535 0.0455722
0 0.0446494 0.414606 0.0150938 0.074125
0 0.398457 0.382538 0.0149105 0.0571587
0 0.0120105 0.468304 0.0229206 0.102549
0 0.0087785 0.471449 0.017557 0.0979952
2 0.141943 0.260624 0.0494763 0.0344562
0 0.0163741 0.458837 0.016547 0.0818169
2 0.363621 0.26451 0.0386782 0.0896641
2 0.0829445 0.768461 0.165604 0.24355
2 0.373818 0.706021 0.0946241 0.202257
2 0.515473 0.684229 0.0885264 0.190588
2 0.726322 0.898933 0.150035 0.196149
2 0.932446 0.626684 0.134546 0.153244
5 0.912105 0.463892 0.174302 0.264183
2 0.0380518 0.633434 0.0759611 0.204365
2 0.65208 0.62914 0.0946913 0.212897
2 0.113174 0.521961 0.0995503 0.122887
2 0.591294 0.456295 0.0558388 0.0932034
2 0.430198 0.419962 0.0435205 0.0843869
2 0.509719 0.407037 0.0483768 0.0900314
5 0.285053 0.251997 0.0781299 0.103624
5 0.766103 0.180839 0.0811732 0.0597287
2 0.333384 0.323864 0.0402204 0.0584128
2 0.56266 0.970612 0.107056 0.0545675
2 0.556325 0.32548 0.0358763 0.0570141
2 0.953361 0.273745 0.0685749 0.0544289
2 0.344413 0.971765 0.106983 0.0539717
2 0.281555 0.330795 0.0431584 0.0595554
5 0.32097 0.210784 0.0546925 0.0780653
5 0.667537 0.346241 0.0933799 0.172983
2 0.196791 0.422323 0.0646904 0.0763059
2 0.299253 0.382964 0.0514071 0.0860831
5 0.363957 0.263212 0.0397237 0.0882351
2 0.26615 0.432452 0.070322 0.132816
5 0.696648 0.265564 0.127934 0.149149
2 0.307682 0.297044 0.0391934 0.0584516
5 0.71774 0.27854 0.0862782 0.123055
0 0.190148 0.316733 0.0146093 0.057971
2 0.202882 0.522812 0.134223 0.254777
2 0.243804 0.361465 0.0442862 0.053231
7 0.203316 0.523288 0.134187 0.25528
2 0.442719 0.332918 0.0342599 0.0751189
2 0.499876 0.323149 0.037229 0.0813985
3 0.134105 0.43098 0.0257012 0.0601573
7 0.442825 0.328369 0.0348406 0.0816708
0 0.0594586 0.431214 0.0168971 0.102836
0 0.134256 0.422034 0.0264337 0.0750497
2 0.0736783 0.27839 0.0468369 0.034504
2 0.540897 0.279794 0.0298642 0.0600548
2 0.453112 0.27719 0.0279058 0.045368
2 0.494056 0.247636 0.0274832 0.0266936
2 0.497706 0.2688 0.026965 0.0315045
0 0.0462417 0.419944 0.0117372 0.06518
2 0.332841 0.270776 0.0227535 0.0455722
0 0.0446494 0.414606 0.0150938 0.074125
0 0.398457 0.382538 0.0149105 0.0571587
0 0.0120105 0.468304 0.0229206 0.102549
0 0.0087785 0.471449 0.017557 0.0979952
2 0.141943 0.260624 0.0494763 0.0344562
0 0.0163741 0.458837 0.016547 0.0818169
2 0.363621 0.26451 0.0386782 0.0896641
2 0.083293 0.768338 0.166133 0.24398
2 0.932646 0.627217 0.133638 0.15216
5 0.912421 0.461846 0.174086 0.260686
2 0.374234 0.706813 0.0947686 0.204239
2 0.729186 0.899096 0.155442 0.195851
2 0.0381553 0.633774 0.0758488 0.20528
2 0.515994 0.685034 0.0883838 0.191972
2 0.110802 0.523872 0.0940412 0.123918
5 0.284935 0.252047 0.0782441 0.105667
7 0.652339 0.630684 0.094464 0.213454
2 0.431085 0.419452 0.0439904 0.0845184
2 0.591078 0.457108 0.0559532 0.0943322
5 0.76618 0.180236 0.0797595 0.0614216
2 0.509039 0.406975 0.0480316 0.0889872
5 0.698227 0.266093 0.125143 0.145685
5 0.647398 0.321195 0.133527 0.225776
2 0.26683 0.432462 0.0678398 0.136945
7 0.202621 0.525133 0.133258 0.258269
5 0.320786 0.210693 0.0545283 0.083152
2 0.952938 0.272689 0.0682995 0.0554063
2 0.335969 0.323605 0.0442778 0.0602222
2 0.556416 0.325413 0.0373115 0.0587619
2 0.564572 0.971223 0.107387 0.0554415
2 0.19479 0.422997 0.060025 0.077085
2 0.299616 0.38552 0.051415 0.085288
0 0.19043 0.318399 0.0140189 0.0543936
2 0.34413 0.972256 0.105833 0.0537682
2 0.083293 0.768338 0.166133 0.24398
2 0.932646 0.627217 0.133638 0.15216
5 0.912421 0.461846 0.174086 0.260686
2 0.374234 0.706813 0.0947686 0.204239
2 0.729186 0.899096 0.155442 0.195851
2 0.0381553 0.633774 0.0758488 0.20528
2 0.515994 0.685034 0.0883838 0.191972
2 0.110802 0.523872 0.0940412 0.123918
5 0.284935 0.252047 0.0782441 0.105667
7 0.652339 0.630684 0.094464 0.213454
2 0.431085 0.419452 0.0439904 0.0845184
2 0.591078 0.457108 0.0559532 0.0943322
5 0.76618 0.180236 0.0797595 0.0614216
2 0.509039 0.406975 0.0480316 0.0889872
5 0.698227 0.266093 0.125143 0.145685
5 0.647398 0.321195 0.133527 0.225776
2 0.26683 0.432462 0.0678398 0.136945
7 0.202621 0.525133 0.133258 0.258269
5 0.320786 0.210693 0.0545283 0.083152
2 0.952938 0.272689 0.0682995 0.0554063
2 0.335969 0.323605 0.0442778 0.0602222
2 0.556416 0.325413 0.0373115 0.0587619
2 0.564572 0.971223 0.107387 0.0554415
2 0.19479 0.422997 0.060025 0.077085
2 0.299616 0.38552 0.051415 0.085288
0 0.19043 0.318399 0.0140189 0.0543936
2 0.34413 0.972256 0.105833 0.0537682
