2 0.37097 0.730921 0.0976055 0.214425
2 0.0782078 0.796479 0.15629 0.256618
2 0.517168 0.708874 0.0918167 0.205478
5 0.913541 0.462959 0.172345 0.257533
2 0.932724 0.629103 0.133999 0.15253
2 0.730757 0.922984 0.139045 0.150108
2 0.112839 0.522265 0.0969485 0.125113
2 0.658784 0.653879 0.100774 0.224212
2 0.0384482 0.634059 0.0764951 0.204249
2 0.509909 0.417935 0.050115 0.0940738
2 0.596868 0.480037 0.0578466 0.102642
2 0.557078 0.328491 0.0362292 0.0577541
2 0.42957 0.429272 0.0440049 0.0856287
5 0.747707 0.176285 0.0737057 0.0595657
5 0.285789 0.252691 0.0786435 0.103889
5 0.724647 0.28895 0.101715 0.131037
2 0.333153 0.328364 0.0405736 0.0584011
2 0.281427 0.331867 0.0434562 0.0577662
2 0.299574 0.382424 0.050495 0.0858569
2 0.265298 0.433849 0.0718633 0.131906
2 0.196056 0.4266 0.0665771 0.077721
2 0.500693 0.330235 0.0385267 0.077404
2 0.442779 0.335874 0.0340309 0.0738067
2 0.201604 0.529659 0.136859 0.258067
2 0.309367 0.298754 0.0368298 0.0596341
2 0.908346 0.25544 0.0573345 0.0484182
5 0.361538 0.265065 0.0399776 0.091669
2 0.246108 0.366131 0.049541 0.058822
0 0.131747 0.37288 0.0162668 0.0675081
0 0.191029 0.316841 0.0148586 0.0555381
5 0.320213 0.213108 0.053694 0.0801381
0 0.109638 0.379217 0.0173576 0.0960069
7 0.201432 0.528797 0.136498 0.258613
2 0.990101 0.31001 0.0190489 0.0300733
2 0.541088 0.279765 0.0309036 0.0583969
0 0.084981 0.471335 0.0324354 0.0891393
0 0.0605302 0.434363 0.0174892 0.100007
0 0.38907 0.419283 0.0169925 0.0727062
2 0.139598 0.263659 0.0550923 0.0340791
5 0.647581 0.309876 0.0483521 0.124173
5 0.619761 0.281827 0.104343 0.184363
2 0.498799 0.273478 0.0263279 0.0284319
2 0.453688 0.279256 0.0279162 0.0471491
2 0.218021 0.182876 0.0351237 0.0378468
2 0.493591 0.249212 0.0289511 0.0319416
2 0.332725 0.276074 0.0216259 0.0438331
2 0.0773445 0.282367 0.0528747 0.0389724
2 0.342267 0.989909 0.0780931 0.0191979
2 0.37097 0.730921 0.0976055 0.214425
2 0.0782078 0.796479 0.15629 0.256618
2 0.517168 0.708874 0.0918167 0.205478
5 0.913541 0.462959 0.172345 0.257533
2 0.932724 0.629103 0.133999 0.15253
2 0.730757 0.922984 0.139045 0.150108
2 0.112839 0.522265 0.0969485 0.125113
2 0.658784 0.653879 0.100774 0.224212
2 0.0384482 0.634059 0.0764951 0.204249
2 0.509909 0.417935 0.050115 0.0940738
2 0.596868 0.480037 0.0578466 0.102642
2 0.557078 0.328491 0.0362292 0.0577541
2 0.42957 0.429272 0.0440049 0.0856287
5 0.747707 0.176285 0.0737057 0.0595657
5 0.285789 0.252691 0.0786435 0.103889
5 0.724647 0.28895 0.101715 0.131037
2 0.333153 0.328364 0.0405736 0.0584011
2 0.281427 0.331867 0.0434562 0.0577662
2 0.299574 0.382424 0.050495 0.0858569
2 0.265298 0.433849 0.0718633 0.131906
2 0.196056 0.4266 0.0665771 0.077721
2 0.500693 0.330235 0.0385267 0.077404
2 0.442779 0.335874 0.0340309 0.0738067
2 0.201604 0.529659 0.136859 0.258067
2 0.309367 0.298754 0.0368298 0.0596341
2 0.908346 0.25544 0.0573345 0.0484182
5 0.361538 0.265065 0.0399776 0.091669
2 0.246108 0.366131 0.049541 0.058822
0 0.131747 0.37288 0.0162668 0.0675081
0 0.191029 0.316841 0.0148586 0.0555381
5 0.320213 0.213108 0.053694 0.0801381
0 0.109638 0.379217 0.0173576 0.0960069
7 0.201432 0.528797 0.136498 0.258613
2 0.990101 0.31001 0.0190489 0.0300733
2 0.541088 0.279765 0.0309036 0.0583969
0 0.084981 0.471335 0.0324354 0.0891393
0 0.0605302 0.434363 0.0174892 0.100007
0 0.38907 0.419283 0.0169925 0.0727062
2 0.139598 0.263659 0.0550923 0.0340791
5 0.647581 0.309876 0.0483521 0.124173
5 0.619761 0.281827 0.104343 0.184363
2 0.498799 0.273478 0.0263279 0.0284319
2 0.453688 0.279256 0.0279162 0.0471491
2 0.218021 0.182876 0.0351237 0.0378468
2 0.493591 0.249212 0.0289511 0.0319416
2 0.332725 0.276074 0.0216259 0.0438331
2 0.0773445 0.282367 0.0528747 0.0389724
2 0.342267 0.989909 0.0780931 0.0191979
2 0.37097 0.730921 0.0976055 0.214425
2 0.0782078 0.796479 0.15629 0.256618
2 0.517168 0.708874 0.0918167 0.205478
5 0.913541 0.462959 0.172345 0.257533
2 0.932724 0.629103 0.133999 0.15253
2 0.730757 0.922984 0.139045 0.150108
2 0.112839 0.522265 0.0969485 0.125113
2 0.658784 0.653879 0.100774 0.224212
2 0.0384482 0.634059 0.0764951 0.204249
2 0.509909 0.417935 0.050115 0.0940738
2 0.596868 0.480037 0.0578466 0.102642
2 0.557078 0.328491 0.0362292 0.0577541
2 0.42957 0.429272 0.0440049 0.0856287
5 0.747707 0.176285 0.0737057 0.0595657
5 0.285789 0.252691 0.0786435 0.103889
5 0.724647 0.28895 0.101715 0.131037
2 0.333153 0.328364 0.0405736 0.0584011
2 0.281427 0.331867 0.0434562 0.0577662
2 0.299574 0.382424 0.050495 0.0858569
2 0.265298 0.433849 0.0718633 0.131906
2 0.196056 0.4266 0.0665771 0.077721
2 0.500693 0.330235 0.0385267 0.077404
2 0.442779 0.335874 0.0340309 0.0738067
2 0.201604 0.529659 0.136859 0.258067
2 0.309367 0.298754 0.0368298 0.0596341
2 0.908346 0.25544 0.0573345 0.0484182
5 0.361538 0.265065 0.0399776 0.091669
2 0.246108 0.366131 0.049541 0.058822
0 0.131747 0.37288 0.0162668 0.0675081
0 0.191029 0.316841 0.0148586 0.0555381
5 0.320213 0.213108 0.053694 0.0801381
0 0.109638 0.379217 0.0173576 0.0960069
7 0.201432 0.528797 0.136498 0.258613
2 0.990101 0.31001 0.0190489 0.0300733
2 0.541088 0.279765 0.0309036 0.0583969
0 0.084981 0.471335 0.0324354 0.0891393
0 0.0605302 0.434363 0.0174892 0.100007
0 0.38907 0.419283 0.0169925 0.0727062
2 0.139598 0.263659 0.0550923 0.0340791
5 0.647581 0.309876 0.0483521 0.124173
5 0.619761 0.281827 0.104343 0.184363
2 0.498799 0.273478 0.0263279 0.0284319
2 0.453688 0.279256 0.0279162 0.0471491
2 0.218021 0.182876 0.0351237 0.0378468
2 0.493591 0.249212 0.0289511 0.0319416
2 0.332725 0.276074 0.0216259 0.0438331
2 0.0773445 0.282367 0.0528747 0.0389724
2 0.342267 0.989909 0.0780931 0.0191979
2 0.37097 0.730921 0.0976055 0.214425
2 0.0782078 0.796479 0.15629 0.256618
2 0.517168 0.708874 0.0918167 0.205478
5 0.913541 0.462959 0.172345 0.257533
2 0.932724 0.629103 0.133999 0.15253
2 0.730757 0.922984 0.139045 0.150108
2 0.112839 0.522265 0.0969485 0.125113
2 0.658784 0.653879 0.100774 0.224212
2 0.0384482 0.634059 0.0764951 0.204249
2 0.509909 0.417935 0.050115 0.0940738
2 0.596868 0.480037 0.0578466 0.102642
2 0.557078 0.328491 0.0362292 0.0577541
2 0.42957 0.429272 0.0440049 0.0856287
5 0.747707 0.176285 0.0737057 0.0595657
5 0.285789 0.252691 0.0786435 0.103889
5 0.724647 0.28895 0.101715 0.131037
2 0.333153 0.328364 0.0405736 0.0584011
2 0.281427 0.331867 0.0434562 0.0577662
2 0.299574 0.382424 0.050495 0.0858569
2 0.265298 0.433849 0.0718633 0.131906
2 0.196056 0.4266 0.0665771 0.077721
2 0.500693 0.330235 0.0385267 0.077404
2 0.442779 0.335874 0.0340309 0.0738067
2 0.201604 0.529659 0.136859 0.258067
2 0.309367 0.298754 0.0368298 0.0596341
2 0.908346 0.25544 0.0573345 0.0484182
5 0.361538 0.265065 0.0399776 0.091669
2 0.246108 0.366131 0.049541 0.058822
0 0.131747 0.37288 0.0162668 0.0675081
0 0.191029 0.316841 0.0148586 0.0555381
5 0.320213 0.213108 0.053694 0.0801381
0 0.109638 0.379217 0.0173576 0.0960069
7 0.201432 0.528797 0.136498 0.258613
2 0.990101 0.31001 0.0190489 0.0300733
2 0.541088 0.279765 0.0309036 0.0583969
0 0.084981 0.471335 0.0324354 0.0891393
0 0.0605302 0.434363 0.0174892 0.100007
0 0.38907 0.419283 0.0169925 0.0727062
2 0.139598 0.263659 0.0550923 0.0340791
5 0.647581 0.309876 0.0483521 0.124173
5 0.619761 0.281827 0.104343 0.184363
2 0.498799 0.273478 0.0263279 0.0284319
2 0.453688 0.279256 0.0279162 0.0471491
2 0.218021 0.182876 0.0351237 0.0378468
2 0.493591 0.249212 0.0289511 0.0319416
2 0.332725 0.276074 0.0216259 0.0438331
2 0.0773445 0.282367 0.0528747 0.0389724
2 0.342267 0.989909 0.0780931 0.0191979
2 0.37097 0.730921 0.0976055 0.214425
2 0.0782078 0.796479 0.15629 0.256618
2 0.517168 0.708874 0.0918167 0.205478
5 0.913541 0.462959 0.172345 0.257533
2 0.932724 0.629103 0.133999 0.15253
2 0.730757 0.922984 0.139045 0.150108
2 0.112839 0.522265 0.0969485 0.125113
2 0.658784 0.653879 0.100774 0.224212
2 0.0384482 0.634059 0.0764951 0.204249
2 0.509909 0.417935 0.050115 0.0940738
2 0.596868 0.480037 0.0578466 0.102642
2 0.557078 0.328491 0.0362292 0.0577541
2 0.42957 0.429272 0.0440049 0.0856287
5 0.747707 0.176285 0.0737057 0.0595657
5 0.285789 0.252691 0.0786435 0.103889
5 0.724647 0.28895 0.101715 0.131037
2 0.333153 0.328364 0.0405736 0.0584011
2 0.281427 0.331867 0.0434562 0.0577662
2 0.299574 0.382424 0.050495 0.0858569
2 0.265298 0.433849 0.0718633 0.131906
2 0.196056 0.4266 0.0665771 0.077721
2 0.500693 0.330235 0.0385267 0.077404
2 0.442779 0.335874 0.0340309 0.0738067
2 0.201604 0.529659 0.136859 0.258067
2 0.309367 0.298754 0.0368298 0.0596341
2 0.908346 0.25544 0.0573345 0.0484182
5 0.361538 0.265065 0.0399776 0.091669
2 0.246108 0.366131 0.049541 0.058822
0 0.131747 0.37288 0.0162668 0.0675081
0 0.191029 0.316841 0.0148586 0.0555381
5 0.320213 0.213108 0.053694 0.0801381
0 0.109638 0.379217 0.0173576 0.0960069
7 0.201432 0.528797 0.136498 0.258613
2 0.990101 0.31001 0.0190489 0.0300733
2 0.541088 0.279765 0.0309036 0.0583969
0 0.084981 0.471335 0.0324354 0.0891393
0 0.0605302 0.434363 0.0174892 0.100007
0 0.38907 0.419283 0.0169925 0.0727062
2 0.139598 0.263659 0.0550923 0.0340791
5 0.647581 0.309876 0.0483521 0.124173
5 0.619761 0.281827 0.104343 0.184363
2 0.498799 0.273478 0.0263279 0.0284319
2 0.453688 0.279256 0.0279162 0.0471491
2 0.218021 0.182876 0.0351237 0.0378468
2 0.493591 0.249212 0.0289511 0.0319416
2 0.332725 0.276074 0.0216259 0.0438331
2 0.0773445 0.282367 0.0528747 0.0389724
2 0.342267 0.989909 0.0780931 0.0191979
2 0.37097 0.730921 0.0976055 0.214425
2 0.0782078 0.796479 0.15629 0.256618
2 0.517168 0.708874 0.0918167 0.205478
5 0.913541 0.462959 0.172345 0.257533
2 0.932724 0.629103 0.133999 0.15253
2 0.730757 0.922984 0.139045 0.150108
2 0.112839 0.522265 0.0969485 0.125113
2 0.658784 0.653879 0.100774 0.224212
2 0.0384482 0.634059 0.0764951 0.204249
2 0.509909 0.417935 0.050115 0.0940738
2 0.596868 0.480037 0.0578466 0.102642
2 0.557078 0.328491 0.0362292 0.0577541
2 0.42957 0.429272 0.0440049 0.0856287
5 0.747707 0.176285 0.0737057 0.0595657
5 0.285789 0.252691 0.0786435 0.103889
5 0.724647 0.28895 0.101715 0.131037
2 0.333153 0.328364 0.0405736 0.0584011
2 0.281427 0.331867 0.0434562 0.0577662
2 0.299574 0.382424 0.050495 0.0858569
2 0.265298 0.433849 0.0718633 0.131906
2 0.196056 0.4266 0.0665771 0.077721
2 0.500693 0.330235 0.0385267 0.077404
2 0.442779 0.335874 0.0340309 0.0738067
2 0.201604 0.529659 0.136859 0.258067
2 0.309367 0.298754 0.0368298 0.0596341
2 0.908346 0.25544 0.0573345 0.0484182
5 0.361538 0.265065 0.0399776 0.091669
2 0.246108 0.366131 0.049541 0.058822
0 0.131747 0.37288 0.0162668 0.0675081
0 0.191029 0.316841 0.0148586 0.0555381
5 0.320213 0.213108 0.053694 0.0801381
0 0.109638 0.379217 0.0173576 0.0960069
7 0.201432 0.528797 0.136498 0.258613
2 0.990101 0.31001 0.0190489 0.0300733
2 0.541088 0.279765 0.0309036 0.0583969
0 0.084981 0.471335 0.0324354 0.0891393
0 0.0605302 0.434363 0.0174892 0.100007
0 0.38907 0.419283 0.0169925 0.0727062
2 0.139598 0.263659 0.0550923 0.0340791
5 0.647581 0.309876 0.0483521 0.124173
5 0.619761 0.281827 0.104343 0.184363
2 0.498799 0.273478 0.0263279 0.0284319
2 0.453688 0.279256 0.0279162 0.0471491
2 0.218021 0.182876 0.0351237 0.0378468
2 0.493591 0.249212 0.0289511 0.0319416
2 0.332725 0.276074 0.0216259 0.0438331
2 0.0773445 0.282367 0.0528747 0.0389724
2 0.342267 0.989909 0.0780931 0.0191979
2 0.37097 0.730921 0.0976055 0.214425
2 0.0782078 0.796479 0.15629 0.256618
2 0.517168 0.708874 0.0918167 0.205478
5 0.913541 0.462959 0.172345 0.257533
2 0.932724 0.629103 0.133999 0.15253
2 0.730757 0.922984 0.139045 0.150108
2 0.112839 0.522265 0.0969485 0.125113
2 0.658784 0.653879 0.100774 0.224212
2 0.0384482 0.634059 0.0764951 0.204249
2 0.509909 0.417935 0.050115 0.0940738
2 0.596868 0.480037 0.0578466 0.102642
2 0.557078 0.328491 0.0362292 0.0577541
2 0.42957 0.429272 0.0440049 0.0856287
5 0.747707 0.176285 0.0737057 0.0595657
5 0.285789 0.252691 0.0786435 0.103889
5 0.724647 0.28895 0.101715 0.131037
2 0.333153 0.328364 0.0405736 0.0584011
2 0.281427 0.331867 0.0434562 0.0577662
2 0.299574 0.382424 0.050495 0.0858569
2 0.265298 0.433849 0.0718633 0.131906
2 0.196056 0.4266 0.0665771 0.077721
2 0.500693 0.330235 0.0385267 0.077404
2 0.442779 0.335874 0.0340309 0.0738067
2 0.201604 0.529659 0.136859 0.258067
2 0.309367 0.298754 0.0368298 0.0596341
2 0.908346 0.25544 0.0573345 0.0484182
5 0.361538 0.265065 0.0399776 0.091669
2 0.246108 0.366131 0.049541 0.058822
0 0.131747 0.37288 0.0162668 0.0675081
0 0.191029 0.316841 0.0148586 0.0555381
5 0.320213 0.213108 0.053694 0.0801381
0 0.109638 0.379217 0.0173576 0.0960069
7 0.201432 0.528797 0.136498 0.258613
2 0.990101 0.31001 0.0190489 0.0300733
2 0.541088 0.279765 0.0309036 0.0583969
0 0.084981 0.471335 0.0324354 0.0891393
0 0.0605302 0.434363 0.0174892 0.100007
0 0.38907 0.419283 0.0169925 0.0727062
2 0.139598 0.263659 0.0550923 0.0340791
5 0.647581 0.309876 0.0483521 0.124173
5 0.619761 0.281827 0.104343 0.184363
2 0.498799 0.273478 0.0263279 0.0284319
2 0.453688 0.279256 0.0279162 0.0471491
2 0.218021 0.182876 0.0351237 0.0378468
2 0.493591 0.249212 0.0289511 0.0319416
2 0.332725 0.276074 0.0216259 0.0438331
2 0.0773445 0.282367 0.0528747 0.0389724
2 0.342267 0.989909 0.0780931 0.0191979
2 0.37097 0.730921 0.0976055 0.214425
2 0.0782078 0.796479 0.15629 0.256618
2 0.517168 0.708874 0.0918167 0.205478
5 0.913541 0.462959 0.172345 0.257533
2 0.932724 0.629103 0.133999 0.15253
2 0.730757 0.922984 0.139045 0.150108
2 0.112839 0.522265 0.0969485 0.125113
2 0.658784 0.653879 0.100774 0.224212
2 0.0384482 0.634059 0.0764951 0.204249
2 0.509909 0.417935 0.050115 0.0940738
2 0.596868 0.480037 0.0578466 0.102642
2 0.557078 0.328491 0.0362292 0.0577541
2 0.42957 0.429272 0.0440049 0.0856287
5 0.747707 0.176285 0.0737057 0.0595657
5 0.285789 0.252691 0.0786435 0.103889
5 0.724647 0.28895 0.101715 0.131037
2 0.333153 0.328364 0.0405736 0.0584011
2 0.281427 0.331867 0.0434562 0.0577662
2 0.299574 0.382424 0.050495 0.0858569
2 0.265298 0.433849 0.0718633 0.131906
2 0.196056 0.4266 0.0665771 0.077721
2 0.500693 0.330235 0.0385267 0.077404
2 0.442779 0.335874 0.0340309 0.0738067
2 0.201604 0.529659 0.136859 0.258067
2 0.309367 0.298754 0.0368298 0.0596341
2 0.908346 0.25544 0.0573345 0.0484182
5 0.361538 0.265065 0.0399776 0.091669
2 0.246108 0.366131 0.049541 0.058822
0 0.131747 0.37288 0.0162668 0.0675081
0 0.191029 0.316841 0.0148586 0.0555381
5 0.320213 0.213108 0.053694 0.0801381
0 0.109638 0.379217 0.0173576 0.0960069
7 0.201432 0.528797 0.136498 0.258613
2 0.990101 0.31001 0.0190489 0.0300733
2 0.541088 0.279765 0.0309036 0.0583969
0 0.084981 0.471335 0.0324354 0.0891393
0 0.0605302 0.434363 0.0174892 0.100007
0 0.38907 0.419283 0.0169925 0.0727062
2 0.139598 0.263659 0.0550923 0.0340791
5 0.647581 0.309876 0.0483521 0.124173
5 0.619761 0.281827 0.104343 0.184363
2 0.498799 0.273478 0.0263279 0.0284319
2 0.453688 0.279256 0.0279162 0.0471491
2 0.218021 0.182876 0.0351237 0.0378468
2 0.493591 0.249212 0.0289511 0.0319416
2 0.332725 0.276074 0.0216259 0.0438331
2 0.0773445 0.282367 0.0528747 0.0389724
2 0.342267 0.989909 0.0780931 0.0191979
2 0.37097 0.730921 0.0976055 0.214425
2 0.0782078 0.796479 0.15629 0.256618
2 0.517168 0.708874 0.0918167 0.205478
5 0.913541 0.462959 0.172345 0.257533
2 0.932724 0.629103 0.133999 0.15253
2 0.730757 0.922984 0.139045 0.150108
2 0.112839 0.522265 0.0969485 0.125113
2 0.658784 0.653879 0.100774 0.224212
2 0.0384482 0.634059 0.0764951 0.204249
2 0.509909 0.417935 0.050115 0.0940738
2 0.596868 0.480037 0.0578466 0.102642
2 0.557078 0.328491 0.0362292 0.0577541
2 0.42957 0.429272 0.0440049 0.0856287
5 0.747707 0.176285 0.0737057 0.0595657
5 0.285789 0.252691 0.0786435 0.103889
5 0.724647 0.28895 0.101715 0.131037
2 0.333153 0.328364 0.0405736 0.0584011
2 0.281427 0.331867 0.0434562 0.0577662
2 0.299574 0.382424 0.050495 0.0858569
2 0.265298 0.433849 0.0718633 0.131906
2 0.196056 0.4266 0.0665771 0.077721
2 0.500693 0.330235 0.0385267 0.077404
2 0.442779 0.335874 0.0340309 0.0738067
2 0.201604 0.529659 0.136859 0.258067
2 0.309367 0.298754 0.0368298 0.0596341
2 0.908346 0.25544 0.0573345 0.0484182
5 0.361538 0.265065 0.0399776 0.091669
2 0.246108 0.366131 0.049541 0.058822
0 0.131747 0.37288 0.0162668 0.0675081
0 0.191029 0.316841 0.0148586 0.0555381
5 0.320213 0.213108 0.053694 0.0801381
0 0.109638 0.379217 0.0173576 0.0960069
7 0.201432 0.528797 0.136498 0.258613
2 0.990101 0.31001 0.0190489 0.0300733
2 0.541088 0.279765 0.0309036 0.0583969
0 0.084981 0.471335 0.0324354 0.0891393
0 0.0605302 0.434363 0.0174892 0.100007
0 0.38907 0.419283 0.0169925 0.0727062
2 0.139598 0.263659 0.0550923 0.0340791
5 0.647581 0.309876 0.0483521 0.124173
5 0.619761 0.281827 0.104343 0.184363
2 0.498799 0.273478 0.0263279 0.0284319
2 0.453688 0.279256 0.0279162 0.0471491
2 0.218021 0.182876 0.0351237 0.0378468
2 0.493591 0.249212 0.0289511 0.0319416
2 0.332725 0.276074 0.0216259 0.0438331
2 0.0773445 0.282367 0.0528747 0.0389724
2 0.342267 0.989909 0.0780931 0.0191979
2 0.37097 0.730921 0.0976055 0.214425
2 0.0782078 0.796479 0.15629 0.256618
2 0.517168 0.708874 0.0918167 0.205478
5 0.913541 0.462959 0.172345 0.257533
2 0.932724 0.629103 0.133999 0.15253
2 0.730757 0.922984 0.139045 0.150108
2 0.112839 0.522265 0.0969485 0.125113
2 0.658784 0.653879 0.100774 0.224212
2 0.0384482 0.634059 0.0764951 0.204249
2 0.509909 0.417935 0.050115 0.0940738
2 0.596868 0.480037 0.0578466 0.102642
2 0.557078 0.328491 0.0362292 0.0577541
2 0.42957 0.429272 0.0440049 0.0856287
5 0.747707 0.176285 0.0737057 0.0595657
5 0.285789 0.252691 0.0786435 0.103889
5 0.724647 0.28895 0.101715 0.131037
2 0.333153 0.328364 0.0405736 0.0584011
2 0.281427 0.331867 0.0434562 0.0577662
2 0.299574 0.382424 0.050495 0.0858569
2 0.265298 0.433849 0.0718633 0.131906
2 0.196056 0.4266 0.0665771 0.077721
2 0.500693 0.330235 0.0385267 0.077404
2 0.442779 0.335874 0.0340309 0.0738067
2 0.201604 0.529659 0.136859 0.258067
2 0.309367 0.298754 0.0368298 0.0596341
2 0.908346 0.25544 0.0573345 0.0484182
5 0.361538 0.265065 0.0399776 0.091669
2 0.246108 0.366131 0.049541 0.058822
0 0.131747 0.37288 0.0162668 0.0675081
0 0.191029 0.316841 0.0148586 0.0555381
5 0.320213 0.213108 0.053694 0.0801381
0 0.109638 0.379217 0.0173576 0.0960069
7 0.201432 0.528797 0.136498 0.258613
2 0.990101 0.31001 0.0190489 0.0300733
2 0.541088 0.279765 0.0309036 0.0583969
0 0.084981 0.471335 0.0324354 0.0891393
0 0.0605302 0.434363 0.0174892 0.100007
0 0.38907 0.419283 0.0169925 0.0727062
2 0.139598 0.263659 0.0550923 0.0340791
5 0.647581 0.309876 0.0483521 0.124173
5 0.619761 0.281827 0.104343 0.184363
2 0.498799 0.273478 0.0263279 0.0284319
2 0.453688 0.279256 0.0279162 0.0471491
2 0.218021 0.182876 0.0351237 0.0378468
2 0.493591 0.249212 0.0289511 0.0319416
2 0.332725 0.276074 0.0216259 0.0438331
2 0.0773445 0.282367 0.0528747 0.0389724
2 0.342267 0.989909 0.0780931 0.0191979
2 0.37097 0.730921 0.0976055 0.214425
2 0.0782078 0.796479 0.15629 0.256618
2 0.517168 0.708874 0.0918167 0.205478
5 0.913541 0.462959 0.172345 0.257533
2 0.932724 0.629103 0.133999 0.15253
2 0.730757 0.922984 0.139045 0.150108
2 0.112839 0.522265 0.0969485 0.125113
2 0.658784 0.653879 0.100774 0.224212
2 0.0384482 0.634059 0.0764951 0.204249
2 0.509909 0.417935 0.050115 0.0940738
2 0.596868 0.480037 0.0578466 0.102642
2 0.557078 0.328491 0.0362292 0.0577541
2 0.42957 0.429272 0.0440049 0.0856287
5 0.747707 0.176285 0.0737057 0.0595657
5 0.285789 0.252691 0.0786435 0.103889
5 0.724647 0.28895 0.101715 0.131037
2 0.333153 0.328364 0.0405736 0.0584011
2 0.281427 0.331867 0.0434562 0.0577662
2 0.299574 0.382424 0.050495 0.0858569
2 0.265298 0.433849 0.0718633 0.131906
2 0.196056 0.4266 0.0665771 0.077721
2 0.500693 0.330235 0.0385267 0.077404
2 0.442779 0.335874 0.0340309 0.0738067
2 0.201604 0.529659 0.136859 0.258067
2 0.309367 0.298754 0.0368298 0.0596341
2 0.908346 0.25544 0.0573345 0.0484182
5 0.361538 0.265065 0.0399776 0.091669
2 0.246108 0.366131 0.049541 0.058822
0 0.131747 0.37288 0.0162668 0.0675081
0 0.191029 0.316841 0.0148586 0.0555381
5 0.320213 0.213108 0.053694 0.0801381
0 0.109638 0.379217 0.0173576 0.0960069
7 0.201432 0.528797 0.136498 0.258613
2 0.990101 0.31001 0.0190489 0.0300733
2 0.541088 0.279765 0.0309036 0.0583969
0 0.084981 0.471335 0.0324354 0.0891393
0 0.0605302 0.434363 0.0174892 0.100007
0 0.38907 0.419283 0.0169925 0.0727062
2 0.139598 0.263659 0.0550923 0.0340791
5 0.647581 0.309876 0.0483521 0.124173
5 0.619761 0.281827 0.104343 0.184363
2 0.498799 0.273478 0.0263279 0.0284319
2 0.453688 0.279256 0.0279162 0.0471491
2 0.218021 0.182876 0.0351237 0.0378468
2 0.493591 0.249212 0.0289511 0.0319416
2 0.332725 0.276074 0.0216259 0.0438331
2 0.0773445 0.282367 0.0528747 0.0389724
2 0.342267 0.989909 0.0780931 0.0191979
2 0.0782317 0.797047 0.156152 0.25955
5 0.912736 0.462689 0.173267 0.259536
2 0.371073 0.731982 0.0980589 0.217853
2 0.932726 0.628741 0.133485 0.152954
2 0.731245 0.922833 0.138569 0.149525
2 0.517639 0.710278 0.0934618 0.206956
2 0.0383759 0.634858 0.0762476 0.204926
2 0.111088 0.525066 0.0945397 0.12505
2 0.596862 0.47998 0.0583063 0.099992
2 0.429411 0.429084 0.0457779 0.0856393
5 0.285373 0.252677 0.0779668 0.104724
5 0.708594 0.275507 0.131652 0.159301
7 0.658926 0.653976 0.100566 0.225078
5 0.747791 0.17552 0.0734574 0.0574718
2 0.50974 0.41875 0.0510059 0.0935323
7 0.200724 0.532118 0.135569 0.259375
2 0.266134 0.434149 0.0699612 0.132593
5 0.6212 0.282217 0.102891 0.177878
5 0.321085 0.212719 0.0534121 0.0857878
2 0.557125 0.328468 0.0373241 0.0589463
2 0.196395 0.426514 0.066131 0.0755893
2 0.29932 0.385504 0.0520091 0.0841346
2 0.13892 0.263548 0.0560286 0.0359245
0 0.131654 0.373352 0.0165341 0.0709176
2 0.442973 0.328228 0.0347109 0.0933016
2 0.0782317 0.797047 0.156152 0.25955
5 0.912736 0.462689 0.173267 0.259536
2 0.371073 0.731982 0.0980589 0.217853
2 0.932726 0.628741 0.133485 0.152954
2 0.731245 0.922833 0.138569 0.149525
2 0.517639 0.710278 0.0934618 0.206956
2 0.0383759 0.634858 0.0762476 0.204926
2 0.111088 0.525066 0.0945397 0.12505
2 0.596862 0.47998 0.0583063 0.099992
2 0.429411 0.429084 0.0457779 0.0856393
5 0.285373 0.252677 0.0779668 0.104724
5 0.708594 0.275507 0.131652 0.159301
7 0.658926 0.653976 0.100566 0.225078
5 0.747791 0.17552 0.0734574 0.0574718
2 0.50974 0.41875 0.0510059 0.0935323
7 0.200724 0.532118 0.135569 0.259375
2 0.266134 0.434149 0.0699612 0.132593
5 0.6212 0.282217 0.102891 0.177878
5 0.321085 0.212719 0.0534121 0.0857878
2 0.557125 0.328468 0.0373241 0.0589463
2 0.196395 0.426514 0.066131 0.0755893
2 0.29932 0.385504 0.0520091 0.0841346
2 0.13892 0.263548 0.0560286 0.0359245
0 0.131654 0.373352 0.0165341 0.0709176
2 0.442973 0.328228 0.0347109 0.0933016
