2 0.364389 0.78258 0.106254 0.240567
2 0.522195 0.768789 0.0995593 0.236458
5 0.914074 0.468315 0.170922 0.257611
2 0.933149 0.633581 0.133072 0.15648
2 0.606098 0.523468 0.0649031 0.113762
2 0.0603197 0.866433 0.119903 0.256469
2 0.676405 0.713507 0.113548 0.257302
5 0.285257 0.258908 0.0774477 0.106329
2 0.512205 0.4466 0.0542765 0.103939
5 0.726604 0.295347 0.151307 0.175952
2 0.109131 0.529831 0.093587 0.124213
2 0.560597 0.342932 0.0382992 0.0595055
2 0.42667 0.453494 0.0465612 0.0912742
2 0.0369607 0.645349 0.0735732 0.207323
2 0.743215 0.978589 0.110704 0.0408885
2 0.2656 0.438728 0.0746264 0.12914
2 0.332472 0.338177 0.0457174 0.0626757
5 0.716435 0.169822 0.0613529 0.0508384
2 0.885431 0.265771 0.044191 0.0375192
2 0.195109 0.431368 0.0713518 0.0753872
2 0.248926 0.37319 0.0540694 0.0655726
2 0.840581 0.229524 0.0418194 0.0409004
2 0.503879 0.344302 0.0419666 0.0817303
0 0.354663 0.534831 0.0274628 0.0895073
2 0.299579 0.391275 0.0493722 0.0866342
2 0.308838 0.30064 0.0359534 0.0560661
7 0.187208 0.559278 0.14501 0.273455
2 0.281845 0.338627 0.044226 0.057209
5 0.322952 0.220015 0.05528 0.0847658
2 0.541352 0.282186 0.0313185 0.066803
5 0.357515 0.277763 0.0416414 0.0914378
0 0.188352 0.320383 0.0143083 0.0535055
2 0.503466 0.356286 0.041731 0.0585868
2 0.443108 0.335658 0.0362633 0.10268
0 0.11045 0.385102 0.018457 0.0998796
2 0.443015 0.351469 0.0352257 0.0737967
2 0.499381 0.283221 0.0287607 0.0335303
2 0.0779866 0.283396 0.0510312 0.0365869
0 0.143747 0.370098 0.0131449 0.0637622
3 0.353741 0.567726 0.0202393 0.075971
2 0.493877 0.251703 0.0255784 0.0369384
2 0.529145 0.239915 0.0223761 0.0351262
2 0.453741 0.285978 0.0321833 0.0452175
0 0.401287 0.374352 0.0167324 0.0618031
0 0.0725441 0.439887 0.0143551 0.0899304
3 0.3885 0.430094 0.0200783 0.070686
2 0.498135 0.276087 0.028898 0.0464284
2 0.448831 0.29336 0.0260384 0.0323603
0 0.062469 0.445324 0.0134517 0.0871028
2 0.140864 0.269156 0.0525461 0.0363695
2 0.45704 0.245802 0.0252243 0.0314172
2 0.224785 0.183786 0.0230664 0.0272397
0 0.0476145 0.423952 0.0149066 0.0694924
5 0.0338219 0.36257 0.0675852 0.125603
2 0.392062 0.240866 0.0281824 0.0396508
2 0.403624 0.179341 0.0193184 0.0277294
2 0.364389 0.78258 0.106254 0.240567
2 0.522195 0.768789 0.0995593 0.236458
5 0.914074 0.468315 0.170922 0.257611
2 0.933149 0.633581 0.133072 0.15648
2 0.606098 0.523468 0.0649031 0.113762
2 0.0603197 0.866433 0.119903 0.256469
2 0.676405 0.713507 0.113548 0.257302
5 0.285257 0.258908 0.0774477 0.106329
2 0.512205 0.4466 0.0542765 0.103939
5 0.726604 0.295347 0.151307 0.175952
2 0.109131 0.529831 0.093587 0.124213
2 0.560597 0.342932 0.0382992 0.0595055
2 0.42667 0.453494 0.0465612 0.0912742
2 0.0369607 0.645349 0.0735732 0.207323
2 0.743215 0.978589 0.110704 0.0408885
2 0.2656 0.438728 0.0746264 0.12914
2 0.332472 0.338177 0.0457174 0.0626757
5 0.716435 0.169822 0.0613529 0.0508384
2 0.885431 0.265771 0.044191 0.0375192
2 0.195109 0.431368 0.0713518 0.0753872
2 0.248926 0.37319 0.0540694 0.0655726
2 0.840581 0.229524 0.0418194 0.0409004
2 0.503879 0.344302 0.0419666 0.0817303
0 0.354663 0.534831 0.0274628 0.0895073
2 0.299579 0.391275 0.0493722 0.0866342
2 0.308838 0.30064 0.0359534 0.0560661
7 0.187208 0.559278 0.14501 0.273455
2 0.281845 0.338627 0.044226 0.057209
5 0.322952 0.220015 0.05528 0.0847658
2 0.541352 0.282186 0.0313185 0.066803
5 0.357515 0.277763 0.0416414 0.0914378
0 0.188352 0.320383 0.0143083 0.0535055
2 0.503466 0.356286 0.041731 0.0585868
2 0.443108 0.335658 0.0362633 0.10268
0 0.11045 0.385102 0.018457 0.0998796
2 0.443015 0.351469 0.0352257 0.0737967
2 0.499381 0.283221 0.0287607 0.0335303
2 0.0779866 0.283396 0.0510312 0.0365869
0 0.143747 0.370098 0.0131449 0.0637622
3 0.353741 0.567726 0.0202393 0.075971
2 0.493877 0.251703 0.0255784 0.0369384
2 0.529145 0.239915 0.0223761 0.0351262
2 0.453741 0.285978 0.0321833 0.0452175
0 0.401287 0.374352 0.0167324 0.0618031
0 0.0725441 0.439887 0.0143551 0.0899304
3 0.3885 0.430094 0.0200783 0.070686
2 0.498135 0.276087 0.028898 0.0464284
2 0.448831 0.29336 0.0260384 0.0323603
0 0.062469 0.445324 0.0134517 0.0871028
2 0.140864 0.269156 0.0525461 0.0363695
2 0.45704 0.245802 0.0252243 0.0314172
2 0.224785 0.183786 0.0230664 0.0272397
0 0.0476145 0.423952 0.0149066 0.0694924
5 0.0338219 0.36257 0.0675852 0.125603
2 0.392062 0.240866 0.0281824 0.0396508
2 0.403624 0.179341 0.0193184 0.0277294
2 0.364389 0.78258 0.106254 0.240567
2 0.522195 0.768789 0.0995593 0.236458
5 0.914074 0.468315 0.170922 0.257611
2 0.933149 0.633581 0.133072 0.15648
2 0.606098 0.523468 0.0649031 0.113762
2 0.0603197 0.866433 0.119903 0.256469
2 0.676405 0.713507 0.113548 0.257302
5 0.285257 0.258908 0.0774477 0.106329
2 0.512205 0.4466 0.0542765 0.103939
5 0.726604 0.295347 0.151307 0.175952
2 0.109131 0.529831 0.093587 0.124213
2 0.560597 0.342932 0.0382992 0.0595055
2 0.42667 0.453494 0.0465612 0.0912742
2 0.0369607 0.645349 0.0735732 0.207323
2 0.743215 0.978589 0.110704 0.0408885
2 0.2656 0.438728 0.0746264 0.12914
2 0.332472 0.338177 0.0457174 0.0626757
5 0.716435 0.169822 0.0613529 0.0508384
2 0.885431 0.265771 0.044191 0.0375192
2 0.195109 0.431368 0.0713518 0.0753872
2 0.248926 0.37319 0.0540694 0.0655726
2 0.840581 0.229524 0.0418194 0.0409004
2 0.503879 0.344302 0.0419666 0.0817303
0 0.354663 0.534831 0.0274628 0.0895073
2 0.299579 0.391275 0.0493722 0.0866342
2 0.308838 0.30064 0.0359534 0.0560661
7 0.187208 0.559278 0.14501 0.273455
2 0.281845 0.338627 0.044226 0.057209
5 0.322952 0.220015 0.05528 0.0847658
2 0.541352 0.282186 0.0313185 0.066803
5 0.357515 0.277763 0.0416414 0.0914378
0 0.188352 0.320383 0.0143083 0.0535055
2 0.503466 0.356286 0.041731 0.0585868
2 0.443108 0.335658 0.0362633 0.10268
0 0.11045 0.385102 0.018457 0.0998796
2 0.443015 0.351469 0.0352257 0.0737967
2 0.499381 0.283221 0.0287607 0.0335303
2 0.0779866 0.283396 0.0510312 0.0365869
0 0.143747 0.370098 0.0131449 0.0637622
3 0.353741 0.567726 0.0202393 0.075971
2 0.493877 0.251703 0.0255784 0.0369384
2 0.529145 0.239915 0.0223761 0.0351262
2 0.453741 0.285978 0.0321833 0.0452175
0 0.401287 0.374352 0.0167324 0.0618031
0 0.0725441 0.439887 0.0143551 0.0899304
3 0.3885 0.430094 0.0200783 0.070686
2 0.498135 0.276087 0.028898 0.0464284
2 0.448831 0.29336 0.0260384 0.0323603
0 0.062469 0.445324 0.0134517 0.0871028
2 0.140864 0.269156 0.0525461 0.0363695
2 0.45704 0.245802 0.0252243 0.0314172
2 0.224785 0.183786 0.0230664 0.0272397
0 0.0476145 0.423952 0.0149066 0.0694924
5 0.0338219 0.36257 0.0675852 0.125603
2 0.392062 0.240866 0.0281824 0.0396508
2 0.403624 0.179341 0.0193184 0.0277294
2 0.364389 0.78258 0.106254 0.240567
2 0.522195 0.768789 0.0995593 0.236458
5 0.914074 0.468315 0.170922 0.257611
2 0.933149 0.633581 0.133072 0.15648
2 0.606098 0.523468 0.0649031 0.113762
2 0.0603197 0.866433 0.119903 0.256469
2 0.676405 0.713507 0.113548 0.257302
5 0.285257 0.258908 0.0774477 0.106329
2 0.512205 0.4466 0.0542765 0.103939
5 0.726604 0.295347 0.151307 0.175952
2 0.109131 0.529831 0.093587 0.124213
2 0.560597 0.342932 0.0382992 0.0595055
2 0.42667 0.453494 0.0465612 0.0912742
2 0.0369607 0.645349 0.0735732 0.207323
2 0.743215 0.978589 0.110704 0.0408885
2 0.2656 0.438728 0.0746264 0.12914
2 0.332472 0.338177 0.0457174 0.0626757
5 0.716435 0.169822 0.0613529 0.0508384
2 0.885431 0.265771 0.044191 0.0375192
2 0.195109 0.431368 0.0713518 0.0753872
2 0.248926 0.37319 0.0540694 0.0655726
2 0.840581 0.229524 0.0418194 0.0409004
2 0.503879 0.344302 0.0419666 0.0817303
0 0.354663 0.534831 0.0274628 0.0895073
2 0.299579 0.391275 0.0493722 0.0866342
2 0.308838 0.30064 0.0359534 0.0560661
7 0.187208 0.559278 0.14501 0.273455
2 0.281845 0.338627 0.044226 0.057209
5 0.322952 0.220015 0.05528 0.0847658
2 0.541352 0.282186 0.0313185 0.066803
5 0.357515 0.277763 0.0416414 0.0914378
0 0.188352 0.320383 0.0143083 0.0535055
2 0.503466 0.356286 0.041731 0.0585868
2 0.443108 0.335658 0.0362633 0.10268
0 0.11045 0.385102 0.018457 0.0998796
2 0.443015 0.351469 0.0352257 0.0737967
2 0.499381 0.283221 0.0287607 0.0335303
2 0.0779866 0.283396 0.0510312 0.0365869
0 0.143747 0.370098 0.0131449 0.0637622
3 0.353741 0.567726 0.0202393 0.075971
2 0.493877 0.251703 0.0255784 0.0369384
2 0.529145 0.239915 0.0223761 0.0351262
2 0.453741 0.285978 0.0321833 0.0452175
0 0.401287 0.374352 0.0167324 0.0618031
0 0.0725441 0.439887 0.0143551 0.0899304
3 0.3885 0.430094 0.0200783 0.070686
2 0.498135 0.276087 0.028898 0.0464284
2 0.448831 0.29336 0.0260384 0.0323603
0 0.062469 0.445324 0.0134517 0.0871028
2 0.140864 0.269156 0.0525461 0.0363695
2 0.45704 0.245802 0.0252243 0.0314172
2 0.224785 0.183786 0.0230664 0.0272397
0 0.0476145 0.423952 0.0149066 0.0694924
5 0.0338219 0.36257 0.0675852 0.125603
2 0.392062 0.240866 0.0281824 0.0396508
2 0.403624 0.179341 0.0193184 0.0277294
