2 0.50296 0.674806 0.235931 0.122352
2 0.249666 0.504202 0.159078 0.0824947
2 0.665085 0.428026 0.116311 0.0557232
2 0.802944 0.547603 0.212126 0.133663
2 0.383004 0.366745 0.0958406 0.0555944
2 0.0551252 0.393531 0.11025 0.052876
2 0.595813 0.317146 0.0620769 0.0288786
2 0.512977 0.433495 0.176381 0.124
2 0.356066 0.29343 0.0451082 0.0241359
2 0.609446 0.294665 0.0496311 0.0282381
2 0.0775496 0.363901 0.0986398 0.0425715
5 0.269968 0.290373 0.0788194 0.0479466
2 0.675656 0.330858 0.0766057 0.0394358
2 0.493856 0.324336 0.072379 0.0439837
2 0.529227 0.295568 0.0496163 0.0197597
7 0.513215 0.433537 0.177128 0.124195
2 0.68795 0.293712 0.0489795 0.0194331
2 0.481771 0.281158 0.0480074 0.0304159
7 0.27049 0.290786 0.0787484 0.0472746
3 0.49496 0.351639 0.0350719 0.0379039
2 0.928138 0.985641 0.140723 0.0281361
7 0.541118 0.274942 0.0404325 0.0305065
7 0.670494 0.274802 0.0437829 0.0294787
2 0.50296 0.674806 0.235931 0.122352
2 0.249666 0.504202 0.159078 0.0824947
2 0.665085 0.428026 0.116311 0.0557232
2 0.802944 0.547603 0.212126 0.133663
2 0.383004 0.366745 0.0958406 0.0555944
2 0.0551252 0.393531 0.11025 0.052876
2 0.595813 0.317146 0.0620769 0.0288786
2 0.512977 0.433495 0.176381 0.124
2 0.356066 0.29343 0.0451082 0.0241359
2 0.609446 0.294665 0.0496311 0.0282381
2 0.0775496 0.363901 0.0986398 0.0425715
5 0.269968 0.290373 0.0788194 0.0479466
2 0.675656 0.330858 0.0766057 0.0394358
2 0.493856 0.324336 0.072379 0.0439837
2 0.529227 0.295568 0.0496163 0.0197597
7 0.513215 0.433537 0.177128 0.124195
2 0.68795 0.293712 0.0489795 0.0194331
2 0.481771 0.281158 0.0480074 0.0304159
7 0.27049 0.290786 0.0787484 0.0472746
3 0.49496 0.351639 0.0350719 0.0379039
2 0.928138 0.985641 0.140723 0.0281361
7 0.541118 0.274942 0.0404325 0.0305065
7 0.670494 0.274802 0.0437829 0.0294787
