2 0.472921 0.579832 0.183508 0.0906237
2 0.750437 0.570886 0.186417 0.114244
7 0.169289 0.566958 0.229983 0.171533
5 0.907426 0.856665 0.181529 0.285385
2 0.696192 0.468421 0.135205 0.0617152
2 0.461821 0.508811 0.154397 0.0785783
2 0.482761 0.412566 0.0973558 0.0519176
2 0.655731 0.385191 0.0876118 0.0435804
2 0.412958 0.367223 0.0727044 0.0340059
2 0.348508 0.390918 0.0997159 0.0585021
2 0.658257 0.355334 0.0730204 0.0329087
2 0.11327 0.395131 0.100281 0.0433644
2 0.152161 0.340721 0.0668301 0.0286421
2 0.278396 0.463295 0.141558 0.0791096
5 0.445843 0.333036 0.0988241 0.0679494
2 0.529309 0.329964 0.0583449 0.0263458
2 0.0325688 0.441922 0.0651377 0.0531168
2 0.274749 0.324101 0.0534376 0.0235442
7 0.445761 0.33259 0.0986376 0.0676193
2 0.0189125 0.388085 0.0378088 0.03952
2 0.326982 0.310462 0.0415842 0.0194468
2 0.559761 0.303454 0.0452247 0.0246433
2 0.61273 0.296714 0.0460262 0.0122824
2 0.448794 0.347766 0.0891546 0.038534
2 0.472921 0.579832 0.183508 0.0906237
2 0.750437 0.570886 0.186417 0.114244
7 0.169289 0.566958 0.229983 0.171533
5 0.907426 0.856665 0.181529 0.285385
2 0.696192 0.468421 0.135205 0.0617152
2 0.461821 0.508811 0.154397 0.0785783
2 0.482761 0.412566 0.0973558 0.0519176
2 0.655731 0.385191 0.0876118 0.0435804
2 0.412958 0.367223 0.0727044 0.0340059
2 0.348508 0.390918 0.0997159 0.0585021
2 0.658257 0.355334 0.0730204 0.0329087
2 0.11327 0.395131 0.100281 0.0433644
2 0.152161 0.340721 0.0668301 0.0286421
2 0.278396 0.463295 0.141558 0.0791096
5 0.445843 0.333036 0.0988241 0.0679494
2 0.529309 0.329964 0.0583449 0.0263458
2 0.0325688 0.441922 0.0651377 0.0531168
2 0.274749 0.324101 0.0534376 0.0235442
7 0.445761 0.33259 0.0986376 0.0676193
2 0.0189125 0.388085 0.0378088 0.03952
2 0.326982 0.310462 0.0415842 0.0194468
2 0.559761 0.303454 0.0452247 0.0246433
2 0.61273 0.296714 0.0460262 0.0122824
2 0.448794 0.347766 0.0891546 0.038534
2 0.472921 0.579832 0.183508 0.0906237
2 0.750437 0.570886 0.186417 0.114244
7 0.169289 0.566958 0.229983 0.171533
5 0.907426 0.856665 0.181529 0.285385
2 0.696192 0.468421 0.135205 0.0617152
2 0.461821 0.508811 0.154397 0.0785783
2 0.482761 0.412566 0.0973558 0.0519176
2 0.655731 0.385191 0.0876118 0.0435804
2 0.412958 0.367223 0.0727044 0.0340059
2 0.348508 0.390918 0.0997159 0.0585021
2 0.658257 0.355334 0.0730204 0.0329087
2 0.11327 0.395131 0.100281 0.0433644
2 0.152161 0.340721 0.0668301 0.0286421
2 0.278396 0.463295 0.141558 0.0791096
5 0.445843 0.333036 0.0988241 0.0679494
2 0.529309 0.329964 0.0583449 0.0263458
2 0.0325688 0.441922 0.0651377 0.0531168
2 0.274749 0.324101 0.0534376 0.0235442
7 0.445761 0.33259 0.0986376 0.0676193
2 0.0189125 0.388085 0.0378088 0.03952
2 0.326982 0.310462 0.0415842 0.0194468
2 0.559761 0.303454 0.0452247 0.0246433
2 0.61273 0.296714 0.0460262 0.0122824
2 0.448794 0.347766 0.0891546 0.038534
2 0.472921 0.579832 0.183508 0.0906237
2 0.750437 0.570886 0.186417 0.114244
7 0.169289 0.566958 0.229983 0.171533
5 0.907426 0.856665 0.181529 0.285385
2 0.696192 0.468421 0.135205 0.0617152
2 0.461821 0.508811 0.154397 0.0785783
2 0.482761 0.412566 0.0973558 0.0519176
2 0.655731 0.385191 0.0876118 0.0435804
2 0.412958 0.367223 0.0727044 0.0340059
2 0.348508 0.390918 0.0997159 0.0585021
2 0.658257 0.355334 0.0730204 0.0329087
2 0.11327 0.395131 0.100281 0.0433644
2 0.152161 0.340721 0.0668301 0.0286421
2 0.278396 0.463295 0.141558 0.0791096
5 0.445843 0.333036 0.0988241 0.0679494
2 0.529309 0.329964 0.0583449 0.0263458
2 0.0325688 0.441922 0.0651377 0.0531168
2 0.274749 0.324101 0.0534376 0.0235442
7 0.445761 0.33259 0.0986376 0.0676193
2 0.0189125 0.388085 0.0378088 0.03952
2 0.326982 0.310462 0.0415842 0.0194468
2 0.559761 0.303454 0.0452247 0.0246433
2 0.61273 0.296714 0.0460262 0.0122824
2 0.448794 0.347766 0.0891546 0.038534
2 0.472921 0.579832 0.183508 0.0906237
2 0.750437 0.570886 0.186417 0.114244
7 0.169289 0.566958 0.229983 0.171533
5 0.907426 0.856665 0.181529 0.285385
2 0.696192 0.468421 0.135205 0.0617152
2 0.461821 0.508811 0.154397 0.0785783
2 0.482761 0.412566 0.0973558 0.0519176
2 0.655731 0.385191 0.0876118 0.0435804
2 0.412958 0.367223 0.0727044 0.0340059
2 0.348508 0.390918 0.0997159 0.0585021
2 0.658257 0.355334 0.0730204 0.0329087
2 0.11327 0.395131 0.100281 0.0433644
2 0.152161 0.340721 0.0668301 0.0286421
2 0.278396 0.463295 0.141558 0.0791096
5 0.445843 0.333036 0.0988241 0.0679494
2 0.529309 0.329964 0.0583449 0.0263458
2 0.0325688 0.441922 0.0651377 0.0531168
2 0.274749 0.324101 0.0534376 0.0235442
7 0.445761 0.33259 0.0986376 0.0676193
2 0.0189125 0.388085 0.0378088 0.03952
2 0.326982 0.310462 0.0415842 0.0194468
2 0.559761 0.303454 0.0452247 0.0246433
2 0.61273 0.296714 0.0460262 0.0122824
2 0.448794 0.347766 0.0891546 0.038534
