2 0.857178 0.804432 0.285644 0.167315
2 0.505282 0.56956 0.191518 0.0940842
2 0.751569 0.475872 0.175634 0.104935
2 0.275631 0.461275 0.136781 0.0716555
2 0.396692 0.352321 0.0882339 0.048966
2 0.513173 0.400151 0.142572 0.10754
2 0.638842 0.394343 0.0977981 0.0471111
2 0.599802 0.308514 0.0593673 0.0290337
2 0.355331 0.288216 0.0435733 0.0242865
2 0.096403 0.3747 0.101892 0.0486572
2 0.673941 0.318808 0.0716627 0.0388146
2 0.112664 0.348418 0.0905397 0.0380487
2 0.679082 0.285915 0.048819 0.0210951
7 0.478369 0.277329 0.0448915 0.0305314
2 0.498365 0.315924 0.0723334 0.0309311
5 0.27352 0.28666 0.0763089 0.042829
7 0.273884 0.286832 0.0746708 0.0423676
2 0.602806 0.289065 0.052595 0.0233562
2 0.500937 0.311172 0.0672745 0.0332048
2 0.530469 0.287878 0.0487957 0.0243943
2 0.662998 0.267582 0.0390428 0.023711
2 0.502139 0.306428 0.0631447 0.0263471
2 0.385327 0.282148 0.0277942 0.0152859
2 0.27311 0.286506 0.0753838 0.0430513
2 0.489367 0.333995 0.0305428 0.0259209
2 0.506837 0.302453 0.0568171 0.0211281
2 0.567111 0.279152 0.0330426 0.0164314
2 0.857178 0.804432 0.285644 0.167315
2 0.505282 0.56956 0.191518 0.0940842
2 0.751569 0.475872 0.175634 0.104935
2 0.275631 0.461275 0.136781 0.0716555
2 0.396692 0.352321 0.0882339 0.048966
2 0.513173 0.400151 0.142572 0.10754
2 0.638842 0.394343 0.0977981 0.0471111
2 0.599802 0.308514 0.0593673 0.0290337
2 0.355331 0.288216 0.0435733 0.0242865
2 0.096403 0.3747 0.101892 0.0486572
2 0.673941 0.318808 0.0716627 0.0388146
2 0.112664 0.348418 0.0905397 0.0380487
2 0.679082 0.285915 0.048819 0.0210951
7 0.478369 0.277329 0.0448915 0.0305314
2 0.498365 0.315924 0.0723334 0.0309311
5 0.27352 0.28666 0.0763089 0.042829
7 0.273884 0.286832 0.0746708 0.0423676
2 0.602806 0.289065 0.052595 0.0233562
2 0.500937 0.311172 0.0672745 0.0332048
2 0.530469 0.287878 0.0487957 0.0243943
2 0.662998 0.267582 0.0390428 0.023711
2 0.502139 0.306428 0.0631447 0.0263471
2 0.385327 0.282148 0.0277942 0.0152859
2 0.27311 0.286506 0.0753838 0.0430513
2 0.489367 0.333995 0.0305428 0.0259209
2 0.506837 0.302453 0.0568171 0.0211281
2 0.567111 0.279152 0.0330426 0.0164314
2 0.857178 0.804432 0.285644 0.167315
2 0.505282 0.56956 0.191518 0.0940842
2 0.751569 0.475872 0.175634 0.104935
2 0.275631 0.461275 0.136781 0.0716555
2 0.396692 0.352321 0.0882339 0.048966
2 0.513173 0.400151 0.142572 0.10754
2 0.638842 0.394343 0.0977981 0.0471111
2 0.599802 0.308514 0.0593673 0.0290337
2 0.355331 0.288216 0.0435733 0.0242865
2 0.096403 0.3747 0.101892 0.0486572
2 0.673941 0.318808 0.0716627 0.0388146
2 0.112664 0.348418 0.0905397 0.0380487
2 0.679082 0.285915 0.048819 0.0210951
7 0.478369 0.277329 0.0448915 0.0305314
2 0.498365 0.315924 0.0723334 0.0309311
5 0.27352 0.28666 0.0763089 0.042829
7 0.273884 0.286832 0.0746708 0.0423676
2 0.602806 0.289065 0.052595 0.0233562
2 0.500937 0.311172 0.0672745 0.0332048
2 0.530469 0.287878 0.0487957 0.0243943
2 0.662998 0.267582 0.0390428 0.023711
2 0.502139 0.306428 0.0631447 0.0263471
2 0.385327 0.282148 0.0277942 0.0152859
2 0.27311 0.286506 0.0753838 0.0430513
2 0.489367 0.333995 0.0305428 0.0259209
2 0.506837 0.302453 0.0568171 0.0211281
2 0.567111 0.279152 0.0330426 0.0164314
2 0.857178 0.804432 0.285644 0.167315
2 0.505282 0.56956 0.191518 0.0940842
2 0.751569 0.475872 0.175634 0.104935
2 0.275631 0.461275 0.136781 0.0716555
2 0.396692 0.352321 0.0882339 0.048966
2 0.513173 0.400151 0.142572 0.10754
2 0.638842 0.394343 0.0977981 0.0471111
2 0.599802 0.308514 0.0593673 0.0290337
2 0.355331 0.288216 0.0435733 0.0242865
2 0.096403 0.3747 0.101892 0.0486572
2 0.673941 0.318808 0.0716627 0.0388146
2 0.112664 0.348418 0.0905397 0.0380487
2 0.679082 0.285915 0.048819 0.0210951
7 0.478369 0.277329 0.0448915 0.0305314
2 0.498365 0.315924 0.0723334 0.0309311
5 0.27352 0.28666 0.0763089 0.042829
7 0.273884 0.286832 0.0746708 0.0423676
2 0.602806 0.289065 0.052595 0.0233562
2 0.500937 0.311172 0.0672745 0.0332048
2 0.530469 0.287878 0.0487957 0.0243943
2 0.662998 0.267582 0.0390428 0.023711
2 0.502139 0.306428 0.0631447 0.0263471
2 0.385327 0.282148 0.0277942 0.0152859
2 0.27311 0.286506 0.0753838 0.0430513
2 0.489367 0.333995 0.0305428 0.0259209
2 0.506837 0.302453 0.0568171 0.0211281
2 0.567111 0.279152 0.0330426 0.0164314
2 0.857178 0.804432 0.285644 0.167315
2 0.505282 0.56956 0.191518 0.0940842
2 0.751569 0.475872 0.175634 0.104935
2 0.275631 0.461275 0.136781 0.0716555
2 0.396692 0.352321 0.0882339 0.048966
2 0.513173 0.400151 0.142572 0.10754
2 0.638842 0.394343 0.0977981 0.0471111
2 0.599802 0.308514 0.0593673 0.0290337
2 0.355331 0.288216 0.0435733 0.0242865
2 0.096403 0.3747 0.101892 0.0486572
2 0.673941 0.318808 0.0716627 0.0388146
2 0.112664 0.348418 0.0905397 0.0380487
2 0.679082 0.285915 0.048819 0.0210951
7 0.478369 0.277329 0.0448915 0.0305314
2 0.498365 0.315924 0.0723334 0.0309311
5 0.27352 0.28666 0.0763089 0.042829
7 0.273884 0.286832 0.0746708 0.0423676
2 0.602806 0.289065 0.052595 0.0233562
2 0.500937 0.311172 0.0672745 0.0332048
2 0.530469 0.287878 0.0487957 0.0243943
2 0.662998 0.267582 0.0390428 0.023711
2 0.502139 0.306428 0.0631447 0.0263471
2 0.385327 0.282148 0.0277942 0.0152859
2 0.27311 0.286506 0.0753838 0.0430513
2 0.489367 0.333995 0.0305428 0.0259209
2 0.506837 0.302453 0.0568171 0.0211281
2 0.567111 0.279152 0.0330426 0.0164314
2 0.857178 0.804432 0.285644 0.167315
2 0.505282 0.56956 0.191518 0.0940842
2 0.751569 0.475872 0.175634 0.104935
2 0.275631 0.461275 0.136781 0.0716555
2 0.396692 0.352321 0.0882339 0.048966
2 0.513173 0.400151 0.142572 0.10754
2 0.638842 0.394343 0.0977981 0.0471111
2 0.599802 0.308514 0.0593673 0.0290337
2 0.355331 0.288216 0.0435733 0.0242865
2 0.096403 0.3747 0.101892 0.0486572
2 0.673941 0.318808 0.0716627 0.0388146
2 0.112664 0.348418 0.0905397 0.0380487
2 0.679082 0.285915 0.048819 0.0210951
7 0.478369 0.277329 0.0448915 0.0305314
2 0.498365 0.315924 0.0723334 0.0309311
5 0.27352 0.28666 0.0763089 0.042829
7 0.273884 0.286832 0.0746708 0.0423676
2 0.602806 0.289065 0.052595 0.0233562
2 0.500937 0.311172 0.0672745 0.0332048
2 0.530469 0.287878 0.0487957 0.0243943
2 0.662998 0.267582 0.0390428 0.023711
2 0.502139 0.306428 0.0631447 0.0263471
2 0.385327 0.282148 0.0277942 0.0152859
2 0.27311 0.286506 0.0753838 0.0430513
2 0.489367 0.333995 0.0305428 0.0259209
2 0.506837 0.302453 0.0568171 0.0211281
2 0.567111 0.279152 0.0330426 0.0164314
2 0.857178 0.804432 0.285644 0.167315
2 0.505282 0.56956 0.191518 0.0940842
2 0.751569 0.475872 0.175634 0.104935
2 0.275631 0.461275 0.136781 0.0716555
2 0.396692 0.352321 0.0882339 0.048966
2 0.513173 0.400151 0.142572 0.10754
2 0.638842 0.394343 0.0977981 0.0471111
2 0.599802 0.308514 0.0593673 0.0290337
2 0.355331 0.288216 0.0435733 0.0242865
2 0.096403 0.3747 0.101892 0.0486572
2 0.673941 0.318808 0.0716627 0.0388146
2 0.112664 0.348418 0.0905397 0.0380487
2 0.679082 0.285915 0.048819 0.0210951
7 0.478369 0.277329 0.0448915 0.0305314
2 0.498365 0.315924 0.0723334 0.0309311
5 0.27352 0.28666 0.0763089 0.042829
7 0.273884 0.286832 0.0746708 0.0423676
2 0.602806 0.289065 0.052595 0.0233562
2 0.500937 0.311172 0.0672745 0.0332048
2 0.530469 0.287878 0.0487957 0.0243943
2 0.662998 0.267582 0.0390428 0.023711
2 0.502139 0.306428 0.0631447 0.0263471
2 0.385327 0.282148 0.0277942 0.0152859
2 0.27311 0.286506 0.0753838 0.0430513
2 0.489367 0.333995 0.0305428 0.0259209
2 0.506837 0.302453 0.0568171 0.0211281
2 0.567111 0.279152 0.0330426 0.0164314
2 0.857178 0.804432 0.285644 0.167315
2 0.505282 0.56956 0.191518 0.0940842
2 0.751569 0.475872 0.175634 0.104935
2 0.275631 0.461275 0.136781 0.0716555
2 0.396692 0.352321 0.0882339 0.048966
2 0.513173 0.400151 0.142572 0.10754
2 0.638842 0.394343 0.0977981 0.0471111
2 0.599802 0.308514 0.0593673 0.0290337
2 0.355331 0.288216 0.0435733 0.0242865
2 0.096403 0.3747 0.101892 0.0486572
2 0.673941 0.318808 0.0716627 0.0388146
2 0.112664 0.348418 0.0905397 0.0380487
2 0.679082 0.285915 0.048819 0.0210951
7 0.478369 0.277329 0.0448915 0.0305314
2 0.498365 0.315924 0.0723334 0.0309311
5 0.27352 0.28666 0.0763089 0.042829
7 0.273884 0.286832 0.0746708 0.0423676
2 0.602806 0.289065 0.052595 0.0233562
2 0.500937 0.311172 0.0672745 0.0332048
2 0.530469 0.287878 0.0487957 0.0243943
2 0.662998 0.267582 0.0390428 0.023711
2 0.502139 0.306428 0.0631447 0.0263471
2 0.385327 0.282148 0.0277942 0.0152859
2 0.27311 0.286506 0.0753838 0.0430513
2 0.489367 0.333995 0.0305428 0.0259209
2 0.506837 0.302453 0.0568171 0.0211281
2 0.567111 0.279152 0.0330426 0.0164314
2 0.857178 0.804432 0.285644 0.167315
2 0.505282 0.56956 0.191518 0.0940842
2 0.751569 0.475872 0.175634 0.104935
2 0.275631 0.461275 0.136781 0.0716555
2 0.396692 0.352321 0.0882339 0.048966
2 0.513173 0.400151 0.142572 0.10754
2 0.638842 0.394343 0.0977981 0.0471111
2 0.599802 0.308514 0.0593673 0.0290337
2 0.355331 0.288216 0.0435733 0.0242865
2 0.096403 0.3747 0.101892 0.0486572
2 0.673941 0.318808 0.0716627 0.0388146
2 0.112664 0.348418 0.0905397 0.0380487
2 0.679082 0.285915 0.048819 0.0210951
7 0.478369 0.277329 0.0448915 0.0305314
2 0.498365 0.315924 0.0723334 0.0309311
5 0.27352 0.28666 0.0763089 0.042829
7 0.273884 0.286832 0.0746708 0.0423676
2 0.602806 0.289065 0.052595 0.0233562
2 0.500937 0.311172 0.0672745 0.0332048
2 0.530469 0.287878 0.0487957 0.0243943
2 0.662998 0.267582 0.0390428 0.023711
2 0.502139 0.306428 0.0631447 0.0263471
2 0.385327 0.282148 0.0277942 0.0152859
2 0.27311 0.286506 0.0753838 0.0430513
2 0.489367 0.333995 0.0305428 0.0259209
2 0.506837 0.302453 0.0568171 0.0211281
2 0.567111 0.279152 0.0330426 0.0164314
2 0.857178 0.804432 0.285644 0.167315
2 0.505282 0.56956 0.191518 0.0940842
2 0.751569 0.475872 0.175634 0.104935
2 0.275631 0.461275 0.136781 0.0716555
2 0.396692 0.352321 0.0882339 0.048966
2 0.513173 0.400151 0.142572 0.10754
2 0.638842 0.394343 0.0977981 0.0471111
2 0.599802 0.308514 0.0593673 0.0290337
2 0.355331 0.288216 0.0435733 0.0242865
2 0.096403 0.3747 0.101892 0.0486572
2 0.673941 0.318808 0.0716627 0.0388146
2 0.112664 0.348418 0.0905397 0.0380487
2 0.679082 0.285915 0.048819 0.0210951
7 0.478369 0.277329 0.0448915 0.0305314
2 0.498365 0.315924 0.0723334 0.0309311
5 0.27352 0.28666 0.0763089 0.042829
7 0.273884 0.286832 0.0746708 0.0423676
2 0.602806 0.289065 0.052595 0.0233562
2 0.500937 0.311172 0.0672745 0.0332048
2 0.530469 0.287878 0.0487957 0.0243943
2 0.662998 0.267582 0.0390428 0.023711
2 0.502139 0.306428 0.0631447 0.0263471
2 0.385327 0.282148 0.0277942 0.0152859
2 0.27311 0.286506 0.0753838 0.0430513
2 0.489367 0.333995 0.0305428 0.0259209
2 0.506837 0.302453 0.0568171 0.0211281
2 0.567111 0.279152 0.0330426 0.0164314
2 0.857178 0.804432 0.285644 0.167315
2 0.505282 0.56956 0.191518 0.0940842
2 0.751569 0.475872 0.175634 0.104935
2 0.275631 0.461275 0.136781 0.0716555
2 0.396692 0.352321 0.0882339 0.048966
2 0.513173 0.400151 0.142572 0.10754
2 0.638842 0.394343 0.0977981 0.0471111
2 0.599802 0.308514 0.0593673 0.0290337
2 0.355331 0.288216 0.0435733 0.0242865
2 0.096403 0.3747 0.101892 0.0486572
2 0.673941 0.318808 0.0716627 0.0388146
2 0.112664 0.348418 0.0905397 0.0380487
2 0.679082 0.285915 0.048819 0.0210951
7 0.478369 0.277329 0.0448915 0.0305314
2 0.498365 0.315924 0.0723334 0.0309311
5 0.27352 0.28666 0.0763089 0.042829
7 0.273884 0.286832 0.0746708 0.0423676
2 0.602806 0.289065 0.052595 0.0233562
2 0.500937 0.311172 0.0672745 0.0332048
2 0.530469 0.287878 0.0487957 0.0243943
2 0.662998 0.267582 0.0390428 0.023711
2 0.502139 0.306428 0.0631447 0.0263471
2 0.385327 0.282148 0.0277942 0.0152859
2 0.27311 0.286506 0.0753838 0.0430513
2 0.489367 0.333995 0.0305428 0.0259209
2 0.506837 0.302453 0.0568171 0.0211281
2 0.567111 0.279152 0.0330426 0.0164314
2 0.857178 0.804432 0.285644 0.167315
2 0.505282 0.56956 0.191518 0.0940842
2 0.751569 0.475872 0.175634 0.104935
2 0.275631 0.461275 0.136781 0.0716555
2 0.396692 0.352321 0.0882339 0.048966
2 0.513173 0.400151 0.142572 0.10754
2 0.638842 0.394343 0.0977981 0.0471111
2 0.599802 0.308514 0.0593673 0.0290337
2 0.355331 0.288216 0.0435733 0.0242865
2 0.096403 0.3747 0.101892 0.0486572
2 0.673941 0.318808 0.0716627 0.0388146
2 0.112664 0.348418 0.0905397 0.0380487
2 0.679082 0.285915 0.048819 0.0210951
7 0.478369 0.277329 0.0448915 0.0305314
2 0.498365 0.315924 0.0723334 0.0309311
5 0.27352 0.28666 0.0763089 0.042829
7 0.273884 0.286832 0.0746708 0.0423676
2 0.602806 0.289065 0.052595 0.0233562
2 0.500937 0.311172 0.0672745 0.0332048
2 0.530469 0.287878 0.0487957 0.0243943
2 0.662998 0.267582 0.0390428 0.023711
2 0.502139 0.306428 0.0631447 0.0263471
2 0.385327 0.282148 0.0277942 0.0152859
2 0.27311 0.286506 0.0753838 0.0430513
2 0.489367 0.333995 0.0305428 0.0259209
2 0.506837 0.302453 0.0568171 0.0211281
2 0.567111 0.279152 0.0330426 0.0164314
2 0.857178 0.804432 0.285644 0.167315
2 0.505282 0.56956 0.191518 0.0940842
2 0.751569 0.475872 0.175634 0.104935
2 0.275631 0.461275 0.136781 0.0716555
2 0.396692 0.352321 0.0882339 0.048966
2 0.513173 0.400151 0.142572 0.10754
2 0.638842 0.394343 0.0977981 0.0471111
2 0.599802 0.308514 0.0593673 0.0290337
2 0.355331 0.288216 0.0435733 0.0242865
2 0.096403 0.3747 0.101892 0.0486572
2 0.673941 0.318808 0.0716627 0.0388146
2 0.112664 0.348418 0.0905397 0.0380487
2 0.679082 0.285915 0.048819 0.0210951
7 0.478369 0.277329 0.0448915 0.0305314
2 0.498365 0.315924 0.0723334 0.0309311
5 0.27352 0.28666 0.0763089 0.042829
7 0.273884 0.286832 0.0746708 0.0423676
2 0.602806 0.289065 0.052595 0.0233562
2 0.500937 0.311172 0.0672745 0.0332048
2 0.530469 0.287878 0.0487957 0.0243943
2 0.662998 0.267582 0.0390428 0.023711
2 0.502139 0.306428 0.0631447 0.0263471
2 0.385327 0.282148 0.0277942 0.0152859
2 0.27311 0.286506 0.0753838 0.0430513
2 0.489367 0.333995 0.0305428 0.0259209
2 0.506837 0.302453 0.0568171 0.0211281
2 0.567111 0.279152 0.0330426 0.0164314
2 0.856405 0.805764 0.287189 0.170858
2 0.506411 0.569576 0.191981 0.0933035
2 0.274042 0.460684 0.13914 0.0704907
2 0.751886 0.475983 0.173502 0.104788
2 0.639109 0.3938 0.104734 0.0479838
2 0.397817 0.351444 0.0910149 0.0495879
2 0.59913 0.306688 0.0582665 0.0298073
2 0.673831 0.318382 0.0702378 0.0376676
2 0.679774 0.286357 0.0486953 0.0205592
2 0.513561 0.399218 0.143153 0.108291
2 0.49356 0.31764 0.0641039 0.0302895
5 0.273223 0.283417 0.0798815 0.0477138
2 0.0907552 0.374231 0.0873905 0.0482936
2 0.355746 0.288343 0.0433785 0.023671
7 0.51353 0.399934 0.143546 0.107193
2 0.856405 0.805764 0.287189 0.170858
2 0.506411 0.569576 0.191981 0.0933035
2 0.274042 0.460684 0.13914 0.0704907
2 0.751886 0.475983 0.173502 0.104788
2 0.639109 0.3938 0.104734 0.0479838
2 0.397817 0.351444 0.0910149 0.0495879
2 0.59913 0.306688 0.0582665 0.0298073
2 0.673831 0.318382 0.0702378 0.0376676
2 0.679774 0.286357 0.0486953 0.0205592
2 0.513561 0.399218 0.143153 0.108291
2 0.49356 0.31764 0.0641039 0.0302895
5 0.273223 0.283417 0.0798815 0.0477138
2 0.0907552 0.374231 0.0873905 0.0482936
2 0.355746 0.288343 0.0433785 0.023671
7 0.51353 0.399934 0.143546 0.107193
2 0.856405 0.805764 0.287189 0.170858
2 0.506411 0.569576 0.191981 0.0933035
2 0.274042 0.460684 0.13914 0.0704907
2 0.751886 0.475983 0.173502 0.104788
2 0.639109 0.3938 0.104734 0.0479838
2 0.397817 0.351444 0.0910149 0.0495879
2 0.59913 0.306688 0.0582665 0.0298073
2 0.673831 0.318382 0.0702378 0.0376676
2 0.679774 0.286357 0.0486953 0.0205592
2 0.513561 0.399218 0.143153 0.108291
2 0.49356 0.31764 0.0641039 0.0302895
5 0.273223 0.283417 0.0798815 0.0477138
2 0.0907552 0.374231 0.0873905 0.0482936
2 0.355746 0.288343 0.0433785 0.023671
7 0.51353 0.399934 0.143546 0.107193
2 0.856405 0.805764 0.287189 0.170858
2 0.506411 0.569576 0.191981 0.0933035
2 0.274042 0.460684 0.13914 0.0704907
2 0.751886 0.475983 0.173502 0.104788
2 0.639109 0.3938 0.104734 0.0479838
2 0.397817 0.351444 0.0910149 0.0495879
2 0.59913 0.306688 0.0582665 0.0298073
2 0.673831 0.318382 0.0702378 0.0376676
2 0.679774 0.286357 0.0486953 0.0205592
2 0.513561 0.399218 0.143153 0.108291
2 0.49356 0.31764 0.0641039 0.0302895
5 0.273223 0.283417 0.0798815 0.0477138
2 0.0907552 0.374231 0.0873905 0.0482936
2 0.355746 0.288343 0.0433785 0.023671
7 0.51353 0.399934 0.143546 0.107193
2 0.856405 0.805764 0.287189 0.170858
2 0.506411 0.569576 0.191981 0.0933035
2 0.274042 0.460684 0.13914 0.0704907
2 0.751886 0.475983 0.173502 0.104788
2 0.639109 0.3938 0.104734 0.0479838
2 0.397817 0.351444 0.0910149 0.0495879
2 0.59913 0.306688 0.0582665 0.0298073
2 0.673831 0.318382 0.0702378 0.0376676
2 0.679774 0.286357 0.0486953 0.0205592
2 0.513561 0.399218 0.143153 0.108291
2 0.49356 0.31764 0.0641039 0.0302895
5 0.273223 0.283417 0.0798815 0.0477138
2 0.0907552 0.374231 0.0873905 0.0482936
2 0.355746 0.288343 0.0433785 0.023671
7 0.51353 0.399934 0.143546 0.107193
2 0.856405 0.805764 0.287189 0.170858
2 0.506411 0.569576 0.191981 0.0933035
2 0.274042 0.460684 0.13914 0.0704907
2 0.751886 0.475983 0.173502 0.104788
2 0.639109 0.3938 0.104734 0.0479838
2 0.397817 0.351444 0.0910149 0.0495879
2 0.59913 0.306688 0.0582665 0.0298073
2 0.673831 0.318382 0.0702378 0.0376676
2 0.679774 0.286357 0.0486953 0.0205592
2 0.513561 0.399218 0.143153 0.108291
2 0.49356 0.31764 0.0641039 0.0302895
5 0.273223 0.283417 0.0798815 0.0477138
2 0.0907552 0.374231 0.0873905 0.0482936
2 0.355746 0.288343 0.0433785 0.023671
7 0.51353 0.399934 0.143546 0.107193
2 0.856405 0.805764 0.287189 0.170858
2 0.506411 0.569576 0.191981 0.0933035
2 0.274042 0.460684 0.13914 0.0704907
2 0.751886 0.475983 0.173502 0.104788
2 0.639109 0.3938 0.104734 0.0479838
2 0.397817 0.351444 0.0910149 0.0495879
2 0.59913 0.306688 0.0582665 0.0298073
2 0.673831 0.318382 0.0702378 0.0376676
2 0.679774 0.286357 0.0486953 0.0205592
2 0.513561 0.399218 0.143153 0.108291
2 0.49356 0.31764 0.0641039 0.0302895
5 0.273223 0.283417 0.0798815 0.0477138
2 0.0907552 0.374231 0.0873905 0.0482936
2 0.355746 0.288343 0.0433785 0.023671
7 0.51353 0.399934 0.143546 0.107193
2 0.856405 0.805764 0.287189 0.170858
2 0.506411 0.569576 0.191981 0.0933035
2 0.274042 0.460684 0.13914 0.0704907
2 0.751886 0.475983 0.173502 0.104788
2 0.639109 0.3938 0.104734 0.0479838
2 0.397817 0.351444 0.0910149 0.0495879
2 0.59913 0.306688 0.0582665 0.0298073
2 0.673831 0.318382 0.0702378 0.0376676
2 0.679774 0.286357 0.0486953 0.0205592
2 0.513561 0.399218 0.143153 0.108291
2 0.49356 0.31764 0.0641039 0.0302895
5 0.273223 0.283417 0.0798815 0.0477138
2 0.0907552 0.374231 0.0873905 0.0482936
2 0.355746 0.288343 0.0433785 0.023671
7 0.51353 0.399934 0.143546 0.107193
2 0.604444 0.288813 0.0495495 0.0258408
2 0.110999 0.347651 0.0931715 0.036141
7 0.535925 0.271277 0.0429529 0.0284866
7 0.477982 0.277111 0.0422157 0.0306955
2 0.505812 0.305564 0.0594056 0.0259588
2 0.532125 0.289497 0.045026 0.0212929
2 0.385643 0.281585 0.0278668 0.0151844
2 0.650606 0.279958 0.0220761 0.0173063
7 0.663251 0.269773 0.0428901 0.0269102
