2 0.0819886 0.904729 0.163614 0.188433
2 0.463383 0.646942 0.232348 0.145416
2 0.504282 0.444897 0.122494 0.0589785
7 0.298694 0.428155 0.153305 0.103876
2 0.518666 0.360957 0.0781991 0.039058
2 0.679018 0.423075 0.112677 0.0589556
2 0.149447 0.376605 0.0948002 0.0400664
2 0.209927 0.349494 0.0752504 0.0335807
2 0.378024 0.386347 0.0933516 0.0564446
2 0.497344 0.407821 0.107553 0.048027
2 0.671213 0.379514 0.0865576 0.0393273
2 0.469564 0.334331 0.0589474 0.0292907
2 0.414988 0.347914 0.0793172 0.0434612
2 0.20783 0.32041 0.0558895 0.0253619
7 0.75949 0.521199 0.21018 0.171413
2 0.0968911 0.351024 0.0785872 0.0341765
2 0.301548 0.306691 0.0453639 0.0201384
2 0.759971 0.521491 0.210133 0.171816
7 0.478384 0.310011 0.0894321 0.051671
2 0.666624 0.338197 0.0676158 0.0317329
2 0.529759 0.307354 0.0357171 0.0216006
2 0.666402 0.318386 0.0627389 0.0185926
2 0.337738 0.297649 0.0397105 0.0189643
2 0.613245 0.290601 0.0342499 0.0112612
2 0.666207 0.326654 0.064269 0.0345055
0 0.799134 0.517186 0.044735 0.0258475
3 0.0237089 0.377398 0.0248361 0.0247142
2 0.0819886 0.904729 0.163614 0.188433
2 0.463383 0.646942 0.232348 0.145416
2 0.504282 0.444897 0.122494 0.0589785
7 0.298694 0.428155 0.153305 0.103876
2 0.518666 0.360957 0.0781991 0.039058
2 0.679018 0.423075 0.112677 0.0589556
2 0.149447 0.376605 0.0948002 0.0400664
2 0.209927 0.349494 0.0752504 0.0335807
2 0.378024 0.386347 0.0933516 0.0564446
2 0.497344 0.407821 0.107553 0.048027
2 0.671213 0.379514 0.0865576 0.0393273
2 0.469564 0.334331 0.0589474 0.0292907
2 0.414988 0.347914 0.0793172 0.0434612
2 0.20783 0.32041 0.0558895 0.0253619
7 0.75949 0.521199 0.21018 0.171413
2 0.0968911 0.351024 0.0785872 0.0341765
2 0.301548 0.306691 0.0453639 0.0201384
2 0.759971 0.521491 0.210133 0.171816
7 0.478384 0.310011 0.0894321 0.051671
2 0.666624 0.338197 0.0676158 0.0317329
2 0.529759 0.307354 0.0357171 0.0216006
2 0.666402 0.318386 0.0627389 0.0185926
2 0.337738 0.297649 0.0397105 0.0189643
2 0.613245 0.290601 0.0342499 0.0112612
2 0.666207 0.326654 0.064269 0.0345055
0 0.799134 0.517186 0.044735 0.0258475
3 0.0237089 0.377398 0.0248361 0.0247142
2 0.0819886 0.904729 0.163614 0.188433
2 0.463383 0.646942 0.232348 0.145416
2 0.504282 0.444897 0.122494 0.0589785
7 0.298694 0.428155 0.153305 0.103876
2 0.518666 0.360957 0.0781991 0.039058
2 0.679018 0.423075 0.112677 0.0589556
2 0.149447 0.376605 0.0948002 0.0400664
2 0.209927 0.349494 0.0752504 0.0335807
2 0.378024 0.386347 0.0933516 0.0564446
2 0.497344 0.407821 0.107553 0.048027
2 0.671213 0.379514 0.0865576 0.0393273
2 0.469564 0.334331 0.0589474 0.0292907
2 0.414988 0.347914 0.0793172 0.0434612
2 0.20783 0.32041 0.0558895 0.0253619
7 0.75949 0.521199 0.21018 0.171413
2 0.0968911 0.351024 0.0785872 0.0341765
2 0.301548 0.306691 0.0453639 0.0201384
2 0.759971 0.521491 0.210133 0.171816
7 0.478384 0.310011 0.0894321 0.051671
2 0.666624 0.338197 0.0676158 0.0317329
2 0.529759 0.307354 0.0357171 0.0216006
2 0.666402 0.318386 0.0627389 0.0185926
2 0.337738 0.297649 0.0397105 0.0189643
2 0.613245 0.290601 0.0342499 0.0112612
2 0.666207 0.326654 0.064269 0.0345055
0 0.799134 0.517186 0.044735 0.0258475
3 0.0237089 0.377398 0.0248361 0.0247142
2 0.0819886 0.904729 0.163614 0.188433
2 0.463383 0.646942 0.232348 0.145416
2 0.504282 0.444897 0.122494 0.0589785
7 0.298694 0.428155 0.153305 0.103876
2 0.518666 0.360957 0.0781991 0.039058
2 0.679018 0.423075 0.112677 0.0589556
2 0.149447 0.376605 0.0948002 0.0400664
2 0.209927 0.349494 0.0752504 0.0335807
2 0.378024 0.386347 0.0933516 0.0564446
2 0.497344 0.407821 0.107553 0.048027
2 0.671213 0.379514 0.0865576 0.0393273
2 0.469564 0.334331 0.0589474 0.0292907
2 0.414988 0.347914 0.0793172 0.0434612
2 0.20783 0.32041 0.0558895 0.0253619
7 0.75949 0.521199 0.21018 0.171413
2 0.0968911 0.351024 0.0785872 0.0341765
2 0.301548 0.306691 0.0453639 0.0201384
2 0.759971 0.521491 0.210133 0.171816
7 0.478384 0.310011 0.0894321 0.051671
2 0.666624 0.338197 0.0676158 0.0317329
2 0.529759 0.307354 0.0357171 0.0216006
2 0.666402 0.318386 0.0627389 0.0185926
2 0.337738 0.297649 0.0397105 0.0189643
2 0.613245 0.290601 0.0342499 0.0112612
2 0.666207 0.326654 0.064269 0.0345055
0 0.799134 0.517186 0.044735 0.0258475
3 0.0237089 0.377398 0.0248361 0.0247142
2 0.0819886 0.904729 0.163614 0.188433
2 0.463383 0.646942 0.232348 0.145416
2 0.504282 0.444897 0.122494 0.0589785
7 0.298694 0.428155 0.153305 0.103876
2 0.518666 0.360957 0.0781991 0.039058
2 0.679018 0.423075 0.112677 0.0589556
2 0.149447 0.376605 0.0948002 0.0400664
2 0.209927 0.349494 0.0752504 0.0335807
2 0.378024 0.386347 0.0933516 0.0564446
2 0.497344 0.407821 0.107553 0.048027
2 0.671213 0.379514 0.0865576 0.0393273
2 0.469564 0.334331 0.0589474 0.0292907
2 0.414988 0.347914 0.0793172 0.0434612
2 0.20783 0.32041 0.0558895 0.0253619
7 0.75949 0.521199 0.21018 0.171413
2 0.0968911 0.351024 0.0785872 0.0341765
2 0.301548 0.306691 0.0453639 0.0201384
2 0.759971 0.521491 0.210133 0.171816
7 0.478384 0.310011 0.0894321 0.051671
2 0.666624 0.338197 0.0676158 0.0317329
2 0.529759 0.307354 0.0357171 0.0216006
2 0.666402 0.318386 0.0627389 0.0185926
2 0.337738 0.297649 0.0397105 0.0189643
2 0.613245 0.290601 0.0342499 0.0112612
2 0.666207 0.326654 0.064269 0.0345055
0 0.799134 0.517186 0.044735 0.0258475
3 0.0237089 0.377398 0.0248361 0.0247142
2 0.0819886 0.904729 0.163614 0.188433
2 0.463383 0.646942 0.232348 0.145416
2 0.504282 0.444897 0.122494 0.0589785
7 0.298694 0.428155 0.153305 0.103876
2 0.518666 0.360957 0.0781991 0.039058
2 0.679018 0.423075 0.112677 0.0589556
2 0.149447 0.376605 0.0948002 0.0400664
2 0.209927 0.349494 0.0752504 0.0335807
2 0.378024 0.386347 0.0933516 0.0564446
2 0.497344 0.407821 0.107553 0.048027
2 0.671213 0.379514 0.0865576 0.0393273
2 0.469564 0.334331 0.0589474 0.0292907
2 0.414988 0.347914 0.0793172 0.0434612
2 0.20783 0.32041 0.0558895 0.0253619
7 0.75949 0.521199 0.21018 0.171413
2 0.0968911 0.351024 0.0785872 0.0341765
2 0.301548 0.306691 0.0453639 0.0201384
2 0.759971 0.521491 0.210133 0.171816
7 0.478384 0.310011 0.0894321 0.051671
2 0.666624 0.338197 0.0676158 0.0317329
2 0.529759 0.307354 0.0357171 0.0216006
2 0.666402 0.318386 0.0627389 0.0185926
2 0.337738 0.297649 0.0397105 0.0189643
2 0.613245 0.290601 0.0342499 0.0112612
2 0.666207 0.326654 0.064269 0.0345055
0 0.799134 0.517186 0.044735 0.0258475
3 0.0237089 0.377398 0.0248361 0.0247142
