2 0.791564 0.65683 0.225576 0.116666
2 0.431403 0.57469 0.17966 0.090235
2 0.169966 0.562915 0.173349 0.0851797
2 0.250537 0.489356 0.13087 0.063096
2 0.589096 0.391226 0.0866783 0.041819
2 0.434504 0.468687 0.145341 0.0860939
2 0.517389 0.3657 0.0730735 0.0333102
2 0.646648 0.459074 0.136822 0.0848986
2 0.371185 0.359035 0.0726003 0.0349179
2 0.635594 0.3421 0.0675697 0.0386195
2 0.244937 0.336446 0.0600752 0.0290042
2 0.106736 0.342426 0.0594386 0.0287193
2 0.418852 0.330146 0.0557958 0.0307985
5 0.252751 0.303868 0.053818 0.0336035
2 0.185403 0.331518 0.0531917 0.0276774
0 0.292922 0.415926 0.0438525 0.047122
3 0.294483 0.42601 0.0351677 0.0325577
2 0.522478 0.333955 0.0779758 0.0511751
2 0.475855 0.313874 0.04332 0.0197871
2 0.608627 0.312969 0.0468678 0.0262012
2 0.3187 0.307627 0.0377772 0.0179699
2 0.419123 0.301706 0.0380825 0.024512
7 0.418616 0.301263 0.0363302 0.023994
2 0.791564 0.65683 0.225576 0.116666
2 0.431403 0.57469 0.17966 0.090235
2 0.169966 0.562915 0.173349 0.0851797
2 0.250537 0.489356 0.13087 0.063096
2 0.589096 0.391226 0.0866783 0.041819
2 0.434504 0.468687 0.145341 0.0860939
2 0.517389 0.3657 0.0730735 0.0333102
2 0.646648 0.459074 0.136822 0.0848986
2 0.371185 0.359035 0.0726003 0.0349179
2 0.635594 0.3421 0.0675697 0.0386195
2 0.244937 0.336446 0.0600752 0.0290042
2 0.106736 0.342426 0.0594386 0.0287193
2 0.418852 0.330146 0.0557958 0.0307985
5 0.252751 0.303868 0.053818 0.0336035
2 0.185403 0.331518 0.0531917 0.0276774
0 0.292922 0.415926 0.0438525 0.047122
3 0.294483 0.42601 0.0351677 0.0325577
2 0.522478 0.333955 0.0779758 0.0511751
2 0.475855 0.313874 0.04332 0.0197871
2 0.608627 0.312969 0.0468678 0.0262012
2 0.3187 0.307627 0.0377772 0.0179699
2 0.419123 0.301706 0.0380825 0.024512
7 0.418616 0.301263 0.0363302 0.023994
2 0.791564 0.65683 0.225576 0.116666
2 0.431403 0.57469 0.17966 0.090235
2 0.169966 0.562915 0.173349 0.0851797
2 0.250537 0.489356 0.13087 0.063096
2 0.589096 0.391226 0.0866783 0.041819
2 0.434504 0.468687 0.145341 0.0860939
2 0.517389 0.3657 0.0730735 0.0333102
2 0.646648 0.459074 0.136822 0.0848986
2 0.371185 0.359035 0.0726003 0.0349179
2 0.635594 0.3421 0.0675697 0.0386195
2 0.244937 0.336446 0.0600752 0.0290042
2 0.106736 0.342426 0.0594386 0.0287193
2 0.418852 0.330146 0.0557958 0.0307985
5 0.252751 0.303868 0.053818 0.0336035
2 0.185403 0.331518 0.0531917 0.0276774
0 0.292922 0.415926 0.0438525 0.047122
3 0.294483 0.42601 0.0351677 0.0325577
2 0.522478 0.333955 0.0779758 0.0511751
2 0.475855 0.313874 0.04332 0.0197871
2 0.608627 0.312969 0.0468678 0.0262012
2 0.3187 0.307627 0.0377772 0.0179699
2 0.419123 0.301706 0.0380825 0.024512
7 0.418616 0.301263 0.0363302 0.023994
2 0.791564 0.65683 0.225576 0.116666
2 0.431403 0.57469 0.17966 0.090235
2 0.169966 0.562915 0.173349 0.0851797
2 0.250537 0.489356 0.13087 0.063096
2 0.589096 0.391226 0.0866783 0.041819
2 0.434504 0.468687 0.145341 0.0860939
2 0.517389 0.3657 0.0730735 0.0333102
2 0.646648 0.459074 0.136822 0.0848986
2 0.371185 0.359035 0.0726003 0.0349179
2 0.635594 0.3421 0.0675697 0.0386195
2 0.244937 0.336446 0.0600752 0.0290042
2 0.106736 0.342426 0.0594386 0.0287193
2 0.418852 0.330146 0.0557958 0.0307985
5 0.252751 0.303868 0.053818 0.0336035
2 0.185403 0.331518 0.0531917 0.0276774
0 0.292922 0.415926 0.0438525 0.047122
3 0.294483 0.42601 0.0351677 0.0325577
2 0.522478 0.333955 0.0779758 0.0511751
2 0.475855 0.313874 0.04332 0.0197871
2 0.608627 0.312969 0.0468678 0.0262012
2 0.3187 0.307627 0.0377772 0.0179699
2 0.419123 0.301706 0.0380825 0.024512
7 0.418616 0.301263 0.0363302 0.023994
2 0.791564 0.65683 0.225576 0.116666
2 0.431403 0.57469 0.17966 0.090235
2 0.169966 0.562915 0.173349 0.0851797
2 0.250537 0.489356 0.13087 0.063096
2 0.589096 0.391226 0.0866783 0.041819
2 0.434504 0.468687 0.145341 0.0860939
2 0.517389 0.3657 0.0730735 0.0333102
2 0.646648 0.459074 0.136822 0.0848986
2 0.371185 0.359035 0.0726003 0.0349179
2 0.635594 0.3421 0.0675697 0.0386195
2 0.244937 0.336446 0.0600752 0.0290042
2 0.106736 0.342426 0.0594386 0.0287193
2 0.418852 0.330146 0.0557958 0.0307985
5 0.252751 0.303868 0.053818 0.0336035
2 0.185403 0.331518 0.0531917 0.0276774
0 0.292922 0.415926 0.0438525 0.047122
3 0.294483 0.42601 0.0351677 0.0325577
2 0.522478 0.333955 0.0779758 0.0511751
2 0.475855 0.313874 0.04332 0.0197871
2 0.608627 0.312969 0.0468678 0.0262012
2 0.3187 0.307627 0.0377772 0.0179699
2 0.419123 0.301706 0.0380825 0.024512
7 0.418616 0.301263 0.0363302 0.023994
2 0.791564 0.65683 0.225576 0.116666
2 0.431403 0.57469 0.17966 0.090235
2 0.169966 0.562915 0.173349 0.0851797
2 0.250537 0.489356 0.13087 0.063096
2 0.589096 0.391226 0.0866783 0.041819
2 0.434504 0.468687 0.145341 0.0860939
2 0.517389 0.3657 0.0730735 0.0333102
2 0.646648 0.459074 0.136822 0.0848986
2 0.371185 0.359035 0.0726003 0.0349179
2 0.635594 0.3421 0.0675697 0.0386195
2 0.244937 0.336446 0.0600752 0.0290042
2 0.106736 0.342426 0.0594386 0.0287193
2 0.418852 0.330146 0.0557958 0.0307985
5 0.252751 0.303868 0.053818 0.0336035
2 0.185403 0.331518 0.0531917 0.0276774
0 0.292922 0.415926 0.0438525 0.047122
3 0.294483 0.42601 0.0351677 0.0325577
2 0.522478 0.333955 0.0779758 0.0511751
2 0.475855 0.313874 0.04332 0.0197871
2 0.608627 0.312969 0.0468678 0.0262012
2 0.3187 0.307627 0.0377772 0.0179699
2 0.419123 0.301706 0.0380825 0.024512
7 0.418616 0.301263 0.0363302 0.023994
2 0.791564 0.65683 0.225576 0.116666
2 0.431403 0.57469 0.17966 0.090235
2 0.169966 0.562915 0.173349 0.0851797
2 0.250537 0.489356 0.13087 0.063096
2 0.589096 0.391226 0.0866783 0.041819
2 0.434504 0.468687 0.145341 0.0860939
2 0.517389 0.3657 0.0730735 0.0333102
2 0.646648 0.459074 0.136822 0.0848986
2 0.371185 0.359035 0.0726003 0.0349179
2 0.635594 0.3421 0.0675697 0.0386195
2 0.244937 0.336446 0.0600752 0.0290042
2 0.106736 0.342426 0.0594386 0.0287193
2 0.418852 0.330146 0.0557958 0.0307985
5 0.252751 0.303868 0.053818 0.0336035
2 0.185403 0.331518 0.0531917 0.0276774
0 0.292922 0.415926 0.0438525 0.047122
3 0.294483 0.42601 0.0351677 0.0325577
2 0.522478 0.333955 0.0779758 0.0511751
2 0.475855 0.313874 0.04332 0.0197871
2 0.608627 0.312969 0.0468678 0.0262012
2 0.3187 0.307627 0.0377772 0.0179699
2 0.419123 0.301706 0.0380825 0.024512
7 0.418616 0.301263 0.0363302 0.023994
2 0.791564 0.65683 0.225576 0.116666
2 0.431403 0.57469 0.17966 0.090235
2 0.169966 0.562915 0.173349 0.0851797
2 0.250537 0.489356 0.13087 0.063096
2 0.589096 0.391226 0.0866783 0.041819
2 0.434504 0.468687 0.145341 0.0860939
2 0.517389 0.3657 0.0730735 0.0333102
2 0.646648 0.459074 0.136822 0.0848986
2 0.371185 0.359035 0.0726003 0.0349179
2 0.635594 0.3421 0.0675697 0.0386195
2 0.244937 0.336446 0.0600752 0.0290042
2 0.106736 0.342426 0.0594386 0.0287193
2 0.418852 0.330146 0.0557958 0.0307985
5 0.252751 0.303868 0.053818 0.0336035
2 0.185403 0.331518 0.0531917 0.0276774
0 0.292922 0.415926 0.0438525 0.047122
3 0.294483 0.42601 0.0351677 0.0325577
2 0.522478 0.333955 0.0779758 0.0511751
2 0.475855 0.313874 0.04332 0.0197871
2 0.608627 0.312969 0.0468678 0.0262012
2 0.3187 0.307627 0.0377772 0.0179699
2 0.419123 0.301706 0.0380825 0.024512
7 0.418616 0.301263 0.0363302 0.023994
2 0.791564 0.65683 0.225576 0.116666
2 0.431403 0.57469 0.17966 0.090235
2 0.169966 0.562915 0.173349 0.0851797
2 0.250537 0.489356 0.13087 0.063096
2 0.589096 0.391226 0.0866783 0.041819
2 0.434504 0.468687 0.145341 0.0860939
2 0.517389 0.3657 0.0730735 0.0333102
2 0.646648 0.459074 0.136822 0.0848986
2 0.371185 0.359035 0.0726003 0.0349179
2 0.635594 0.3421 0.0675697 0.0386195
2 0.244937 0.336446 0.0600752 0.0290042
2 0.106736 0.342426 0.0594386 0.0287193
2 0.418852 0.330146 0.0557958 0.0307985
5 0.252751 0.303868 0.053818 0.0336035
2 0.185403 0.331518 0.0531917 0.0276774
0 0.292922 0.415926 0.0438525 0.047122
3 0.294483 0.42601 0.0351677 0.0325577
2 0.522478 0.333955 0.0779758 0.0511751
2 0.475855 0.313874 0.04332 0.0197871
2 0.608627 0.312969 0.0468678 0.0262012
2 0.3187 0.307627 0.0377772 0.0179699
2 0.419123 0.301706 0.0380825 0.024512
7 0.418616 0.301263 0.0363302 0.023994
2 0.791564 0.65683 0.225576 0.116666
2 0.431403 0.57469 0.17966 0.090235
2 0.169966 0.562915 0.173349 0.0851797
2 0.250537 0.489356 0.13087 0.063096
2 0.589096 0.391226 0.0866783 0.041819
2 0.434504 0.468687 0.145341 0.0860939
2 0.517389 0.3657 0.0730735 0.0333102
2 0.646648 0.459074 0.136822 0.0848986
2 0.371185 0.359035 0.0726003 0.0349179
2 0.635594 0.3421 0.0675697 0.0386195
2 0.244937 0.336446 0.0600752 0.0290042
2 0.106736 0.342426 0.0594386 0.0287193
2 0.418852 0.330146 0.0557958 0.0307985
5 0.252751 0.303868 0.053818 0.0336035
2 0.185403 0.331518 0.0531917 0.0276774
0 0.292922 0.415926 0.0438525 0.047122
3 0.294483 0.42601 0.0351677 0.0325577
2 0.522478 0.333955 0.0779758 0.0511751
2 0.475855 0.313874 0.04332 0.0197871
2 0.608627 0.312969 0.0468678 0.0262012
2 0.3187 0.307627 0.0377772 0.0179699
2 0.419123 0.301706 0.0380825 0.024512
7 0.418616 0.301263 0.0363302 0.023994
2 0.791564 0.65683 0.225576 0.116666
2 0.431403 0.57469 0.17966 0.090235
2 0.169966 0.562915 0.173349 0.0851797
2 0.250537 0.489356 0.13087 0.063096
2 0.589096 0.391226 0.0866783 0.041819
2 0.434504 0.468687 0.145341 0.0860939
2 0.517389 0.3657 0.0730735 0.0333102
2 0.646648 0.459074 0.136822 0.0848986
2 0.371185 0.359035 0.0726003 0.0349179
2 0.635594 0.3421 0.0675697 0.0386195
2 0.244937 0.336446 0.0600752 0.0290042
2 0.106736 0.342426 0.0594386 0.0287193
2 0.418852 0.330146 0.0557958 0.0307985
5 0.252751 0.303868 0.053818 0.0336035
2 0.185403 0.331518 0.0531917 0.0276774
0 0.292922 0.415926 0.0438525 0.047122
3 0.294483 0.42601 0.0351677 0.0325577
2 0.522478 0.333955 0.0779758 0.0511751
2 0.475855 0.313874 0.04332 0.0197871
2 0.608627 0.312969 0.0468678 0.0262012
2 0.3187 0.307627 0.0377772 0.0179699
2 0.419123 0.301706 0.0380825 0.024512
7 0.418616 0.301263 0.0363302 0.023994
2 0.791564 0.65683 0.225576 0.116666
2 0.431403 0.57469 0.17966 0.090235
2 0.169966 0.562915 0.173349 0.0851797
2 0.250537 0.489356 0.13087 0.063096
2 0.589096 0.391226 0.0866783 0.041819
2 0.434504 0.468687 0.145341 0.0860939
2 0.517389 0.3657 0.0730735 0.0333102
2 0.646648 0.459074 0.136822 0.0848986
2 0.371185 0.359035 0.0726003 0.0349179
2 0.635594 0.3421 0.0675697 0.0386195
2 0.244937 0.336446 0.0600752 0.0290042
2 0.106736 0.342426 0.0594386 0.0287193
2 0.418852 0.330146 0.0557958 0.0307985
5 0.252751 0.303868 0.053818 0.0336035
2 0.185403 0.331518 0.0531917 0.0276774
0 0.292922 0.415926 0.0438525 0.047122
3 0.294483 0.42601 0.0351677 0.0325577
2 0.522478 0.333955 0.0779758 0.0511751
2 0.475855 0.313874 0.04332 0.0197871
2 0.608627 0.312969 0.0468678 0.0262012
2 0.3187 0.307627 0.0377772 0.0179699
2 0.419123 0.301706 0.0380825 0.024512
7 0.418616 0.301263 0.0363302 0.023994
2 0.790821 0.657622 0.224468 0.117982
2 0.432823 0.574255 0.180613 0.0903189
2 0.16916 0.562547 0.174409 0.0845627
2 0.248215 0.489726 0.132526 0.0628321
2 0.433694 0.469281 0.145845 0.0869439
2 0.58915 0.390784 0.0897546 0.0423679
2 0.517001 0.365502 0.0758698 0.0344419
2 0.37127 0.35856 0.0756343 0.0348189
2 0.647649 0.458999 0.138007 0.0837159
2 0.63572 0.341699 0.0697201 0.0395989
0 0.292916 0.410662 0.0440337 0.0362908
2 0.418234 0.330095 0.0585478 0.0315557
2 0.245594 0.336206 0.0602963 0.0289767
2 0.107688 0.342335 0.0599474 0.0280025
3 0.292935 0.425317 0.0368092 0.0325741
7 0.524507 0.331161 0.0801008 0.051794
2 0.184394 0.331196 0.0523688 0.0278147
2 0.790821 0.657622 0.224468 0.117982
2 0.432823 0.574255 0.180613 0.0903189
2 0.16916 0.562547 0.174409 0.0845627
2 0.248215 0.489726 0.132526 0.0628321
2 0.433694 0.469281 0.145845 0.0869439
2 0.58915 0.390784 0.0897546 0.0423679
2 0.517001 0.365502 0.0758698 0.0344419
2 0.37127 0.35856 0.0756343 0.0348189
2 0.647649 0.458999 0.138007 0.0837159
2 0.63572 0.341699 0.0697201 0.0395989
0 0.292916 0.410662 0.0440337 0.0362908
2 0.418234 0.330095 0.0585478 0.0315557
2 0.245594 0.336206 0.0602963 0.0289767
2 0.107688 0.342335 0.0599474 0.0280025
3 0.292935 0.425317 0.0368092 0.0325741
7 0.524507 0.331161 0.0801008 0.051794
2 0.184394 0.331196 0.0523688 0.0278147
2 0.790821 0.657622 0.224468 0.117982
2 0.432823 0.574255 0.180613 0.0903189
2 0.16916 0.562547 0.174409 0.0845627
2 0.248215 0.489726 0.132526 0.0628321
2 0.433694 0.469281 0.145845 0.0869439
2 0.58915 0.390784 0.0897546 0.0423679
2 0.517001 0.365502 0.0758698 0.0344419
2 0.37127 0.35856 0.0756343 0.0348189
2 0.647649 0.458999 0.138007 0.0837159
2 0.63572 0.341699 0.0697201 0.0395989
0 0.292916 0.410662 0.0440337 0.0362908
2 0.418234 0.330095 0.0585478 0.0315557
2 0.245594 0.336206 0.0602963 0.0289767
2 0.107688 0.342335 0.0599474 0.0280025
3 0.292935 0.425317 0.0368092 0.0325741
7 0.524507 0.331161 0.0801008 0.051794
2 0.184394 0.331196 0.0523688 0.0278147
2 0.790821 0.657622 0.224468 0.117982
2 0.432823 0.574255 0.180613 0.0903189
2 0.16916 0.562547 0.174409 0.0845627
2 0.248215 0.489726 0.132526 0.0628321
2 0.433694 0.469281 0.145845 0.0869439
2 0.58915 0.390784 0.0897546 0.0423679
2 0.517001 0.365502 0.0758698 0.0344419
2 0.37127 0.35856 0.0756343 0.0348189
2 0.647649 0.458999 0.138007 0.0837159
2 0.63572 0.341699 0.0697201 0.0395989
0 0.292916 0.410662 0.0440337 0.0362908
2 0.418234 0.330095 0.0585478 0.0315557
2 0.245594 0.336206 0.0602963 0.0289767
2 0.107688 0.342335 0.0599474 0.0280025
3 0.292935 0.425317 0.0368092 0.0325741
7 0.524507 0.331161 0.0801008 0.051794
2 0.184394 0.331196 0.0523688 0.0278147
2 0.790821 0.657622 0.224468 0.117982
2 0.432823 0.574255 0.180613 0.0903189
2 0.16916 0.562547 0.174409 0.0845627
2 0.248215 0.489726 0.132526 0.0628321
2 0.433694 0.469281 0.145845 0.0869439
2 0.58915 0.390784 0.0897546 0.0423679
2 0.517001 0.365502 0.0758698 0.0344419
2 0.37127 0.35856 0.0756343 0.0348189
2 0.647649 0.458999 0.138007 0.0837159
2 0.63572 0.341699 0.0697201 0.0395989
0 0.292916 0.410662 0.0440337 0.0362908
2 0.418234 0.330095 0.0585478 0.0315557
2 0.245594 0.336206 0.0602963 0.0289767
2 0.107688 0.342335 0.0599474 0.0280025
3 0.292935 0.425317 0.0368092 0.0325741
7 0.524507 0.331161 0.0801008 0.051794
2 0.184394 0.331196 0.0523688 0.0278147
2 0.790821 0.657622 0.224468 0.117982
2 0.432823 0.574255 0.180613 0.0903189
2 0.16916 0.562547 0.174409 0.0845627
2 0.248215 0.489726 0.132526 0.0628321
2 0.433694 0.469281 0.145845 0.0869439
2 0.58915 0.390784 0.0897546 0.0423679
2 0.517001 0.365502 0.0758698 0.0344419
2 0.37127 0.35856 0.0756343 0.0348189
2 0.647649 0.458999 0.138007 0.0837159
2 0.63572 0.341699 0.0697201 0.0395989
0 0.292916 0.410662 0.0440337 0.0362908
2 0.418234 0.330095 0.0585478 0.0315557
2 0.245594 0.336206 0.0602963 0.0289767
2 0.107688 0.342335 0.0599474 0.0280025
3 0.292935 0.425317 0.0368092 0.0325741
7 0.524507 0.331161 0.0801008 0.051794
2 0.184394 0.331196 0.0523688 0.0278147
2 0.790821 0.657622 0.224468 0.117982
2 0.432823 0.574255 0.180613 0.0903189
2 0.16916 0.562547 0.174409 0.0845627
2 0.248215 0.489726 0.132526 0.0628321
2 0.433694 0.469281 0.145845 0.0869439
2 0.58915 0.390784 0.0897546 0.0423679
2 0.517001 0.365502 0.0758698 0.0344419
2 0.37127 0.35856 0.0756343 0.0348189
2 0.647649 0.458999 0.138007 0.0837159
2 0.63572 0.341699 0.0697201 0.0395989
0 0.292916 0.410662 0.0440337 0.0362908
2 0.418234 0.330095 0.0585478 0.0315557
2 0.245594 0.336206 0.0602963 0.0289767
2 0.107688 0.342335 0.0599474 0.0280025
3 0.292935 0.425317 0.0368092 0.0325741
7 0.524507 0.331161 0.0801008 0.051794
2 0.184394 0.331196 0.0523688 0.0278147
2 0.790821 0.657622 0.224468 0.117982
2 0.432823 0.574255 0.180613 0.0903189
2 0.16916 0.562547 0.174409 0.0845627
2 0.248215 0.489726 0.132526 0.0628321
2 0.433694 0.469281 0.145845 0.0869439
2 0.58915 0.390784 0.0897546 0.0423679
2 0.517001 0.365502 0.0758698 0.0344419
2 0.37127 0.35856 0.0756343 0.0348189
2 0.647649 0.458999 0.138007 0.0837159
2 0.63572 0.341699 0.0697201 0.0395989
0 0.292916 0.410662 0.0440337 0.0362908
2 0.418234 0.330095 0.0585478 0.0315557
2 0.245594 0.336206 0.0602963 0.0289767
2 0.107688 0.342335 0.0599474 0.0280025
3 0.292935 0.425317 0.0368092 0.0325741
7 0.524507 0.331161 0.0801008 0.051794
2 0.184394 0.331196 0.0523688 0.0278147
2 0.606103 0.31308 0.0522458 0.0252655
2 0.317744 0.307229 0.0354596 0.0187014
7 0.251858 0.304092 0.0547232 0.0337016
2 0.475517 0.31509 0.0408604 0.0177842
5 0.252005 0.303935 0.054136 0.033345
