2 0.901008 0.820459 0.19474 0.170576
2 0.118027 0.723205 0.236054 0.131722
2 0.474537 0.568974 0.200014 0.117923
2 0.512582 0.4227 0.105751 0.0511268
7 0.329129 0.404555 0.134619 0.092817
2 0.533082 0.351667 0.0748286 0.0351429
2 0.671049 0.363087 0.0803697 0.0342833
2 0.512306 0.38936 0.0998437 0.0423601
2 0.181872 0.364508 0.0849469 0.0372958
2 0.668837 0.397195 0.09524 0.0492732
2 0.0345177 0.408807 0.0690354 0.0476866
2 0.433528 0.34092 0.0721188 0.0415578
2 0.401909 0.37263 0.0830952 0.0524284
2 0.237609 0.341602 0.075898 0.032189
7 0.720557 0.468971 0.179681 0.142231
2 0.482813 0.329912 0.0507114 0.0270438
2 0.125743 0.345045 0.0757509 0.032892
2 0.302386 0.305554 0.0426208 0.0173529
2 0.720604 0.468612 0.179052 0.14215
2 0.222045 0.318145 0.0545014 0.0242356
7 0.485943 0.305362 0.0912204 0.046635
2 0.668709 0.325552 0.0646737 0.0395352
3 0.0523107 0.364283 0.0298906 0.030284
5 0.485852 0.306147 0.090912 0.0482519
2 0.609972 0.291527 0.0349089 0.0115371
2 0.901008 0.820459 0.19474 0.170576
2 0.118027 0.723205 0.236054 0.131722
2 0.474537 0.568974 0.200014 0.117923
2 0.512582 0.4227 0.105751 0.0511268
7 0.329129 0.404555 0.134619 0.092817
2 0.533082 0.351667 0.0748286 0.0351429
2 0.671049 0.363087 0.0803697 0.0342833
2 0.512306 0.38936 0.0998437 0.0423601
2 0.181872 0.364508 0.0849469 0.0372958
2 0.668837 0.397195 0.09524 0.0492732
2 0.0345177 0.408807 0.0690354 0.0476866
2 0.433528 0.34092 0.0721188 0.0415578
2 0.401909 0.37263 0.0830952 0.0524284
2 0.237609 0.341602 0.075898 0.032189
7 0.720557 0.468971 0.179681 0.142231
2 0.482813 0.329912 0.0507114 0.0270438
2 0.125743 0.345045 0.0757509 0.032892
2 0.302386 0.305554 0.0426208 0.0173529
2 0.720604 0.468612 0.179052 0.14215
2 0.222045 0.318145 0.0545014 0.0242356
7 0.485943 0.305362 0.0912204 0.046635
2 0.668709 0.325552 0.0646737 0.0395352
3 0.0523107 0.364283 0.0298906 0.030284
5 0.485852 0.306147 0.090912 0.0482519
2 0.609972 0.291527 0.0349089 0.0115371
2 0.901008 0.820459 0.19474 0.170576
2 0.118027 0.723205 0.236054 0.131722
2 0.474537 0.568974 0.200014 0.117923
2 0.512582 0.4227 0.105751 0.0511268
7 0.329129 0.404555 0.134619 0.092817
2 0.533082 0.351667 0.0748286 0.0351429
2 0.671049 0.363087 0.0803697 0.0342833
2 0.512306 0.38936 0.0998437 0.0423601
2 0.181872 0.364508 0.0849469 0.0372958
2 0.668837 0.397195 0.09524 0.0492732
2 0.0345177 0.408807 0.0690354 0.0476866
2 0.433528 0.34092 0.0721188 0.0415578
2 0.401909 0.37263 0.0830952 0.0524284
2 0.237609 0.341602 0.075898 0.032189
7 0.720557 0.468971 0.179681 0.142231
2 0.482813 0.329912 0.0507114 0.0270438
2 0.125743 0.345045 0.0757509 0.032892
2 0.302386 0.305554 0.0426208 0.0173529
2 0.720604 0.468612 0.179052 0.14215
2 0.222045 0.318145 0.0545014 0.0242356
7 0.485943 0.305362 0.0912204 0.046635
2 0.668709 0.325552 0.0646737 0.0395352
3 0.0523107 0.364283 0.0298906 0.030284
5 0.485852 0.306147 0.090912 0.0482519
2 0.609972 0.291527 0.0349089 0.0115371
2 0.901008 0.820459 0.19474 0.170576
2 0.118027 0.723205 0.236054 0.131722
2 0.474537 0.568974 0.200014 0.117923
2 0.512582 0.4227 0.105751 0.0511268
7 0.329129 0.404555 0.134619 0.092817
2 0.533082 0.351667 0.0748286 0.0351429
2 0.671049 0.363087 0.0803697 0.0342833
2 0.512306 0.38936 0.0998437 0.0423601
2 0.181872 0.364508 0.0849469 0.0372958
2 0.668837 0.397195 0.09524 0.0492732
2 0.0345177 0.408807 0.0690354 0.0476866
2 0.433528 0.34092 0.0721188 0.0415578
2 0.401909 0.37263 0.0830952 0.0524284
2 0.237609 0.341602 0.075898 0.032189
7 0.720557 0.468971 0.179681 0.142231
2 0.482813 0.329912 0.0507114 0.0270438
2 0.125743 0.345045 0.0757509 0.032892
2 0.302386 0.305554 0.0426208 0.0173529
2 0.720604 0.468612 0.179052 0.14215
2 0.222045 0.318145 0.0545014 0.0242356
7 0.485943 0.305362 0.0912204 0.046635
2 0.668709 0.325552 0.0646737 0.0395352
3 0.0523107 0.364283 0.0298906 0.030284
5 0.485852 0.306147 0.090912 0.0482519
2 0.609972 0.291527 0.0349089 0.0115371
2 0.901008 0.820459 0.19474 0.170576
2 0.118027 0.723205 0.236054 0.131722
2 0.474537 0.568974 0.200014 0.117923
2 0.512582 0.4227 0.105751 0.0511268
7 0.329129 0.404555 0.134619 0.092817
2 0.533082 0.351667 0.0748286 0.0351429
2 0.671049 0.363087 0.0803697 0.0342833
2 0.512306 0.38936 0.0998437 0.0423601
2 0.181872 0.364508 0.0849469 0.0372958
2 0.668837 0.397195 0.09524 0.0492732
2 0.0345177 0.408807 0.0690354 0.0476866
2 0.433528 0.34092 0.0721188 0.0415578
2 0.401909 0.37263 0.0830952 0.0524284
2 0.237609 0.341602 0.075898 0.032189
7 0.720557 0.468971 0.179681 0.142231
2 0.482813 0.329912 0.0507114 0.0270438
2 0.125743 0.345045 0.0757509 0.032892
2 0.302386 0.305554 0.0426208 0.0173529
2 0.720604 0.468612 0.179052 0.14215
2 0.222045 0.318145 0.0545014 0.0242356
7 0.485943 0.305362 0.0912204 0.046635
2 0.668709 0.325552 0.0646737 0.0395352
3 0.0523107 0.364283 0.0298906 0.030284
5 0.485852 0.306147 0.090912 0.0482519
2 0.609972 0.291527 0.0349089 0.0115371
