2 0.898529 0.807837 0.200133 0.163657
2 0.205207 0.621255 0.193353 0.0935825
7 0.260795 0.493382 0.239466 0.158301
2 0.616418 0.491083 0.139217 0.0656862
2 0.063237 0.885067 0.126046 0.228271
5 0.82927 0.341245 0.100011 0.0635407
2 0.450729 0.345488 0.0634384 0.0310308
2 0.261394 0.35096 0.0638442 0.0289662
2 0.668106 0.333069 0.0485905 0.019146
2 0.5785 0.320272 0.0402425 0.0191811
2 0.544361 0.359149 0.0725379 0.0425961
2 0.326102 0.327166 0.0450889 0.0215466
2 0.0138777 0.461757 0.0268249 0.0569952
5 0.869913 0.308092 0.0654355 0.0389029
2 0.278716 0.320524 0.039492 0.0167642
2 0.479983 0.319774 0.0485603 0.0177219
2 0.526404 0.312504 0.0306559 0.0116658
2 0.459178 0.30618 0.0395602 0.0113155
5 0.93768 0.405005 0.12288 0.0789478
2 0.633656 0.319415 0.0322106 0.014049
5 0.920485 0.390708 0.156735 0.0761282
2 0.35315 0.316878 0.0375746 0.017662
2 0.644277 0.319671 0.0520892 0.0169728
2 0.608065 0.311506 0.0264893 0.0128527
5 0.910838 0.301995 0.065587 0.0425751
2 0.898529 0.807837 0.200133 0.163657
2 0.205207 0.621255 0.193353 0.0935825
7 0.260795 0.493382 0.239466 0.158301
2 0.616418 0.491083 0.139217 0.0656862
2 0.063237 0.885067 0.126046 0.228271
5 0.82927 0.341245 0.100011 0.0635407
2 0.450729 0.345488 0.0634384 0.0310308
2 0.261394 0.35096 0.0638442 0.0289662
2 0.668106 0.333069 0.0485905 0.019146
2 0.5785 0.320272 0.0402425 0.0191811
2 0.544361 0.359149 0.0725379 0.0425961
2 0.326102 0.327166 0.0450889 0.0215466
2 0.0138777 0.461757 0.0268249 0.0569952
5 0.869913 0.308092 0.0654355 0.0389029
2 0.278716 0.320524 0.039492 0.0167642
2 0.479983 0.319774 0.0485603 0.0177219
2 0.526404 0.312504 0.0306559 0.0116658
2 0.459178 0.30618 0.0395602 0.0113155
5 0.93768 0.405005 0.12288 0.0789478
2 0.633656 0.319415 0.0322106 0.014049
5 0.920485 0.390708 0.156735 0.0761282
2 0.35315 0.316878 0.0375746 0.017662
2 0.644277 0.319671 0.0520892 0.0169728
2 0.608065 0.311506 0.0264893 0.0128527
5 0.910838 0.301995 0.065587 0.0425751
2 0.898529 0.807837 0.200133 0.163657
2 0.205207 0.621255 0.193353 0.0935825
7 0.260795 0.493382 0.239466 0.158301
2 0.616418 0.491083 0.139217 0.0656862
2 0.063237 0.885067 0.126046 0.228271
5 0.82927 0.341245 0.100011 0.0635407
2 0.450729 0.345488 0.0634384 0.0310308
2 0.261394 0.35096 0.0638442 0.0289662
2 0.668106 0.333069 0.0485905 0.019146
2 0.5785 0.320272 0.0402425 0.0191811
2 0.544361 0.359149 0.0725379 0.0425961
2 0.326102 0.327166 0.0450889 0.0215466
2 0.0138777 0.461757 0.0268249 0.0569952
5 0.869913 0.308092 0.0654355 0.0389029
2 0.278716 0.320524 0.039492 0.0167642
2 0.479983 0.319774 0.0485603 0.0177219
2 0.526404 0.312504 0.0306559 0.0116658
2 0.459178 0.30618 0.0395602 0.0113155
5 0.93768 0.405005 0.12288 0.0789478
2 0.633656 0.319415 0.0322106 0.014049
5 0.920485 0.390708 0.156735 0.0761282
2 0.35315 0.316878 0.0375746 0.017662
2 0.644277 0.319671 0.0520892 0.0169728
2 0.608065 0.311506 0.0264893 0.0128527
5 0.910838 0.301995 0.065587 0.0425751
2 0.898529 0.807837 0.200133 0.163657
2 0.205207 0.621255 0.193353 0.0935825
7 0.260795 0.493382 0.239466 0.158301
2 0.616418 0.491083 0.139217 0.0656862
2 0.063237 0.885067 0.126046 0.228271
5 0.82927 0.341245 0.100011 0.0635407
2 0.450729 0.345488 0.0634384 0.0310308
2 0.261394 0.35096 0.0638442 0.0289662
2 0.668106 0.333069 0.0485905 0.019146
2 0.5785 0.320272 0.0402425 0.0191811
2 0.544361 0.359149 0.0725379 0.0425961
2 0.326102 0.327166 0.0450889 0.0215466
2 0.0138777 0.461757 0.0268249 0.0569952
5 0.869913 0.308092 0.0654355 0.0389029
2 0.278716 0.320524 0.039492 0.0167642
2 0.479983 0.319774 0.0485603 0.0177219
2 0.526404 0.312504 0.0306559 0.0116658
2 0.459178 0.30618 0.0395602 0.0113155
5 0.93768 0.405005 0.12288 0.0789478
2 0.633656 0.319415 0.0322106 0.014049
5 0.920485 0.390708 0.156735 0.0761282
2 0.35315 0.316878 0.0375746 0.017662
2 0.644277 0.319671 0.0520892 0.0169728
2 0.608065 0.311506 0.0264893 0.0128527
5 0.910838 0.301995 0.065587 0.0425751
2 0.898529 0.807837 0.200133 0.163657
2 0.205207 0.621255 0.193353 0.0935825
7 0.260795 0.493382 0.239466 0.158301
2 0.616418 0.491083 0.139217 0.0656862
2 0.063237 0.885067 0.126046 0.228271
5 0.82927 0.341245 0.100011 0.0635407
2 0.450729 0.345488 0.0634384 0.0310308
2 0.261394 0.35096 0.0638442 0.0289662
2 0.668106 0.333069 0.0485905 0.019146
2 0.5785 0.320272 0.0402425 0.0191811
2 0.544361 0.359149 0.0725379 0.0425961
2 0.326102 0.327166 0.0450889 0.0215466
2 0.0138777 0.461757 0.0268249 0.0569952
5 0.869913 0.308092 0.0654355 0.0389029
2 0.278716 0.320524 0.039492 0.0167642
2 0.479983 0.319774 0.0485603 0.0177219
2 0.526404 0.312504 0.0306559 0.0116658
2 0.459178 0.30618 0.0395602 0.0113155
5 0.93768 0.405005 0.12288 0.0789478
2 0.633656 0.319415 0.0322106 0.014049
5 0.920485 0.390708 0.156735 0.0761282
2 0.35315 0.316878 0.0375746 0.017662
2 0.644277 0.319671 0.0520892 0.0169728
2 0.608065 0.311506 0.0264893 0.0128527
5 0.910838 0.301995 0.065587 0.0425751
2 0.898529 0.807837 0.200133 0.163657
2 0.205207 0.621255 0.193353 0.0935825
7 0.260795 0.493382 0.239466 0.158301
2 0.616418 0.491083 0.139217 0.0656862
2 0.063237 0.885067 0.126046 0.228271
5 0.82927 0.341245 0.100011 0.0635407
2 0.450729 0.345488 0.0634384 0.0310308
2 0.261394 0.35096 0.0638442 0.0289662
2 0.668106 0.333069 0.0485905 0.019146
2 0.5785 0.320272 0.0402425 0.0191811
2 0.544361 0.359149 0.0725379 0.0425961
2 0.326102 0.327166 0.0450889 0.0215466
2 0.0138777 0.461757 0.0268249 0.0569952
5 0.869913 0.308092 0.0654355 0.0389029
2 0.278716 0.320524 0.039492 0.0167642
2 0.479983 0.319774 0.0485603 0.0177219
2 0.526404 0.312504 0.0306559 0.0116658
2 0.459178 0.30618 0.0395602 0.0113155
5 0.93768 0.405005 0.12288 0.0789478
2 0.633656 0.319415 0.0322106 0.014049
5 0.920485 0.390708 0.156735 0.0761282
2 0.35315 0.316878 0.0375746 0.017662
2 0.644277 0.319671 0.0520892 0.0169728
2 0.608065 0.311506 0.0264893 0.0128527
5 0.910838 0.301995 0.065587 0.0425751
