2 0.455681 0.874467 0.299475 0.195472
2 0.907915 0.865466 0.181339 0.172614
2 0.730829 0.521353 0.157305 0.0754626
2 0.44713 0.549148 0.170548 0.0836156
2 0.686134 0.448613 0.111577 0.053993
2 0.348277 0.441692 0.106337 0.0483063
2 0.111495 0.717488 0.22275 0.163761
2 0.550002 0.381703 0.0786896 0.0353313
7 0.379496 0.389009 0.149626 0.0873624
2 0.260617 0.498601 0.148083 0.0874849
2 0.206101 0.36958 0.0730211 0.0326874
2 0.0558433 0.385174 0.0823137 0.0350983
0 0.495091 0.84246 0.0893515 0.040499
2 0.32191 0.335134 0.0468529 0.0226272
2 0.579927 0.330877 0.0502009 0.0264628
5 0.85204 0.363009 0.127297 0.0798168
2 0.479061 0.330385 0.0504421 0.0239372
2 0.352791 0.320314 0.0358715 0.0178013
2 0.649137 0.317394 0.0354632 0.0154657
0 0.138073 0.69551 0.07036 0.0313675
5 0.819801 0.307933 0.066069 0.0328254
2 0.308046 0.318586 0.0351286 0.0176387
