2 0.857568 0.804834 0.284864 0.168669
2 0.504886 0.569813 0.191965 0.0944998
2 0.275726 0.461397 0.137797 0.0717094
2 0.751533 0.475801 0.176378 0.105823
2 0.397655 0.3523 0.0893593 0.0491166
2 0.639985 0.394482 0.0961003 0.0472019
2 0.0979387 0.374235 0.103172 0.0504419
2 0.512763 0.399907 0.142889 0.108319
2 0.600435 0.308562 0.0605371 0.0293083
2 0.674087 0.318431 0.0720529 0.039887
2 0.355409 0.288172 0.0440304 0.0245286
2 0.112812 0.349252 0.0893204 0.0397322
2 0.496635 0.317057 0.0718457 0.0302596
2 0.678756 0.286129 0.0497959 0.0214952
7 0.274941 0.287385 0.0735638 0.0416584
2 0.603225 0.288541 0.0523507 0.022161
7 0.477555 0.277113 0.0443798 0.0310956
2 0.531692 0.287303 0.0462499 0.0249875
2 0.503683 0.30668 0.0695057 0.0257191
5 0.27409 0.286601 0.0763508 0.0433045
2 0.499242 0.312221 0.0703732 0.0345568
2 0.663387 0.268237 0.0406659 0.0256416
2 0.385137 0.282392 0.0301277 0.0161636
2 0.857568 0.804834 0.284864 0.168669
2 0.504886 0.569813 0.191965 0.0944998
2 0.275726 0.461397 0.137797 0.0717094
2 0.751533 0.475801 0.176378 0.105823
2 0.397655 0.3523 0.0893593 0.0491166
2 0.639985 0.394482 0.0961003 0.0472019
2 0.0979387 0.374235 0.103172 0.0504419
2 0.512763 0.399907 0.142889 0.108319
2 0.600435 0.308562 0.0605371 0.0293083
2 0.674087 0.318431 0.0720529 0.039887
2 0.355409 0.288172 0.0440304 0.0245286
2 0.112812 0.349252 0.0893204 0.0397322
2 0.496635 0.317057 0.0718457 0.0302596
2 0.678756 0.286129 0.0497959 0.0214952
7 0.274941 0.287385 0.0735638 0.0416584
2 0.603225 0.288541 0.0523507 0.022161
7 0.477555 0.277113 0.0443798 0.0310956
2 0.531692 0.287303 0.0462499 0.0249875
2 0.503683 0.30668 0.0695057 0.0257191
5 0.27409 0.286601 0.0763508 0.0433045
2 0.499242 0.312221 0.0703732 0.0345568
2 0.663387 0.268237 0.0406659 0.0256416
2 0.385137 0.282392 0.0301277 0.0161636
2 0.857568 0.804834 0.284864 0.168669
2 0.504886 0.569813 0.191965 0.0944998
2 0.275726 0.461397 0.137797 0.0717094
2 0.751533 0.475801 0.176378 0.105823
2 0.397655 0.3523 0.0893593 0.0491166
2 0.639985 0.394482 0.0961003 0.0472019
2 0.0979387 0.374235 0.103172 0.0504419
2 0.512763 0.399907 0.142889 0.108319
2 0.600435 0.308562 0.0605371 0.0293083
2 0.674087 0.318431 0.0720529 0.039887
2 0.355409 0.288172 0.0440304 0.0245286
2 0.112812 0.349252 0.0893204 0.0397322
2 0.496635 0.317057 0.0718457 0.0302596
2 0.678756 0.286129 0.0497959 0.0214952
7 0.274941 0.287385 0.0735638 0.0416584
2 0.603225 0.288541 0.0523507 0.022161
7 0.477555 0.277113 0.0443798 0.0310956
2 0.531692 0.287303 0.0462499 0.0249875
2 0.503683 0.30668 0.0695057 0.0257191
5 0.27409 0.286601 0.0763508 0.0433045
2 0.499242 0.312221 0.0703732 0.0345568
2 0.663387 0.268237 0.0406659 0.0256416
2 0.385137 0.282392 0.0301277 0.0161636
2 0.857568 0.804834 0.284864 0.168669
2 0.504886 0.569813 0.191965 0.0944998
2 0.275726 0.461397 0.137797 0.0717094
2 0.751533 0.475801 0.176378 0.105823
2 0.397655 0.3523 0.0893593 0.0491166
2 0.639985 0.394482 0.0961003 0.0472019
2 0.0979387 0.374235 0.103172 0.0504419
2 0.512763 0.399907 0.142889 0.108319
2 0.600435 0.308562 0.0605371 0.0293083
2 0.674087 0.318431 0.0720529 0.039887
2 0.355409 0.288172 0.0440304 0.0245286
2 0.112812 0.349252 0.0893204 0.0397322
2 0.496635 0.317057 0.0718457 0.0302596
2 0.678756 0.286129 0.0497959 0.0214952
7 0.274941 0.287385 0.0735638 0.0416584
2 0.603225 0.288541 0.0523507 0.022161
7 0.477555 0.277113 0.0443798 0.0310956
2 0.531692 0.287303 0.0462499 0.0249875
2 0.503683 0.30668 0.0695057 0.0257191
5 0.27409 0.286601 0.0763508 0.0433045
2 0.499242 0.312221 0.0703732 0.0345568
2 0.663387 0.268237 0.0406659 0.0256416
2 0.385137 0.282392 0.0301277 0.0161636
2 0.857568 0.804834 0.284864 0.168669
2 0.504886 0.569813 0.191965 0.0944998
2 0.275726 0.461397 0.137797 0.0717094
2 0.751533 0.475801 0.176378 0.105823
2 0.397655 0.3523 0.0893593 0.0491166
2 0.639985 0.394482 0.0961003 0.0472019
2 0.0979387 0.374235 0.103172 0.0504419
2 0.512763 0.399907 0.142889 0.108319
2 0.600435 0.308562 0.0605371 0.0293083
2 0.674087 0.318431 0.0720529 0.039887
2 0.355409 0.288172 0.0440304 0.0245286
2 0.112812 0.349252 0.0893204 0.0397322
2 0.496635 0.317057 0.0718457 0.0302596
2 0.678756 0.286129 0.0497959 0.0214952
7 0.274941 0.287385 0.0735638 0.0416584
2 0.603225 0.288541 0.0523507 0.022161
7 0.477555 0.277113 0.0443798 0.0310956
2 0.531692 0.287303 0.0462499 0.0249875
2 0.503683 0.30668 0.0695057 0.0257191
5 0.27409 0.286601 0.0763508 0.0433045
2 0.499242 0.312221 0.0703732 0.0345568
2 0.663387 0.268237 0.0406659 0.0256416
2 0.385137 0.282392 0.0301277 0.0161636
