2 0.478733 0.785798 0.251904 0.158067
2 0.779993 0.580027 0.177116 0.0917897
2 0.892224 0.813508 0.214133 0.165758
2 0.576024 0.428092 0.106307 0.049541
2 0.0935586 0.411182 0.100034 0.0456683
2 0.279571 0.520963 0.143009 0.0697424
5 0.838858 0.346201 0.108765 0.0696807
2 0.465222 0.335207 0.0590251 0.0280724
7 0.321649 0.436893 0.188033 0.120292
2 0.135033 0.646647 0.224699 0.139475
2 0.564972 0.342515 0.0637326 0.034759
2 0.66453 0.32248 0.0445093 0.01583
2 0.294252 0.340356 0.0528564 0.0253779
0 0.522288 0.759127 0.06465 0.0317707
2 0.580225 0.314484 0.0408804 0.0159971
2 0.343153 0.320345 0.0462041 0.019284
0 0.015688 0.372207 0.0307844 0.0191959
2 0.472095 0.315271 0.0513743 0.0163498
3 0.0159902 0.391125 0.0311256 0.0242014
2 0.29219 0.316435 0.0411758 0.0162905
5 0.92525 0.394005 0.147882 0.0869528
0 0.0159275 0.382399 0.0316199 0.0391267
5 0.842564 0.298941 0.0658917 0.0259221
2 0.615885 0.311672 0.0463825 0.0158857
2 0.478733 0.785798 0.251904 0.158067
2 0.779993 0.580027 0.177116 0.0917897
2 0.892224 0.813508 0.214133 0.165758
2 0.576024 0.428092 0.106307 0.049541
2 0.0935586 0.411182 0.100034 0.0456683
2 0.279571 0.520963 0.143009 0.0697424
5 0.838858 0.346201 0.108765 0.0696807
2 0.465222 0.335207 0.0590251 0.0280724
7 0.321649 0.436893 0.188033 0.120292
2 0.135033 0.646647 0.224699 0.139475
2 0.564972 0.342515 0.0637326 0.034759
2 0.66453 0.32248 0.0445093 0.01583
2 0.294252 0.340356 0.0528564 0.0253779
0 0.522288 0.759127 0.06465 0.0317707
2 0.580225 0.314484 0.0408804 0.0159971
2 0.343153 0.320345 0.0462041 0.019284
0 0.015688 0.372207 0.0307844 0.0191959
2 0.472095 0.315271 0.0513743 0.0163498
3 0.0159902 0.391125 0.0311256 0.0242014
2 0.29219 0.316435 0.0411758 0.0162905
5 0.92525 0.394005 0.147882 0.0869528
0 0.0159275 0.382399 0.0316199 0.0391267
5 0.842564 0.298941 0.0658917 0.0259221
2 0.615885 0.311672 0.0463825 0.0158857
2 0.478733 0.785798 0.251904 0.158067
2 0.779993 0.580027 0.177116 0.0917897
2 0.892224 0.813508 0.214133 0.165758
2 0.576024 0.428092 0.106307 0.049541
2 0.0935586 0.411182 0.100034 0.0456683
2 0.279571 0.520963 0.143009 0.0697424
5 0.838858 0.346201 0.108765 0.0696807
2 0.465222 0.335207 0.0590251 0.0280724
7 0.321649 0.436893 0.188033 0.120292
2 0.135033 0.646647 0.224699 0.139475
2 0.564972 0.342515 0.0637326 0.034759
2 0.66453 0.32248 0.0445093 0.01583
2 0.294252 0.340356 0.0528564 0.0253779
0 0.522288 0.759127 0.06465 0.0317707
2 0.580225 0.314484 0.0408804 0.0159971
2 0.343153 0.320345 0.0462041 0.019284
0 0.015688 0.372207 0.0307844 0.0191959
2 0.472095 0.315271 0.0513743 0.0163498
3 0.0159902 0.391125 0.0311256 0.0242014
2 0.29219 0.316435 0.0411758 0.0162905
5 0.92525 0.394005 0.147882 0.0869528
0 0.0159275 0.382399 0.0316199 0.0391267
5 0.842564 0.298941 0.0658917 0.0259221
2 0.615885 0.311672 0.0463825 0.0158857
2 0.478733 0.785798 0.251904 0.158067
2 0.779993 0.580027 0.177116 0.0917897
2 0.892224 0.813508 0.214133 0.165758
2 0.576024 0.428092 0.106307 0.049541
2 0.0935586 0.411182 0.100034 0.0456683
2 0.279571 0.520963 0.143009 0.0697424
5 0.838858 0.346201 0.108765 0.0696807
2 0.465222 0.335207 0.0590251 0.0280724
7 0.321649 0.436893 0.188033 0.120292
2 0.135033 0.646647 0.224699 0.139475
2 0.564972 0.342515 0.0637326 0.034759
2 0.66453 0.32248 0.0445093 0.01583
2 0.294252 0.340356 0.0528564 0.0253779
0 0.522288 0.759127 0.06465 0.0317707
2 0.580225 0.314484 0.0408804 0.0159971
2 0.343153 0.320345 0.0462041 0.019284
0 0.015688 0.372207 0.0307844 0.0191959
2 0.472095 0.315271 0.0513743 0.0163498
3 0.0159902 0.391125 0.0311256 0.0242014
2 0.29219 0.316435 0.0411758 0.0162905
5 0.92525 0.394005 0.147882 0.0869528
0 0.0159275 0.382399 0.0316199 0.0391267
5 0.842564 0.298941 0.0658917 0.0259221
2 0.615885 0.311672 0.0463825 0.0158857
2 0.478733 0.785798 0.251904 0.158067
2 0.779993 0.580027 0.177116 0.0917897
2 0.892224 0.813508 0.214133 0.165758
2 0.576024 0.428092 0.106307 0.049541
2 0.0935586 0.411182 0.100034 0.0456683
2 0.279571 0.520963 0.143009 0.0697424
5 0.838858 0.346201 0.108765 0.0696807
2 0.465222 0.335207 0.0590251 0.0280724
7 0.321649 0.436893 0.188033 0.120292
2 0.135033 0.646647 0.224699 0.139475
2 0.564972 0.342515 0.0637326 0.034759
2 0.66453 0.32248 0.0445093 0.01583
2 0.294252 0.340356 0.0528564 0.0253779
0 0.522288 0.759127 0.06465 0.0317707
2 0.580225 0.314484 0.0408804 0.0159971
2 0.343153 0.320345 0.0462041 0.019284
0 0.015688 0.372207 0.0307844 0.0191959
2 0.472095 0.315271 0.0513743 0.0163498
3 0.0159902 0.391125 0.0311256 0.0242014
2 0.29219 0.316435 0.0411758 0.0162905
5 0.92525 0.394005 0.147882 0.0869528
0 0.0159275 0.382399 0.0316199 0.0391267
5 0.842564 0.298941 0.0658917 0.0259221
2 0.615885 0.311672 0.0463825 0.0158857
2 0.478733 0.785798 0.251904 0.158067
2 0.779993 0.580027 0.177116 0.0917897
2 0.892224 0.813508 0.214133 0.165758
2 0.576024 0.428092 0.106307 0.049541
2 0.0935586 0.411182 0.100034 0.0456683
2 0.279571 0.520963 0.143009 0.0697424
5 0.838858 0.346201 0.108765 0.0696807
2 0.465222 0.335207 0.0590251 0.0280724
7 0.321649 0.436893 0.188033 0.120292
2 0.135033 0.646647 0.224699 0.139475
2 0.564972 0.342515 0.0637326 0.034759
2 0.66453 0.32248 0.0445093 0.01583
2 0.294252 0.340356 0.0528564 0.0253779
0 0.522288 0.759127 0.06465 0.0317707
2 0.580225 0.314484 0.0408804 0.0159971
2 0.343153 0.320345 0.0462041 0.019284
0 0.015688 0.372207 0.0307844 0.0191959
2 0.472095 0.315271 0.0513743 0.0163498
3 0.0159902 0.391125 0.0311256 0.0242014
2 0.29219 0.316435 0.0411758 0.0162905
5 0.92525 0.394005 0.147882 0.0869528
0 0.0159275 0.382399 0.0316199 0.0391267
5 0.842564 0.298941 0.0658917 0.0259221
2 0.615885 0.311672 0.0463825 0.0158857
2 0.478733 0.785798 0.251904 0.158067
2 0.779993 0.580027 0.177116 0.0917897
2 0.892224 0.813508 0.214133 0.165758
2 0.576024 0.428092 0.106307 0.049541
2 0.0935586 0.411182 0.100034 0.0456683
2 0.279571 0.520963 0.143009 0.0697424
5 0.838858 0.346201 0.108765 0.0696807
2 0.465222 0.335207 0.0590251 0.0280724
7 0.321649 0.436893 0.188033 0.120292
2 0.135033 0.646647 0.224699 0.139475
2 0.564972 0.342515 0.0637326 0.034759
2 0.66453 0.32248 0.0445093 0.01583
2 0.294252 0.340356 0.0528564 0.0253779
0 0.522288 0.759127 0.06465 0.0317707
2 0.580225 0.314484 0.0408804 0.0159971
2 0.343153 0.320345 0.0462041 0.019284
0 0.015688 0.372207 0.0307844 0.0191959
2 0.472095 0.315271 0.0513743 0.0163498
3 0.0159902 0.391125 0.0311256 0.0242014
2 0.29219 0.316435 0.0411758 0.0162905
5 0.92525 0.394005 0.147882 0.0869528
0 0.0159275 0.382399 0.0316199 0.0391267
5 0.842564 0.298941 0.0658917 0.0259221
2 0.615885 0.311672 0.0463825 0.0158857
2 0.478733 0.785798 0.251904 0.158067
2 0.779993 0.580027 0.177116 0.0917897
2 0.892224 0.813508 0.214133 0.165758
2 0.576024 0.428092 0.106307 0.049541
2 0.0935586 0.411182 0.100034 0.0456683
2 0.279571 0.520963 0.143009 0.0697424
5 0.838858 0.346201 0.108765 0.0696807
2 0.465222 0.335207 0.0590251 0.0280724
7 0.321649 0.436893 0.188033 0.120292
2 0.135033 0.646647 0.224699 0.139475
2 0.564972 0.342515 0.0637326 0.034759
2 0.66453 0.32248 0.0445093 0.01583
2 0.294252 0.340356 0.0528564 0.0253779
0 0.522288 0.759127 0.06465 0.0317707
2 0.580225 0.314484 0.0408804 0.0159971
2 0.343153 0.320345 0.0462041 0.019284
0 0.015688 0.372207 0.0307844 0.0191959
2 0.472095 0.315271 0.0513743 0.0163498
3 0.0159902 0.391125 0.0311256 0.0242014
2 0.29219 0.316435 0.0411758 0.0162905
5 0.92525 0.394005 0.147882 0.0869528
0 0.0159275 0.382399 0.0316199 0.0391267
5 0.842564 0.298941 0.0658917 0.0259221
2 0.615885 0.311672 0.0463825 0.0158857
2 0.478733 0.785798 0.251904 0.158067
2 0.779993 0.580027 0.177116 0.0917897
2 0.892224 0.813508 0.214133 0.165758
2 0.576024 0.428092 0.106307 0.049541
2 0.0935586 0.411182 0.100034 0.0456683
2 0.279571 0.520963 0.143009 0.0697424
5 0.838858 0.346201 0.108765 0.0696807
2 0.465222 0.335207 0.0590251 0.0280724
7 0.321649 0.436893 0.188033 0.120292
2 0.135033 0.646647 0.224699 0.139475
2 0.564972 0.342515 0.0637326 0.034759
2 0.66453 0.32248 0.0445093 0.01583
2 0.294252 0.340356 0.0528564 0.0253779
0 0.522288 0.759127 0.06465 0.0317707
2 0.580225 0.314484 0.0408804 0.0159971
2 0.343153 0.320345 0.0462041 0.019284
0 0.015688 0.372207 0.0307844 0.0191959
2 0.472095 0.315271 0.0513743 0.0163498
3 0.0159902 0.391125 0.0311256 0.0242014
2 0.29219 0.316435 0.0411758 0.0162905
5 0.92525 0.394005 0.147882 0.0869528
0 0.0159275 0.382399 0.0316199 0.0391267
5 0.842564 0.298941 0.0658917 0.0259221
2 0.615885 0.311672 0.0463825 0.0158857
2 0.478733 0.785798 0.251904 0.158067
2 0.779993 0.580027 0.177116 0.0917897
2 0.892224 0.813508 0.214133 0.165758
2 0.576024 0.428092 0.106307 0.049541
2 0.0935586 0.411182 0.100034 0.0456683
2 0.279571 0.520963 0.143009 0.0697424
5 0.838858 0.346201 0.108765 0.0696807
2 0.465222 0.335207 0.0590251 0.0280724
7 0.321649 0.436893 0.188033 0.120292
2 0.135033 0.646647 0.224699 0.139475
2 0.564972 0.342515 0.0637326 0.034759
2 0.66453 0.32248 0.0445093 0.01583
2 0.294252 0.340356 0.0528564 0.0253779
0 0.522288 0.759127 0.06465 0.0317707
2 0.580225 0.314484 0.0408804 0.0159971
2 0.343153 0.320345 0.0462041 0.019284
0 0.015688 0.372207 0.0307844 0.0191959
2 0.472095 0.315271 0.0513743 0.0163498
3 0.0159902 0.391125 0.0311256 0.0242014
2 0.29219 0.316435 0.0411758 0.0162905
5 0.92525 0.394005 0.147882 0.0869528
0 0.0159275 0.382399 0.0316199 0.0391267
5 0.842564 0.298941 0.0658917 0.0259221
2 0.615885 0.311672 0.0463825 0.0158857
2 0.478733 0.785798 0.251904 0.158067
2 0.779993 0.580027 0.177116 0.0917897
2 0.892224 0.813508 0.214133 0.165758
2 0.576024 0.428092 0.106307 0.049541
2 0.0935586 0.411182 0.100034 0.0456683
2 0.279571 0.520963 0.143009 0.0697424
5 0.838858 0.346201 0.108765 0.0696807
2 0.465222 0.335207 0.0590251 0.0280724
7 0.321649 0.436893 0.188033 0.120292
2 0.135033 0.646647 0.224699 0.139475
2 0.564972 0.342515 0.0637326 0.034759
2 0.66453 0.32248 0.0445093 0.01583
2 0.294252 0.340356 0.0528564 0.0253779
0 0.522288 0.759127 0.06465 0.0317707
2 0.580225 0.314484 0.0408804 0.0159971
2 0.343153 0.320345 0.0462041 0.019284
0 0.015688 0.372207 0.0307844 0.0191959
2 0.472095 0.315271 0.0513743 0.0163498
3 0.0159902 0.391125 0.0311256 0.0242014
2 0.29219 0.316435 0.0411758 0.0162905
5 0.92525 0.394005 0.147882 0.0869528
0 0.0159275 0.382399 0.0316199 0.0391267
5 0.842564 0.298941 0.0658917 0.0259221
2 0.615885 0.311672 0.0463825 0.0158857
2 0.478733 0.785798 0.251904 0.158067
2 0.779993 0.580027 0.177116 0.0917897
2 0.892224 0.813508 0.214133 0.165758
2 0.576024 0.428092 0.106307 0.049541
2 0.0935586 0.411182 0.100034 0.0456683
2 0.279571 0.520963 0.143009 0.0697424
5 0.838858 0.346201 0.108765 0.0696807
2 0.465222 0.335207 0.0590251 0.0280724
7 0.321649 0.436893 0.188033 0.120292
2 0.135033 0.646647 0.224699 0.139475
2 0.564972 0.342515 0.0637326 0.034759
2 0.66453 0.32248 0.0445093 0.01583
2 0.294252 0.340356 0.0528564 0.0253779
0 0.522288 0.759127 0.06465 0.0317707
2 0.580225 0.314484 0.0408804 0.0159971
2 0.343153 0.320345 0.0462041 0.019284
0 0.015688 0.372207 0.0307844 0.0191959
2 0.472095 0.315271 0.0513743 0.0163498
3 0.0159902 0.391125 0.0311256 0.0242014
2 0.29219 0.316435 0.0411758 0.0162905
5 0.92525 0.394005 0.147882 0.0869528
0 0.0159275 0.382399 0.0316199 0.0391267
5 0.842564 0.298941 0.0658917 0.0259221
2 0.615885 0.311672 0.0463825 0.0158857
2 0.478733 0.785798 0.251904 0.158067
2 0.779993 0.580027 0.177116 0.0917897
2 0.892224 0.813508 0.214133 0.165758
2 0.576024 0.428092 0.106307 0.049541
2 0.0935586 0.411182 0.100034 0.0456683
2 0.279571 0.520963 0.143009 0.0697424
5 0.838858 0.346201 0.108765 0.0696807
2 0.465222 0.335207 0.0590251 0.0280724
7 0.321649 0.436893 0.188033 0.120292
2 0.135033 0.646647 0.224699 0.139475
2 0.564972 0.342515 0.0637326 0.034759
2 0.66453 0.32248 0.0445093 0.01583
2 0.294252 0.340356 0.0528564 0.0253779
0 0.522288 0.759127 0.06465 0.0317707
2 0.580225 0.314484 0.0408804 0.0159971
2 0.343153 0.320345 0.0462041 0.019284
0 0.015688 0.372207 0.0307844 0.0191959
2 0.472095 0.315271 0.0513743 0.0163498
3 0.0159902 0.391125 0.0311256 0.0242014
2 0.29219 0.316435 0.0411758 0.0162905
5 0.92525 0.394005 0.147882 0.0869528
0 0.0159275 0.382399 0.0316199 0.0391267
5 0.842564 0.298941 0.0658917 0.0259221
2 0.615885 0.311672 0.0463825 0.0158857
2 0.478707 0.786443 0.252637 0.158521
2 0.779559 0.580593 0.175363 0.0911533
2 0.892039 0.814413 0.214598 0.167885
7 0.314903 0.437674 0.189097 0.126886
2 0.276623 0.521542 0.14761 0.0694679
2 0.135225 0.646661 0.223532 0.139139
2 0.0934717 0.411272 0.101112 0.0453876
2 0.576857 0.428553 0.106972 0.0500443
5 0.839428 0.345858 0.10911 0.0713399
2 0.665556 0.320681 0.0440772 0.0190956
2 0.466212 0.334638 0.0590718 0.0287144
2 0.294782 0.340074 0.0529601 0.0253929
2 0.564635 0.341534 0.0655004 0.0357086
0 0.0149177 0.372669 0.0278802 0.0182381
2 0.580508 0.316163 0.0383072 0.0143441
2 0.339508 0.321159 0.042003 0.0186516
2 0.290875 0.317676 0.0399477 0.0146381
0 0.519683 0.75796 0.0649709 0.0320866
2 0.478707 0.786443 0.252637 0.158521
2 0.779559 0.580593 0.175363 0.0911533
2 0.892039 0.814413 0.214598 0.167885
7 0.314903 0.437674 0.189097 0.126886
2 0.276623 0.521542 0.14761 0.0694679
2 0.135225 0.646661 0.223532 0.139139
2 0.0934717 0.411272 0.101112 0.0453876
2 0.576857 0.428553 0.106972 0.0500443
5 0.839428 0.345858 0.10911 0.0713399
2 0.665556 0.320681 0.0440772 0.0190956
2 0.466212 0.334638 0.0590718 0.0287144
2 0.294782 0.340074 0.0529601 0.0253929
2 0.564635 0.341534 0.0655004 0.0357086
0 0.0149177 0.372669 0.0278802 0.0182381
2 0.580508 0.316163 0.0383072 0.0143441
2 0.339508 0.321159 0.042003 0.0186516
2 0.290875 0.317676 0.0399477 0.0146381
0 0.519683 0.75796 0.0649709 0.0320866
2 0.478707 0.786443 0.252637 0.158521
2 0.779559 0.580593 0.175363 0.0911533
2 0.892039 0.814413 0.214598 0.167885
7 0.314903 0.437674 0.189097 0.126886
2 0.276623 0.521542 0.14761 0.0694679
2 0.135225 0.646661 0.223532 0.139139
2 0.0934717 0.411272 0.101112 0.0453876
2 0.576857 0.428553 0.106972 0.0500443
5 0.839428 0.345858 0.10911 0.0713399
2 0.665556 0.320681 0.0440772 0.0190956
2 0.466212 0.334638 0.0590718 0.0287144
2 0.294782 0.340074 0.0529601 0.0253929
2 0.564635 0.341534 0.0655004 0.0357086
0 0.0149177 0.372669 0.0278802 0.0182381
2 0.580508 0.316163 0.0383072 0.0143441
2 0.339508 0.321159 0.042003 0.0186516
2 0.290875 0.317676 0.0399477 0.0146381
0 0.519683 0.75796 0.0649709 0.0320866
2 0.478707 0.786443 0.252637 0.158521
2 0.779559 0.580593 0.175363 0.0911533
2 0.892039 0.814413 0.214598 0.167885
7 0.314903 0.437674 0.189097 0.126886
2 0.276623 0.521542 0.14761 0.0694679
2 0.135225 0.646661 0.223532 0.139139
2 0.0934717 0.411272 0.101112 0.0453876
2 0.576857 0.428553 0.106972 0.0500443
5 0.839428 0.345858 0.10911 0.0713399
2 0.665556 0.320681 0.0440772 0.0190956
2 0.466212 0.334638 0.0590718 0.0287144
2 0.294782 0.340074 0.0529601 0.0253929
2 0.564635 0.341534 0.0655004 0.0357086
0 0.0149177 0.372669 0.0278802 0.0182381
2 0.580508 0.316163 0.0383072 0.0143441
2 0.339508 0.321159 0.042003 0.0186516
2 0.290875 0.317676 0.0399477 0.0146381
0 0.519683 0.75796 0.0649709 0.0320866
2 0.478707 0.786443 0.252637 0.158521
2 0.779559 0.580593 0.175363 0.0911533
2 0.892039 0.814413 0.214598 0.167885
7 0.314903 0.437674 0.189097 0.126886
2 0.276623 0.521542 0.14761 0.0694679
2 0.135225 0.646661 0.223532 0.139139
2 0.0934717 0.411272 0.101112 0.0453876
2 0.576857 0.428553 0.106972 0.0500443
5 0.839428 0.345858 0.10911 0.0713399
2 0.665556 0.320681 0.0440772 0.0190956
2 0.466212 0.334638 0.0590718 0.0287144
2 0.294782 0.340074 0.0529601 0.0253929
2 0.564635 0.341534 0.0655004 0.0357086
0 0.0149177 0.372669 0.0278802 0.0182381
2 0.580508 0.316163 0.0383072 0.0143441
2 0.339508 0.321159 0.042003 0.0186516
2 0.290875 0.317676 0.0399477 0.0146381
0 0.519683 0.75796 0.0649709 0.0320866
2 0.478707 0.786443 0.252637 0.158521
2 0.779559 0.580593 0.175363 0.0911533
2 0.892039 0.814413 0.214598 0.167885
7 0.314903 0.437674 0.189097 0.126886
2 0.276623 0.521542 0.14761 0.0694679
2 0.135225 0.646661 0.223532 0.139139
2 0.0934717 0.411272 0.101112 0.0453876
2 0.576857 0.428553 0.106972 0.0500443
5 0.839428 0.345858 0.10911 0.0713399
2 0.665556 0.320681 0.0440772 0.0190956
2 0.466212 0.334638 0.0590718 0.0287144
2 0.294782 0.340074 0.0529601 0.0253929
2 0.564635 0.341534 0.0655004 0.0357086
0 0.0149177 0.372669 0.0278802 0.0182381
2 0.580508 0.316163 0.0383072 0.0143441
2 0.339508 0.321159 0.042003 0.0186516
2 0.290875 0.317676 0.0399477 0.0146381
0 0.519683 0.75796 0.0649709 0.0320866
2 0.478707 0.786443 0.252637 0.158521
2 0.779559 0.580593 0.175363 0.0911533
2 0.892039 0.814413 0.214598 0.167885
7 0.314903 0.437674 0.189097 0.126886
2 0.276623 0.521542 0.14761 0.0694679
2 0.135225 0.646661 0.223532 0.139139
2 0.0934717 0.411272 0.101112 0.0453876
2 0.576857 0.428553 0.106972 0.0500443
5 0.839428 0.345858 0.10911 0.0713399
2 0.665556 0.320681 0.0440772 0.0190956
2 0.466212 0.334638 0.0590718 0.0287144
2 0.294782 0.340074 0.0529601 0.0253929
2 0.564635 0.341534 0.0655004 0.0357086
0 0.0149177 0.372669 0.0278802 0.0182381
2 0.580508 0.316163 0.0383072 0.0143441
2 0.339508 0.321159 0.042003 0.0186516
2 0.290875 0.317676 0.0399477 0.0146381
0 0.519683 0.75796 0.0649709 0.0320866
2 0.478707 0.786443 0.252637 0.158521
2 0.779559 0.580593 0.175363 0.0911533
2 0.892039 0.814413 0.214598 0.167885
7 0.314903 0.437674 0.189097 0.126886
2 0.276623 0.521542 0.14761 0.0694679
2 0.135225 0.646661 0.223532 0.139139
2 0.0934717 0.411272 0.101112 0.0453876
2 0.576857 0.428553 0.106972 0.0500443
5 0.839428 0.345858 0.10911 0.0713399
2 0.665556 0.320681 0.0440772 0.0190956
2 0.466212 0.334638 0.0590718 0.0287144
2 0.294782 0.340074 0.0529601 0.0253929
2 0.564635 0.341534 0.0655004 0.0357086
0 0.0149177 0.372669 0.0278802 0.0182381
2 0.580508 0.316163 0.0383072 0.0143441
2 0.339508 0.321159 0.042003 0.0186516
2 0.290875 0.317676 0.0399477 0.0146381
0 0.519683 0.75796 0.0649709 0.0320866
3 0.0156266 0.39172 0.0288127 0.0225223
0 0.0153017 0.378242 0.0289412 0.0292948
5 0.911339 0.295993 0.0735989 0.0363194
5 0.83818 0.299062 0.0783113 0.0287713
5 0.924779 0.422216 0.149391 0.144563
