2 0.476177 0.928016 0.34556 0.14321
2 0.855029 0.697297 0.239418 0.118056
2 0.453916 0.730552 0.240961 0.142126
2 0.159901 0.624744 0.212898 0.130972
2 0.453928 0.505607 0.143368 0.0728509
2 0.695363 0.475687 0.13217 0.0636733
2 0.284763 0.466886 0.13646 0.0772559
2 0.671722 0.420822 0.0978894 0.047365
7 0.400302 0.376136 0.124411 0.0824605
2 0.358957 0.421179 0.103722 0.0445384
2 0.0446181 0.897206 0.0884961 0.204394
2 0.542319 0.367751 0.0736265 0.0319565
2 0.227543 0.357491 0.0718744 0.030372
2 0.079478 0.374514 0.0714973 0.0338948
2 0.0226429 0.472934 0.0452859 0.0582825
2 0.577156 0.324623 0.0479021 0.0264793
2 0.321096 0.331265 0.0384051 0.0208673
5 0.851876 0.364704 0.134493 0.0878219
2 0.474117 0.324206 0.0551417 0.0259516
2 0.353812 0.315797 0.0334068 0.0159513
2 0.476177 0.928016 0.34556 0.14321
2 0.855029 0.697297 0.239418 0.118056
2 0.453916 0.730552 0.240961 0.142126
2 0.159901 0.624744 0.212898 0.130972
2 0.453928 0.505607 0.143368 0.0728509
2 0.695363 0.475687 0.13217 0.0636733
2 0.284763 0.466886 0.13646 0.0772559
2 0.671722 0.420822 0.0978894 0.047365
7 0.400302 0.376136 0.124411 0.0824605
2 0.358957 0.421179 0.103722 0.0445384
2 0.0446181 0.897206 0.0884961 0.204394
2 0.542319 0.367751 0.0736265 0.0319565
2 0.227543 0.357491 0.0718744 0.030372
2 0.079478 0.374514 0.0714973 0.0338948
2 0.0226429 0.472934 0.0452859 0.0582825
2 0.577156 0.324623 0.0479021 0.0264793
2 0.321096 0.331265 0.0384051 0.0208673
5 0.851876 0.364704 0.134493 0.0878219
2 0.474117 0.324206 0.0551417 0.0259516
2 0.353812 0.315797 0.0334068 0.0159513
2 0.476177 0.928016 0.34556 0.14321
2 0.855029 0.697297 0.239418 0.118056
2 0.453916 0.730552 0.240961 0.142126
2 0.159901 0.624744 0.212898 0.130972
2 0.453928 0.505607 0.143368 0.0728509
2 0.695363 0.475687 0.13217 0.0636733
2 0.284763 0.466886 0.13646 0.0772559
2 0.671722 0.420822 0.0978894 0.047365
7 0.400302 0.376136 0.124411 0.0824605
2 0.358957 0.421179 0.103722 0.0445384
2 0.0446181 0.897206 0.0884961 0.204394
2 0.542319 0.367751 0.0736265 0.0319565
2 0.227543 0.357491 0.0718744 0.030372
2 0.079478 0.374514 0.0714973 0.0338948
2 0.0226429 0.472934 0.0452859 0.0582825
2 0.577156 0.324623 0.0479021 0.0264793
2 0.321096 0.331265 0.0384051 0.0208673
5 0.851876 0.364704 0.134493 0.0878219
2 0.474117 0.324206 0.0551417 0.0259516
2 0.353812 0.315797 0.0334068 0.0159513
2 0.476177 0.928016 0.34556 0.14321
2 0.855029 0.697297 0.239418 0.118056
2 0.453916 0.730552 0.240961 0.142126
2 0.159901 0.624744 0.212898 0.130972
2 0.453928 0.505607 0.143368 0.0728509
2 0.695363 0.475687 0.13217 0.0636733
2 0.284763 0.466886 0.13646 0.0772559
2 0.671722 0.420822 0.0978894 0.047365
7 0.400302 0.376136 0.124411 0.0824605
2 0.358957 0.421179 0.103722 0.0445384
2 0.0446181 0.897206 0.0884961 0.204394
2 0.542319 0.367751 0.0736265 0.0319565
2 0.227543 0.357491 0.0718744 0.030372
2 0.079478 0.374514 0.0714973 0.0338948
2 0.0226429 0.472934 0.0452859 0.0582825
2 0.577156 0.324623 0.0479021 0.0264793
2 0.321096 0.331265 0.0384051 0.0208673
5 0.851876 0.364704 0.134493 0.0878219
2 0.474117 0.324206 0.0551417 0.0259516
2 0.353812 0.315797 0.0334068 0.0159513
2 0.476177 0.928016 0.34556 0.14321
2 0.855029 0.697297 0.239418 0.118056
2 0.453916 0.730552 0.240961 0.142126
2 0.159901 0.624744 0.212898 0.130972
2 0.453928 0.505607 0.143368 0.0728509
2 0.695363 0.475687 0.13217 0.0636733
2 0.284763 0.466886 0.13646 0.0772559
2 0.671722 0.420822 0.0978894 0.047365
7 0.400302 0.376136 0.124411 0.0824605
2 0.358957 0.421179 0.103722 0.0445384
2 0.0446181 0.897206 0.0884961 0.204394
2 0.542319 0.367751 0.0736265 0.0319565
2 0.227543 0.357491 0.0718744 0.030372
2 0.079478 0.374514 0.0714973 0.0338948
2 0.0226429 0.472934 0.0452859 0.0582825
2 0.577156 0.324623 0.0479021 0.0264793
2 0.321096 0.331265 0.0384051 0.0208673
5 0.851876 0.364704 0.134493 0.0878219
2 0.474117 0.324206 0.0551417 0.0259516
2 0.353812 0.315797 0.0334068 0.0159513
