2 0.468001 0.719831 0.246999 0.134763
2 0.745516 0.507677 0.159766 0.0761594
2 0.2756 0.491495 0.147918 0.067778
2 0.505639 0.441938 0.137203 0.0752054
2 0.547356 0.370947 0.0816496 0.0406384
7 0.406703 0.357692 0.0970774 0.0684221
2 0.150455 0.367803 0.0847884 0.0376577
2 0.200945 0.328768 0.0591354 0.0285501
2 0.0712708 0.40342 0.10999 0.0625166
2 0.572939 0.329686 0.0668624 0.0302874
2 0.468031 0.342502 0.0571626 0.0395557
2 0.677847 0.384587 0.112528 0.0826194
2 0.264905 0.336959 0.067873 0.0307285
2 0.305891 0.324308 0.055555 0.0256851
5 0.514851 0.29335 0.0685062 0.0350372
2 0.516559 0.316956 0.0432866 0.0219968
2 0.554401 0.354688 0.0823351 0.0357567
2 0.474271 0.320391 0.0617249 0.0321106
2 0.309043 0.299326 0.0378905 0.015029
2 0.358011 0.296485 0.0351824 0.0152144
7 0.67684 0.384828 0.108708 0.0808825
2 0.677205 0.309314 0.0565194 0.0200575
2 0.260261 0.311069 0.0486597 0.0217746
2 0.269237 0.330497 0.0650035 0.0309826
2 0.673813 0.339301 0.0666345 0.0158215
