7 0.157252 0.655568 0.312109 0.255806
2 0.7509 0.694965 0.229134 0.114895
2 0.0802744 0.937687 0.159234 0.124171
2 0.416146 0.373664 0.0783774 0.0380496
2 0.18801 0.377201 0.0757866 0.0336032
2 0.664445 0.36637 0.0647905 0.0307198
5 0.814155 0.339066 0.0872911 0.0585994
2 0.572498 0.337777 0.0490007 0.0224074
2 0.513324 0.406176 0.104058 0.0575867
2 0.301161 0.34294 0.0547427 0.0282091
2 0.482403 0.333499 0.0458247 0.0230119
0 0.177808 0.626578 0.0788645 0.0413403
2 0.66533 0.340998 0.0586147 0.0331971
2 0.265397 0.330632 0.0369236 0.0222128
5 0.906362 0.32289 0.0728305 0.0448813
2 0.483262 0.3181 0.0409673 0.0158081
2 0.449328 0.321841 0.0367554 0.0129046
2 0.62547 0.316333 0.0375044 0.0134162
2 0.345967 0.330272 0.0373054 0.0169179
2 0.544663 0.320181 0.031963 0.0136295
5 0.893439 0.322298 0.0992944 0.0523872
2 0.59408 0.325901 0.0417908 0.0205801
2 0.317322 0.32137 0.0303103 0.0110307
2 0.352068 0.321291 0.0387338 0.0135929
7 0.157252 0.655568 0.312109 0.255806
2 0.7509 0.694965 0.229134 0.114895
2 0.0802744 0.937687 0.159234 0.124171
2 0.416146 0.373664 0.0783774 0.0380496
2 0.18801 0.377201 0.0757866 0.0336032
2 0.664445 0.36637 0.0647905 0.0307198
5 0.814155 0.339066 0.0872911 0.0585994
2 0.572498 0.337777 0.0490007 0.0224074
2 0.513324 0.406176 0.104058 0.0575867
2 0.301161 0.34294 0.0547427 0.0282091
2 0.482403 0.333499 0.0458247 0.0230119
0 0.177808 0.626578 0.0788645 0.0413403
2 0.66533 0.340998 0.0586147 0.0331971
2 0.265397 0.330632 0.0369236 0.0222128
5 0.906362 0.32289 0.0728305 0.0448813
2 0.483262 0.3181 0.0409673 0.0158081
2 0.449328 0.321841 0.0367554 0.0129046
2 0.62547 0.316333 0.0375044 0.0134162
2 0.345967 0.330272 0.0373054 0.0169179
2 0.544663 0.320181 0.031963 0.0136295
5 0.893439 0.322298 0.0992944 0.0523872
2 0.59408 0.325901 0.0417908 0.0205801
2 0.317322 0.32137 0.0303103 0.0110307
2 0.352068 0.321291 0.0387338 0.0135929
7 0.157252 0.655568 0.312109 0.255806
2 0.7509 0.694965 0.229134 0.114895
2 0.0802744 0.937687 0.159234 0.124171
2 0.416146 0.373664 0.0783774 0.0380496
2 0.18801 0.377201 0.0757866 0.0336032
2 0.664445 0.36637 0.0647905 0.0307198
5 0.814155 0.339066 0.0872911 0.0585994
2 0.572498 0.337777 0.0490007 0.0224074
2 0.513324 0.406176 0.104058 0.0575867
2 0.301161 0.34294 0.0547427 0.0282091
2 0.482403 0.333499 0.0458247 0.0230119
0 0.177808 0.626578 0.0788645 0.0413403
2 0.66533 0.340998 0.0586147 0.0331971
2 0.265397 0.330632 0.0369236 0.0222128
5 0.906362 0.32289 0.0728305 0.0448813
2 0.483262 0.3181 0.0409673 0.0158081
2 0.449328 0.321841 0.0367554 0.0129046
2 0.62547 0.316333 0.0375044 0.0134162
2 0.345967 0.330272 0.0373054 0.0169179
2 0.544663 0.320181 0.031963 0.0136295
5 0.893439 0.322298 0.0992944 0.0523872
2 0.59408 0.325901 0.0417908 0.0205801
2 0.317322 0.32137 0.0303103 0.0110307
2 0.352068 0.321291 0.0387338 0.0135929
7 0.157252 0.655568 0.312109 0.255806
2 0.7509 0.694965 0.229134 0.114895
2 0.0802744 0.937687 0.159234 0.124171
2 0.416146 0.373664 0.0783774 0.0380496
2 0.18801 0.377201 0.0757866 0.0336032
2 0.664445 0.36637 0.0647905 0.0307198
5 0.814155 0.339066 0.0872911 0.0585994
2 0.572498 0.337777 0.0490007 0.0224074
2 0.513324 0.406176 0.104058 0.0575867
2 0.301161 0.34294 0.0547427 0.0282091
2 0.482403 0.333499 0.0458247 0.0230119
0 0.177808 0.626578 0.0788645 0.0413403
2 0.66533 0.340998 0.0586147 0.0331971
2 0.265397 0.330632 0.0369236 0.0222128
5 0.906362 0.32289 0.0728305 0.0448813
2 0.483262 0.3181 0.0409673 0.0158081
2 0.449328 0.321841 0.0367554 0.0129046
2 0.62547 0.316333 0.0375044 0.0134162
2 0.345967 0.330272 0.0373054 0.0169179
2 0.544663 0.320181 0.031963 0.0136295
5 0.893439 0.322298 0.0992944 0.0523872
2 0.59408 0.325901 0.0417908 0.0205801
2 0.317322 0.32137 0.0303103 0.0110307
2 0.352068 0.321291 0.0387338 0.0135929
7 0.157252 0.655568 0.312109 0.255806
2 0.7509 0.694965 0.229134 0.114895
2 0.0802744 0.937687 0.159234 0.124171
2 0.416146 0.373664 0.0783774 0.0380496
2 0.18801 0.377201 0.0757866 0.0336032
2 0.664445 0.36637 0.0647905 0.0307198
5 0.814155 0.339066 0.0872911 0.0585994
2 0.572498 0.337777 0.0490007 0.0224074
2 0.513324 0.406176 0.104058 0.0575867
2 0.301161 0.34294 0.0547427 0.0282091
2 0.482403 0.333499 0.0458247 0.0230119
0 0.177808 0.626578 0.0788645 0.0413403
2 0.66533 0.340998 0.0586147 0.0331971
2 0.265397 0.330632 0.0369236 0.0222128
5 0.906362 0.32289 0.0728305 0.0448813
2 0.483262 0.3181 0.0409673 0.0158081
2 0.449328 0.321841 0.0367554 0.0129046
2 0.62547 0.316333 0.0375044 0.0134162
2 0.345967 0.330272 0.0373054 0.0169179
2 0.544663 0.320181 0.031963 0.0136295
5 0.893439 0.322298 0.0992944 0.0523872
2 0.59408 0.325901 0.0417908 0.0205801
2 0.317322 0.32137 0.0303103 0.0110307
2 0.352068 0.321291 0.0387338 0.0135929
7 0.157252 0.655568 0.312109 0.255806
2 0.7509 0.694965 0.229134 0.114895
2 0.0802744 0.937687 0.159234 0.124171
2 0.416146 0.373664 0.0783774 0.0380496
2 0.18801 0.377201 0.0757866 0.0336032
2 0.664445 0.36637 0.0647905 0.0307198
5 0.814155 0.339066 0.0872911 0.0585994
2 0.572498 0.337777 0.0490007 0.0224074
2 0.513324 0.406176 0.104058 0.0575867
2 0.301161 0.34294 0.0547427 0.0282091
2 0.482403 0.333499 0.0458247 0.0230119
0 0.177808 0.626578 0.0788645 0.0413403
2 0.66533 0.340998 0.0586147 0.0331971
2 0.265397 0.330632 0.0369236 0.0222128
5 0.906362 0.32289 0.0728305 0.0448813
2 0.483262 0.3181 0.0409673 0.0158081
2 0.449328 0.321841 0.0367554 0.0129046
2 0.62547 0.316333 0.0375044 0.0134162
2 0.345967 0.330272 0.0373054 0.0169179
2 0.544663 0.320181 0.031963 0.0136295
5 0.893439 0.322298 0.0992944 0.0523872
2 0.59408 0.325901 0.0417908 0.0205801
2 0.317322 0.32137 0.0303103 0.0110307
2 0.352068 0.321291 0.0387338 0.0135929
7 0.157252 0.655568 0.312109 0.255806
2 0.7509 0.694965 0.229134 0.114895
2 0.0802744 0.937687 0.159234 0.124171
2 0.416146 0.373664 0.0783774 0.0380496
2 0.18801 0.377201 0.0757866 0.0336032
2 0.664445 0.36637 0.0647905 0.0307198
5 0.814155 0.339066 0.0872911 0.0585994
2 0.572498 0.337777 0.0490007 0.0224074
2 0.513324 0.406176 0.104058 0.0575867
2 0.301161 0.34294 0.0547427 0.0282091
2 0.482403 0.333499 0.0458247 0.0230119
0 0.177808 0.626578 0.0788645 0.0413403
2 0.66533 0.340998 0.0586147 0.0331971
2 0.265397 0.330632 0.0369236 0.0222128
5 0.906362 0.32289 0.0728305 0.0448813
2 0.483262 0.3181 0.0409673 0.0158081
2 0.449328 0.321841 0.0367554 0.0129046
2 0.62547 0.316333 0.0375044 0.0134162
2 0.345967 0.330272 0.0373054 0.0169179
2 0.544663 0.320181 0.031963 0.0136295
5 0.893439 0.322298 0.0992944 0.0523872
2 0.59408 0.325901 0.0417908 0.0205801
2 0.317322 0.32137 0.0303103 0.0110307
2 0.352068 0.321291 0.0387338 0.0135929
7 0.157252 0.655568 0.312109 0.255806
2 0.7509 0.694965 0.229134 0.114895
2 0.0802744 0.937687 0.159234 0.124171
2 0.416146 0.373664 0.0783774 0.0380496
2 0.18801 0.377201 0.0757866 0.0336032
2 0.664445 0.36637 0.0647905 0.0307198
5 0.814155 0.339066 0.0872911 0.0585994
2 0.572498 0.337777 0.0490007 0.0224074
2 0.513324 0.406176 0.104058 0.0575867
2 0.301161 0.34294 0.0547427 0.0282091
2 0.482403 0.333499 0.0458247 0.0230119
0 0.177808 0.626578 0.0788645 0.0413403
2 0.66533 0.340998 0.0586147 0.0331971
2 0.265397 0.330632 0.0369236 0.0222128
5 0.906362 0.32289 0.0728305 0.0448813
2 0.483262 0.3181 0.0409673 0.0158081
2 0.449328 0.321841 0.0367554 0.0129046
2 0.62547 0.316333 0.0375044 0.0134162
2 0.345967 0.330272 0.0373054 0.0169179
2 0.544663 0.320181 0.031963 0.0136295
5 0.893439 0.322298 0.0992944 0.0523872
2 0.59408 0.325901 0.0417908 0.0205801
2 0.317322 0.32137 0.0303103 0.0110307
2 0.352068 0.321291 0.0387338 0.0135929
7 0.157252 0.655568 0.312109 0.255806
2 0.7509 0.694965 0.229134 0.114895
2 0.0802744 0.937687 0.159234 0.124171
2 0.416146 0.373664 0.0783774 0.0380496
2 0.18801 0.377201 0.0757866 0.0336032
2 0.664445 0.36637 0.0647905 0.0307198
5 0.814155 0.339066 0.0872911 0.0585994
2 0.572498 0.337777 0.0490007 0.0224074
2 0.513324 0.406176 0.104058 0.0575867
2 0.301161 0.34294 0.0547427 0.0282091
2 0.482403 0.333499 0.0458247 0.0230119
0 0.177808 0.626578 0.0788645 0.0413403
2 0.66533 0.340998 0.0586147 0.0331971
2 0.265397 0.330632 0.0369236 0.0222128
5 0.906362 0.32289 0.0728305 0.0448813
2 0.483262 0.3181 0.0409673 0.0158081
2 0.449328 0.321841 0.0367554 0.0129046
2 0.62547 0.316333 0.0375044 0.0134162
2 0.345967 0.330272 0.0373054 0.0169179
2 0.544663 0.320181 0.031963 0.0136295
5 0.893439 0.322298 0.0992944 0.0523872
2 0.59408 0.325901 0.0417908 0.0205801
2 0.317322 0.32137 0.0303103 0.0110307
2 0.352068 0.321291 0.0387338 0.0135929
7 0.157252 0.655568 0.312109 0.255806
2 0.7509 0.694965 0.229134 0.114895
2 0.0802744 0.937687 0.159234 0.124171
2 0.416146 0.373664 0.0783774 0.0380496
2 0.18801 0.377201 0.0757866 0.0336032
2 0.664445 0.36637 0.0647905 0.0307198
5 0.814155 0.339066 0.0872911 0.0585994
2 0.572498 0.337777 0.0490007 0.0224074
2 0.513324 0.406176 0.104058 0.0575867
2 0.301161 0.34294 0.0547427 0.0282091
2 0.482403 0.333499 0.0458247 0.0230119
0 0.177808 0.626578 0.0788645 0.0413403
2 0.66533 0.340998 0.0586147 0.0331971
2 0.265397 0.330632 0.0369236 0.0222128
5 0.906362 0.32289 0.0728305 0.0448813
2 0.483262 0.3181 0.0409673 0.0158081
2 0.449328 0.321841 0.0367554 0.0129046
2 0.62547 0.316333 0.0375044 0.0134162
2 0.345967 0.330272 0.0373054 0.0169179
2 0.544663 0.320181 0.031963 0.0136295
5 0.893439 0.322298 0.0992944 0.0523872
2 0.59408 0.325901 0.0417908 0.0205801
2 0.317322 0.32137 0.0303103 0.0110307
2 0.352068 0.321291 0.0387338 0.0135929
7 0.157252 0.655568 0.312109 0.255806
2 0.7509 0.694965 0.229134 0.114895
2 0.0802744 0.937687 0.159234 0.124171
2 0.416146 0.373664 0.0783774 0.0380496
2 0.18801 0.377201 0.0757866 0.0336032
2 0.664445 0.36637 0.0647905 0.0307198
5 0.814155 0.339066 0.0872911 0.0585994
2 0.572498 0.337777 0.0490007 0.0224074
2 0.513324 0.406176 0.104058 0.0575867
2 0.301161 0.34294 0.0547427 0.0282091
2 0.482403 0.333499 0.0458247 0.0230119
0 0.177808 0.626578 0.0788645 0.0413403
2 0.66533 0.340998 0.0586147 0.0331971
2 0.265397 0.330632 0.0369236 0.0222128
5 0.906362 0.32289 0.0728305 0.0448813
2 0.483262 0.3181 0.0409673 0.0158081
2 0.449328 0.321841 0.0367554 0.0129046
2 0.62547 0.316333 0.0375044 0.0134162
2 0.345967 0.330272 0.0373054 0.0169179
2 0.544663 0.320181 0.031963 0.0136295
5 0.893439 0.322298 0.0992944 0.0523872
2 0.59408 0.325901 0.0417908 0.0205801
2 0.317322 0.32137 0.0303103 0.0110307
2 0.352068 0.321291 0.0387338 0.0135929
7 0.157252 0.655568 0.312109 0.255806
2 0.7509 0.694965 0.229134 0.114895
2 0.0802744 0.937687 0.159234 0.124171
2 0.416146 0.373664 0.0783774 0.0380496
2 0.18801 0.377201 0.0757866 0.0336032
2 0.664445 0.36637 0.0647905 0.0307198
5 0.814155 0.339066 0.0872911 0.0585994
2 0.572498 0.337777 0.0490007 0.0224074
2 0.513324 0.406176 0.104058 0.0575867
2 0.301161 0.34294 0.0547427 0.0282091
2 0.482403 0.333499 0.0458247 0.0230119
0 0.177808 0.626578 0.0788645 0.0413403
2 0.66533 0.340998 0.0586147 0.0331971
2 0.265397 0.330632 0.0369236 0.0222128
5 0.906362 0.32289 0.0728305 0.0448813
2 0.483262 0.3181 0.0409673 0.0158081
2 0.449328 0.321841 0.0367554 0.0129046
2 0.62547 0.316333 0.0375044 0.0134162
2 0.345967 0.330272 0.0373054 0.0169179
2 0.544663 0.320181 0.031963 0.0136295
5 0.893439 0.322298 0.0992944 0.0523872
2 0.59408 0.325901 0.0417908 0.0205801
2 0.317322 0.32137 0.0303103 0.0110307
2 0.352068 0.321291 0.0387338 0.0135929
7 0.157252 0.655568 0.312109 0.255806
2 0.7509 0.694965 0.229134 0.114895
2 0.0802744 0.937687 0.159234 0.124171
2 0.416146 0.373664 0.0783774 0.0380496
2 0.18801 0.377201 0.0757866 0.0336032
2 0.664445 0.36637 0.0647905 0.0307198
5 0.814155 0.339066 0.0872911 0.0585994
2 0.572498 0.337777 0.0490007 0.0224074
2 0.513324 0.406176 0.104058 0.0575867
2 0.301161 0.34294 0.0547427 0.0282091
2 0.482403 0.333499 0.0458247 0.0230119
0 0.177808 0.626578 0.0788645 0.0413403
2 0.66533 0.340998 0.0586147 0.0331971
2 0.265397 0.330632 0.0369236 0.0222128
5 0.906362 0.32289 0.0728305 0.0448813
2 0.483262 0.3181 0.0409673 0.0158081
2 0.449328 0.321841 0.0367554 0.0129046
2 0.62547 0.316333 0.0375044 0.0134162
2 0.345967 0.330272 0.0373054 0.0169179
2 0.544663 0.320181 0.031963 0.0136295
5 0.893439 0.322298 0.0992944 0.0523872
2 0.59408 0.325901 0.0417908 0.0205801
2 0.317322 0.32137 0.0303103 0.0110307
2 0.352068 0.321291 0.0387338 0.0135929
2 0.751201 0.69598 0.231212 0.116267
7 0.161206 0.654974 0.319945 0.257512
2 0.0799125 0.937783 0.158322 0.123575
2 0.416087 0.373204 0.0800713 0.0390641
5 0.806166 0.339907 0.108885 0.0614283
2 0.187305 0.377241 0.0768511 0.0333479
5 0.893737 0.320055 0.0980123 0.0508435
2 0.664826 0.365819 0.0655562 0.0316175
2 0.571303 0.337849 0.0481038 0.0229671
2 0.512803 0.406616 0.105217 0.0566761
2 0.301354 0.344629 0.0539312 0.0259497
2 0.481937 0.333561 0.0472522 0.0236452
0 0.179118 0.62802 0.078243 0.0459311
2 0.751201 0.69598 0.231212 0.116267
7 0.161206 0.654974 0.319945 0.257512
2 0.0799125 0.937783 0.158322 0.123575
2 0.416087 0.373204 0.0800713 0.0390641
5 0.806166 0.339907 0.108885 0.0614283
2 0.187305 0.377241 0.0768511 0.0333479
5 0.893737 0.320055 0.0980123 0.0508435
2 0.664826 0.365819 0.0655562 0.0316175
2 0.571303 0.337849 0.0481038 0.0229671
2 0.512803 0.406616 0.105217 0.0566761
2 0.301354 0.344629 0.0539312 0.0259497
2 0.481937 0.333561 0.0472522 0.0236452
0 0.179118 0.62802 0.078243 0.0459311
