2 0.475867 0.92766 0.344807 0.143915
2 0.855234 0.697111 0.237522 0.117682
2 0.45356 0.729918 0.239834 0.14148
2 0.454245 0.505427 0.143841 0.0729046
2 0.159373 0.624808 0.213146 0.130611
2 0.695399 0.475539 0.133551 0.0634381
2 0.283673 0.466695 0.136876 0.0775618
2 0.67272 0.420504 0.097338 0.0465623
7 0.39957 0.375462 0.128354 0.0827059
2 0.360971 0.421319 0.0992982 0.0447607
2 0.227805 0.357409 0.071995 0.0307936
2 0.542251 0.367917 0.0731547 0.0319419
2 0.0792918 0.374195 0.0710373 0.0335128
2 0.0226273 0.473222 0.0452546 0.0572118
7 0.0438089 0.897041 0.086933 0.204536
2 0.576475 0.324772 0.0487491 0.0266755
2 0.321109 0.331475 0.0379862 0.0204307
2 0.0434951 0.897285 0.0854323 0.204144
5 0.853455 0.362047 0.131832 0.0829853
2 0.468182 0.324441 0.0667488 0.0258621
2 0.640385 0.313805 0.0355326 0.0153333
2 0.475867 0.92766 0.344807 0.143915
2 0.855234 0.697111 0.237522 0.117682
2 0.45356 0.729918 0.239834 0.14148
2 0.454245 0.505427 0.143841 0.0729046
2 0.159373 0.624808 0.213146 0.130611
2 0.695399 0.475539 0.133551 0.0634381
2 0.283673 0.466695 0.136876 0.0775618
2 0.67272 0.420504 0.097338 0.0465623
7 0.39957 0.375462 0.128354 0.0827059
2 0.360971 0.421319 0.0992982 0.0447607
2 0.227805 0.357409 0.071995 0.0307936
2 0.542251 0.367917 0.0731547 0.0319419
2 0.0792918 0.374195 0.0710373 0.0335128
2 0.0226273 0.473222 0.0452546 0.0572118
7 0.0438089 0.897041 0.086933 0.204536
2 0.576475 0.324772 0.0487491 0.0266755
2 0.321109 0.331475 0.0379862 0.0204307
2 0.0434951 0.897285 0.0854323 0.204144
5 0.853455 0.362047 0.131832 0.0829853
2 0.468182 0.324441 0.0667488 0.0258621
2 0.640385 0.313805 0.0355326 0.0153333
