2 0.890462 0.824394 0.21767 0.176696
2 0.443285 0.645425 0.212411 0.109634
2 0.12724 0.638418 0.203971 0.106853
2 0.231783 0.534172 0.150948 0.0746376
2 0.443265 0.506427 0.16664 0.0966895
2 0.6037 0.407013 0.0988094 0.0470051
2 0.522339 0.375848 0.0813041 0.0363539
2 0.372674 0.36521 0.0784536 0.0364105
2 0.651364 0.348606 0.074418 0.0430253
2 0.242608 0.337958 0.0670996 0.0307985
2 0.430546 0.330656 0.0606652 0.0323662
2 0.693374 0.50712 0.166321 0.104827
2 0.195023 0.331769 0.0550499 0.0285392
2 0.333904 0.304532 0.0388326 0.0187657
3 0.280989 0.447075 0.0374488 0.0369368
2 0.0958035 0.344097 0.0676968 0.0276175
5 0.266354 0.301383 0.0532544 0.0351632
0 0.282133 0.424838 0.0424352 0.0275421
2 0.625388 0.31156 0.0565076 0.0272717
2 0.487205 0.311146 0.0407477 0.021554
5 0.535743 0.336832 0.0752905 0.0567031
0 0.281796 0.432396 0.0428653 0.0431367
7 0.535544 0.336312 0.0764967 0.0556988
7 0.266381 0.301281 0.0527367 0.0350159
7 0.438245 0.299345 0.0395214 0.024868
2 0.890462 0.824394 0.21767 0.176696
2 0.443285 0.645425 0.212411 0.109634
2 0.12724 0.638418 0.203971 0.106853
2 0.231783 0.534172 0.150948 0.0746376
2 0.443265 0.506427 0.16664 0.0966895
2 0.6037 0.407013 0.0988094 0.0470051
2 0.522339 0.375848 0.0813041 0.0363539
2 0.372674 0.36521 0.0784536 0.0364105
2 0.651364 0.348606 0.074418 0.0430253
2 0.242608 0.337958 0.0670996 0.0307985
2 0.430546 0.330656 0.0606652 0.0323662
2 0.693374 0.50712 0.166321 0.104827
2 0.195023 0.331769 0.0550499 0.0285392
2 0.333904 0.304532 0.0388326 0.0187657
3 0.280989 0.447075 0.0374488 0.0369368
2 0.0958035 0.344097 0.0676968 0.0276175
5 0.266354 0.301383 0.0532544 0.0351632
0 0.282133 0.424838 0.0424352 0.0275421
2 0.625388 0.31156 0.0565076 0.0272717
2 0.487205 0.311146 0.0407477 0.021554
5 0.535743 0.336832 0.0752905 0.0567031
0 0.281796 0.432396 0.0428653 0.0431367
7 0.535544 0.336312 0.0764967 0.0556988
7 0.266381 0.301281 0.0527367 0.0350159
7 0.438245 0.299345 0.0395214 0.024868
2 0.890462 0.824394 0.21767 0.176696
2 0.443285 0.645425 0.212411 0.109634
2 0.12724 0.638418 0.203971 0.106853
2 0.231783 0.534172 0.150948 0.0746376
2 0.443265 0.506427 0.16664 0.0966895
2 0.6037 0.407013 0.0988094 0.0470051
2 0.522339 0.375848 0.0813041 0.0363539
2 0.372674 0.36521 0.0784536 0.0364105
2 0.651364 0.348606 0.074418 0.0430253
2 0.242608 0.337958 0.0670996 0.0307985
2 0.430546 0.330656 0.0606652 0.0323662
2 0.693374 0.50712 0.166321 0.104827
2 0.195023 0.331769 0.0550499 0.0285392
2 0.333904 0.304532 0.0388326 0.0187657
3 0.280989 0.447075 0.0374488 0.0369368
2 0.0958035 0.344097 0.0676968 0.0276175
5 0.266354 0.301383 0.0532544 0.0351632
0 0.282133 0.424838 0.0424352 0.0275421
2 0.625388 0.31156 0.0565076 0.0272717
2 0.487205 0.311146 0.0407477 0.021554
5 0.535743 0.336832 0.0752905 0.0567031
0 0.281796 0.432396 0.0428653 0.0431367
7 0.535544 0.336312 0.0764967 0.0556988
7 0.266381 0.301281 0.0527367 0.0350159
7 0.438245 0.299345 0.0395214 0.024868
2 0.890462 0.824394 0.21767 0.176696
2 0.443285 0.645425 0.212411 0.109634
2 0.12724 0.638418 0.203971 0.106853
2 0.231783 0.534172 0.150948 0.0746376
2 0.443265 0.506427 0.16664 0.0966895
2 0.6037 0.407013 0.0988094 0.0470051
2 0.522339 0.375848 0.0813041 0.0363539
2 0.372674 0.36521 0.0784536 0.0364105
2 0.651364 0.348606 0.074418 0.0430253
2 0.242608 0.337958 0.0670996 0.0307985
2 0.430546 0.330656 0.0606652 0.0323662
2 0.693374 0.50712 0.166321 0.104827
2 0.195023 0.331769 0.0550499 0.0285392
2 0.333904 0.304532 0.0388326 0.0187657
3 0.280989 0.447075 0.0374488 0.0369368
2 0.0958035 0.344097 0.0676968 0.0276175
5 0.266354 0.301383 0.0532544 0.0351632
0 0.282133 0.424838 0.0424352 0.0275421
2 0.625388 0.31156 0.0565076 0.0272717
2 0.487205 0.311146 0.0407477 0.021554
5 0.535743 0.336832 0.0752905 0.0567031
0 0.281796 0.432396 0.0428653 0.0431367
7 0.535544 0.336312 0.0764967 0.0556988
7 0.266381 0.301281 0.0527367 0.0350159
7 0.438245 0.299345 0.0395214 0.024868
2 0.890462 0.824394 0.21767 0.176696
2 0.443285 0.645425 0.212411 0.109634
2 0.12724 0.638418 0.203971 0.106853
2 0.231783 0.534172 0.150948 0.0746376
2 0.443265 0.506427 0.16664 0.0966895
2 0.6037 0.407013 0.0988094 0.0470051
2 0.522339 0.375848 0.0813041 0.0363539
2 0.372674 0.36521 0.0784536 0.0364105
2 0.651364 0.348606 0.074418 0.0430253
2 0.242608 0.337958 0.0670996 0.0307985
2 0.430546 0.330656 0.0606652 0.0323662
2 0.693374 0.50712 0.166321 0.104827
2 0.195023 0.331769 0.0550499 0.0285392
2 0.333904 0.304532 0.0388326 0.0187657
3 0.280989 0.447075 0.0374488 0.0369368
2 0.0958035 0.344097 0.0676968 0.0276175
5 0.266354 0.301383 0.0532544 0.0351632
0 0.282133 0.424838 0.0424352 0.0275421
2 0.625388 0.31156 0.0565076 0.0272717
2 0.487205 0.311146 0.0407477 0.021554
5 0.535743 0.336832 0.0752905 0.0567031
0 0.281796 0.432396 0.0428653 0.0431367
7 0.535544 0.336312 0.0764967 0.0556988
7 0.266381 0.301281 0.0527367 0.0350159
7 0.438245 0.299345 0.0395214 0.024868
2 0.890462 0.824394 0.21767 0.176696
2 0.443285 0.645425 0.212411 0.109634
2 0.12724 0.638418 0.203971 0.106853
2 0.231783 0.534172 0.150948 0.0746376
2 0.443265 0.506427 0.16664 0.0966895
2 0.6037 0.407013 0.0988094 0.0470051
2 0.522339 0.375848 0.0813041 0.0363539
2 0.372674 0.36521 0.0784536 0.0364105
2 0.651364 0.348606 0.074418 0.0430253
2 0.242608 0.337958 0.0670996 0.0307985
2 0.430546 0.330656 0.0606652 0.0323662
2 0.693374 0.50712 0.166321 0.104827
2 0.195023 0.331769 0.0550499 0.0285392
2 0.333904 0.304532 0.0388326 0.0187657
3 0.280989 0.447075 0.0374488 0.0369368
2 0.0958035 0.344097 0.0676968 0.0276175
5 0.266354 0.301383 0.0532544 0.0351632
0 0.282133 0.424838 0.0424352 0.0275421
2 0.625388 0.31156 0.0565076 0.0272717
2 0.487205 0.311146 0.0407477 0.021554
5 0.535743 0.336832 0.0752905 0.0567031
0 0.281796 0.432396 0.0428653 0.0431367
7 0.535544 0.336312 0.0764967 0.0556988
7 0.266381 0.301281 0.0527367 0.0350159
7 0.438245 0.299345 0.0395214 0.024868
2 0.890462 0.824394 0.21767 0.176696
2 0.443285 0.645425 0.212411 0.109634
2 0.12724 0.638418 0.203971 0.106853
2 0.231783 0.534172 0.150948 0.0746376
2 0.443265 0.506427 0.16664 0.0966895
2 0.6037 0.407013 0.0988094 0.0470051
2 0.522339 0.375848 0.0813041 0.0363539
2 0.372674 0.36521 0.0784536 0.0364105
2 0.651364 0.348606 0.074418 0.0430253
2 0.242608 0.337958 0.0670996 0.0307985
2 0.430546 0.330656 0.0606652 0.0323662
2 0.693374 0.50712 0.166321 0.104827
2 0.195023 0.331769 0.0550499 0.0285392
2 0.333904 0.304532 0.0388326 0.0187657
3 0.280989 0.447075 0.0374488 0.0369368
2 0.0958035 0.344097 0.0676968 0.0276175
5 0.266354 0.301383 0.0532544 0.0351632
0 0.282133 0.424838 0.0424352 0.0275421
2 0.625388 0.31156 0.0565076 0.0272717
2 0.487205 0.311146 0.0407477 0.021554
5 0.535743 0.336832 0.0752905 0.0567031
0 0.281796 0.432396 0.0428653 0.0431367
7 0.535544 0.336312 0.0764967 0.0556988
7 0.266381 0.301281 0.0527367 0.0350159
7 0.438245 0.299345 0.0395214 0.024868
2 0.890462 0.824394 0.21767 0.176696
2 0.443285 0.645425 0.212411 0.109634
2 0.12724 0.638418 0.203971 0.106853
2 0.231783 0.534172 0.150948 0.0746376
2 0.443265 0.506427 0.16664 0.0966895
2 0.6037 0.407013 0.0988094 0.0470051
2 0.522339 0.375848 0.0813041 0.0363539
2 0.372674 0.36521 0.0784536 0.0364105
2 0.651364 0.348606 0.074418 0.0430253
2 0.242608 0.337958 0.0670996 0.0307985
2 0.430546 0.330656 0.0606652 0.0323662
2 0.693374 0.50712 0.166321 0.104827
2 0.195023 0.331769 0.0550499 0.0285392
2 0.333904 0.304532 0.0388326 0.0187657
3 0.280989 0.447075 0.0374488 0.0369368
2 0.0958035 0.344097 0.0676968 0.0276175
5 0.266354 0.301383 0.0532544 0.0351632
0 0.282133 0.424838 0.0424352 0.0275421
2 0.625388 0.31156 0.0565076 0.0272717
2 0.487205 0.311146 0.0407477 0.021554
5 0.535743 0.336832 0.0752905 0.0567031
0 0.281796 0.432396 0.0428653 0.0431367
7 0.535544 0.336312 0.0764967 0.0556988
7 0.266381 0.301281 0.0527367 0.0350159
7 0.438245 0.299345 0.0395214 0.024868
2 0.890462 0.824394 0.21767 0.176696
2 0.443285 0.645425 0.212411 0.109634
2 0.12724 0.638418 0.203971 0.106853
2 0.231783 0.534172 0.150948 0.0746376
2 0.443265 0.506427 0.16664 0.0966895
2 0.6037 0.407013 0.0988094 0.0470051
2 0.522339 0.375848 0.0813041 0.0363539
2 0.372674 0.36521 0.0784536 0.0364105
2 0.651364 0.348606 0.074418 0.0430253
2 0.242608 0.337958 0.0670996 0.0307985
2 0.430546 0.330656 0.0606652 0.0323662
2 0.693374 0.50712 0.166321 0.104827
2 0.195023 0.331769 0.0550499 0.0285392
2 0.333904 0.304532 0.0388326 0.0187657
3 0.280989 0.447075 0.0374488 0.0369368
2 0.0958035 0.344097 0.0676968 0.0276175
5 0.266354 0.301383 0.0532544 0.0351632
0 0.282133 0.424838 0.0424352 0.0275421
2 0.625388 0.31156 0.0565076 0.0272717
2 0.487205 0.311146 0.0407477 0.021554
5 0.535743 0.336832 0.0752905 0.0567031
0 0.281796 0.432396 0.0428653 0.0431367
7 0.535544 0.336312 0.0764967 0.0556988
7 0.266381 0.301281 0.0527367 0.0350159
7 0.438245 0.299345 0.0395214 0.024868
2 0.890462 0.824394 0.21767 0.176696
2 0.443285 0.645425 0.212411 0.109634
2 0.12724 0.638418 0.203971 0.106853
2 0.231783 0.534172 0.150948 0.0746376
2 0.443265 0.506427 0.16664 0.0966895
2 0.6037 0.407013 0.0988094 0.0470051
2 0.522339 0.375848 0.0813041 0.0363539
2 0.372674 0.36521 0.0784536 0.0364105
2 0.651364 0.348606 0.074418 0.0430253
2 0.242608 0.337958 0.0670996 0.0307985
2 0.430546 0.330656 0.0606652 0.0323662
2 0.693374 0.50712 0.166321 0.104827
2 0.195023 0.331769 0.0550499 0.0285392
2 0.333904 0.304532 0.0388326 0.0187657
3 0.280989 0.447075 0.0374488 0.0369368
2 0.0958035 0.344097 0.0676968 0.0276175
5 0.266354 0.301383 0.0532544 0.0351632
0 0.282133 0.424838 0.0424352 0.0275421
2 0.625388 0.31156 0.0565076 0.0272717
2 0.487205 0.311146 0.0407477 0.021554
5 0.535743 0.336832 0.0752905 0.0567031
0 0.281796 0.432396 0.0428653 0.0431367
7 0.535544 0.336312 0.0764967 0.0556988
7 0.266381 0.301281 0.0527367 0.0350159
7 0.438245 0.299345 0.0395214 0.024868
2 0.890462 0.824394 0.21767 0.176696
2 0.443285 0.645425 0.212411 0.109634
2 0.12724 0.638418 0.203971 0.106853
2 0.231783 0.534172 0.150948 0.0746376
2 0.443265 0.506427 0.16664 0.0966895
2 0.6037 0.407013 0.0988094 0.0470051
2 0.522339 0.375848 0.0813041 0.0363539
2 0.372674 0.36521 0.0784536 0.0364105
2 0.651364 0.348606 0.074418 0.0430253
2 0.242608 0.337958 0.0670996 0.0307985
2 0.430546 0.330656 0.0606652 0.0323662
2 0.693374 0.50712 0.166321 0.104827
2 0.195023 0.331769 0.0550499 0.0285392
2 0.333904 0.304532 0.0388326 0.0187657
3 0.280989 0.447075 0.0374488 0.0369368
2 0.0958035 0.344097 0.0676968 0.0276175
5 0.266354 0.301383 0.0532544 0.0351632
0 0.282133 0.424838 0.0424352 0.0275421
2 0.625388 0.31156 0.0565076 0.0272717
2 0.487205 0.311146 0.0407477 0.021554
5 0.535743 0.336832 0.0752905 0.0567031
0 0.281796 0.432396 0.0428653 0.0431367
7 0.535544 0.336312 0.0764967 0.0556988
7 0.266381 0.301281 0.0527367 0.0350159
7 0.438245 0.299345 0.0395214 0.024868
2 0.890462 0.824394 0.21767 0.176696
2 0.443285 0.645425 0.212411 0.109634
2 0.12724 0.638418 0.203971 0.106853
2 0.231783 0.534172 0.150948 0.0746376
2 0.443265 0.506427 0.16664 0.0966895
2 0.6037 0.407013 0.0988094 0.0470051
2 0.522339 0.375848 0.0813041 0.0363539
2 0.372674 0.36521 0.0784536 0.0364105
2 0.651364 0.348606 0.074418 0.0430253
2 0.242608 0.337958 0.0670996 0.0307985
2 0.430546 0.330656 0.0606652 0.0323662
2 0.693374 0.50712 0.166321 0.104827
2 0.195023 0.331769 0.0550499 0.0285392
2 0.333904 0.304532 0.0388326 0.0187657
3 0.280989 0.447075 0.0374488 0.0369368
2 0.0958035 0.344097 0.0676968 0.0276175
5 0.266354 0.301383 0.0532544 0.0351632
0 0.282133 0.424838 0.0424352 0.0275421
2 0.625388 0.31156 0.0565076 0.0272717
2 0.487205 0.311146 0.0407477 0.021554
5 0.535743 0.336832 0.0752905 0.0567031
0 0.281796 0.432396 0.0428653 0.0431367
7 0.535544 0.336312 0.0764967 0.0556988
7 0.266381 0.301281 0.0527367 0.0350159
7 0.438245 0.299345 0.0395214 0.024868
2 0.890462 0.824394 0.21767 0.176696
2 0.443285 0.645425 0.212411 0.109634
2 0.12724 0.638418 0.203971 0.106853
2 0.231783 0.534172 0.150948 0.0746376
2 0.443265 0.506427 0.16664 0.0966895
2 0.6037 0.407013 0.0988094 0.0470051
2 0.522339 0.375848 0.0813041 0.0363539
2 0.372674 0.36521 0.0784536 0.0364105
2 0.651364 0.348606 0.074418 0.0430253
2 0.242608 0.337958 0.0670996 0.0307985
2 0.430546 0.330656 0.0606652 0.0323662
2 0.693374 0.50712 0.166321 0.104827
2 0.195023 0.331769 0.0550499 0.0285392
2 0.333904 0.304532 0.0388326 0.0187657
3 0.280989 0.447075 0.0374488 0.0369368
2 0.0958035 0.344097 0.0676968 0.0276175
5 0.266354 0.301383 0.0532544 0.0351632
0 0.282133 0.424838 0.0424352 0.0275421
2 0.625388 0.31156 0.0565076 0.0272717
2 0.487205 0.311146 0.0407477 0.021554
5 0.535743 0.336832 0.0752905 0.0567031
0 0.281796 0.432396 0.0428653 0.0431367
7 0.535544 0.336312 0.0764967 0.0556988
7 0.266381 0.301281 0.0527367 0.0350159
7 0.438245 0.299345 0.0395214 0.024868
2 0.8905 0.825617 0.217889 0.178152
2 0.443324 0.6456 0.21077 0.11079
2 0.124695 0.638283 0.209559 0.107332
2 0.228894 0.534664 0.156791 0.0738966
2 0.443064 0.50661 0.166702 0.0965452
2 0.602509 0.407409 0.103011 0.0476763
2 0.522252 0.375316 0.0816652 0.0374445
2 0.373099 0.365017 0.0797412 0.0374885
2 0.694216 0.507085 0.16576 0.103894
3 0.281081 0.447359 0.0407567 0.0370256
2 0.431615 0.330725 0.0598114 0.0317673
0 0.280994 0.432704 0.0466564 0.0436493
2 0.242546 0.338964 0.0667182 0.0310943
2 0.194313 0.331589 0.0554378 0.0288667
7 0.535433 0.33623 0.0852327 0.0568567
2 0.0952508 0.344055 0.0705063 0.0278552
2 0.651343 0.347476 0.0736986 0.0445387
7 0.266019 0.30035 0.0552757 0.0354518
2 0.8905 0.825617 0.217889 0.178152
2 0.443324 0.6456 0.21077 0.11079
2 0.124695 0.638283 0.209559 0.107332
2 0.228894 0.534664 0.156791 0.0738966
2 0.443064 0.50661 0.166702 0.0965452
2 0.602509 0.407409 0.103011 0.0476763
2 0.522252 0.375316 0.0816652 0.0374445
2 0.373099 0.365017 0.0797412 0.0374885
2 0.694216 0.507085 0.16576 0.103894
3 0.281081 0.447359 0.0407567 0.0370256
2 0.431615 0.330725 0.0598114 0.0317673
0 0.280994 0.432704 0.0466564 0.0436493
2 0.242546 0.338964 0.0667182 0.0310943
2 0.194313 0.331589 0.0554378 0.0288667
7 0.535433 0.33623 0.0852327 0.0568567
2 0.0952508 0.344055 0.0705063 0.0278552
2 0.651343 0.347476 0.0736986 0.0445387
7 0.266019 0.30035 0.0552757 0.0354518
2 0.8905 0.825617 0.217889 0.178152
2 0.443324 0.6456 0.21077 0.11079
2 0.124695 0.638283 0.209559 0.107332
2 0.228894 0.534664 0.156791 0.0738966
2 0.443064 0.50661 0.166702 0.0965452
2 0.602509 0.407409 0.103011 0.0476763
2 0.522252 0.375316 0.0816652 0.0374445
2 0.373099 0.365017 0.0797412 0.0374885
2 0.694216 0.507085 0.16576 0.103894
3 0.281081 0.447359 0.0407567 0.0370256
2 0.431615 0.330725 0.0598114 0.0317673
0 0.280994 0.432704 0.0466564 0.0436493
2 0.242546 0.338964 0.0667182 0.0310943
2 0.194313 0.331589 0.0554378 0.0288667
7 0.535433 0.33623 0.0852327 0.0568567
2 0.0952508 0.344055 0.0705063 0.0278552
2 0.651343 0.347476 0.0736986 0.0445387
7 0.266019 0.30035 0.0552757 0.0354518
2 0.8905 0.825617 0.217889 0.178152
2 0.443324 0.6456 0.21077 0.11079
2 0.124695 0.638283 0.209559 0.107332
2 0.228894 0.534664 0.156791 0.0738966
2 0.443064 0.50661 0.166702 0.0965452
2 0.602509 0.407409 0.103011 0.0476763
2 0.522252 0.375316 0.0816652 0.0374445
2 0.373099 0.365017 0.0797412 0.0374885
2 0.694216 0.507085 0.16576 0.103894
3 0.281081 0.447359 0.0407567 0.0370256
2 0.431615 0.330725 0.0598114 0.0317673
0 0.280994 0.432704 0.0466564 0.0436493
2 0.242546 0.338964 0.0667182 0.0310943
2 0.194313 0.331589 0.0554378 0.0288667
7 0.535433 0.33623 0.0852327 0.0568567
2 0.0952508 0.344055 0.0705063 0.0278552
2 0.651343 0.347476 0.0736986 0.0445387
7 0.266019 0.30035 0.0552757 0.0354518
2 0.8905 0.825617 0.217889 0.178152
2 0.443324 0.6456 0.21077 0.11079
2 0.124695 0.638283 0.209559 0.107332
2 0.228894 0.534664 0.156791 0.0738966
2 0.443064 0.50661 0.166702 0.0965452
2 0.602509 0.407409 0.103011 0.0476763
2 0.522252 0.375316 0.0816652 0.0374445
2 0.373099 0.365017 0.0797412 0.0374885
2 0.694216 0.507085 0.16576 0.103894
3 0.281081 0.447359 0.0407567 0.0370256
2 0.431615 0.330725 0.0598114 0.0317673
0 0.280994 0.432704 0.0466564 0.0436493
2 0.242546 0.338964 0.0667182 0.0310943
2 0.194313 0.331589 0.0554378 0.0288667
7 0.535433 0.33623 0.0852327 0.0568567
2 0.0952508 0.344055 0.0705063 0.0278552
2 0.651343 0.347476 0.0736986 0.0445387
7 0.266019 0.30035 0.0552757 0.0354518
2 0.8905 0.825617 0.217889 0.178152
2 0.443324 0.6456 0.21077 0.11079
2 0.124695 0.638283 0.209559 0.107332
2 0.228894 0.534664 0.156791 0.0738966
2 0.443064 0.50661 0.166702 0.0965452
2 0.602509 0.407409 0.103011 0.0476763
2 0.522252 0.375316 0.0816652 0.0374445
2 0.373099 0.365017 0.0797412 0.0374885
2 0.694216 0.507085 0.16576 0.103894
3 0.281081 0.447359 0.0407567 0.0370256
2 0.431615 0.330725 0.0598114 0.0317673
0 0.280994 0.432704 0.0466564 0.0436493
2 0.242546 0.338964 0.0667182 0.0310943
2 0.194313 0.331589 0.0554378 0.0288667
7 0.535433 0.33623 0.0852327 0.0568567
2 0.0952508 0.344055 0.0705063 0.0278552
2 0.651343 0.347476 0.0736986 0.0445387
7 0.266019 0.30035 0.0552757 0.0354518
2 0.8905 0.825617 0.217889 0.178152
2 0.443324 0.6456 0.21077 0.11079
2 0.124695 0.638283 0.209559 0.107332
2 0.228894 0.534664 0.156791 0.0738966
2 0.443064 0.50661 0.166702 0.0965452
2 0.602509 0.407409 0.103011 0.0476763
2 0.522252 0.375316 0.0816652 0.0374445
2 0.373099 0.365017 0.0797412 0.0374885
2 0.694216 0.507085 0.16576 0.103894
3 0.281081 0.447359 0.0407567 0.0370256
2 0.431615 0.330725 0.0598114 0.0317673
0 0.280994 0.432704 0.0466564 0.0436493
2 0.242546 0.338964 0.0667182 0.0310943
2 0.194313 0.331589 0.0554378 0.0288667
7 0.535433 0.33623 0.0852327 0.0568567
2 0.0952508 0.344055 0.0705063 0.0278552
2 0.651343 0.347476 0.0736986 0.0445387
7 0.266019 0.30035 0.0552757 0.0354518
2 0.8905 0.825617 0.217889 0.178152
2 0.443324 0.6456 0.21077 0.11079
2 0.124695 0.638283 0.209559 0.107332
2 0.228894 0.534664 0.156791 0.0738966
2 0.443064 0.50661 0.166702 0.0965452
2 0.602509 0.407409 0.103011 0.0476763
2 0.522252 0.375316 0.0816652 0.0374445
2 0.373099 0.365017 0.0797412 0.0374885
2 0.694216 0.507085 0.16576 0.103894
3 0.281081 0.447359 0.0407567 0.0370256
2 0.431615 0.330725 0.0598114 0.0317673
0 0.280994 0.432704 0.0466564 0.0436493
2 0.242546 0.338964 0.0667182 0.0310943
2 0.194313 0.331589 0.0554378 0.0288667
7 0.535433 0.33623 0.0852327 0.0568567
2 0.0952508 0.344055 0.0705063 0.0278552
2 0.651343 0.347476 0.0736986 0.0445387
7 0.266019 0.30035 0.0552757 0.0354518
2 0.333314 0.304058 0.0417076 0.0204609
7 0.436707 0.299055 0.0400779 0.0246495
2 0.6276 0.312814 0.0545356 0.0251376
