2 0.111047 0.750215 0.222095 0.150751
2 0.806868 0.640356 0.204957 0.108203
2 0.322997 0.437164 0.133331 0.0725254
5 0.228905 0.313072 0.0999496 0.0511236
2 0.469273 0.382956 0.0887935 0.0462182
2 0.571099 0.353011 0.0761742 0.0346777
2 0.440455 0.358922 0.079638 0.0368146
2 0.503662 0.321965 0.0581082 0.0246853
2 0.675358 0.38118 0.0977805 0.0564415
2 0.514803 0.632292 0.285663 0.228492
2 0.702621 0.319018 0.058176 0.0239861
2 0.343092 0.316487 0.0511672 0.0263799
2 0.603847 0.320388 0.0586613 0.031403
0 0.499426 0.427717 0.0559731 0.0422377
3 0.501183 0.446727 0.0513784 0.0379854
2 0.379387 0.301008 0.0332737 0.0185682
2 0.544825 0.29859 0.0430474 0.0216277
0 0.563995 0.630568 0.0660739 0.0268032
2 0.310039 0.303396 0.0359744 0.0201832
7 0.4921 0.29918 0.0514984 0.0361411
2 0.492765 0.299812 0.0508802 0.0360883
5 0.688857 0.292429 0.050417 0.0313545
7 0.68902 0.294296 0.0505455 0.0351467
2 0.496569 0.30827 0.0523943 0.0226971
2 0.111047 0.750215 0.222095 0.150751
2 0.806868 0.640356 0.204957 0.108203
2 0.322997 0.437164 0.133331 0.0725254
5 0.228905 0.313072 0.0999496 0.0511236
2 0.469273 0.382956 0.0887935 0.0462182
2 0.571099 0.353011 0.0761742 0.0346777
2 0.440455 0.358922 0.079638 0.0368146
2 0.503662 0.321965 0.0581082 0.0246853
2 0.675358 0.38118 0.0977805 0.0564415
2 0.514803 0.632292 0.285663 0.228492
2 0.702621 0.319018 0.058176 0.0239861
2 0.343092 0.316487 0.0511672 0.0263799
2 0.603847 0.320388 0.0586613 0.031403
0 0.499426 0.427717 0.0559731 0.0422377
3 0.501183 0.446727 0.0513784 0.0379854
2 0.379387 0.301008 0.0332737 0.0185682
2 0.544825 0.29859 0.0430474 0.0216277
0 0.563995 0.630568 0.0660739 0.0268032
2 0.310039 0.303396 0.0359744 0.0201832
7 0.4921 0.29918 0.0514984 0.0361411
2 0.492765 0.299812 0.0508802 0.0360883
5 0.688857 0.292429 0.050417 0.0313545
7 0.68902 0.294296 0.0505455 0.0351467
2 0.496569 0.30827 0.0523943 0.0226971
2 0.111047 0.750215 0.222095 0.150751
2 0.806868 0.640356 0.204957 0.108203
2 0.322997 0.437164 0.133331 0.0725254
5 0.228905 0.313072 0.0999496 0.0511236
2 0.469273 0.382956 0.0887935 0.0462182
2 0.571099 0.353011 0.0761742 0.0346777
2 0.440455 0.358922 0.079638 0.0368146
2 0.503662 0.321965 0.0581082 0.0246853
2 0.675358 0.38118 0.0977805 0.0564415
2 0.514803 0.632292 0.285663 0.228492
2 0.702621 0.319018 0.058176 0.0239861
2 0.343092 0.316487 0.0511672 0.0263799
2 0.603847 0.320388 0.0586613 0.031403
0 0.499426 0.427717 0.0559731 0.0422377
3 0.501183 0.446727 0.0513784 0.0379854
2 0.379387 0.301008 0.0332737 0.0185682
2 0.544825 0.29859 0.0430474 0.0216277
0 0.563995 0.630568 0.0660739 0.0268032
2 0.310039 0.303396 0.0359744 0.0201832
7 0.4921 0.29918 0.0514984 0.0361411
2 0.492765 0.299812 0.0508802 0.0360883
5 0.688857 0.292429 0.050417 0.0313545
7 0.68902 0.294296 0.0505455 0.0351467
2 0.496569 0.30827 0.0523943 0.0226971
2 0.111047 0.750215 0.222095 0.150751
2 0.806868 0.640356 0.204957 0.108203
2 0.322997 0.437164 0.133331 0.0725254
5 0.228905 0.313072 0.0999496 0.0511236
2 0.469273 0.382956 0.0887935 0.0462182
2 0.571099 0.353011 0.0761742 0.0346777
2 0.440455 0.358922 0.079638 0.0368146
2 0.503662 0.321965 0.0581082 0.0246853
2 0.675358 0.38118 0.0977805 0.0564415
2 0.514803 0.632292 0.285663 0.228492
2 0.702621 0.319018 0.058176 0.0239861
2 0.343092 0.316487 0.0511672 0.0263799
2 0.603847 0.320388 0.0586613 0.031403
0 0.499426 0.427717 0.0559731 0.0422377
3 0.501183 0.446727 0.0513784 0.0379854
2 0.379387 0.301008 0.0332737 0.0185682
2 0.544825 0.29859 0.0430474 0.0216277
0 0.563995 0.630568 0.0660739 0.0268032
2 0.310039 0.303396 0.0359744 0.0201832
7 0.4921 0.29918 0.0514984 0.0361411
2 0.492765 0.299812 0.0508802 0.0360883
5 0.688857 0.292429 0.050417 0.0313545
7 0.68902 0.294296 0.0505455 0.0351467
2 0.496569 0.30827 0.0523943 0.0226971
2 0.111047 0.750215 0.222095 0.150751
2 0.806868 0.640356 0.204957 0.108203
2 0.322997 0.437164 0.133331 0.0725254
5 0.228905 0.313072 0.0999496 0.0511236
2 0.469273 0.382956 0.0887935 0.0462182
2 0.571099 0.353011 0.0761742 0.0346777
2 0.440455 0.358922 0.079638 0.0368146
2 0.503662 0.321965 0.0581082 0.0246853
2 0.675358 0.38118 0.0977805 0.0564415
2 0.514803 0.632292 0.285663 0.228492
2 0.702621 0.319018 0.058176 0.0239861
2 0.343092 0.316487 0.0511672 0.0263799
2 0.603847 0.320388 0.0586613 0.031403
0 0.499426 0.427717 0.0559731 0.0422377
3 0.501183 0.446727 0.0513784 0.0379854
2 0.379387 0.301008 0.0332737 0.0185682
2 0.544825 0.29859 0.0430474 0.0216277
0 0.563995 0.630568 0.0660739 0.0268032
2 0.310039 0.303396 0.0359744 0.0201832
7 0.4921 0.29918 0.0514984 0.0361411
2 0.492765 0.299812 0.0508802 0.0360883
5 0.688857 0.292429 0.050417 0.0313545
7 0.68902 0.294296 0.0505455 0.0351467
2 0.496569 0.30827 0.0523943 0.0226971
2 0.111047 0.750215 0.222095 0.150751
2 0.806868 0.640356 0.204957 0.108203
2 0.322997 0.437164 0.133331 0.0725254
5 0.228905 0.313072 0.0999496 0.0511236
2 0.469273 0.382956 0.0887935 0.0462182
2 0.571099 0.353011 0.0761742 0.0346777
2 0.440455 0.358922 0.079638 0.0368146
2 0.503662 0.321965 0.0581082 0.0246853
2 0.675358 0.38118 0.0977805 0.0564415
2 0.514803 0.632292 0.285663 0.228492
2 0.702621 0.319018 0.058176 0.0239861
2 0.343092 0.316487 0.0511672 0.0263799
2 0.603847 0.320388 0.0586613 0.031403
0 0.499426 0.427717 0.0559731 0.0422377
3 0.501183 0.446727 0.0513784 0.0379854
2 0.379387 0.301008 0.0332737 0.0185682
2 0.544825 0.29859 0.0430474 0.0216277
0 0.563995 0.630568 0.0660739 0.0268032
2 0.310039 0.303396 0.0359744 0.0201832
7 0.4921 0.29918 0.0514984 0.0361411
2 0.492765 0.299812 0.0508802 0.0360883
5 0.688857 0.292429 0.050417 0.0313545
7 0.68902 0.294296 0.0505455 0.0351467
2 0.496569 0.30827 0.0523943 0.0226971
