2 0.466999 0.660007 0.214096 0.113098
2 0.811224 0.671838 0.237376 0.1485
2 0.728999 0.521507 0.158115 0.0742405
2 0.453918 0.563152 0.170153 0.0916087
7 0.120941 0.65334 0.241883 0.21462
2 0.660067 0.408955 0.101475 0.0494241
2 0.470971 0.438042 0.106872 0.0577354
2 0.245948 0.504014 0.156449 0.091755
7 0.429521 0.345408 0.1127 0.0691056
2 0.0731768 0.416715 0.111808 0.0463607
2 0.392215 0.383389 0.0818971 0.0374317
2 0.658204 0.374186 0.079968 0.0361728
2 0.327482 0.412985 0.106876 0.0628814
2 0.128093 0.351179 0.069817 0.030208
2 0.532389 0.341289 0.0619661 0.0283859
2 0.259151 0.333842 0.0583141 0.026512
2 0.32538 0.317432 0.0393018 0.0191124
2 0.566691 0.310015 0.0452848 0.0224764
2 0.351184 0.305432 0.0358286 0.015171
2 0.619402 0.302314 0.04543 0.0131491
2 0.466999 0.660007 0.214096 0.113098
2 0.811224 0.671838 0.237376 0.1485
2 0.728999 0.521507 0.158115 0.0742405
2 0.453918 0.563152 0.170153 0.0916087
7 0.120941 0.65334 0.241883 0.21462
2 0.660067 0.408955 0.101475 0.0494241
2 0.470971 0.438042 0.106872 0.0577354
2 0.245948 0.504014 0.156449 0.091755
7 0.429521 0.345408 0.1127 0.0691056
2 0.0731768 0.416715 0.111808 0.0463607
2 0.392215 0.383389 0.0818971 0.0374317
2 0.658204 0.374186 0.079968 0.0361728
2 0.327482 0.412985 0.106876 0.0628814
2 0.128093 0.351179 0.069817 0.030208
2 0.532389 0.341289 0.0619661 0.0283859
2 0.259151 0.333842 0.0583141 0.026512
2 0.32538 0.317432 0.0393018 0.0191124
2 0.566691 0.310015 0.0452848 0.0224764
2 0.351184 0.305432 0.0358286 0.015171
2 0.619402 0.302314 0.04543 0.0131491
2 0.466999 0.660007 0.214096 0.113098
2 0.811224 0.671838 0.237376 0.1485
2 0.728999 0.521507 0.158115 0.0742405
2 0.453918 0.563152 0.170153 0.0916087
7 0.120941 0.65334 0.241883 0.21462
2 0.660067 0.408955 0.101475 0.0494241
2 0.470971 0.438042 0.106872 0.0577354
2 0.245948 0.504014 0.156449 0.091755
7 0.429521 0.345408 0.1127 0.0691056
2 0.0731768 0.416715 0.111808 0.0463607
2 0.392215 0.383389 0.0818971 0.0374317
2 0.658204 0.374186 0.079968 0.0361728
2 0.327482 0.412985 0.106876 0.0628814
2 0.128093 0.351179 0.069817 0.030208
2 0.532389 0.341289 0.0619661 0.0283859
2 0.259151 0.333842 0.0583141 0.026512
2 0.32538 0.317432 0.0393018 0.0191124
2 0.566691 0.310015 0.0452848 0.0224764
2 0.351184 0.305432 0.0358286 0.015171
2 0.619402 0.302314 0.04543 0.0131491
2 0.466999 0.660007 0.214096 0.113098
2 0.811224 0.671838 0.237376 0.1485
2 0.728999 0.521507 0.158115 0.0742405
2 0.453918 0.563152 0.170153 0.0916087
7 0.120941 0.65334 0.241883 0.21462
2 0.660067 0.408955 0.101475 0.0494241
2 0.470971 0.438042 0.106872 0.0577354
2 0.245948 0.504014 0.156449 0.091755
7 0.429521 0.345408 0.1127 0.0691056
2 0.0731768 0.416715 0.111808 0.0463607
2 0.392215 0.383389 0.0818971 0.0374317
2 0.658204 0.374186 0.079968 0.0361728
2 0.327482 0.412985 0.106876 0.0628814
2 0.128093 0.351179 0.069817 0.030208
2 0.532389 0.341289 0.0619661 0.0283859
2 0.259151 0.333842 0.0583141 0.026512
2 0.32538 0.317432 0.0393018 0.0191124
2 0.566691 0.310015 0.0452848 0.0224764
2 0.351184 0.305432 0.0358286 0.015171
2 0.619402 0.302314 0.04543 0.0131491
2 0.466999 0.660007 0.214096 0.113098
2 0.811224 0.671838 0.237376 0.1485
2 0.728999 0.521507 0.158115 0.0742405
2 0.453918 0.563152 0.170153 0.0916087
7 0.120941 0.65334 0.241883 0.21462
2 0.660067 0.408955 0.101475 0.0494241
2 0.470971 0.438042 0.106872 0.0577354
2 0.245948 0.504014 0.156449 0.091755
7 0.429521 0.345408 0.1127 0.0691056
2 0.0731768 0.416715 0.111808 0.0463607
2 0.392215 0.383389 0.0818971 0.0374317
2 0.658204 0.374186 0.079968 0.0361728
2 0.327482 0.412985 0.106876 0.0628814
2 0.128093 0.351179 0.069817 0.030208
2 0.532389 0.341289 0.0619661 0.0283859
2 0.259151 0.333842 0.0583141 0.026512
2 0.32538 0.317432 0.0393018 0.0191124
2 0.566691 0.310015 0.0452848 0.0224764
2 0.351184 0.305432 0.0358286 0.015171
2 0.619402 0.302314 0.04543 0.0131491
2 0.466999 0.660007 0.214096 0.113098
2 0.811224 0.671838 0.237376 0.1485
2 0.728999 0.521507 0.158115 0.0742405
2 0.453918 0.563152 0.170153 0.0916087
7 0.120941 0.65334 0.241883 0.21462
2 0.660067 0.408955 0.101475 0.0494241
2 0.470971 0.438042 0.106872 0.0577354
2 0.245948 0.504014 0.156449 0.091755
7 0.429521 0.345408 0.1127 0.0691056
2 0.0731768 0.416715 0.111808 0.0463607
2 0.392215 0.383389 0.0818971 0.0374317
2 0.658204 0.374186 0.079968 0.0361728
2 0.327482 0.412985 0.106876 0.0628814
2 0.128093 0.351179 0.069817 0.030208
2 0.532389 0.341289 0.0619661 0.0283859
2 0.259151 0.333842 0.0583141 0.026512
2 0.32538 0.317432 0.0393018 0.0191124
2 0.566691 0.310015 0.0452848 0.0224764
2 0.351184 0.305432 0.0358286 0.015171
2 0.619402 0.302314 0.04543 0.0131491
