2 0.454979 0.591332 0.204734 0.104261
5 0.0892907 0.331013 0.154153 0.0755264
2 0.338211 0.474533 0.147035 0.0675201
2 0.510634 0.428205 0.124195 0.0578945
2 0.416397 0.361641 0.0849688 0.0369961
2 0.116973 0.702753 0.23363 0.164845
2 0.701817 0.358387 0.0835896 0.0377522
2 0.748173 0.548443 0.188084 0.114492
2 0.257767 0.334759 0.0777285 0.0413924
2 0.562081 0.351336 0.0793684 0.0468328
2 0.597047 0.322647 0.0582969 0.0279345
2 0.531802 0.308686 0.0497317 0.0273337
2 0.481932 0.312634 0.0670745 0.0453954
5 0.692412 0.315363 0.0679813 0.0559594
2 0.301469 0.321394 0.0440241 0.0269472
7 0.48229 0.312606 0.0676267 0.0459588
2 0.351861 0.30794 0.0520337 0.0223536
7 0.541842 0.284366 0.0574766 0.0375375
2 0.267568 0.30677 0.0575189 0.0182807
2 0.692999 0.317394 0.0700828 0.0551302
7 0.692531 0.315731 0.0683247 0.0560995
2 0.385957 0.291178 0.0307182 0.0113517
2 0.305304 0.296781 0.0317952 0.0152419
2 0.454979 0.591332 0.204734 0.104261
5 0.0892907 0.331013 0.154153 0.0755264
2 0.338211 0.474533 0.147035 0.0675201
2 0.510634 0.428205 0.124195 0.0578945
2 0.416397 0.361641 0.0849688 0.0369961
2 0.116973 0.702753 0.23363 0.164845
2 0.701817 0.358387 0.0835896 0.0377522
2 0.748173 0.548443 0.188084 0.114492
2 0.257767 0.334759 0.0777285 0.0413924
2 0.562081 0.351336 0.0793684 0.0468328
2 0.597047 0.322647 0.0582969 0.0279345
2 0.531802 0.308686 0.0497317 0.0273337
2 0.481932 0.312634 0.0670745 0.0453954
5 0.692412 0.315363 0.0679813 0.0559594
2 0.301469 0.321394 0.0440241 0.0269472
7 0.48229 0.312606 0.0676267 0.0459588
2 0.351861 0.30794 0.0520337 0.0223536
7 0.541842 0.284366 0.0574766 0.0375375
2 0.267568 0.30677 0.0575189 0.0182807
2 0.692999 0.317394 0.0700828 0.0551302
7 0.692531 0.315731 0.0683247 0.0560995
2 0.385957 0.291178 0.0307182 0.0113517
2 0.305304 0.296781 0.0317952 0.0152419
2 0.454979 0.591332 0.204734 0.104261
5 0.0892907 0.331013 0.154153 0.0755264
2 0.338211 0.474533 0.147035 0.0675201
2 0.510634 0.428205 0.124195 0.0578945
2 0.416397 0.361641 0.0849688 0.0369961
2 0.116973 0.702753 0.23363 0.164845
2 0.701817 0.358387 0.0835896 0.0377522
2 0.748173 0.548443 0.188084 0.114492
2 0.257767 0.334759 0.0777285 0.0413924
2 0.562081 0.351336 0.0793684 0.0468328
2 0.597047 0.322647 0.0582969 0.0279345
2 0.531802 0.308686 0.0497317 0.0273337
2 0.481932 0.312634 0.0670745 0.0453954
5 0.692412 0.315363 0.0679813 0.0559594
2 0.301469 0.321394 0.0440241 0.0269472
7 0.48229 0.312606 0.0676267 0.0459588
2 0.351861 0.30794 0.0520337 0.0223536
7 0.541842 0.284366 0.0574766 0.0375375
2 0.267568 0.30677 0.0575189 0.0182807
2 0.692999 0.317394 0.0700828 0.0551302
7 0.692531 0.315731 0.0683247 0.0560995
2 0.385957 0.291178 0.0307182 0.0113517
2 0.305304 0.296781 0.0317952 0.0152419
2 0.454979 0.591332 0.204734 0.104261
5 0.0892907 0.331013 0.154153 0.0755264
2 0.338211 0.474533 0.147035 0.0675201
2 0.510634 0.428205 0.124195 0.0578945
2 0.416397 0.361641 0.0849688 0.0369961
2 0.116973 0.702753 0.23363 0.164845
2 0.701817 0.358387 0.0835896 0.0377522
2 0.748173 0.548443 0.188084 0.114492
2 0.257767 0.334759 0.0777285 0.0413924
2 0.562081 0.351336 0.0793684 0.0468328
2 0.597047 0.322647 0.0582969 0.0279345
2 0.531802 0.308686 0.0497317 0.0273337
2 0.481932 0.312634 0.0670745 0.0453954
5 0.692412 0.315363 0.0679813 0.0559594
2 0.301469 0.321394 0.0440241 0.0269472
7 0.48229 0.312606 0.0676267 0.0459588
2 0.351861 0.30794 0.0520337 0.0223536
7 0.541842 0.284366 0.0574766 0.0375375
2 0.267568 0.30677 0.0575189 0.0182807
2 0.692999 0.317394 0.0700828 0.0551302
7 0.692531 0.315731 0.0683247 0.0560995
2 0.385957 0.291178 0.0307182 0.0113517
2 0.305304 0.296781 0.0317952 0.0152419
2 0.454979 0.591332 0.204734 0.104261
5 0.0892907 0.331013 0.154153 0.0755264
2 0.338211 0.474533 0.147035 0.0675201
2 0.510634 0.428205 0.124195 0.0578945
2 0.416397 0.361641 0.0849688 0.0369961
2 0.116973 0.702753 0.23363 0.164845
2 0.701817 0.358387 0.0835896 0.0377522
2 0.748173 0.548443 0.188084 0.114492
2 0.257767 0.334759 0.0777285 0.0413924
2 0.562081 0.351336 0.0793684 0.0468328
2 0.597047 0.322647 0.0582969 0.0279345
2 0.531802 0.308686 0.0497317 0.0273337
2 0.481932 0.312634 0.0670745 0.0453954
5 0.692412 0.315363 0.0679813 0.0559594
2 0.301469 0.321394 0.0440241 0.0269472
7 0.48229 0.312606 0.0676267 0.0459588
2 0.351861 0.30794 0.0520337 0.0223536
7 0.541842 0.284366 0.0574766 0.0375375
2 0.267568 0.30677 0.0575189 0.0182807
2 0.692999 0.317394 0.0700828 0.0551302
7 0.692531 0.315731 0.0683247 0.0560995
2 0.385957 0.291178 0.0307182 0.0113517
2 0.305304 0.296781 0.0317952 0.0152419
2 0.454979 0.591332 0.204734 0.104261
5 0.0892907 0.331013 0.154153 0.0755264
2 0.338211 0.474533 0.147035 0.0675201
2 0.510634 0.428205 0.124195 0.0578945
2 0.416397 0.361641 0.0849688 0.0369961
2 0.116973 0.702753 0.23363 0.164845
2 0.701817 0.358387 0.0835896 0.0377522
2 0.748173 0.548443 0.188084 0.114492
2 0.257767 0.334759 0.0777285 0.0413924
2 0.562081 0.351336 0.0793684 0.0468328
2 0.597047 0.322647 0.0582969 0.0279345
2 0.531802 0.308686 0.0497317 0.0273337
2 0.481932 0.312634 0.0670745 0.0453954
5 0.692412 0.315363 0.0679813 0.0559594
2 0.301469 0.321394 0.0440241 0.0269472
7 0.48229 0.312606 0.0676267 0.0459588
2 0.351861 0.30794 0.0520337 0.0223536
7 0.541842 0.284366 0.0574766 0.0375375
2 0.267568 0.30677 0.0575189 0.0182807
2 0.692999 0.317394 0.0700828 0.0551302
7 0.692531 0.315731 0.0683247 0.0560995
2 0.385957 0.291178 0.0307182 0.0113517
2 0.305304 0.296781 0.0317952 0.0152419
2 0.454979 0.591332 0.204734 0.104261
5 0.0892907 0.331013 0.154153 0.0755264
2 0.338211 0.474533 0.147035 0.0675201
2 0.510634 0.428205 0.124195 0.0578945
2 0.416397 0.361641 0.0849688 0.0369961
2 0.116973 0.702753 0.23363 0.164845
2 0.701817 0.358387 0.0835896 0.0377522
2 0.748173 0.548443 0.188084 0.114492
2 0.257767 0.334759 0.0777285 0.0413924
2 0.562081 0.351336 0.0793684 0.0468328
2 0.597047 0.322647 0.0582969 0.0279345
2 0.531802 0.308686 0.0497317 0.0273337
2 0.481932 0.312634 0.0670745 0.0453954
5 0.692412 0.315363 0.0679813 0.0559594
2 0.301469 0.321394 0.0440241 0.0269472
7 0.48229 0.312606 0.0676267 0.0459588
2 0.351861 0.30794 0.0520337 0.0223536
7 0.541842 0.284366 0.0574766 0.0375375
2 0.267568 0.30677 0.0575189 0.0182807
2 0.692999 0.317394 0.0700828 0.0551302
7 0.692531 0.315731 0.0683247 0.0560995
2 0.385957 0.291178 0.0307182 0.0113517
2 0.305304 0.296781 0.0317952 0.0152419
2 0.454979 0.591332 0.204734 0.104261
5 0.0892907 0.331013 0.154153 0.0755264
2 0.338211 0.474533 0.147035 0.0675201
2 0.510634 0.428205 0.124195 0.0578945
2 0.416397 0.361641 0.0849688 0.0369961
2 0.116973 0.702753 0.23363 0.164845
2 0.701817 0.358387 0.0835896 0.0377522
2 0.748173 0.548443 0.188084 0.114492
2 0.257767 0.334759 0.0777285 0.0413924
2 0.562081 0.351336 0.0793684 0.0468328
2 0.597047 0.322647 0.0582969 0.0279345
2 0.531802 0.308686 0.0497317 0.0273337
2 0.481932 0.312634 0.0670745 0.0453954
5 0.692412 0.315363 0.0679813 0.0559594
2 0.301469 0.321394 0.0440241 0.0269472
7 0.48229 0.312606 0.0676267 0.0459588
2 0.351861 0.30794 0.0520337 0.0223536
7 0.541842 0.284366 0.0574766 0.0375375
2 0.267568 0.30677 0.0575189 0.0182807
2 0.692999 0.317394 0.0700828 0.0551302
7 0.692531 0.315731 0.0683247 0.0560995
2 0.385957 0.291178 0.0307182 0.0113517
2 0.305304 0.296781 0.0317952 0.0152419
2 0.454979 0.591332 0.204734 0.104261
5 0.0892907 0.331013 0.154153 0.0755264
2 0.338211 0.474533 0.147035 0.0675201
2 0.510634 0.428205 0.124195 0.0578945
2 0.416397 0.361641 0.0849688 0.0369961
2 0.116973 0.702753 0.23363 0.164845
2 0.701817 0.358387 0.0835896 0.0377522
2 0.748173 0.548443 0.188084 0.114492
2 0.257767 0.334759 0.0777285 0.0413924
2 0.562081 0.351336 0.0793684 0.0468328
2 0.597047 0.322647 0.0582969 0.0279345
2 0.531802 0.308686 0.0497317 0.0273337
2 0.481932 0.312634 0.0670745 0.0453954
5 0.692412 0.315363 0.0679813 0.0559594
2 0.301469 0.321394 0.0440241 0.0269472
7 0.48229 0.312606 0.0676267 0.0459588
2 0.351861 0.30794 0.0520337 0.0223536
7 0.541842 0.284366 0.0574766 0.0375375
2 0.267568 0.30677 0.0575189 0.0182807
2 0.692999 0.317394 0.0700828 0.0551302
7 0.692531 0.315731 0.0683247 0.0560995
2 0.385957 0.291178 0.0307182 0.0113517
2 0.305304 0.296781 0.0317952 0.0152419
2 0.454979 0.591332 0.204734 0.104261
5 0.0892907 0.331013 0.154153 0.0755264
2 0.338211 0.474533 0.147035 0.0675201
2 0.510634 0.428205 0.124195 0.0578945
2 0.416397 0.361641 0.0849688 0.0369961
2 0.116973 0.702753 0.23363 0.164845
2 0.701817 0.358387 0.0835896 0.0377522
2 0.748173 0.548443 0.188084 0.114492
2 0.257767 0.334759 0.0777285 0.0413924
2 0.562081 0.351336 0.0793684 0.0468328
2 0.597047 0.322647 0.0582969 0.0279345
2 0.531802 0.308686 0.0497317 0.0273337
2 0.481932 0.312634 0.0670745 0.0453954
5 0.692412 0.315363 0.0679813 0.0559594
2 0.301469 0.321394 0.0440241 0.0269472
7 0.48229 0.312606 0.0676267 0.0459588
2 0.351861 0.30794 0.0520337 0.0223536
7 0.541842 0.284366 0.0574766 0.0375375
2 0.267568 0.30677 0.0575189 0.0182807
2 0.692999 0.317394 0.0700828 0.0551302
7 0.692531 0.315731 0.0683247 0.0560995
2 0.385957 0.291178 0.0307182 0.0113517
2 0.305304 0.296781 0.0317952 0.0152419
2 0.454979 0.591332 0.204734 0.104261
5 0.0892907 0.331013 0.154153 0.0755264
2 0.338211 0.474533 0.147035 0.0675201
2 0.510634 0.428205 0.124195 0.0578945
2 0.416397 0.361641 0.0849688 0.0369961
2 0.116973 0.702753 0.23363 0.164845
2 0.701817 0.358387 0.0835896 0.0377522
2 0.748173 0.548443 0.188084 0.114492
2 0.257767 0.334759 0.0777285 0.0413924
2 0.562081 0.351336 0.0793684 0.0468328
2 0.597047 0.322647 0.0582969 0.0279345
2 0.531802 0.308686 0.0497317 0.0273337
2 0.481932 0.312634 0.0670745 0.0453954
5 0.692412 0.315363 0.0679813 0.0559594
2 0.301469 0.321394 0.0440241 0.0269472
7 0.48229 0.312606 0.0676267 0.0459588
2 0.351861 0.30794 0.0520337 0.0223536
7 0.541842 0.284366 0.0574766 0.0375375
2 0.267568 0.30677 0.0575189 0.0182807
2 0.692999 0.317394 0.0700828 0.0551302
7 0.692531 0.315731 0.0683247 0.0560995
2 0.385957 0.291178 0.0307182 0.0113517
2 0.305304 0.296781 0.0317952 0.0152419
2 0.454979 0.591332 0.204734 0.104261
5 0.0892907 0.331013 0.154153 0.0755264
2 0.338211 0.474533 0.147035 0.0675201
2 0.510634 0.428205 0.124195 0.0578945
2 0.416397 0.361641 0.0849688 0.0369961
2 0.116973 0.702753 0.23363 0.164845
2 0.701817 0.358387 0.0835896 0.0377522
2 0.748173 0.548443 0.188084 0.114492
2 0.257767 0.334759 0.0777285 0.0413924
2 0.562081 0.351336 0.0793684 0.0468328
2 0.597047 0.322647 0.0582969 0.0279345
2 0.531802 0.308686 0.0497317 0.0273337
2 0.481932 0.312634 0.0670745 0.0453954
5 0.692412 0.315363 0.0679813 0.0559594
2 0.301469 0.321394 0.0440241 0.0269472
7 0.48229 0.312606 0.0676267 0.0459588
2 0.351861 0.30794 0.0520337 0.0223536
7 0.541842 0.284366 0.0574766 0.0375375
2 0.267568 0.30677 0.0575189 0.0182807
2 0.692999 0.317394 0.0700828 0.0551302
7 0.692531 0.315731 0.0683247 0.0560995
2 0.385957 0.291178 0.0307182 0.0113517
2 0.305304 0.296781 0.0317952 0.0152419
5 0.0906794 0.330623 0.154928 0.0746953
2 0.74781 0.548451 0.18723 0.114434
2 0.455927 0.591655 0.20207 0.104166
2 0.335347 0.474704 0.142704 0.0670294
2 0.512454 0.42847 0.124389 0.0580813
2 0.117106 0.704213 0.23337 0.166331
2 0.702509 0.358826 0.085632 0.0383347
2 0.416574 0.362391 0.0853253 0.0362247
2 0.5617 0.35129 0.0831077 0.0467358
2 0.595779 0.322505 0.0606576 0.0266513
2 0.258419 0.335241 0.0795855 0.0418142
7 0.483178 0.311893 0.0686495 0.0470914
7 0.54253 0.284571 0.0578698 0.0375938
5 0.0906794 0.330623 0.154928 0.0746953
2 0.74781 0.548451 0.18723 0.114434
2 0.455927 0.591655 0.20207 0.104166
2 0.335347 0.474704 0.142704 0.0670294
2 0.512454 0.42847 0.124389 0.0580813
2 0.117106 0.704213 0.23337 0.166331
2 0.702509 0.358826 0.085632 0.0383347
2 0.416574 0.362391 0.0853253 0.0362247
2 0.5617 0.35129 0.0831077 0.0467358
2 0.595779 0.322505 0.0606576 0.0266513
2 0.258419 0.335241 0.0795855 0.0418142
7 0.483178 0.311893 0.0686495 0.0470914
7 0.54253 0.284571 0.0578698 0.0375938
