2 0.898584 0.808229 0.20102 0.164585
2 0.205731 0.621657 0.194295 0.0938311
2 0.616343 0.491323 0.13926 0.0655373
2 0.0633622 0.884722 0.126556 0.228638
7 0.261009 0.493441 0.24084 0.159481
5 0.829391 0.341372 0.099429 0.0661251
2 0.450967 0.345391 0.0634722 0.0316001
2 0.261099 0.350907 0.0638816 0.0291286
2 0.667889 0.333219 0.0497862 0.0196473
2 0.578894 0.319953 0.0400746 0.01961
2 0.544139 0.359111 0.0724969 0.0426227
2 0.326214 0.327183 0.0455606 0.0217366
2 0.0141631 0.461694 0.0273787 0.0581117
5 0.871341 0.307836 0.0639686 0.0392139
2 0.278367 0.32204 0.0402897 0.0141382
2 0.479898 0.320324 0.0469492 0.0167105
2 0.633788 0.319692 0.0312022 0.0170941
5 0.920868 0.391208 0.155703 0.0787587
2 0.525102 0.312039 0.0299247 0.011891
2 0.641723 0.320275 0.0466331 0.0186199
2 0.464272 0.306553 0.0314507 0.0116258
2 0.607893 0.310602 0.0262407 0.0122528
2 0.898584 0.808229 0.20102 0.164585
2 0.205731 0.621657 0.194295 0.0938311
2 0.616343 0.491323 0.13926 0.0655373
2 0.0633622 0.884722 0.126556 0.228638
7 0.261009 0.493441 0.24084 0.159481
5 0.829391 0.341372 0.099429 0.0661251
2 0.450967 0.345391 0.0634722 0.0316001
2 0.261099 0.350907 0.0638816 0.0291286
2 0.667889 0.333219 0.0497862 0.0196473
2 0.578894 0.319953 0.0400746 0.01961
2 0.544139 0.359111 0.0724969 0.0426227
2 0.326214 0.327183 0.0455606 0.0217366
2 0.0141631 0.461694 0.0273787 0.0581117
5 0.871341 0.307836 0.0639686 0.0392139
2 0.278367 0.32204 0.0402897 0.0141382
2 0.479898 0.320324 0.0469492 0.0167105
2 0.633788 0.319692 0.0312022 0.0170941
5 0.920868 0.391208 0.155703 0.0787587
2 0.525102 0.312039 0.0299247 0.011891
2 0.641723 0.320275 0.0466331 0.0186199
2 0.464272 0.306553 0.0314507 0.0116258
2 0.607893 0.310602 0.0262407 0.0122528
2 0.898584 0.808229 0.20102 0.164585
2 0.205731 0.621657 0.194295 0.0938311
2 0.616343 0.491323 0.13926 0.0655373
2 0.0633622 0.884722 0.126556 0.228638
7 0.261009 0.493441 0.24084 0.159481
5 0.829391 0.341372 0.099429 0.0661251
2 0.450967 0.345391 0.0634722 0.0316001
2 0.261099 0.350907 0.0638816 0.0291286
2 0.667889 0.333219 0.0497862 0.0196473
2 0.578894 0.319953 0.0400746 0.01961
2 0.544139 0.359111 0.0724969 0.0426227
2 0.326214 0.327183 0.0455606 0.0217366
2 0.0141631 0.461694 0.0273787 0.0581117
5 0.871341 0.307836 0.0639686 0.0392139
2 0.278367 0.32204 0.0402897 0.0141382
2 0.479898 0.320324 0.0469492 0.0167105
2 0.633788 0.319692 0.0312022 0.0170941
5 0.920868 0.391208 0.155703 0.0787587
2 0.525102 0.312039 0.0299247 0.011891
2 0.641723 0.320275 0.0466331 0.0186199
2 0.464272 0.306553 0.0314507 0.0116258
2 0.607893 0.310602 0.0262407 0.0122528
2 0.898584 0.808229 0.20102 0.164585
2 0.205731 0.621657 0.194295 0.0938311
2 0.616343 0.491323 0.13926 0.0655373
2 0.0633622 0.884722 0.126556 0.228638
7 0.261009 0.493441 0.24084 0.159481
5 0.829391 0.341372 0.099429 0.0661251
2 0.450967 0.345391 0.0634722 0.0316001
2 0.261099 0.350907 0.0638816 0.0291286
2 0.667889 0.333219 0.0497862 0.0196473
2 0.578894 0.319953 0.0400746 0.01961
2 0.544139 0.359111 0.0724969 0.0426227
2 0.326214 0.327183 0.0455606 0.0217366
2 0.0141631 0.461694 0.0273787 0.0581117
5 0.871341 0.307836 0.0639686 0.0392139
2 0.278367 0.32204 0.0402897 0.0141382
2 0.479898 0.320324 0.0469492 0.0167105
2 0.633788 0.319692 0.0312022 0.0170941
5 0.920868 0.391208 0.155703 0.0787587
2 0.525102 0.312039 0.0299247 0.011891
2 0.641723 0.320275 0.0466331 0.0186199
2 0.464272 0.306553 0.0314507 0.0116258
2 0.607893 0.310602 0.0262407 0.0122528
2 0.898584 0.808229 0.20102 0.164585
2 0.205731 0.621657 0.194295 0.0938311
2 0.616343 0.491323 0.13926 0.0655373
2 0.0633622 0.884722 0.126556 0.228638
7 0.261009 0.493441 0.24084 0.159481
5 0.829391 0.341372 0.099429 0.0661251
2 0.450967 0.345391 0.0634722 0.0316001
2 0.261099 0.350907 0.0638816 0.0291286
2 0.667889 0.333219 0.0497862 0.0196473
2 0.578894 0.319953 0.0400746 0.01961
2 0.544139 0.359111 0.0724969 0.0426227
2 0.326214 0.327183 0.0455606 0.0217366
2 0.0141631 0.461694 0.0273787 0.0581117
5 0.871341 0.307836 0.0639686 0.0392139
2 0.278367 0.32204 0.0402897 0.0141382
2 0.479898 0.320324 0.0469492 0.0167105
2 0.633788 0.319692 0.0312022 0.0170941
5 0.920868 0.391208 0.155703 0.0787587
2 0.525102 0.312039 0.0299247 0.011891
2 0.641723 0.320275 0.0466331 0.0186199
2 0.464272 0.306553 0.0314507 0.0116258
2 0.607893 0.310602 0.0262407 0.0122528
