2 0.792224 0.65599 0.224854 0.116163
2 0.431373 0.574532 0.179428 0.0902172
2 0.169261 0.562866 0.174002 0.0853931
2 0.24996 0.489433 0.128439 0.0627279
2 0.589794 0.391166 0.0877144 0.0417442
2 0.517469 0.36552 0.073992 0.0342056
2 0.645991 0.459381 0.134942 0.0839098
2 0.434625 0.468262 0.145963 0.0858183
2 0.371621 0.358918 0.0719723 0.0340466
2 0.635775 0.342031 0.0691797 0.0390166
2 0.245024 0.336412 0.060114 0.0285516
2 0.106735 0.342369 0.0589521 0.027894
2 0.185362 0.331779 0.0528387 0.0269179
2 0.419173 0.330249 0.0559852 0.0303819
5 0.252373 0.303481 0.052219 0.0333343
0 0.293332 0.414451 0.0419094 0.0448722
2 0.522848 0.334031 0.0783751 0.0528746
3 0.294942 0.42612 0.0335877 0.0321257
2 0.319517 0.307157 0.0368273 0.0186152
2 0.608912 0.313237 0.0447278 0.0259112
2 0.474687 0.315316 0.0386724 0.0166435
2 0.418438 0.301898 0.0377665 0.0239053
7 0.418538 0.301153 0.0350172 0.0237181
2 0.792224 0.65599 0.224854 0.116163
2 0.431373 0.574532 0.179428 0.0902172
2 0.169261 0.562866 0.174002 0.0853931
2 0.24996 0.489433 0.128439 0.0627279
2 0.589794 0.391166 0.0877144 0.0417442
2 0.517469 0.36552 0.073992 0.0342056
2 0.645991 0.459381 0.134942 0.0839098
2 0.434625 0.468262 0.145963 0.0858183
2 0.371621 0.358918 0.0719723 0.0340466
2 0.635775 0.342031 0.0691797 0.0390166
2 0.245024 0.336412 0.060114 0.0285516
2 0.106735 0.342369 0.0589521 0.027894
2 0.185362 0.331779 0.0528387 0.0269179
2 0.419173 0.330249 0.0559852 0.0303819
5 0.252373 0.303481 0.052219 0.0333343
0 0.293332 0.414451 0.0419094 0.0448722
2 0.522848 0.334031 0.0783751 0.0528746
3 0.294942 0.42612 0.0335877 0.0321257
2 0.319517 0.307157 0.0368273 0.0186152
2 0.608912 0.313237 0.0447278 0.0259112
2 0.474687 0.315316 0.0386724 0.0166435
2 0.418438 0.301898 0.0377665 0.0239053
7 0.418538 0.301153 0.0350172 0.0237181
2 0.792224 0.65599 0.224854 0.116163
2 0.431373 0.574532 0.179428 0.0902172
2 0.169261 0.562866 0.174002 0.0853931
2 0.24996 0.489433 0.128439 0.0627279
2 0.589794 0.391166 0.0877144 0.0417442
2 0.517469 0.36552 0.073992 0.0342056
2 0.645991 0.459381 0.134942 0.0839098
2 0.434625 0.468262 0.145963 0.0858183
2 0.371621 0.358918 0.0719723 0.0340466
2 0.635775 0.342031 0.0691797 0.0390166
2 0.245024 0.336412 0.060114 0.0285516
2 0.106735 0.342369 0.0589521 0.027894
2 0.185362 0.331779 0.0528387 0.0269179
2 0.419173 0.330249 0.0559852 0.0303819
5 0.252373 0.303481 0.052219 0.0333343
0 0.293332 0.414451 0.0419094 0.0448722
2 0.522848 0.334031 0.0783751 0.0528746
3 0.294942 0.42612 0.0335877 0.0321257
2 0.319517 0.307157 0.0368273 0.0186152
2 0.608912 0.313237 0.0447278 0.0259112
2 0.474687 0.315316 0.0386724 0.0166435
2 0.418438 0.301898 0.0377665 0.0239053
7 0.418538 0.301153 0.0350172 0.0237181
2 0.792224 0.65599 0.224854 0.116163
2 0.431373 0.574532 0.179428 0.0902172
2 0.169261 0.562866 0.174002 0.0853931
2 0.24996 0.489433 0.128439 0.0627279
2 0.589794 0.391166 0.0877144 0.0417442
2 0.517469 0.36552 0.073992 0.0342056
2 0.645991 0.459381 0.134942 0.0839098
2 0.434625 0.468262 0.145963 0.0858183
2 0.371621 0.358918 0.0719723 0.0340466
2 0.635775 0.342031 0.0691797 0.0390166
2 0.245024 0.336412 0.060114 0.0285516
2 0.106735 0.342369 0.0589521 0.027894
2 0.185362 0.331779 0.0528387 0.0269179
2 0.419173 0.330249 0.0559852 0.0303819
5 0.252373 0.303481 0.052219 0.0333343
0 0.293332 0.414451 0.0419094 0.0448722
2 0.522848 0.334031 0.0783751 0.0528746
3 0.294942 0.42612 0.0335877 0.0321257
2 0.319517 0.307157 0.0368273 0.0186152
2 0.608912 0.313237 0.0447278 0.0259112
2 0.474687 0.315316 0.0386724 0.0166435
2 0.418438 0.301898 0.0377665 0.0239053
7 0.418538 0.301153 0.0350172 0.0237181
