2 0.714597 0.503327 0.15301 0.0918795
2 0.48245 0.520457 0.162843 0.0783968
2 0.658453 0.364648 0.0841496 0.0386916
2 0.432947 0.915023 0.389305 0.169149
2 0.681864 0.429043 0.112408 0.0536771
2 0.473786 0.466165 0.130835 0.0672806
2 0.495221 0.39113 0.0893958 0.0453753
2 0.311271 0.430354 0.131666 0.0700128
7 0.225185 0.504389 0.193268 0.141281
2 0.434247 0.352513 0.0662923 0.0318265
2 0.0585884 0.412945 0.109674 0.0484425
5 0.864914 0.721075 0.269675 0.296291
2 0.372322 0.372326 0.0946381 0.0513091
2 0.156606 0.375838 0.0826514 0.0399869
2 0.174167 0.330453 0.0622227 0.0271324
2 0.529616 0.320012 0.0547102 0.0239811
2 0.663577 0.340441 0.0657743 0.0297735
2 0.0377438 0.371738 0.0754877 0.0382738
7 0.458761 0.323559 0.093978 0.0607475
2 0.286937 0.315339 0.0513631 0.0236577
2 0.553707 0.296641 0.0503654 0.0213565
0 0.506918 0.945042 0.0917 0.05089
2 0.332628 0.306051 0.0412071 0.0156154
2 0.863654 0.720922 0.268505 0.295344
2 0.615344 0.291685 0.0382757 0.0132085
2 0.361001 0.296419 0.0327894 0.0122438
2 0.714597 0.503327 0.15301 0.0918795
2 0.48245 0.520457 0.162843 0.0783968
2 0.658453 0.364648 0.0841496 0.0386916
2 0.432947 0.915023 0.389305 0.169149
2 0.681864 0.429043 0.112408 0.0536771
2 0.473786 0.466165 0.130835 0.0672806
2 0.495221 0.39113 0.0893958 0.0453753
2 0.311271 0.430354 0.131666 0.0700128
7 0.225185 0.504389 0.193268 0.141281
2 0.434247 0.352513 0.0662923 0.0318265
2 0.0585884 0.412945 0.109674 0.0484425
5 0.864914 0.721075 0.269675 0.296291
2 0.372322 0.372326 0.0946381 0.0513091
2 0.156606 0.375838 0.0826514 0.0399869
2 0.174167 0.330453 0.0622227 0.0271324
2 0.529616 0.320012 0.0547102 0.0239811
2 0.663577 0.340441 0.0657743 0.0297735
2 0.0377438 0.371738 0.0754877 0.0382738
7 0.458761 0.323559 0.093978 0.0607475
2 0.286937 0.315339 0.0513631 0.0236577
2 0.553707 0.296641 0.0503654 0.0213565
0 0.506918 0.945042 0.0917 0.05089
2 0.332628 0.306051 0.0412071 0.0156154
2 0.863654 0.720922 0.268505 0.295344
2 0.615344 0.291685 0.0382757 0.0132085
2 0.361001 0.296419 0.0327894 0.0122438
2 0.714597 0.503327 0.15301 0.0918795
2 0.48245 0.520457 0.162843 0.0783968
2 0.658453 0.364648 0.0841496 0.0386916
2 0.432947 0.915023 0.389305 0.169149
2 0.681864 0.429043 0.112408 0.0536771
2 0.473786 0.466165 0.130835 0.0672806
2 0.495221 0.39113 0.0893958 0.0453753
2 0.311271 0.430354 0.131666 0.0700128
7 0.225185 0.504389 0.193268 0.141281
2 0.434247 0.352513 0.0662923 0.0318265
2 0.0585884 0.412945 0.109674 0.0484425
5 0.864914 0.721075 0.269675 0.296291
2 0.372322 0.372326 0.0946381 0.0513091
2 0.156606 0.375838 0.0826514 0.0399869
2 0.174167 0.330453 0.0622227 0.0271324
2 0.529616 0.320012 0.0547102 0.0239811
2 0.663577 0.340441 0.0657743 0.0297735
2 0.0377438 0.371738 0.0754877 0.0382738
7 0.458761 0.323559 0.093978 0.0607475
2 0.286937 0.315339 0.0513631 0.0236577
2 0.553707 0.296641 0.0503654 0.0213565
0 0.506918 0.945042 0.0917 0.05089
2 0.332628 0.306051 0.0412071 0.0156154
2 0.863654 0.720922 0.268505 0.295344
2 0.615344 0.291685 0.0382757 0.0132085
2 0.361001 0.296419 0.0327894 0.0122438
2 0.714597 0.503327 0.15301 0.0918795
2 0.48245 0.520457 0.162843 0.0783968
2 0.658453 0.364648 0.0841496 0.0386916
2 0.432947 0.915023 0.389305 0.169149
2 0.681864 0.429043 0.112408 0.0536771
2 0.473786 0.466165 0.130835 0.0672806
2 0.495221 0.39113 0.0893958 0.0453753
2 0.311271 0.430354 0.131666 0.0700128
7 0.225185 0.504389 0.193268 0.141281
2 0.434247 0.352513 0.0662923 0.0318265
2 0.0585884 0.412945 0.109674 0.0484425
5 0.864914 0.721075 0.269675 0.296291
2 0.372322 0.372326 0.0946381 0.0513091
2 0.156606 0.375838 0.0826514 0.0399869
2 0.174167 0.330453 0.0622227 0.0271324
2 0.529616 0.320012 0.0547102 0.0239811
2 0.663577 0.340441 0.0657743 0.0297735
2 0.0377438 0.371738 0.0754877 0.0382738
7 0.458761 0.323559 0.093978 0.0607475
2 0.286937 0.315339 0.0513631 0.0236577
2 0.553707 0.296641 0.0503654 0.0213565
0 0.506918 0.945042 0.0917 0.05089
2 0.332628 0.306051 0.0412071 0.0156154
2 0.863654 0.720922 0.268505 0.295344
2 0.615344 0.291685 0.0382757 0.0132085
2 0.361001 0.296419 0.0327894 0.0122438
2 0.714597 0.503327 0.15301 0.0918795
2 0.48245 0.520457 0.162843 0.0783968
2 0.658453 0.364648 0.0841496 0.0386916
2 0.432947 0.915023 0.389305 0.169149
2 0.681864 0.429043 0.112408 0.0536771
2 0.473786 0.466165 0.130835 0.0672806
2 0.495221 0.39113 0.0893958 0.0453753
2 0.311271 0.430354 0.131666 0.0700128
7 0.225185 0.504389 0.193268 0.141281
2 0.434247 0.352513 0.0662923 0.0318265
2 0.0585884 0.412945 0.109674 0.0484425
5 0.864914 0.721075 0.269675 0.296291
2 0.372322 0.372326 0.0946381 0.0513091
2 0.156606 0.375838 0.0826514 0.0399869
2 0.174167 0.330453 0.0622227 0.0271324
2 0.529616 0.320012 0.0547102 0.0239811
2 0.663577 0.340441 0.0657743 0.0297735
2 0.0377438 0.371738 0.0754877 0.0382738
7 0.458761 0.323559 0.093978 0.0607475
2 0.286937 0.315339 0.0513631 0.0236577
2 0.553707 0.296641 0.0503654 0.0213565
0 0.506918 0.945042 0.0917 0.05089
2 0.332628 0.306051 0.0412071 0.0156154
2 0.863654 0.720922 0.268505 0.295344
2 0.615344 0.291685 0.0382757 0.0132085
2 0.361001 0.296419 0.0327894 0.0122438
2 0.714597 0.503327 0.15301 0.0918795
2 0.48245 0.520457 0.162843 0.0783968
2 0.658453 0.364648 0.0841496 0.0386916
2 0.432947 0.915023 0.389305 0.169149
2 0.681864 0.429043 0.112408 0.0536771
2 0.473786 0.466165 0.130835 0.0672806
2 0.495221 0.39113 0.0893958 0.0453753
2 0.311271 0.430354 0.131666 0.0700128
7 0.225185 0.504389 0.193268 0.141281
2 0.434247 0.352513 0.0662923 0.0318265
2 0.0585884 0.412945 0.109674 0.0484425
5 0.864914 0.721075 0.269675 0.296291
2 0.372322 0.372326 0.0946381 0.0513091
2 0.156606 0.375838 0.0826514 0.0399869
2 0.174167 0.330453 0.0622227 0.0271324
2 0.529616 0.320012 0.0547102 0.0239811
2 0.663577 0.340441 0.0657743 0.0297735
2 0.0377438 0.371738 0.0754877 0.0382738
7 0.458761 0.323559 0.093978 0.0607475
2 0.286937 0.315339 0.0513631 0.0236577
2 0.553707 0.296641 0.0503654 0.0213565
0 0.506918 0.945042 0.0917 0.05089
2 0.332628 0.306051 0.0412071 0.0156154
2 0.863654 0.720922 0.268505 0.295344
2 0.615344 0.291685 0.0382757 0.0132085
2 0.361001 0.296419 0.0327894 0.0122438
2 0.714597 0.503327 0.15301 0.0918795
2 0.48245 0.520457 0.162843 0.0783968
2 0.658453 0.364648 0.0841496 0.0386916
2 0.432947 0.915023 0.389305 0.169149
2 0.681864 0.429043 0.112408 0.0536771
2 0.473786 0.466165 0.130835 0.0672806
2 0.495221 0.39113 0.0893958 0.0453753
2 0.311271 0.430354 0.131666 0.0700128
7 0.225185 0.504389 0.193268 0.141281
2 0.434247 0.352513 0.0662923 0.0318265
2 0.0585884 0.412945 0.109674 0.0484425
5 0.864914 0.721075 0.269675 0.296291
2 0.372322 0.372326 0.0946381 0.0513091
2 0.156606 0.375838 0.0826514 0.0399869
2 0.174167 0.330453 0.0622227 0.0271324
2 0.529616 0.320012 0.0547102 0.0239811
2 0.663577 0.340441 0.0657743 0.0297735
2 0.0377438 0.371738 0.0754877 0.0382738
7 0.458761 0.323559 0.093978 0.0607475
2 0.286937 0.315339 0.0513631 0.0236577
2 0.553707 0.296641 0.0503654 0.0213565
0 0.506918 0.945042 0.0917 0.05089
2 0.332628 0.306051 0.0412071 0.0156154
2 0.863654 0.720922 0.268505 0.295344
2 0.615344 0.291685 0.0382757 0.0132085
2 0.361001 0.296419 0.0327894 0.0122438
2 0.714597 0.503327 0.15301 0.0918795
2 0.48245 0.520457 0.162843 0.0783968
2 0.658453 0.364648 0.0841496 0.0386916
2 0.432947 0.915023 0.389305 0.169149
2 0.681864 0.429043 0.112408 0.0536771
2 0.473786 0.466165 0.130835 0.0672806
2 0.495221 0.39113 0.0893958 0.0453753
2 0.311271 0.430354 0.131666 0.0700128
7 0.225185 0.504389 0.193268 0.141281
2 0.434247 0.352513 0.0662923 0.0318265
2 0.0585884 0.412945 0.109674 0.0484425
5 0.864914 0.721075 0.269675 0.296291
2 0.372322 0.372326 0.0946381 0.0513091
2 0.156606 0.375838 0.0826514 0.0399869
2 0.174167 0.330453 0.0622227 0.0271324
2 0.529616 0.320012 0.0547102 0.0239811
2 0.663577 0.340441 0.0657743 0.0297735
2 0.0377438 0.371738 0.0754877 0.0382738
7 0.458761 0.323559 0.093978 0.0607475
2 0.286937 0.315339 0.0513631 0.0236577
2 0.553707 0.296641 0.0503654 0.0213565
0 0.506918 0.945042 0.0917 0.05089
2 0.332628 0.306051 0.0412071 0.0156154
2 0.863654 0.720922 0.268505 0.295344
2 0.615344 0.291685 0.0382757 0.0132085
2 0.361001 0.296419 0.0327894 0.0122438
2 0.714597 0.503327 0.15301 0.0918795
2 0.48245 0.520457 0.162843 0.0783968
2 0.658453 0.364648 0.0841496 0.0386916
2 0.432947 0.915023 0.389305 0.169149
2 0.681864 0.429043 0.112408 0.0536771
2 0.473786 0.466165 0.130835 0.0672806
2 0.495221 0.39113 0.0893958 0.0453753
2 0.311271 0.430354 0.131666 0.0700128
7 0.225185 0.504389 0.193268 0.141281
2 0.434247 0.352513 0.0662923 0.0318265
2 0.0585884 0.412945 0.109674 0.0484425
5 0.864914 0.721075 0.269675 0.296291
2 0.372322 0.372326 0.0946381 0.0513091
2 0.156606 0.375838 0.0826514 0.0399869
2 0.174167 0.330453 0.0622227 0.0271324
2 0.529616 0.320012 0.0547102 0.0239811
2 0.663577 0.340441 0.0657743 0.0297735
2 0.0377438 0.371738 0.0754877 0.0382738
7 0.458761 0.323559 0.093978 0.0607475
2 0.286937 0.315339 0.0513631 0.0236577
2 0.553707 0.296641 0.0503654 0.0213565
0 0.506918 0.945042 0.0917 0.05089
2 0.332628 0.306051 0.0412071 0.0156154
2 0.863654 0.720922 0.268505 0.295344
2 0.615344 0.291685 0.0382757 0.0132085
2 0.361001 0.296419 0.0327894 0.0122438
2 0.714597 0.503327 0.15301 0.0918795
2 0.48245 0.520457 0.162843 0.0783968
2 0.658453 0.364648 0.0841496 0.0386916
2 0.432947 0.915023 0.389305 0.169149
2 0.681864 0.429043 0.112408 0.0536771
2 0.473786 0.466165 0.130835 0.0672806
2 0.495221 0.39113 0.0893958 0.0453753
2 0.311271 0.430354 0.131666 0.0700128
7 0.225185 0.504389 0.193268 0.141281
2 0.434247 0.352513 0.0662923 0.0318265
2 0.0585884 0.412945 0.109674 0.0484425
5 0.864914 0.721075 0.269675 0.296291
2 0.372322 0.372326 0.0946381 0.0513091
2 0.156606 0.375838 0.0826514 0.0399869
2 0.174167 0.330453 0.0622227 0.0271324
2 0.529616 0.320012 0.0547102 0.0239811
2 0.663577 0.340441 0.0657743 0.0297735
2 0.0377438 0.371738 0.0754877 0.0382738
7 0.458761 0.323559 0.093978 0.0607475
2 0.286937 0.315339 0.0513631 0.0236577
2 0.553707 0.296641 0.0503654 0.0213565
0 0.506918 0.945042 0.0917 0.05089
2 0.332628 0.306051 0.0412071 0.0156154
2 0.863654 0.720922 0.268505 0.295344
2 0.615344 0.291685 0.0382757 0.0132085
2 0.361001 0.296419 0.0327894 0.0122438
2 0.714597 0.503327 0.15301 0.0918795
2 0.48245 0.520457 0.162843 0.0783968
2 0.658453 0.364648 0.0841496 0.0386916
2 0.432947 0.915023 0.389305 0.169149
2 0.681864 0.429043 0.112408 0.0536771
2 0.473786 0.466165 0.130835 0.0672806
2 0.495221 0.39113 0.0893958 0.0453753
2 0.311271 0.430354 0.131666 0.0700128
7 0.225185 0.504389 0.193268 0.141281
2 0.434247 0.352513 0.0662923 0.0318265
2 0.0585884 0.412945 0.109674 0.0484425
5 0.864914 0.721075 0.269675 0.296291
2 0.372322 0.372326 0.0946381 0.0513091
2 0.156606 0.375838 0.0826514 0.0399869
2 0.174167 0.330453 0.0622227 0.0271324
2 0.529616 0.320012 0.0547102 0.0239811
2 0.663577 0.340441 0.0657743 0.0297735
2 0.0377438 0.371738 0.0754877 0.0382738
7 0.458761 0.323559 0.093978 0.0607475
2 0.286937 0.315339 0.0513631 0.0236577
2 0.553707 0.296641 0.0503654 0.0213565
0 0.506918 0.945042 0.0917 0.05089
2 0.332628 0.306051 0.0412071 0.0156154
2 0.863654 0.720922 0.268505 0.295344
2 0.615344 0.291685 0.0382757 0.0132085
2 0.361001 0.296419 0.0327894 0.0122438
2 0.714597 0.503327 0.15301 0.0918795
2 0.48245 0.520457 0.162843 0.0783968
2 0.658453 0.364648 0.0841496 0.0386916
2 0.432947 0.915023 0.389305 0.169149
2 0.681864 0.429043 0.112408 0.0536771
2 0.473786 0.466165 0.130835 0.0672806
2 0.495221 0.39113 0.0893958 0.0453753
2 0.311271 0.430354 0.131666 0.0700128
7 0.225185 0.504389 0.193268 0.141281
2 0.434247 0.352513 0.0662923 0.0318265
2 0.0585884 0.412945 0.109674 0.0484425
5 0.864914 0.721075 0.269675 0.296291
2 0.372322 0.372326 0.0946381 0.0513091
2 0.156606 0.375838 0.0826514 0.0399869
2 0.174167 0.330453 0.0622227 0.0271324
2 0.529616 0.320012 0.0547102 0.0239811
2 0.663577 0.340441 0.0657743 0.0297735
2 0.0377438 0.371738 0.0754877 0.0382738
7 0.458761 0.323559 0.093978 0.0607475
2 0.286937 0.315339 0.0513631 0.0236577
2 0.553707 0.296641 0.0503654 0.0213565
0 0.506918 0.945042 0.0917 0.05089
2 0.332628 0.306051 0.0412071 0.0156154
2 0.863654 0.720922 0.268505 0.295344
2 0.615344 0.291685 0.0382757 0.0132085
2 0.361001 0.296419 0.0327894 0.0122438
