2 0.879169 0.837125 0.239754 0.211001
2 0.468083 0.77546 0.261557 0.145935
2 0.779386 0.593918 0.189697 0.0917938
2 0.452408 0.633936 0.198797 0.110684
2 0.460692 0.468758 0.122392 0.063714
2 0.67222 0.439143 0.113686 0.0557594
2 0.206989 0.557553 0.18297 0.109642
2 0.307384 0.438308 0.11594 0.0692087
2 0.662115 0.396145 0.0889547 0.0411928
2 0.372627 0.402544 0.0983215 0.0409872
2 0.535927 0.354086 0.0686561 0.0306156
7 0.41623 0.359884 0.11959 0.0759089
2 0.0452336 0.441764 0.0904672 0.0501772
7 0.0915208 0.785406 0.182717 0.289907
2 0.106541 0.362015 0.0726863 0.0329703
2 0.244308 0.345163 0.0642872 0.0294127
2 0.324345 0.323686 0.042544 0.0214156
2 0.570734 0.317094 0.0491913 0.0257279
2 0.471954 0.318452 0.0433497 0.0227713
2 0.623972 0.307677 0.0519375 0.0149654
2 0.352964 0.310593 0.0390393 0.0164386
2 0.879169 0.837125 0.239754 0.211001
2 0.468083 0.77546 0.261557 0.145935
2 0.779386 0.593918 0.189697 0.0917938
2 0.452408 0.633936 0.198797 0.110684
2 0.460692 0.468758 0.122392 0.063714
2 0.67222 0.439143 0.113686 0.0557594
2 0.206989 0.557553 0.18297 0.109642
2 0.307384 0.438308 0.11594 0.0692087
2 0.662115 0.396145 0.0889547 0.0411928
2 0.372627 0.402544 0.0983215 0.0409872
2 0.535927 0.354086 0.0686561 0.0306156
7 0.41623 0.359884 0.11959 0.0759089
2 0.0452336 0.441764 0.0904672 0.0501772
7 0.0915208 0.785406 0.182717 0.289907
2 0.106541 0.362015 0.0726863 0.0329703
2 0.244308 0.345163 0.0642872 0.0294127
2 0.324345 0.323686 0.042544 0.0214156
2 0.570734 0.317094 0.0491913 0.0257279
2 0.471954 0.318452 0.0433497 0.0227713
2 0.623972 0.307677 0.0519375 0.0149654
2 0.352964 0.310593 0.0390393 0.0164386
2 0.879169 0.837125 0.239754 0.211001
2 0.468083 0.77546 0.261557 0.145935
2 0.779386 0.593918 0.189697 0.0917938
2 0.452408 0.633936 0.198797 0.110684
2 0.460692 0.468758 0.122392 0.063714
2 0.67222 0.439143 0.113686 0.0557594
2 0.206989 0.557553 0.18297 0.109642
2 0.307384 0.438308 0.11594 0.0692087
2 0.662115 0.396145 0.0889547 0.0411928
2 0.372627 0.402544 0.0983215 0.0409872
2 0.535927 0.354086 0.0686561 0.0306156
7 0.41623 0.359884 0.11959 0.0759089
2 0.0452336 0.441764 0.0904672 0.0501772
7 0.0915208 0.785406 0.182717 0.289907
2 0.106541 0.362015 0.0726863 0.0329703
2 0.244308 0.345163 0.0642872 0.0294127
2 0.324345 0.323686 0.042544 0.0214156
2 0.570734 0.317094 0.0491913 0.0257279
2 0.471954 0.318452 0.0433497 0.0227713
2 0.623972 0.307677 0.0519375 0.0149654
2 0.352964 0.310593 0.0390393 0.0164386
2 0.879169 0.837125 0.239754 0.211001
2 0.468083 0.77546 0.261557 0.145935
2 0.779386 0.593918 0.189697 0.0917938
2 0.452408 0.633936 0.198797 0.110684
2 0.460692 0.468758 0.122392 0.063714
2 0.67222 0.439143 0.113686 0.0557594
2 0.206989 0.557553 0.18297 0.109642
2 0.307384 0.438308 0.11594 0.0692087
2 0.662115 0.396145 0.0889547 0.0411928
2 0.372627 0.402544 0.0983215 0.0409872
2 0.535927 0.354086 0.0686561 0.0306156
7 0.41623 0.359884 0.11959 0.0759089
2 0.0452336 0.441764 0.0904672 0.0501772
7 0.0915208 0.785406 0.182717 0.289907
2 0.106541 0.362015 0.0726863 0.0329703
2 0.244308 0.345163 0.0642872 0.0294127
2 0.324345 0.323686 0.042544 0.0214156
2 0.570734 0.317094 0.0491913 0.0257279
2 0.471954 0.318452 0.0433497 0.0227713
2 0.623972 0.307677 0.0519375 0.0149654
2 0.352964 0.310593 0.0390393 0.0164386
2 0.879169 0.837125 0.239754 0.211001
2 0.468083 0.77546 0.261557 0.145935
2 0.779386 0.593918 0.189697 0.0917938
2 0.452408 0.633936 0.198797 0.110684
2 0.460692 0.468758 0.122392 0.063714
2 0.67222 0.439143 0.113686 0.0557594
2 0.206989 0.557553 0.18297 0.109642
2 0.307384 0.438308 0.11594 0.0692087
2 0.662115 0.396145 0.0889547 0.0411928
2 0.372627 0.402544 0.0983215 0.0409872
2 0.535927 0.354086 0.0686561 0.0306156
7 0.41623 0.359884 0.11959 0.0759089
2 0.0452336 0.441764 0.0904672 0.0501772
7 0.0915208 0.785406 0.182717 0.289907
2 0.106541 0.362015 0.0726863 0.0329703
2 0.244308 0.345163 0.0642872 0.0294127
2 0.324345 0.323686 0.042544 0.0214156
2 0.570734 0.317094 0.0491913 0.0257279
2 0.471954 0.318452 0.0433497 0.0227713
2 0.623972 0.307677 0.0519375 0.0149654
2 0.352964 0.310593 0.0390393 0.0164386
2 0.879169 0.837125 0.239754 0.211001
2 0.468083 0.77546 0.261557 0.145935
2 0.779386 0.593918 0.189697 0.0917938
2 0.452408 0.633936 0.198797 0.110684
2 0.460692 0.468758 0.122392 0.063714
2 0.67222 0.439143 0.113686 0.0557594
2 0.206989 0.557553 0.18297 0.109642
2 0.307384 0.438308 0.11594 0.0692087
2 0.662115 0.396145 0.0889547 0.0411928
2 0.372627 0.402544 0.0983215 0.0409872
2 0.535927 0.354086 0.0686561 0.0306156
7 0.41623 0.359884 0.11959 0.0759089
2 0.0452336 0.441764 0.0904672 0.0501772
7 0.0915208 0.785406 0.182717 0.289907
2 0.106541 0.362015 0.0726863 0.0329703
2 0.244308 0.345163 0.0642872 0.0294127
2 0.324345 0.323686 0.042544 0.0214156
2 0.570734 0.317094 0.0491913 0.0257279
2 0.471954 0.318452 0.0433497 0.0227713
2 0.623972 0.307677 0.0519375 0.0149654
2 0.352964 0.310593 0.0390393 0.0164386
2 0.879169 0.837125 0.239754 0.211001
2 0.468083 0.77546 0.261557 0.145935
2 0.779386 0.593918 0.189697 0.0917938
2 0.452408 0.633936 0.198797 0.110684
2 0.460692 0.468758 0.122392 0.063714
2 0.67222 0.439143 0.113686 0.0557594
2 0.206989 0.557553 0.18297 0.109642
2 0.307384 0.438308 0.11594 0.0692087
2 0.662115 0.396145 0.0889547 0.0411928
2 0.372627 0.402544 0.0983215 0.0409872
2 0.535927 0.354086 0.0686561 0.0306156
7 0.41623 0.359884 0.11959 0.0759089
2 0.0452336 0.441764 0.0904672 0.0501772
7 0.0915208 0.785406 0.182717 0.289907
2 0.106541 0.362015 0.0726863 0.0329703
2 0.244308 0.345163 0.0642872 0.0294127
2 0.324345 0.323686 0.042544 0.0214156
2 0.570734 0.317094 0.0491913 0.0257279
2 0.471954 0.318452 0.0433497 0.0227713
2 0.623972 0.307677 0.0519375 0.0149654
2 0.352964 0.310593 0.0390393 0.0164386
2 0.879169 0.837125 0.239754 0.211001
2 0.468083 0.77546 0.261557 0.145935
2 0.779386 0.593918 0.189697 0.0917938
2 0.452408 0.633936 0.198797 0.110684
2 0.460692 0.468758 0.122392 0.063714
2 0.67222 0.439143 0.113686 0.0557594
2 0.206989 0.557553 0.18297 0.109642
2 0.307384 0.438308 0.11594 0.0692087
2 0.662115 0.396145 0.0889547 0.0411928
2 0.372627 0.402544 0.0983215 0.0409872
2 0.535927 0.354086 0.0686561 0.0306156
7 0.41623 0.359884 0.11959 0.0759089
2 0.0452336 0.441764 0.0904672 0.0501772
7 0.0915208 0.785406 0.182717 0.289907
2 0.106541 0.362015 0.0726863 0.0329703
2 0.244308 0.345163 0.0642872 0.0294127
2 0.324345 0.323686 0.042544 0.0214156
2 0.570734 0.317094 0.0491913 0.0257279
2 0.471954 0.318452 0.0433497 0.0227713
2 0.623972 0.307677 0.0519375 0.0149654
2 0.352964 0.310593 0.0390393 0.0164386
2 0.879169 0.837125 0.239754 0.211001
2 0.468083 0.77546 0.261557 0.145935
2 0.779386 0.593918 0.189697 0.0917938
2 0.452408 0.633936 0.198797 0.110684
2 0.460692 0.468758 0.122392 0.063714
2 0.67222 0.439143 0.113686 0.0557594
2 0.206989 0.557553 0.18297 0.109642
2 0.307384 0.438308 0.11594 0.0692087
2 0.662115 0.396145 0.0889547 0.0411928
2 0.372627 0.402544 0.0983215 0.0409872
2 0.535927 0.354086 0.0686561 0.0306156
7 0.41623 0.359884 0.11959 0.0759089
2 0.0452336 0.441764 0.0904672 0.0501772
7 0.0915208 0.785406 0.182717 0.289907
2 0.106541 0.362015 0.0726863 0.0329703
2 0.244308 0.345163 0.0642872 0.0294127
2 0.324345 0.323686 0.042544 0.0214156
2 0.570734 0.317094 0.0491913 0.0257279
2 0.471954 0.318452 0.0433497 0.0227713
2 0.623972 0.307677 0.0519375 0.0149654
2 0.352964 0.310593 0.0390393 0.0164386
2 0.879169 0.837125 0.239754 0.211001
2 0.468083 0.77546 0.261557 0.145935
2 0.779386 0.593918 0.189697 0.0917938
2 0.452408 0.633936 0.198797 0.110684
2 0.460692 0.468758 0.122392 0.063714
2 0.67222 0.439143 0.113686 0.0557594
2 0.206989 0.557553 0.18297 0.109642
2 0.307384 0.438308 0.11594 0.0692087
2 0.662115 0.396145 0.0889547 0.0411928
2 0.372627 0.402544 0.0983215 0.0409872
2 0.535927 0.354086 0.0686561 0.0306156
7 0.41623 0.359884 0.11959 0.0759089
2 0.0452336 0.441764 0.0904672 0.0501772
7 0.0915208 0.785406 0.182717 0.289907
2 0.106541 0.362015 0.0726863 0.0329703
2 0.244308 0.345163 0.0642872 0.0294127
2 0.324345 0.323686 0.042544 0.0214156
2 0.570734 0.317094 0.0491913 0.0257279
2 0.471954 0.318452 0.0433497 0.0227713
2 0.623972 0.307677 0.0519375 0.0149654
2 0.352964 0.310593 0.0390393 0.0164386
2 0.879169 0.837125 0.239754 0.211001
2 0.468083 0.77546 0.261557 0.145935
2 0.779386 0.593918 0.189697 0.0917938
2 0.452408 0.633936 0.198797 0.110684
2 0.460692 0.468758 0.122392 0.063714
2 0.67222 0.439143 0.113686 0.0557594
2 0.206989 0.557553 0.18297 0.109642
2 0.307384 0.438308 0.11594 0.0692087
2 0.662115 0.396145 0.0889547 0.0411928
2 0.372627 0.402544 0.0983215 0.0409872
2 0.535927 0.354086 0.0686561 0.0306156
7 0.41623 0.359884 0.11959 0.0759089
2 0.0452336 0.441764 0.0904672 0.0501772
7 0.0915208 0.785406 0.182717 0.289907
2 0.106541 0.362015 0.0726863 0.0329703
2 0.244308 0.345163 0.0642872 0.0294127
2 0.324345 0.323686 0.042544 0.0214156
2 0.570734 0.317094 0.0491913 0.0257279
2 0.471954 0.318452 0.0433497 0.0227713
2 0.623972 0.307677 0.0519375 0.0149654
2 0.352964 0.310593 0.0390393 0.0164386
2 0.879169 0.837125 0.239754 0.211001
2 0.468083 0.77546 0.261557 0.145935
2 0.779386 0.593918 0.189697 0.0917938
2 0.452408 0.633936 0.198797 0.110684
2 0.460692 0.468758 0.122392 0.063714
2 0.67222 0.439143 0.113686 0.0557594
2 0.206989 0.557553 0.18297 0.109642
2 0.307384 0.438308 0.11594 0.0692087
2 0.662115 0.396145 0.0889547 0.0411928
2 0.372627 0.402544 0.0983215 0.0409872
2 0.535927 0.354086 0.0686561 0.0306156
7 0.41623 0.359884 0.11959 0.0759089
2 0.0452336 0.441764 0.0904672 0.0501772
7 0.0915208 0.785406 0.182717 0.289907
2 0.106541 0.362015 0.0726863 0.0329703
2 0.244308 0.345163 0.0642872 0.0294127
2 0.324345 0.323686 0.042544 0.0214156
2 0.570734 0.317094 0.0491913 0.0257279
2 0.471954 0.318452 0.0433497 0.0227713
2 0.623972 0.307677 0.0519375 0.0149654
2 0.352964 0.310593 0.0390393 0.0164386
2 0.879169 0.837125 0.239754 0.211001
2 0.468083 0.77546 0.261557 0.145935
2 0.779386 0.593918 0.189697 0.0917938
2 0.452408 0.633936 0.198797 0.110684
2 0.460692 0.468758 0.122392 0.063714
2 0.67222 0.439143 0.113686 0.0557594
2 0.206989 0.557553 0.18297 0.109642
2 0.307384 0.438308 0.11594 0.0692087
2 0.662115 0.396145 0.0889547 0.0411928
2 0.372627 0.402544 0.0983215 0.0409872
2 0.535927 0.354086 0.0686561 0.0306156
7 0.41623 0.359884 0.11959 0.0759089
2 0.0452336 0.441764 0.0904672 0.0501772
7 0.0915208 0.785406 0.182717 0.289907
2 0.106541 0.362015 0.0726863 0.0329703
2 0.244308 0.345163 0.0642872 0.0294127
2 0.324345 0.323686 0.042544 0.0214156
2 0.570734 0.317094 0.0491913 0.0257279
2 0.471954 0.318452 0.0433497 0.0227713
2 0.623972 0.307677 0.0519375 0.0149654
2 0.352964 0.310593 0.0390393 0.0164386
2 0.468033 0.775685 0.264843 0.147147
2 0.452286 0.63417 0.197182 0.109612
2 0.879039 0.83765 0.240541 0.209979
2 0.779897 0.593934 0.190007 0.0923267
2 0.671966 0.439294 0.120427 0.055608
7 0.0912556 0.785623 0.18066 0.291804
2 0.460822 0.468701 0.123274 0.0630005
7 0.413665 0.359516 0.119189 0.0752688
2 0.207149 0.557483 0.180751 0.109141
2 0.306021 0.438043 0.118386 0.0687471
2 0.045766 0.441765 0.0906681 0.0511526
2 0.663466 0.39594 0.092057 0.0409574
2 0.535607 0.354173 0.0704086 0.0307776
2 0.374741 0.401721 0.0951991 0.0409442
2 0.106216 0.362543 0.0725073 0.031671
2 0.244696 0.344964 0.0643538 0.0283569
5 0.85296 0.361015 0.140923 0.0877036
2 0.468033 0.775685 0.264843 0.147147
2 0.452286 0.63417 0.197182 0.109612
2 0.879039 0.83765 0.240541 0.209979
2 0.779897 0.593934 0.190007 0.0923267
2 0.671966 0.439294 0.120427 0.055608
7 0.0912556 0.785623 0.18066 0.291804
2 0.460822 0.468701 0.123274 0.0630005
7 0.413665 0.359516 0.119189 0.0752688
2 0.207149 0.557483 0.180751 0.109141
2 0.306021 0.438043 0.118386 0.0687471
2 0.045766 0.441765 0.0906681 0.0511526
2 0.663466 0.39594 0.092057 0.0409574
2 0.535607 0.354173 0.0704086 0.0307776
2 0.374741 0.401721 0.0951991 0.0409442
2 0.106216 0.362543 0.0725073 0.031671
2 0.244696 0.344964 0.0643538 0.0283569
5 0.85296 0.361015 0.140923 0.0877036
