2 0.463757 0.677407 0.204752 0.121311
2 0.840264 0.670933 0.232022 0.11855
2 0.735327 0.522713 0.147796 0.0758961
2 0.308961 0.489054 0.127008 0.0613928
2 0.56753 0.409815 0.095309 0.0438057
7 0.348706 0.418789 0.15971 0.106861
2 0.189521 0.583268 0.1928 0.11559
2 0.141315 0.394966 0.0916741 0.0405895
5 0.843264 0.351832 0.115389 0.0748559
2 0.0226741 0.401102 0.0450121 0.0396872
2 0.573445 0.338159 0.0585151 0.0330303
0 0.0490328 0.375123 0.0326801 0.0388117
2 0.308001 0.339135 0.0515588 0.0249356
2 0.473328 0.333565 0.0573849 0.0274495
2 0.661283 0.319541 0.0425961 0.0180276
2 0.349709 0.319507 0.0332321 0.0191587
0 0.496385 0.653997 0.0505232 0.0263852
2 0.581114 0.313276 0.0427375 0.0143329
2 0.300746 0.319501 0.0431135 0.0152519
2 0.463757 0.677407 0.204752 0.121311
2 0.840264 0.670933 0.232022 0.11855
2 0.735327 0.522713 0.147796 0.0758961
2 0.308961 0.489054 0.127008 0.0613928
2 0.56753 0.409815 0.095309 0.0438057
7 0.348706 0.418789 0.15971 0.106861
2 0.189521 0.583268 0.1928 0.11559
2 0.141315 0.394966 0.0916741 0.0405895
5 0.843264 0.351832 0.115389 0.0748559
2 0.0226741 0.401102 0.0450121 0.0396872
2 0.573445 0.338159 0.0585151 0.0330303
0 0.0490328 0.375123 0.0326801 0.0388117
2 0.308001 0.339135 0.0515588 0.0249356
2 0.473328 0.333565 0.0573849 0.0274495
2 0.661283 0.319541 0.0425961 0.0180276
2 0.349709 0.319507 0.0332321 0.0191587
0 0.496385 0.653997 0.0505232 0.0263852
2 0.581114 0.313276 0.0427375 0.0143329
2 0.300746 0.319501 0.0431135 0.0152519
2 0.463757 0.677407 0.204752 0.121311
2 0.840264 0.670933 0.232022 0.11855
2 0.735327 0.522713 0.147796 0.0758961
2 0.308961 0.489054 0.127008 0.0613928
2 0.56753 0.409815 0.095309 0.0438057
7 0.348706 0.418789 0.15971 0.106861
2 0.189521 0.583268 0.1928 0.11559
2 0.141315 0.394966 0.0916741 0.0405895
5 0.843264 0.351832 0.115389 0.0748559
2 0.0226741 0.401102 0.0450121 0.0396872
2 0.573445 0.338159 0.0585151 0.0330303
0 0.0490328 0.375123 0.0326801 0.0388117
2 0.308001 0.339135 0.0515588 0.0249356
2 0.473328 0.333565 0.0573849 0.0274495
2 0.661283 0.319541 0.0425961 0.0180276
2 0.349709 0.319507 0.0332321 0.0191587
0 0.496385 0.653997 0.0505232 0.0263852
2 0.581114 0.313276 0.0427375 0.0143329
2 0.300746 0.319501 0.0431135 0.0152519
2 0.463757 0.677407 0.204752 0.121311
2 0.840264 0.670933 0.232022 0.11855
2 0.735327 0.522713 0.147796 0.0758961
2 0.308961 0.489054 0.127008 0.0613928
2 0.56753 0.409815 0.095309 0.0438057
7 0.348706 0.418789 0.15971 0.106861
2 0.189521 0.583268 0.1928 0.11559
2 0.141315 0.394966 0.0916741 0.0405895
5 0.843264 0.351832 0.115389 0.0748559
2 0.0226741 0.401102 0.0450121 0.0396872
2 0.573445 0.338159 0.0585151 0.0330303
0 0.0490328 0.375123 0.0326801 0.0388117
2 0.308001 0.339135 0.0515588 0.0249356
2 0.473328 0.333565 0.0573849 0.0274495
2 0.661283 0.319541 0.0425961 0.0180276
2 0.349709 0.319507 0.0332321 0.0191587
0 0.496385 0.653997 0.0505232 0.0263852
2 0.581114 0.313276 0.0427375 0.0143329
2 0.300746 0.319501 0.0431135 0.0152519
2 0.463757 0.677407 0.204752 0.121311
2 0.840264 0.670933 0.232022 0.11855
2 0.735327 0.522713 0.147796 0.0758961
2 0.308961 0.489054 0.127008 0.0613928
2 0.56753 0.409815 0.095309 0.0438057
7 0.348706 0.418789 0.15971 0.106861
2 0.189521 0.583268 0.1928 0.11559
2 0.141315 0.394966 0.0916741 0.0405895
5 0.843264 0.351832 0.115389 0.0748559
2 0.0226741 0.401102 0.0450121 0.0396872
2 0.573445 0.338159 0.0585151 0.0330303
0 0.0490328 0.375123 0.0326801 0.0388117
2 0.308001 0.339135 0.0515588 0.0249356
2 0.473328 0.333565 0.0573849 0.0274495
2 0.661283 0.319541 0.0425961 0.0180276
2 0.349709 0.319507 0.0332321 0.0191587
0 0.496385 0.653997 0.0505232 0.0263852
2 0.581114 0.313276 0.0427375 0.0143329
2 0.300746 0.319501 0.0431135 0.0152519
2 0.463757 0.677407 0.204752 0.121311
2 0.840264 0.670933 0.232022 0.11855
2 0.735327 0.522713 0.147796 0.0758961
2 0.308961 0.489054 0.127008 0.0613928
2 0.56753 0.409815 0.095309 0.0438057
7 0.348706 0.418789 0.15971 0.106861
2 0.189521 0.583268 0.1928 0.11559
2 0.141315 0.394966 0.0916741 0.0405895
5 0.843264 0.351832 0.115389 0.0748559
2 0.0226741 0.401102 0.0450121 0.0396872
2 0.573445 0.338159 0.0585151 0.0330303
0 0.0490328 0.375123 0.0326801 0.0388117
2 0.308001 0.339135 0.0515588 0.0249356
2 0.473328 0.333565 0.0573849 0.0274495
2 0.661283 0.319541 0.0425961 0.0180276
2 0.349709 0.319507 0.0332321 0.0191587
0 0.496385 0.653997 0.0505232 0.0263852
2 0.581114 0.313276 0.0427375 0.0143329
2 0.300746 0.319501 0.0431135 0.0152519
2 0.463757 0.677407 0.204752 0.121311
2 0.840264 0.670933 0.232022 0.11855
2 0.735327 0.522713 0.147796 0.0758961
2 0.308961 0.489054 0.127008 0.0613928
2 0.56753 0.409815 0.095309 0.0438057
7 0.348706 0.418789 0.15971 0.106861
2 0.189521 0.583268 0.1928 0.11559
2 0.141315 0.394966 0.0916741 0.0405895
5 0.843264 0.351832 0.115389 0.0748559
2 0.0226741 0.401102 0.0450121 0.0396872
2 0.573445 0.338159 0.0585151 0.0330303
0 0.0490328 0.375123 0.0326801 0.0388117
2 0.308001 0.339135 0.0515588 0.0249356
2 0.473328 0.333565 0.0573849 0.0274495
2 0.661283 0.319541 0.0425961 0.0180276
2 0.349709 0.319507 0.0332321 0.0191587
0 0.496385 0.653997 0.0505232 0.0263852
2 0.581114 0.313276 0.0427375 0.0143329
2 0.300746 0.319501 0.0431135 0.0152519
2 0.463757 0.677407 0.204752 0.121311
2 0.840264 0.670933 0.232022 0.11855
2 0.735327 0.522713 0.147796 0.0758961
2 0.308961 0.489054 0.127008 0.0613928
2 0.56753 0.409815 0.095309 0.0438057
7 0.348706 0.418789 0.15971 0.106861
2 0.189521 0.583268 0.1928 0.11559
2 0.141315 0.394966 0.0916741 0.0405895
5 0.843264 0.351832 0.115389 0.0748559
2 0.0226741 0.401102 0.0450121 0.0396872
2 0.573445 0.338159 0.0585151 0.0330303
0 0.0490328 0.375123 0.0326801 0.0388117
2 0.308001 0.339135 0.0515588 0.0249356
2 0.473328 0.333565 0.0573849 0.0274495
2 0.661283 0.319541 0.0425961 0.0180276
2 0.349709 0.319507 0.0332321 0.0191587
0 0.496385 0.653997 0.0505232 0.0263852
2 0.581114 0.313276 0.0427375 0.0143329
2 0.300746 0.319501 0.0431135 0.0152519
2 0.463757 0.677407 0.204752 0.121311
2 0.840264 0.670933 0.232022 0.11855
2 0.735327 0.522713 0.147796 0.0758961
2 0.308961 0.489054 0.127008 0.0613928
2 0.56753 0.409815 0.095309 0.0438057
7 0.348706 0.418789 0.15971 0.106861
2 0.189521 0.583268 0.1928 0.11559
2 0.141315 0.394966 0.0916741 0.0405895
5 0.843264 0.351832 0.115389 0.0748559
2 0.0226741 0.401102 0.0450121 0.0396872
2 0.573445 0.338159 0.0585151 0.0330303
0 0.0490328 0.375123 0.0326801 0.0388117
2 0.308001 0.339135 0.0515588 0.0249356
2 0.473328 0.333565 0.0573849 0.0274495
2 0.661283 0.319541 0.0425961 0.0180276
2 0.349709 0.319507 0.0332321 0.0191587
0 0.496385 0.653997 0.0505232 0.0263852
2 0.581114 0.313276 0.0427375 0.0143329
2 0.300746 0.319501 0.0431135 0.0152519
2 0.463757 0.677407 0.204752 0.121311
2 0.840264 0.670933 0.232022 0.11855
2 0.735327 0.522713 0.147796 0.0758961
2 0.308961 0.489054 0.127008 0.0613928
2 0.56753 0.409815 0.095309 0.0438057
7 0.348706 0.418789 0.15971 0.106861
2 0.189521 0.583268 0.1928 0.11559
2 0.141315 0.394966 0.0916741 0.0405895
5 0.843264 0.351832 0.115389 0.0748559
2 0.0226741 0.401102 0.0450121 0.0396872
2 0.573445 0.338159 0.0585151 0.0330303
0 0.0490328 0.375123 0.0326801 0.0388117
2 0.308001 0.339135 0.0515588 0.0249356
2 0.473328 0.333565 0.0573849 0.0274495
2 0.661283 0.319541 0.0425961 0.0180276
2 0.349709 0.319507 0.0332321 0.0191587
0 0.496385 0.653997 0.0505232 0.0263852
2 0.581114 0.313276 0.0427375 0.0143329
2 0.300746 0.319501 0.0431135 0.0152519
2 0.463757 0.677407 0.204752 0.121311
2 0.840264 0.670933 0.232022 0.11855
2 0.735327 0.522713 0.147796 0.0758961
2 0.308961 0.489054 0.127008 0.0613928
2 0.56753 0.409815 0.095309 0.0438057
7 0.348706 0.418789 0.15971 0.106861
2 0.189521 0.583268 0.1928 0.11559
2 0.141315 0.394966 0.0916741 0.0405895
5 0.843264 0.351832 0.115389 0.0748559
2 0.0226741 0.401102 0.0450121 0.0396872
2 0.573445 0.338159 0.0585151 0.0330303
0 0.0490328 0.375123 0.0326801 0.0388117
2 0.308001 0.339135 0.0515588 0.0249356
2 0.473328 0.333565 0.0573849 0.0274495
2 0.661283 0.319541 0.0425961 0.0180276
2 0.349709 0.319507 0.0332321 0.0191587
0 0.496385 0.653997 0.0505232 0.0263852
2 0.581114 0.313276 0.0427375 0.0143329
2 0.300746 0.319501 0.0431135 0.0152519
2 0.463757 0.677407 0.204752 0.121311
2 0.840264 0.670933 0.232022 0.11855
2 0.735327 0.522713 0.147796 0.0758961
2 0.308961 0.489054 0.127008 0.0613928
2 0.56753 0.409815 0.095309 0.0438057
7 0.348706 0.418789 0.15971 0.106861
2 0.189521 0.583268 0.1928 0.11559
2 0.141315 0.394966 0.0916741 0.0405895
5 0.843264 0.351832 0.115389 0.0748559
2 0.0226741 0.401102 0.0450121 0.0396872
2 0.573445 0.338159 0.0585151 0.0330303
0 0.0490328 0.375123 0.0326801 0.0388117
2 0.308001 0.339135 0.0515588 0.0249356
2 0.473328 0.333565 0.0573849 0.0274495
2 0.661283 0.319541 0.0425961 0.0180276
2 0.349709 0.319507 0.0332321 0.0191587
0 0.496385 0.653997 0.0505232 0.0263852
2 0.581114 0.313276 0.0427375 0.0143329
2 0.300746 0.319501 0.0431135 0.0152519
2 0.463723 0.677572 0.205516 0.121529
2 0.839097 0.670936 0.231571 0.118075
2 0.734971 0.522556 0.14934 0.074469
2 0.305147 0.489365 0.136523 0.0618716
7 0.344285 0.417245 0.166417 0.108272
2 0.189637 0.583136 0.192116 0.116505
2 0.566535 0.410095 0.0992801 0.0441226
2 0.141662 0.395226 0.0915374 0.0414515
5 0.845111 0.351448 0.116774 0.0738307
2 0.0220967 0.401572 0.0436284 0.039083
2 0.662364 0.318999 0.0424898 0.018544
2 0.574279 0.337584 0.0600652 0.0338824
0 0.048953 0.366683 0.0309667 0.019737
2 0.473731 0.333943 0.0565687 0.0263627
2 0.308025 0.338685 0.0514459 0.0246696
3 0.0492212 0.382545 0.0304633 0.0251959
2 0.463723 0.677572 0.205516 0.121529
2 0.839097 0.670936 0.231571 0.118075
2 0.734971 0.522556 0.14934 0.074469
2 0.305147 0.489365 0.136523 0.0618716
7 0.344285 0.417245 0.166417 0.108272
2 0.189637 0.583136 0.192116 0.116505
2 0.566535 0.410095 0.0992801 0.0441226
2 0.141662 0.395226 0.0915374 0.0414515
5 0.845111 0.351448 0.116774 0.0738307
2 0.0220967 0.401572 0.0436284 0.039083
2 0.662364 0.318999 0.0424898 0.018544
2 0.574279 0.337584 0.0600652 0.0338824
0 0.048953 0.366683 0.0309667 0.019737
2 0.473731 0.333943 0.0565687 0.0263627
2 0.308025 0.338685 0.0514459 0.0246696
3 0.0492212 0.382545 0.0304633 0.0251959
