2 0.892075 0.814288 0.214563 0.16755
2 0.478296 0.78577 0.25134 0.157862
2 0.779537 0.580309 0.176668 0.0923562
2 0.575815 0.428212 0.106527 0.049083
2 0.280372 0.5212 0.142856 0.0699595
2 0.0934886 0.411211 0.100473 0.0462131
5 0.838919 0.346634 0.107337 0.0711568
7 0.322902 0.43697 0.190336 0.120506
2 0.466203 0.335392 0.0602444 0.0281056
2 0.135107 0.647233 0.224722 0.140445
2 0.565156 0.342257 0.06366 0.0357723
2 0.294044 0.340045 0.052108 0.0254648
2 0.664077 0.321833 0.0447912 0.0177082
0 0.522377 0.759058 0.0635369 0.0323446
2 0.341151 0.32143 0.0444318 0.0180088
2 0.579989 0.314313 0.0405076 0.0155953
2 0.472474 0.316061 0.0500435 0.0180597
0 0.0156404 0.372873 0.0310342 0.0198146
5 0.845095 0.298762 0.0642103 0.0259771
0 0.0158671 0.382807 0.0317331 0.0391962
2 0.293065 0.318281 0.042396 0.0156996
3 0.0159209 0.391117 0.0309848 0.025273
5 0.925528 0.39502 0.146949 0.0893426
2 0.892075 0.814288 0.214563 0.16755
2 0.478296 0.78577 0.25134 0.157862
2 0.779537 0.580309 0.176668 0.0923562
2 0.575815 0.428212 0.106527 0.049083
2 0.280372 0.5212 0.142856 0.0699595
2 0.0934886 0.411211 0.100473 0.0462131
5 0.838919 0.346634 0.107337 0.0711568
7 0.322902 0.43697 0.190336 0.120506
2 0.466203 0.335392 0.0602444 0.0281056
2 0.135107 0.647233 0.224722 0.140445
2 0.565156 0.342257 0.06366 0.0357723
2 0.294044 0.340045 0.052108 0.0254648
2 0.664077 0.321833 0.0447912 0.0177082
0 0.522377 0.759058 0.0635369 0.0323446
2 0.341151 0.32143 0.0444318 0.0180088
2 0.579989 0.314313 0.0405076 0.0155953
2 0.472474 0.316061 0.0500435 0.0180597
0 0.0156404 0.372873 0.0310342 0.0198146
5 0.845095 0.298762 0.0642103 0.0259771
0 0.0158671 0.382807 0.0317331 0.0391962
2 0.293065 0.318281 0.042396 0.0156996
3 0.0159209 0.391117 0.0309848 0.025273
5 0.925528 0.39502 0.146949 0.0893426
2 0.892075 0.814288 0.214563 0.16755
2 0.478296 0.78577 0.25134 0.157862
2 0.779537 0.580309 0.176668 0.0923562
2 0.575815 0.428212 0.106527 0.049083
2 0.280372 0.5212 0.142856 0.0699595
2 0.0934886 0.411211 0.100473 0.0462131
5 0.838919 0.346634 0.107337 0.0711568
7 0.322902 0.43697 0.190336 0.120506
2 0.466203 0.335392 0.0602444 0.0281056
2 0.135107 0.647233 0.224722 0.140445
2 0.565156 0.342257 0.06366 0.0357723
2 0.294044 0.340045 0.052108 0.0254648
2 0.664077 0.321833 0.0447912 0.0177082
0 0.522377 0.759058 0.0635369 0.0323446
2 0.341151 0.32143 0.0444318 0.0180088
2 0.579989 0.314313 0.0405076 0.0155953
2 0.472474 0.316061 0.0500435 0.0180597
0 0.0156404 0.372873 0.0310342 0.0198146
5 0.845095 0.298762 0.0642103 0.0259771
0 0.0158671 0.382807 0.0317331 0.0391962
2 0.293065 0.318281 0.042396 0.0156996
3 0.0159209 0.391117 0.0309848 0.025273
5 0.925528 0.39502 0.146949 0.0893426
2 0.892075 0.814288 0.214563 0.16755
2 0.478296 0.78577 0.25134 0.157862
2 0.779537 0.580309 0.176668 0.0923562
2 0.575815 0.428212 0.106527 0.049083
2 0.280372 0.5212 0.142856 0.0699595
2 0.0934886 0.411211 0.100473 0.0462131
5 0.838919 0.346634 0.107337 0.0711568
7 0.322902 0.43697 0.190336 0.120506
2 0.466203 0.335392 0.0602444 0.0281056
2 0.135107 0.647233 0.224722 0.140445
2 0.565156 0.342257 0.06366 0.0357723
2 0.294044 0.340045 0.052108 0.0254648
2 0.664077 0.321833 0.0447912 0.0177082
0 0.522377 0.759058 0.0635369 0.0323446
2 0.341151 0.32143 0.0444318 0.0180088
2 0.579989 0.314313 0.0405076 0.0155953
2 0.472474 0.316061 0.0500435 0.0180597
0 0.0156404 0.372873 0.0310342 0.0198146
5 0.845095 0.298762 0.0642103 0.0259771
0 0.0158671 0.382807 0.0317331 0.0391962
2 0.293065 0.318281 0.042396 0.0156996
3 0.0159209 0.391117 0.0309848 0.025273
5 0.925528 0.39502 0.146949 0.0893426
2 0.892075 0.814288 0.214563 0.16755
2 0.478296 0.78577 0.25134 0.157862
2 0.779537 0.580309 0.176668 0.0923562
2 0.575815 0.428212 0.106527 0.049083
2 0.280372 0.5212 0.142856 0.0699595
2 0.0934886 0.411211 0.100473 0.0462131
5 0.838919 0.346634 0.107337 0.0711568
7 0.322902 0.43697 0.190336 0.120506
2 0.466203 0.335392 0.0602444 0.0281056
2 0.135107 0.647233 0.224722 0.140445
2 0.565156 0.342257 0.06366 0.0357723
2 0.294044 0.340045 0.052108 0.0254648
2 0.664077 0.321833 0.0447912 0.0177082
0 0.522377 0.759058 0.0635369 0.0323446
2 0.341151 0.32143 0.0444318 0.0180088
2 0.579989 0.314313 0.0405076 0.0155953
2 0.472474 0.316061 0.0500435 0.0180597
0 0.0156404 0.372873 0.0310342 0.0198146
5 0.845095 0.298762 0.0642103 0.0259771
0 0.0158671 0.382807 0.0317331 0.0391962
2 0.293065 0.318281 0.042396 0.0156996
3 0.0159209 0.391117 0.0309848 0.025273
5 0.925528 0.39502 0.146949 0.0893426
