2 0.495165 0.477319 0.13739 0.0670792
2 0.452377 0.767964 0.288397 0.194407
2 0.692438 0.457827 0.129704 0.0701984
7 0.268448 0.460687 0.165642 0.120384
2 0.506933 0.373848 0.0821187 0.0432012
2 0.19333 0.324314 0.0583009 0.026326
2 0.108985 0.392697 0.101533 0.0432323
2 0.676399 0.399708 0.0950427 0.0455392
2 0.663583 0.349882 0.0747029 0.0349726
2 0.183818 0.361098 0.0829791 0.0351479
2 0.484951 0.434333 0.120564 0.0589575
2 0.0644231 0.36071 0.0862469 0.0368233
2 0.349657 0.405626 0.107168 0.0636585
2 0.395812 0.357756 0.0853092 0.0472761
7 0.471689 0.315404 0.0898397 0.0564955
2 0.454162 0.341938 0.0615558 0.0296754
2 0.296853 0.308925 0.0479746 0.0232171
7 0.816801 0.598796 0.261875 0.219432
2 0.531859 0.312966 0.0467767 0.022884
0 0.870654 0.596771 0.0612749 0.0348309
2 0.336007 0.301577 0.0370605 0.0145357
2 0.816895 0.598462 0.262188 0.218657
0 0.505258 0.748419 0.0748449 0.0354734
2 0.666819 0.329264 0.0615949 0.0274832
0 0.76055 0.591391 0.0528563 0.0243149
2 0.495165 0.477319 0.13739 0.0670792
2 0.452377 0.767964 0.288397 0.194407
2 0.692438 0.457827 0.129704 0.0701984
7 0.268448 0.460687 0.165642 0.120384
2 0.506933 0.373848 0.0821187 0.0432012
2 0.19333 0.324314 0.0583009 0.026326
2 0.108985 0.392697 0.101533 0.0432323
2 0.676399 0.399708 0.0950427 0.0455392
2 0.663583 0.349882 0.0747029 0.0349726
2 0.183818 0.361098 0.0829791 0.0351479
2 0.484951 0.434333 0.120564 0.0589575
2 0.0644231 0.36071 0.0862469 0.0368233
2 0.349657 0.405626 0.107168 0.0636585
2 0.395812 0.357756 0.0853092 0.0472761
7 0.471689 0.315404 0.0898397 0.0564955
2 0.454162 0.341938 0.0615558 0.0296754
2 0.296853 0.308925 0.0479746 0.0232171
7 0.816801 0.598796 0.261875 0.219432
2 0.531859 0.312966 0.0467767 0.022884
0 0.870654 0.596771 0.0612749 0.0348309
2 0.336007 0.301577 0.0370605 0.0145357
2 0.816895 0.598462 0.262188 0.218657
0 0.505258 0.748419 0.0748449 0.0354734
2 0.666819 0.329264 0.0615949 0.0274832
0 0.76055 0.591391 0.0528563 0.0243149
2 0.495165 0.477319 0.13739 0.0670792
2 0.452377 0.767964 0.288397 0.194407
2 0.692438 0.457827 0.129704 0.0701984
7 0.268448 0.460687 0.165642 0.120384
2 0.506933 0.373848 0.0821187 0.0432012
2 0.19333 0.324314 0.0583009 0.026326
2 0.108985 0.392697 0.101533 0.0432323
2 0.676399 0.399708 0.0950427 0.0455392
2 0.663583 0.349882 0.0747029 0.0349726
2 0.183818 0.361098 0.0829791 0.0351479
2 0.484951 0.434333 0.120564 0.0589575
2 0.0644231 0.36071 0.0862469 0.0368233
2 0.349657 0.405626 0.107168 0.0636585
2 0.395812 0.357756 0.0853092 0.0472761
7 0.471689 0.315404 0.0898397 0.0564955
2 0.454162 0.341938 0.0615558 0.0296754
2 0.296853 0.308925 0.0479746 0.0232171
7 0.816801 0.598796 0.261875 0.219432
2 0.531859 0.312966 0.0467767 0.022884
0 0.870654 0.596771 0.0612749 0.0348309
2 0.336007 0.301577 0.0370605 0.0145357
2 0.816895 0.598462 0.262188 0.218657
0 0.505258 0.748419 0.0748449 0.0354734
2 0.666819 0.329264 0.0615949 0.0274832
0 0.76055 0.591391 0.0528563 0.0243149
2 0.495165 0.477319 0.13739 0.0670792
2 0.452377 0.767964 0.288397 0.194407
2 0.692438 0.457827 0.129704 0.0701984
7 0.268448 0.460687 0.165642 0.120384
2 0.506933 0.373848 0.0821187 0.0432012
2 0.19333 0.324314 0.0583009 0.026326
2 0.108985 0.392697 0.101533 0.0432323
2 0.676399 0.399708 0.0950427 0.0455392
2 0.663583 0.349882 0.0747029 0.0349726
2 0.183818 0.361098 0.0829791 0.0351479
2 0.484951 0.434333 0.120564 0.0589575
2 0.0644231 0.36071 0.0862469 0.0368233
2 0.349657 0.405626 0.107168 0.0636585
2 0.395812 0.357756 0.0853092 0.0472761
7 0.471689 0.315404 0.0898397 0.0564955
2 0.454162 0.341938 0.0615558 0.0296754
2 0.296853 0.308925 0.0479746 0.0232171
7 0.816801 0.598796 0.261875 0.219432
2 0.531859 0.312966 0.0467767 0.022884
0 0.870654 0.596771 0.0612749 0.0348309
2 0.336007 0.301577 0.0370605 0.0145357
2 0.816895 0.598462 0.262188 0.218657
0 0.505258 0.748419 0.0748449 0.0354734
2 0.666819 0.329264 0.0615949 0.0274832
0 0.76055 0.591391 0.0528563 0.0243149
2 0.495165 0.477319 0.13739 0.0670792
2 0.452377 0.767964 0.288397 0.194407
2 0.692438 0.457827 0.129704 0.0701984
7 0.268448 0.460687 0.165642 0.120384
2 0.506933 0.373848 0.0821187 0.0432012
2 0.19333 0.324314 0.0583009 0.026326
2 0.108985 0.392697 0.101533 0.0432323
2 0.676399 0.399708 0.0950427 0.0455392
2 0.663583 0.349882 0.0747029 0.0349726
2 0.183818 0.361098 0.0829791 0.0351479
2 0.484951 0.434333 0.120564 0.0589575
2 0.0644231 0.36071 0.0862469 0.0368233
2 0.349657 0.405626 0.107168 0.0636585
2 0.395812 0.357756 0.0853092 0.0472761
7 0.471689 0.315404 0.0898397 0.0564955
2 0.454162 0.341938 0.0615558 0.0296754
2 0.296853 0.308925 0.0479746 0.0232171
7 0.816801 0.598796 0.261875 0.219432
2 0.531859 0.312966 0.0467767 0.022884
0 0.870654 0.596771 0.0612749 0.0348309
2 0.336007 0.301577 0.0370605 0.0145357
2 0.816895 0.598462 0.262188 0.218657
0 0.505258 0.748419 0.0748449 0.0354734
2 0.666819 0.329264 0.0615949 0.0274832
0 0.76055 0.591391 0.0528563 0.0243149
2 0.495165 0.477319 0.13739 0.0670792
2 0.452377 0.767964 0.288397 0.194407
2 0.692438 0.457827 0.129704 0.0701984
7 0.268448 0.460687 0.165642 0.120384
2 0.506933 0.373848 0.0821187 0.0432012
2 0.19333 0.324314 0.0583009 0.026326
2 0.108985 0.392697 0.101533 0.0432323
2 0.676399 0.399708 0.0950427 0.0455392
2 0.663583 0.349882 0.0747029 0.0349726
2 0.183818 0.361098 0.0829791 0.0351479
2 0.484951 0.434333 0.120564 0.0589575
2 0.0644231 0.36071 0.0862469 0.0368233
2 0.349657 0.405626 0.107168 0.0636585
2 0.395812 0.357756 0.0853092 0.0472761
7 0.471689 0.315404 0.0898397 0.0564955
2 0.454162 0.341938 0.0615558 0.0296754
2 0.296853 0.308925 0.0479746 0.0232171
7 0.816801 0.598796 0.261875 0.219432
2 0.531859 0.312966 0.0467767 0.022884
0 0.870654 0.596771 0.0612749 0.0348309
2 0.336007 0.301577 0.0370605 0.0145357
2 0.816895 0.598462 0.262188 0.218657
0 0.505258 0.748419 0.0748449 0.0354734
2 0.666819 0.329264 0.0615949 0.0274832
0 0.76055 0.591391 0.0528563 0.0243149
2 0.495165 0.477319 0.13739 0.0670792
2 0.452377 0.767964 0.288397 0.194407
2 0.692438 0.457827 0.129704 0.0701984
7 0.268448 0.460687 0.165642 0.120384
2 0.506933 0.373848 0.0821187 0.0432012
2 0.19333 0.324314 0.0583009 0.026326
2 0.108985 0.392697 0.101533 0.0432323
2 0.676399 0.399708 0.0950427 0.0455392
2 0.663583 0.349882 0.0747029 0.0349726
2 0.183818 0.361098 0.0829791 0.0351479
2 0.484951 0.434333 0.120564 0.0589575
2 0.0644231 0.36071 0.0862469 0.0368233
2 0.349657 0.405626 0.107168 0.0636585
2 0.395812 0.357756 0.0853092 0.0472761
7 0.471689 0.315404 0.0898397 0.0564955
2 0.454162 0.341938 0.0615558 0.0296754
2 0.296853 0.308925 0.0479746 0.0232171
7 0.816801 0.598796 0.261875 0.219432
2 0.531859 0.312966 0.0467767 0.022884
0 0.870654 0.596771 0.0612749 0.0348309
2 0.336007 0.301577 0.0370605 0.0145357
2 0.816895 0.598462 0.262188 0.218657
0 0.505258 0.748419 0.0748449 0.0354734
2 0.666819 0.329264 0.0615949 0.0274832
0 0.76055 0.591391 0.0528563 0.0243149
2 0.495165 0.477319 0.13739 0.0670792
2 0.452377 0.767964 0.288397 0.194407
2 0.692438 0.457827 0.129704 0.0701984
7 0.268448 0.460687 0.165642 0.120384
2 0.506933 0.373848 0.0821187 0.0432012
2 0.19333 0.324314 0.0583009 0.026326
2 0.108985 0.392697 0.101533 0.0432323
2 0.676399 0.399708 0.0950427 0.0455392
2 0.663583 0.349882 0.0747029 0.0349726
2 0.183818 0.361098 0.0829791 0.0351479
2 0.484951 0.434333 0.120564 0.0589575
2 0.0644231 0.36071 0.0862469 0.0368233
2 0.349657 0.405626 0.107168 0.0636585
2 0.395812 0.357756 0.0853092 0.0472761
7 0.471689 0.315404 0.0898397 0.0564955
2 0.454162 0.341938 0.0615558 0.0296754
2 0.296853 0.308925 0.0479746 0.0232171
7 0.816801 0.598796 0.261875 0.219432
2 0.531859 0.312966 0.0467767 0.022884
0 0.870654 0.596771 0.0612749 0.0348309
2 0.336007 0.301577 0.0370605 0.0145357
2 0.816895 0.598462 0.262188 0.218657
0 0.505258 0.748419 0.0748449 0.0354734
2 0.666819 0.329264 0.0615949 0.0274832
0 0.76055 0.591391 0.0528563 0.0243149
2 0.495165 0.477319 0.13739 0.0670792
2 0.452377 0.767964 0.288397 0.194407
2 0.692438 0.457827 0.129704 0.0701984
7 0.268448 0.460687 0.165642 0.120384
2 0.506933 0.373848 0.0821187 0.0432012
2 0.19333 0.324314 0.0583009 0.026326
2 0.108985 0.392697 0.101533 0.0432323
2 0.676399 0.399708 0.0950427 0.0455392
2 0.663583 0.349882 0.0747029 0.0349726
2 0.183818 0.361098 0.0829791 0.0351479
2 0.484951 0.434333 0.120564 0.0589575
2 0.0644231 0.36071 0.0862469 0.0368233
2 0.349657 0.405626 0.107168 0.0636585
2 0.395812 0.357756 0.0853092 0.0472761
7 0.471689 0.315404 0.0898397 0.0564955
2 0.454162 0.341938 0.0615558 0.0296754
2 0.296853 0.308925 0.0479746 0.0232171
7 0.816801 0.598796 0.261875 0.219432
2 0.531859 0.312966 0.0467767 0.022884
0 0.870654 0.596771 0.0612749 0.0348309
2 0.336007 0.301577 0.0370605 0.0145357
2 0.816895 0.598462 0.262188 0.218657
0 0.505258 0.748419 0.0748449 0.0354734
2 0.666819 0.329264 0.0615949 0.0274832
0 0.76055 0.591391 0.0528563 0.0243149
2 0.495165 0.477319 0.13739 0.0670792
2 0.452377 0.767964 0.288397 0.194407
2 0.692438 0.457827 0.129704 0.0701984
7 0.268448 0.460687 0.165642 0.120384
2 0.506933 0.373848 0.0821187 0.0432012
2 0.19333 0.324314 0.0583009 0.026326
2 0.108985 0.392697 0.101533 0.0432323
2 0.676399 0.399708 0.0950427 0.0455392
2 0.663583 0.349882 0.0747029 0.0349726
2 0.183818 0.361098 0.0829791 0.0351479
2 0.484951 0.434333 0.120564 0.0589575
2 0.0644231 0.36071 0.0862469 0.0368233
2 0.349657 0.405626 0.107168 0.0636585
2 0.395812 0.357756 0.0853092 0.0472761
7 0.471689 0.315404 0.0898397 0.0564955
2 0.454162 0.341938 0.0615558 0.0296754
2 0.296853 0.308925 0.0479746 0.0232171
7 0.816801 0.598796 0.261875 0.219432
2 0.531859 0.312966 0.0467767 0.022884
0 0.870654 0.596771 0.0612749 0.0348309
2 0.336007 0.301577 0.0370605 0.0145357
2 0.816895 0.598462 0.262188 0.218657
0 0.505258 0.748419 0.0748449 0.0354734
2 0.666819 0.329264 0.0615949 0.0274832
0 0.76055 0.591391 0.0528563 0.0243149
2 0.495165 0.477319 0.13739 0.0670792
2 0.452377 0.767964 0.288397 0.194407
2 0.692438 0.457827 0.129704 0.0701984
7 0.268448 0.460687 0.165642 0.120384
2 0.506933 0.373848 0.0821187 0.0432012
2 0.19333 0.324314 0.0583009 0.026326
2 0.108985 0.392697 0.101533 0.0432323
2 0.676399 0.399708 0.0950427 0.0455392
2 0.663583 0.349882 0.0747029 0.0349726
2 0.183818 0.361098 0.0829791 0.0351479
2 0.484951 0.434333 0.120564 0.0589575
2 0.0644231 0.36071 0.0862469 0.0368233
2 0.349657 0.405626 0.107168 0.0636585
2 0.395812 0.357756 0.0853092 0.0472761
7 0.471689 0.315404 0.0898397 0.0564955
2 0.454162 0.341938 0.0615558 0.0296754
2 0.296853 0.308925 0.0479746 0.0232171
7 0.816801 0.598796 0.261875 0.219432
2 0.531859 0.312966 0.0467767 0.022884
0 0.870654 0.596771 0.0612749 0.0348309
2 0.336007 0.301577 0.0370605 0.0145357
2 0.816895 0.598462 0.262188 0.218657
0 0.505258 0.748419 0.0748449 0.0354734
2 0.666819 0.329264 0.0615949 0.0274832
0 0.76055 0.591391 0.0528563 0.0243149
2 0.495165 0.477319 0.13739 0.0670792
2 0.452377 0.767964 0.288397 0.194407
2 0.692438 0.457827 0.129704 0.0701984
7 0.268448 0.460687 0.165642 0.120384
2 0.506933 0.373848 0.0821187 0.0432012
2 0.19333 0.324314 0.0583009 0.026326
2 0.108985 0.392697 0.101533 0.0432323
2 0.676399 0.399708 0.0950427 0.0455392
2 0.663583 0.349882 0.0747029 0.0349726
2 0.183818 0.361098 0.0829791 0.0351479
2 0.484951 0.434333 0.120564 0.0589575
2 0.0644231 0.36071 0.0862469 0.0368233
2 0.349657 0.405626 0.107168 0.0636585
2 0.395812 0.357756 0.0853092 0.0472761
7 0.471689 0.315404 0.0898397 0.0564955
2 0.454162 0.341938 0.0615558 0.0296754
2 0.296853 0.308925 0.0479746 0.0232171
7 0.816801 0.598796 0.261875 0.219432
2 0.531859 0.312966 0.0467767 0.022884
0 0.870654 0.596771 0.0612749 0.0348309
2 0.336007 0.301577 0.0370605 0.0145357
2 0.816895 0.598462 0.262188 0.218657
0 0.505258 0.748419 0.0748449 0.0354734
2 0.666819 0.329264 0.0615949 0.0274832
0 0.76055 0.591391 0.0528563 0.0243149
2 0.495165 0.477319 0.13739 0.0670792
2 0.452377 0.767964 0.288397 0.194407
2 0.692438 0.457827 0.129704 0.0701984
7 0.268448 0.460687 0.165642 0.120384
2 0.506933 0.373848 0.0821187 0.0432012
2 0.19333 0.324314 0.0583009 0.026326
2 0.108985 0.392697 0.101533 0.0432323
2 0.676399 0.399708 0.0950427 0.0455392
2 0.663583 0.349882 0.0747029 0.0349726
2 0.183818 0.361098 0.0829791 0.0351479
2 0.484951 0.434333 0.120564 0.0589575
2 0.0644231 0.36071 0.0862469 0.0368233
2 0.349657 0.405626 0.107168 0.0636585
2 0.395812 0.357756 0.0853092 0.0472761
7 0.471689 0.315404 0.0898397 0.0564955
2 0.454162 0.341938 0.0615558 0.0296754
2 0.296853 0.308925 0.0479746 0.0232171
7 0.816801 0.598796 0.261875 0.219432
2 0.531859 0.312966 0.0467767 0.022884
0 0.870654 0.596771 0.0612749 0.0348309
2 0.336007 0.301577 0.0370605 0.0145357
2 0.816895 0.598462 0.262188 0.218657
0 0.505258 0.748419 0.0748449 0.0354734
2 0.666819 0.329264 0.0615949 0.0274832
0 0.76055 0.591391 0.0528563 0.0243149
2 0.450863 0.768272 0.289981 0.194616
2 0.494324 0.477049 0.137816 0.067366
7 0.265744 0.460592 0.168715 0.120611
2 0.693641 0.455183 0.129317 0.0748352
2 0.506677 0.37417 0.0827036 0.0426357
2 0.184184 0.361225 0.0847972 0.0358114
2 0.674332 0.400002 0.106401 0.0455753
2 0.485682 0.43379 0.1217 0.0586681
2 0.346589 0.405622 0.111861 0.0635684
2 0.10864 0.393484 0.102704 0.0442482
2 0.395831 0.358055 0.0858361 0.04714
2 0.663429 0.349438 0.0741472 0.0345605
2 0.193739 0.324088 0.0577721 0.0266603
7 0.472403 0.314736 0.0890423 0.0580648
2 0.0652104 0.360187 0.0829208 0.0362724
2 0.296915 0.309003 0.0468439 0.0236783
2 0.45437 0.341887 0.0615209 0.0297421
2 0.666562 0.327622 0.0592617 0.0249061
5 0.814897 0.598541 0.264327 0.219045
2 0.450863 0.768272 0.289981 0.194616
2 0.494324 0.477049 0.137816 0.067366
7 0.265744 0.460592 0.168715 0.120611
2 0.693641 0.455183 0.129317 0.0748352
2 0.506677 0.37417 0.0827036 0.0426357
2 0.184184 0.361225 0.0847972 0.0358114
2 0.674332 0.400002 0.106401 0.0455753
2 0.485682 0.43379 0.1217 0.0586681
2 0.346589 0.405622 0.111861 0.0635684
2 0.10864 0.393484 0.102704 0.0442482
2 0.395831 0.358055 0.0858361 0.04714
2 0.663429 0.349438 0.0741472 0.0345605
2 0.193739 0.324088 0.0577721 0.0266603
7 0.472403 0.314736 0.0890423 0.0580648
2 0.0652104 0.360187 0.0829208 0.0362724
2 0.296915 0.309003 0.0468439 0.0236783
2 0.45437 0.341887 0.0615209 0.0297421
2 0.666562 0.327622 0.0592617 0.0249061
5 0.814897 0.598541 0.264327 0.219045
