2 0.852233 0.666304 0.241481 0.120824
2 0.180401 0.616373 0.208482 0.100817
2 0.483014 0.514455 0.170771 0.0990946
2 0.522962 0.401566 0.0985955 0.0476564
7 0.35948 0.385705 0.114509 0.0820637
2 0.211801 0.354129 0.079265 0.0340763
2 0.545666 0.34205 0.0706371 0.0336623
2 0.0638995 0.393922 0.100048 0.0449217
2 0.424654 0.36124 0.0741114 0.048207
7 0.691258 0.434171 0.147497 0.114707
2 0.672347 0.350683 0.0730172 0.0342092
2 0.263429 0.334826 0.065697 0.0290275
2 0.527918 0.375612 0.0923835 0.0380282
2 0.154865 0.338751 0.0628695 0.0277304
2 0.446345 0.333521 0.0749225 0.0375197
5 0.491612 0.302114 0.0898925 0.0446894
2 0.49062 0.324642 0.0555577 0.0274151
2 0.670436 0.35984 0.0770214 0.0185775
2 0.303157 0.304371 0.037621 0.0164386
2 0.0154313 0.447929 0.0300301 0.0764874
2 0.232624 0.31599 0.0452664 0.0245712
2 0.673128 0.318987 0.0618954 0.0335384
2 0.670069 0.355811 0.0785316 0.0274067
0 0.0833646 0.352794 0.0279944 0.0345441
2 0.349409 0.297939 0.0301634 0.015322
2 0.674496 0.383732 0.101566 0.0321916
2 0.67311 0.346242 0.0676064 0.0241016
2 0.852233 0.666304 0.241481 0.120824
2 0.180401 0.616373 0.208482 0.100817
2 0.483014 0.514455 0.170771 0.0990946
2 0.522962 0.401566 0.0985955 0.0476564
7 0.35948 0.385705 0.114509 0.0820637
2 0.211801 0.354129 0.079265 0.0340763
2 0.545666 0.34205 0.0706371 0.0336623
2 0.0638995 0.393922 0.100048 0.0449217
2 0.424654 0.36124 0.0741114 0.048207
7 0.691258 0.434171 0.147497 0.114707
2 0.672347 0.350683 0.0730172 0.0342092
2 0.263429 0.334826 0.065697 0.0290275
2 0.527918 0.375612 0.0923835 0.0380282
2 0.154865 0.338751 0.0628695 0.0277304
2 0.446345 0.333521 0.0749225 0.0375197
5 0.491612 0.302114 0.0898925 0.0446894
2 0.49062 0.324642 0.0555577 0.0274151
2 0.670436 0.35984 0.0770214 0.0185775
2 0.303157 0.304371 0.037621 0.0164386
2 0.0154313 0.447929 0.0300301 0.0764874
2 0.232624 0.31599 0.0452664 0.0245712
2 0.673128 0.318987 0.0618954 0.0335384
2 0.670069 0.355811 0.0785316 0.0274067
0 0.0833646 0.352794 0.0279944 0.0345441
2 0.349409 0.297939 0.0301634 0.015322
2 0.674496 0.383732 0.101566 0.0321916
2 0.67311 0.346242 0.0676064 0.0241016
2 0.852233 0.666304 0.241481 0.120824
2 0.180401 0.616373 0.208482 0.100817
2 0.483014 0.514455 0.170771 0.0990946
2 0.522962 0.401566 0.0985955 0.0476564
7 0.35948 0.385705 0.114509 0.0820637
2 0.211801 0.354129 0.079265 0.0340763
2 0.545666 0.34205 0.0706371 0.0336623
2 0.0638995 0.393922 0.100048 0.0449217
2 0.424654 0.36124 0.0741114 0.048207
7 0.691258 0.434171 0.147497 0.114707
2 0.672347 0.350683 0.0730172 0.0342092
2 0.263429 0.334826 0.065697 0.0290275
2 0.527918 0.375612 0.0923835 0.0380282
2 0.154865 0.338751 0.0628695 0.0277304
2 0.446345 0.333521 0.0749225 0.0375197
5 0.491612 0.302114 0.0898925 0.0446894
2 0.49062 0.324642 0.0555577 0.0274151
2 0.670436 0.35984 0.0770214 0.0185775
2 0.303157 0.304371 0.037621 0.0164386
2 0.0154313 0.447929 0.0300301 0.0764874
2 0.232624 0.31599 0.0452664 0.0245712
2 0.673128 0.318987 0.0618954 0.0335384
2 0.670069 0.355811 0.0785316 0.0274067
0 0.0833646 0.352794 0.0279944 0.0345441
2 0.349409 0.297939 0.0301634 0.015322
2 0.674496 0.383732 0.101566 0.0321916
2 0.67311 0.346242 0.0676064 0.0241016
2 0.852233 0.666304 0.241481 0.120824
2 0.180401 0.616373 0.208482 0.100817
2 0.483014 0.514455 0.170771 0.0990946
2 0.522962 0.401566 0.0985955 0.0476564
7 0.35948 0.385705 0.114509 0.0820637
2 0.211801 0.354129 0.079265 0.0340763
2 0.545666 0.34205 0.0706371 0.0336623
2 0.0638995 0.393922 0.100048 0.0449217
2 0.424654 0.36124 0.0741114 0.048207
7 0.691258 0.434171 0.147497 0.114707
2 0.672347 0.350683 0.0730172 0.0342092
2 0.263429 0.334826 0.065697 0.0290275
2 0.527918 0.375612 0.0923835 0.0380282
2 0.154865 0.338751 0.0628695 0.0277304
2 0.446345 0.333521 0.0749225 0.0375197
5 0.491612 0.302114 0.0898925 0.0446894
2 0.49062 0.324642 0.0555577 0.0274151
2 0.670436 0.35984 0.0770214 0.0185775
2 0.303157 0.304371 0.037621 0.0164386
2 0.0154313 0.447929 0.0300301 0.0764874
2 0.232624 0.31599 0.0452664 0.0245712
2 0.673128 0.318987 0.0618954 0.0335384
2 0.670069 0.355811 0.0785316 0.0274067
0 0.0833646 0.352794 0.0279944 0.0345441
2 0.349409 0.297939 0.0301634 0.015322
2 0.674496 0.383732 0.101566 0.0321916
2 0.67311 0.346242 0.0676064 0.0241016
2 0.852233 0.666304 0.241481 0.120824
2 0.180401 0.616373 0.208482 0.100817
2 0.483014 0.514455 0.170771 0.0990946
2 0.522962 0.401566 0.0985955 0.0476564
7 0.35948 0.385705 0.114509 0.0820637
2 0.211801 0.354129 0.079265 0.0340763
2 0.545666 0.34205 0.0706371 0.0336623
2 0.0638995 0.393922 0.100048 0.0449217
2 0.424654 0.36124 0.0741114 0.048207
7 0.691258 0.434171 0.147497 0.114707
2 0.672347 0.350683 0.0730172 0.0342092
2 0.263429 0.334826 0.065697 0.0290275
2 0.527918 0.375612 0.0923835 0.0380282
2 0.154865 0.338751 0.0628695 0.0277304
2 0.446345 0.333521 0.0749225 0.0375197
5 0.491612 0.302114 0.0898925 0.0446894
2 0.49062 0.324642 0.0555577 0.0274151
2 0.670436 0.35984 0.0770214 0.0185775
2 0.303157 0.304371 0.037621 0.0164386
2 0.0154313 0.447929 0.0300301 0.0764874
2 0.232624 0.31599 0.0452664 0.0245712
2 0.673128 0.318987 0.0618954 0.0335384
2 0.670069 0.355811 0.0785316 0.0274067
0 0.0833646 0.352794 0.0279944 0.0345441
2 0.349409 0.297939 0.0301634 0.015322
2 0.674496 0.383732 0.101566 0.0321916
2 0.67311 0.346242 0.0676064 0.0241016
2 0.852233 0.666304 0.241481 0.120824
2 0.180401 0.616373 0.208482 0.100817
2 0.483014 0.514455 0.170771 0.0990946
2 0.522962 0.401566 0.0985955 0.0476564
7 0.35948 0.385705 0.114509 0.0820637
2 0.211801 0.354129 0.079265 0.0340763
2 0.545666 0.34205 0.0706371 0.0336623
2 0.0638995 0.393922 0.100048 0.0449217
2 0.424654 0.36124 0.0741114 0.048207
7 0.691258 0.434171 0.147497 0.114707
2 0.672347 0.350683 0.0730172 0.0342092
2 0.263429 0.334826 0.065697 0.0290275
2 0.527918 0.375612 0.0923835 0.0380282
2 0.154865 0.338751 0.0628695 0.0277304
2 0.446345 0.333521 0.0749225 0.0375197
5 0.491612 0.302114 0.0898925 0.0446894
2 0.49062 0.324642 0.0555577 0.0274151
2 0.670436 0.35984 0.0770214 0.0185775
2 0.303157 0.304371 0.037621 0.0164386
2 0.0154313 0.447929 0.0300301 0.0764874
2 0.232624 0.31599 0.0452664 0.0245712
2 0.673128 0.318987 0.0618954 0.0335384
2 0.670069 0.355811 0.0785316 0.0274067
0 0.0833646 0.352794 0.0279944 0.0345441
2 0.349409 0.297939 0.0301634 0.015322
2 0.674496 0.383732 0.101566 0.0321916
2 0.67311 0.346242 0.0676064 0.0241016
2 0.852233 0.666304 0.241481 0.120824
2 0.180401 0.616373 0.208482 0.100817
2 0.483014 0.514455 0.170771 0.0990946
2 0.522962 0.401566 0.0985955 0.0476564
7 0.35948 0.385705 0.114509 0.0820637
2 0.211801 0.354129 0.079265 0.0340763
2 0.545666 0.34205 0.0706371 0.0336623
2 0.0638995 0.393922 0.100048 0.0449217
2 0.424654 0.36124 0.0741114 0.048207
7 0.691258 0.434171 0.147497 0.114707
2 0.672347 0.350683 0.0730172 0.0342092
2 0.263429 0.334826 0.065697 0.0290275
2 0.527918 0.375612 0.0923835 0.0380282
2 0.154865 0.338751 0.0628695 0.0277304
2 0.446345 0.333521 0.0749225 0.0375197
5 0.491612 0.302114 0.0898925 0.0446894
2 0.49062 0.324642 0.0555577 0.0274151
2 0.670436 0.35984 0.0770214 0.0185775
2 0.303157 0.304371 0.037621 0.0164386
2 0.0154313 0.447929 0.0300301 0.0764874
2 0.232624 0.31599 0.0452664 0.0245712
2 0.673128 0.318987 0.0618954 0.0335384
2 0.670069 0.355811 0.0785316 0.0274067
0 0.0833646 0.352794 0.0279944 0.0345441
2 0.349409 0.297939 0.0301634 0.015322
2 0.674496 0.383732 0.101566 0.0321916
2 0.67311 0.346242 0.0676064 0.0241016
2 0.852233 0.666304 0.241481 0.120824
2 0.180401 0.616373 0.208482 0.100817
2 0.483014 0.514455 0.170771 0.0990946
2 0.522962 0.401566 0.0985955 0.0476564
7 0.35948 0.385705 0.114509 0.0820637
2 0.211801 0.354129 0.079265 0.0340763
2 0.545666 0.34205 0.0706371 0.0336623
2 0.0638995 0.393922 0.100048 0.0449217
2 0.424654 0.36124 0.0741114 0.048207
7 0.691258 0.434171 0.147497 0.114707
2 0.672347 0.350683 0.0730172 0.0342092
2 0.263429 0.334826 0.065697 0.0290275
2 0.527918 0.375612 0.0923835 0.0380282
2 0.154865 0.338751 0.0628695 0.0277304
2 0.446345 0.333521 0.0749225 0.0375197
5 0.491612 0.302114 0.0898925 0.0446894
2 0.49062 0.324642 0.0555577 0.0274151
2 0.670436 0.35984 0.0770214 0.0185775
2 0.303157 0.304371 0.037621 0.0164386
2 0.0154313 0.447929 0.0300301 0.0764874
2 0.232624 0.31599 0.0452664 0.0245712
2 0.673128 0.318987 0.0618954 0.0335384
2 0.670069 0.355811 0.0785316 0.0274067
0 0.0833646 0.352794 0.0279944 0.0345441
2 0.349409 0.297939 0.0301634 0.015322
2 0.674496 0.383732 0.101566 0.0321916
2 0.67311 0.346242 0.0676064 0.0241016
2 0.852233 0.666304 0.241481 0.120824
2 0.180401 0.616373 0.208482 0.100817
2 0.483014 0.514455 0.170771 0.0990946
2 0.522962 0.401566 0.0985955 0.0476564
7 0.35948 0.385705 0.114509 0.0820637
2 0.211801 0.354129 0.079265 0.0340763
2 0.545666 0.34205 0.0706371 0.0336623
2 0.0638995 0.393922 0.100048 0.0449217
2 0.424654 0.36124 0.0741114 0.048207
7 0.691258 0.434171 0.147497 0.114707
2 0.672347 0.350683 0.0730172 0.0342092
2 0.263429 0.334826 0.065697 0.0290275
2 0.527918 0.375612 0.0923835 0.0380282
2 0.154865 0.338751 0.0628695 0.0277304
2 0.446345 0.333521 0.0749225 0.0375197
5 0.491612 0.302114 0.0898925 0.0446894
2 0.49062 0.324642 0.0555577 0.0274151
2 0.670436 0.35984 0.0770214 0.0185775
2 0.303157 0.304371 0.037621 0.0164386
2 0.0154313 0.447929 0.0300301 0.0764874
2 0.232624 0.31599 0.0452664 0.0245712
2 0.673128 0.318987 0.0618954 0.0335384
2 0.670069 0.355811 0.0785316 0.0274067
0 0.0833646 0.352794 0.0279944 0.0345441
2 0.349409 0.297939 0.0301634 0.015322
2 0.674496 0.383732 0.101566 0.0321916
2 0.67311 0.346242 0.0676064 0.0241016
2 0.852233 0.666304 0.241481 0.120824
2 0.180401 0.616373 0.208482 0.100817
2 0.483014 0.514455 0.170771 0.0990946
2 0.522962 0.401566 0.0985955 0.0476564
7 0.35948 0.385705 0.114509 0.0820637
2 0.211801 0.354129 0.079265 0.0340763
2 0.545666 0.34205 0.0706371 0.0336623
2 0.0638995 0.393922 0.100048 0.0449217
2 0.424654 0.36124 0.0741114 0.048207
7 0.691258 0.434171 0.147497 0.114707
2 0.672347 0.350683 0.0730172 0.0342092
2 0.263429 0.334826 0.065697 0.0290275
2 0.527918 0.375612 0.0923835 0.0380282
2 0.154865 0.338751 0.0628695 0.0277304
2 0.446345 0.333521 0.0749225 0.0375197
5 0.491612 0.302114 0.0898925 0.0446894
2 0.49062 0.324642 0.0555577 0.0274151
2 0.670436 0.35984 0.0770214 0.0185775
2 0.303157 0.304371 0.037621 0.0164386
2 0.0154313 0.447929 0.0300301 0.0764874
2 0.232624 0.31599 0.0452664 0.0245712
2 0.673128 0.318987 0.0618954 0.0335384
2 0.670069 0.355811 0.0785316 0.0274067
0 0.0833646 0.352794 0.0279944 0.0345441
2 0.349409 0.297939 0.0301634 0.015322
2 0.674496 0.383732 0.101566 0.0321916
2 0.67311 0.346242 0.0676064 0.0241016
2 0.852233 0.666304 0.241481 0.120824
2 0.180401 0.616373 0.208482 0.100817
2 0.483014 0.514455 0.170771 0.0990946
2 0.522962 0.401566 0.0985955 0.0476564
7 0.35948 0.385705 0.114509 0.0820637
2 0.211801 0.354129 0.079265 0.0340763
2 0.545666 0.34205 0.0706371 0.0336623
2 0.0638995 0.393922 0.100048 0.0449217
2 0.424654 0.36124 0.0741114 0.048207
7 0.691258 0.434171 0.147497 0.114707
2 0.672347 0.350683 0.0730172 0.0342092
2 0.263429 0.334826 0.065697 0.0290275
2 0.527918 0.375612 0.0923835 0.0380282
2 0.154865 0.338751 0.0628695 0.0277304
2 0.446345 0.333521 0.0749225 0.0375197
5 0.491612 0.302114 0.0898925 0.0446894
2 0.49062 0.324642 0.0555577 0.0274151
2 0.670436 0.35984 0.0770214 0.0185775
2 0.303157 0.304371 0.037621 0.0164386
2 0.0154313 0.447929 0.0300301 0.0764874
2 0.232624 0.31599 0.0452664 0.0245712
2 0.673128 0.318987 0.0618954 0.0335384
2 0.670069 0.355811 0.0785316 0.0274067
0 0.0833646 0.352794 0.0279944 0.0345441
2 0.349409 0.297939 0.0301634 0.015322
2 0.674496 0.383732 0.101566 0.0321916
2 0.67311 0.346242 0.0676064 0.0241016
2 0.852233 0.666304 0.241481 0.120824
2 0.180401 0.616373 0.208482 0.100817
2 0.483014 0.514455 0.170771 0.0990946
2 0.522962 0.401566 0.0985955 0.0476564
7 0.35948 0.385705 0.114509 0.0820637
2 0.211801 0.354129 0.079265 0.0340763
2 0.545666 0.34205 0.0706371 0.0336623
2 0.0638995 0.393922 0.100048 0.0449217
2 0.424654 0.36124 0.0741114 0.048207
7 0.691258 0.434171 0.147497 0.114707
2 0.672347 0.350683 0.0730172 0.0342092
2 0.263429 0.334826 0.065697 0.0290275
2 0.527918 0.375612 0.0923835 0.0380282
2 0.154865 0.338751 0.0628695 0.0277304
2 0.446345 0.333521 0.0749225 0.0375197
5 0.491612 0.302114 0.0898925 0.0446894
2 0.49062 0.324642 0.0555577 0.0274151
2 0.670436 0.35984 0.0770214 0.0185775
2 0.303157 0.304371 0.037621 0.0164386
2 0.0154313 0.447929 0.0300301 0.0764874
2 0.232624 0.31599 0.0452664 0.0245712
2 0.673128 0.318987 0.0618954 0.0335384
2 0.670069 0.355811 0.0785316 0.0274067
0 0.0833646 0.352794 0.0279944 0.0345441
2 0.349409 0.297939 0.0301634 0.015322
2 0.674496 0.383732 0.101566 0.0321916
2 0.67311 0.346242 0.0676064 0.0241016
2 0.851189 0.667195 0.241063 0.122931
2 0.180732 0.61639 0.204893 0.0999834
2 0.484262 0.514579 0.16795 0.0990803
2 0.0635356 0.394757 0.100013 0.045465
2 0.521462 0.401033 0.100285 0.0483857
2 0.545742 0.342436 0.0705092 0.0327532
2 0.211979 0.354461 0.0783795 0.0339651
7 0.356293 0.38539 0.121518 0.0828634
2 0.693799 0.435314 0.152701 0.111243
2 0.522287 0.37411 0.098603 0.0362848
2 0.155918 0.338766 0.0632176 0.0297496
2 0.490825 0.324323 0.0543961 0.0256238
2 0.424168 0.361027 0.0736398 0.0477098
2 0.262149 0.334632 0.0668043 0.0285082
2 0.851189 0.667195 0.241063 0.122931
2 0.180732 0.61639 0.204893 0.0999834
2 0.484262 0.514579 0.16795 0.0990803
2 0.0635356 0.394757 0.100013 0.045465
2 0.521462 0.401033 0.100285 0.0483857
2 0.545742 0.342436 0.0705092 0.0327532
2 0.211979 0.354461 0.0783795 0.0339651
7 0.356293 0.38539 0.121518 0.0828634
2 0.693799 0.435314 0.152701 0.111243
2 0.522287 0.37411 0.098603 0.0362848
2 0.155918 0.338766 0.0632176 0.0297496
2 0.490825 0.324323 0.0543961 0.0256238
2 0.424168 0.361027 0.0736398 0.0477098
2 0.262149 0.334632 0.0668043 0.0285082
