2 0.811569 0.671867 0.23753 0.149791
2 0.467339 0.660304 0.213942 0.113161
2 0.7289 0.521639 0.158248 0.0743711
2 0.453809 0.563043 0.170162 0.0920045
2 0.659856 0.409268 0.100798 0.0490387
2 0.470882 0.43804 0.108041 0.0579418
7 0.121065 0.653708 0.241572 0.215618
2 0.327846 0.413044 0.108366 0.0633636
2 0.245896 0.504343 0.155826 0.0923135
7 0.430773 0.345743 0.1119 0.068507
2 0.0736862 0.416976 0.111745 0.0463677
2 0.393767 0.383211 0.0803251 0.0376755
2 0.658286 0.374994 0.0803213 0.0383803
2 0.532199 0.341317 0.062459 0.0286509
2 0.12932 0.351283 0.0702089 0.0302059
2 0.259403 0.334017 0.0596077 0.0267565
2 0.325734 0.317519 0.0395144 0.0191629
2 0.566604 0.31052 0.0457896 0.0219361
2 0.614987 0.302211 0.0539417 0.0137241
2 0.35202 0.305556 0.0368899 0.0156573
2 0.811569 0.671867 0.23753 0.149791
2 0.467339 0.660304 0.213942 0.113161
2 0.7289 0.521639 0.158248 0.0743711
2 0.453809 0.563043 0.170162 0.0920045
2 0.659856 0.409268 0.100798 0.0490387
2 0.470882 0.43804 0.108041 0.0579418
7 0.121065 0.653708 0.241572 0.215618
2 0.327846 0.413044 0.108366 0.0633636
2 0.245896 0.504343 0.155826 0.0923135
7 0.430773 0.345743 0.1119 0.068507
2 0.0736862 0.416976 0.111745 0.0463677
2 0.393767 0.383211 0.0803251 0.0376755
2 0.658286 0.374994 0.0803213 0.0383803
2 0.532199 0.341317 0.062459 0.0286509
2 0.12932 0.351283 0.0702089 0.0302059
2 0.259403 0.334017 0.0596077 0.0267565
2 0.325734 0.317519 0.0395144 0.0191629
2 0.566604 0.31052 0.0457896 0.0219361
2 0.614987 0.302211 0.0539417 0.0137241
2 0.35202 0.305556 0.0368899 0.0156573
2 0.811569 0.671867 0.23753 0.149791
2 0.467339 0.660304 0.213942 0.113161
2 0.7289 0.521639 0.158248 0.0743711
2 0.453809 0.563043 0.170162 0.0920045
2 0.659856 0.409268 0.100798 0.0490387
2 0.470882 0.43804 0.108041 0.0579418
7 0.121065 0.653708 0.241572 0.215618
2 0.327846 0.413044 0.108366 0.0633636
2 0.245896 0.504343 0.155826 0.0923135
7 0.430773 0.345743 0.1119 0.068507
2 0.0736862 0.416976 0.111745 0.0463677
2 0.393767 0.383211 0.0803251 0.0376755
2 0.658286 0.374994 0.0803213 0.0383803
2 0.532199 0.341317 0.062459 0.0286509
2 0.12932 0.351283 0.0702089 0.0302059
2 0.259403 0.334017 0.0596077 0.0267565
2 0.325734 0.317519 0.0395144 0.0191629
2 0.566604 0.31052 0.0457896 0.0219361
2 0.614987 0.302211 0.0539417 0.0137241
2 0.35202 0.305556 0.0368899 0.0156573
2 0.811569 0.671867 0.23753 0.149791
2 0.467339 0.660304 0.213942 0.113161
2 0.7289 0.521639 0.158248 0.0743711
2 0.453809 0.563043 0.170162 0.0920045
2 0.659856 0.409268 0.100798 0.0490387
2 0.470882 0.43804 0.108041 0.0579418
7 0.121065 0.653708 0.241572 0.215618
2 0.327846 0.413044 0.108366 0.0633636
2 0.245896 0.504343 0.155826 0.0923135
7 0.430773 0.345743 0.1119 0.068507
2 0.0736862 0.416976 0.111745 0.0463677
2 0.393767 0.383211 0.0803251 0.0376755
2 0.658286 0.374994 0.0803213 0.0383803
2 0.532199 0.341317 0.062459 0.0286509
2 0.12932 0.351283 0.0702089 0.0302059
2 0.259403 0.334017 0.0596077 0.0267565
2 0.325734 0.317519 0.0395144 0.0191629
2 0.566604 0.31052 0.0457896 0.0219361
2 0.614987 0.302211 0.0539417 0.0137241
2 0.35202 0.305556 0.0368899 0.0156573
2 0.811569 0.671867 0.23753 0.149791
2 0.467339 0.660304 0.213942 0.113161
2 0.7289 0.521639 0.158248 0.0743711
2 0.453809 0.563043 0.170162 0.0920045
2 0.659856 0.409268 0.100798 0.0490387
2 0.470882 0.43804 0.108041 0.0579418
7 0.121065 0.653708 0.241572 0.215618
2 0.327846 0.413044 0.108366 0.0633636
2 0.245896 0.504343 0.155826 0.0923135
7 0.430773 0.345743 0.1119 0.068507
2 0.0736862 0.416976 0.111745 0.0463677
2 0.393767 0.383211 0.0803251 0.0376755
2 0.658286 0.374994 0.0803213 0.0383803
2 0.532199 0.341317 0.062459 0.0286509
2 0.12932 0.351283 0.0702089 0.0302059
2 0.259403 0.334017 0.0596077 0.0267565
2 0.325734 0.317519 0.0395144 0.0191629
2 0.566604 0.31052 0.0457896 0.0219361
2 0.614987 0.302211 0.0539417 0.0137241
2 0.35202 0.305556 0.0368899 0.0156573
