2 0.652206 0.536801 0.160173 0.0760769
2 0.159192 0.697407 0.222751 0.114755
7 0.226273 0.532063 0.272794 0.186484
2 0.444822 0.351274 0.0689551 0.0349356
5 0.827738 0.338244 0.096669 0.063685
2 0.536391 0.370734 0.0821216 0.0465522
2 0.24283 0.357198 0.0672361 0.029145
5 0.8868 0.310478 0.0680506 0.0399079
2 0.581532 0.321686 0.0446708 0.0228325
2 0.32146 0.330621 0.0482543 0.0231038
2 0.670372 0.337558 0.0517081 0.0280837
2 0.484884 0.321712 0.0484494 0.0213335
2 0.276797 0.320831 0.0403001 0.0192201
0 0.276025 0.505843 0.0630641 0.0310884
2 0.355494 0.317221 0.0405007 0.0189902
2 0.660478 0.322326 0.0510454 0.0162589
2 0.615763 0.309421 0.0328537 0.0142185
2 0.536317 0.312348 0.0367994 0.0124489
5 0.968617 0.311977 0.0608961 0.0448519
2 0.652206 0.536801 0.160173 0.0760769
2 0.159192 0.697407 0.222751 0.114755
7 0.226273 0.532063 0.272794 0.186484
2 0.444822 0.351274 0.0689551 0.0349356
5 0.827738 0.338244 0.096669 0.063685
2 0.536391 0.370734 0.0821216 0.0465522
2 0.24283 0.357198 0.0672361 0.029145
5 0.8868 0.310478 0.0680506 0.0399079
2 0.581532 0.321686 0.0446708 0.0228325
2 0.32146 0.330621 0.0482543 0.0231038
2 0.670372 0.337558 0.0517081 0.0280837
2 0.484884 0.321712 0.0484494 0.0213335
2 0.276797 0.320831 0.0403001 0.0192201
0 0.276025 0.505843 0.0630641 0.0310884
2 0.355494 0.317221 0.0405007 0.0189902
2 0.660478 0.322326 0.0510454 0.0162589
2 0.615763 0.309421 0.0328537 0.0142185
2 0.536317 0.312348 0.0367994 0.0124489
5 0.968617 0.311977 0.0608961 0.0448519
2 0.652206 0.536801 0.160173 0.0760769
2 0.159192 0.697407 0.222751 0.114755
7 0.226273 0.532063 0.272794 0.186484
2 0.444822 0.351274 0.0689551 0.0349356
5 0.827738 0.338244 0.096669 0.063685
2 0.536391 0.370734 0.0821216 0.0465522
2 0.24283 0.357198 0.0672361 0.029145
5 0.8868 0.310478 0.0680506 0.0399079
2 0.581532 0.321686 0.0446708 0.0228325
2 0.32146 0.330621 0.0482543 0.0231038
2 0.670372 0.337558 0.0517081 0.0280837
2 0.484884 0.321712 0.0484494 0.0213335
2 0.276797 0.320831 0.0403001 0.0192201
0 0.276025 0.505843 0.0630641 0.0310884
2 0.355494 0.317221 0.0405007 0.0189902
2 0.660478 0.322326 0.0510454 0.0162589
2 0.615763 0.309421 0.0328537 0.0142185
2 0.536317 0.312348 0.0367994 0.0124489
5 0.968617 0.311977 0.0608961 0.0448519
2 0.652206 0.536801 0.160173 0.0760769
2 0.159192 0.697407 0.222751 0.114755
7 0.226273 0.532063 0.272794 0.186484
2 0.444822 0.351274 0.0689551 0.0349356
5 0.827738 0.338244 0.096669 0.063685
2 0.536391 0.370734 0.0821216 0.0465522
2 0.24283 0.357198 0.0672361 0.029145
5 0.8868 0.310478 0.0680506 0.0399079
2 0.581532 0.321686 0.0446708 0.0228325
2 0.32146 0.330621 0.0482543 0.0231038
2 0.670372 0.337558 0.0517081 0.0280837
2 0.484884 0.321712 0.0484494 0.0213335
2 0.276797 0.320831 0.0403001 0.0192201
0 0.276025 0.505843 0.0630641 0.0310884
2 0.355494 0.317221 0.0405007 0.0189902
2 0.660478 0.322326 0.0510454 0.0162589
2 0.615763 0.309421 0.0328537 0.0142185
2 0.536317 0.312348 0.0367994 0.0124489
5 0.968617 0.311977 0.0608961 0.0448519
2 0.652206 0.536801 0.160173 0.0760769
2 0.159192 0.697407 0.222751 0.114755
7 0.226273 0.532063 0.272794 0.186484
2 0.444822 0.351274 0.0689551 0.0349356
5 0.827738 0.338244 0.096669 0.063685
2 0.536391 0.370734 0.0821216 0.0465522
2 0.24283 0.357198 0.0672361 0.029145
5 0.8868 0.310478 0.0680506 0.0399079
2 0.581532 0.321686 0.0446708 0.0228325
2 0.32146 0.330621 0.0482543 0.0231038
2 0.670372 0.337558 0.0517081 0.0280837
2 0.484884 0.321712 0.0484494 0.0213335
2 0.276797 0.320831 0.0403001 0.0192201
0 0.276025 0.505843 0.0630641 0.0310884
2 0.355494 0.317221 0.0405007 0.0189902
2 0.660478 0.322326 0.0510454 0.0162589
2 0.615763 0.309421 0.0328537 0.0142185
2 0.536317 0.312348 0.0367994 0.0124489
5 0.968617 0.311977 0.0608961 0.0448519
2 0.652206 0.536801 0.160173 0.0760769
2 0.159192 0.697407 0.222751 0.114755
7 0.226273 0.532063 0.272794 0.186484
2 0.444822 0.351274 0.0689551 0.0349356
5 0.827738 0.338244 0.096669 0.063685
2 0.536391 0.370734 0.0821216 0.0465522
2 0.24283 0.357198 0.0672361 0.029145
5 0.8868 0.310478 0.0680506 0.0399079
2 0.581532 0.321686 0.0446708 0.0228325
2 0.32146 0.330621 0.0482543 0.0231038
2 0.670372 0.337558 0.0517081 0.0280837
2 0.484884 0.321712 0.0484494 0.0213335
2 0.276797 0.320831 0.0403001 0.0192201
0 0.276025 0.505843 0.0630641 0.0310884
2 0.355494 0.317221 0.0405007 0.0189902
2 0.660478 0.322326 0.0510454 0.0162589
2 0.615763 0.309421 0.0328537 0.0142185
2 0.536317 0.312348 0.0367994 0.0124489
5 0.968617 0.311977 0.0608961 0.0448519
2 0.652206 0.536801 0.160173 0.0760769
2 0.159192 0.697407 0.222751 0.114755
7 0.226273 0.532063 0.272794 0.186484
2 0.444822 0.351274 0.0689551 0.0349356
5 0.827738 0.338244 0.096669 0.063685
2 0.536391 0.370734 0.0821216 0.0465522
2 0.24283 0.357198 0.0672361 0.029145
5 0.8868 0.310478 0.0680506 0.0399079
2 0.581532 0.321686 0.0446708 0.0228325
2 0.32146 0.330621 0.0482543 0.0231038
2 0.670372 0.337558 0.0517081 0.0280837
2 0.484884 0.321712 0.0484494 0.0213335
2 0.276797 0.320831 0.0403001 0.0192201
0 0.276025 0.505843 0.0630641 0.0310884
2 0.355494 0.317221 0.0405007 0.0189902
2 0.660478 0.322326 0.0510454 0.0162589
2 0.615763 0.309421 0.0328537 0.0142185
2 0.536317 0.312348 0.0367994 0.0124489
5 0.968617 0.311977 0.0608961 0.0448519
2 0.652206 0.536801 0.160173 0.0760769
2 0.159192 0.697407 0.222751 0.114755
7 0.226273 0.532063 0.272794 0.186484
2 0.444822 0.351274 0.0689551 0.0349356
5 0.827738 0.338244 0.096669 0.063685
2 0.536391 0.370734 0.0821216 0.0465522
2 0.24283 0.357198 0.0672361 0.029145
5 0.8868 0.310478 0.0680506 0.0399079
2 0.581532 0.321686 0.0446708 0.0228325
2 0.32146 0.330621 0.0482543 0.0231038
2 0.670372 0.337558 0.0517081 0.0280837
2 0.484884 0.321712 0.0484494 0.0213335
2 0.276797 0.320831 0.0403001 0.0192201
0 0.276025 0.505843 0.0630641 0.0310884
2 0.355494 0.317221 0.0405007 0.0189902
2 0.660478 0.322326 0.0510454 0.0162589
2 0.615763 0.309421 0.0328537 0.0142185
2 0.536317 0.312348 0.0367994 0.0124489
5 0.968617 0.311977 0.0608961 0.0448519
2 0.652206 0.536801 0.160173 0.0760769
2 0.159192 0.697407 0.222751 0.114755
7 0.226273 0.532063 0.272794 0.186484
2 0.444822 0.351274 0.0689551 0.0349356
5 0.827738 0.338244 0.096669 0.063685
2 0.536391 0.370734 0.0821216 0.0465522
2 0.24283 0.357198 0.0672361 0.029145
5 0.8868 0.310478 0.0680506 0.0399079
2 0.581532 0.321686 0.0446708 0.0228325
2 0.32146 0.330621 0.0482543 0.0231038
2 0.670372 0.337558 0.0517081 0.0280837
2 0.484884 0.321712 0.0484494 0.0213335
2 0.276797 0.320831 0.0403001 0.0192201
0 0.276025 0.505843 0.0630641 0.0310884
2 0.355494 0.317221 0.0405007 0.0189902
2 0.660478 0.322326 0.0510454 0.0162589
2 0.615763 0.309421 0.0328537 0.0142185
2 0.536317 0.312348 0.0367994 0.0124489
5 0.968617 0.311977 0.0608961 0.0448519
2 0.652206 0.536801 0.160173 0.0760769
2 0.159192 0.697407 0.222751 0.114755
7 0.226273 0.532063 0.272794 0.186484
2 0.444822 0.351274 0.0689551 0.0349356
5 0.827738 0.338244 0.096669 0.063685
2 0.536391 0.370734 0.0821216 0.0465522
2 0.24283 0.357198 0.0672361 0.029145
5 0.8868 0.310478 0.0680506 0.0399079
2 0.581532 0.321686 0.0446708 0.0228325
2 0.32146 0.330621 0.0482543 0.0231038
2 0.670372 0.337558 0.0517081 0.0280837
2 0.484884 0.321712 0.0484494 0.0213335
2 0.276797 0.320831 0.0403001 0.0192201
0 0.276025 0.505843 0.0630641 0.0310884
2 0.355494 0.317221 0.0405007 0.0189902
2 0.660478 0.322326 0.0510454 0.0162589
2 0.615763 0.309421 0.0328537 0.0142185
2 0.536317 0.312348 0.0367994 0.0124489
5 0.968617 0.311977 0.0608961 0.0448519
2 0.652206 0.536801 0.160173 0.0760769
2 0.159192 0.697407 0.222751 0.114755
7 0.226273 0.532063 0.272794 0.186484
2 0.444822 0.351274 0.0689551 0.0349356
5 0.827738 0.338244 0.096669 0.063685
2 0.536391 0.370734 0.0821216 0.0465522
2 0.24283 0.357198 0.0672361 0.029145
5 0.8868 0.310478 0.0680506 0.0399079
2 0.581532 0.321686 0.0446708 0.0228325
2 0.32146 0.330621 0.0482543 0.0231038
2 0.670372 0.337558 0.0517081 0.0280837
2 0.484884 0.321712 0.0484494 0.0213335
2 0.276797 0.320831 0.0403001 0.0192201
0 0.276025 0.505843 0.0630641 0.0310884
2 0.355494 0.317221 0.0405007 0.0189902
2 0.660478 0.322326 0.0510454 0.0162589
2 0.615763 0.309421 0.0328537 0.0142185
2 0.536317 0.312348 0.0367994 0.0124489
5 0.968617 0.311977 0.0608961 0.0448519
2 0.652206 0.536801 0.160173 0.0760769
2 0.159192 0.697407 0.222751 0.114755
7 0.226273 0.532063 0.272794 0.186484
2 0.444822 0.351274 0.0689551 0.0349356
5 0.827738 0.338244 0.096669 0.063685
2 0.536391 0.370734 0.0821216 0.0465522
2 0.24283 0.357198 0.0672361 0.029145
5 0.8868 0.310478 0.0680506 0.0399079
2 0.581532 0.321686 0.0446708 0.0228325
2 0.32146 0.330621 0.0482543 0.0231038
2 0.670372 0.337558 0.0517081 0.0280837
2 0.484884 0.321712 0.0484494 0.0213335
2 0.276797 0.320831 0.0403001 0.0192201
0 0.276025 0.505843 0.0630641 0.0310884
2 0.355494 0.317221 0.0405007 0.0189902
2 0.660478 0.322326 0.0510454 0.0162589
2 0.615763 0.309421 0.0328537 0.0142185
2 0.536317 0.312348 0.0367994 0.0124489
5 0.968617 0.311977 0.0608961 0.0448519
2 0.159317 0.697804 0.223248 0.115802
7 0.226354 0.531295 0.272575 0.186255
2 0.651552 0.53804 0.158728 0.0780827
5 0.829021 0.337827 0.0906723 0.0645478
2 0.536767 0.370615 0.0853203 0.0461162
2 0.444298 0.35084 0.0700672 0.0359096
5 0.874335 0.309663 0.0926687 0.0448188
2 0.24363 0.35712 0.0663718 0.0292968
2 0.322794 0.33108 0.048891 0.0223138
2 0.484715 0.323424 0.0482846 0.019115
2 0.671026 0.337695 0.0542862 0.0284366
2 0.581561 0.322024 0.0460721 0.0231252
2 0.159317 0.697804 0.223248 0.115802
7 0.226354 0.531295 0.272575 0.186255
2 0.651552 0.53804 0.158728 0.0780827
5 0.829021 0.337827 0.0906723 0.0645478
2 0.536767 0.370615 0.0853203 0.0461162
2 0.444298 0.35084 0.0700672 0.0359096
5 0.874335 0.309663 0.0926687 0.0448188
2 0.24363 0.35712 0.0663718 0.0292968
2 0.322794 0.33108 0.048891 0.0223138
2 0.484715 0.323424 0.0482846 0.019115
2 0.671026 0.337695 0.0542862 0.0284366
2 0.581561 0.322024 0.0460721 0.0231252
