2 0.163725 0.640552 0.2153 0.117962
2 0.738267 0.542996 0.163638 0.082205
2 0.920133 0.857478 0.156746 0.278484
2 0.344791 0.411428 0.115294 0.0661154
2 0.579016 0.341467 0.0702454 0.0327973
2 0.514334 0.314407 0.0549691 0.023375
2 0.475497 0.363283 0.0790283 0.0406649
5 0.248327 0.307785 0.0985893 0.0492407
2 0.674801 0.363803 0.0866694 0.0495114
2 0.507965 0.542248 0.222039 0.178618
7 0.508295 0.542413 0.221855 0.178861
2 0.696668 0.310842 0.0545803 0.0235453
2 0.607035 0.313068 0.0536012 0.0301739
2 0.460045 0.343715 0.0726692 0.0308845
2 0.349244 0.30842 0.0490816 0.0281655
2 0.0207791 0.406707 0.0415581 0.0554865
2 0.488118 0.294463 0.0501702 0.033963
3 0.50014 0.410698 0.0449253 0.0328387
3 0.495849 0.403901 0.0541239 0.04561
2 0.381325 0.296474 0.0387871 0.0190023
7 0.542563 0.287216 0.046298 0.0354984
2 0.465773 0.348462 0.0765483 0.0239505
7 0.486702 0.294379 0.0510406 0.0332664
0 0.55308 0.540364 0.0514448 0.0238768
2 0.163725 0.640552 0.2153 0.117962
2 0.738267 0.542996 0.163638 0.082205
2 0.920133 0.857478 0.156746 0.278484
2 0.344791 0.411428 0.115294 0.0661154
2 0.579016 0.341467 0.0702454 0.0327973
2 0.514334 0.314407 0.0549691 0.023375
2 0.475497 0.363283 0.0790283 0.0406649
5 0.248327 0.307785 0.0985893 0.0492407
2 0.674801 0.363803 0.0866694 0.0495114
2 0.507965 0.542248 0.222039 0.178618
7 0.508295 0.542413 0.221855 0.178861
2 0.696668 0.310842 0.0545803 0.0235453
2 0.607035 0.313068 0.0536012 0.0301739
2 0.460045 0.343715 0.0726692 0.0308845
2 0.349244 0.30842 0.0490816 0.0281655
2 0.0207791 0.406707 0.0415581 0.0554865
2 0.488118 0.294463 0.0501702 0.033963
3 0.50014 0.410698 0.0449253 0.0328387
3 0.495849 0.403901 0.0541239 0.04561
2 0.381325 0.296474 0.0387871 0.0190023
7 0.542563 0.287216 0.046298 0.0354984
2 0.465773 0.348462 0.0765483 0.0239505
7 0.486702 0.294379 0.0510406 0.0332664
0 0.55308 0.540364 0.0514448 0.0238768
2 0.163725 0.640552 0.2153 0.117962
2 0.738267 0.542996 0.163638 0.082205
2 0.920133 0.857478 0.156746 0.278484
2 0.344791 0.411428 0.115294 0.0661154
2 0.579016 0.341467 0.0702454 0.0327973
2 0.514334 0.314407 0.0549691 0.023375
2 0.475497 0.363283 0.0790283 0.0406649
5 0.248327 0.307785 0.0985893 0.0492407
2 0.674801 0.363803 0.0866694 0.0495114
2 0.507965 0.542248 0.222039 0.178618
7 0.508295 0.542413 0.221855 0.178861
2 0.696668 0.310842 0.0545803 0.0235453
2 0.607035 0.313068 0.0536012 0.0301739
2 0.460045 0.343715 0.0726692 0.0308845
2 0.349244 0.30842 0.0490816 0.0281655
2 0.0207791 0.406707 0.0415581 0.0554865
2 0.488118 0.294463 0.0501702 0.033963
3 0.50014 0.410698 0.0449253 0.0328387
3 0.495849 0.403901 0.0541239 0.04561
2 0.381325 0.296474 0.0387871 0.0190023
7 0.542563 0.287216 0.046298 0.0354984
2 0.465773 0.348462 0.0765483 0.0239505
7 0.486702 0.294379 0.0510406 0.0332664
0 0.55308 0.540364 0.0514448 0.0238768
2 0.163725 0.640552 0.2153 0.117962
2 0.738267 0.542996 0.163638 0.082205
2 0.920133 0.857478 0.156746 0.278484
2 0.344791 0.411428 0.115294 0.0661154
2 0.579016 0.341467 0.0702454 0.0327973
2 0.514334 0.314407 0.0549691 0.023375
2 0.475497 0.363283 0.0790283 0.0406649
5 0.248327 0.307785 0.0985893 0.0492407
2 0.674801 0.363803 0.0866694 0.0495114
2 0.507965 0.542248 0.222039 0.178618
7 0.508295 0.542413 0.221855 0.178861
2 0.696668 0.310842 0.0545803 0.0235453
2 0.607035 0.313068 0.0536012 0.0301739
2 0.460045 0.343715 0.0726692 0.0308845
2 0.349244 0.30842 0.0490816 0.0281655
2 0.0207791 0.406707 0.0415581 0.0554865
2 0.488118 0.294463 0.0501702 0.033963
3 0.50014 0.410698 0.0449253 0.0328387
3 0.495849 0.403901 0.0541239 0.04561
2 0.381325 0.296474 0.0387871 0.0190023
7 0.542563 0.287216 0.046298 0.0354984
2 0.465773 0.348462 0.0765483 0.0239505
7 0.486702 0.294379 0.0510406 0.0332664
0 0.55308 0.540364 0.0514448 0.0238768
2 0.163725 0.640552 0.2153 0.117962
2 0.738267 0.542996 0.163638 0.082205
2 0.920133 0.857478 0.156746 0.278484
2 0.344791 0.411428 0.115294 0.0661154
2 0.579016 0.341467 0.0702454 0.0327973
2 0.514334 0.314407 0.0549691 0.023375
2 0.475497 0.363283 0.0790283 0.0406649
5 0.248327 0.307785 0.0985893 0.0492407
2 0.674801 0.363803 0.0866694 0.0495114
2 0.507965 0.542248 0.222039 0.178618
7 0.508295 0.542413 0.221855 0.178861
2 0.696668 0.310842 0.0545803 0.0235453
2 0.607035 0.313068 0.0536012 0.0301739
2 0.460045 0.343715 0.0726692 0.0308845
2 0.349244 0.30842 0.0490816 0.0281655
2 0.0207791 0.406707 0.0415581 0.0554865
2 0.488118 0.294463 0.0501702 0.033963
3 0.50014 0.410698 0.0449253 0.0328387
3 0.495849 0.403901 0.0541239 0.04561
2 0.381325 0.296474 0.0387871 0.0190023
7 0.542563 0.287216 0.046298 0.0354984
2 0.465773 0.348462 0.0765483 0.0239505
7 0.486702 0.294379 0.0510406 0.0332664
0 0.55308 0.540364 0.0514448 0.0238768
