2 0.338485 0.899758 0.326523 0.199609
2 0.471998 0.619177 0.204558 0.106732
2 0.713262 0.459804 0.136404 0.0638138
2 0.307601 0.452329 0.131119 0.0583131
2 0.51453 0.416247 0.11696 0.0668546
2 0.553811 0.359089 0.0742055 0.0352798
2 0.182813 0.355943 0.0768167 0.0357491
7 0.423011 0.34545 0.0903832 0.0624597
2 0.116668 0.38388 0.10623 0.0578114
2 0.218769 0.323355 0.0558631 0.0253485
2 0.288963 0.330304 0.0588372 0.0292369
2 0.67421 0.366424 0.104426 0.0725268
2 0.317907 0.319099 0.0543257 0.0232863
2 0.56948 0.34472 0.0724409 0.0324262
2 0.477938 0.334596 0.0546048 0.0360909
2 0.52242 0.312679 0.0415366 0.0212854
2 0.310153 0.29783 0.0348938 0.0132251
2 0.57929 0.323569 0.0580484 0.0289492
5 0.519113 0.290031 0.0632182 0.0321061
2 0.677878 0.308941 0.0549198 0.0243442
2 0.362304 0.295305 0.0329968 0.0140251
0 0.163787 0.33018 0.023557 0.0217464
2 0.338485 0.899758 0.326523 0.199609
2 0.471998 0.619177 0.204558 0.106732
2 0.713262 0.459804 0.136404 0.0638138
2 0.307601 0.452329 0.131119 0.0583131
2 0.51453 0.416247 0.11696 0.0668546
2 0.553811 0.359089 0.0742055 0.0352798
2 0.182813 0.355943 0.0768167 0.0357491
7 0.423011 0.34545 0.0903832 0.0624597
2 0.116668 0.38388 0.10623 0.0578114
2 0.218769 0.323355 0.0558631 0.0253485
2 0.288963 0.330304 0.0588372 0.0292369
2 0.67421 0.366424 0.104426 0.0725268
2 0.317907 0.319099 0.0543257 0.0232863
2 0.56948 0.34472 0.0724409 0.0324262
2 0.477938 0.334596 0.0546048 0.0360909
2 0.52242 0.312679 0.0415366 0.0212854
2 0.310153 0.29783 0.0348938 0.0132251
2 0.57929 0.323569 0.0580484 0.0289492
5 0.519113 0.290031 0.0632182 0.0321061
2 0.677878 0.308941 0.0549198 0.0243442
2 0.362304 0.295305 0.0329968 0.0140251
0 0.163787 0.33018 0.023557 0.0217464
2 0.338485 0.899758 0.326523 0.199609
2 0.471998 0.619177 0.204558 0.106732
2 0.713262 0.459804 0.136404 0.0638138
2 0.307601 0.452329 0.131119 0.0583131
2 0.51453 0.416247 0.11696 0.0668546
2 0.553811 0.359089 0.0742055 0.0352798
2 0.182813 0.355943 0.0768167 0.0357491
7 0.423011 0.34545 0.0903832 0.0624597
2 0.116668 0.38388 0.10623 0.0578114
2 0.218769 0.323355 0.0558631 0.0253485
2 0.288963 0.330304 0.0588372 0.0292369
2 0.67421 0.366424 0.104426 0.0725268
2 0.317907 0.319099 0.0543257 0.0232863
2 0.56948 0.34472 0.0724409 0.0324262
2 0.477938 0.334596 0.0546048 0.0360909
2 0.52242 0.312679 0.0415366 0.0212854
2 0.310153 0.29783 0.0348938 0.0132251
2 0.57929 0.323569 0.0580484 0.0289492
5 0.519113 0.290031 0.0632182 0.0321061
2 0.677878 0.308941 0.0549198 0.0243442
2 0.362304 0.295305 0.0329968 0.0140251
0 0.163787 0.33018 0.023557 0.0217464
2 0.338485 0.899758 0.326523 0.199609
2 0.471998 0.619177 0.204558 0.106732
2 0.713262 0.459804 0.136404 0.0638138
2 0.307601 0.452329 0.131119 0.0583131
2 0.51453 0.416247 0.11696 0.0668546
2 0.553811 0.359089 0.0742055 0.0352798
2 0.182813 0.355943 0.0768167 0.0357491
7 0.423011 0.34545 0.0903832 0.0624597
2 0.116668 0.38388 0.10623 0.0578114
2 0.218769 0.323355 0.0558631 0.0253485
2 0.288963 0.330304 0.0588372 0.0292369
2 0.67421 0.366424 0.104426 0.0725268
2 0.317907 0.319099 0.0543257 0.0232863
2 0.56948 0.34472 0.0724409 0.0324262
2 0.477938 0.334596 0.0546048 0.0360909
2 0.52242 0.312679 0.0415366 0.0212854
2 0.310153 0.29783 0.0348938 0.0132251
2 0.57929 0.323569 0.0580484 0.0289492
5 0.519113 0.290031 0.0632182 0.0321061
2 0.677878 0.308941 0.0549198 0.0243442
2 0.362304 0.295305 0.0329968 0.0140251
0 0.163787 0.33018 0.023557 0.0217464
2 0.338485 0.899758 0.326523 0.199609
2 0.471998 0.619177 0.204558 0.106732
2 0.713262 0.459804 0.136404 0.0638138
2 0.307601 0.452329 0.131119 0.0583131
2 0.51453 0.416247 0.11696 0.0668546
2 0.553811 0.359089 0.0742055 0.0352798
2 0.182813 0.355943 0.0768167 0.0357491
7 0.423011 0.34545 0.0903832 0.0624597
2 0.116668 0.38388 0.10623 0.0578114
2 0.218769 0.323355 0.0558631 0.0253485
2 0.288963 0.330304 0.0588372 0.0292369
2 0.67421 0.366424 0.104426 0.0725268
2 0.317907 0.319099 0.0543257 0.0232863
2 0.56948 0.34472 0.0724409 0.0324262
2 0.477938 0.334596 0.0546048 0.0360909
2 0.52242 0.312679 0.0415366 0.0212854
2 0.310153 0.29783 0.0348938 0.0132251
2 0.57929 0.323569 0.0580484 0.0289492
5 0.519113 0.290031 0.0632182 0.0321061
2 0.677878 0.308941 0.0549198 0.0243442
2 0.362304 0.295305 0.0329968 0.0140251
0 0.163787 0.33018 0.023557 0.0217464
