2 0.472724 0.711223 0.247438 0.140742
2 0.328427 0.525196 0.165317 0.0800163
2 0.0786003 0.86035 0.156515 0.231309
5 0.0657902 0.33778 0.131327 0.0797882
2 0.393669 0.377223 0.0900594 0.0412778
2 0.500197 0.457224 0.13717 0.063333
2 0.699789 0.375693 0.0912717 0.0411927
2 0.551237 0.362599 0.0893981 0.0513094
2 0.229106 0.342893 0.0838244 0.0431583
2 0.587013 0.329724 0.0639744 0.0297528
2 0.796436 0.626528 0.22463 0.140759
7 0.796258 0.627007 0.223392 0.141001
2 0.276571 0.326501 0.0537903 0.0282364
2 0.334552 0.312158 0.0460276 0.022331
2 0.523024 0.311935 0.0499745 0.030865
7 0.472276 0.318704 0.0720531 0.0490638
5 0.690775 0.325413 0.0745541 0.0563063
2 0.472267 0.31859 0.0722388 0.0487033
2 0.691242 0.32599 0.0753859 0.0552357
2 0.297078 0.297269 0.038888 0.0167057
2 0.340758 0.308566 0.0550551 0.0184728
2 0.691974 0.33799 0.074206 0.0339693
7 0.5372 0.286474 0.060005 0.0404447
5 0.537887 0.280866 0.0560757 0.0282888
2 0.649734 0.29052 0.0374149 0.0169253
2 0.381888 0.290566 0.035554 0.012149
0 0.0560002 0.834213 0.0669648 0.0471302
2 0.472724 0.711223 0.247438 0.140742
2 0.328427 0.525196 0.165317 0.0800163
2 0.0786003 0.86035 0.156515 0.231309
5 0.0657902 0.33778 0.131327 0.0797882
2 0.393669 0.377223 0.0900594 0.0412778
2 0.500197 0.457224 0.13717 0.063333
2 0.699789 0.375693 0.0912717 0.0411927
2 0.551237 0.362599 0.0893981 0.0513094
2 0.229106 0.342893 0.0838244 0.0431583
2 0.587013 0.329724 0.0639744 0.0297528
2 0.796436 0.626528 0.22463 0.140759
7 0.796258 0.627007 0.223392 0.141001
2 0.276571 0.326501 0.0537903 0.0282364
2 0.334552 0.312158 0.0460276 0.022331
2 0.523024 0.311935 0.0499745 0.030865
7 0.472276 0.318704 0.0720531 0.0490638
5 0.690775 0.325413 0.0745541 0.0563063
2 0.472267 0.31859 0.0722388 0.0487033
2 0.691242 0.32599 0.0753859 0.0552357
2 0.297078 0.297269 0.038888 0.0167057
2 0.340758 0.308566 0.0550551 0.0184728
2 0.691974 0.33799 0.074206 0.0339693
7 0.5372 0.286474 0.060005 0.0404447
5 0.537887 0.280866 0.0560757 0.0282888
2 0.649734 0.29052 0.0374149 0.0169253
2 0.381888 0.290566 0.035554 0.012149
0 0.0560002 0.834213 0.0669648 0.0471302
2 0.472724 0.711223 0.247438 0.140742
2 0.328427 0.525196 0.165317 0.0800163
2 0.0786003 0.86035 0.156515 0.231309
5 0.0657902 0.33778 0.131327 0.0797882
2 0.393669 0.377223 0.0900594 0.0412778
2 0.500197 0.457224 0.13717 0.063333
2 0.699789 0.375693 0.0912717 0.0411927
2 0.551237 0.362599 0.0893981 0.0513094
2 0.229106 0.342893 0.0838244 0.0431583
2 0.587013 0.329724 0.0639744 0.0297528
2 0.796436 0.626528 0.22463 0.140759
7 0.796258 0.627007 0.223392 0.141001
2 0.276571 0.326501 0.0537903 0.0282364
2 0.334552 0.312158 0.0460276 0.022331
2 0.523024 0.311935 0.0499745 0.030865
7 0.472276 0.318704 0.0720531 0.0490638
5 0.690775 0.325413 0.0745541 0.0563063
2 0.472267 0.31859 0.0722388 0.0487033
2 0.691242 0.32599 0.0753859 0.0552357
2 0.297078 0.297269 0.038888 0.0167057
2 0.340758 0.308566 0.0550551 0.0184728
2 0.691974 0.33799 0.074206 0.0339693
7 0.5372 0.286474 0.060005 0.0404447
5 0.537887 0.280866 0.0560757 0.0282888
2 0.649734 0.29052 0.0374149 0.0169253
2 0.381888 0.290566 0.035554 0.012149
0 0.0560002 0.834213 0.0669648 0.0471302
2 0.472724 0.711223 0.247438 0.140742
2 0.328427 0.525196 0.165317 0.0800163
2 0.0786003 0.86035 0.156515 0.231309
5 0.0657902 0.33778 0.131327 0.0797882
2 0.393669 0.377223 0.0900594 0.0412778
2 0.500197 0.457224 0.13717 0.063333
2 0.699789 0.375693 0.0912717 0.0411927
2 0.551237 0.362599 0.0893981 0.0513094
2 0.229106 0.342893 0.0838244 0.0431583
2 0.587013 0.329724 0.0639744 0.0297528
2 0.796436 0.626528 0.22463 0.140759
7 0.796258 0.627007 0.223392 0.141001
2 0.276571 0.326501 0.0537903 0.0282364
2 0.334552 0.312158 0.0460276 0.022331
2 0.523024 0.311935 0.0499745 0.030865
7 0.472276 0.318704 0.0720531 0.0490638
5 0.690775 0.325413 0.0745541 0.0563063
2 0.472267 0.31859 0.0722388 0.0487033
2 0.691242 0.32599 0.0753859 0.0552357
2 0.297078 0.297269 0.038888 0.0167057
2 0.340758 0.308566 0.0550551 0.0184728
2 0.691974 0.33799 0.074206 0.0339693
7 0.5372 0.286474 0.060005 0.0404447
5 0.537887 0.280866 0.0560757 0.0282888
2 0.649734 0.29052 0.0374149 0.0169253
2 0.381888 0.290566 0.035554 0.012149
0 0.0560002 0.834213 0.0669648 0.0471302
2 0.472724 0.711223 0.247438 0.140742
2 0.328427 0.525196 0.165317 0.0800163
2 0.0786003 0.86035 0.156515 0.231309
5 0.0657902 0.33778 0.131327 0.0797882
2 0.393669 0.377223 0.0900594 0.0412778
2 0.500197 0.457224 0.13717 0.063333
2 0.699789 0.375693 0.0912717 0.0411927
2 0.551237 0.362599 0.0893981 0.0513094
2 0.229106 0.342893 0.0838244 0.0431583
2 0.587013 0.329724 0.0639744 0.0297528
2 0.796436 0.626528 0.22463 0.140759
7 0.796258 0.627007 0.223392 0.141001
2 0.276571 0.326501 0.0537903 0.0282364
2 0.334552 0.312158 0.0460276 0.022331
2 0.523024 0.311935 0.0499745 0.030865
7 0.472276 0.318704 0.0720531 0.0490638
5 0.690775 0.325413 0.0745541 0.0563063
2 0.472267 0.31859 0.0722388 0.0487033
2 0.691242 0.32599 0.0753859 0.0552357
2 0.297078 0.297269 0.038888 0.0167057
2 0.340758 0.308566 0.0550551 0.0184728
2 0.691974 0.33799 0.074206 0.0339693
7 0.5372 0.286474 0.060005 0.0404447
5 0.537887 0.280866 0.0560757 0.0282888
2 0.649734 0.29052 0.0374149 0.0169253
2 0.381888 0.290566 0.035554 0.012149
0 0.0560002 0.834213 0.0669648 0.0471302
2 0.472724 0.711223 0.247438 0.140742
2 0.328427 0.525196 0.165317 0.0800163
2 0.0786003 0.86035 0.156515 0.231309
5 0.0657902 0.33778 0.131327 0.0797882
2 0.393669 0.377223 0.0900594 0.0412778
2 0.500197 0.457224 0.13717 0.063333
2 0.699789 0.375693 0.0912717 0.0411927
2 0.551237 0.362599 0.0893981 0.0513094
2 0.229106 0.342893 0.0838244 0.0431583
2 0.587013 0.329724 0.0639744 0.0297528
2 0.796436 0.626528 0.22463 0.140759
7 0.796258 0.627007 0.223392 0.141001
2 0.276571 0.326501 0.0537903 0.0282364
2 0.334552 0.312158 0.0460276 0.022331
2 0.523024 0.311935 0.0499745 0.030865
7 0.472276 0.318704 0.0720531 0.0490638
5 0.690775 0.325413 0.0745541 0.0563063
2 0.472267 0.31859 0.0722388 0.0487033
2 0.691242 0.32599 0.0753859 0.0552357
2 0.297078 0.297269 0.038888 0.0167057
2 0.340758 0.308566 0.0550551 0.0184728
2 0.691974 0.33799 0.074206 0.0339693
7 0.5372 0.286474 0.060005 0.0404447
5 0.537887 0.280866 0.0560757 0.0282888
2 0.649734 0.29052 0.0374149 0.0169253
2 0.381888 0.290566 0.035554 0.012149
0 0.0560002 0.834213 0.0669648 0.0471302
2 0.472724 0.711223 0.247438 0.140742
2 0.328427 0.525196 0.165317 0.0800163
2 0.0786003 0.86035 0.156515 0.231309
5 0.0657902 0.33778 0.131327 0.0797882
2 0.393669 0.377223 0.0900594 0.0412778
2 0.500197 0.457224 0.13717 0.063333
2 0.699789 0.375693 0.0912717 0.0411927
2 0.551237 0.362599 0.0893981 0.0513094
2 0.229106 0.342893 0.0838244 0.0431583
2 0.587013 0.329724 0.0639744 0.0297528
2 0.796436 0.626528 0.22463 0.140759
7 0.796258 0.627007 0.223392 0.141001
2 0.276571 0.326501 0.0537903 0.0282364
2 0.334552 0.312158 0.0460276 0.022331
2 0.523024 0.311935 0.0499745 0.030865
7 0.472276 0.318704 0.0720531 0.0490638
5 0.690775 0.325413 0.0745541 0.0563063
2 0.472267 0.31859 0.0722388 0.0487033
2 0.691242 0.32599 0.0753859 0.0552357
2 0.297078 0.297269 0.038888 0.0167057
2 0.340758 0.308566 0.0550551 0.0184728
2 0.691974 0.33799 0.074206 0.0339693
7 0.5372 0.286474 0.060005 0.0404447
5 0.537887 0.280866 0.0560757 0.0282888
2 0.649734 0.29052 0.0374149 0.0169253
2 0.381888 0.290566 0.035554 0.012149
0 0.0560002 0.834213 0.0669648 0.0471302
2 0.472724 0.711223 0.247438 0.140742
2 0.328427 0.525196 0.165317 0.0800163
2 0.0786003 0.86035 0.156515 0.231309
5 0.0657902 0.33778 0.131327 0.0797882
2 0.393669 0.377223 0.0900594 0.0412778
2 0.500197 0.457224 0.13717 0.063333
2 0.699789 0.375693 0.0912717 0.0411927
2 0.551237 0.362599 0.0893981 0.0513094
2 0.229106 0.342893 0.0838244 0.0431583
2 0.587013 0.329724 0.0639744 0.0297528
2 0.796436 0.626528 0.22463 0.140759
7 0.796258 0.627007 0.223392 0.141001
2 0.276571 0.326501 0.0537903 0.0282364
2 0.334552 0.312158 0.0460276 0.022331
2 0.523024 0.311935 0.0499745 0.030865
7 0.472276 0.318704 0.0720531 0.0490638
5 0.690775 0.325413 0.0745541 0.0563063
2 0.472267 0.31859 0.0722388 0.0487033
2 0.691242 0.32599 0.0753859 0.0552357
2 0.297078 0.297269 0.038888 0.0167057
2 0.340758 0.308566 0.0550551 0.0184728
2 0.691974 0.33799 0.074206 0.0339693
7 0.5372 0.286474 0.060005 0.0404447
5 0.537887 0.280866 0.0560757 0.0282888
2 0.649734 0.29052 0.0374149 0.0169253
2 0.381888 0.290566 0.035554 0.012149
0 0.0560002 0.834213 0.0669648 0.0471302
2 0.472724 0.711223 0.247438 0.140742
2 0.328427 0.525196 0.165317 0.0800163
2 0.0786003 0.86035 0.156515 0.231309
5 0.0657902 0.33778 0.131327 0.0797882
2 0.393669 0.377223 0.0900594 0.0412778
2 0.500197 0.457224 0.13717 0.063333
2 0.699789 0.375693 0.0912717 0.0411927
2 0.551237 0.362599 0.0893981 0.0513094
2 0.229106 0.342893 0.0838244 0.0431583
2 0.587013 0.329724 0.0639744 0.0297528
2 0.796436 0.626528 0.22463 0.140759
7 0.796258 0.627007 0.223392 0.141001
2 0.276571 0.326501 0.0537903 0.0282364
2 0.334552 0.312158 0.0460276 0.022331
2 0.523024 0.311935 0.0499745 0.030865
7 0.472276 0.318704 0.0720531 0.0490638
5 0.690775 0.325413 0.0745541 0.0563063
2 0.472267 0.31859 0.0722388 0.0487033
2 0.691242 0.32599 0.0753859 0.0552357
2 0.297078 0.297269 0.038888 0.0167057
2 0.340758 0.308566 0.0550551 0.0184728
2 0.691974 0.33799 0.074206 0.0339693
7 0.5372 0.286474 0.060005 0.0404447
5 0.537887 0.280866 0.0560757 0.0282888
2 0.649734 0.29052 0.0374149 0.0169253
2 0.381888 0.290566 0.035554 0.012149
0 0.0560002 0.834213 0.0669648 0.0471302
2 0.472724 0.711223 0.247438 0.140742
2 0.328427 0.525196 0.165317 0.0800163
2 0.0786003 0.86035 0.156515 0.231309
5 0.0657902 0.33778 0.131327 0.0797882
2 0.393669 0.377223 0.0900594 0.0412778
2 0.500197 0.457224 0.13717 0.063333
2 0.699789 0.375693 0.0912717 0.0411927
2 0.551237 0.362599 0.0893981 0.0513094
2 0.229106 0.342893 0.0838244 0.0431583
2 0.587013 0.329724 0.0639744 0.0297528
2 0.796436 0.626528 0.22463 0.140759
7 0.796258 0.627007 0.223392 0.141001
2 0.276571 0.326501 0.0537903 0.0282364
2 0.334552 0.312158 0.0460276 0.022331
2 0.523024 0.311935 0.0499745 0.030865
7 0.472276 0.318704 0.0720531 0.0490638
5 0.690775 0.325413 0.0745541 0.0563063
2 0.472267 0.31859 0.0722388 0.0487033
2 0.691242 0.32599 0.0753859 0.0552357
2 0.297078 0.297269 0.038888 0.0167057
2 0.340758 0.308566 0.0550551 0.0184728
2 0.691974 0.33799 0.074206 0.0339693
7 0.5372 0.286474 0.060005 0.0404447
5 0.537887 0.280866 0.0560757 0.0282888
2 0.649734 0.29052 0.0374149 0.0169253
2 0.381888 0.290566 0.035554 0.012149
0 0.0560002 0.834213 0.0669648 0.0471302
2 0.472724 0.711223 0.247438 0.140742
2 0.328427 0.525196 0.165317 0.0800163
2 0.0786003 0.86035 0.156515 0.231309
5 0.0657902 0.33778 0.131327 0.0797882
2 0.393669 0.377223 0.0900594 0.0412778
2 0.500197 0.457224 0.13717 0.063333
2 0.699789 0.375693 0.0912717 0.0411927
2 0.551237 0.362599 0.0893981 0.0513094
2 0.229106 0.342893 0.0838244 0.0431583
2 0.587013 0.329724 0.0639744 0.0297528
2 0.796436 0.626528 0.22463 0.140759
7 0.796258 0.627007 0.223392 0.141001
2 0.276571 0.326501 0.0537903 0.0282364
2 0.334552 0.312158 0.0460276 0.022331
2 0.523024 0.311935 0.0499745 0.030865
7 0.472276 0.318704 0.0720531 0.0490638
5 0.690775 0.325413 0.0745541 0.0563063
2 0.472267 0.31859 0.0722388 0.0487033
2 0.691242 0.32599 0.0753859 0.0552357
2 0.297078 0.297269 0.038888 0.0167057
2 0.340758 0.308566 0.0550551 0.0184728
2 0.691974 0.33799 0.074206 0.0339693
7 0.5372 0.286474 0.060005 0.0404447
5 0.537887 0.280866 0.0560757 0.0282888
2 0.649734 0.29052 0.0374149 0.0169253
2 0.381888 0.290566 0.035554 0.012149
0 0.0560002 0.834213 0.0669648 0.0471302
2 0.472724 0.711223 0.247438 0.140742
2 0.328427 0.525196 0.165317 0.0800163
2 0.0786003 0.86035 0.156515 0.231309
5 0.0657902 0.33778 0.131327 0.0797882
2 0.393669 0.377223 0.0900594 0.0412778
2 0.500197 0.457224 0.13717 0.063333
2 0.699789 0.375693 0.0912717 0.0411927
2 0.551237 0.362599 0.0893981 0.0513094
2 0.229106 0.342893 0.0838244 0.0431583
2 0.587013 0.329724 0.0639744 0.0297528
2 0.796436 0.626528 0.22463 0.140759
7 0.796258 0.627007 0.223392 0.141001
2 0.276571 0.326501 0.0537903 0.0282364
2 0.334552 0.312158 0.0460276 0.022331
2 0.523024 0.311935 0.0499745 0.030865
7 0.472276 0.318704 0.0720531 0.0490638
5 0.690775 0.325413 0.0745541 0.0563063
2 0.472267 0.31859 0.0722388 0.0487033
2 0.691242 0.32599 0.0753859 0.0552357
2 0.297078 0.297269 0.038888 0.0167057
2 0.340758 0.308566 0.0550551 0.0184728
2 0.691974 0.33799 0.074206 0.0339693
7 0.5372 0.286474 0.060005 0.0404447
5 0.537887 0.280866 0.0560757 0.0282888
2 0.649734 0.29052 0.0374149 0.0169253
2 0.381888 0.290566 0.035554 0.012149
0 0.0560002 0.834213 0.0669648 0.0471302
2 0.472724 0.711223 0.247438 0.140742
2 0.328427 0.525196 0.165317 0.0800163
2 0.0786003 0.86035 0.156515 0.231309
5 0.0657902 0.33778 0.131327 0.0797882
2 0.393669 0.377223 0.0900594 0.0412778
2 0.500197 0.457224 0.13717 0.063333
2 0.699789 0.375693 0.0912717 0.0411927
2 0.551237 0.362599 0.0893981 0.0513094
2 0.229106 0.342893 0.0838244 0.0431583
2 0.587013 0.329724 0.0639744 0.0297528
2 0.796436 0.626528 0.22463 0.140759
7 0.796258 0.627007 0.223392 0.141001
2 0.276571 0.326501 0.0537903 0.0282364
2 0.334552 0.312158 0.0460276 0.022331
2 0.523024 0.311935 0.0499745 0.030865
7 0.472276 0.318704 0.0720531 0.0490638
5 0.690775 0.325413 0.0745541 0.0563063
2 0.472267 0.31859 0.0722388 0.0487033
2 0.691242 0.32599 0.0753859 0.0552357
2 0.297078 0.297269 0.038888 0.0167057
2 0.340758 0.308566 0.0550551 0.0184728
2 0.691974 0.33799 0.074206 0.0339693
7 0.5372 0.286474 0.060005 0.0404447
5 0.537887 0.280866 0.0560757 0.0282888
2 0.649734 0.29052 0.0374149 0.0169253
2 0.381888 0.290566 0.035554 0.012149
0 0.0560002 0.834213 0.0669648 0.0471302
2 0.473669 0.71105 0.249958 0.142448
5 0.065767 0.337603 0.131534 0.0807205
2 0.796866 0.627242 0.22595 0.141865
2 0.329081 0.526014 0.164087 0.080757
2 0.501083 0.458565 0.132937 0.0648253
2 0.699649 0.375238 0.0952135 0.0417024
2 0.39273 0.377627 0.0921293 0.0399631
2 0.0791807 0.861238 0.157703 0.232401
2 0.551203 0.363064 0.0929735 0.0509556
7 0.471713 0.318227 0.0729486 0.0490819
2 0.228208 0.343601 0.08491 0.0446759
2 0.586749 0.329155 0.0622503 0.0295759
2 0.335014 0.31275 0.0485552 0.0221508
2 0.275251 0.327307 0.056836 0.0275813
2 0.523186 0.311924 0.0512349 0.0311253
2 0.473669 0.71105 0.249958 0.142448
5 0.065767 0.337603 0.131534 0.0807205
2 0.796866 0.627242 0.22595 0.141865
2 0.329081 0.526014 0.164087 0.080757
2 0.501083 0.458565 0.132937 0.0648253
2 0.699649 0.375238 0.0952135 0.0417024
2 0.39273 0.377627 0.0921293 0.0399631
2 0.0791807 0.861238 0.157703 0.232401
2 0.551203 0.363064 0.0929735 0.0509556
7 0.471713 0.318227 0.0729486 0.0490819
2 0.228208 0.343601 0.08491 0.0446759
2 0.586749 0.329155 0.0622503 0.0295759
2 0.335014 0.31275 0.0485552 0.0221508
2 0.275251 0.327307 0.056836 0.0275813
2 0.523186 0.311924 0.0512349 0.0311253
2 0.473669 0.71105 0.249958 0.142448
5 0.065767 0.337603 0.131534 0.0807205
2 0.796866 0.627242 0.22595 0.141865
2 0.329081 0.526014 0.164087 0.080757
2 0.501083 0.458565 0.132937 0.0648253
2 0.699649 0.375238 0.0952135 0.0417024
2 0.39273 0.377627 0.0921293 0.0399631
2 0.0791807 0.861238 0.157703 0.232401
2 0.551203 0.363064 0.0929735 0.0509556
7 0.471713 0.318227 0.0729486 0.0490819
2 0.228208 0.343601 0.08491 0.0446759
2 0.586749 0.329155 0.0622503 0.0295759
2 0.335014 0.31275 0.0485552 0.0221508
2 0.275251 0.327307 0.056836 0.0275813
2 0.523186 0.311924 0.0512349 0.0311253
2 0.473669 0.71105 0.249958 0.142448
5 0.065767 0.337603 0.131534 0.0807205
2 0.796866 0.627242 0.22595 0.141865
2 0.329081 0.526014 0.164087 0.080757
2 0.501083 0.458565 0.132937 0.0648253
2 0.699649 0.375238 0.0952135 0.0417024
2 0.39273 0.377627 0.0921293 0.0399631
2 0.0791807 0.861238 0.157703 0.232401
2 0.551203 0.363064 0.0929735 0.0509556
7 0.471713 0.318227 0.0729486 0.0490819
2 0.228208 0.343601 0.08491 0.0446759
2 0.586749 0.329155 0.0622503 0.0295759
2 0.335014 0.31275 0.0485552 0.0221508
2 0.275251 0.327307 0.056836 0.0275813
2 0.523186 0.311924 0.0512349 0.0311253
2 0.473669 0.71105 0.249958 0.142448
5 0.065767 0.337603 0.131534 0.0807205
2 0.796866 0.627242 0.22595 0.141865
2 0.329081 0.526014 0.164087 0.080757
2 0.501083 0.458565 0.132937 0.0648253
2 0.699649 0.375238 0.0952135 0.0417024
2 0.39273 0.377627 0.0921293 0.0399631
2 0.0791807 0.861238 0.157703 0.232401
2 0.551203 0.363064 0.0929735 0.0509556
7 0.471713 0.318227 0.0729486 0.0490819
2 0.228208 0.343601 0.08491 0.0446759
2 0.586749 0.329155 0.0622503 0.0295759
2 0.335014 0.31275 0.0485552 0.0221508
2 0.275251 0.327307 0.056836 0.0275813
2 0.523186 0.311924 0.0512349 0.0311253
2 0.473669 0.71105 0.249958 0.142448
5 0.065767 0.337603 0.131534 0.0807205
2 0.796866 0.627242 0.22595 0.141865
2 0.329081 0.526014 0.164087 0.080757
2 0.501083 0.458565 0.132937 0.0648253
2 0.699649 0.375238 0.0952135 0.0417024
2 0.39273 0.377627 0.0921293 0.0399631
2 0.0791807 0.861238 0.157703 0.232401
2 0.551203 0.363064 0.0929735 0.0509556
7 0.471713 0.318227 0.0729486 0.0490819
2 0.228208 0.343601 0.08491 0.0446759
2 0.586749 0.329155 0.0622503 0.0295759
2 0.335014 0.31275 0.0485552 0.0221508
2 0.275251 0.327307 0.056836 0.0275813
2 0.523186 0.311924 0.0512349 0.0311253
2 0.473669 0.71105 0.249958 0.142448
5 0.065767 0.337603 0.131534 0.0807205
2 0.796866 0.627242 0.22595 0.141865
2 0.329081 0.526014 0.164087 0.080757
2 0.501083 0.458565 0.132937 0.0648253
2 0.699649 0.375238 0.0952135 0.0417024
2 0.39273 0.377627 0.0921293 0.0399631
2 0.0791807 0.861238 0.157703 0.232401
2 0.551203 0.363064 0.0929735 0.0509556
7 0.471713 0.318227 0.0729486 0.0490819
2 0.228208 0.343601 0.08491 0.0446759
2 0.586749 0.329155 0.0622503 0.0295759
2 0.335014 0.31275 0.0485552 0.0221508
2 0.275251 0.327307 0.056836 0.0275813
2 0.523186 0.311924 0.0512349 0.0311253
2 0.473669 0.71105 0.249958 0.142448
5 0.065767 0.337603 0.131534 0.0807205
2 0.796866 0.627242 0.22595 0.141865
2 0.329081 0.526014 0.164087 0.080757
2 0.501083 0.458565 0.132937 0.0648253
2 0.699649 0.375238 0.0952135 0.0417024
2 0.39273 0.377627 0.0921293 0.0399631
2 0.0791807 0.861238 0.157703 0.232401
2 0.551203 0.363064 0.0929735 0.0509556
7 0.471713 0.318227 0.0729486 0.0490819
2 0.228208 0.343601 0.08491 0.0446759
2 0.586749 0.329155 0.0622503 0.0295759
2 0.335014 0.31275 0.0485552 0.0221508
2 0.275251 0.327307 0.056836 0.0275813
2 0.523186 0.311924 0.0512349 0.0311253
7 0.539126 0.28655 0.0575651 0.0409296
2 0.691565 0.32685 0.0754703 0.0557092
7 0.691528 0.326606 0.0754344 0.056064
2 0.261378 0.305368 0.0301208 0.0171103
2 0.649857 0.289661 0.037313 0.0168836
2 0.38141 0.290554 0.0325914 0.0116257
