2 0.45522 0.5915 0.202413 0.104367
5 0.0891422 0.330805 0.154397 0.0752112
2 0.511003 0.428195 0.123816 0.0572384
2 0.416414 0.361523 0.0842695 0.0375368
2 0.342482 0.474376 0.152657 0.0672908
2 0.116919 0.702002 0.233155 0.163056
2 0.701969 0.358273 0.0830186 0.0372649
2 0.748119 0.547986 0.188104 0.11333
2 0.25814 0.33496 0.0774743 0.0418488
2 0.561503 0.351243 0.0811343 0.0467609
2 0.596662 0.322798 0.0587955 0.0278746
2 0.533283 0.307448 0.0520829 0.0270207
5 0.6926 0.316771 0.0681973 0.0563725
7 0.482462 0.312305 0.0674201 0.0464373
2 0.351273 0.307801 0.0519577 0.0221022
7 0.542507 0.284875 0.0564402 0.0378355
2 0.301191 0.32144 0.0426734 0.0263328
2 0.482164 0.312255 0.066969 0.0463017
2 0.693118 0.317677 0.0702082 0.0560948
2 0.384101 0.290384 0.0334191 0.0112811
2 0.268376 0.306209 0.0571883 0.0178287
2 0.304367 0.296495 0.0295217 0.0151749
7 0.692862 0.317156 0.0675117 0.0560163
2 0.644193 0.289565 0.0405039 0.0179464
2 0.45522 0.5915 0.202413 0.104367
5 0.0891422 0.330805 0.154397 0.0752112
2 0.511003 0.428195 0.123816 0.0572384
2 0.416414 0.361523 0.0842695 0.0375368
2 0.342482 0.474376 0.152657 0.0672908
2 0.116919 0.702002 0.233155 0.163056
2 0.701969 0.358273 0.0830186 0.0372649
2 0.748119 0.547986 0.188104 0.11333
2 0.25814 0.33496 0.0774743 0.0418488
2 0.561503 0.351243 0.0811343 0.0467609
2 0.596662 0.322798 0.0587955 0.0278746
2 0.533283 0.307448 0.0520829 0.0270207
5 0.6926 0.316771 0.0681973 0.0563725
7 0.482462 0.312305 0.0674201 0.0464373
2 0.351273 0.307801 0.0519577 0.0221022
7 0.542507 0.284875 0.0564402 0.0378355
2 0.301191 0.32144 0.0426734 0.0263328
2 0.482164 0.312255 0.066969 0.0463017
2 0.693118 0.317677 0.0702082 0.0560948
2 0.384101 0.290384 0.0334191 0.0112811
2 0.268376 0.306209 0.0571883 0.0178287
2 0.304367 0.296495 0.0295217 0.0151749
7 0.692862 0.317156 0.0675117 0.0560163
2 0.644193 0.289565 0.0405039 0.0179464
2 0.45522 0.5915 0.202413 0.104367
5 0.0891422 0.330805 0.154397 0.0752112
2 0.511003 0.428195 0.123816 0.0572384
2 0.416414 0.361523 0.0842695 0.0375368
2 0.342482 0.474376 0.152657 0.0672908
2 0.116919 0.702002 0.233155 0.163056
2 0.701969 0.358273 0.0830186 0.0372649
2 0.748119 0.547986 0.188104 0.11333
2 0.25814 0.33496 0.0774743 0.0418488
2 0.561503 0.351243 0.0811343 0.0467609
2 0.596662 0.322798 0.0587955 0.0278746
2 0.533283 0.307448 0.0520829 0.0270207
5 0.6926 0.316771 0.0681973 0.0563725
7 0.482462 0.312305 0.0674201 0.0464373
2 0.351273 0.307801 0.0519577 0.0221022
7 0.542507 0.284875 0.0564402 0.0378355
2 0.301191 0.32144 0.0426734 0.0263328
2 0.482164 0.312255 0.066969 0.0463017
2 0.693118 0.317677 0.0702082 0.0560948
2 0.384101 0.290384 0.0334191 0.0112811
2 0.268376 0.306209 0.0571883 0.0178287
2 0.304367 0.296495 0.0295217 0.0151749
7 0.692862 0.317156 0.0675117 0.0560163
2 0.644193 0.289565 0.0405039 0.0179464
2 0.45522 0.5915 0.202413 0.104367
5 0.0891422 0.330805 0.154397 0.0752112
2 0.511003 0.428195 0.123816 0.0572384
2 0.416414 0.361523 0.0842695 0.0375368
2 0.342482 0.474376 0.152657 0.0672908
2 0.116919 0.702002 0.233155 0.163056
2 0.701969 0.358273 0.0830186 0.0372649
2 0.748119 0.547986 0.188104 0.11333
2 0.25814 0.33496 0.0774743 0.0418488
2 0.561503 0.351243 0.0811343 0.0467609
2 0.596662 0.322798 0.0587955 0.0278746
2 0.533283 0.307448 0.0520829 0.0270207
5 0.6926 0.316771 0.0681973 0.0563725
7 0.482462 0.312305 0.0674201 0.0464373
2 0.351273 0.307801 0.0519577 0.0221022
7 0.542507 0.284875 0.0564402 0.0378355
2 0.301191 0.32144 0.0426734 0.0263328
2 0.482164 0.312255 0.066969 0.0463017
2 0.693118 0.317677 0.0702082 0.0560948
2 0.384101 0.290384 0.0334191 0.0112811
2 0.268376 0.306209 0.0571883 0.0178287
2 0.304367 0.296495 0.0295217 0.0151749
7 0.692862 0.317156 0.0675117 0.0560163
2 0.644193 0.289565 0.0405039 0.0179464
2 0.45522 0.5915 0.202413 0.104367
5 0.0891422 0.330805 0.154397 0.0752112
2 0.511003 0.428195 0.123816 0.0572384
2 0.416414 0.361523 0.0842695 0.0375368
2 0.342482 0.474376 0.152657 0.0672908
2 0.116919 0.702002 0.233155 0.163056
2 0.701969 0.358273 0.0830186 0.0372649
2 0.748119 0.547986 0.188104 0.11333
2 0.25814 0.33496 0.0774743 0.0418488
2 0.561503 0.351243 0.0811343 0.0467609
2 0.596662 0.322798 0.0587955 0.0278746
2 0.533283 0.307448 0.0520829 0.0270207
5 0.6926 0.316771 0.0681973 0.0563725
7 0.482462 0.312305 0.0674201 0.0464373
2 0.351273 0.307801 0.0519577 0.0221022
7 0.542507 0.284875 0.0564402 0.0378355
2 0.301191 0.32144 0.0426734 0.0263328
2 0.482164 0.312255 0.066969 0.0463017
2 0.693118 0.317677 0.0702082 0.0560948
2 0.384101 0.290384 0.0334191 0.0112811
2 0.268376 0.306209 0.0571883 0.0178287
2 0.304367 0.296495 0.0295217 0.0151749
7 0.692862 0.317156 0.0675117 0.0560163
2 0.644193 0.289565 0.0405039 0.0179464
2 0.45522 0.5915 0.202413 0.104367
5 0.0891422 0.330805 0.154397 0.0752112
2 0.511003 0.428195 0.123816 0.0572384
2 0.416414 0.361523 0.0842695 0.0375368
2 0.342482 0.474376 0.152657 0.0672908
2 0.116919 0.702002 0.233155 0.163056
2 0.701969 0.358273 0.0830186 0.0372649
2 0.748119 0.547986 0.188104 0.11333
2 0.25814 0.33496 0.0774743 0.0418488
2 0.561503 0.351243 0.0811343 0.0467609
2 0.596662 0.322798 0.0587955 0.0278746
2 0.533283 0.307448 0.0520829 0.0270207
5 0.6926 0.316771 0.0681973 0.0563725
7 0.482462 0.312305 0.0674201 0.0464373
2 0.351273 0.307801 0.0519577 0.0221022
7 0.542507 0.284875 0.0564402 0.0378355
2 0.301191 0.32144 0.0426734 0.0263328
2 0.482164 0.312255 0.066969 0.0463017
2 0.693118 0.317677 0.0702082 0.0560948
2 0.384101 0.290384 0.0334191 0.0112811
2 0.268376 0.306209 0.0571883 0.0178287
2 0.304367 0.296495 0.0295217 0.0151749
7 0.692862 0.317156 0.0675117 0.0560163
2 0.644193 0.289565 0.0405039 0.0179464
