5 0.150458 0.321547 0.131488 0.067171
2 0.365092 0.410518 0.107267 0.0486905
2 0.449314 0.465386 0.137808 0.0686556
2 0.225237 0.545123 0.182438 0.110487
2 0.452884 0.341094 0.0734075 0.0319451
2 0.52973 0.387426 0.100465 0.0480157
2 0.701949 0.337208 0.0692027 0.0323567
3 0.492548 0.646719 0.0989456 0.0747903
2 0.576581 0.336524 0.0673733 0.0390369
2 0.694491 0.45385 0.136941 0.0811844
0 0.49497 0.598705 0.0864297 0.0483077
2 0.302982 0.325355 0.060762 0.0334585
2 0.539301 0.302701 0.0453363 0.0268776
2 0.605544 0.31465 0.0541487 0.026322
2 0.490267 0.306114 0.0634893 0.0411244
7 0.490341 0.305965 0.0646615 0.0419576
2 0.357765 0.30269 0.0520409 0.0231618
7 0.687265 0.306338 0.0622064 0.0499095
0 0.494362 0.607845 0.0933172 0.0660031
2 0.688239 0.312008 0.0611922 0.0388278
5 0.687044 0.305592 0.0625264 0.0498126
5 0.150458 0.321547 0.131488 0.067171
2 0.365092 0.410518 0.107267 0.0486905
2 0.449314 0.465386 0.137808 0.0686556
2 0.225237 0.545123 0.182438 0.110487
2 0.452884 0.341094 0.0734075 0.0319451
2 0.52973 0.387426 0.100465 0.0480157
2 0.701949 0.337208 0.0692027 0.0323567
3 0.492548 0.646719 0.0989456 0.0747903
2 0.576581 0.336524 0.0673733 0.0390369
2 0.694491 0.45385 0.136941 0.0811844
0 0.49497 0.598705 0.0864297 0.0483077
2 0.302982 0.325355 0.060762 0.0334585
2 0.539301 0.302701 0.0453363 0.0268776
2 0.605544 0.31465 0.0541487 0.026322
2 0.490267 0.306114 0.0634893 0.0411244
7 0.490341 0.305965 0.0646615 0.0419576
2 0.357765 0.30269 0.0520409 0.0231618
7 0.687265 0.306338 0.0622064 0.0499095
0 0.494362 0.607845 0.0933172 0.0660031
2 0.688239 0.312008 0.0611922 0.0388278
5 0.687044 0.305592 0.0625264 0.0498126
5 0.150458 0.321547 0.131488 0.067171
2 0.365092 0.410518 0.107267 0.0486905
2 0.449314 0.465386 0.137808 0.0686556
2 0.225237 0.545123 0.182438 0.110487
2 0.452884 0.341094 0.0734075 0.0319451
2 0.52973 0.387426 0.100465 0.0480157
2 0.701949 0.337208 0.0692027 0.0323567
3 0.492548 0.646719 0.0989456 0.0747903
2 0.576581 0.336524 0.0673733 0.0390369
2 0.694491 0.45385 0.136941 0.0811844
0 0.49497 0.598705 0.0864297 0.0483077
2 0.302982 0.325355 0.060762 0.0334585
2 0.539301 0.302701 0.0453363 0.0268776
2 0.605544 0.31465 0.0541487 0.026322
2 0.490267 0.306114 0.0634893 0.0411244
7 0.490341 0.305965 0.0646615 0.0419576
2 0.357765 0.30269 0.0520409 0.0231618
7 0.687265 0.306338 0.0622064 0.0499095
0 0.494362 0.607845 0.0933172 0.0660031
2 0.688239 0.312008 0.0611922 0.0388278
5 0.687044 0.305592 0.0625264 0.0498126
5 0.150458 0.321547 0.131488 0.067171
2 0.365092 0.410518 0.107267 0.0486905
2 0.449314 0.465386 0.137808 0.0686556
2 0.225237 0.545123 0.182438 0.110487
2 0.452884 0.341094 0.0734075 0.0319451
2 0.52973 0.387426 0.100465 0.0480157
2 0.701949 0.337208 0.0692027 0.0323567
3 0.492548 0.646719 0.0989456 0.0747903
2 0.576581 0.336524 0.0673733 0.0390369
2 0.694491 0.45385 0.136941 0.0811844
0 0.49497 0.598705 0.0864297 0.0483077
2 0.302982 0.325355 0.060762 0.0334585
2 0.539301 0.302701 0.0453363 0.0268776
2 0.605544 0.31465 0.0541487 0.026322
2 0.490267 0.306114 0.0634893 0.0411244
7 0.490341 0.305965 0.0646615 0.0419576
2 0.357765 0.30269 0.0520409 0.0231618
7 0.687265 0.306338 0.0622064 0.0499095
0 0.494362 0.607845 0.0933172 0.0660031
2 0.688239 0.312008 0.0611922 0.0388278
5 0.687044 0.305592 0.0625264 0.0498126
5 0.150458 0.321547 0.131488 0.067171
2 0.365092 0.410518 0.107267 0.0486905
2 0.449314 0.465386 0.137808 0.0686556
2 0.225237 0.545123 0.182438 0.110487
2 0.452884 0.341094 0.0734075 0.0319451
2 0.52973 0.387426 0.100465 0.0480157
2 0.701949 0.337208 0.0692027 0.0323567
3 0.492548 0.646719 0.0989456 0.0747903
2 0.576581 0.336524 0.0673733 0.0390369
2 0.694491 0.45385 0.136941 0.0811844
0 0.49497 0.598705 0.0864297 0.0483077
2 0.302982 0.325355 0.060762 0.0334585
2 0.539301 0.302701 0.0453363 0.0268776
2 0.605544 0.31465 0.0541487 0.026322
2 0.490267 0.306114 0.0634893 0.0411244
7 0.490341 0.305965 0.0646615 0.0419576
2 0.357765 0.30269 0.0520409 0.0231618
7 0.687265 0.306338 0.0622064 0.0499095
0 0.494362 0.607845 0.0933172 0.0660031
2 0.688239 0.312008 0.0611922 0.0388278
5 0.687044 0.305592 0.0625264 0.0498126
5 0.150458 0.321547 0.131488 0.067171
2 0.365092 0.410518 0.107267 0.0486905
2 0.449314 0.465386 0.137808 0.0686556
2 0.225237 0.545123 0.182438 0.110487
2 0.452884 0.341094 0.0734075 0.0319451
2 0.52973 0.387426 0.100465 0.0480157
2 0.701949 0.337208 0.0692027 0.0323567
3 0.492548 0.646719 0.0989456 0.0747903
2 0.576581 0.336524 0.0673733 0.0390369
2 0.694491 0.45385 0.136941 0.0811844
0 0.49497 0.598705 0.0864297 0.0483077
2 0.302982 0.325355 0.060762 0.0334585
2 0.539301 0.302701 0.0453363 0.0268776
2 0.605544 0.31465 0.0541487 0.026322
2 0.490267 0.306114 0.0634893 0.0411244
7 0.490341 0.305965 0.0646615 0.0419576
2 0.357765 0.30269 0.0520409 0.0231618
7 0.687265 0.306338 0.0622064 0.0499095
0 0.494362 0.607845 0.0933172 0.0660031
2 0.688239 0.312008 0.0611922 0.0388278
5 0.687044 0.305592 0.0625264 0.0498126
5 0.150458 0.321547 0.131488 0.067171
2 0.365092 0.410518 0.107267 0.0486905
2 0.449314 0.465386 0.137808 0.0686556
2 0.225237 0.545123 0.182438 0.110487
2 0.452884 0.341094 0.0734075 0.0319451
2 0.52973 0.387426 0.100465 0.0480157
2 0.701949 0.337208 0.0692027 0.0323567
3 0.492548 0.646719 0.0989456 0.0747903
2 0.576581 0.336524 0.0673733 0.0390369
2 0.694491 0.45385 0.136941 0.0811844
0 0.49497 0.598705 0.0864297 0.0483077
2 0.302982 0.325355 0.060762 0.0334585
2 0.539301 0.302701 0.0453363 0.0268776
2 0.605544 0.31465 0.0541487 0.026322
2 0.490267 0.306114 0.0634893 0.0411244
7 0.490341 0.305965 0.0646615 0.0419576
2 0.357765 0.30269 0.0520409 0.0231618
7 0.687265 0.306338 0.0622064 0.0499095
0 0.494362 0.607845 0.0933172 0.0660031
2 0.688239 0.312008 0.0611922 0.0388278
5 0.687044 0.305592 0.0625264 0.0498126
5 0.150458 0.321547 0.131488 0.067171
2 0.365092 0.410518 0.107267 0.0486905
2 0.449314 0.465386 0.137808 0.0686556
2 0.225237 0.545123 0.182438 0.110487
2 0.452884 0.341094 0.0734075 0.0319451
2 0.52973 0.387426 0.100465 0.0480157
2 0.701949 0.337208 0.0692027 0.0323567
3 0.492548 0.646719 0.0989456 0.0747903
2 0.576581 0.336524 0.0673733 0.0390369
2 0.694491 0.45385 0.136941 0.0811844
0 0.49497 0.598705 0.0864297 0.0483077
2 0.302982 0.325355 0.060762 0.0334585
2 0.539301 0.302701 0.0453363 0.0268776
2 0.605544 0.31465 0.0541487 0.026322
2 0.490267 0.306114 0.0634893 0.0411244
7 0.490341 0.305965 0.0646615 0.0419576
2 0.357765 0.30269 0.0520409 0.0231618
7 0.687265 0.306338 0.0622064 0.0499095
0 0.494362 0.607845 0.0933172 0.0660031
2 0.688239 0.312008 0.0611922 0.0388278
5 0.687044 0.305592 0.0625264 0.0498126
5 0.150458 0.321547 0.131488 0.067171
2 0.365092 0.410518 0.107267 0.0486905
2 0.449314 0.465386 0.137808 0.0686556
2 0.225237 0.545123 0.182438 0.110487
2 0.452884 0.341094 0.0734075 0.0319451
2 0.52973 0.387426 0.100465 0.0480157
2 0.701949 0.337208 0.0692027 0.0323567
3 0.492548 0.646719 0.0989456 0.0747903
2 0.576581 0.336524 0.0673733 0.0390369
2 0.694491 0.45385 0.136941 0.0811844
0 0.49497 0.598705 0.0864297 0.0483077
2 0.302982 0.325355 0.060762 0.0334585
2 0.539301 0.302701 0.0453363 0.0268776
2 0.605544 0.31465 0.0541487 0.026322
2 0.490267 0.306114 0.0634893 0.0411244
7 0.490341 0.305965 0.0646615 0.0419576
2 0.357765 0.30269 0.0520409 0.0231618
7 0.687265 0.306338 0.0622064 0.0499095
0 0.494362 0.607845 0.0933172 0.0660031
2 0.688239 0.312008 0.0611922 0.0388278
5 0.687044 0.305592 0.0625264 0.0498126
5 0.150458 0.321547 0.131488 0.067171
2 0.365092 0.410518 0.107267 0.0486905
2 0.449314 0.465386 0.137808 0.0686556
2 0.225237 0.545123 0.182438 0.110487
2 0.452884 0.341094 0.0734075 0.0319451
2 0.52973 0.387426 0.100465 0.0480157
2 0.701949 0.337208 0.0692027 0.0323567
3 0.492548 0.646719 0.0989456 0.0747903
2 0.576581 0.336524 0.0673733 0.0390369
2 0.694491 0.45385 0.136941 0.0811844
0 0.49497 0.598705 0.0864297 0.0483077
2 0.302982 0.325355 0.060762 0.0334585
2 0.539301 0.302701 0.0453363 0.0268776
2 0.605544 0.31465 0.0541487 0.026322
2 0.490267 0.306114 0.0634893 0.0411244
7 0.490341 0.305965 0.0646615 0.0419576
2 0.357765 0.30269 0.0520409 0.0231618
7 0.687265 0.306338 0.0622064 0.0499095
0 0.494362 0.607845 0.0933172 0.0660031
2 0.688239 0.312008 0.0611922 0.0388278
5 0.687044 0.305592 0.0625264 0.0498126
5 0.150458 0.321547 0.131488 0.067171
2 0.365092 0.410518 0.107267 0.0486905
2 0.449314 0.465386 0.137808 0.0686556
2 0.225237 0.545123 0.182438 0.110487
2 0.452884 0.341094 0.0734075 0.0319451
2 0.52973 0.387426 0.100465 0.0480157
2 0.701949 0.337208 0.0692027 0.0323567
3 0.492548 0.646719 0.0989456 0.0747903
2 0.576581 0.336524 0.0673733 0.0390369
2 0.694491 0.45385 0.136941 0.0811844
0 0.49497 0.598705 0.0864297 0.0483077
2 0.302982 0.325355 0.060762 0.0334585
2 0.539301 0.302701 0.0453363 0.0268776
2 0.605544 0.31465 0.0541487 0.026322
2 0.490267 0.306114 0.0634893 0.0411244
7 0.490341 0.305965 0.0646615 0.0419576
2 0.357765 0.30269 0.0520409 0.0231618
7 0.687265 0.306338 0.0622064 0.0499095
0 0.494362 0.607845 0.0933172 0.0660031
2 0.688239 0.312008 0.0611922 0.0388278
5 0.687044 0.305592 0.0625264 0.0498126
5 0.150458 0.321547 0.131488 0.067171
2 0.365092 0.410518 0.107267 0.0486905
2 0.449314 0.465386 0.137808 0.0686556
2 0.225237 0.545123 0.182438 0.110487
2 0.452884 0.341094 0.0734075 0.0319451
2 0.52973 0.387426 0.100465 0.0480157
2 0.701949 0.337208 0.0692027 0.0323567
3 0.492548 0.646719 0.0989456 0.0747903
2 0.576581 0.336524 0.0673733 0.0390369
2 0.694491 0.45385 0.136941 0.0811844
0 0.49497 0.598705 0.0864297 0.0483077
2 0.302982 0.325355 0.060762 0.0334585
2 0.539301 0.302701 0.0453363 0.0268776
2 0.605544 0.31465 0.0541487 0.026322
2 0.490267 0.306114 0.0634893 0.0411244
7 0.490341 0.305965 0.0646615 0.0419576
2 0.357765 0.30269 0.0520409 0.0231618
7 0.687265 0.306338 0.0622064 0.0499095
0 0.494362 0.607845 0.0933172 0.0660031
2 0.688239 0.312008 0.0611922 0.0388278
5 0.687044 0.305592 0.0625264 0.0498126
2 0.22489 0.545124 0.182157 0.109485
2 0.449232 0.464944 0.137281 0.0692646
5 0.151515 0.321258 0.133917 0.0666367
2 0.363644 0.410551 0.109449 0.0484577
2 0.532026 0.388287 0.0977246 0.0467817
3 0.493103 0.64672 0.0995472 0.0716026
2 0.45367 0.341555 0.0738477 0.0313926
2 0.70295 0.337181 0.0697561 0.032199
2 0.692225 0.454376 0.140108 0.0810709
0 0.493638 0.597012 0.0880853 0.0443727
2 0.576264 0.335722 0.0702088 0.0397758
2 0.604351 0.315142 0.0562332 0.0234611
2 0.22489 0.545124 0.182157 0.109485
2 0.449232 0.464944 0.137281 0.0692646
5 0.151515 0.321258 0.133917 0.0666367
2 0.363644 0.410551 0.109449 0.0484577
2 0.532026 0.388287 0.0977246 0.0467817
3 0.493103 0.64672 0.0995472 0.0716026
2 0.45367 0.341555 0.0738477 0.0313926
2 0.70295 0.337181 0.0697561 0.032199
2 0.692225 0.454376 0.140108 0.0810709
0 0.493638 0.597012 0.0880853 0.0443727
2 0.576264 0.335722 0.0702088 0.0397758
2 0.604351 0.315142 0.0562332 0.0234611
2 0.22489 0.545124 0.182157 0.109485
2 0.449232 0.464944 0.137281 0.0692646
5 0.151515 0.321258 0.133917 0.0666367
2 0.363644 0.410551 0.109449 0.0484577
2 0.532026 0.388287 0.0977246 0.0467817
3 0.493103 0.64672 0.0995472 0.0716026
2 0.45367 0.341555 0.0738477 0.0313926
2 0.70295 0.337181 0.0697561 0.032199
2 0.692225 0.454376 0.140108 0.0810709
0 0.493638 0.597012 0.0880853 0.0443727
2 0.576264 0.335722 0.0702088 0.0397758
2 0.604351 0.315142 0.0562332 0.0234611
2 0.22489 0.545124 0.182157 0.109485
2 0.449232 0.464944 0.137281 0.0692646
5 0.151515 0.321258 0.133917 0.0666367
2 0.363644 0.410551 0.109449 0.0484577
2 0.532026 0.388287 0.0977246 0.0467817
3 0.493103 0.64672 0.0995472 0.0716026
2 0.45367 0.341555 0.0738477 0.0313926
2 0.70295 0.337181 0.0697561 0.032199
2 0.692225 0.454376 0.140108 0.0810709
0 0.493638 0.597012 0.0880853 0.0443727
2 0.576264 0.335722 0.0702088 0.0397758
2 0.604351 0.315142 0.0562332 0.0234611
2 0.22489 0.545124 0.182157 0.109485
2 0.449232 0.464944 0.137281 0.0692646
5 0.151515 0.321258 0.133917 0.0666367
2 0.363644 0.410551 0.109449 0.0484577
2 0.532026 0.388287 0.0977246 0.0467817
3 0.493103 0.64672 0.0995472 0.0716026
2 0.45367 0.341555 0.0738477 0.0313926
2 0.70295 0.337181 0.0697561 0.032199
2 0.692225 0.454376 0.140108 0.0810709
0 0.493638 0.597012 0.0880853 0.0443727
2 0.576264 0.335722 0.0702088 0.0397758
2 0.604351 0.315142 0.0562332 0.0234611
2 0.22489 0.545124 0.182157 0.109485
2 0.449232 0.464944 0.137281 0.0692646
5 0.151515 0.321258 0.133917 0.0666367
2 0.363644 0.410551 0.109449 0.0484577
2 0.532026 0.388287 0.0977246 0.0467817
3 0.493103 0.64672 0.0995472 0.0716026
2 0.45367 0.341555 0.0738477 0.0313926
2 0.70295 0.337181 0.0697561 0.032199
2 0.692225 0.454376 0.140108 0.0810709
0 0.493638 0.597012 0.0880853 0.0443727
2 0.576264 0.335722 0.0702088 0.0397758
2 0.604351 0.315142 0.0562332 0.0234611
2 0.22489 0.545124 0.182157 0.109485
2 0.449232 0.464944 0.137281 0.0692646
5 0.151515 0.321258 0.133917 0.0666367
2 0.363644 0.410551 0.109449 0.0484577
2 0.532026 0.388287 0.0977246 0.0467817
3 0.493103 0.64672 0.0995472 0.0716026
2 0.45367 0.341555 0.0738477 0.0313926
2 0.70295 0.337181 0.0697561 0.032199
2 0.692225 0.454376 0.140108 0.0810709
0 0.493638 0.597012 0.0880853 0.0443727
2 0.576264 0.335722 0.0702088 0.0397758
2 0.604351 0.315142 0.0562332 0.0234611
2 0.22489 0.545124 0.182157 0.109485
2 0.449232 0.464944 0.137281 0.0692646
5 0.151515 0.321258 0.133917 0.0666367
2 0.363644 0.410551 0.109449 0.0484577
2 0.532026 0.388287 0.0977246 0.0467817
3 0.493103 0.64672 0.0995472 0.0716026
2 0.45367 0.341555 0.0738477 0.0313926
2 0.70295 0.337181 0.0697561 0.032199
2 0.692225 0.454376 0.140108 0.0810709
0 0.493638 0.597012 0.0880853 0.0443727
2 0.576264 0.335722 0.0702088 0.0397758
2 0.604351 0.315142 0.0562332 0.0234611
2 0.305584 0.323836 0.0649175 0.0349212
7 0.489495 0.305371 0.0612434 0.0423078
7 0.687209 0.306202 0.061251 0.0515121
2 0.539473 0.302469 0.0490127 0.027734
2 0.358516 0.305029 0.0482722 0.0205673
7 0.540378 0.281174 0.0543623 0.0274654
