2 0.462111 0.912068 0.34569 0.175535
2 0.130752 0.692339 0.227622 0.121419
2 0.449614 0.620464 0.220352 0.142557
2 0.632796 0.458282 0.136262 0.0635933
2 0.351189 0.382331 0.0927443 0.0451136
2 0.512021 0.403906 0.101512 0.0477099
2 0.0442657 0.927229 0.0880473 0.14485
2 0.432352 0.331941 0.0689207 0.0360081
2 0.843581 0.700543 0.261701 0.186083
2 0.0602198 0.344372 0.0723411 0.0305683
0 0.226129 0.493434 0.0622627 0.0606586
2 0.206377 0.343461 0.0658713 0.0353639
2 0.664338 0.366611 0.0909465 0.0531823
5 0.273299 0.293018 0.0598462 0.0381896
3 0.22645 0.513614 0.0500522 0.0492586
2 0.184862 0.331273 0.0579872 0.0330565
2 0.649509 0.309996 0.0546327 0.0286036
7 0.843677 0.700825 0.260716 0.185418
7 0.528072 0.344726 0.09277 0.0712567
2 0.583246 0.309345 0.0502106 0.0189967
0 0.526706 0.888816 0.0829972 0.0463964
2 0.343318 0.295903 0.0425783 0.020328
2 0.528693 0.344097 0.0949432 0.0718126
0 0.888838 0.68705 0.0799432 0.0414188
2 0.490097 0.307911 0.0367537 0.0206248
2 0.578151 0.340576 0.0332583 0.0323194
7 0.454846 0.288698 0.0404194 0.0255346
2 0.489098 0.310115 0.0450107 0.0211912
0 0.48575 0.605651 0.0540543 0.0282623
2 0.573705 0.295569 0.0449502 0.0180151
2 0.462111 0.912068 0.34569 0.175535
2 0.130752 0.692339 0.227622 0.121419
2 0.449614 0.620464 0.220352 0.142557
2 0.632796 0.458282 0.136262 0.0635933
2 0.351189 0.382331 0.0927443 0.0451136
2 0.512021 0.403906 0.101512 0.0477099
2 0.0442657 0.927229 0.0880473 0.14485
2 0.432352 0.331941 0.0689207 0.0360081
2 0.843581 0.700543 0.261701 0.186083
2 0.0602198 0.344372 0.0723411 0.0305683
0 0.226129 0.493434 0.0622627 0.0606586
2 0.206377 0.343461 0.0658713 0.0353639
2 0.664338 0.366611 0.0909465 0.0531823
5 0.273299 0.293018 0.0598462 0.0381896
3 0.22645 0.513614 0.0500522 0.0492586
2 0.184862 0.331273 0.0579872 0.0330565
2 0.649509 0.309996 0.0546327 0.0286036
7 0.843677 0.700825 0.260716 0.185418
7 0.528072 0.344726 0.09277 0.0712567
2 0.583246 0.309345 0.0502106 0.0189967
0 0.526706 0.888816 0.0829972 0.0463964
2 0.343318 0.295903 0.0425783 0.020328
2 0.528693 0.344097 0.0949432 0.0718126
0 0.888838 0.68705 0.0799432 0.0414188
2 0.490097 0.307911 0.0367537 0.0206248
2 0.578151 0.340576 0.0332583 0.0323194
7 0.454846 0.288698 0.0404194 0.0255346
2 0.489098 0.310115 0.0450107 0.0211912
0 0.48575 0.605651 0.0540543 0.0282623
2 0.573705 0.295569 0.0449502 0.0180151
2 0.462111 0.912068 0.34569 0.175535
2 0.130752 0.692339 0.227622 0.121419
2 0.449614 0.620464 0.220352 0.142557
2 0.632796 0.458282 0.136262 0.0635933
2 0.351189 0.382331 0.0927443 0.0451136
2 0.512021 0.403906 0.101512 0.0477099
2 0.0442657 0.927229 0.0880473 0.14485
2 0.432352 0.331941 0.0689207 0.0360081
2 0.843581 0.700543 0.261701 0.186083
2 0.0602198 0.344372 0.0723411 0.0305683
0 0.226129 0.493434 0.0622627 0.0606586
2 0.206377 0.343461 0.0658713 0.0353639
2 0.664338 0.366611 0.0909465 0.0531823
5 0.273299 0.293018 0.0598462 0.0381896
3 0.22645 0.513614 0.0500522 0.0492586
2 0.184862 0.331273 0.0579872 0.0330565
2 0.649509 0.309996 0.0546327 0.0286036
7 0.843677 0.700825 0.260716 0.185418
7 0.528072 0.344726 0.09277 0.0712567
2 0.583246 0.309345 0.0502106 0.0189967
0 0.526706 0.888816 0.0829972 0.0463964
2 0.343318 0.295903 0.0425783 0.020328
2 0.528693 0.344097 0.0949432 0.0718126
0 0.888838 0.68705 0.0799432 0.0414188
2 0.490097 0.307911 0.0367537 0.0206248
2 0.578151 0.340576 0.0332583 0.0323194
7 0.454846 0.288698 0.0404194 0.0255346
2 0.489098 0.310115 0.0450107 0.0211912
0 0.48575 0.605651 0.0540543 0.0282623
2 0.573705 0.295569 0.0449502 0.0180151
2 0.462111 0.912068 0.34569 0.175535
2 0.130752 0.692339 0.227622 0.121419
2 0.449614 0.620464 0.220352 0.142557
2 0.632796 0.458282 0.136262 0.0635933
2 0.351189 0.382331 0.0927443 0.0451136
2 0.512021 0.403906 0.101512 0.0477099
2 0.0442657 0.927229 0.0880473 0.14485
2 0.432352 0.331941 0.0689207 0.0360081
2 0.843581 0.700543 0.261701 0.186083
2 0.0602198 0.344372 0.0723411 0.0305683
0 0.226129 0.493434 0.0622627 0.0606586
2 0.206377 0.343461 0.0658713 0.0353639
2 0.664338 0.366611 0.0909465 0.0531823
5 0.273299 0.293018 0.0598462 0.0381896
3 0.22645 0.513614 0.0500522 0.0492586
2 0.184862 0.331273 0.0579872 0.0330565
2 0.649509 0.309996 0.0546327 0.0286036
7 0.843677 0.700825 0.260716 0.185418
7 0.528072 0.344726 0.09277 0.0712567
2 0.583246 0.309345 0.0502106 0.0189967
0 0.526706 0.888816 0.0829972 0.0463964
2 0.343318 0.295903 0.0425783 0.020328
2 0.528693 0.344097 0.0949432 0.0718126
0 0.888838 0.68705 0.0799432 0.0414188
2 0.490097 0.307911 0.0367537 0.0206248
2 0.578151 0.340576 0.0332583 0.0323194
7 0.454846 0.288698 0.0404194 0.0255346
2 0.489098 0.310115 0.0450107 0.0211912
0 0.48575 0.605651 0.0540543 0.0282623
2 0.573705 0.295569 0.0449502 0.0180151
2 0.462111 0.912068 0.34569 0.175535
2 0.130752 0.692339 0.227622 0.121419
2 0.449614 0.620464 0.220352 0.142557
2 0.632796 0.458282 0.136262 0.0635933
2 0.351189 0.382331 0.0927443 0.0451136
2 0.512021 0.403906 0.101512 0.0477099
2 0.0442657 0.927229 0.0880473 0.14485
2 0.432352 0.331941 0.0689207 0.0360081
2 0.843581 0.700543 0.261701 0.186083
2 0.0602198 0.344372 0.0723411 0.0305683
0 0.226129 0.493434 0.0622627 0.0606586
2 0.206377 0.343461 0.0658713 0.0353639
2 0.664338 0.366611 0.0909465 0.0531823
5 0.273299 0.293018 0.0598462 0.0381896
3 0.22645 0.513614 0.0500522 0.0492586
2 0.184862 0.331273 0.0579872 0.0330565
2 0.649509 0.309996 0.0546327 0.0286036
7 0.843677 0.700825 0.260716 0.185418
7 0.528072 0.344726 0.09277 0.0712567
2 0.583246 0.309345 0.0502106 0.0189967
0 0.526706 0.888816 0.0829972 0.0463964
2 0.343318 0.295903 0.0425783 0.020328
2 0.528693 0.344097 0.0949432 0.0718126
0 0.888838 0.68705 0.0799432 0.0414188
2 0.490097 0.307911 0.0367537 0.0206248
2 0.578151 0.340576 0.0332583 0.0323194
7 0.454846 0.288698 0.0404194 0.0255346
2 0.489098 0.310115 0.0450107 0.0211912
0 0.48575 0.605651 0.0540543 0.0282623
2 0.573705 0.295569 0.0449502 0.0180151
