2 0.363106 0.619425 0.0967487 0.117962
2 0.158126 0.607625 0.0598997 0.0795804
0 0.243276 0.64929 0.0327345 0.191388
7 0.606392 0.579362 0.178801 0.207405
2 0.0668281 0.605093 0.048308 0.089527
2 0.0161383 0.59419 0.0322766 0.0679055
2 0.470857 0.550528 0.0454147 0.04363
2 0.125066 0.58652 0.0202322 0.0328518
2 0.506476 0.545725 0.0247069 0.0280875
0 0.872464 0.554773 0.0146809 0.0512314
2 0.252923 0.562774 0.0286879 0.0330666
2 0.255677 0.558044 0.0247325 0.0378888
2 0.315007 0.56076 0.0148947 0.0217105
2 0.033503 0.585778 0.0136533 0.0513858
2 0.363106 0.619425 0.0967487 0.117962
2 0.158126 0.607625 0.0598997 0.0795804
0 0.243276 0.64929 0.0327345 0.191388
7 0.606392 0.579362 0.178801 0.207405
2 0.0668281 0.605093 0.048308 0.089527
2 0.0161383 0.59419 0.0322766 0.0679055
2 0.470857 0.550528 0.0454147 0.04363
2 0.125066 0.58652 0.0202322 0.0328518
2 0.506476 0.545725 0.0247069 0.0280875
0 0.872464 0.554773 0.0146809 0.0512314
2 0.252923 0.562774 0.0286879 0.0330666
2 0.255677 0.558044 0.0247325 0.0378888
2 0.315007 0.56076 0.0148947 0.0217105
2 0.033503 0.585778 0.0136533 0.0513858
2 0.363106 0.619425 0.0967487 0.117962
2 0.158126 0.607625 0.0598997 0.0795804
0 0.243276 0.64929 0.0327345 0.191388
7 0.606392 0.579362 0.178801 0.207405
2 0.0668281 0.605093 0.048308 0.089527
2 0.0161383 0.59419 0.0322766 0.0679055
2 0.470857 0.550528 0.0454147 0.04363
2 0.125066 0.58652 0.0202322 0.0328518
2 0.506476 0.545725 0.0247069 0.0280875
0 0.872464 0.554773 0.0146809 0.0512314
2 0.252923 0.562774 0.0286879 0.0330666
2 0.255677 0.558044 0.0247325 0.0378888
2 0.315007 0.56076 0.0148947 0.0217105
2 0.033503 0.585778 0.0136533 0.0513858
2 0.363106 0.619425 0.0967487 0.117962
2 0.158126 0.607625 0.0598997 0.0795804
0 0.243276 0.64929 0.0327345 0.191388
7 0.606392 0.579362 0.178801 0.207405
2 0.0668281 0.605093 0.048308 0.089527
2 0.0161383 0.59419 0.0322766 0.0679055
2 0.470857 0.550528 0.0454147 0.04363
2 0.125066 0.58652 0.0202322 0.0328518
2 0.506476 0.545725 0.0247069 0.0280875
0 0.872464 0.554773 0.0146809 0.0512314
2 0.252923 0.562774 0.0286879 0.0330666
2 0.255677 0.558044 0.0247325 0.0378888
2 0.315007 0.56076 0.0148947 0.0217105
2 0.033503 0.585778 0.0136533 0.0513858
2 0.363106 0.619425 0.0967487 0.117962
2 0.158126 0.607625 0.0598997 0.0795804
0 0.243276 0.64929 0.0327345 0.191388
7 0.606392 0.579362 0.178801 0.207405
2 0.0668281 0.605093 0.048308 0.089527
2 0.0161383 0.59419 0.0322766 0.0679055
2 0.470857 0.550528 0.0454147 0.04363
2 0.125066 0.58652 0.0202322 0.0328518
2 0.506476 0.545725 0.0247069 0.0280875
0 0.872464 0.554773 0.0146809 0.0512314
2 0.252923 0.562774 0.0286879 0.0330666
2 0.255677 0.558044 0.0247325 0.0378888
2 0.315007 0.56076 0.0148947 0.0217105
2 0.033503 0.585778 0.0136533 0.0513858
2 0.363106 0.619425 0.0967487 0.117962
2 0.158126 0.607625 0.0598997 0.0795804
0 0.243276 0.64929 0.0327345 0.191388
7 0.606392 0.579362 0.178801 0.207405
2 0.0668281 0.605093 0.048308 0.089527
2 0.0161383 0.59419 0.0322766 0.0679055
2 0.470857 0.550528 0.0454147 0.04363
2 0.125066 0.58652 0.0202322 0.0328518
2 0.506476 0.545725 0.0247069 0.0280875
0 0.872464 0.554773 0.0146809 0.0512314
2 0.252923 0.562774 0.0286879 0.0330666
2 0.255677 0.558044 0.0247325 0.0378888
2 0.315007 0.56076 0.0148947 0.0217105
2 0.033503 0.585778 0.0136533 0.0513858
2 0.363106 0.619425 0.0967487 0.117962
2 0.158126 0.607625 0.0598997 0.0795804
0 0.243276 0.64929 0.0327345 0.191388
7 0.606392 0.579362 0.178801 0.207405
2 0.0668281 0.605093 0.048308 0.089527
2 0.0161383 0.59419 0.0322766 0.0679055
2 0.470857 0.550528 0.0454147 0.04363
2 0.125066 0.58652 0.0202322 0.0328518
2 0.506476 0.545725 0.0247069 0.0280875
0 0.872464 0.554773 0.0146809 0.0512314
2 0.252923 0.562774 0.0286879 0.0330666
2 0.255677 0.558044 0.0247325 0.0378888
2 0.315007 0.56076 0.0148947 0.0217105
2 0.033503 0.585778 0.0136533 0.0513858
2 0.363106 0.619425 0.0967487 0.117962
2 0.158126 0.607625 0.0598997 0.0795804
0 0.243276 0.64929 0.0327345 0.191388
7 0.606392 0.579362 0.178801 0.207405
2 0.0668281 0.605093 0.048308 0.089527
2 0.0161383 0.59419 0.0322766 0.0679055
2 0.470857 0.550528 0.0454147 0.04363
2 0.125066 0.58652 0.0202322 0.0328518
2 0.506476 0.545725 0.0247069 0.0280875
0 0.872464 0.554773 0.0146809 0.0512314
2 0.252923 0.562774 0.0286879 0.0330666
2 0.255677 0.558044 0.0247325 0.0378888
2 0.315007 0.56076 0.0148947 0.0217105
2 0.033503 0.585778 0.0136533 0.0513858
2 0.363106 0.619425 0.0967487 0.117962
2 0.158126 0.607625 0.0598997 0.0795804
0 0.243276 0.64929 0.0327345 0.191388
7 0.606392 0.579362 0.178801 0.207405
2 0.0668281 0.605093 0.048308 0.089527
2 0.0161383 0.59419 0.0322766 0.0679055
2 0.470857 0.550528 0.0454147 0.04363
2 0.125066 0.58652 0.0202322 0.0328518
2 0.506476 0.545725 0.0247069 0.0280875
0 0.872464 0.554773 0.0146809 0.0512314
2 0.252923 0.562774 0.0286879 0.0330666
2 0.255677 0.558044 0.0247325 0.0378888
2 0.315007 0.56076 0.0148947 0.0217105
2 0.033503 0.585778 0.0136533 0.0513858
2 0.363106 0.619425 0.0967487 0.117962
2 0.158126 0.607625 0.0598997 0.0795804
0 0.243276 0.64929 0.0327345 0.191388
7 0.606392 0.579362 0.178801 0.207405
2 0.0668281 0.605093 0.048308 0.089527
2 0.0161383 0.59419 0.0322766 0.0679055
2 0.470857 0.550528 0.0454147 0.04363
2 0.125066 0.58652 0.0202322 0.0328518
2 0.506476 0.545725 0.0247069 0.0280875
0 0.872464 0.554773 0.0146809 0.0512314
2 0.252923 0.562774 0.0286879 0.0330666
2 0.255677 0.558044 0.0247325 0.0378888
2 0.315007 0.56076 0.0148947 0.0217105
2 0.033503 0.585778 0.0136533 0.0513858
2 0.363106 0.619425 0.0967487 0.117962
2 0.158126 0.607625 0.0598997 0.0795804
0 0.243276 0.64929 0.0327345 0.191388
7 0.606392 0.579362 0.178801 0.207405
2 0.0668281 0.605093 0.048308 0.089527
2 0.0161383 0.59419 0.0322766 0.0679055
2 0.470857 0.550528 0.0454147 0.04363
2 0.125066 0.58652 0.0202322 0.0328518
2 0.506476 0.545725 0.0247069 0.0280875
0 0.872464 0.554773 0.0146809 0.0512314
2 0.252923 0.562774 0.0286879 0.0330666
2 0.255677 0.558044 0.0247325 0.0378888
2 0.315007 0.56076 0.0148947 0.0217105
2 0.033503 0.585778 0.0136533 0.0513858
2 0.362915 0.619378 0.0966723 0.115745
0 0.243012 0.649125 0.0320702 0.187746
2 0.158222 0.607462 0.0604999 0.0791367
7 0.606758 0.582411 0.179115 0.204947
2 0.0160608 0.596135 0.0320863 0.0689994
2 0.470807 0.551479 0.0456568 0.0445979
2 0.0666851 0.605764 0.0480318 0.0921655
2 0.362915 0.619378 0.0966723 0.115745
0 0.243012 0.649125 0.0320702 0.187746
2 0.158222 0.607462 0.0604999 0.0791367
7 0.606758 0.582411 0.179115 0.204947
2 0.0160608 0.596135 0.0320863 0.0689994
2 0.470807 0.551479 0.0456568 0.0445979
2 0.0666851 0.605764 0.0480318 0.0921655
