7 0.416604 0.588837 0.122839 0.107128
7 0.276597 0.587053 0.1203 0.102591
5 0.818127 0.59178 0.201467 0.134751
2 0.593758 0.590573 0.0849983 0.0662693
2 0.351982 0.592523 0.0361467 0.0447115
2 0.148237 0.602007 0.0685206 0.0656313
0 0.672919 0.590081 0.0141178 0.0642025
2 0.104144 0.595266 0.0516448 0.0426721
2 0.0225289 0.608865 0.0428868 0.0407571
2 0.214899 0.59327 0.0245678 0.0326358
2 0.0612525 0.593352 0.0370349 0.0325598
2 0.134575 0.601537 0.0973208 0.0642333
2 0.0139208 0.608819 0.0274426 0.0372069
7 0.416604 0.588837 0.122839 0.107128
7 0.276597 0.587053 0.1203 0.102591
5 0.818127 0.59178 0.201467 0.134751
2 0.593758 0.590573 0.0849983 0.0662693
2 0.351982 0.592523 0.0361467 0.0447115
2 0.148237 0.602007 0.0685206 0.0656313
0 0.672919 0.590081 0.0141178 0.0642025
2 0.104144 0.595266 0.0516448 0.0426721
2 0.0225289 0.608865 0.0428868 0.0407571
2 0.214899 0.59327 0.0245678 0.0326358
2 0.0612525 0.593352 0.0370349 0.0325598
2 0.134575 0.601537 0.0973208 0.0642333
2 0.0139208 0.608819 0.0274426 0.0372069
7 0.416604 0.588837 0.122839 0.107128
7 0.276597 0.587053 0.1203 0.102591
5 0.818127 0.59178 0.201467 0.134751
2 0.593758 0.590573 0.0849983 0.0662693
2 0.351982 0.592523 0.0361467 0.0447115
2 0.148237 0.602007 0.0685206 0.0656313
0 0.672919 0.590081 0.0141178 0.0642025
2 0.104144 0.595266 0.0516448 0.0426721
2 0.0225289 0.608865 0.0428868 0.0407571
2 0.214899 0.59327 0.0245678 0.0326358
2 0.0612525 0.593352 0.0370349 0.0325598
2 0.134575 0.601537 0.0973208 0.0642333
2 0.0139208 0.608819 0.0274426 0.0372069
7 0.416604 0.588837 0.122839 0.107128
7 0.276597 0.587053 0.1203 0.102591
5 0.818127 0.59178 0.201467 0.134751
2 0.593758 0.590573 0.0849983 0.0662693
2 0.351982 0.592523 0.0361467 0.0447115
2 0.148237 0.602007 0.0685206 0.0656313
0 0.672919 0.590081 0.0141178 0.0642025
2 0.104144 0.595266 0.0516448 0.0426721
2 0.0225289 0.608865 0.0428868 0.0407571
2 0.214899 0.59327 0.0245678 0.0326358
2 0.0612525 0.593352 0.0370349 0.0325598
2 0.134575 0.601537 0.0973208 0.0642333
2 0.0139208 0.608819 0.0274426 0.0372069
