2 0.589392 0.707369 0.263535 0.280855
5 0.801595 0.617972 0.395261 0.457764
2 0.166034 0.599307 0.0309314 0.0455586
2 0.261228 0.588006 0.0483772 0.0539664
2 0.353225 0.585711 0.0644539 0.0697614
2 0.08603 0.630204 0.0544804 0.0818191
7 0.480605 0.56434 0.118943 0.146282
2 0.296584 0.581649 0.0351156 0.045472
0 0.810233 0.591428 0.0602097 0.261502
2 0.0097373 0.628743 0.0193335 0.0846789
0 0.12186 0.648579 0.0258792 0.130097
7 0.201304 0.590451 0.0471453 0.0849386
7 0.548343 0.508551 0.0684523 0.12315
0 0.621846 0.549527 0.0313349 0.0965273
2 0.0566796 0.611516 0.0201414 0.0438173
7 0.248609 0.526391 0.0494419 0.0748349
0 0.888707 0.534824 0.0451122 0.0871786
7 0.399019 0.561711 0.0345426 0.0471017
5 0.39921 0.561899 0.0345787 0.0474508
1 0.122164 0.673633 0.0207419 0.0897543
0 0.778991 0.607483 0.0233503 0.213616
2 0.145484 0.581805 0.0187818 0.0194512
0 0.122634 0.621341 0.0255033 0.0744171
0 0.989276 0.520188 0.0204842 0.0665117
2 0.201486 0.595034 0.0465336 0.0743015
7 0.613898 0.532663 0.0638881 0.120399
0 0.835552 0.60499 0.0272625 0.191563
0 0.882719 0.517594 0.0284653 0.0502676
0 0.67597 0.540968 0.0340662 0.0665627
2 0.589392 0.707369 0.263535 0.280855
5 0.801595 0.617972 0.395261 0.457764
2 0.166034 0.599307 0.0309314 0.0455586
2 0.261228 0.588006 0.0483772 0.0539664
2 0.353225 0.585711 0.0644539 0.0697614
2 0.08603 0.630204 0.0544804 0.0818191
7 0.480605 0.56434 0.118943 0.146282
2 0.296584 0.581649 0.0351156 0.045472
0 0.810233 0.591428 0.0602097 0.261502
2 0.0097373 0.628743 0.0193335 0.0846789
0 0.12186 0.648579 0.0258792 0.130097
7 0.201304 0.590451 0.0471453 0.0849386
7 0.548343 0.508551 0.0684523 0.12315
0 0.621846 0.549527 0.0313349 0.0965273
2 0.0566796 0.611516 0.0201414 0.0438173
7 0.248609 0.526391 0.0494419 0.0748349
0 0.888707 0.534824 0.0451122 0.0871786
7 0.399019 0.561711 0.0345426 0.0471017
5 0.39921 0.561899 0.0345787 0.0474508
1 0.122164 0.673633 0.0207419 0.0897543
0 0.778991 0.607483 0.0233503 0.213616
2 0.145484 0.581805 0.0187818 0.0194512
0 0.122634 0.621341 0.0255033 0.0744171
0 0.989276 0.520188 0.0204842 0.0665117
2 0.201486 0.595034 0.0465336 0.0743015
7 0.613898 0.532663 0.0638881 0.120399
0 0.835552 0.60499 0.0272625 0.191563
0 0.882719 0.517594 0.0284653 0.0502676
0 0.67597 0.540968 0.0340662 0.0665627
2 0.589392 0.707369 0.263535 0.280855
5 0.801595 0.617972 0.395261 0.457764
2 0.166034 0.599307 0.0309314 0.0455586
2 0.261228 0.588006 0.0483772 0.0539664
2 0.353225 0.585711 0.0644539 0.0697614
2 0.08603 0.630204 0.0544804 0.0818191
7 0.480605 0.56434 0.118943 0.146282
2 0.296584 0.581649 0.0351156 0.045472
0 0.810233 0.591428 0.0602097 0.261502
2 0.0097373 0.628743 0.0193335 0.0846789
0 0.12186 0.648579 0.0258792 0.130097
7 0.201304 0.590451 0.0471453 0.0849386
7 0.548343 0.508551 0.0684523 0.12315
0 0.621846 0.549527 0.0313349 0.0965273
2 0.0566796 0.611516 0.0201414 0.0438173
7 0.248609 0.526391 0.0494419 0.0748349
0 0.888707 0.534824 0.0451122 0.0871786
7 0.399019 0.561711 0.0345426 0.0471017
5 0.39921 0.561899 0.0345787 0.0474508
1 0.122164 0.673633 0.0207419 0.0897543
0 0.778991 0.607483 0.0233503 0.213616
2 0.145484 0.581805 0.0187818 0.0194512
0 0.122634 0.621341 0.0255033 0.0744171
0 0.989276 0.520188 0.0204842 0.0665117
2 0.201486 0.595034 0.0465336 0.0743015
7 0.613898 0.532663 0.0638881 0.120399
0 0.835552 0.60499 0.0272625 0.191563
0 0.882719 0.517594 0.0284653 0.0502676
0 0.67597 0.540968 0.0340662 0.0665627
2 0.589392 0.707369 0.263535 0.280855
5 0.801595 0.617972 0.395261 0.457764
2 0.166034 0.599307 0.0309314 0.0455586
2 0.261228 0.588006 0.0483772 0.0539664
2 0.353225 0.585711 0.0644539 0.0697614
2 0.08603 0.630204 0.0544804 0.0818191
7 0.480605 0.56434 0.118943 0.146282
2 0.296584 0.581649 0.0351156 0.045472
0 0.810233 0.591428 0.0602097 0.261502
2 0.0097373 0.628743 0.0193335 0.0846789
0 0.12186 0.648579 0.0258792 0.130097
7 0.201304 0.590451 0.0471453 0.0849386
7 0.548343 0.508551 0.0684523 0.12315
0 0.621846 0.549527 0.0313349 0.0965273
2 0.0566796 0.611516 0.0201414 0.0438173
7 0.248609 0.526391 0.0494419 0.0748349
0 0.888707 0.534824 0.0451122 0.0871786
7 0.399019 0.561711 0.0345426 0.0471017
5 0.39921 0.561899 0.0345787 0.0474508
1 0.122164 0.673633 0.0207419 0.0897543
0 0.778991 0.607483 0.0233503 0.213616
2 0.145484 0.581805 0.0187818 0.0194512
0 0.122634 0.621341 0.0255033 0.0744171
0 0.989276 0.520188 0.0204842 0.0665117
2 0.201486 0.595034 0.0465336 0.0743015
7 0.613898 0.532663 0.0638881 0.120399
0 0.835552 0.60499 0.0272625 0.191563
0 0.882719 0.517594 0.0284653 0.0502676
0 0.67597 0.540968 0.0340662 0.0665627
2 0.589392 0.707369 0.263535 0.280855
5 0.801595 0.617972 0.395261 0.457764
2 0.166034 0.599307 0.0309314 0.0455586
2 0.261228 0.588006 0.0483772 0.0539664
2 0.353225 0.585711 0.0644539 0.0697614
2 0.08603 0.630204 0.0544804 0.0818191
7 0.480605 0.56434 0.118943 0.146282
2 0.296584 0.581649 0.0351156 0.045472
0 0.810233 0.591428 0.0602097 0.261502
2 0.0097373 0.628743 0.0193335 0.0846789
0 0.12186 0.648579 0.0258792 0.130097
7 0.201304 0.590451 0.0471453 0.0849386
7 0.548343 0.508551 0.0684523 0.12315
0 0.621846 0.549527 0.0313349 0.0965273
2 0.0566796 0.611516 0.0201414 0.0438173
7 0.248609 0.526391 0.0494419 0.0748349
0 0.888707 0.534824 0.0451122 0.0871786
7 0.399019 0.561711 0.0345426 0.0471017
5 0.39921 0.561899 0.0345787 0.0474508
1 0.122164 0.673633 0.0207419 0.0897543
0 0.778991 0.607483 0.0233503 0.213616
2 0.145484 0.581805 0.0187818 0.0194512
0 0.122634 0.621341 0.0255033 0.0744171
0 0.989276 0.520188 0.0204842 0.0665117
2 0.201486 0.595034 0.0465336 0.0743015
7 0.613898 0.532663 0.0638881 0.120399
0 0.835552 0.60499 0.0272625 0.191563
0 0.882719 0.517594 0.0284653 0.0502676
0 0.67597 0.540968 0.0340662 0.0665627
2 0.589392 0.707369 0.263535 0.280855
5 0.801595 0.617972 0.395261 0.457764
2 0.166034 0.599307 0.0309314 0.0455586
2 0.261228 0.588006 0.0483772 0.0539664
2 0.353225 0.585711 0.0644539 0.0697614
2 0.08603 0.630204 0.0544804 0.0818191
7 0.480605 0.56434 0.118943 0.146282
2 0.296584 0.581649 0.0351156 0.045472
0 0.810233 0.591428 0.0602097 0.261502
2 0.0097373 0.628743 0.0193335 0.0846789
0 0.12186 0.648579 0.0258792 0.130097
7 0.201304 0.590451 0.0471453 0.0849386
7 0.548343 0.508551 0.0684523 0.12315
0 0.621846 0.549527 0.0313349 0.0965273
2 0.0566796 0.611516 0.0201414 0.0438173
7 0.248609 0.526391 0.0494419 0.0748349
0 0.888707 0.534824 0.0451122 0.0871786
7 0.399019 0.561711 0.0345426 0.0471017
5 0.39921 0.561899 0.0345787 0.0474508
1 0.122164 0.673633 0.0207419 0.0897543
0 0.778991 0.607483 0.0233503 0.213616
2 0.145484 0.581805 0.0187818 0.0194512
0 0.122634 0.621341 0.0255033 0.0744171
0 0.989276 0.520188 0.0204842 0.0665117
2 0.201486 0.595034 0.0465336 0.0743015
7 0.613898 0.532663 0.0638881 0.120399
0 0.835552 0.60499 0.0272625 0.191563
0 0.882719 0.517594 0.0284653 0.0502676
0 0.67597 0.540968 0.0340662 0.0665627
2 0.589392 0.707369 0.263535 0.280855
5 0.801595 0.617972 0.395261 0.457764
2 0.166034 0.599307 0.0309314 0.0455586
2 0.261228 0.588006 0.0483772 0.0539664
2 0.353225 0.585711 0.0644539 0.0697614
2 0.08603 0.630204 0.0544804 0.0818191
7 0.480605 0.56434 0.118943 0.146282
2 0.296584 0.581649 0.0351156 0.045472
0 0.810233 0.591428 0.0602097 0.261502
2 0.0097373 0.628743 0.0193335 0.0846789
0 0.12186 0.648579 0.0258792 0.130097
7 0.201304 0.590451 0.0471453 0.0849386
7 0.548343 0.508551 0.0684523 0.12315
0 0.621846 0.549527 0.0313349 0.0965273
2 0.0566796 0.611516 0.0201414 0.0438173
7 0.248609 0.526391 0.0494419 0.0748349
0 0.888707 0.534824 0.0451122 0.0871786
7 0.399019 0.561711 0.0345426 0.0471017
5 0.39921 0.561899 0.0345787 0.0474508
1 0.122164 0.673633 0.0207419 0.0897543
0 0.778991 0.607483 0.0233503 0.213616
2 0.145484 0.581805 0.0187818 0.0194512
0 0.122634 0.621341 0.0255033 0.0744171
0 0.989276 0.520188 0.0204842 0.0665117
2 0.201486 0.595034 0.0465336 0.0743015
7 0.613898 0.532663 0.0638881 0.120399
0 0.835552 0.60499 0.0272625 0.191563
0 0.882719 0.517594 0.0284653 0.0502676
0 0.67597 0.540968 0.0340662 0.0665627
2 0.589392 0.707369 0.263535 0.280855
5 0.801595 0.617972 0.395261 0.457764
2 0.166034 0.599307 0.0309314 0.0455586
2 0.261228 0.588006 0.0483772 0.0539664
2 0.353225 0.585711 0.0644539 0.0697614
2 0.08603 0.630204 0.0544804 0.0818191
7 0.480605 0.56434 0.118943 0.146282
2 0.296584 0.581649 0.0351156 0.045472
0 0.810233 0.591428 0.0602097 0.261502
2 0.0097373 0.628743 0.0193335 0.0846789
0 0.12186 0.648579 0.0258792 0.130097
7 0.201304 0.590451 0.0471453 0.0849386
7 0.548343 0.508551 0.0684523 0.12315
0 0.621846 0.549527 0.0313349 0.0965273
2 0.0566796 0.611516 0.0201414 0.0438173
7 0.248609 0.526391 0.0494419 0.0748349
0 0.888707 0.534824 0.0451122 0.0871786
7 0.399019 0.561711 0.0345426 0.0471017
5 0.39921 0.561899 0.0345787 0.0474508
1 0.122164 0.673633 0.0207419 0.0897543
0 0.778991 0.607483 0.0233503 0.213616
2 0.145484 0.581805 0.0187818 0.0194512
0 0.122634 0.621341 0.0255033 0.0744171
0 0.989276 0.520188 0.0204842 0.0665117
2 0.201486 0.595034 0.0465336 0.0743015
7 0.613898 0.532663 0.0638881 0.120399
0 0.835552 0.60499 0.0272625 0.191563
0 0.882719 0.517594 0.0284653 0.0502676
0 0.67597 0.540968 0.0340662 0.0665627
2 0.589392 0.707369 0.263535 0.280855
5 0.801595 0.617972 0.395261 0.457764
2 0.166034 0.599307 0.0309314 0.0455586
2 0.261228 0.588006 0.0483772 0.0539664
2 0.353225 0.585711 0.0644539 0.0697614
2 0.08603 0.630204 0.0544804 0.0818191
7 0.480605 0.56434 0.118943 0.146282
2 0.296584 0.581649 0.0351156 0.045472
0 0.810233 0.591428 0.0602097 0.261502
2 0.0097373 0.628743 0.0193335 0.0846789
0 0.12186 0.648579 0.0258792 0.130097
7 0.201304 0.590451 0.0471453 0.0849386
7 0.548343 0.508551 0.0684523 0.12315
0 0.621846 0.549527 0.0313349 0.0965273
2 0.0566796 0.611516 0.0201414 0.0438173
7 0.248609 0.526391 0.0494419 0.0748349
0 0.888707 0.534824 0.0451122 0.0871786
7 0.399019 0.561711 0.0345426 0.0471017
5 0.39921 0.561899 0.0345787 0.0474508
1 0.122164 0.673633 0.0207419 0.0897543
0 0.778991 0.607483 0.0233503 0.213616
2 0.145484 0.581805 0.0187818 0.0194512
0 0.122634 0.621341 0.0255033 0.0744171
0 0.989276 0.520188 0.0204842 0.0665117
2 0.201486 0.595034 0.0465336 0.0743015
7 0.613898 0.532663 0.0638881 0.120399
0 0.835552 0.60499 0.0272625 0.191563
0 0.882719 0.517594 0.0284653 0.0502676
0 0.67597 0.540968 0.0340662 0.0665627
2 0.589392 0.707369 0.263535 0.280855
5 0.801595 0.617972 0.395261 0.457764
2 0.166034 0.599307 0.0309314 0.0455586
2 0.261228 0.588006 0.0483772 0.0539664
2 0.353225 0.585711 0.0644539 0.0697614
2 0.08603 0.630204 0.0544804 0.0818191
7 0.480605 0.56434 0.118943 0.146282
2 0.296584 0.581649 0.0351156 0.045472
0 0.810233 0.591428 0.0602097 0.261502
2 0.0097373 0.628743 0.0193335 0.0846789
0 0.12186 0.648579 0.0258792 0.130097
7 0.201304 0.590451 0.0471453 0.0849386
7 0.548343 0.508551 0.0684523 0.12315
0 0.621846 0.549527 0.0313349 0.0965273
2 0.0566796 0.611516 0.0201414 0.0438173
7 0.248609 0.526391 0.0494419 0.0748349
0 0.888707 0.534824 0.0451122 0.0871786
7 0.399019 0.561711 0.0345426 0.0471017
5 0.39921 0.561899 0.0345787 0.0474508
1 0.122164 0.673633 0.0207419 0.0897543
0 0.778991 0.607483 0.0233503 0.213616
2 0.145484 0.581805 0.0187818 0.0194512
0 0.122634 0.621341 0.0255033 0.0744171
0 0.989276 0.520188 0.0204842 0.0665117
2 0.201486 0.595034 0.0465336 0.0743015
7 0.613898 0.532663 0.0638881 0.120399
0 0.835552 0.60499 0.0272625 0.191563
0 0.882719 0.517594 0.0284653 0.0502676
0 0.67597 0.540968 0.0340662 0.0665627
2 0.589392 0.707369 0.263535 0.280855
5 0.801595 0.617972 0.395261 0.457764
2 0.166034 0.599307 0.0309314 0.0455586
2 0.261228 0.588006 0.0483772 0.0539664
2 0.353225 0.585711 0.0644539 0.0697614
2 0.08603 0.630204 0.0544804 0.0818191
7 0.480605 0.56434 0.118943 0.146282
2 0.296584 0.581649 0.0351156 0.045472
0 0.810233 0.591428 0.0602097 0.261502
2 0.0097373 0.628743 0.0193335 0.0846789
0 0.12186 0.648579 0.0258792 0.130097
7 0.201304 0.590451 0.0471453 0.0849386
7 0.548343 0.508551 0.0684523 0.12315
0 0.621846 0.549527 0.0313349 0.0965273
2 0.0566796 0.611516 0.0201414 0.0438173
7 0.248609 0.526391 0.0494419 0.0748349
0 0.888707 0.534824 0.0451122 0.0871786
7 0.399019 0.561711 0.0345426 0.0471017
5 0.39921 0.561899 0.0345787 0.0474508
1 0.122164 0.673633 0.0207419 0.0897543
0 0.778991 0.607483 0.0233503 0.213616
2 0.145484 0.581805 0.0187818 0.0194512
0 0.122634 0.621341 0.0255033 0.0744171
0 0.989276 0.520188 0.0204842 0.0665117
2 0.201486 0.595034 0.0465336 0.0743015
7 0.613898 0.532663 0.0638881 0.120399
0 0.835552 0.60499 0.0272625 0.191563
0 0.882719 0.517594 0.0284653 0.0502676
0 0.67597 0.540968 0.0340662 0.0665627
2 0.5895 0.708725 0.264006 0.278845
2 0.353451 0.585018 0.065222 0.0712979
2 0.0857924 0.629919 0.0540895 0.0828052
5 0.796289 0.618531 0.406224 0.458649
2 0.166224 0.598916 0.0320894 0.0468108
2 0.260979 0.588645 0.049415 0.0534898
2 0.201901 0.603895 0.0456217 0.0562658
0 0.122228 0.650682 0.0256744 0.135688
7 0.480604 0.565232 0.118215 0.14533
2 0.297073 0.581944 0.0349061 0.0436239
0 0.812785 0.59021 0.0591827 0.259918
2 0.00927149 0.628528 0.018512 0.0841948
7 0.197629 0.567554 0.0363657 0.0409248
2 0.0575114 0.613001 0.0240457 0.045939
2 0.5895 0.708725 0.264006 0.278845
2 0.353451 0.585018 0.065222 0.0712979
2 0.0857924 0.629919 0.0540895 0.0828052
5 0.796289 0.618531 0.406224 0.458649
2 0.166224 0.598916 0.0320894 0.0468108
2 0.260979 0.588645 0.049415 0.0534898
2 0.201901 0.603895 0.0456217 0.0562658
0 0.122228 0.650682 0.0256744 0.135688
7 0.480604 0.565232 0.118215 0.14533
2 0.297073 0.581944 0.0349061 0.0436239
0 0.812785 0.59021 0.0591827 0.259918
2 0.00927149 0.628528 0.018512 0.0841948
7 0.197629 0.567554 0.0363657 0.0409248
2 0.0575114 0.613001 0.0240457 0.045939
2 0.5895 0.708725 0.264006 0.278845
2 0.353451 0.585018 0.065222 0.0712979
2 0.0857924 0.629919 0.0540895 0.0828052
5 0.796289 0.618531 0.406224 0.458649
2 0.166224 0.598916 0.0320894 0.0468108
2 0.260979 0.588645 0.049415 0.0534898
2 0.201901 0.603895 0.0456217 0.0562658
0 0.122228 0.650682 0.0256744 0.135688
7 0.480604 0.565232 0.118215 0.14533
2 0.297073 0.581944 0.0349061 0.0436239
0 0.812785 0.59021 0.0591827 0.259918
2 0.00927149 0.628528 0.018512 0.0841948
7 0.197629 0.567554 0.0363657 0.0409248
2 0.0575114 0.613001 0.0240457 0.045939
2 0.5895 0.708725 0.264006 0.278845
2 0.353451 0.585018 0.065222 0.0712979
2 0.0857924 0.629919 0.0540895 0.0828052
5 0.796289 0.618531 0.406224 0.458649
2 0.166224 0.598916 0.0320894 0.0468108
2 0.260979 0.588645 0.049415 0.0534898
2 0.201901 0.603895 0.0456217 0.0562658
0 0.122228 0.650682 0.0256744 0.135688
7 0.480604 0.565232 0.118215 0.14533
2 0.297073 0.581944 0.0349061 0.0436239
0 0.812785 0.59021 0.0591827 0.259918
2 0.00927149 0.628528 0.018512 0.0841948
7 0.197629 0.567554 0.0363657 0.0409248
2 0.0575114 0.613001 0.0240457 0.045939
2 0.5895 0.708725 0.264006 0.278845
2 0.353451 0.585018 0.065222 0.0712979
2 0.0857924 0.629919 0.0540895 0.0828052
5 0.796289 0.618531 0.406224 0.458649
2 0.166224 0.598916 0.0320894 0.0468108
2 0.260979 0.588645 0.049415 0.0534898
2 0.201901 0.603895 0.0456217 0.0562658
0 0.122228 0.650682 0.0256744 0.135688
7 0.480604 0.565232 0.118215 0.14533
2 0.297073 0.581944 0.0349061 0.0436239
0 0.812785 0.59021 0.0591827 0.259918
2 0.00927149 0.628528 0.018512 0.0841948
7 0.197629 0.567554 0.0363657 0.0409248
2 0.0575114 0.613001 0.0240457 0.045939
2 0.5895 0.708725 0.264006 0.278845
2 0.353451 0.585018 0.065222 0.0712979
2 0.0857924 0.629919 0.0540895 0.0828052
5 0.796289 0.618531 0.406224 0.458649
2 0.166224 0.598916 0.0320894 0.0468108
2 0.260979 0.588645 0.049415 0.0534898
2 0.201901 0.603895 0.0456217 0.0562658
0 0.122228 0.650682 0.0256744 0.135688
7 0.480604 0.565232 0.118215 0.14533
2 0.297073 0.581944 0.0349061 0.0436239
0 0.812785 0.59021 0.0591827 0.259918
2 0.00927149 0.628528 0.018512 0.0841948
7 0.197629 0.567554 0.0363657 0.0409248
2 0.0575114 0.613001 0.0240457 0.045939
2 0.5895 0.708725 0.264006 0.278845
2 0.353451 0.585018 0.065222 0.0712979
2 0.0857924 0.629919 0.0540895 0.0828052
5 0.796289 0.618531 0.406224 0.458649
2 0.166224 0.598916 0.0320894 0.0468108
2 0.260979 0.588645 0.049415 0.0534898
2 0.201901 0.603895 0.0456217 0.0562658
0 0.122228 0.650682 0.0256744 0.135688
7 0.480604 0.565232 0.118215 0.14533
2 0.297073 0.581944 0.0349061 0.0436239
0 0.812785 0.59021 0.0591827 0.259918
2 0.00927149 0.628528 0.018512 0.0841948
7 0.197629 0.567554 0.0363657 0.0409248
2 0.0575114 0.613001 0.0240457 0.045939
2 0.5895 0.708725 0.264006 0.278845
2 0.353451 0.585018 0.065222 0.0712979
2 0.0857924 0.629919 0.0540895 0.0828052
5 0.796289 0.618531 0.406224 0.458649
2 0.166224 0.598916 0.0320894 0.0468108
2 0.260979 0.588645 0.049415 0.0534898
2 0.201901 0.603895 0.0456217 0.0562658
0 0.122228 0.650682 0.0256744 0.135688
7 0.480604 0.565232 0.118215 0.14533
2 0.297073 0.581944 0.0349061 0.0436239
0 0.812785 0.59021 0.0591827 0.259918
2 0.00927149 0.628528 0.018512 0.0841948
7 0.197629 0.567554 0.0363657 0.0409248
2 0.0575114 0.613001 0.0240457 0.045939
0 0.835623 0.608871 0.0271957 0.1913
0 0.883179 0.530949 0.0325748 0.0833466
2 0.399131 0.56148 0.0342055 0.0466019
0 0.621904 0.549569 0.0314806 0.095797
0 0.779666 0.609942 0.0228209 0.218944
7 0.248215 0.528176 0.0489539 0.0797519
2 0.558881 0.552469 0.0476725 0.0380919
