2 0.412553 0.583334 0.104262 0.0763389
2 0.128427 0.569264 0.0572816 0.0476366
7 0.0438775 0.561961 0.0862502 0.11179
2 0.345104 0.563625 0.0786365 0.0612898
0 0.168708 0.569026 0.012476 0.0485085
0 0.0935417 0.565832 0.014212 0.0540989
2 0.412553 0.583334 0.104262 0.0763389
2 0.128427 0.569264 0.0572816 0.0476366
7 0.0438775 0.561961 0.0862502 0.11179
2 0.345104 0.563625 0.0786365 0.0612898
0 0.168708 0.569026 0.012476 0.0485085
0 0.0935417 0.565832 0.014212 0.0540989
2 0.412553 0.583334 0.104262 0.0763389
2 0.128427 0.569264 0.0572816 0.0476366
7 0.0438775 0.561961 0.0862502 0.11179
2 0.345104 0.563625 0.0786365 0.0612898
0 0.168708 0.569026 0.012476 0.0485085
0 0.0935417 0.565832 0.014212 0.0540989
2 0.412553 0.583334 0.104262 0.0763389
2 0.128427 0.569264 0.0572816 0.0476366
7 0.0438775 0.561961 0.0862502 0.11179
2 0.345104 0.563625 0.0786365 0.0612898
0 0.168708 0.569026 0.012476 0.0485085
0 0.0935417 0.565832 0.014212 0.0540989
