7 0.339046 0.584974 0.13576 0.113923
2 0.971907 0.59344 0.0555439 0.133757
7 0.496816 0.586468 0.138787 0.11623
0 0.638813 0.590456 0.0133907 0.0643817
2 0.115604 0.595718 0.0552497 0.050987
7 0.583659 0.590508 0.039065 0.0659249
7 0.156469 0.601884 0.0723273 0.0720139
2 0.0160504 0.609354 0.0318197 0.0420592
2 0.156468 0.603154 0.0715169 0.0693214
2 0.242175 0.592988 0.0319512 0.0379888
2 0.0762487 0.594982 0.0412249 0.0408018
2 0.0215394 0.604553 0.0429415 0.0521274
2 0.096873 0.59389 0.0316315 0.0425386
2 0.0465283 0.610223 0.0383787 0.0455488
7 0.339046 0.584974 0.13576 0.113923
2 0.971907 0.59344 0.0555439 0.133757
7 0.496816 0.586468 0.138787 0.11623
0 0.638813 0.590456 0.0133907 0.0643817
2 0.115604 0.595718 0.0552497 0.050987
7 0.583659 0.590508 0.039065 0.0659249
7 0.156469 0.601884 0.0723273 0.0720139
2 0.0160504 0.609354 0.0318197 0.0420592
2 0.156468 0.603154 0.0715169 0.0693214
2 0.242175 0.592988 0.0319512 0.0379888
2 0.0762487 0.594982 0.0412249 0.0408018
2 0.0215394 0.604553 0.0429415 0.0521274
2 0.096873 0.59389 0.0316315 0.0425386
2 0.0465283 0.610223 0.0383787 0.0455488
7 0.339046 0.584974 0.13576 0.113923
2 0.971907 0.59344 0.0555439 0.133757
7 0.496816 0.586468 0.138787 0.11623
0 0.638813 0.590456 0.0133907 0.0643817
2 0.115604 0.595718 0.0552497 0.050987
7 0.583659 0.590508 0.039065 0.0659249
7 0.156469 0.601884 0.0723273 0.0720139
2 0.0160504 0.609354 0.0318197 0.0420592
2 0.156468 0.603154 0.0715169 0.0693214
2 0.242175 0.592988 0.0319512 0.0379888
2 0.0762487 0.594982 0.0412249 0.0408018
2 0.0215394 0.604553 0.0429415 0.0521274
2 0.096873 0.59389 0.0316315 0.0425386
2 0.0465283 0.610223 0.0383787 0.0455488
7 0.339046 0.584974 0.13576 0.113923
2 0.971907 0.59344 0.0555439 0.133757
7 0.496816 0.586468 0.138787 0.11623
0 0.638813 0.590456 0.0133907 0.0643817
2 0.115604 0.595718 0.0552497 0.050987
7 0.583659 0.590508 0.039065 0.0659249
7 0.156469 0.601884 0.0723273 0.0720139
2 0.0160504 0.609354 0.0318197 0.0420592
2 0.156468 0.603154 0.0715169 0.0693214
2 0.242175 0.592988 0.0319512 0.0379888
2 0.0762487 0.594982 0.0412249 0.0408018
2 0.0215394 0.604553 0.0429415 0.0521274
2 0.096873 0.59389 0.0316315 0.0425386
2 0.0465283 0.610223 0.0383787 0.0455488
