2 0.562859 0.671473 0.222489 0.238874
2 0.928351 0.54127 0.142424 0.0920463
2 0.145291 0.602243 0.0604762 0.0786521
0 0.237806 0.652397 0.0320299 0.201436
2 0.0530361 0.600238 0.0479679 0.0928719
2 0.00787953 0.585883 0.0157591 0.0743424
2 0.406764 0.546102 0.030807 0.0315674
7 0.263253 0.55188 0.0279917 0.0470571
2 0.196989 0.558829 0.0181075 0.0246474
2 0.24573 0.56095 0.0297847 0.0393858
2 0.116853 0.579621 0.030136 0.046806
0 0.316382 0.547226 0.0114823 0.0485243
0 0.342339 0.553637 0.00793686 0.040682
2 0.53955 0.536095 0.0449893 0.0356384
2 0.597151 0.540834 0.0765202 0.0516658
0 0.339434 0.554788 0.00751076 0.0400653
2 0.640569 0.531998 0.0311907 0.0295247
0 0.314736 0.544089 0.012693 0.0553188
2 0.18283 0.565338 0.0175488 0.0262227
2 0.507487 0.532816 0.0248854 0.0241067
2 0.394432 0.54912 0.0206136 0.0293848
2 0.572353 0.532569 0.0266647 0.0333269
2 0.0193715 0.579739 0.0152475 0.0555578
2 0.4728 0.541173 0.0225365 0.0269146
2 0.263421 0.552006 0.0273057 0.0487506
2 0.562859 0.671473 0.222489 0.238874
2 0.928351 0.54127 0.142424 0.0920463
2 0.145291 0.602243 0.0604762 0.0786521
0 0.237806 0.652397 0.0320299 0.201436
2 0.0530361 0.600238 0.0479679 0.0928719
2 0.00787953 0.585883 0.0157591 0.0743424
2 0.406764 0.546102 0.030807 0.0315674
7 0.263253 0.55188 0.0279917 0.0470571
2 0.196989 0.558829 0.0181075 0.0246474
2 0.24573 0.56095 0.0297847 0.0393858
2 0.116853 0.579621 0.030136 0.046806
0 0.316382 0.547226 0.0114823 0.0485243
0 0.342339 0.553637 0.00793686 0.040682
2 0.53955 0.536095 0.0449893 0.0356384
2 0.597151 0.540834 0.0765202 0.0516658
0 0.339434 0.554788 0.00751076 0.0400653
2 0.640569 0.531998 0.0311907 0.0295247
0 0.314736 0.544089 0.012693 0.0553188
2 0.18283 0.565338 0.0175488 0.0262227
2 0.507487 0.532816 0.0248854 0.0241067
2 0.394432 0.54912 0.0206136 0.0293848
2 0.572353 0.532569 0.0266647 0.0333269
2 0.0193715 0.579739 0.0152475 0.0555578
2 0.4728 0.541173 0.0225365 0.0269146
2 0.263421 0.552006 0.0273057 0.0487506
2 0.562859 0.671473 0.222489 0.238874
2 0.928351 0.54127 0.142424 0.0920463
2 0.145291 0.602243 0.0604762 0.0786521
0 0.237806 0.652397 0.0320299 0.201436
2 0.0530361 0.600238 0.0479679 0.0928719
2 0.00787953 0.585883 0.0157591 0.0743424
2 0.406764 0.546102 0.030807 0.0315674
7 0.263253 0.55188 0.0279917 0.0470571
2 0.196989 0.558829 0.0181075 0.0246474
2 0.24573 0.56095 0.0297847 0.0393858
2 0.116853 0.579621 0.030136 0.046806
0 0.316382 0.547226 0.0114823 0.0485243
0 0.342339 0.553637 0.00793686 0.040682
2 0.53955 0.536095 0.0449893 0.0356384
2 0.597151 0.540834 0.0765202 0.0516658
0 0.339434 0.554788 0.00751076 0.0400653
2 0.640569 0.531998 0.0311907 0.0295247
0 0.314736 0.544089 0.012693 0.0553188
2 0.18283 0.565338 0.0175488 0.0262227
2 0.507487 0.532816 0.0248854 0.0241067
2 0.394432 0.54912 0.0206136 0.0293848
2 0.572353 0.532569 0.0266647 0.0333269
2 0.0193715 0.579739 0.0152475 0.0555578
2 0.4728 0.541173 0.0225365 0.0269146
2 0.263421 0.552006 0.0273057 0.0487506
2 0.562859 0.671473 0.222489 0.238874
2 0.928351 0.54127 0.142424 0.0920463
2 0.145291 0.602243 0.0604762 0.0786521
0 0.237806 0.652397 0.0320299 0.201436
2 0.0530361 0.600238 0.0479679 0.0928719
2 0.00787953 0.585883 0.0157591 0.0743424
2 0.406764 0.546102 0.030807 0.0315674
7 0.263253 0.55188 0.0279917 0.0470571
2 0.196989 0.558829 0.0181075 0.0246474
2 0.24573 0.56095 0.0297847 0.0393858
2 0.116853 0.579621 0.030136 0.046806
0 0.316382 0.547226 0.0114823 0.0485243
0 0.342339 0.553637 0.00793686 0.040682
2 0.53955 0.536095 0.0449893 0.0356384
2 0.597151 0.540834 0.0765202 0.0516658
0 0.339434 0.554788 0.00751076 0.0400653
2 0.640569 0.531998 0.0311907 0.0295247
0 0.314736 0.544089 0.012693 0.0553188
2 0.18283 0.565338 0.0175488 0.0262227
2 0.507487 0.532816 0.0248854 0.0241067
2 0.394432 0.54912 0.0206136 0.0293848
2 0.572353 0.532569 0.0266647 0.0333269
2 0.0193715 0.579739 0.0152475 0.0555578
2 0.4728 0.541173 0.0225365 0.0269146
2 0.263421 0.552006 0.0273057 0.0487506
2 0.562859 0.671473 0.222489 0.238874
2 0.928351 0.54127 0.142424 0.0920463
2 0.145291 0.602243 0.0604762 0.0786521
0 0.237806 0.652397 0.0320299 0.201436
2 0.0530361 0.600238 0.0479679 0.0928719
2 0.00787953 0.585883 0.0157591 0.0743424
2 0.406764 0.546102 0.030807 0.0315674
7 0.263253 0.55188 0.0279917 0.0470571
2 0.196989 0.558829 0.0181075 0.0246474
2 0.24573 0.56095 0.0297847 0.0393858
2 0.116853 0.579621 0.030136 0.046806
0 0.316382 0.547226 0.0114823 0.0485243
0 0.342339 0.553637 0.00793686 0.040682
2 0.53955 0.536095 0.0449893 0.0356384
2 0.597151 0.540834 0.0765202 0.0516658
0 0.339434 0.554788 0.00751076 0.0400653
2 0.640569 0.531998 0.0311907 0.0295247
0 0.314736 0.544089 0.012693 0.0553188
2 0.18283 0.565338 0.0175488 0.0262227
2 0.507487 0.532816 0.0248854 0.0241067
2 0.394432 0.54912 0.0206136 0.0293848
2 0.572353 0.532569 0.0266647 0.0333269
2 0.0193715 0.579739 0.0152475 0.0555578
2 0.4728 0.541173 0.0225365 0.0269146
2 0.263421 0.552006 0.0273057 0.0487506
2 0.562859 0.671473 0.222489 0.238874
2 0.928351 0.54127 0.142424 0.0920463
2 0.145291 0.602243 0.0604762 0.0786521
0 0.237806 0.652397 0.0320299 0.201436
2 0.0530361 0.600238 0.0479679 0.0928719
2 0.00787953 0.585883 0.0157591 0.0743424
2 0.406764 0.546102 0.030807 0.0315674
7 0.263253 0.55188 0.0279917 0.0470571
2 0.196989 0.558829 0.0181075 0.0246474
2 0.24573 0.56095 0.0297847 0.0393858
2 0.116853 0.579621 0.030136 0.046806
0 0.316382 0.547226 0.0114823 0.0485243
0 0.342339 0.553637 0.00793686 0.040682
2 0.53955 0.536095 0.0449893 0.0356384
2 0.597151 0.540834 0.0765202 0.0516658
0 0.339434 0.554788 0.00751076 0.0400653
2 0.640569 0.531998 0.0311907 0.0295247
0 0.314736 0.544089 0.012693 0.0553188
2 0.18283 0.565338 0.0175488 0.0262227
2 0.507487 0.532816 0.0248854 0.0241067
2 0.394432 0.54912 0.0206136 0.0293848
2 0.572353 0.532569 0.0266647 0.0333269
2 0.0193715 0.579739 0.0152475 0.0555578
2 0.4728 0.541173 0.0225365 0.0269146
2 0.263421 0.552006 0.0273057 0.0487506
2 0.562859 0.671473 0.222489 0.238874
2 0.928351 0.54127 0.142424 0.0920463
2 0.145291 0.602243 0.0604762 0.0786521
0 0.237806 0.652397 0.0320299 0.201436
2 0.0530361 0.600238 0.0479679 0.0928719
2 0.00787953 0.585883 0.0157591 0.0743424
2 0.406764 0.546102 0.030807 0.0315674
7 0.263253 0.55188 0.0279917 0.0470571
2 0.196989 0.558829 0.0181075 0.0246474
2 0.24573 0.56095 0.0297847 0.0393858
2 0.116853 0.579621 0.030136 0.046806
0 0.316382 0.547226 0.0114823 0.0485243
0 0.342339 0.553637 0.00793686 0.040682
2 0.53955 0.536095 0.0449893 0.0356384
2 0.597151 0.540834 0.0765202 0.0516658
0 0.339434 0.554788 0.00751076 0.0400653
2 0.640569 0.531998 0.0311907 0.0295247
0 0.314736 0.544089 0.012693 0.0553188
2 0.18283 0.565338 0.0175488 0.0262227
2 0.507487 0.532816 0.0248854 0.0241067
2 0.394432 0.54912 0.0206136 0.0293848
2 0.572353 0.532569 0.0266647 0.0333269
2 0.0193715 0.579739 0.0152475 0.0555578
2 0.4728 0.541173 0.0225365 0.0269146
2 0.263421 0.552006 0.0273057 0.0487506
2 0.562859 0.671473 0.222489 0.238874
2 0.928351 0.54127 0.142424 0.0920463
2 0.145291 0.602243 0.0604762 0.0786521
0 0.237806 0.652397 0.0320299 0.201436
2 0.0530361 0.600238 0.0479679 0.0928719
2 0.00787953 0.585883 0.0157591 0.0743424
2 0.406764 0.546102 0.030807 0.0315674
7 0.263253 0.55188 0.0279917 0.0470571
2 0.196989 0.558829 0.0181075 0.0246474
2 0.24573 0.56095 0.0297847 0.0393858
2 0.116853 0.579621 0.030136 0.046806
0 0.316382 0.547226 0.0114823 0.0485243
0 0.342339 0.553637 0.00793686 0.040682
2 0.53955 0.536095 0.0449893 0.0356384
2 0.597151 0.540834 0.0765202 0.0516658
0 0.339434 0.554788 0.00751076 0.0400653
2 0.640569 0.531998 0.0311907 0.0295247
0 0.314736 0.544089 0.012693 0.0553188
2 0.18283 0.565338 0.0175488 0.0262227
2 0.507487 0.532816 0.0248854 0.0241067
2 0.394432 0.54912 0.0206136 0.0293848
2 0.572353 0.532569 0.0266647 0.0333269
2 0.0193715 0.579739 0.0152475 0.0555578
2 0.4728 0.541173 0.0225365 0.0269146
2 0.263421 0.552006 0.0273057 0.0487506
2 0.562859 0.671473 0.222489 0.238874
2 0.928351 0.54127 0.142424 0.0920463
2 0.145291 0.602243 0.0604762 0.0786521
0 0.237806 0.652397 0.0320299 0.201436
2 0.0530361 0.600238 0.0479679 0.0928719
2 0.00787953 0.585883 0.0157591 0.0743424
2 0.406764 0.546102 0.030807 0.0315674
7 0.263253 0.55188 0.0279917 0.0470571
2 0.196989 0.558829 0.0181075 0.0246474
2 0.24573 0.56095 0.0297847 0.0393858
2 0.116853 0.579621 0.030136 0.046806
0 0.316382 0.547226 0.0114823 0.0485243
0 0.342339 0.553637 0.00793686 0.040682
2 0.53955 0.536095 0.0449893 0.0356384
2 0.597151 0.540834 0.0765202 0.0516658
0 0.339434 0.554788 0.00751076 0.0400653
2 0.640569 0.531998 0.0311907 0.0295247
0 0.314736 0.544089 0.012693 0.0553188
2 0.18283 0.565338 0.0175488 0.0262227
2 0.507487 0.532816 0.0248854 0.0241067
2 0.394432 0.54912 0.0206136 0.0293848
2 0.572353 0.532569 0.0266647 0.0333269
2 0.0193715 0.579739 0.0152475 0.0555578
2 0.4728 0.541173 0.0225365 0.0269146
2 0.263421 0.552006 0.0273057 0.0487506
2 0.562859 0.671473 0.222489 0.238874
2 0.928351 0.54127 0.142424 0.0920463
2 0.145291 0.602243 0.0604762 0.0786521
0 0.237806 0.652397 0.0320299 0.201436
2 0.0530361 0.600238 0.0479679 0.0928719
2 0.00787953 0.585883 0.0157591 0.0743424
2 0.406764 0.546102 0.030807 0.0315674
7 0.263253 0.55188 0.0279917 0.0470571
2 0.196989 0.558829 0.0181075 0.0246474
2 0.24573 0.56095 0.0297847 0.0393858
2 0.116853 0.579621 0.030136 0.046806
0 0.316382 0.547226 0.0114823 0.0485243
0 0.342339 0.553637 0.00793686 0.040682
2 0.53955 0.536095 0.0449893 0.0356384
2 0.597151 0.540834 0.0765202 0.0516658
0 0.339434 0.554788 0.00751076 0.0400653
2 0.640569 0.531998 0.0311907 0.0295247
0 0.314736 0.544089 0.012693 0.0553188
2 0.18283 0.565338 0.0175488 0.0262227
2 0.507487 0.532816 0.0248854 0.0241067
2 0.394432 0.54912 0.0206136 0.0293848
2 0.572353 0.532569 0.0266647 0.0333269
2 0.0193715 0.579739 0.0152475 0.0555578
2 0.4728 0.541173 0.0225365 0.0269146
2 0.263421 0.552006 0.0273057 0.0487506
2 0.562859 0.671473 0.222489 0.238874
2 0.928351 0.54127 0.142424 0.0920463
2 0.145291 0.602243 0.0604762 0.0786521
0 0.237806 0.652397 0.0320299 0.201436
2 0.0530361 0.600238 0.0479679 0.0928719
2 0.00787953 0.585883 0.0157591 0.0743424
2 0.406764 0.546102 0.030807 0.0315674
7 0.263253 0.55188 0.0279917 0.0470571
2 0.196989 0.558829 0.0181075 0.0246474
2 0.24573 0.56095 0.0297847 0.0393858
2 0.116853 0.579621 0.030136 0.046806
0 0.316382 0.547226 0.0114823 0.0485243
0 0.342339 0.553637 0.00793686 0.040682
2 0.53955 0.536095 0.0449893 0.0356384
2 0.597151 0.540834 0.0765202 0.0516658
0 0.339434 0.554788 0.00751076 0.0400653
2 0.640569 0.531998 0.0311907 0.0295247
0 0.314736 0.544089 0.012693 0.0553188
2 0.18283 0.565338 0.0175488 0.0262227
2 0.507487 0.532816 0.0248854 0.0241067
2 0.394432 0.54912 0.0206136 0.0293848
2 0.572353 0.532569 0.0266647 0.0333269
2 0.0193715 0.579739 0.0152475 0.0555578
2 0.4728 0.541173 0.0225365 0.0269146
2 0.263421 0.552006 0.0273057 0.0487506
2 0.562832 0.672587 0.222524 0.23606
2 0.928916 0.538674 0.141183 0.0959115
2 0.145323 0.601968 0.0607395 0.0779583
0 0.238357 0.652964 0.0320261 0.200937
2 0.00762959 0.589445 0.0152592 0.0703072
2 0.183049 0.565331 0.0171165 0.0260339
2 0.402831 0.547504 0.0370473 0.0332106
2 0.601508 0.542612 0.066061 0.0438598
7 0.262557 0.551807 0.0289848 0.0480392
2 0.639752 0.534323 0.0267365 0.0289524
2 0.245903 0.560727 0.0291216 0.0397559
2 0.196982 0.558661 0.0166386 0.0220291
0 0.34167 0.553431 0.0089551 0.041785
2 0.0530787 0.60048 0.048506 0.0941361
2 0.562832 0.672587 0.222524 0.23606
2 0.928916 0.538674 0.141183 0.0959115
2 0.145323 0.601968 0.0607395 0.0779583
0 0.238357 0.652964 0.0320261 0.200937
2 0.00762959 0.589445 0.0152592 0.0703072
2 0.183049 0.565331 0.0171165 0.0260339
2 0.402831 0.547504 0.0370473 0.0332106
2 0.601508 0.542612 0.066061 0.0438598
7 0.262557 0.551807 0.0289848 0.0480392
2 0.639752 0.534323 0.0267365 0.0289524
2 0.245903 0.560727 0.0291216 0.0397559
2 0.196982 0.558661 0.0166386 0.0220291
0 0.34167 0.553431 0.0089551 0.041785
2 0.0530787 0.60048 0.048506 0.0941361
