7 0.207083 0.593721 0.0882304 0.0822011
2 0.659354 0.593783 0.0907724 0.0673425
7 0.333379 0.594954 0.0937826 0.0879889
2 0.113714 0.614843 0.0288065 0.0537156
0 0.74226 0.592727 0.014806 0.0658861
5 0.527319 0.597705 0.127939 0.0972929
2 0.149977 0.60413 0.0506541 0.0553111
2 0.406579 0.594869 0.0532847 0.0399317
7 0.0662729 0.657994 0.131626 0.300386
2 0.0661687 0.657423 0.131437 0.300923
5 0.0661064 0.657956 0.131319 0.300269
2 0.287724 0.592995 0.0240561 0.0307888
7 0.23909 0.546983 0.0784759 0.130881
2 0.398618 0.596685 0.0391199 0.0391393
7 0.527603 0.598689 0.127175 0.0951302
7 0.207083 0.593721 0.0882304 0.0822011
2 0.659354 0.593783 0.0907724 0.0673425
7 0.333379 0.594954 0.0937826 0.0879889
2 0.113714 0.614843 0.0288065 0.0537156
0 0.74226 0.592727 0.014806 0.0658861
5 0.527319 0.597705 0.127939 0.0972929
2 0.149977 0.60413 0.0506541 0.0553111
2 0.406579 0.594869 0.0532847 0.0399317
7 0.0662729 0.657994 0.131626 0.300386
2 0.0661687 0.657423 0.131437 0.300923
5 0.0661064 0.657956 0.131319 0.300269
2 0.287724 0.592995 0.0240561 0.0307888
7 0.23909 0.546983 0.0784759 0.130881
2 0.398618 0.596685 0.0391199 0.0391393
7 0.527603 0.598689 0.127175 0.0951302
7 0.207083 0.593721 0.0882304 0.0822011
2 0.659354 0.593783 0.0907724 0.0673425
7 0.333379 0.594954 0.0937826 0.0879889
2 0.113714 0.614843 0.0288065 0.0537156
0 0.74226 0.592727 0.014806 0.0658861
5 0.527319 0.597705 0.127939 0.0972929
2 0.149977 0.60413 0.0506541 0.0553111
2 0.406579 0.594869 0.0532847 0.0399317
7 0.0662729 0.657994 0.131626 0.300386
2 0.0661687 0.657423 0.131437 0.300923
5 0.0661064 0.657956 0.131319 0.300269
2 0.287724 0.592995 0.0240561 0.0307888
7 0.23909 0.546983 0.0784759 0.130881
2 0.398618 0.596685 0.0391199 0.0391393
7 0.527603 0.598689 0.127175 0.0951302
7 0.207083 0.593721 0.0882304 0.0822011
2 0.659354 0.593783 0.0907724 0.0673425
7 0.333379 0.594954 0.0937826 0.0879889
2 0.113714 0.614843 0.0288065 0.0537156
0 0.74226 0.592727 0.014806 0.0658861
5 0.527319 0.597705 0.127939 0.0972929
2 0.149977 0.60413 0.0506541 0.0553111
2 0.406579 0.594869 0.0532847 0.0399317
7 0.0662729 0.657994 0.131626 0.300386
2 0.0661687 0.657423 0.131437 0.300923
5 0.0661064 0.657956 0.131319 0.300269
2 0.287724 0.592995 0.0240561 0.0307888
7 0.23909 0.546983 0.0784759 0.130881
2 0.398618 0.596685 0.0391199 0.0391393
7 0.527603 0.598689 0.127175 0.0951302
7 0.207083 0.593721 0.0882304 0.0822011
2 0.659354 0.593783 0.0907724 0.0673425
7 0.333379 0.594954 0.0937826 0.0879889
2 0.113714 0.614843 0.0288065 0.0537156
0 0.74226 0.592727 0.014806 0.0658861
5 0.527319 0.597705 0.127939 0.0972929
2 0.149977 0.60413 0.0506541 0.0553111
2 0.406579 0.594869 0.0532847 0.0399317
7 0.0662729 0.657994 0.131626 0.300386
2 0.0661687 0.657423 0.131437 0.300923
5 0.0661064 0.657956 0.131319 0.300269
2 0.287724 0.592995 0.0240561 0.0307888
7 0.23909 0.546983 0.0784759 0.130881
2 0.398618 0.596685 0.0391199 0.0391393
7 0.527603 0.598689 0.127175 0.0951302
7 0.207083 0.593721 0.0882304 0.0822011
2 0.659354 0.593783 0.0907724 0.0673425
7 0.333379 0.594954 0.0937826 0.0879889
2 0.113714 0.614843 0.0288065 0.0537156
0 0.74226 0.592727 0.014806 0.0658861
5 0.527319 0.597705 0.127939 0.0972929
2 0.149977 0.60413 0.0506541 0.0553111
2 0.406579 0.594869 0.0532847 0.0399317
7 0.0662729 0.657994 0.131626 0.300386
2 0.0661687 0.657423 0.131437 0.300923
5 0.0661064 0.657956 0.131319 0.300269
2 0.287724 0.592995 0.0240561 0.0307888
7 0.23909 0.546983 0.0784759 0.130881
2 0.398618 0.596685 0.0391199 0.0391393
7 0.527603 0.598689 0.127175 0.0951302
7 0.207083 0.593721 0.0882304 0.0822011
2 0.659354 0.593783 0.0907724 0.0673425
7 0.333379 0.594954 0.0937826 0.0879889
2 0.113714 0.614843 0.0288065 0.0537156
0 0.74226 0.592727 0.014806 0.0658861
5 0.527319 0.597705 0.127939 0.0972929
2 0.149977 0.60413 0.0506541 0.0553111
2 0.406579 0.594869 0.0532847 0.0399317
7 0.0662729 0.657994 0.131626 0.300386
2 0.0661687 0.657423 0.131437 0.300923
5 0.0661064 0.657956 0.131319 0.300269
2 0.287724 0.592995 0.0240561 0.0307888
7 0.23909 0.546983 0.0784759 0.130881
2 0.398618 0.596685 0.0391199 0.0391393
7 0.527603 0.598689 0.127175 0.0951302
7 0.207083 0.593721 0.0882304 0.0822011
2 0.659354 0.593783 0.0907724 0.0673425
7 0.333379 0.594954 0.0937826 0.0879889
2 0.113714 0.614843 0.0288065 0.0537156
0 0.74226 0.592727 0.014806 0.0658861
5 0.527319 0.597705 0.127939 0.0972929
2 0.149977 0.60413 0.0506541 0.0553111
2 0.406579 0.594869 0.0532847 0.0399317
7 0.0662729 0.657994 0.131626 0.300386
2 0.0661687 0.657423 0.131437 0.300923
5 0.0661064 0.657956 0.131319 0.300269
2 0.287724 0.592995 0.0240561 0.0307888
7 0.23909 0.546983 0.0784759 0.130881
2 0.398618 0.596685 0.0391199 0.0391393
7 0.527603 0.598689 0.127175 0.0951302
7 0.207083 0.593721 0.0882304 0.0822011
2 0.659354 0.593783 0.0907724 0.0673425
7 0.333379 0.594954 0.0937826 0.0879889
2 0.113714 0.614843 0.0288065 0.0537156
0 0.74226 0.592727 0.014806 0.0658861
5 0.527319 0.597705 0.127939 0.0972929
2 0.149977 0.60413 0.0506541 0.0553111
2 0.406579 0.594869 0.0532847 0.0399317
7 0.0662729 0.657994 0.131626 0.300386
2 0.0661687 0.657423 0.131437 0.300923
5 0.0661064 0.657956 0.131319 0.300269
2 0.287724 0.592995 0.0240561 0.0307888
7 0.23909 0.546983 0.0784759 0.130881
2 0.398618 0.596685 0.0391199 0.0391393
7 0.527603 0.598689 0.127175 0.0951302
7 0.207083 0.593721 0.0882304 0.0822011
2 0.659354 0.593783 0.0907724 0.0673425
7 0.333379 0.594954 0.0937826 0.0879889
2 0.113714 0.614843 0.0288065 0.0537156
0 0.74226 0.592727 0.014806 0.0658861
5 0.527319 0.597705 0.127939 0.0972929
2 0.149977 0.60413 0.0506541 0.0553111
2 0.406579 0.594869 0.0532847 0.0399317
7 0.0662729 0.657994 0.131626 0.300386
2 0.0661687 0.657423 0.131437 0.300923
5 0.0661064 0.657956 0.131319 0.300269
2 0.287724 0.592995 0.0240561 0.0307888
7 0.23909 0.546983 0.0784759 0.130881
2 0.398618 0.596685 0.0391199 0.0391393
7 0.527603 0.598689 0.127175 0.0951302
7 0.207083 0.593721 0.0882304 0.0822011
2 0.659354 0.593783 0.0907724 0.0673425
7 0.333379 0.594954 0.0937826 0.0879889
2 0.113714 0.614843 0.0288065 0.0537156
0 0.74226 0.592727 0.014806 0.0658861
5 0.527319 0.597705 0.127939 0.0972929
2 0.149977 0.60413 0.0506541 0.0553111
2 0.406579 0.594869 0.0532847 0.0399317
7 0.0662729 0.657994 0.131626 0.300386
2 0.0661687 0.657423 0.131437 0.300923
5 0.0661064 0.657956 0.131319 0.300269
2 0.287724 0.592995 0.0240561 0.0307888
7 0.23909 0.546983 0.0784759 0.130881
2 0.398618 0.596685 0.0391199 0.0391393
7 0.527603 0.598689 0.127175 0.0951302
7 0.207068 0.594099 0.0884689 0.0834171
2 0.65931 0.593679 0.0892056 0.0674403
7 0.0663187 0.658319 0.131863 0.300702
2 0.405802 0.595565 0.0538619 0.0400892
5 0.526884 0.59708 0.128196 0.0973145
7 0.33317 0.594682 0.0934681 0.0879561
0 0.741885 0.593756 0.0146695 0.0640705
7 0.207068 0.594099 0.0884689 0.0834171
2 0.65931 0.593679 0.0892056 0.0674403
7 0.0663187 0.658319 0.131863 0.300702
2 0.405802 0.595565 0.0538619 0.0400892
5 0.526884 0.59708 0.128196 0.0973145
7 0.33317 0.594682 0.0934681 0.0879561
0 0.741885 0.593756 0.0146695 0.0640705
