2 0.872683 0.770817 0.253626 0.413228
7 0.814819 0.543156 0.22138 0.201862
2 0.192532 0.602539 0.0368479 0.0494787
2 0.105568 0.629385 0.0576731 0.0824664
2 0.236982 0.607376 0.052092 0.0610808
2 0.401724 0.586958 0.0738643 0.0737055
2 0.29261 0.588215 0.0524163 0.0563985
2 0.331487 0.582259 0.0386765 0.047816
2 0.0182516 0.626806 0.0363727 0.0958827
2 0.990745 0.542788 0.017815 0.0394305
2 0.681247 0.577829 0.0494608 0.079038
0 0.95267 0.695374 0.0835491 0.119921
7 0.589733 0.567815 0.172469 0.190529
0 0.922371 0.534266 0.0167198 0.0569253
7 0.222535 0.57198 0.0384052 0.057258
0 0.142838 0.627117 0.0255512 0.111024
0 0.778287 0.54844 0.0201034 0.0935427
0 0.759823 0.547215 0.0327408 0.135412
2 0.0762163 0.608986 0.0265125 0.0466651
0 0.977915 0.686322 0.0441699 0.11968
1 0.144529 0.662675 0.0270947 0.110119
0 0.55403 0.579237 0.0230875 0.097196
0 0.143831 0.648041 0.0264101 0.139228
2 0.476832 0.554475 0.0288946 0.0244941
7 0.262633 0.52655 0.0476562 0.0743345
2 0.452994 0.562646 0.0129477 0.023858
2 0.160291 0.578787 0.0168824 0.015056
2 0.872683 0.770817 0.253626 0.413228
7 0.814819 0.543156 0.22138 0.201862
2 0.192532 0.602539 0.0368479 0.0494787
2 0.105568 0.629385 0.0576731 0.0824664
2 0.236982 0.607376 0.052092 0.0610808
2 0.401724 0.586958 0.0738643 0.0737055
2 0.29261 0.588215 0.0524163 0.0563985
2 0.331487 0.582259 0.0386765 0.047816
2 0.0182516 0.626806 0.0363727 0.0958827
2 0.990745 0.542788 0.017815 0.0394305
2 0.681247 0.577829 0.0494608 0.079038
0 0.95267 0.695374 0.0835491 0.119921
7 0.589733 0.567815 0.172469 0.190529
0 0.922371 0.534266 0.0167198 0.0569253
7 0.222535 0.57198 0.0384052 0.057258
0 0.142838 0.627117 0.0255512 0.111024
0 0.778287 0.54844 0.0201034 0.0935427
0 0.759823 0.547215 0.0327408 0.135412
2 0.0762163 0.608986 0.0265125 0.0466651
0 0.977915 0.686322 0.0441699 0.11968
1 0.144529 0.662675 0.0270947 0.110119
0 0.55403 0.579237 0.0230875 0.097196
0 0.143831 0.648041 0.0264101 0.139228
2 0.476832 0.554475 0.0288946 0.0244941
7 0.262633 0.52655 0.0476562 0.0743345
2 0.452994 0.562646 0.0129477 0.023858
2 0.160291 0.578787 0.0168824 0.015056
2 0.872683 0.770817 0.253626 0.413228
7 0.814819 0.543156 0.22138 0.201862
2 0.192532 0.602539 0.0368479 0.0494787
2 0.105568 0.629385 0.0576731 0.0824664
2 0.236982 0.607376 0.052092 0.0610808
2 0.401724 0.586958 0.0738643 0.0737055
2 0.29261 0.588215 0.0524163 0.0563985
2 0.331487 0.582259 0.0386765 0.047816
2 0.0182516 0.626806 0.0363727 0.0958827
2 0.990745 0.542788 0.017815 0.0394305
2 0.681247 0.577829 0.0494608 0.079038
0 0.95267 0.695374 0.0835491 0.119921
7 0.589733 0.567815 0.172469 0.190529
0 0.922371 0.534266 0.0167198 0.0569253
7 0.222535 0.57198 0.0384052 0.057258
0 0.142838 0.627117 0.0255512 0.111024
0 0.778287 0.54844 0.0201034 0.0935427
0 0.759823 0.547215 0.0327408 0.135412
2 0.0762163 0.608986 0.0265125 0.0466651
0 0.977915 0.686322 0.0441699 0.11968
1 0.144529 0.662675 0.0270947 0.110119
0 0.55403 0.579237 0.0230875 0.097196
0 0.143831 0.648041 0.0264101 0.139228
2 0.476832 0.554475 0.0288946 0.0244941
7 0.262633 0.52655 0.0476562 0.0743345
2 0.452994 0.562646 0.0129477 0.023858
2 0.160291 0.578787 0.0168824 0.015056
2 0.872683 0.770817 0.253626 0.413228
7 0.814819 0.543156 0.22138 0.201862
2 0.192532 0.602539 0.0368479 0.0494787
2 0.105568 0.629385 0.0576731 0.0824664
2 0.236982 0.607376 0.052092 0.0610808
2 0.401724 0.586958 0.0738643 0.0737055
2 0.29261 0.588215 0.0524163 0.0563985
2 0.331487 0.582259 0.0386765 0.047816
2 0.0182516 0.626806 0.0363727 0.0958827
2 0.990745 0.542788 0.017815 0.0394305
2 0.681247 0.577829 0.0494608 0.079038
0 0.95267 0.695374 0.0835491 0.119921
7 0.589733 0.567815 0.172469 0.190529
0 0.922371 0.534266 0.0167198 0.0569253
7 0.222535 0.57198 0.0384052 0.057258
0 0.142838 0.627117 0.0255512 0.111024
0 0.778287 0.54844 0.0201034 0.0935427
0 0.759823 0.547215 0.0327408 0.135412
2 0.0762163 0.608986 0.0265125 0.0466651
0 0.977915 0.686322 0.0441699 0.11968
1 0.144529 0.662675 0.0270947 0.110119
0 0.55403 0.579237 0.0230875 0.097196
0 0.143831 0.648041 0.0264101 0.139228
2 0.476832 0.554475 0.0288946 0.0244941
7 0.262633 0.52655 0.0476562 0.0743345
2 0.452994 0.562646 0.0129477 0.023858
2 0.160291 0.578787 0.0168824 0.015056
2 0.872683 0.770817 0.253626 0.413228
7 0.814819 0.543156 0.22138 0.201862
2 0.192532 0.602539 0.0368479 0.0494787
2 0.105568 0.629385 0.0576731 0.0824664
2 0.236982 0.607376 0.052092 0.0610808
2 0.401724 0.586958 0.0738643 0.0737055
2 0.29261 0.588215 0.0524163 0.0563985
2 0.331487 0.582259 0.0386765 0.047816
2 0.0182516 0.626806 0.0363727 0.0958827
2 0.990745 0.542788 0.017815 0.0394305
2 0.681247 0.577829 0.0494608 0.079038
0 0.95267 0.695374 0.0835491 0.119921
7 0.589733 0.567815 0.172469 0.190529
0 0.922371 0.534266 0.0167198 0.0569253
7 0.222535 0.57198 0.0384052 0.057258
0 0.142838 0.627117 0.0255512 0.111024
0 0.778287 0.54844 0.0201034 0.0935427
0 0.759823 0.547215 0.0327408 0.135412
2 0.0762163 0.608986 0.0265125 0.0466651
0 0.977915 0.686322 0.0441699 0.11968
1 0.144529 0.662675 0.0270947 0.110119
0 0.55403 0.579237 0.0230875 0.097196
0 0.143831 0.648041 0.0264101 0.139228
2 0.476832 0.554475 0.0288946 0.0244941
7 0.262633 0.52655 0.0476562 0.0743345
2 0.452994 0.562646 0.0129477 0.023858
2 0.160291 0.578787 0.0168824 0.015056
2 0.872683 0.770817 0.253626 0.413228
7 0.814819 0.543156 0.22138 0.201862
2 0.192532 0.602539 0.0368479 0.0494787
2 0.105568 0.629385 0.0576731 0.0824664
2 0.236982 0.607376 0.052092 0.0610808
2 0.401724 0.586958 0.0738643 0.0737055
2 0.29261 0.588215 0.0524163 0.0563985
2 0.331487 0.582259 0.0386765 0.047816
2 0.0182516 0.626806 0.0363727 0.0958827
2 0.990745 0.542788 0.017815 0.0394305
2 0.681247 0.577829 0.0494608 0.079038
0 0.95267 0.695374 0.0835491 0.119921
7 0.589733 0.567815 0.172469 0.190529
0 0.922371 0.534266 0.0167198 0.0569253
7 0.222535 0.57198 0.0384052 0.057258
0 0.142838 0.627117 0.0255512 0.111024
0 0.778287 0.54844 0.0201034 0.0935427
0 0.759823 0.547215 0.0327408 0.135412
2 0.0762163 0.608986 0.0265125 0.0466651
0 0.977915 0.686322 0.0441699 0.11968
1 0.144529 0.662675 0.0270947 0.110119
0 0.55403 0.579237 0.0230875 0.097196
0 0.143831 0.648041 0.0264101 0.139228
2 0.476832 0.554475 0.0288946 0.0244941
7 0.262633 0.52655 0.0476562 0.0743345
2 0.452994 0.562646 0.0129477 0.023858
2 0.160291 0.578787 0.0168824 0.015056
2 0.872683 0.770817 0.253626 0.413228
7 0.814819 0.543156 0.22138 0.201862
2 0.192532 0.602539 0.0368479 0.0494787
2 0.105568 0.629385 0.0576731 0.0824664
2 0.236982 0.607376 0.052092 0.0610808
2 0.401724 0.586958 0.0738643 0.0737055
2 0.29261 0.588215 0.0524163 0.0563985
2 0.331487 0.582259 0.0386765 0.047816
2 0.0182516 0.626806 0.0363727 0.0958827
2 0.990745 0.542788 0.017815 0.0394305
2 0.681247 0.577829 0.0494608 0.079038
0 0.95267 0.695374 0.0835491 0.119921
7 0.589733 0.567815 0.172469 0.190529
0 0.922371 0.534266 0.0167198 0.0569253
7 0.222535 0.57198 0.0384052 0.057258
0 0.142838 0.627117 0.0255512 0.111024
0 0.778287 0.54844 0.0201034 0.0935427
0 0.759823 0.547215 0.0327408 0.135412
2 0.0762163 0.608986 0.0265125 0.0466651
0 0.977915 0.686322 0.0441699 0.11968
1 0.144529 0.662675 0.0270947 0.110119
0 0.55403 0.579237 0.0230875 0.097196
0 0.143831 0.648041 0.0264101 0.139228
2 0.476832 0.554475 0.0288946 0.0244941
7 0.262633 0.52655 0.0476562 0.0743345
2 0.452994 0.562646 0.0129477 0.023858
2 0.160291 0.578787 0.0168824 0.015056
2 0.872683 0.770817 0.253626 0.413228
7 0.814819 0.543156 0.22138 0.201862
2 0.192532 0.602539 0.0368479 0.0494787
2 0.105568 0.629385 0.0576731 0.0824664
2 0.236982 0.607376 0.052092 0.0610808
2 0.401724 0.586958 0.0738643 0.0737055
2 0.29261 0.588215 0.0524163 0.0563985
2 0.331487 0.582259 0.0386765 0.047816
2 0.0182516 0.626806 0.0363727 0.0958827
2 0.990745 0.542788 0.017815 0.0394305
2 0.681247 0.577829 0.0494608 0.079038
0 0.95267 0.695374 0.0835491 0.119921
7 0.589733 0.567815 0.172469 0.190529
0 0.922371 0.534266 0.0167198 0.0569253
7 0.222535 0.57198 0.0384052 0.057258
0 0.142838 0.627117 0.0255512 0.111024
0 0.778287 0.54844 0.0201034 0.0935427
0 0.759823 0.547215 0.0327408 0.135412
2 0.0762163 0.608986 0.0265125 0.0466651
0 0.977915 0.686322 0.0441699 0.11968
1 0.144529 0.662675 0.0270947 0.110119
0 0.55403 0.579237 0.0230875 0.097196
0 0.143831 0.648041 0.0264101 0.139228
2 0.476832 0.554475 0.0288946 0.0244941
7 0.262633 0.52655 0.0476562 0.0743345
2 0.452994 0.562646 0.0129477 0.023858
2 0.160291 0.578787 0.0168824 0.015056
2 0.872683 0.770817 0.253626 0.413228
7 0.814819 0.543156 0.22138 0.201862
2 0.192532 0.602539 0.0368479 0.0494787
2 0.105568 0.629385 0.0576731 0.0824664
2 0.236982 0.607376 0.052092 0.0610808
2 0.401724 0.586958 0.0738643 0.0737055
2 0.29261 0.588215 0.0524163 0.0563985
2 0.331487 0.582259 0.0386765 0.047816
2 0.0182516 0.626806 0.0363727 0.0958827
2 0.990745 0.542788 0.017815 0.0394305
2 0.681247 0.577829 0.0494608 0.079038
0 0.95267 0.695374 0.0835491 0.119921
7 0.589733 0.567815 0.172469 0.190529
0 0.922371 0.534266 0.0167198 0.0569253
7 0.222535 0.57198 0.0384052 0.057258
0 0.142838 0.627117 0.0255512 0.111024
0 0.778287 0.54844 0.0201034 0.0935427
0 0.759823 0.547215 0.0327408 0.135412
2 0.0762163 0.608986 0.0265125 0.0466651
0 0.977915 0.686322 0.0441699 0.11968
1 0.144529 0.662675 0.0270947 0.110119
0 0.55403 0.579237 0.0230875 0.097196
0 0.143831 0.648041 0.0264101 0.139228
2 0.476832 0.554475 0.0288946 0.0244941
7 0.262633 0.52655 0.0476562 0.0743345
2 0.452994 0.562646 0.0129477 0.023858
2 0.160291 0.578787 0.0168824 0.015056
2 0.872683 0.770817 0.253626 0.413228
7 0.814819 0.543156 0.22138 0.201862
2 0.192532 0.602539 0.0368479 0.0494787
2 0.105568 0.629385 0.0576731 0.0824664
2 0.236982 0.607376 0.052092 0.0610808
2 0.401724 0.586958 0.0738643 0.0737055
2 0.29261 0.588215 0.0524163 0.0563985
2 0.331487 0.582259 0.0386765 0.047816
2 0.0182516 0.626806 0.0363727 0.0958827
2 0.990745 0.542788 0.017815 0.0394305
2 0.681247 0.577829 0.0494608 0.079038
0 0.95267 0.695374 0.0835491 0.119921
7 0.589733 0.567815 0.172469 0.190529
0 0.922371 0.534266 0.0167198 0.0569253
7 0.222535 0.57198 0.0384052 0.057258
0 0.142838 0.627117 0.0255512 0.111024
0 0.778287 0.54844 0.0201034 0.0935427
0 0.759823 0.547215 0.0327408 0.135412
2 0.0762163 0.608986 0.0265125 0.0466651
0 0.977915 0.686322 0.0441699 0.11968
1 0.144529 0.662675 0.0270947 0.110119
0 0.55403 0.579237 0.0230875 0.097196
0 0.143831 0.648041 0.0264101 0.139228
2 0.476832 0.554475 0.0288946 0.0244941
7 0.262633 0.52655 0.0476562 0.0743345
2 0.452994 0.562646 0.0129477 0.023858
2 0.160291 0.578787 0.0168824 0.015056
2 0.872683 0.770817 0.253626 0.413228
7 0.814819 0.543156 0.22138 0.201862
2 0.192532 0.602539 0.0368479 0.0494787
2 0.105568 0.629385 0.0576731 0.0824664
2 0.236982 0.607376 0.052092 0.0610808
2 0.401724 0.586958 0.0738643 0.0737055
2 0.29261 0.588215 0.0524163 0.0563985
2 0.331487 0.582259 0.0386765 0.047816
2 0.0182516 0.626806 0.0363727 0.0958827
2 0.990745 0.542788 0.017815 0.0394305
2 0.681247 0.577829 0.0494608 0.079038
0 0.95267 0.695374 0.0835491 0.119921
7 0.589733 0.567815 0.172469 0.190529
0 0.922371 0.534266 0.0167198 0.0569253
7 0.222535 0.57198 0.0384052 0.057258
0 0.142838 0.627117 0.0255512 0.111024
0 0.778287 0.54844 0.0201034 0.0935427
0 0.759823 0.547215 0.0327408 0.135412
2 0.0762163 0.608986 0.0265125 0.0466651
0 0.977915 0.686322 0.0441699 0.11968
1 0.144529 0.662675 0.0270947 0.110119
0 0.55403 0.579237 0.0230875 0.097196
0 0.143831 0.648041 0.0264101 0.139228
2 0.476832 0.554475 0.0288946 0.0244941
7 0.262633 0.52655 0.0476562 0.0743345
2 0.452994 0.562646 0.0129477 0.023858
2 0.160291 0.578787 0.0168824 0.015056
2 0.871837 0.768061 0.254834 0.413242
2 0.236868 0.60752 0.0514553 0.05925
2 0.104863 0.628761 0.0570722 0.0815802
2 0.401213 0.585736 0.0752931 0.0751311
2 0.192763 0.602036 0.0387266 0.0483454
2 0.292777 0.588894 0.0523078 0.0557215
7 0.815099 0.544351 0.221016 0.202579
0 0.145156 0.650222 0.0267628 0.134664
2 0.330992 0.581662 0.0386352 0.0464923
7 0.222649 0.573036 0.0394935 0.0597143
2 0.99071 0.542873 0.0178009 0.0393968
2 0.0176857 0.624674 0.0352112 0.0887422
7 0.589316 0.568608 0.172258 0.192286
2 0.681757 0.565497 0.0491443 0.056439
0 0.754488 0.549891 0.0330744 0.13316
0 0.977683 0.679827 0.0438992 0.104836
0 0.778336 0.546176 0.0192855 0.0854368
0 0.922531 0.534014 0.0150684 0.0541974
2 0.871837 0.768061 0.254834 0.413242
2 0.236868 0.60752 0.0514553 0.05925
2 0.104863 0.628761 0.0570722 0.0815802
2 0.401213 0.585736 0.0752931 0.0751311
2 0.192763 0.602036 0.0387266 0.0483454
2 0.292777 0.588894 0.0523078 0.0557215
7 0.815099 0.544351 0.221016 0.202579
0 0.145156 0.650222 0.0267628 0.134664
2 0.330992 0.581662 0.0386352 0.0464923
7 0.222649 0.573036 0.0394935 0.0597143
2 0.99071 0.542873 0.0178009 0.0393968
2 0.0176857 0.624674 0.0352112 0.0887422
7 0.589316 0.568608 0.172258 0.192286
2 0.681757 0.565497 0.0491443 0.056439
0 0.754488 0.549891 0.0330744 0.13316
0 0.977683 0.679827 0.0438992 0.104836
0 0.778336 0.546176 0.0192855 0.0854368
0 0.922531 0.534014 0.0150684 0.0541974
