2 0.11875 0.652038 0.082257 0.0993227
2 0.389255 0.621049 0.0971066 0.0975765
2 0.885095 0.569504 0.104751 0.0733356
2 0.576735 0.590197 0.0895932 0.0608973
2 0.0666998 0.632031 0.0487018 0.0764114
3 0.228679 0.700123 0.0527345 0.110862
0 0.227732 0.655799 0.0371914 0.130604
7 0.140678 0.605817 0.0779691 0.105526
7 0.463607 0.576106 0.0671181 0.0740577
0 0.983096 0.567178 0.0189926 0.0728685
0 0.731467 0.580853 0.0130146 0.0632638
2 0.0122907 0.617431 0.0240016 0.0273655
7 0.250366 0.587806 0.0640554 0.0853783
2 0.285773 0.584156 0.0278712 0.0460634
2 0.225894 0.619165 0.0616465 0.0671772
2 0.250972 0.587828 0.062928 0.0820374
2 0.093826 0.594611 0.0223338 0.0252765
7 0.125462 0.53848 0.0539049 0.0703632
7 0.0288567 0.595716 0.0251857 0.0423516
2 0.0286782 0.598847 0.026326 0.0457213
2 0.237443 0.615021 0.0433535 0.0634094
2 0.547399 0.574923 0.0331639 0.0343248
2 0.339548 0.582895 0.0253842 0.0217351
2 0.0491205 0.608263 0.0163799 0.0373492
2 0.309343 0.582543 0.0120082 0.0272555
2 0.0121487 0.611075 0.0239756 0.0370014
2 0.357641 0.575118 0.0279248 0.0263118
2 0.408829 0.576841 0.0580466 0.0405875
2 0.333478 0.584813 0.0180124 0.0231429
2 0.208313 0.620695 0.0270826 0.0624511
2 0.423737 0.575885 0.0319704 0.0392419
2 0.11875 0.652038 0.082257 0.0993227
2 0.389255 0.621049 0.0971066 0.0975765
2 0.885095 0.569504 0.104751 0.0733356
2 0.576735 0.590197 0.0895932 0.0608973
2 0.0666998 0.632031 0.0487018 0.0764114
3 0.228679 0.700123 0.0527345 0.110862
0 0.227732 0.655799 0.0371914 0.130604
7 0.140678 0.605817 0.0779691 0.105526
7 0.463607 0.576106 0.0671181 0.0740577
0 0.983096 0.567178 0.0189926 0.0728685
0 0.731467 0.580853 0.0130146 0.0632638
2 0.0122907 0.617431 0.0240016 0.0273655
7 0.250366 0.587806 0.0640554 0.0853783
2 0.285773 0.584156 0.0278712 0.0460634
2 0.225894 0.619165 0.0616465 0.0671772
2 0.250972 0.587828 0.062928 0.0820374
2 0.093826 0.594611 0.0223338 0.0252765
7 0.125462 0.53848 0.0539049 0.0703632
7 0.0288567 0.595716 0.0251857 0.0423516
2 0.0286782 0.598847 0.026326 0.0457213
2 0.237443 0.615021 0.0433535 0.0634094
2 0.547399 0.574923 0.0331639 0.0343248
2 0.339548 0.582895 0.0253842 0.0217351
2 0.0491205 0.608263 0.0163799 0.0373492
2 0.309343 0.582543 0.0120082 0.0272555
2 0.0121487 0.611075 0.0239756 0.0370014
2 0.357641 0.575118 0.0279248 0.0263118
2 0.408829 0.576841 0.0580466 0.0405875
2 0.333478 0.584813 0.0180124 0.0231429
2 0.208313 0.620695 0.0270826 0.0624511
2 0.423737 0.575885 0.0319704 0.0392419
2 0.11875 0.652038 0.082257 0.0993227
2 0.389255 0.621049 0.0971066 0.0975765
2 0.885095 0.569504 0.104751 0.0733356
2 0.576735 0.590197 0.0895932 0.0608973
2 0.0666998 0.632031 0.0487018 0.0764114
3 0.228679 0.700123 0.0527345 0.110862
0 0.227732 0.655799 0.0371914 0.130604
7 0.140678 0.605817 0.0779691 0.105526
7 0.463607 0.576106 0.0671181 0.0740577
0 0.983096 0.567178 0.0189926 0.0728685
0 0.731467 0.580853 0.0130146 0.0632638
2 0.0122907 0.617431 0.0240016 0.0273655
7 0.250366 0.587806 0.0640554 0.0853783
2 0.285773 0.584156 0.0278712 0.0460634
2 0.225894 0.619165 0.0616465 0.0671772
2 0.250972 0.587828 0.062928 0.0820374
2 0.093826 0.594611 0.0223338 0.0252765
7 0.125462 0.53848 0.0539049 0.0703632
7 0.0288567 0.595716 0.0251857 0.0423516
2 0.0286782 0.598847 0.026326 0.0457213
2 0.237443 0.615021 0.0433535 0.0634094
2 0.547399 0.574923 0.0331639 0.0343248
2 0.339548 0.582895 0.0253842 0.0217351
2 0.0491205 0.608263 0.0163799 0.0373492
2 0.309343 0.582543 0.0120082 0.0272555
2 0.0121487 0.611075 0.0239756 0.0370014
2 0.357641 0.575118 0.0279248 0.0263118
2 0.408829 0.576841 0.0580466 0.0405875
2 0.333478 0.584813 0.0180124 0.0231429
2 0.208313 0.620695 0.0270826 0.0624511
2 0.423737 0.575885 0.0319704 0.0392419
2 0.11875 0.652038 0.082257 0.0993227
2 0.389255 0.621049 0.0971066 0.0975765
2 0.885095 0.569504 0.104751 0.0733356
2 0.576735 0.590197 0.0895932 0.0608973
2 0.0666998 0.632031 0.0487018 0.0764114
3 0.228679 0.700123 0.0527345 0.110862
0 0.227732 0.655799 0.0371914 0.130604
7 0.140678 0.605817 0.0779691 0.105526
7 0.463607 0.576106 0.0671181 0.0740577
0 0.983096 0.567178 0.0189926 0.0728685
0 0.731467 0.580853 0.0130146 0.0632638
2 0.0122907 0.617431 0.0240016 0.0273655
7 0.250366 0.587806 0.0640554 0.0853783
2 0.285773 0.584156 0.0278712 0.0460634
2 0.225894 0.619165 0.0616465 0.0671772
2 0.250972 0.587828 0.062928 0.0820374
2 0.093826 0.594611 0.0223338 0.0252765
7 0.125462 0.53848 0.0539049 0.0703632
7 0.0288567 0.595716 0.0251857 0.0423516
2 0.0286782 0.598847 0.026326 0.0457213
2 0.237443 0.615021 0.0433535 0.0634094
2 0.547399 0.574923 0.0331639 0.0343248
2 0.339548 0.582895 0.0253842 0.0217351
2 0.0491205 0.608263 0.0163799 0.0373492
2 0.309343 0.582543 0.0120082 0.0272555
2 0.0121487 0.611075 0.0239756 0.0370014
2 0.357641 0.575118 0.0279248 0.0263118
2 0.408829 0.576841 0.0580466 0.0405875
2 0.333478 0.584813 0.0180124 0.0231429
2 0.208313 0.620695 0.0270826 0.0624511
2 0.423737 0.575885 0.0319704 0.0392419
2 0.11875 0.652038 0.082257 0.0993227
2 0.389255 0.621049 0.0971066 0.0975765
2 0.885095 0.569504 0.104751 0.0733356
2 0.576735 0.590197 0.0895932 0.0608973
2 0.0666998 0.632031 0.0487018 0.0764114
3 0.228679 0.700123 0.0527345 0.110862
0 0.227732 0.655799 0.0371914 0.130604
7 0.140678 0.605817 0.0779691 0.105526
7 0.463607 0.576106 0.0671181 0.0740577
0 0.983096 0.567178 0.0189926 0.0728685
0 0.731467 0.580853 0.0130146 0.0632638
2 0.0122907 0.617431 0.0240016 0.0273655
7 0.250366 0.587806 0.0640554 0.0853783
2 0.285773 0.584156 0.0278712 0.0460634
2 0.225894 0.619165 0.0616465 0.0671772
2 0.250972 0.587828 0.062928 0.0820374
2 0.093826 0.594611 0.0223338 0.0252765
7 0.125462 0.53848 0.0539049 0.0703632
7 0.0288567 0.595716 0.0251857 0.0423516
2 0.0286782 0.598847 0.026326 0.0457213
2 0.237443 0.615021 0.0433535 0.0634094
2 0.547399 0.574923 0.0331639 0.0343248
2 0.339548 0.582895 0.0253842 0.0217351
2 0.0491205 0.608263 0.0163799 0.0373492
2 0.309343 0.582543 0.0120082 0.0272555
2 0.0121487 0.611075 0.0239756 0.0370014
2 0.357641 0.575118 0.0279248 0.0263118
2 0.408829 0.576841 0.0580466 0.0405875
2 0.333478 0.584813 0.0180124 0.0231429
2 0.208313 0.620695 0.0270826 0.0624511
2 0.423737 0.575885 0.0319704 0.0392419
2 0.11875 0.652038 0.082257 0.0993227
2 0.389255 0.621049 0.0971066 0.0975765
2 0.885095 0.569504 0.104751 0.0733356
2 0.576735 0.590197 0.0895932 0.0608973
2 0.0666998 0.632031 0.0487018 0.0764114
3 0.228679 0.700123 0.0527345 0.110862
0 0.227732 0.655799 0.0371914 0.130604
7 0.140678 0.605817 0.0779691 0.105526
7 0.463607 0.576106 0.0671181 0.0740577
0 0.983096 0.567178 0.0189926 0.0728685
0 0.731467 0.580853 0.0130146 0.0632638
2 0.0122907 0.617431 0.0240016 0.0273655
7 0.250366 0.587806 0.0640554 0.0853783
2 0.285773 0.584156 0.0278712 0.0460634
2 0.225894 0.619165 0.0616465 0.0671772
2 0.250972 0.587828 0.062928 0.0820374
2 0.093826 0.594611 0.0223338 0.0252765
7 0.125462 0.53848 0.0539049 0.0703632
7 0.0288567 0.595716 0.0251857 0.0423516
2 0.0286782 0.598847 0.026326 0.0457213
2 0.237443 0.615021 0.0433535 0.0634094
2 0.547399 0.574923 0.0331639 0.0343248
2 0.339548 0.582895 0.0253842 0.0217351
2 0.0491205 0.608263 0.0163799 0.0373492
2 0.309343 0.582543 0.0120082 0.0272555
2 0.0121487 0.611075 0.0239756 0.0370014
2 0.357641 0.575118 0.0279248 0.0263118
2 0.408829 0.576841 0.0580466 0.0405875
2 0.333478 0.584813 0.0180124 0.0231429
2 0.208313 0.620695 0.0270826 0.0624511
2 0.423737 0.575885 0.0319704 0.0392419
2 0.11875 0.652038 0.082257 0.0993227
2 0.389255 0.621049 0.0971066 0.0975765
2 0.885095 0.569504 0.104751 0.0733356
2 0.576735 0.590197 0.0895932 0.0608973
2 0.0666998 0.632031 0.0487018 0.0764114
3 0.228679 0.700123 0.0527345 0.110862
0 0.227732 0.655799 0.0371914 0.130604
7 0.140678 0.605817 0.0779691 0.105526
7 0.463607 0.576106 0.0671181 0.0740577
0 0.983096 0.567178 0.0189926 0.0728685
0 0.731467 0.580853 0.0130146 0.0632638
2 0.0122907 0.617431 0.0240016 0.0273655
7 0.250366 0.587806 0.0640554 0.0853783
2 0.285773 0.584156 0.0278712 0.0460634
2 0.225894 0.619165 0.0616465 0.0671772
2 0.250972 0.587828 0.062928 0.0820374
2 0.093826 0.594611 0.0223338 0.0252765
7 0.125462 0.53848 0.0539049 0.0703632
7 0.0288567 0.595716 0.0251857 0.0423516
2 0.0286782 0.598847 0.026326 0.0457213
2 0.237443 0.615021 0.0433535 0.0634094
2 0.547399 0.574923 0.0331639 0.0343248
2 0.339548 0.582895 0.0253842 0.0217351
2 0.0491205 0.608263 0.0163799 0.0373492
2 0.309343 0.582543 0.0120082 0.0272555
2 0.0121487 0.611075 0.0239756 0.0370014
2 0.357641 0.575118 0.0279248 0.0263118
2 0.408829 0.576841 0.0580466 0.0405875
2 0.333478 0.584813 0.0180124 0.0231429
2 0.208313 0.620695 0.0270826 0.0624511
2 0.423737 0.575885 0.0319704 0.0392419
2 0.11875 0.652038 0.082257 0.0993227
2 0.389255 0.621049 0.0971066 0.0975765
2 0.885095 0.569504 0.104751 0.0733356
2 0.576735 0.590197 0.0895932 0.0608973
2 0.0666998 0.632031 0.0487018 0.0764114
3 0.228679 0.700123 0.0527345 0.110862
0 0.227732 0.655799 0.0371914 0.130604
7 0.140678 0.605817 0.0779691 0.105526
7 0.463607 0.576106 0.0671181 0.0740577
0 0.983096 0.567178 0.0189926 0.0728685
0 0.731467 0.580853 0.0130146 0.0632638
2 0.0122907 0.617431 0.0240016 0.0273655
7 0.250366 0.587806 0.0640554 0.0853783
2 0.285773 0.584156 0.0278712 0.0460634
2 0.225894 0.619165 0.0616465 0.0671772
2 0.250972 0.587828 0.062928 0.0820374
2 0.093826 0.594611 0.0223338 0.0252765
7 0.125462 0.53848 0.0539049 0.0703632
7 0.0288567 0.595716 0.0251857 0.0423516
2 0.0286782 0.598847 0.026326 0.0457213
2 0.237443 0.615021 0.0433535 0.0634094
2 0.547399 0.574923 0.0331639 0.0343248
2 0.339548 0.582895 0.0253842 0.0217351
2 0.0491205 0.608263 0.0163799 0.0373492
2 0.309343 0.582543 0.0120082 0.0272555
2 0.0121487 0.611075 0.0239756 0.0370014
2 0.357641 0.575118 0.0279248 0.0263118
2 0.408829 0.576841 0.0580466 0.0405875
2 0.333478 0.584813 0.0180124 0.0231429
2 0.208313 0.620695 0.0270826 0.0624511
2 0.423737 0.575885 0.0319704 0.0392419
2 0.11875 0.652038 0.082257 0.0993227
2 0.389255 0.621049 0.0971066 0.0975765
2 0.885095 0.569504 0.104751 0.0733356
2 0.576735 0.590197 0.0895932 0.0608973
2 0.0666998 0.632031 0.0487018 0.0764114
3 0.228679 0.700123 0.0527345 0.110862
0 0.227732 0.655799 0.0371914 0.130604
7 0.140678 0.605817 0.0779691 0.105526
7 0.463607 0.576106 0.0671181 0.0740577
0 0.983096 0.567178 0.0189926 0.0728685
0 0.731467 0.580853 0.0130146 0.0632638
2 0.0122907 0.617431 0.0240016 0.0273655
7 0.250366 0.587806 0.0640554 0.0853783
2 0.285773 0.584156 0.0278712 0.0460634
2 0.225894 0.619165 0.0616465 0.0671772
2 0.250972 0.587828 0.062928 0.0820374
2 0.093826 0.594611 0.0223338 0.0252765
7 0.125462 0.53848 0.0539049 0.0703632
7 0.0288567 0.595716 0.0251857 0.0423516
2 0.0286782 0.598847 0.026326 0.0457213
2 0.237443 0.615021 0.0433535 0.0634094
2 0.547399 0.574923 0.0331639 0.0343248
2 0.339548 0.582895 0.0253842 0.0217351
2 0.0491205 0.608263 0.0163799 0.0373492
2 0.309343 0.582543 0.0120082 0.0272555
2 0.0121487 0.611075 0.0239756 0.0370014
2 0.357641 0.575118 0.0279248 0.0263118
2 0.408829 0.576841 0.0580466 0.0405875
2 0.333478 0.584813 0.0180124 0.0231429
2 0.208313 0.620695 0.0270826 0.0624511
2 0.423737 0.575885 0.0319704 0.0392419
2 0.11875 0.652038 0.082257 0.0993227
2 0.389255 0.621049 0.0971066 0.0975765
2 0.885095 0.569504 0.104751 0.0733356
2 0.576735 0.590197 0.0895932 0.0608973
2 0.0666998 0.632031 0.0487018 0.0764114
3 0.228679 0.700123 0.0527345 0.110862
0 0.227732 0.655799 0.0371914 0.130604
7 0.140678 0.605817 0.0779691 0.105526
7 0.463607 0.576106 0.0671181 0.0740577
0 0.983096 0.567178 0.0189926 0.0728685
0 0.731467 0.580853 0.0130146 0.0632638
2 0.0122907 0.617431 0.0240016 0.0273655
7 0.250366 0.587806 0.0640554 0.0853783
2 0.285773 0.584156 0.0278712 0.0460634
2 0.225894 0.619165 0.0616465 0.0671772
2 0.250972 0.587828 0.062928 0.0820374
2 0.093826 0.594611 0.0223338 0.0252765
7 0.125462 0.53848 0.0539049 0.0703632
7 0.0288567 0.595716 0.0251857 0.0423516
2 0.0286782 0.598847 0.026326 0.0457213
2 0.237443 0.615021 0.0433535 0.0634094
2 0.547399 0.574923 0.0331639 0.0343248
2 0.339548 0.582895 0.0253842 0.0217351
2 0.0491205 0.608263 0.0163799 0.0373492
2 0.309343 0.582543 0.0120082 0.0272555
2 0.0121487 0.611075 0.0239756 0.0370014
2 0.357641 0.575118 0.0279248 0.0263118
2 0.408829 0.576841 0.0580466 0.0405875
2 0.333478 0.584813 0.0180124 0.0231429
2 0.208313 0.620695 0.0270826 0.0624511
2 0.423737 0.575885 0.0319704 0.0392419
2 0.11875 0.652038 0.082257 0.0993227
2 0.389255 0.621049 0.0971066 0.0975765
2 0.885095 0.569504 0.104751 0.0733356
2 0.576735 0.590197 0.0895932 0.0608973
2 0.0666998 0.632031 0.0487018 0.0764114
3 0.228679 0.700123 0.0527345 0.110862
0 0.227732 0.655799 0.0371914 0.130604
7 0.140678 0.605817 0.0779691 0.105526
7 0.463607 0.576106 0.0671181 0.0740577
0 0.983096 0.567178 0.0189926 0.0728685
0 0.731467 0.580853 0.0130146 0.0632638
2 0.0122907 0.617431 0.0240016 0.0273655
7 0.250366 0.587806 0.0640554 0.0853783
2 0.285773 0.584156 0.0278712 0.0460634
2 0.225894 0.619165 0.0616465 0.0671772
2 0.250972 0.587828 0.062928 0.0820374
2 0.093826 0.594611 0.0223338 0.0252765
7 0.125462 0.53848 0.0539049 0.0703632
7 0.0288567 0.595716 0.0251857 0.0423516
2 0.0286782 0.598847 0.026326 0.0457213
2 0.237443 0.615021 0.0433535 0.0634094
2 0.547399 0.574923 0.0331639 0.0343248
2 0.339548 0.582895 0.0253842 0.0217351
2 0.0491205 0.608263 0.0163799 0.0373492
2 0.309343 0.582543 0.0120082 0.0272555
2 0.0121487 0.611075 0.0239756 0.0370014
2 0.357641 0.575118 0.0279248 0.0263118
2 0.408829 0.576841 0.0580466 0.0405875
2 0.333478 0.584813 0.0180124 0.0231429
2 0.208313 0.620695 0.0270826 0.0624511
2 0.423737 0.575885 0.0319704 0.0392419
2 0.389318 0.621922 0.0962802 0.0958977
2 0.118529 0.653401 0.0832114 0.101322
2 0.884666 0.569454 0.105479 0.0737224
2 0.576254 0.590108 0.0910221 0.0604967
2 0.0673738 0.634866 0.0487258 0.0724727
2 0.227642 0.620516 0.0654547 0.0649245
7 0.462839 0.577267 0.0675297 0.0716312
3 0.229134 0.697161 0.0507329 0.115458
0 0.983566 0.567712 0.019594 0.0734843
7 0.141272 0.60522 0.0757116 0.104609
0 0.731757 0.579492 0.0129522 0.06023
0 0.228483 0.6529 0.0363088 0.128893
2 0.548159 0.574233 0.0351328 0.0332987
2 0.285829 0.586892 0.0283453 0.0467523
2 0.0115746 0.614087 0.0220288 0.0292658
2 0.389318 0.621922 0.0962802 0.0958977
2 0.118529 0.653401 0.0832114 0.101322
2 0.884666 0.569454 0.105479 0.0737224
2 0.576254 0.590108 0.0910221 0.0604967
2 0.0673738 0.634866 0.0487258 0.0724727
2 0.227642 0.620516 0.0654547 0.0649245
7 0.462839 0.577267 0.0675297 0.0716312
3 0.229134 0.697161 0.0507329 0.115458
0 0.983566 0.567712 0.019594 0.0734843
7 0.141272 0.60522 0.0757116 0.104609
0 0.731757 0.579492 0.0129522 0.06023
0 0.228483 0.6529 0.0363088 0.128893
2 0.548159 0.574233 0.0351328 0.0332987
2 0.285829 0.586892 0.0283453 0.0467523
2 0.0115746 0.614087 0.0220288 0.0292658
2 0.389318 0.621922 0.0962802 0.0958977
2 0.118529 0.653401 0.0832114 0.101322
2 0.884666 0.569454 0.105479 0.0737224
2 0.576254 0.590108 0.0910221 0.0604967
2 0.0673738 0.634866 0.0487258 0.0724727
2 0.227642 0.620516 0.0654547 0.0649245
7 0.462839 0.577267 0.0675297 0.0716312
3 0.229134 0.697161 0.0507329 0.115458
0 0.983566 0.567712 0.019594 0.0734843
7 0.141272 0.60522 0.0757116 0.104609
0 0.731757 0.579492 0.0129522 0.06023
0 0.228483 0.6529 0.0363088 0.128893
2 0.548159 0.574233 0.0351328 0.0332987
2 0.285829 0.586892 0.0283453 0.0467523
2 0.0115746 0.614087 0.0220288 0.0292658
2 0.389318 0.621922 0.0962802 0.0958977
2 0.118529 0.653401 0.0832114 0.101322
2 0.884666 0.569454 0.105479 0.0737224
2 0.576254 0.590108 0.0910221 0.0604967
2 0.0673738 0.634866 0.0487258 0.0724727
2 0.227642 0.620516 0.0654547 0.0649245
7 0.462839 0.577267 0.0675297 0.0716312
3 0.229134 0.697161 0.0507329 0.115458
0 0.983566 0.567712 0.019594 0.0734843
7 0.141272 0.60522 0.0757116 0.104609
0 0.731757 0.579492 0.0129522 0.06023
0 0.228483 0.6529 0.0363088 0.128893
2 0.548159 0.574233 0.0351328 0.0332987
2 0.285829 0.586892 0.0283453 0.0467523
2 0.0115746 0.614087 0.0220288 0.0292658
2 0.389318 0.621922 0.0962802 0.0958977
2 0.118529 0.653401 0.0832114 0.101322
2 0.884666 0.569454 0.105479 0.0737224
2 0.576254 0.590108 0.0910221 0.0604967
2 0.0673738 0.634866 0.0487258 0.0724727
2 0.227642 0.620516 0.0654547 0.0649245
7 0.462839 0.577267 0.0675297 0.0716312
3 0.229134 0.697161 0.0507329 0.115458
0 0.983566 0.567712 0.019594 0.0734843
7 0.141272 0.60522 0.0757116 0.104609
0 0.731757 0.579492 0.0129522 0.06023
0 0.228483 0.6529 0.0363088 0.128893
2 0.548159 0.574233 0.0351328 0.0332987
2 0.285829 0.586892 0.0283453 0.0467523
2 0.0115746 0.614087 0.0220288 0.0292658
2 0.389318 0.621922 0.0962802 0.0958977
2 0.118529 0.653401 0.0832114 0.101322
2 0.884666 0.569454 0.105479 0.0737224
2 0.576254 0.590108 0.0910221 0.0604967
2 0.0673738 0.634866 0.0487258 0.0724727
2 0.227642 0.620516 0.0654547 0.0649245
7 0.462839 0.577267 0.0675297 0.0716312
3 0.229134 0.697161 0.0507329 0.115458
0 0.983566 0.567712 0.019594 0.0734843
7 0.141272 0.60522 0.0757116 0.104609
0 0.731757 0.579492 0.0129522 0.06023
0 0.228483 0.6529 0.0363088 0.128893
2 0.548159 0.574233 0.0351328 0.0332987
2 0.285829 0.586892 0.0283453 0.0467523
2 0.0115746 0.614087 0.0220288 0.0292658
2 0.389318 0.621922 0.0962802 0.0958977
2 0.118529 0.653401 0.0832114 0.101322
2 0.884666 0.569454 0.105479 0.0737224
2 0.576254 0.590108 0.0910221 0.0604967
2 0.0673738 0.634866 0.0487258 0.0724727
2 0.227642 0.620516 0.0654547 0.0649245
7 0.462839 0.577267 0.0675297 0.0716312
3 0.229134 0.697161 0.0507329 0.115458
0 0.983566 0.567712 0.019594 0.0734843
7 0.141272 0.60522 0.0757116 0.104609
0 0.731757 0.579492 0.0129522 0.06023
0 0.228483 0.6529 0.0363088 0.128893
2 0.548159 0.574233 0.0351328 0.0332987
2 0.285829 0.586892 0.0283453 0.0467523
2 0.0115746 0.614087 0.0220288 0.0292658
2 0.389318 0.621922 0.0962802 0.0958977
2 0.118529 0.653401 0.0832114 0.101322
2 0.884666 0.569454 0.105479 0.0737224
2 0.576254 0.590108 0.0910221 0.0604967
2 0.0673738 0.634866 0.0487258 0.0724727
2 0.227642 0.620516 0.0654547 0.0649245
7 0.462839 0.577267 0.0675297 0.0716312
3 0.229134 0.697161 0.0507329 0.115458
0 0.983566 0.567712 0.019594 0.0734843
7 0.141272 0.60522 0.0757116 0.104609
0 0.731757 0.579492 0.0129522 0.06023
0 0.228483 0.6529 0.0363088 0.128893
2 0.548159 0.574233 0.0351328 0.0332987
2 0.285829 0.586892 0.0283453 0.0467523
2 0.0115746 0.614087 0.0220288 0.0292658
7 0.0287239 0.598943 0.0266422 0.0473078
7 0.250035 0.586907 0.0636024 0.0834758
2 0.504165 0.57376 0.022477 0.0379224
2 0.422878 0.575191 0.0302025 0.0372997
7 0.184364 0.589823 0.0408804 0.074697
2 0.0286388 0.598801 0.026567 0.0447979
2 0.0940136 0.597379 0.0200914 0.0213323
