2 0.727093 0.633038 0.210303 0.168527
3 0.614746 0.79127 0.161399 0.290465
2 0.257878 0.670038 0.130152 0.153206
0 0.60227 0.703804 0.0801558 0.300344
2 0.161191 0.636401 0.0718806 0.093467
2 0.931899 0.55715 0.112165 0.0754674
2 0.366119 0.616502 0.0902466 0.0888006
2 0.0157788 0.64048 0.0314226 0.0859817
0 0.0370885 0.655218 0.0254509 0.126683
2 0.0716575 0.607588 0.031933 0.0400278
7 0.256049 0.581753 0.106685 0.105893
0 0.787593 0.564452 0.0145496 0.0594532
7 0.345384 0.574542 0.0722877 0.0961795
2 0.140675 0.59663 0.0528003 0.0472967
2 0.426963 0.583462 0.0556479 0.04048
7 0.0872866 0.589215 0.0287483 0.0502904
0 0.619201 0.56746 0.0119674 0.0486747
2 0.493444 0.567984 0.057503 0.0433609
2 0.192303 0.599698 0.0247161 0.0420427
2 0.0573872 0.602327 0.0201071 0.0361965
2 0.186579 0.596703 0.036366 0.0428212
2 0.566925 0.570357 0.0328291 0.0281754
2 0.575338 0.56724 0.049356 0.0338632
7 0.966681 0.529917 0.0660303 0.120797
5 0.427099 0.558148 0.050816 0.0474019
2 0.53269 0.567183 0.0260834 0.0320075
2 0.022296 0.595157 0.02159 0.0333089
2 0.58573 0.566351 0.0296109 0.0339708
2 0.392923 0.576372 0.0189777 0.0319678
2 0.727093 0.633038 0.210303 0.168527
3 0.614746 0.79127 0.161399 0.290465
2 0.257878 0.670038 0.130152 0.153206
0 0.60227 0.703804 0.0801558 0.300344
2 0.161191 0.636401 0.0718806 0.093467
2 0.931899 0.55715 0.112165 0.0754674
2 0.366119 0.616502 0.0902466 0.0888006
2 0.0157788 0.64048 0.0314226 0.0859817
0 0.0370885 0.655218 0.0254509 0.126683
2 0.0716575 0.607588 0.031933 0.0400278
7 0.256049 0.581753 0.106685 0.105893
0 0.787593 0.564452 0.0145496 0.0594532
7 0.345384 0.574542 0.0722877 0.0961795
2 0.140675 0.59663 0.0528003 0.0472967
2 0.426963 0.583462 0.0556479 0.04048
7 0.0872866 0.589215 0.0287483 0.0502904
0 0.619201 0.56746 0.0119674 0.0486747
2 0.493444 0.567984 0.057503 0.0433609
2 0.192303 0.599698 0.0247161 0.0420427
2 0.0573872 0.602327 0.0201071 0.0361965
2 0.186579 0.596703 0.036366 0.0428212
2 0.566925 0.570357 0.0328291 0.0281754
2 0.575338 0.56724 0.049356 0.0338632
7 0.966681 0.529917 0.0660303 0.120797
5 0.427099 0.558148 0.050816 0.0474019
2 0.53269 0.567183 0.0260834 0.0320075
2 0.022296 0.595157 0.02159 0.0333089
2 0.58573 0.566351 0.0296109 0.0339708
2 0.392923 0.576372 0.0189777 0.0319678
2 0.727093 0.633038 0.210303 0.168527
3 0.614746 0.79127 0.161399 0.290465
2 0.257878 0.670038 0.130152 0.153206
0 0.60227 0.703804 0.0801558 0.300344
2 0.161191 0.636401 0.0718806 0.093467
2 0.931899 0.55715 0.112165 0.0754674
2 0.366119 0.616502 0.0902466 0.0888006
2 0.0157788 0.64048 0.0314226 0.0859817
0 0.0370885 0.655218 0.0254509 0.126683
2 0.0716575 0.607588 0.031933 0.0400278
7 0.256049 0.581753 0.106685 0.105893
0 0.787593 0.564452 0.0145496 0.0594532
7 0.345384 0.574542 0.0722877 0.0961795
2 0.140675 0.59663 0.0528003 0.0472967
2 0.426963 0.583462 0.0556479 0.04048
7 0.0872866 0.589215 0.0287483 0.0502904
0 0.619201 0.56746 0.0119674 0.0486747
2 0.493444 0.567984 0.057503 0.0433609
2 0.192303 0.599698 0.0247161 0.0420427
2 0.0573872 0.602327 0.0201071 0.0361965
2 0.186579 0.596703 0.036366 0.0428212
2 0.566925 0.570357 0.0328291 0.0281754
2 0.575338 0.56724 0.049356 0.0338632
7 0.966681 0.529917 0.0660303 0.120797
5 0.427099 0.558148 0.050816 0.0474019
2 0.53269 0.567183 0.0260834 0.0320075
2 0.022296 0.595157 0.02159 0.0333089
2 0.58573 0.566351 0.0296109 0.0339708
2 0.392923 0.576372 0.0189777 0.0319678
2 0.727093 0.633038 0.210303 0.168527
3 0.614746 0.79127 0.161399 0.290465
2 0.257878 0.670038 0.130152 0.153206
0 0.60227 0.703804 0.0801558 0.300344
2 0.161191 0.636401 0.0718806 0.093467
2 0.931899 0.55715 0.112165 0.0754674
2 0.366119 0.616502 0.0902466 0.0888006
2 0.0157788 0.64048 0.0314226 0.0859817
0 0.0370885 0.655218 0.0254509 0.126683
2 0.0716575 0.607588 0.031933 0.0400278
7 0.256049 0.581753 0.106685 0.105893
0 0.787593 0.564452 0.0145496 0.0594532
7 0.345384 0.574542 0.0722877 0.0961795
2 0.140675 0.59663 0.0528003 0.0472967
2 0.426963 0.583462 0.0556479 0.04048
7 0.0872866 0.589215 0.0287483 0.0502904
0 0.619201 0.56746 0.0119674 0.0486747
2 0.493444 0.567984 0.057503 0.0433609
2 0.192303 0.599698 0.0247161 0.0420427
2 0.0573872 0.602327 0.0201071 0.0361965
2 0.186579 0.596703 0.036366 0.0428212
2 0.566925 0.570357 0.0328291 0.0281754
2 0.575338 0.56724 0.049356 0.0338632
7 0.966681 0.529917 0.0660303 0.120797
5 0.427099 0.558148 0.050816 0.0474019
2 0.53269 0.567183 0.0260834 0.0320075
2 0.022296 0.595157 0.02159 0.0333089
2 0.58573 0.566351 0.0296109 0.0339708
2 0.392923 0.576372 0.0189777 0.0319678
