7 0.485454 0.622811 0.182299 0.164765
2 0.164307 0.625915 0.0583765 0.0664714
7 0.577879 0.584367 0.096811 0.0982813
2 0.0643385 0.628488 0.0507998 0.0563942
2 0.80609 0.583914 0.0993999 0.0703517
0 0.897655 0.583156 0.0162014 0.0700077
2 0.301744 0.598469 0.0643627 0.0563329
7 0.188061 0.596194 0.0417405 0.0553677
2 0.0140426 0.618567 0.0280851 0.0785907
5 0.274385 0.593464 0.0530066 0.0601528
0 0.641823 0.593331 0.0137775 0.0553953
3 0.00526207 0.665232 0.0105241 0.0851074
7 0.111103 0.604749 0.0552259 0.0733497
2 0.384537 0.591689 0.0601863 0.0458457
2 0.111059 0.603926 0.0556628 0.0758426
2 0.357213 0.591693 0.0319313 0.0429838
2 0.316413 0.598148 0.0352983 0.0553972
7 0.0141113 0.616836 0.0282113 0.0863227
7 0.485454 0.622811 0.182299 0.164765
2 0.164307 0.625915 0.0583765 0.0664714
7 0.577879 0.584367 0.096811 0.0982813
2 0.0643385 0.628488 0.0507998 0.0563942
2 0.80609 0.583914 0.0993999 0.0703517
0 0.897655 0.583156 0.0162014 0.0700077
2 0.301744 0.598469 0.0643627 0.0563329
7 0.188061 0.596194 0.0417405 0.0553677
2 0.0140426 0.618567 0.0280851 0.0785907
5 0.274385 0.593464 0.0530066 0.0601528
0 0.641823 0.593331 0.0137775 0.0553953
3 0.00526207 0.665232 0.0105241 0.0851074
7 0.111103 0.604749 0.0552259 0.0733497
2 0.384537 0.591689 0.0601863 0.0458457
2 0.111059 0.603926 0.0556628 0.0758426
2 0.357213 0.591693 0.0319313 0.0429838
2 0.316413 0.598148 0.0352983 0.0553972
7 0.0141113 0.616836 0.0282113 0.0863227
7 0.485454 0.622811 0.182299 0.164765
2 0.164307 0.625915 0.0583765 0.0664714
7 0.577879 0.584367 0.096811 0.0982813
2 0.0643385 0.628488 0.0507998 0.0563942
2 0.80609 0.583914 0.0993999 0.0703517
0 0.897655 0.583156 0.0162014 0.0700077
2 0.301744 0.598469 0.0643627 0.0563329
7 0.188061 0.596194 0.0417405 0.0553677
2 0.0140426 0.618567 0.0280851 0.0785907
5 0.274385 0.593464 0.0530066 0.0601528
0 0.641823 0.593331 0.0137775 0.0553953
3 0.00526207 0.665232 0.0105241 0.0851074
7 0.111103 0.604749 0.0552259 0.0733497
2 0.384537 0.591689 0.0601863 0.0458457
2 0.111059 0.603926 0.0556628 0.0758426
2 0.357213 0.591693 0.0319313 0.0429838
2 0.316413 0.598148 0.0352983 0.0553972
7 0.0141113 0.616836 0.0282113 0.0863227
7 0.485454 0.622811 0.182299 0.164765
2 0.164307 0.625915 0.0583765 0.0664714
7 0.577879 0.584367 0.096811 0.0982813
2 0.0643385 0.628488 0.0507998 0.0563942
2 0.80609 0.583914 0.0993999 0.0703517
0 0.897655 0.583156 0.0162014 0.0700077
2 0.301744 0.598469 0.0643627 0.0563329
7 0.188061 0.596194 0.0417405 0.0553677
2 0.0140426 0.618567 0.0280851 0.0785907
5 0.274385 0.593464 0.0530066 0.0601528
0 0.641823 0.593331 0.0137775 0.0553953
3 0.00526207 0.665232 0.0105241 0.0851074
7 0.111103 0.604749 0.0552259 0.0733497
2 0.384537 0.591689 0.0601863 0.0458457
2 0.111059 0.603926 0.0556628 0.0758426
2 0.357213 0.591693 0.0319313 0.0429838
2 0.316413 0.598148 0.0352983 0.0553972
7 0.0141113 0.616836 0.0282113 0.0863227
7 0.485454 0.622811 0.182299 0.164765
2 0.164307 0.625915 0.0583765 0.0664714
7 0.577879 0.584367 0.096811 0.0982813
2 0.0643385 0.628488 0.0507998 0.0563942
2 0.80609 0.583914 0.0993999 0.0703517
0 0.897655 0.583156 0.0162014 0.0700077
2 0.301744 0.598469 0.0643627 0.0563329
7 0.188061 0.596194 0.0417405 0.0553677
2 0.0140426 0.618567 0.0280851 0.0785907
5 0.274385 0.593464 0.0530066 0.0601528
0 0.641823 0.593331 0.0137775 0.0553953
3 0.00526207 0.665232 0.0105241 0.0851074
7 0.111103 0.604749 0.0552259 0.0733497
2 0.384537 0.591689 0.0601863 0.0458457
2 0.111059 0.603926 0.0556628 0.0758426
2 0.357213 0.591693 0.0319313 0.0429838
2 0.316413 0.598148 0.0352983 0.0553972
7 0.0141113 0.616836 0.0282113 0.0863227
7 0.485454 0.622811 0.182299 0.164765
2 0.164307 0.625915 0.0583765 0.0664714
7 0.577879 0.584367 0.096811 0.0982813
2 0.0643385 0.628488 0.0507998 0.0563942
2 0.80609 0.583914 0.0993999 0.0703517
0 0.897655 0.583156 0.0162014 0.0700077
2 0.301744 0.598469 0.0643627 0.0563329
7 0.188061 0.596194 0.0417405 0.0553677
2 0.0140426 0.618567 0.0280851 0.0785907
5 0.274385 0.593464 0.0530066 0.0601528
0 0.641823 0.593331 0.0137775 0.0553953
3 0.00526207 0.665232 0.0105241 0.0851074
7 0.111103 0.604749 0.0552259 0.0733497
2 0.384537 0.591689 0.0601863 0.0458457
2 0.111059 0.603926 0.0556628 0.0758426
2 0.357213 0.591693 0.0319313 0.0429838
2 0.316413 0.598148 0.0352983 0.0553972
7 0.0141113 0.616836 0.0282113 0.0863227
7 0.485454 0.622811 0.182299 0.164765
2 0.164307 0.625915 0.0583765 0.0664714
7 0.577879 0.584367 0.096811 0.0982813
2 0.0643385 0.628488 0.0507998 0.0563942
2 0.80609 0.583914 0.0993999 0.0703517
0 0.897655 0.583156 0.0162014 0.0700077
2 0.301744 0.598469 0.0643627 0.0563329
7 0.188061 0.596194 0.0417405 0.0553677
2 0.0140426 0.618567 0.0280851 0.0785907
5 0.274385 0.593464 0.0530066 0.0601528
0 0.641823 0.593331 0.0137775 0.0553953
3 0.00526207 0.665232 0.0105241 0.0851074
7 0.111103 0.604749 0.0552259 0.0733497
2 0.384537 0.591689 0.0601863 0.0458457
2 0.111059 0.603926 0.0556628 0.0758426
2 0.357213 0.591693 0.0319313 0.0429838
2 0.316413 0.598148 0.0352983 0.0553972
7 0.0141113 0.616836 0.0282113 0.0863227
7 0.485454 0.622811 0.182299 0.164765
2 0.164307 0.625915 0.0583765 0.0664714
7 0.577879 0.584367 0.096811 0.0982813
2 0.0643385 0.628488 0.0507998 0.0563942
2 0.80609 0.583914 0.0993999 0.0703517
0 0.897655 0.583156 0.0162014 0.0700077
2 0.301744 0.598469 0.0643627 0.0563329
7 0.188061 0.596194 0.0417405 0.0553677
2 0.0140426 0.618567 0.0280851 0.0785907
5 0.274385 0.593464 0.0530066 0.0601528
0 0.641823 0.593331 0.0137775 0.0553953
3 0.00526207 0.665232 0.0105241 0.0851074
7 0.111103 0.604749 0.0552259 0.0733497
2 0.384537 0.591689 0.0601863 0.0458457
2 0.111059 0.603926 0.0556628 0.0758426
2 0.357213 0.591693 0.0319313 0.0429838
2 0.316413 0.598148 0.0352983 0.0553972
7 0.0141113 0.616836 0.0282113 0.0863227
7 0.485454 0.622811 0.182299 0.164765
2 0.164307 0.625915 0.0583765 0.0664714
7 0.577879 0.584367 0.096811 0.0982813
2 0.0643385 0.628488 0.0507998 0.0563942
2 0.80609 0.583914 0.0993999 0.0703517
0 0.897655 0.583156 0.0162014 0.0700077
2 0.301744 0.598469 0.0643627 0.0563329
7 0.188061 0.596194 0.0417405 0.0553677
2 0.0140426 0.618567 0.0280851 0.0785907
5 0.274385 0.593464 0.0530066 0.0601528
0 0.641823 0.593331 0.0137775 0.0553953
3 0.00526207 0.665232 0.0105241 0.0851074
7 0.111103 0.604749 0.0552259 0.0733497
2 0.384537 0.591689 0.0601863 0.0458457
2 0.111059 0.603926 0.0556628 0.0758426
2 0.357213 0.591693 0.0319313 0.0429838
2 0.316413 0.598148 0.0352983 0.0553972
7 0.0141113 0.616836 0.0282113 0.0863227
7 0.485454 0.622811 0.182299 0.164765
2 0.164307 0.625915 0.0583765 0.0664714
7 0.577879 0.584367 0.096811 0.0982813
2 0.0643385 0.628488 0.0507998 0.0563942
2 0.80609 0.583914 0.0993999 0.0703517
0 0.897655 0.583156 0.0162014 0.0700077
2 0.301744 0.598469 0.0643627 0.0563329
7 0.188061 0.596194 0.0417405 0.0553677
2 0.0140426 0.618567 0.0280851 0.0785907
5 0.274385 0.593464 0.0530066 0.0601528
0 0.641823 0.593331 0.0137775 0.0553953
3 0.00526207 0.665232 0.0105241 0.0851074
7 0.111103 0.604749 0.0552259 0.0733497
2 0.384537 0.591689 0.0601863 0.0458457
2 0.111059 0.603926 0.0556628 0.0758426
2 0.357213 0.591693 0.0319313 0.0429838
2 0.316413 0.598148 0.0352983 0.0553972
7 0.0141113 0.616836 0.0282113 0.0863227
7 0.485454 0.622811 0.182299 0.164765
2 0.164307 0.625915 0.0583765 0.0664714
7 0.577879 0.584367 0.096811 0.0982813
2 0.0643385 0.628488 0.0507998 0.0563942
2 0.80609 0.583914 0.0993999 0.0703517
0 0.897655 0.583156 0.0162014 0.0700077
2 0.301744 0.598469 0.0643627 0.0563329
7 0.188061 0.596194 0.0417405 0.0553677
2 0.0140426 0.618567 0.0280851 0.0785907
5 0.274385 0.593464 0.0530066 0.0601528
0 0.641823 0.593331 0.0137775 0.0553953
3 0.00526207 0.665232 0.0105241 0.0851074
7 0.111103 0.604749 0.0552259 0.0733497
2 0.384537 0.591689 0.0601863 0.0458457
2 0.111059 0.603926 0.0556628 0.0758426
2 0.357213 0.591693 0.0319313 0.0429838
2 0.316413 0.598148 0.0352983 0.0553972
7 0.0141113 0.616836 0.0282113 0.0863227
2 0.164259 0.625057 0.0595469 0.0671571
2 0.805508 0.584158 0.098625 0.0704239
7 0.485331 0.624 0.183443 0.162584
2 0.063423 0.628618 0.0513514 0.0551566
7 0.577896 0.584548 0.0975357 0.0991642
0 0.897467 0.583269 0.016452 0.0695766
7 0.188357 0.596112 0.041833 0.0556562
7 0.110301 0.604386 0.0542133 0.074744
0 0.642397 0.593585 0.013061 0.0558736
3 0.00579803 0.6655 0.0115069 0.0876131
2 0.164259 0.625057 0.0595469 0.0671571
2 0.805508 0.584158 0.098625 0.0704239
7 0.485331 0.624 0.183443 0.162584
2 0.063423 0.628618 0.0513514 0.0551566
7 0.577896 0.584548 0.0975357 0.0991642
0 0.897467 0.583269 0.016452 0.0695766
7 0.188357 0.596112 0.041833 0.0556562
7 0.110301 0.604386 0.0542133 0.074744
0 0.642397 0.593585 0.013061 0.0558736
3 0.00579803 0.6655 0.0115069 0.0876131
