2 0.59233 0.74465 0.312565 0.327071
2 0.297179 0.648551 0.11506 0.136442
2 0.960749 0.544506 0.0777294 0.0737578
2 0.611496 0.610915 0.144682 0.122449
5 0.427909 0.594436 0.160926 0.209047
2 0.198754 0.591588 0.0420388 0.0474845
2 0.0434013 0.63351 0.0563457 0.0827718
0 0.0783085 0.648747 0.0235686 0.130802
2 0.135573 0.604664 0.0374331 0.0420109
5 0.330933 0.574504 0.0428396 0.112437
0 0.841321 0.549277 0.0146839 0.0697449
2 0.267176 0.589683 0.0593906 0.0586862
2 0.226445 0.584767 0.0268478 0.0368773
2 0.111328 0.599203 0.0239532 0.0417611
0 0.670747 0.560325 0.0158779 0.0612378
0 0.645376 0.552315 0.01113 0.0331512
7 0.144828 0.579996 0.0313 0.0504019
0 0.525907 0.667975 0.0480381 0.0705953
7 0.212987 0.542448 0.0540297 0.104826
2 0.270925 0.573096 0.0509646 0.0310949
2 0.0163553 0.609902 0.0247994 0.0343274
1 0.0782008 0.680152 0.0195846 0.0709956
0 0.670473 0.551021 0.0139854 0.0420337
2 0.499705 0.545443 0.0489002 0.0865245
2 0.996011 0.629062 0.00724144 0.0396745
2 0.59233 0.74465 0.312565 0.327071
2 0.297179 0.648551 0.11506 0.136442
2 0.960749 0.544506 0.0777294 0.0737578
2 0.611496 0.610915 0.144682 0.122449
5 0.427909 0.594436 0.160926 0.209047
2 0.198754 0.591588 0.0420388 0.0474845
2 0.0434013 0.63351 0.0563457 0.0827718
0 0.0783085 0.648747 0.0235686 0.130802
2 0.135573 0.604664 0.0374331 0.0420109
5 0.330933 0.574504 0.0428396 0.112437
0 0.841321 0.549277 0.0146839 0.0697449
2 0.267176 0.589683 0.0593906 0.0586862
2 0.226445 0.584767 0.0268478 0.0368773
2 0.111328 0.599203 0.0239532 0.0417611
0 0.670747 0.560325 0.0158779 0.0612378
0 0.645376 0.552315 0.01113 0.0331512
7 0.144828 0.579996 0.0313 0.0504019
0 0.525907 0.667975 0.0480381 0.0705953
7 0.212987 0.542448 0.0540297 0.104826
2 0.270925 0.573096 0.0509646 0.0310949
2 0.0163553 0.609902 0.0247994 0.0343274
1 0.0782008 0.680152 0.0195846 0.0709956
0 0.670473 0.551021 0.0139854 0.0420337
2 0.499705 0.545443 0.0489002 0.0865245
2 0.996011 0.629062 0.00724144 0.0396745
2 0.59233 0.74465 0.312565 0.327071
2 0.297179 0.648551 0.11506 0.136442
2 0.960749 0.544506 0.0777294 0.0737578
2 0.611496 0.610915 0.144682 0.122449
5 0.427909 0.594436 0.160926 0.209047
2 0.198754 0.591588 0.0420388 0.0474845
2 0.0434013 0.63351 0.0563457 0.0827718
0 0.0783085 0.648747 0.0235686 0.130802
2 0.135573 0.604664 0.0374331 0.0420109
5 0.330933 0.574504 0.0428396 0.112437
0 0.841321 0.549277 0.0146839 0.0697449
2 0.267176 0.589683 0.0593906 0.0586862
2 0.226445 0.584767 0.0268478 0.0368773
2 0.111328 0.599203 0.0239532 0.0417611
0 0.670747 0.560325 0.0158779 0.0612378
0 0.645376 0.552315 0.01113 0.0331512
7 0.144828 0.579996 0.0313 0.0504019
0 0.525907 0.667975 0.0480381 0.0705953
7 0.212987 0.542448 0.0540297 0.104826
2 0.270925 0.573096 0.0509646 0.0310949
2 0.0163553 0.609902 0.0247994 0.0343274
1 0.0782008 0.680152 0.0195846 0.0709956
0 0.670473 0.551021 0.0139854 0.0420337
2 0.499705 0.545443 0.0489002 0.0865245
2 0.996011 0.629062 0.00724144 0.0396745
2 0.59233 0.74465 0.312565 0.327071
2 0.297179 0.648551 0.11506 0.136442
2 0.960749 0.544506 0.0777294 0.0737578
2 0.611496 0.610915 0.144682 0.122449
5 0.427909 0.594436 0.160926 0.209047
2 0.198754 0.591588 0.0420388 0.0474845
2 0.0434013 0.63351 0.0563457 0.0827718
0 0.0783085 0.648747 0.0235686 0.130802
2 0.135573 0.604664 0.0374331 0.0420109
5 0.330933 0.574504 0.0428396 0.112437
0 0.841321 0.549277 0.0146839 0.0697449
2 0.267176 0.589683 0.0593906 0.0586862
2 0.226445 0.584767 0.0268478 0.0368773
2 0.111328 0.599203 0.0239532 0.0417611
0 0.670747 0.560325 0.0158779 0.0612378
0 0.645376 0.552315 0.01113 0.0331512
7 0.144828 0.579996 0.0313 0.0504019
0 0.525907 0.667975 0.0480381 0.0705953
7 0.212987 0.542448 0.0540297 0.104826
2 0.270925 0.573096 0.0509646 0.0310949
2 0.0163553 0.609902 0.0247994 0.0343274
1 0.0782008 0.680152 0.0195846 0.0709956
0 0.670473 0.551021 0.0139854 0.0420337
2 0.499705 0.545443 0.0489002 0.0865245
2 0.996011 0.629062 0.00724144 0.0396745
2 0.59233 0.74465 0.312565 0.327071
2 0.297179 0.648551 0.11506 0.136442
2 0.960749 0.544506 0.0777294 0.0737578
2 0.611496 0.610915 0.144682 0.122449
5 0.427909 0.594436 0.160926 0.209047
2 0.198754 0.591588 0.0420388 0.0474845
2 0.0434013 0.63351 0.0563457 0.0827718
0 0.0783085 0.648747 0.0235686 0.130802
2 0.135573 0.604664 0.0374331 0.0420109
5 0.330933 0.574504 0.0428396 0.112437
0 0.841321 0.549277 0.0146839 0.0697449
2 0.267176 0.589683 0.0593906 0.0586862
2 0.226445 0.584767 0.0268478 0.0368773
2 0.111328 0.599203 0.0239532 0.0417611
0 0.670747 0.560325 0.0158779 0.0612378
0 0.645376 0.552315 0.01113 0.0331512
7 0.144828 0.579996 0.0313 0.0504019
0 0.525907 0.667975 0.0480381 0.0705953
7 0.212987 0.542448 0.0540297 0.104826
2 0.270925 0.573096 0.0509646 0.0310949
2 0.0163553 0.609902 0.0247994 0.0343274
1 0.0782008 0.680152 0.0195846 0.0709956
0 0.670473 0.551021 0.0139854 0.0420337
2 0.499705 0.545443 0.0489002 0.0865245
2 0.996011 0.629062 0.00724144 0.0396745
2 0.59233 0.74465 0.312565 0.327071
2 0.297179 0.648551 0.11506 0.136442
2 0.960749 0.544506 0.0777294 0.0737578
2 0.611496 0.610915 0.144682 0.122449
5 0.427909 0.594436 0.160926 0.209047
2 0.198754 0.591588 0.0420388 0.0474845
2 0.0434013 0.63351 0.0563457 0.0827718
0 0.0783085 0.648747 0.0235686 0.130802
2 0.135573 0.604664 0.0374331 0.0420109
5 0.330933 0.574504 0.0428396 0.112437
0 0.841321 0.549277 0.0146839 0.0697449
2 0.267176 0.589683 0.0593906 0.0586862
2 0.226445 0.584767 0.0268478 0.0368773
2 0.111328 0.599203 0.0239532 0.0417611
0 0.670747 0.560325 0.0158779 0.0612378
0 0.645376 0.552315 0.01113 0.0331512
7 0.144828 0.579996 0.0313 0.0504019
0 0.525907 0.667975 0.0480381 0.0705953
7 0.212987 0.542448 0.0540297 0.104826
2 0.270925 0.573096 0.0509646 0.0310949
2 0.0163553 0.609902 0.0247994 0.0343274
1 0.0782008 0.680152 0.0195846 0.0709956
0 0.670473 0.551021 0.0139854 0.0420337
2 0.499705 0.545443 0.0489002 0.0865245
2 0.996011 0.629062 0.00724144 0.0396745
2 0.59233 0.74465 0.312565 0.327071
2 0.297179 0.648551 0.11506 0.136442
2 0.960749 0.544506 0.0777294 0.0737578
2 0.611496 0.610915 0.144682 0.122449
5 0.427909 0.594436 0.160926 0.209047
2 0.198754 0.591588 0.0420388 0.0474845
2 0.0434013 0.63351 0.0563457 0.0827718
0 0.0783085 0.648747 0.0235686 0.130802
2 0.135573 0.604664 0.0374331 0.0420109
5 0.330933 0.574504 0.0428396 0.112437
0 0.841321 0.549277 0.0146839 0.0697449
2 0.267176 0.589683 0.0593906 0.0586862
2 0.226445 0.584767 0.0268478 0.0368773
2 0.111328 0.599203 0.0239532 0.0417611
0 0.670747 0.560325 0.0158779 0.0612378
0 0.645376 0.552315 0.01113 0.0331512
7 0.144828 0.579996 0.0313 0.0504019
0 0.525907 0.667975 0.0480381 0.0705953
7 0.212987 0.542448 0.0540297 0.104826
2 0.270925 0.573096 0.0509646 0.0310949
2 0.0163553 0.609902 0.0247994 0.0343274
1 0.0782008 0.680152 0.0195846 0.0709956
0 0.670473 0.551021 0.0139854 0.0420337
2 0.499705 0.545443 0.0489002 0.0865245
2 0.996011 0.629062 0.00724144 0.0396745
2 0.59233 0.74465 0.312565 0.327071
2 0.297179 0.648551 0.11506 0.136442
2 0.960749 0.544506 0.0777294 0.0737578
2 0.611496 0.610915 0.144682 0.122449
5 0.427909 0.594436 0.160926 0.209047
2 0.198754 0.591588 0.0420388 0.0474845
2 0.0434013 0.63351 0.0563457 0.0827718
0 0.0783085 0.648747 0.0235686 0.130802
2 0.135573 0.604664 0.0374331 0.0420109
5 0.330933 0.574504 0.0428396 0.112437
0 0.841321 0.549277 0.0146839 0.0697449
2 0.267176 0.589683 0.0593906 0.0586862
2 0.226445 0.584767 0.0268478 0.0368773
2 0.111328 0.599203 0.0239532 0.0417611
0 0.670747 0.560325 0.0158779 0.0612378
0 0.645376 0.552315 0.01113 0.0331512
7 0.144828 0.579996 0.0313 0.0504019
0 0.525907 0.667975 0.0480381 0.0705953
7 0.212987 0.542448 0.0540297 0.104826
2 0.270925 0.573096 0.0509646 0.0310949
2 0.0163553 0.609902 0.0247994 0.0343274
1 0.0782008 0.680152 0.0195846 0.0709956
0 0.670473 0.551021 0.0139854 0.0420337
2 0.499705 0.545443 0.0489002 0.0865245
2 0.996011 0.629062 0.00724144 0.0396745
2 0.59233 0.74465 0.312565 0.327071
2 0.297179 0.648551 0.11506 0.136442
2 0.960749 0.544506 0.0777294 0.0737578
2 0.611496 0.610915 0.144682 0.122449
5 0.427909 0.594436 0.160926 0.209047
2 0.198754 0.591588 0.0420388 0.0474845
2 0.0434013 0.63351 0.0563457 0.0827718
0 0.0783085 0.648747 0.0235686 0.130802
2 0.135573 0.604664 0.0374331 0.0420109
5 0.330933 0.574504 0.0428396 0.112437
0 0.841321 0.549277 0.0146839 0.0697449
2 0.267176 0.589683 0.0593906 0.0586862
2 0.226445 0.584767 0.0268478 0.0368773
2 0.111328 0.599203 0.0239532 0.0417611
0 0.670747 0.560325 0.0158779 0.0612378
0 0.645376 0.552315 0.01113 0.0331512
7 0.144828 0.579996 0.0313 0.0504019
0 0.525907 0.667975 0.0480381 0.0705953
7 0.212987 0.542448 0.0540297 0.104826
2 0.270925 0.573096 0.0509646 0.0310949
2 0.0163553 0.609902 0.0247994 0.0343274
1 0.0782008 0.680152 0.0195846 0.0709956
0 0.670473 0.551021 0.0139854 0.0420337
2 0.499705 0.545443 0.0489002 0.0865245
2 0.996011 0.629062 0.00724144 0.0396745
2 0.59233 0.74465 0.312565 0.327071
2 0.297179 0.648551 0.11506 0.136442
2 0.960749 0.544506 0.0777294 0.0737578
2 0.611496 0.610915 0.144682 0.122449
5 0.427909 0.594436 0.160926 0.209047
2 0.198754 0.591588 0.0420388 0.0474845
2 0.0434013 0.63351 0.0563457 0.0827718
0 0.0783085 0.648747 0.0235686 0.130802
2 0.135573 0.604664 0.0374331 0.0420109
5 0.330933 0.574504 0.0428396 0.112437
0 0.841321 0.549277 0.0146839 0.0697449
2 0.267176 0.589683 0.0593906 0.0586862
2 0.226445 0.584767 0.0268478 0.0368773
2 0.111328 0.599203 0.0239532 0.0417611
0 0.670747 0.560325 0.0158779 0.0612378
0 0.645376 0.552315 0.01113 0.0331512
7 0.144828 0.579996 0.0313 0.0504019
0 0.525907 0.667975 0.0480381 0.0705953
7 0.212987 0.542448 0.0540297 0.104826
2 0.270925 0.573096 0.0509646 0.0310949
2 0.0163553 0.609902 0.0247994 0.0343274
1 0.0782008 0.680152 0.0195846 0.0709956
0 0.670473 0.551021 0.0139854 0.0420337
2 0.499705 0.545443 0.0489002 0.0865245
2 0.996011 0.629062 0.00724144 0.0396745
2 0.59233 0.74465 0.312565 0.327071
2 0.297179 0.648551 0.11506 0.136442
2 0.960749 0.544506 0.0777294 0.0737578
2 0.611496 0.610915 0.144682 0.122449
5 0.427909 0.594436 0.160926 0.209047
2 0.198754 0.591588 0.0420388 0.0474845
2 0.0434013 0.63351 0.0563457 0.0827718
0 0.0783085 0.648747 0.0235686 0.130802
2 0.135573 0.604664 0.0374331 0.0420109
5 0.330933 0.574504 0.0428396 0.112437
0 0.841321 0.549277 0.0146839 0.0697449
2 0.267176 0.589683 0.0593906 0.0586862
2 0.226445 0.584767 0.0268478 0.0368773
2 0.111328 0.599203 0.0239532 0.0417611
0 0.670747 0.560325 0.0158779 0.0612378
0 0.645376 0.552315 0.01113 0.0331512
7 0.144828 0.579996 0.0313 0.0504019
0 0.525907 0.667975 0.0480381 0.0705953
7 0.212987 0.542448 0.0540297 0.104826
2 0.270925 0.573096 0.0509646 0.0310949
2 0.0163553 0.609902 0.0247994 0.0343274
1 0.0782008 0.680152 0.0195846 0.0709956
0 0.670473 0.551021 0.0139854 0.0420337
2 0.499705 0.545443 0.0489002 0.0865245
2 0.996011 0.629062 0.00724144 0.0396745
2 0.593054 0.745559 0.313013 0.327568
2 0.297508 0.646827 0.11623 0.140597
2 0.960828 0.544153 0.0777054 0.0768943
2 0.610966 0.609767 0.145886 0.122498
2 0.199062 0.591456 0.0425517 0.0479629
2 0.135742 0.604122 0.0366295 0.0430478
0 0.0779653 0.649505 0.0244265 0.132888
2 0.0432132 0.633639 0.055427 0.0820713
2 0.111716 0.600802 0.0235991 0.0398337
0 0.841057 0.549018 0.0148716 0.0650722
5 0.427563 0.595181 0.163421 0.206959
2 0.266674 0.589679 0.0585964 0.0575329
2 0.225415 0.585235 0.0261106 0.0386455
5 0.330983 0.572766 0.044241 0.109201
2 0.593054 0.745559 0.313013 0.327568
2 0.297508 0.646827 0.11623 0.140597
2 0.960828 0.544153 0.0777054 0.0768943
2 0.610966 0.609767 0.145886 0.122498
2 0.199062 0.591456 0.0425517 0.0479629
2 0.135742 0.604122 0.0366295 0.0430478
0 0.0779653 0.649505 0.0244265 0.132888
2 0.0432132 0.633639 0.055427 0.0820713
2 0.111716 0.600802 0.0235991 0.0398337
0 0.841057 0.549018 0.0148716 0.0650722
5 0.427563 0.595181 0.163421 0.206959
2 0.266674 0.589679 0.0585964 0.0575329
2 0.225415 0.585235 0.0261106 0.0386455
5 0.330983 0.572766 0.044241 0.109201
