2 0.690507 0.595643 0.0910086 0.0674249
7 0.195658 0.702691 0.367826 0.453028
0 0.105815 0.674753 0.0388968 0.266709
0 0.775805 0.594788 0.0160357 0.0663562
7 0.960684 0.586182 0.0779362 0.154595
2 0.447331 0.600668 0.106452 0.0847595
7 0.332626 0.605183 0.0435787 0.094966
2 0.366457 0.593301 0.0247521 0.0401721
0 0.520823 0.603362 0.0154159 0.0551099
2 0.47272 0.600903 0.0555309 0.0831733
0 0.45645 0.602685 0.0230982 0.0786006
2 0.690507 0.595643 0.0910086 0.0674249
7 0.195658 0.702691 0.367826 0.453028
0 0.105815 0.674753 0.0388968 0.266709
0 0.775805 0.594788 0.0160357 0.0663562
7 0.960684 0.586182 0.0779362 0.154595
2 0.447331 0.600668 0.106452 0.0847595
7 0.332626 0.605183 0.0435787 0.094966
2 0.366457 0.593301 0.0247521 0.0401721
0 0.520823 0.603362 0.0154159 0.0551099
2 0.47272 0.600903 0.0555309 0.0831733
0 0.45645 0.602685 0.0230982 0.0786006
2 0.690507 0.595643 0.0910086 0.0674249
7 0.195658 0.702691 0.367826 0.453028
0 0.105815 0.674753 0.0388968 0.266709
0 0.775805 0.594788 0.0160357 0.0663562
7 0.960684 0.586182 0.0779362 0.154595
2 0.447331 0.600668 0.106452 0.0847595
7 0.332626 0.605183 0.0435787 0.094966
2 0.366457 0.593301 0.0247521 0.0401721
0 0.520823 0.603362 0.0154159 0.0551099
2 0.47272 0.600903 0.0555309 0.0831733
0 0.45645 0.602685 0.0230982 0.0786006
2 0.690507 0.595643 0.0910086 0.0674249
7 0.195658 0.702691 0.367826 0.453028
0 0.105815 0.674753 0.0388968 0.266709
0 0.775805 0.594788 0.0160357 0.0663562
7 0.960684 0.586182 0.0779362 0.154595
2 0.447331 0.600668 0.106452 0.0847595
7 0.332626 0.605183 0.0435787 0.094966
2 0.366457 0.593301 0.0247521 0.0401721
0 0.520823 0.603362 0.0154159 0.0551099
2 0.47272 0.600903 0.0555309 0.0831733
0 0.45645 0.602685 0.0230982 0.0786006
2 0.690507 0.595643 0.0910086 0.0674249
7 0.195658 0.702691 0.367826 0.453028
0 0.105815 0.674753 0.0388968 0.266709
0 0.775805 0.594788 0.0160357 0.0663562
7 0.960684 0.586182 0.0779362 0.154595
2 0.447331 0.600668 0.106452 0.0847595
7 0.332626 0.605183 0.0435787 0.094966
2 0.366457 0.593301 0.0247521 0.0401721
0 0.520823 0.603362 0.0154159 0.0551099
2 0.47272 0.600903 0.0555309 0.0831733
0 0.45645 0.602685 0.0230982 0.0786006
2 0.690507 0.595643 0.0910086 0.0674249
7 0.195658 0.702691 0.367826 0.453028
0 0.105815 0.674753 0.0388968 0.266709
0 0.775805 0.594788 0.0160357 0.0663562
7 0.960684 0.586182 0.0779362 0.154595
2 0.447331 0.600668 0.106452 0.0847595
7 0.332626 0.605183 0.0435787 0.094966
2 0.366457 0.593301 0.0247521 0.0401721
0 0.520823 0.603362 0.0154159 0.0551099
2 0.47272 0.600903 0.0555309 0.0831733
0 0.45645 0.602685 0.0230982 0.0786006
2 0.690507 0.595643 0.0910086 0.0674249
7 0.195658 0.702691 0.367826 0.453028
0 0.105815 0.674753 0.0388968 0.266709
0 0.775805 0.594788 0.0160357 0.0663562
7 0.960684 0.586182 0.0779362 0.154595
2 0.447331 0.600668 0.106452 0.0847595
7 0.332626 0.605183 0.0435787 0.094966
2 0.366457 0.593301 0.0247521 0.0401721
0 0.520823 0.603362 0.0154159 0.0551099
2 0.47272 0.600903 0.0555309 0.0831733
0 0.45645 0.602685 0.0230982 0.0786006
2 0.690507 0.595643 0.0910086 0.0674249
7 0.195658 0.702691 0.367826 0.453028
0 0.105815 0.674753 0.0388968 0.266709
0 0.775805 0.594788 0.0160357 0.0663562
7 0.960684 0.586182 0.0779362 0.154595
2 0.447331 0.600668 0.106452 0.0847595
7 0.332626 0.605183 0.0435787 0.094966
2 0.366457 0.593301 0.0247521 0.0401721
0 0.520823 0.603362 0.0154159 0.0551099
2 0.47272 0.600903 0.0555309 0.0831733
0 0.45645 0.602685 0.0230982 0.0786006
2 0.690507 0.595643 0.0910086 0.0674249
7 0.195658 0.702691 0.367826 0.453028
0 0.105815 0.674753 0.0388968 0.266709
0 0.775805 0.594788 0.0160357 0.0663562
7 0.960684 0.586182 0.0779362 0.154595
2 0.447331 0.600668 0.106452 0.0847595
7 0.332626 0.605183 0.0435787 0.094966
2 0.366457 0.593301 0.0247521 0.0401721
0 0.520823 0.603362 0.0154159 0.0551099
2 0.47272 0.600903 0.0555309 0.0831733
0 0.45645 0.602685 0.0230982 0.0786006
2 0.690507 0.595643 0.0910086 0.0674249
7 0.195658 0.702691 0.367826 0.453028
0 0.105815 0.674753 0.0388968 0.266709
0 0.775805 0.594788 0.0160357 0.0663562
7 0.960684 0.586182 0.0779362 0.154595
2 0.447331 0.600668 0.106452 0.0847595
7 0.332626 0.605183 0.0435787 0.094966
2 0.366457 0.593301 0.0247521 0.0401721
0 0.520823 0.603362 0.0154159 0.0551099
2 0.47272 0.600903 0.0555309 0.0831733
0 0.45645 0.602685 0.0230982 0.0786006
2 0.690507 0.595643 0.0910086 0.0674249
7 0.195658 0.702691 0.367826 0.453028
0 0.105815 0.674753 0.0388968 0.266709
0 0.775805 0.594788 0.0160357 0.0663562
7 0.960684 0.586182 0.0779362 0.154595
2 0.447331 0.600668 0.106452 0.0847595
7 0.332626 0.605183 0.0435787 0.094966
2 0.366457 0.593301 0.0247521 0.0401721
0 0.520823 0.603362 0.0154159 0.0551099
2 0.47272 0.600903 0.0555309 0.0831733
0 0.45645 0.602685 0.0230982 0.0786006
7 0.195363 0.70403 0.366872 0.453238
0 0.104995 0.675365 0.04175 0.268005
2 0.690157 0.596341 0.0906217 0.066361
2 0.447653 0.60045 0.108051 0.0860517
7 0.960146 0.585253 0.0787712 0.155442
7 0.332544 0.604811 0.0433207 0.0939702
0 0.774921 0.595901 0.0151926 0.0652618
0 0.521726 0.604827 0.0155985 0.0538723
7 0.195363 0.70403 0.366872 0.453238
0 0.104995 0.675365 0.04175 0.268005
2 0.690157 0.596341 0.0906217 0.066361
2 0.447653 0.60045 0.108051 0.0860517
7 0.960146 0.585253 0.0787712 0.155442
7 0.332544 0.604811 0.0433207 0.0939702
0 0.774921 0.595901 0.0151926 0.0652618
0 0.521726 0.604827 0.0155985 0.0538723
7 0.195363 0.70403 0.366872 0.453238
0 0.104995 0.675365 0.04175 0.268005
2 0.690157 0.596341 0.0906217 0.066361
2 0.447653 0.60045 0.108051 0.0860517
7 0.960146 0.585253 0.0787712 0.155442
7 0.332544 0.604811 0.0433207 0.0939702
0 0.774921 0.595901 0.0151926 0.0652618
0 0.521726 0.604827 0.0155985 0.0538723
7 0.195363 0.70403 0.366872 0.453238
0 0.104995 0.675365 0.04175 0.268005
2 0.690157 0.596341 0.0906217 0.066361
2 0.447653 0.60045 0.108051 0.0860517
7 0.960146 0.585253 0.0787712 0.155442
7 0.332544 0.604811 0.0433207 0.0939702
0 0.774921 0.595901 0.0151926 0.0652618
0 0.521726 0.604827 0.0155985 0.0538723
7 0.195363 0.70403 0.366872 0.453238
0 0.104995 0.675365 0.04175 0.268005
2 0.690157 0.596341 0.0906217 0.066361
2 0.447653 0.60045 0.108051 0.0860517
7 0.960146 0.585253 0.0787712 0.155442
7 0.332544 0.604811 0.0433207 0.0939702
0 0.774921 0.595901 0.0151926 0.0652618
0 0.521726 0.604827 0.0155985 0.0538723
7 0.195363 0.70403 0.366872 0.453238
0 0.104995 0.675365 0.04175 0.268005
2 0.690157 0.596341 0.0906217 0.066361
2 0.447653 0.60045 0.108051 0.0860517
7 0.960146 0.585253 0.0787712 0.155442
7 0.332544 0.604811 0.0433207 0.0939702
0 0.774921 0.595901 0.0151926 0.0652618
0 0.521726 0.604827 0.0155985 0.0538723
7 0.195363 0.70403 0.366872 0.453238
0 0.104995 0.675365 0.04175 0.268005
2 0.690157 0.596341 0.0906217 0.066361
2 0.447653 0.60045 0.108051 0.0860517
7 0.960146 0.585253 0.0787712 0.155442
7 0.332544 0.604811 0.0433207 0.0939702
0 0.774921 0.595901 0.0151926 0.0652618
0 0.521726 0.604827 0.0155985 0.0538723
7 0.195363 0.70403 0.366872 0.453238
0 0.104995 0.675365 0.04175 0.268005
2 0.690157 0.596341 0.0906217 0.066361
2 0.447653 0.60045 0.108051 0.0860517
7 0.960146 0.585253 0.0787712 0.155442
7 0.332544 0.604811 0.0433207 0.0939702
0 0.774921 0.595901 0.0151926 0.0652618
0 0.521726 0.604827 0.0155985 0.0538723
2 0.367203 0.595511 0.0252499 0.0376478
