7 0.428964 0.580267 0.157869 0.127129
2 0.302734 0.592406 0.0598343 0.0436484
2 0.531441 0.586606 0.0518751 0.0579481
7 0.177441 0.599867 0.08945 0.0801692
2 0.0128365 0.609273 0.0255642 0.0440976
0 0.335367 0.589872 0.0139652 0.0571463
0 0.0787431 0.603203 0.0220477 0.0633558
7 0.617983 0.584008 0.170423 0.132139
2 0.618054 0.583834 0.17126 0.132738
2 0.0399876 0.59627 0.0629629 0.0464644
2 0.0570627 0.594087 0.0352538 0.0461713
2 0.0505832 0.593667 0.0525119 0.046833
2 0.106543 0.599689 0.0568234 0.0605642
2 0.0236885 0.592452 0.0459817 0.0384059
0 0.0748886 0.610282 0.0299702 0.050002
7 0.428964 0.580267 0.157869 0.127129
2 0.302734 0.592406 0.0598343 0.0436484
2 0.531441 0.586606 0.0518751 0.0579481
7 0.177441 0.599867 0.08945 0.0801692
2 0.0128365 0.609273 0.0255642 0.0440976
0 0.335367 0.589872 0.0139652 0.0571463
0 0.0787431 0.603203 0.0220477 0.0633558
7 0.617983 0.584008 0.170423 0.132139
2 0.618054 0.583834 0.17126 0.132738
2 0.0399876 0.59627 0.0629629 0.0464644
2 0.0570627 0.594087 0.0352538 0.0461713
2 0.0505832 0.593667 0.0525119 0.046833
2 0.106543 0.599689 0.0568234 0.0605642
2 0.0236885 0.592452 0.0459817 0.0384059
0 0.0748886 0.610282 0.0299702 0.050002
7 0.428964 0.580267 0.157869 0.127129
2 0.302734 0.592406 0.0598343 0.0436484
2 0.531441 0.586606 0.0518751 0.0579481
7 0.177441 0.599867 0.08945 0.0801692
2 0.0128365 0.609273 0.0255642 0.0440976
0 0.335367 0.589872 0.0139652 0.0571463
0 0.0787431 0.603203 0.0220477 0.0633558
7 0.617983 0.584008 0.170423 0.132139
2 0.618054 0.583834 0.17126 0.132738
2 0.0399876 0.59627 0.0629629 0.0464644
2 0.0570627 0.594087 0.0352538 0.0461713
2 0.0505832 0.593667 0.0525119 0.046833
2 0.106543 0.599689 0.0568234 0.0605642
2 0.0236885 0.592452 0.0459817 0.0384059
0 0.0748886 0.610282 0.0299702 0.050002
7 0.428964 0.580267 0.157869 0.127129
2 0.302734 0.592406 0.0598343 0.0436484
2 0.531441 0.586606 0.0518751 0.0579481
7 0.177441 0.599867 0.08945 0.0801692
2 0.0128365 0.609273 0.0255642 0.0440976
0 0.335367 0.589872 0.0139652 0.0571463
0 0.0787431 0.603203 0.0220477 0.0633558
7 0.617983 0.584008 0.170423 0.132139
2 0.618054 0.583834 0.17126 0.132738
2 0.0399876 0.59627 0.0629629 0.0464644
2 0.0570627 0.594087 0.0352538 0.0461713
2 0.0505832 0.593667 0.0525119 0.046833
2 0.106543 0.599689 0.0568234 0.0605642
2 0.0236885 0.592452 0.0459817 0.0384059
0 0.0748886 0.610282 0.0299702 0.050002
7 0.428964 0.580267 0.157869 0.127129
2 0.302734 0.592406 0.0598343 0.0436484
2 0.531441 0.586606 0.0518751 0.0579481
7 0.177441 0.599867 0.08945 0.0801692
2 0.0128365 0.609273 0.0255642 0.0440976
0 0.335367 0.589872 0.0139652 0.0571463
0 0.0787431 0.603203 0.0220477 0.0633558
7 0.617983 0.584008 0.170423 0.132139
2 0.618054 0.583834 0.17126 0.132738
2 0.0399876 0.59627 0.0629629 0.0464644
2 0.0570627 0.594087 0.0352538 0.0461713
2 0.0505832 0.593667 0.0525119 0.046833
2 0.106543 0.599689 0.0568234 0.0605642
2 0.0236885 0.592452 0.0459817 0.0384059
0 0.0748886 0.610282 0.0299702 0.050002
7 0.428964 0.580267 0.157869 0.127129
2 0.302734 0.592406 0.0598343 0.0436484
2 0.531441 0.586606 0.0518751 0.0579481
7 0.177441 0.599867 0.08945 0.0801692
2 0.0128365 0.609273 0.0255642 0.0440976
0 0.335367 0.589872 0.0139652 0.0571463
0 0.0787431 0.603203 0.0220477 0.0633558
7 0.617983 0.584008 0.170423 0.132139
2 0.618054 0.583834 0.17126 0.132738
2 0.0399876 0.59627 0.0629629 0.0464644
2 0.0570627 0.594087 0.0352538 0.0461713
2 0.0505832 0.593667 0.0525119 0.046833
2 0.106543 0.599689 0.0568234 0.0605642
2 0.0236885 0.592452 0.0459817 0.0384059
0 0.0748886 0.610282 0.0299702 0.050002
7 0.428964 0.580267 0.157869 0.127129
2 0.302734 0.592406 0.0598343 0.0436484
2 0.531441 0.586606 0.0518751 0.0579481
7 0.177441 0.599867 0.08945 0.0801692
2 0.0128365 0.609273 0.0255642 0.0440976
0 0.335367 0.589872 0.0139652 0.0571463
0 0.0787431 0.603203 0.0220477 0.0633558
7 0.617983 0.584008 0.170423 0.132139
2 0.618054 0.583834 0.17126 0.132738
2 0.0399876 0.59627 0.0629629 0.0464644
2 0.0570627 0.594087 0.0352538 0.0461713
2 0.0505832 0.593667 0.0525119 0.046833
2 0.106543 0.599689 0.0568234 0.0605642
2 0.0236885 0.592452 0.0459817 0.0384059
0 0.0748886 0.610282 0.0299702 0.050002
7 0.428964 0.580267 0.157869 0.127129
2 0.302734 0.592406 0.0598343 0.0436484
2 0.531441 0.586606 0.0518751 0.0579481
7 0.177441 0.599867 0.08945 0.0801692
2 0.0128365 0.609273 0.0255642 0.0440976
0 0.335367 0.589872 0.0139652 0.0571463
0 0.0787431 0.603203 0.0220477 0.0633558
7 0.617983 0.584008 0.170423 0.132139
2 0.618054 0.583834 0.17126 0.132738
2 0.0399876 0.59627 0.0629629 0.0464644
2 0.0570627 0.594087 0.0352538 0.0461713
2 0.0505832 0.593667 0.0525119 0.046833
2 0.106543 0.599689 0.0568234 0.0605642
2 0.0236885 0.592452 0.0459817 0.0384059
0 0.0748886 0.610282 0.0299702 0.050002
7 0.428964 0.580267 0.157869 0.127129
2 0.302734 0.592406 0.0598343 0.0436484
2 0.531441 0.586606 0.0518751 0.0579481
7 0.177441 0.599867 0.08945 0.0801692
2 0.0128365 0.609273 0.0255642 0.0440976
0 0.335367 0.589872 0.0139652 0.0571463
0 0.0787431 0.603203 0.0220477 0.0633558
7 0.617983 0.584008 0.170423 0.132139
2 0.618054 0.583834 0.17126 0.132738
2 0.0399876 0.59627 0.0629629 0.0464644
2 0.0570627 0.594087 0.0352538 0.0461713
2 0.0505832 0.593667 0.0525119 0.046833
2 0.106543 0.599689 0.0568234 0.0605642
2 0.0236885 0.592452 0.0459817 0.0384059
0 0.0748886 0.610282 0.0299702 0.050002
7 0.428964 0.580267 0.157869 0.127129
2 0.302734 0.592406 0.0598343 0.0436484
2 0.531441 0.586606 0.0518751 0.0579481
7 0.177441 0.599867 0.08945 0.0801692
2 0.0128365 0.609273 0.0255642 0.0440976
0 0.335367 0.589872 0.0139652 0.0571463
0 0.0787431 0.603203 0.0220477 0.0633558
7 0.617983 0.584008 0.170423 0.132139
2 0.618054 0.583834 0.17126 0.132738
2 0.0399876 0.59627 0.0629629 0.0464644
2 0.0570627 0.594087 0.0352538 0.0461713
2 0.0505832 0.593667 0.0525119 0.046833
2 0.106543 0.599689 0.0568234 0.0605642
2 0.0236885 0.592452 0.0459817 0.0384059
0 0.0748886 0.610282 0.0299702 0.050002
7 0.428964 0.580267 0.157869 0.127129
2 0.302734 0.592406 0.0598343 0.0436484
2 0.531441 0.586606 0.0518751 0.0579481
7 0.177441 0.599867 0.08945 0.0801692
2 0.0128365 0.609273 0.0255642 0.0440976
0 0.335367 0.589872 0.0139652 0.0571463
0 0.0787431 0.603203 0.0220477 0.0633558
7 0.617983 0.584008 0.170423 0.132139
2 0.618054 0.583834 0.17126 0.132738
2 0.0399876 0.59627 0.0629629 0.0464644
2 0.0570627 0.594087 0.0352538 0.0461713
2 0.0505832 0.593667 0.0525119 0.046833
2 0.106543 0.599689 0.0568234 0.0605642
2 0.0236885 0.592452 0.0459817 0.0384059
0 0.0748886 0.610282 0.0299702 0.050002
2 0.301258 0.593542 0.0587194 0.0446576
2 0.0127194 0.60965 0.0253671 0.0435398
7 0.428999 0.580648 0.157784 0.127656
0 0.334802 0.592064 0.0135983 0.0538247
2 0.530744 0.586499 0.0509743 0.0600201
2 0.617897 0.584342 0.170521 0.132166
7 0.176419 0.603398 0.0874067 0.0722577
2 0.301258 0.593542 0.0587194 0.0446576
2 0.0127194 0.60965 0.0253671 0.0435398
7 0.428999 0.580648 0.157784 0.127656
0 0.334802 0.592064 0.0135983 0.0538247
2 0.530744 0.586499 0.0509743 0.0600201
2 0.617897 0.584342 0.170521 0.132166
7 0.176419 0.603398 0.0874067 0.0722577
2 0.301258 0.593542 0.0587194 0.0446576
2 0.0127194 0.60965 0.0253671 0.0435398
7 0.428999 0.580648 0.157784 0.127656
0 0.334802 0.592064 0.0135983 0.0538247
2 0.530744 0.586499 0.0509743 0.0600201
2 0.617897 0.584342 0.170521 0.132166
7 0.176419 0.603398 0.0874067 0.0722577
2 0.301258 0.593542 0.0587194 0.0446576
2 0.0127194 0.60965 0.0253671 0.0435398
7 0.428999 0.580648 0.157784 0.127656
0 0.334802 0.592064 0.0135983 0.0538247
2 0.530744 0.586499 0.0509743 0.0600201
2 0.617897 0.584342 0.170521 0.132166
7 0.176419 0.603398 0.0874067 0.0722577
2 0.301258 0.593542 0.0587194 0.0446576
2 0.0127194 0.60965 0.0253671 0.0435398
7 0.428999 0.580648 0.157784 0.127656
0 0.334802 0.592064 0.0135983 0.0538247
2 0.530744 0.586499 0.0509743 0.0600201
2 0.617897 0.584342 0.170521 0.132166
7 0.176419 0.603398 0.0874067 0.0722577
2 0.301258 0.593542 0.0587194 0.0446576
2 0.0127194 0.60965 0.0253671 0.0435398
7 0.428999 0.580648 0.157784 0.127656
0 0.334802 0.592064 0.0135983 0.0538247
2 0.530744 0.586499 0.0509743 0.0600201
2 0.617897 0.584342 0.170521 0.132166
7 0.176419 0.603398 0.0874067 0.0722577
2 0.301258 0.593542 0.0587194 0.0446576
2 0.0127194 0.60965 0.0253671 0.0435398
7 0.428999 0.580648 0.157784 0.127656
0 0.334802 0.592064 0.0135983 0.0538247
2 0.530744 0.586499 0.0509743 0.0600201
2 0.617897 0.584342 0.170521 0.132166
7 0.176419 0.603398 0.0874067 0.0722577
2 0.301258 0.593542 0.0587194 0.0446576
2 0.0127194 0.60965 0.0253671 0.0435398
7 0.428999 0.580648 0.157784 0.127656
0 0.334802 0.592064 0.0135983 0.0538247
2 0.530744 0.586499 0.0509743 0.0600201
2 0.617897 0.584342 0.170521 0.132166
7 0.176419 0.603398 0.0874067 0.0722577
7 0.617992 0.583617 0.170917 0.131851
0 0.0796394 0.602849 0.0188974 0.0633163
2 0.0343628 0.59592 0.0364821 0.0435883
2 0.0590034 0.592645 0.0316127 0.0458237
