2 0.276398 0.610366 0.0583994 0.067091
2 0.218846 0.604633 0.0424922 0.0550723
2 0.460579 0.585968 0.0835239 0.0822083
2 0.571607 0.569782 0.0577797 0.0445723
2 0.121043 0.627847 0.0596406 0.0821806
0 0.169949 0.646626 0.0274165 0.135882
2 0.324927 0.588795 0.0561733 0.0637205
7 0.771049 0.568227 0.279199 0.263495
2 0.364535 0.580045 0.0407272 0.0527237
2 0.0273515 0.627049 0.046972 0.0942676
7 0.247656 0.577229 0.042539 0.0751902
7 0.945739 0.5407 0.107695 0.250088
5 0.945779 0.541052 0.107422 0.249209
0 0.978801 0.541607 0.0414866 0.179532
2 0.412967 0.577613 0.024937 0.069101
2 0.0917204 0.606547 0.0253355 0.0469557
2 0.393059 0.566076 0.0281046 0.0471727
2 0.489758 0.555609 0.0287064 0.0299832
1 0.170038 0.676745 0.0224945 0.0774358
2 0.521936 0.555978 0.0345237 0.0327634
2 0.52689 0.557404 0.0411524 0.0366764
2 0.531553 0.559983 0.0520693 0.0415641
2 0.425685 0.576695 0.0512014 0.0746463
2 0.543883 0.558677 0.0359253 0.0419695
7 0.0065652 0.577059 0.013026 0.0616624
2 0.276398 0.610366 0.0583994 0.067091
2 0.218846 0.604633 0.0424922 0.0550723
2 0.460579 0.585968 0.0835239 0.0822083
2 0.571607 0.569782 0.0577797 0.0445723
2 0.121043 0.627847 0.0596406 0.0821806
0 0.169949 0.646626 0.0274165 0.135882
2 0.324927 0.588795 0.0561733 0.0637205
7 0.771049 0.568227 0.279199 0.263495
2 0.364535 0.580045 0.0407272 0.0527237
2 0.0273515 0.627049 0.046972 0.0942676
7 0.247656 0.577229 0.042539 0.0751902
7 0.945739 0.5407 0.107695 0.250088
5 0.945779 0.541052 0.107422 0.249209
0 0.978801 0.541607 0.0414866 0.179532
2 0.412967 0.577613 0.024937 0.069101
2 0.0917204 0.606547 0.0253355 0.0469557
2 0.393059 0.566076 0.0281046 0.0471727
2 0.489758 0.555609 0.0287064 0.0299832
1 0.170038 0.676745 0.0224945 0.0774358
2 0.521936 0.555978 0.0345237 0.0327634
2 0.52689 0.557404 0.0411524 0.0366764
2 0.531553 0.559983 0.0520693 0.0415641
2 0.425685 0.576695 0.0512014 0.0746463
2 0.543883 0.558677 0.0359253 0.0419695
7 0.0065652 0.577059 0.013026 0.0616624
2 0.276398 0.610366 0.0583994 0.067091
2 0.218846 0.604633 0.0424922 0.0550723
2 0.460579 0.585968 0.0835239 0.0822083
2 0.571607 0.569782 0.0577797 0.0445723
2 0.121043 0.627847 0.0596406 0.0821806
0 0.169949 0.646626 0.0274165 0.135882
2 0.324927 0.588795 0.0561733 0.0637205
7 0.771049 0.568227 0.279199 0.263495
2 0.364535 0.580045 0.0407272 0.0527237
2 0.0273515 0.627049 0.046972 0.0942676
7 0.247656 0.577229 0.042539 0.0751902
7 0.945739 0.5407 0.107695 0.250088
5 0.945779 0.541052 0.107422 0.249209
0 0.978801 0.541607 0.0414866 0.179532
2 0.412967 0.577613 0.024937 0.069101
2 0.0917204 0.606547 0.0253355 0.0469557
2 0.393059 0.566076 0.0281046 0.0471727
2 0.489758 0.555609 0.0287064 0.0299832
1 0.170038 0.676745 0.0224945 0.0774358
2 0.521936 0.555978 0.0345237 0.0327634
2 0.52689 0.557404 0.0411524 0.0366764
2 0.531553 0.559983 0.0520693 0.0415641
2 0.425685 0.576695 0.0512014 0.0746463
2 0.543883 0.558677 0.0359253 0.0419695
7 0.0065652 0.577059 0.013026 0.0616624
2 0.276398 0.610366 0.0583994 0.067091
2 0.218846 0.604633 0.0424922 0.0550723
2 0.460579 0.585968 0.0835239 0.0822083
2 0.571607 0.569782 0.0577797 0.0445723
2 0.121043 0.627847 0.0596406 0.0821806
0 0.169949 0.646626 0.0274165 0.135882
2 0.324927 0.588795 0.0561733 0.0637205
7 0.771049 0.568227 0.279199 0.263495
2 0.364535 0.580045 0.0407272 0.0527237
2 0.0273515 0.627049 0.046972 0.0942676
7 0.247656 0.577229 0.042539 0.0751902
7 0.945739 0.5407 0.107695 0.250088
5 0.945779 0.541052 0.107422 0.249209
0 0.978801 0.541607 0.0414866 0.179532
2 0.412967 0.577613 0.024937 0.069101
2 0.0917204 0.606547 0.0253355 0.0469557
2 0.393059 0.566076 0.0281046 0.0471727
2 0.489758 0.555609 0.0287064 0.0299832
1 0.170038 0.676745 0.0224945 0.0774358
2 0.521936 0.555978 0.0345237 0.0327634
2 0.52689 0.557404 0.0411524 0.0366764
2 0.531553 0.559983 0.0520693 0.0415641
2 0.425685 0.576695 0.0512014 0.0746463
2 0.543883 0.558677 0.0359253 0.0419695
7 0.0065652 0.577059 0.013026 0.0616624
