7 0.706486 0.56292 0.163735 0.125858
2 0.202344 0.584312 0.0897698 0.0670595
2 0.14781 0.565441 0.063335 0.0455652
2 0.374017 0.56366 0.0842464 0.0650142
2 0.0264916 0.565208 0.0512747 0.0472649
0 0.452297 0.563435 0.0134121 0.06351
0 0.183798 0.555187 0.00974231 0.0233541
7 0.706486 0.56292 0.163735 0.125858
2 0.202344 0.584312 0.0897698 0.0670595
2 0.14781 0.565441 0.063335 0.0455652
2 0.374017 0.56366 0.0842464 0.0650142
2 0.0264916 0.565208 0.0512747 0.0472649
0 0.452297 0.563435 0.0134121 0.06351
0 0.183798 0.555187 0.00974231 0.0233541
7 0.706486 0.56292 0.163735 0.125858
2 0.202344 0.584312 0.0897698 0.0670595
2 0.14781 0.565441 0.063335 0.0455652
2 0.374017 0.56366 0.0842464 0.0650142
2 0.0264916 0.565208 0.0512747 0.0472649
0 0.452297 0.563435 0.0134121 0.06351
0 0.183798 0.555187 0.00974231 0.0233541
7 0.706486 0.56292 0.163735 0.125858
2 0.202344 0.584312 0.0897698 0.0670595
2 0.14781 0.565441 0.063335 0.0455652
2 0.374017 0.56366 0.0842464 0.0650142
2 0.0264916 0.565208 0.0512747 0.0472649
0 0.452297 0.563435 0.0134121 0.06351
0 0.183798 0.555187 0.00974231 0.0233541
