2 0.365306 0.308753 0.245127 0.125857
2 0.130732 0.659471 0.259267 0.246535
2 0.688858 0.451914 0.325175 0.165231
2 0.79015 0.862521 0.419079 0.273783
2 0.759619 0.201565 0.212589 0.101153
2 0.34248 0.223761 0.204817 0.108335
2 0.858518 0.100685 0.163343 0.0820006
2 0.473457 0.139106 0.203821 0.116501
2 0.399989 0.0673655 0.152815 0.0738634
2 0.0294132 0.259614 0.0588264 0.108988
7 0.673936 0.0457109 0.157685 0.0902975
2 0.256155 0.00920201 0.116856 0.0182466
2 0.469313 0.00863292 0.105112 0.0171233
2 0.788889 0.0191077 0.117202 0.0380232
2 0.365306 0.308753 0.245127 0.125857
2 0.130732 0.659471 0.259267 0.246535
2 0.688858 0.451914 0.325175 0.165231
2 0.79015 0.862521 0.419079 0.273783
2 0.759619 0.201565 0.212589 0.101153
2 0.34248 0.223761 0.204817 0.108335
2 0.858518 0.100685 0.163343 0.0820006
2 0.473457 0.139106 0.203821 0.116501
2 0.399989 0.0673655 0.152815 0.0738634
2 0.0294132 0.259614 0.0588264 0.108988
7 0.673936 0.0457109 0.157685 0.0902975
2 0.256155 0.00920201 0.116856 0.0182466
2 0.469313 0.00863292 0.105112 0.0171233
2 0.788889 0.0191077 0.117202 0.0380232
2 0.365306 0.308753 0.245127 0.125857
2 0.130732 0.659471 0.259267 0.246535
2 0.688858 0.451914 0.325175 0.165231
2 0.79015 0.862521 0.419079 0.273783
2 0.759619 0.201565 0.212589 0.101153
2 0.34248 0.223761 0.204817 0.108335
2 0.858518 0.100685 0.163343 0.0820006
2 0.473457 0.139106 0.203821 0.116501
2 0.399989 0.0673655 0.152815 0.0738634
2 0.0294132 0.259614 0.0588264 0.108988
7 0.673936 0.0457109 0.157685 0.0902975
2 0.256155 0.00920201 0.116856 0.0182466
2 0.469313 0.00863292 0.105112 0.0171233
2 0.788889 0.0191077 0.117202 0.0380232
2 0.365306 0.308753 0.245127 0.125857
2 0.130732 0.659471 0.259267 0.246535
2 0.688858 0.451914 0.325175 0.165231
2 0.79015 0.862521 0.419079 0.273783
2 0.759619 0.201565 0.212589 0.101153
2 0.34248 0.223761 0.204817 0.108335
2 0.858518 0.100685 0.163343 0.0820006
2 0.473457 0.139106 0.203821 0.116501
2 0.399989 0.0673655 0.152815 0.0738634
2 0.0294132 0.259614 0.0588264 0.108988
7 0.673936 0.0457109 0.157685 0.0902975
2 0.256155 0.00920201 0.116856 0.0182466
2 0.469313 0.00863292 0.105112 0.0171233
2 0.788889 0.0191077 0.117202 0.0380232
