2 0.336523 0.394999 0.271087 0.147122
2 0.304245 0.296019 0.236166 0.120843
2 0.811097 0.305593 0.254964 0.125084
2 0.365613 0.127038 0.186158 0.0879289
2 0.897775 0.153869 0.190799 0.0933264
2 0.714793 0.695125 0.433143 0.240596
2 0.19722 0.0388523 0.145181 0.0650689
2 0.803853 0.0344204 0.136999 0.0663612
7 0.67813 0.0839952 0.192348 0.111455
2 0.462914 0.0233478 0.118125 0.0466956
2 0.0660012 0.901652 0.131981 0.19569
2 0.264056 0.00484111 0.10353 0.00968221
7 0.517644 0.203273 0.248819 0.136711
2 0.517971 0.203344 0.249988 0.137153
2 0.73246 0.0110414 0.0672818 0.0219105
2 0.336523 0.394999 0.271087 0.147122
2 0.304245 0.296019 0.236166 0.120843
2 0.811097 0.305593 0.254964 0.125084
2 0.365613 0.127038 0.186158 0.0879289
2 0.897775 0.153869 0.190799 0.0933264
2 0.714793 0.695125 0.433143 0.240596
2 0.19722 0.0388523 0.145181 0.0650689
2 0.803853 0.0344204 0.136999 0.0663612
7 0.67813 0.0839952 0.192348 0.111455
2 0.462914 0.0233478 0.118125 0.0466956
2 0.0660012 0.901652 0.131981 0.19569
2 0.264056 0.00484111 0.10353 0.00968221
7 0.517644 0.203273 0.248819 0.136711
2 0.517971 0.203344 0.249988 0.137153
2 0.73246 0.0110414 0.0672818 0.0219105
2 0.336523 0.394999 0.271087 0.147122
2 0.304245 0.296019 0.236166 0.120843
2 0.811097 0.305593 0.254964 0.125084
2 0.365613 0.127038 0.186158 0.0879289
2 0.897775 0.153869 0.190799 0.0933264
2 0.714793 0.695125 0.433143 0.240596
2 0.19722 0.0388523 0.145181 0.0650689
2 0.803853 0.0344204 0.136999 0.0663612
7 0.67813 0.0839952 0.192348 0.111455
2 0.462914 0.0233478 0.118125 0.0466956
2 0.0660012 0.901652 0.131981 0.19569
2 0.264056 0.00484111 0.10353 0.00968221
7 0.517644 0.203273 0.248819 0.136711
2 0.517971 0.203344 0.249988 0.137153
2 0.73246 0.0110414 0.0672818 0.0219105
2 0.336523 0.394999 0.271087 0.147122
2 0.304245 0.296019 0.236166 0.120843
2 0.811097 0.305593 0.254964 0.125084
2 0.365613 0.127038 0.186158 0.0879289
2 0.897775 0.153869 0.190799 0.0933264
2 0.714793 0.695125 0.433143 0.240596
2 0.19722 0.0388523 0.145181 0.0650689
2 0.803853 0.0344204 0.136999 0.0663612
7 0.67813 0.0839952 0.192348 0.111455
2 0.462914 0.0233478 0.118125 0.0466956
2 0.0660012 0.901652 0.131981 0.19569
2 0.264056 0.00484111 0.10353 0.00968221
7 0.517644 0.203273 0.248819 0.136711
2 0.517971 0.203344 0.249988 0.137153
2 0.73246 0.0110414 0.0672818 0.0219105
2 0.336523 0.394999 0.271087 0.147122
2 0.304245 0.296019 0.236166 0.120843
2 0.811097 0.305593 0.254964 0.125084
2 0.365613 0.127038 0.186158 0.0879289
2 0.897775 0.153869 0.190799 0.0933264
2 0.714793 0.695125 0.433143 0.240596
2 0.19722 0.0388523 0.145181 0.0650689
2 0.803853 0.0344204 0.136999 0.0663612
7 0.67813 0.0839952 0.192348 0.111455
2 0.462914 0.0233478 0.118125 0.0466956
2 0.0660012 0.901652 0.131981 0.19569
2 0.264056 0.00484111 0.10353 0.00968221
7 0.517644 0.203273 0.248819 0.136711
2 0.517971 0.203344 0.249988 0.137153
2 0.73246 0.0110414 0.0672818 0.0219105
2 0.336523 0.394999 0.271087 0.147122
2 0.304245 0.296019 0.236166 0.120843
2 0.811097 0.305593 0.254964 0.125084
2 0.365613 0.127038 0.186158 0.0879289
2 0.897775 0.153869 0.190799 0.0933264
2 0.714793 0.695125 0.433143 0.240596
2 0.19722 0.0388523 0.145181 0.0650689
2 0.803853 0.0344204 0.136999 0.0663612
7 0.67813 0.0839952 0.192348 0.111455
2 0.462914 0.0233478 0.118125 0.0466956
2 0.0660012 0.901652 0.131981 0.19569
2 0.264056 0.00484111 0.10353 0.00968221
7 0.517644 0.203273 0.248819 0.136711
2 0.517971 0.203344 0.249988 0.137153
2 0.73246 0.0110414 0.0672818 0.0219105
2 0.336523 0.394999 0.271087 0.147122
2 0.304245 0.296019 0.236166 0.120843
2 0.811097 0.305593 0.254964 0.125084
2 0.365613 0.127038 0.186158 0.0879289
2 0.897775 0.153869 0.190799 0.0933264
2 0.714793 0.695125 0.433143 0.240596
2 0.19722 0.0388523 0.145181 0.0650689
2 0.803853 0.0344204 0.136999 0.0663612
7 0.67813 0.0839952 0.192348 0.111455
2 0.462914 0.0233478 0.118125 0.0466956
2 0.0660012 0.901652 0.131981 0.19569
2 0.264056 0.00484111 0.10353 0.00968221
7 0.517644 0.203273 0.248819 0.136711
2 0.517971 0.203344 0.249988 0.137153
2 0.73246 0.0110414 0.0672818 0.0219105
2 0.336523 0.394999 0.271087 0.147122
2 0.304245 0.296019 0.236166 0.120843
2 0.811097 0.305593 0.254964 0.125084
2 0.365613 0.127038 0.186158 0.0879289
2 0.897775 0.153869 0.190799 0.0933264
2 0.714793 0.695125 0.433143 0.240596
2 0.19722 0.0388523 0.145181 0.0650689
2 0.803853 0.0344204 0.136999 0.0663612
7 0.67813 0.0839952 0.192348 0.111455
2 0.462914 0.0233478 0.118125 0.0466956
2 0.0660012 0.901652 0.131981 0.19569
2 0.264056 0.00484111 0.10353 0.00968221
7 0.517644 0.203273 0.248819 0.136711
2 0.517971 0.203344 0.249988 0.137153
2 0.73246 0.0110414 0.0672818 0.0219105
2 0.336523 0.394999 0.271087 0.147122
2 0.304245 0.296019 0.236166 0.120843
2 0.811097 0.305593 0.254964 0.125084
2 0.365613 0.127038 0.186158 0.0879289
2 0.897775 0.153869 0.190799 0.0933264
2 0.714793 0.695125 0.433143 0.240596
2 0.19722 0.0388523 0.145181 0.0650689
2 0.803853 0.0344204 0.136999 0.0663612
7 0.67813 0.0839952 0.192348 0.111455
2 0.462914 0.0233478 0.118125 0.0466956
2 0.0660012 0.901652 0.131981 0.19569
2 0.264056 0.00484111 0.10353 0.00968221
7 0.517644 0.203273 0.248819 0.136711
2 0.517971 0.203344 0.249988 0.137153
2 0.73246 0.0110414 0.0672818 0.0219105
2 0.336523 0.394999 0.271087 0.147122
2 0.304245 0.296019 0.236166 0.120843
2 0.811097 0.305593 0.254964 0.125084
2 0.365613 0.127038 0.186158 0.0879289
2 0.897775 0.153869 0.190799 0.0933264
2 0.714793 0.695125 0.433143 0.240596
2 0.19722 0.0388523 0.145181 0.0650689
2 0.803853 0.0344204 0.136999 0.0663612
7 0.67813 0.0839952 0.192348 0.111455
2 0.462914 0.0233478 0.118125 0.0466956
2 0.0660012 0.901652 0.131981 0.19569
2 0.264056 0.00484111 0.10353 0.00968221
7 0.517644 0.203273 0.248819 0.136711
2 0.517971 0.203344 0.249988 0.137153
2 0.73246 0.0110414 0.0672818 0.0219105
2 0.336523 0.394999 0.271087 0.147122
2 0.304245 0.296019 0.236166 0.120843
2 0.811097 0.305593 0.254964 0.125084
2 0.365613 0.127038 0.186158 0.0879289
2 0.897775 0.153869 0.190799 0.0933264
2 0.714793 0.695125 0.433143 0.240596
2 0.19722 0.0388523 0.145181 0.0650689
2 0.803853 0.0344204 0.136999 0.0663612
7 0.67813 0.0839952 0.192348 0.111455
2 0.462914 0.0233478 0.118125 0.0466956
2 0.0660012 0.901652 0.131981 0.19569
2 0.264056 0.00484111 0.10353 0.00968221
7 0.517644 0.203273 0.248819 0.136711
2 0.517971 0.203344 0.249988 0.137153
2 0.73246 0.0110414 0.0672818 0.0219105
2 0.713905 0.695583 0.433742 0.241533
2 0.336243 0.394845 0.27126 0.14628
2 0.811216 0.305633 0.256148 0.124391
2 0.516356 0.20381 0.252878 0.137046
2 0.304246 0.296432 0.238705 0.12063
2 0.366274 0.125934 0.183544 0.0846072
2 0.898559 0.15356 0.193341 0.0924905
2 0.194998 0.0386811 0.145348 0.0654542
7 0.67827 0.0848709 0.189356 0.111844
2 0.803082 0.0344022 0.140994 0.0672416
2 0.46258 0.0235122 0.118349 0.0469471
2 0.0667554 0.901424 0.132365 0.196095
2 0.713905 0.695583 0.433742 0.241533
2 0.336243 0.394845 0.27126 0.14628
2 0.811216 0.305633 0.256148 0.124391
2 0.516356 0.20381 0.252878 0.137046
2 0.304246 0.296432 0.238705 0.12063
2 0.366274 0.125934 0.183544 0.0846072
2 0.898559 0.15356 0.193341 0.0924905
2 0.194998 0.0386811 0.145348 0.0654542
7 0.67827 0.0848709 0.189356 0.111844
2 0.803082 0.0344022 0.140994 0.0672416
2 0.46258 0.0235122 0.118349 0.0469471
2 0.0667554 0.901424 0.132365 0.196095
2 0.713905 0.695583 0.433742 0.241533
2 0.336243 0.394845 0.27126 0.14628
2 0.811216 0.305633 0.256148 0.124391
2 0.516356 0.20381 0.252878 0.137046
2 0.304246 0.296432 0.238705 0.12063
2 0.366274 0.125934 0.183544 0.0846072
2 0.898559 0.15356 0.193341 0.0924905
2 0.194998 0.0386811 0.145348 0.0654542
7 0.67827 0.0848709 0.189356 0.111844
2 0.803082 0.0344022 0.140994 0.0672416
2 0.46258 0.0235122 0.118349 0.0469471
2 0.0667554 0.901424 0.132365 0.196095
2 0.713905 0.695583 0.433742 0.241533
2 0.336243 0.394845 0.27126 0.14628
2 0.811216 0.305633 0.256148 0.124391
2 0.516356 0.20381 0.252878 0.137046
2 0.304246 0.296432 0.238705 0.12063
2 0.366274 0.125934 0.183544 0.0846072
2 0.898559 0.15356 0.193341 0.0924905
2 0.194998 0.0386811 0.145348 0.0654542
7 0.67827 0.0848709 0.189356 0.111844
2 0.803082 0.0344022 0.140994 0.0672416
2 0.46258 0.0235122 0.118349 0.0469471
2 0.0667554 0.901424 0.132365 0.196095
2 0.713905 0.695583 0.433742 0.241533
2 0.336243 0.394845 0.27126 0.14628
2 0.811216 0.305633 0.256148 0.124391
2 0.516356 0.20381 0.252878 0.137046
2 0.304246 0.296432 0.238705 0.12063
2 0.366274 0.125934 0.183544 0.0846072
2 0.898559 0.15356 0.193341 0.0924905
2 0.194998 0.0386811 0.145348 0.0654542
7 0.67827 0.0848709 0.189356 0.111844
2 0.803082 0.0344022 0.140994 0.0672416
2 0.46258 0.0235122 0.118349 0.0469471
2 0.0667554 0.901424 0.132365 0.196095
2 0.713905 0.695583 0.433742 0.241533
2 0.336243 0.394845 0.27126 0.14628
2 0.811216 0.305633 0.256148 0.124391
2 0.516356 0.20381 0.252878 0.137046
2 0.304246 0.296432 0.238705 0.12063
2 0.366274 0.125934 0.183544 0.0846072
2 0.898559 0.15356 0.193341 0.0924905
2 0.194998 0.0386811 0.145348 0.0654542
7 0.67827 0.0848709 0.189356 0.111844
2 0.803082 0.0344022 0.140994 0.0672416
2 0.46258 0.0235122 0.118349 0.0469471
2 0.0667554 0.901424 0.132365 0.196095
2 0.713905 0.695583 0.433742 0.241533
2 0.336243 0.394845 0.27126 0.14628
2 0.811216 0.305633 0.256148 0.124391
2 0.516356 0.20381 0.252878 0.137046
2 0.304246 0.296432 0.238705 0.12063
2 0.366274 0.125934 0.183544 0.0846072
2 0.898559 0.15356 0.193341 0.0924905
2 0.194998 0.0386811 0.145348 0.0654542
7 0.67827 0.0848709 0.189356 0.111844
2 0.803082 0.0344022 0.140994 0.0672416
2 0.46258 0.0235122 0.118349 0.0469471
2 0.0667554 0.901424 0.132365 0.196095
2 0.713905 0.695583 0.433742 0.241533
2 0.336243 0.394845 0.27126 0.14628
2 0.811216 0.305633 0.256148 0.124391
2 0.516356 0.20381 0.252878 0.137046
2 0.304246 0.296432 0.238705 0.12063
2 0.366274 0.125934 0.183544 0.0846072
2 0.898559 0.15356 0.193341 0.0924905
2 0.194998 0.0386811 0.145348 0.0654542
7 0.67827 0.0848709 0.189356 0.111844
2 0.803082 0.0344022 0.140994 0.0672416
2 0.46258 0.0235122 0.118349 0.0469471
2 0.0667554 0.901424 0.132365 0.196095
2 0.267361 0.00445544 0.107678 0.00882396
