2 0.898715 0.869408 0.200672 0.118719
2 0.856816 0.790066 0.199928 0.0985477
2 0.493214 0.677053 0.111436 0.0539955
2 0.375584 0.887128 0.220426 0.136578
2 0.0591542 0.847861 0.118308 0.0964216
7 0.408146 0.602958 0.096054 0.0688572
2 0.766478 0.734044 0.148889 0.0847669
2 0.316249 0.59812 0.0690555 0.0305684
7 0.378261 0.761239 0.163175 0.0900166
2 0.590559 0.564876 0.0481479 0.0218502
2 0.23989 0.627306 0.104716 0.0584906
2 0.211287 0.577681 0.0675061 0.0311916
2 0.408063 0.560721 0.0435137 0.0191092
2 0.56707 0.549522 0.041438 0.0187517
2 0.449832 0.547706 0.0406741 0.0149773
2 0.898715 0.869408 0.200672 0.118719
2 0.856816 0.790066 0.199928 0.0985477
2 0.493214 0.677053 0.111436 0.0539955
2 0.375584 0.887128 0.220426 0.136578
2 0.0591542 0.847861 0.118308 0.0964216
7 0.408146 0.602958 0.096054 0.0688572
2 0.766478 0.734044 0.148889 0.0847669
2 0.316249 0.59812 0.0690555 0.0305684
7 0.378261 0.761239 0.163175 0.0900166
2 0.590559 0.564876 0.0481479 0.0218502
2 0.23989 0.627306 0.104716 0.0584906
2 0.211287 0.577681 0.0675061 0.0311916
2 0.408063 0.560721 0.0435137 0.0191092
2 0.56707 0.549522 0.041438 0.0187517
2 0.449832 0.547706 0.0406741 0.0149773
2 0.898715 0.869408 0.200672 0.118719
2 0.856816 0.790066 0.199928 0.0985477
2 0.493214 0.677053 0.111436 0.0539955
2 0.375584 0.887128 0.220426 0.136578
2 0.0591542 0.847861 0.118308 0.0964216
7 0.408146 0.602958 0.096054 0.0688572
2 0.766478 0.734044 0.148889 0.0847669
2 0.316249 0.59812 0.0690555 0.0305684
7 0.378261 0.761239 0.163175 0.0900166
2 0.590559 0.564876 0.0481479 0.0218502
2 0.23989 0.627306 0.104716 0.0584906
2 0.211287 0.577681 0.0675061 0.0311916
2 0.408063 0.560721 0.0435137 0.0191092
2 0.56707 0.549522 0.041438 0.0187517
2 0.449832 0.547706 0.0406741 0.0149773
2 0.898715 0.869408 0.200672 0.118719
2 0.856816 0.790066 0.199928 0.0985477
2 0.493214 0.677053 0.111436 0.0539955
2 0.375584 0.887128 0.220426 0.136578
2 0.0591542 0.847861 0.118308 0.0964216
7 0.408146 0.602958 0.096054 0.0688572
2 0.766478 0.734044 0.148889 0.0847669
2 0.316249 0.59812 0.0690555 0.0305684
7 0.378261 0.761239 0.163175 0.0900166
2 0.590559 0.564876 0.0481479 0.0218502
2 0.23989 0.627306 0.104716 0.0584906
2 0.211287 0.577681 0.0675061 0.0311916
2 0.408063 0.560721 0.0435137 0.0191092
2 0.56707 0.549522 0.041438 0.0187517
2 0.449832 0.547706 0.0406741 0.0149773
2 0.898715 0.869408 0.200672 0.118719
2 0.856816 0.790066 0.199928 0.0985477
2 0.493214 0.677053 0.111436 0.0539955
2 0.375584 0.887128 0.220426 0.136578
2 0.0591542 0.847861 0.118308 0.0964216
7 0.408146 0.602958 0.096054 0.0688572
2 0.766478 0.734044 0.148889 0.0847669
2 0.316249 0.59812 0.0690555 0.0305684
7 0.378261 0.761239 0.163175 0.0900166
2 0.590559 0.564876 0.0481479 0.0218502
2 0.23989 0.627306 0.104716 0.0584906
2 0.211287 0.577681 0.0675061 0.0311916
2 0.408063 0.560721 0.0435137 0.0191092
2 0.56707 0.549522 0.041438 0.0187517
2 0.449832 0.547706 0.0406741 0.0149773
2 0.898715 0.869408 0.200672 0.118719
2 0.856816 0.790066 0.199928 0.0985477
2 0.493214 0.677053 0.111436 0.0539955
2 0.375584 0.887128 0.220426 0.136578
2 0.0591542 0.847861 0.118308 0.0964216
7 0.408146 0.602958 0.096054 0.0688572
2 0.766478 0.734044 0.148889 0.0847669
2 0.316249 0.59812 0.0690555 0.0305684
7 0.378261 0.761239 0.163175 0.0900166
2 0.590559 0.564876 0.0481479 0.0218502
2 0.23989 0.627306 0.104716 0.0584906
2 0.211287 0.577681 0.0675061 0.0311916
2 0.408063 0.560721 0.0435137 0.0191092
2 0.56707 0.549522 0.041438 0.0187517
2 0.449832 0.547706 0.0406741 0.0149773
