2 0.89868 0.869737 0.201074 0.11927
2 0.857841 0.790004 0.201923 0.0984566
2 0.0850146 0.785012 0.170029 0.0872831
2 0.225235 0.644894 0.0982663 0.0407375
2 0.558589 0.633338 0.0798277 0.036821
2 0.298731 0.604967 0.072634 0.0310388
2 0.152272 0.69712 0.123661 0.0636323
2 0.521419 0.605263 0.0705224 0.0346809
2 0.765557 0.733977 0.147046 0.0846775
7 0.0642731 0.932579 0.128546 0.134042
2 0.368573 0.573854 0.0599469 0.0289439
2 0.49474 0.57589 0.0585752 0.032012
7 0.169206 0.578288 0.088733 0.0492784
2 0.766006 0.568542 0.0662759 0.0264439
7 0.809693 0.590786 0.109859 0.0522804
2 0.702694 0.552182 0.0575945 0.0226899
7 0.340883 0.746572 0.187148 0.167532
2 0.811016 0.59073 0.112637 0.0530158
5 0.505297 0.540758 0.0557329 0.0400255
2 0.89868 0.869737 0.201074 0.11927
2 0.857841 0.790004 0.201923 0.0984566
2 0.0850146 0.785012 0.170029 0.0872831
2 0.225235 0.644894 0.0982663 0.0407375
2 0.558589 0.633338 0.0798277 0.036821
2 0.298731 0.604967 0.072634 0.0310388
2 0.152272 0.69712 0.123661 0.0636323
2 0.521419 0.605263 0.0705224 0.0346809
2 0.765557 0.733977 0.147046 0.0846775
7 0.0642731 0.932579 0.128546 0.134042
2 0.368573 0.573854 0.0599469 0.0289439
2 0.49474 0.57589 0.0585752 0.032012
7 0.169206 0.578288 0.088733 0.0492784
2 0.766006 0.568542 0.0662759 0.0264439
7 0.809693 0.590786 0.109859 0.0522804
2 0.702694 0.552182 0.0575945 0.0226899
7 0.340883 0.746572 0.187148 0.167532
2 0.811016 0.59073 0.112637 0.0530158
5 0.505297 0.540758 0.0557329 0.0400255
2 0.89868 0.869737 0.201074 0.11927
2 0.857841 0.790004 0.201923 0.0984566
2 0.0850146 0.785012 0.170029 0.0872831
2 0.225235 0.644894 0.0982663 0.0407375
2 0.558589 0.633338 0.0798277 0.036821
2 0.298731 0.604967 0.072634 0.0310388
2 0.152272 0.69712 0.123661 0.0636323
2 0.521419 0.605263 0.0705224 0.0346809
2 0.765557 0.733977 0.147046 0.0846775
7 0.0642731 0.932579 0.128546 0.134042
2 0.368573 0.573854 0.0599469 0.0289439
2 0.49474 0.57589 0.0585752 0.032012
7 0.169206 0.578288 0.088733 0.0492784
2 0.766006 0.568542 0.0662759 0.0264439
7 0.809693 0.590786 0.109859 0.0522804
2 0.702694 0.552182 0.0575945 0.0226899
7 0.340883 0.746572 0.187148 0.167532
2 0.811016 0.59073 0.112637 0.0530158
5 0.505297 0.540758 0.0557329 0.0400255
2 0.89868 0.869737 0.201074 0.11927
2 0.857841 0.790004 0.201923 0.0984566
2 0.0850146 0.785012 0.170029 0.0872831
2 0.225235 0.644894 0.0982663 0.0407375
2 0.558589 0.633338 0.0798277 0.036821
2 0.298731 0.604967 0.072634 0.0310388
2 0.152272 0.69712 0.123661 0.0636323
2 0.521419 0.605263 0.0705224 0.0346809
2 0.765557 0.733977 0.147046 0.0846775
7 0.0642731 0.932579 0.128546 0.134042
2 0.368573 0.573854 0.0599469 0.0289439
2 0.49474 0.57589 0.0585752 0.032012
7 0.169206 0.578288 0.088733 0.0492784
2 0.766006 0.568542 0.0662759 0.0264439
7 0.809693 0.590786 0.109859 0.0522804
2 0.702694 0.552182 0.0575945 0.0226899
7 0.340883 0.746572 0.187148 0.167532
2 0.811016 0.59073 0.112637 0.0530158
5 0.505297 0.540758 0.0557329 0.0400255
2 0.89868 0.869737 0.201074 0.11927
2 0.857841 0.790004 0.201923 0.0984566
2 0.0850146 0.785012 0.170029 0.0872831
2 0.225235 0.644894 0.0982663 0.0407375
2 0.558589 0.633338 0.0798277 0.036821
2 0.298731 0.604967 0.072634 0.0310388
2 0.152272 0.69712 0.123661 0.0636323
2 0.521419 0.605263 0.0705224 0.0346809
2 0.765557 0.733977 0.147046 0.0846775
7 0.0642731 0.932579 0.128546 0.134042
2 0.368573 0.573854 0.0599469 0.0289439
2 0.49474 0.57589 0.0585752 0.032012
7 0.169206 0.578288 0.088733 0.0492784
2 0.766006 0.568542 0.0662759 0.0264439
7 0.809693 0.590786 0.109859 0.0522804
2 0.702694 0.552182 0.0575945 0.0226899
7 0.340883 0.746572 0.187148 0.167532
2 0.811016 0.59073 0.112637 0.0530158
5 0.505297 0.540758 0.0557329 0.0400255
2 0.89868 0.869737 0.201074 0.11927
2 0.857841 0.790004 0.201923 0.0984566
2 0.0850146 0.785012 0.170029 0.0872831
2 0.225235 0.644894 0.0982663 0.0407375
2 0.558589 0.633338 0.0798277 0.036821
2 0.298731 0.604967 0.072634 0.0310388
2 0.152272 0.69712 0.123661 0.0636323
2 0.521419 0.605263 0.0705224 0.0346809
2 0.765557 0.733977 0.147046 0.0846775
7 0.0642731 0.932579 0.128546 0.134042
2 0.368573 0.573854 0.0599469 0.0289439
2 0.49474 0.57589 0.0585752 0.032012
7 0.169206 0.578288 0.088733 0.0492784
2 0.766006 0.568542 0.0662759 0.0264439
7 0.809693 0.590786 0.109859 0.0522804
2 0.702694 0.552182 0.0575945 0.0226899
7 0.340883 0.746572 0.187148 0.167532
2 0.811016 0.59073 0.112637 0.0530158
5 0.505297 0.540758 0.0557329 0.0400255
2 0.89868 0.869737 0.201074 0.11927
2 0.857841 0.790004 0.201923 0.0984566
2 0.0850146 0.785012 0.170029 0.0872831
2 0.225235 0.644894 0.0982663 0.0407375
2 0.558589 0.633338 0.0798277 0.036821
2 0.298731 0.604967 0.072634 0.0310388
2 0.152272 0.69712 0.123661 0.0636323
2 0.521419 0.605263 0.0705224 0.0346809
2 0.765557 0.733977 0.147046 0.0846775
7 0.0642731 0.932579 0.128546 0.134042
2 0.368573 0.573854 0.0599469 0.0289439
2 0.49474 0.57589 0.0585752 0.032012
7 0.169206 0.578288 0.088733 0.0492784
2 0.766006 0.568542 0.0662759 0.0264439
7 0.809693 0.590786 0.109859 0.0522804
2 0.702694 0.552182 0.0575945 0.0226899
7 0.340883 0.746572 0.187148 0.167532
2 0.811016 0.59073 0.112637 0.0530158
5 0.505297 0.540758 0.0557329 0.0400255
2 0.89868 0.869737 0.201074 0.11927
2 0.857841 0.790004 0.201923 0.0984566
2 0.0850146 0.785012 0.170029 0.0872831
2 0.225235 0.644894 0.0982663 0.0407375
2 0.558589 0.633338 0.0798277 0.036821
2 0.298731 0.604967 0.072634 0.0310388
2 0.152272 0.69712 0.123661 0.0636323
2 0.521419 0.605263 0.0705224 0.0346809
2 0.765557 0.733977 0.147046 0.0846775
7 0.0642731 0.932579 0.128546 0.134042
2 0.368573 0.573854 0.0599469 0.0289439
2 0.49474 0.57589 0.0585752 0.032012
7 0.169206 0.578288 0.088733 0.0492784
2 0.766006 0.568542 0.0662759 0.0264439
7 0.809693 0.590786 0.109859 0.0522804
2 0.702694 0.552182 0.0575945 0.0226899
7 0.340883 0.746572 0.187148 0.167532
2 0.811016 0.59073 0.112637 0.0530158
5 0.505297 0.540758 0.0557329 0.0400255
2 0.89868 0.869737 0.201074 0.11927
2 0.857841 0.790004 0.201923 0.0984566
2 0.0850146 0.785012 0.170029 0.0872831
2 0.225235 0.644894 0.0982663 0.0407375
2 0.558589 0.633338 0.0798277 0.036821
2 0.298731 0.604967 0.072634 0.0310388
2 0.152272 0.69712 0.123661 0.0636323
2 0.521419 0.605263 0.0705224 0.0346809
2 0.765557 0.733977 0.147046 0.0846775
7 0.0642731 0.932579 0.128546 0.134042
2 0.368573 0.573854 0.0599469 0.0289439
2 0.49474 0.57589 0.0585752 0.032012
7 0.169206 0.578288 0.088733 0.0492784
2 0.766006 0.568542 0.0662759 0.0264439
7 0.809693 0.590786 0.109859 0.0522804
2 0.702694 0.552182 0.0575945 0.0226899
7 0.340883 0.746572 0.187148 0.167532
2 0.811016 0.59073 0.112637 0.0530158
5 0.505297 0.540758 0.0557329 0.0400255
2 0.89868 0.869737 0.201074 0.11927
2 0.857841 0.790004 0.201923 0.0984566
2 0.0850146 0.785012 0.170029 0.0872831
2 0.225235 0.644894 0.0982663 0.0407375
2 0.558589 0.633338 0.0798277 0.036821
2 0.298731 0.604967 0.072634 0.0310388
2 0.152272 0.69712 0.123661 0.0636323
2 0.521419 0.605263 0.0705224 0.0346809
2 0.765557 0.733977 0.147046 0.0846775
7 0.0642731 0.932579 0.128546 0.134042
2 0.368573 0.573854 0.0599469 0.0289439
2 0.49474 0.57589 0.0585752 0.032012
7 0.169206 0.578288 0.088733 0.0492784
2 0.766006 0.568542 0.0662759 0.0264439
7 0.809693 0.590786 0.109859 0.0522804
2 0.702694 0.552182 0.0575945 0.0226899
7 0.340883 0.746572 0.187148 0.167532
2 0.811016 0.59073 0.112637 0.0530158
5 0.505297 0.540758 0.0557329 0.0400255
2 0.89868 0.869737 0.201074 0.11927
2 0.857841 0.790004 0.201923 0.0984566
2 0.0850146 0.785012 0.170029 0.0872831
2 0.225235 0.644894 0.0982663 0.0407375
2 0.558589 0.633338 0.0798277 0.036821
2 0.298731 0.604967 0.072634 0.0310388
2 0.152272 0.69712 0.123661 0.0636323
2 0.521419 0.605263 0.0705224 0.0346809
2 0.765557 0.733977 0.147046 0.0846775
7 0.0642731 0.932579 0.128546 0.134042
2 0.368573 0.573854 0.0599469 0.0289439
2 0.49474 0.57589 0.0585752 0.032012
7 0.169206 0.578288 0.088733 0.0492784
2 0.766006 0.568542 0.0662759 0.0264439
7 0.809693 0.590786 0.109859 0.0522804
2 0.702694 0.552182 0.0575945 0.0226899
7 0.340883 0.746572 0.187148 0.167532
2 0.811016 0.59073 0.112637 0.0530158
5 0.505297 0.540758 0.0557329 0.0400255
2 0.89868 0.869737 0.201074 0.11927
2 0.857841 0.790004 0.201923 0.0984566
2 0.0850146 0.785012 0.170029 0.0872831
2 0.225235 0.644894 0.0982663 0.0407375
2 0.558589 0.633338 0.0798277 0.036821
2 0.298731 0.604967 0.072634 0.0310388
2 0.152272 0.69712 0.123661 0.0636323
2 0.521419 0.605263 0.0705224 0.0346809
2 0.765557 0.733977 0.147046 0.0846775
7 0.0642731 0.932579 0.128546 0.134042
2 0.368573 0.573854 0.0599469 0.0289439
2 0.49474 0.57589 0.0585752 0.032012
7 0.169206 0.578288 0.088733 0.0492784
2 0.766006 0.568542 0.0662759 0.0264439
7 0.809693 0.590786 0.109859 0.0522804
2 0.702694 0.552182 0.0575945 0.0226899
7 0.340883 0.746572 0.187148 0.167532
2 0.811016 0.59073 0.112637 0.0530158
5 0.505297 0.540758 0.0557329 0.0400255
2 0.89868 0.869737 0.201074 0.11927
2 0.857841 0.790004 0.201923 0.0984566
2 0.0850146 0.785012 0.170029 0.0872831
2 0.225235 0.644894 0.0982663 0.0407375
2 0.558589 0.633338 0.0798277 0.036821
2 0.298731 0.604967 0.072634 0.0310388
2 0.152272 0.69712 0.123661 0.0636323
2 0.521419 0.605263 0.0705224 0.0346809
2 0.765557 0.733977 0.147046 0.0846775
7 0.0642731 0.932579 0.128546 0.134042
2 0.368573 0.573854 0.0599469 0.0289439
2 0.49474 0.57589 0.0585752 0.032012
7 0.169206 0.578288 0.088733 0.0492784
2 0.766006 0.568542 0.0662759 0.0264439
7 0.809693 0.590786 0.109859 0.0522804
2 0.702694 0.552182 0.0575945 0.0226899
7 0.340883 0.746572 0.187148 0.167532
2 0.811016 0.59073 0.112637 0.0530158
5 0.505297 0.540758 0.0557329 0.0400255
5 0.341848 0.746301 0.185876 0.167705
2 0.085126 0.78525 0.169336 0.0861782
2 0.225569 0.644389 0.0971961 0.0393172
2 0.859419 0.787389 0.202596 0.0938093
2 0.559045 0.633445 0.0807166 0.0371132
2 0.898547 0.869173 0.202841 0.119761
2 0.298505 0.604489 0.0716662 0.0301146
2 0.520722 0.604187 0.0704304 0.0321665
2 0.761313 0.734325 0.145224 0.0852507
2 0.152502 0.696386 0.123878 0.062401
7 0.170242 0.5772 0.087819 0.0474711
2 0.494401 0.575431 0.0579299 0.0300023
2 0.368187 0.573181 0.0597265 0.0293911
7 0.80823 0.592925 0.109648 0.0470161
5 0.341848 0.746301 0.185876 0.167705
2 0.085126 0.78525 0.169336 0.0861782
2 0.225569 0.644389 0.0971961 0.0393172
2 0.859419 0.787389 0.202596 0.0938093
2 0.559045 0.633445 0.0807166 0.0371132
2 0.898547 0.869173 0.202841 0.119761
2 0.298505 0.604489 0.0716662 0.0301146
2 0.520722 0.604187 0.0704304 0.0321665
2 0.761313 0.734325 0.145224 0.0852507
2 0.152502 0.696386 0.123878 0.062401
7 0.170242 0.5772 0.087819 0.0474711
2 0.494401 0.575431 0.0579299 0.0300023
2 0.368187 0.573181 0.0597265 0.0293911
7 0.80823 0.592925 0.109648 0.0470161
