7 0.0643728 0.827987 0.128746 0.160606
5 0.374549 0.762113 0.227428 0.194787
2 0.857573 0.789208 0.19963 0.0979277
2 0.421947 0.641956 0.0946121 0.039188
7 0.627322 0.787638 0.24912 0.153497
2 0.31734 0.61543 0.0874213 0.0399996
2 0.656746 0.574415 0.0527286 0.0242384
2 0.101516 0.749227 0.141046 0.0678271
2 0.426088 0.59295 0.0624047 0.0326136
2 0.189649 0.664727 0.110176 0.0526215
2 0.767389 0.727185 0.145291 0.0728749
7 0.821011 0.590288 0.0931932 0.0493327
7 0.189103 0.665269 0.110901 0.05313
2 0.686468 0.54947 0.0441228 0.0201922
2 0.454361 0.576435 0.0577522 0.0287704
2 0.161081 0.591858 0.076734 0.0336042
2 0.547658 0.585508 0.0705134 0.0385344
2 0.325034 0.589867 0.0708192 0.0319289
7 0.0643728 0.827987 0.128746 0.160606
5 0.374549 0.762113 0.227428 0.194787
2 0.857573 0.789208 0.19963 0.0979277
2 0.421947 0.641956 0.0946121 0.039188
7 0.627322 0.787638 0.24912 0.153497
2 0.31734 0.61543 0.0874213 0.0399996
2 0.656746 0.574415 0.0527286 0.0242384
2 0.101516 0.749227 0.141046 0.0678271
2 0.426088 0.59295 0.0624047 0.0326136
2 0.189649 0.664727 0.110176 0.0526215
2 0.767389 0.727185 0.145291 0.0728749
7 0.821011 0.590288 0.0931932 0.0493327
7 0.189103 0.665269 0.110901 0.05313
2 0.686468 0.54947 0.0441228 0.0201922
2 0.454361 0.576435 0.0577522 0.0287704
2 0.161081 0.591858 0.076734 0.0336042
2 0.547658 0.585508 0.0705134 0.0385344
2 0.325034 0.589867 0.0708192 0.0319289
7 0.0643728 0.827987 0.128746 0.160606
5 0.374549 0.762113 0.227428 0.194787
2 0.857573 0.789208 0.19963 0.0979277
2 0.421947 0.641956 0.0946121 0.039188
7 0.627322 0.787638 0.24912 0.153497
2 0.31734 0.61543 0.0874213 0.0399996
2 0.656746 0.574415 0.0527286 0.0242384
2 0.101516 0.749227 0.141046 0.0678271
2 0.426088 0.59295 0.0624047 0.0326136
2 0.189649 0.664727 0.110176 0.0526215
2 0.767389 0.727185 0.145291 0.0728749
7 0.821011 0.590288 0.0931932 0.0493327
7 0.189103 0.665269 0.110901 0.05313
2 0.686468 0.54947 0.0441228 0.0201922
2 0.454361 0.576435 0.0577522 0.0287704
2 0.161081 0.591858 0.076734 0.0336042
2 0.547658 0.585508 0.0705134 0.0385344
2 0.325034 0.589867 0.0708192 0.0319289
7 0.0643728 0.827987 0.128746 0.160606
5 0.374549 0.762113 0.227428 0.194787
2 0.857573 0.789208 0.19963 0.0979277
2 0.421947 0.641956 0.0946121 0.039188
7 0.627322 0.787638 0.24912 0.153497
2 0.31734 0.61543 0.0874213 0.0399996
2 0.656746 0.574415 0.0527286 0.0242384
2 0.101516 0.749227 0.141046 0.0678271
2 0.426088 0.59295 0.0624047 0.0326136
2 0.189649 0.664727 0.110176 0.0526215
2 0.767389 0.727185 0.145291 0.0728749
7 0.821011 0.590288 0.0931932 0.0493327
7 0.189103 0.665269 0.110901 0.05313
2 0.686468 0.54947 0.0441228 0.0201922
2 0.454361 0.576435 0.0577522 0.0287704
2 0.161081 0.591858 0.076734 0.0336042
2 0.547658 0.585508 0.0705134 0.0385344
2 0.325034 0.589867 0.0708192 0.0319289
7 0.0643728 0.827987 0.128746 0.160606
5 0.374549 0.762113 0.227428 0.194787
2 0.857573 0.789208 0.19963 0.0979277
2 0.421947 0.641956 0.0946121 0.039188
7 0.627322 0.787638 0.24912 0.153497
2 0.31734 0.61543 0.0874213 0.0399996
2 0.656746 0.574415 0.0527286 0.0242384
2 0.101516 0.749227 0.141046 0.0678271
2 0.426088 0.59295 0.0624047 0.0326136
2 0.189649 0.664727 0.110176 0.0526215
2 0.767389 0.727185 0.145291 0.0728749
7 0.821011 0.590288 0.0931932 0.0493327
7 0.189103 0.665269 0.110901 0.05313
2 0.686468 0.54947 0.0441228 0.0201922
2 0.454361 0.576435 0.0577522 0.0287704
2 0.161081 0.591858 0.076734 0.0336042
2 0.547658 0.585508 0.0705134 0.0385344
2 0.325034 0.589867 0.0708192 0.0319289
7 0.0643728 0.827987 0.128746 0.160606
5 0.374549 0.762113 0.227428 0.194787
2 0.857573 0.789208 0.19963 0.0979277
2 0.421947 0.641956 0.0946121 0.039188
7 0.627322 0.787638 0.24912 0.153497
2 0.31734 0.61543 0.0874213 0.0399996
2 0.656746 0.574415 0.0527286 0.0242384
2 0.101516 0.749227 0.141046 0.0678271
2 0.426088 0.59295 0.0624047 0.0326136
2 0.189649 0.664727 0.110176 0.0526215
2 0.767389 0.727185 0.145291 0.0728749
7 0.821011 0.590288 0.0931932 0.0493327
7 0.189103 0.665269 0.110901 0.05313
2 0.686468 0.54947 0.0441228 0.0201922
2 0.454361 0.576435 0.0577522 0.0287704
2 0.161081 0.591858 0.076734 0.0336042
2 0.547658 0.585508 0.0705134 0.0385344
2 0.325034 0.589867 0.0708192 0.0319289
