2 0.854299 0.96214 0.288424 0.0745749
2 0.85535 0.791208 0.200615 0.101555
2 0.609846 0.833643 0.209201 0.105251
2 0.0722883 0.756643 0.144577 0.0823931
2 0.0416159 0.929639 0.0832318 0.134115
5 0.572185 0.671087 0.131932 0.0906757
2 0.76582 0.733312 0.144938 0.0821273
2 0.38643 0.772425 0.162781 0.0960541
2 0.243419 0.639086 0.0877369 0.0386934
2 0.497586 0.581069 0.0627591 0.0254425
5 0.371935 0.641632 0.12963 0.101996
2 0.326104 0.59415 0.0653842 0.0304055
7 0.151634 0.676433 0.139827 0.084213
5 0.152226 0.676748 0.140634 0.0848485
2 0.455027 0.611742 0.0636658 0.0382689
2 0.468055 0.563777 0.0471698 0.0253771
2 0.203224 0.577432 0.0712114 0.0372786
2 0.854299 0.96214 0.288424 0.0745749
2 0.85535 0.791208 0.200615 0.101555
2 0.609846 0.833643 0.209201 0.105251
2 0.0722883 0.756643 0.144577 0.0823931
2 0.0416159 0.929639 0.0832318 0.134115
5 0.572185 0.671087 0.131932 0.0906757
2 0.76582 0.733312 0.144938 0.0821273
2 0.38643 0.772425 0.162781 0.0960541
2 0.243419 0.639086 0.0877369 0.0386934
2 0.497586 0.581069 0.0627591 0.0254425
5 0.371935 0.641632 0.12963 0.101996
2 0.326104 0.59415 0.0653842 0.0304055
7 0.151634 0.676433 0.139827 0.084213
5 0.152226 0.676748 0.140634 0.0848485
2 0.455027 0.611742 0.0636658 0.0382689
2 0.468055 0.563777 0.0471698 0.0253771
2 0.203224 0.577432 0.0712114 0.0372786
2 0.854299 0.96214 0.288424 0.0745749
2 0.85535 0.791208 0.200615 0.101555
2 0.609846 0.833643 0.209201 0.105251
2 0.0722883 0.756643 0.144577 0.0823931
2 0.0416159 0.929639 0.0832318 0.134115
5 0.572185 0.671087 0.131932 0.0906757
2 0.76582 0.733312 0.144938 0.0821273
2 0.38643 0.772425 0.162781 0.0960541
2 0.243419 0.639086 0.0877369 0.0386934
2 0.497586 0.581069 0.0627591 0.0254425
5 0.371935 0.641632 0.12963 0.101996
2 0.326104 0.59415 0.0653842 0.0304055
7 0.151634 0.676433 0.139827 0.084213
5 0.152226 0.676748 0.140634 0.0848485
2 0.455027 0.611742 0.0636658 0.0382689
2 0.468055 0.563777 0.0471698 0.0253771
2 0.203224 0.577432 0.0712114 0.0372786
2 0.854299 0.96214 0.288424 0.0745749
2 0.85535 0.791208 0.200615 0.101555
2 0.609846 0.833643 0.209201 0.105251
2 0.0722883 0.756643 0.144577 0.0823931
2 0.0416159 0.929639 0.0832318 0.134115
5 0.572185 0.671087 0.131932 0.0906757
2 0.76582 0.733312 0.144938 0.0821273
2 0.38643 0.772425 0.162781 0.0960541
2 0.243419 0.639086 0.0877369 0.0386934
2 0.497586 0.581069 0.0627591 0.0254425
5 0.371935 0.641632 0.12963 0.101996
2 0.326104 0.59415 0.0653842 0.0304055
7 0.151634 0.676433 0.139827 0.084213
5 0.152226 0.676748 0.140634 0.0848485
2 0.455027 0.611742 0.0636658 0.0382689
2 0.468055 0.563777 0.0471698 0.0253771
2 0.203224 0.577432 0.0712114 0.0372786
2 0.854299 0.96214 0.288424 0.0745749
2 0.85535 0.791208 0.200615 0.101555
2 0.609846 0.833643 0.209201 0.105251
2 0.0722883 0.756643 0.144577 0.0823931
2 0.0416159 0.929639 0.0832318 0.134115
5 0.572185 0.671087 0.131932 0.0906757
2 0.76582 0.733312 0.144938 0.0821273
2 0.38643 0.772425 0.162781 0.0960541
2 0.243419 0.639086 0.0877369 0.0386934
2 0.497586 0.581069 0.0627591 0.0254425
5 0.371935 0.641632 0.12963 0.101996
2 0.326104 0.59415 0.0653842 0.0304055
7 0.151634 0.676433 0.139827 0.084213
5 0.152226 0.676748 0.140634 0.0848485
2 0.455027 0.611742 0.0636658 0.0382689
2 0.468055 0.563777 0.0471698 0.0253771
2 0.203224 0.577432 0.0712114 0.0372786
2 0.854299 0.96214 0.288424 0.0745749
2 0.85535 0.791208 0.200615 0.101555
2 0.609846 0.833643 0.209201 0.105251
2 0.0722883 0.756643 0.144577 0.0823931
2 0.0416159 0.929639 0.0832318 0.134115
5 0.572185 0.671087 0.131932 0.0906757
2 0.76582 0.733312 0.144938 0.0821273
2 0.38643 0.772425 0.162781 0.0960541
2 0.243419 0.639086 0.0877369 0.0386934
2 0.497586 0.581069 0.0627591 0.0254425
5 0.371935 0.641632 0.12963 0.101996
2 0.326104 0.59415 0.0653842 0.0304055
7 0.151634 0.676433 0.139827 0.084213
5 0.152226 0.676748 0.140634 0.0848485
2 0.455027 0.611742 0.0636658 0.0382689
2 0.468055 0.563777 0.0471698 0.0253771
2 0.203224 0.577432 0.0712114 0.0372786
2 0.854299 0.96214 0.288424 0.0745749
2 0.85535 0.791208 0.200615 0.101555
2 0.609846 0.833643 0.209201 0.105251
2 0.0722883 0.756643 0.144577 0.0823931
2 0.0416159 0.929639 0.0832318 0.134115
5 0.572185 0.671087 0.131932 0.0906757
2 0.76582 0.733312 0.144938 0.0821273
2 0.38643 0.772425 0.162781 0.0960541
2 0.243419 0.639086 0.0877369 0.0386934
2 0.497586 0.581069 0.0627591 0.0254425
5 0.371935 0.641632 0.12963 0.101996
2 0.326104 0.59415 0.0653842 0.0304055
7 0.151634 0.676433 0.139827 0.084213
5 0.152226 0.676748 0.140634 0.0848485
2 0.455027 0.611742 0.0636658 0.0382689
2 0.468055 0.563777 0.0471698 0.0253771
2 0.203224 0.577432 0.0712114 0.0372786
2 0.854299 0.96214 0.288424 0.0745749
2 0.85535 0.791208 0.200615 0.101555
2 0.609846 0.833643 0.209201 0.105251
2 0.0722883 0.756643 0.144577 0.0823931
2 0.0416159 0.929639 0.0832318 0.134115
5 0.572185 0.671087 0.131932 0.0906757
2 0.76582 0.733312 0.144938 0.0821273
2 0.38643 0.772425 0.162781 0.0960541
2 0.243419 0.639086 0.0877369 0.0386934
2 0.497586 0.581069 0.0627591 0.0254425
5 0.371935 0.641632 0.12963 0.101996
2 0.326104 0.59415 0.0653842 0.0304055
7 0.151634 0.676433 0.139827 0.084213
5 0.152226 0.676748 0.140634 0.0848485
2 0.455027 0.611742 0.0636658 0.0382689
2 0.468055 0.563777 0.0471698 0.0253771
2 0.203224 0.577432 0.0712114 0.0372786
2 0.854299 0.96214 0.288424 0.0745749
2 0.85535 0.791208 0.200615 0.101555
2 0.609846 0.833643 0.209201 0.105251
2 0.0722883 0.756643 0.144577 0.0823931
2 0.0416159 0.929639 0.0832318 0.134115
5 0.572185 0.671087 0.131932 0.0906757
2 0.76582 0.733312 0.144938 0.0821273
2 0.38643 0.772425 0.162781 0.0960541
2 0.243419 0.639086 0.0877369 0.0386934
2 0.497586 0.581069 0.0627591 0.0254425
5 0.371935 0.641632 0.12963 0.101996
2 0.326104 0.59415 0.0653842 0.0304055
7 0.151634 0.676433 0.139827 0.084213
5 0.152226 0.676748 0.140634 0.0848485
2 0.455027 0.611742 0.0636658 0.0382689
2 0.468055 0.563777 0.0471698 0.0253771
2 0.203224 0.577432 0.0712114 0.0372786
2 0.854299 0.96214 0.288424 0.0745749
2 0.85535 0.791208 0.200615 0.101555
2 0.609846 0.833643 0.209201 0.105251
2 0.0722883 0.756643 0.144577 0.0823931
2 0.0416159 0.929639 0.0832318 0.134115
5 0.572185 0.671087 0.131932 0.0906757
2 0.76582 0.733312 0.144938 0.0821273
2 0.38643 0.772425 0.162781 0.0960541
2 0.243419 0.639086 0.0877369 0.0386934
2 0.497586 0.581069 0.0627591 0.0254425
5 0.371935 0.641632 0.12963 0.101996
2 0.326104 0.59415 0.0653842 0.0304055
7 0.151634 0.676433 0.139827 0.084213
5 0.152226 0.676748 0.140634 0.0848485
2 0.455027 0.611742 0.0636658 0.0382689
2 0.468055 0.563777 0.0471698 0.0253771
2 0.203224 0.577432 0.0712114 0.0372786
2 0.854299 0.96214 0.288424 0.0745749
2 0.85535 0.791208 0.200615 0.101555
2 0.609846 0.833643 0.209201 0.105251
2 0.0722883 0.756643 0.144577 0.0823931
2 0.0416159 0.929639 0.0832318 0.134115
5 0.572185 0.671087 0.131932 0.0906757
2 0.76582 0.733312 0.144938 0.0821273
2 0.38643 0.772425 0.162781 0.0960541
2 0.243419 0.639086 0.0877369 0.0386934
2 0.497586 0.581069 0.0627591 0.0254425
5 0.371935 0.641632 0.12963 0.101996
2 0.326104 0.59415 0.0653842 0.0304055
7 0.151634 0.676433 0.139827 0.084213
5 0.152226 0.676748 0.140634 0.0848485
2 0.455027 0.611742 0.0636658 0.0382689
2 0.468055 0.563777 0.0471698 0.0253771
2 0.203224 0.577432 0.0712114 0.0372786
2 0.854299 0.96214 0.288424 0.0745749
2 0.85535 0.791208 0.200615 0.101555
2 0.609846 0.833643 0.209201 0.105251
2 0.0722883 0.756643 0.144577 0.0823931
2 0.0416159 0.929639 0.0832318 0.134115
5 0.572185 0.671087 0.131932 0.0906757
2 0.76582 0.733312 0.144938 0.0821273
2 0.38643 0.772425 0.162781 0.0960541
2 0.243419 0.639086 0.0877369 0.0386934
2 0.497586 0.581069 0.0627591 0.0254425
5 0.371935 0.641632 0.12963 0.101996
2 0.326104 0.59415 0.0653842 0.0304055
7 0.151634 0.676433 0.139827 0.084213
5 0.152226 0.676748 0.140634 0.0848485
2 0.455027 0.611742 0.0636658 0.0382689
2 0.468055 0.563777 0.0471698 0.0253771
2 0.203224 0.577432 0.0712114 0.0372786
2 0.854299 0.96214 0.288424 0.0745749
2 0.85535 0.791208 0.200615 0.101555
2 0.609846 0.833643 0.209201 0.105251
2 0.0722883 0.756643 0.144577 0.0823931
2 0.0416159 0.929639 0.0832318 0.134115
5 0.572185 0.671087 0.131932 0.0906757
2 0.76582 0.733312 0.144938 0.0821273
2 0.38643 0.772425 0.162781 0.0960541
2 0.243419 0.639086 0.0877369 0.0386934
2 0.497586 0.581069 0.0627591 0.0254425
5 0.371935 0.641632 0.12963 0.101996
2 0.326104 0.59415 0.0653842 0.0304055
7 0.151634 0.676433 0.139827 0.084213
5 0.152226 0.676748 0.140634 0.0848485
2 0.455027 0.611742 0.0636658 0.0382689
2 0.468055 0.563777 0.0471698 0.0253771
2 0.203224 0.577432 0.0712114 0.0372786
2 0.855561 0.962166 0.288878 0.0748901
2 0.0726291 0.755626 0.145258 0.0816821
5 0.570381 0.670875 0.127828 0.089765
5 0.370982 0.641625 0.128596 0.104671
7 0.371483 0.641776 0.129279 0.105044
7 0.38642 0.773797 0.161588 0.0985355
2 0.763666 0.734186 0.143789 0.0841373
7 0.15346 0.676036 0.142882 0.0829378
5 0.153775 0.675706 0.143326 0.0827123
7 0.608966 0.835129 0.210768 0.108801
2 0.243752 0.638647 0.0889836 0.0374989
2 0.497474 0.580801 0.0621669 0.0256185
7 0.857557 0.790589 0.200511 0.0999222
2 0.0415632 0.926473 0.081584 0.126885
2 0.855561 0.962166 0.288878 0.0748901
2 0.0726291 0.755626 0.145258 0.0816821
5 0.570381 0.670875 0.127828 0.089765
5 0.370982 0.641625 0.128596 0.104671
7 0.371483 0.641776 0.129279 0.105044
7 0.38642 0.773797 0.161588 0.0985355
2 0.763666 0.734186 0.143789 0.0841373
7 0.15346 0.676036 0.142882 0.0829378
5 0.153775 0.675706 0.143326 0.0827123
7 0.608966 0.835129 0.210768 0.108801
2 0.243752 0.638647 0.0889836 0.0374989
2 0.497474 0.580801 0.0621669 0.0256185
7 0.857557 0.790589 0.200511 0.0999222
2 0.0415632 0.926473 0.081584 0.126885
