2 0.389549 0.893431 0.202568 0.114962
2 0.898703 0.870574 0.200729 0.118792
2 0.421208 0.716738 0.124954 0.0645655
2 0.858803 0.789173 0.200305 0.0947618
2 0.478889 0.614521 0.0865462 0.0406261
2 0.337671 0.584385 0.0581529 0.0269028
2 0.667936 0.570589 0.0538825 0.0259551
2 0.500674 0.580788 0.0708313 0.0313255
2 0.768167 0.735532 0.154004 0.0863407
2 0.159351 0.58455 0.068281 0.034783
2 0.240189 0.568955 0.0563766 0.0247322
2 0.487296 0.555364 0.0583862 0.0284753
2 0.293161 0.557854 0.0471753 0.02361
2 0.422882 0.550074 0.0449522 0.027564
0 0.115156 0.613948 0.0382604 0.0573178
2 0.19385 0.563607 0.0477612 0.0221024
2 0.389549 0.893431 0.202568 0.114962
2 0.898703 0.870574 0.200729 0.118792
2 0.421208 0.716738 0.124954 0.0645655
2 0.858803 0.789173 0.200305 0.0947618
2 0.478889 0.614521 0.0865462 0.0406261
2 0.337671 0.584385 0.0581529 0.0269028
2 0.667936 0.570589 0.0538825 0.0259551
2 0.500674 0.580788 0.0708313 0.0313255
2 0.768167 0.735532 0.154004 0.0863407
2 0.159351 0.58455 0.068281 0.034783
2 0.240189 0.568955 0.0563766 0.0247322
2 0.487296 0.555364 0.0583862 0.0284753
2 0.293161 0.557854 0.0471753 0.02361
2 0.422882 0.550074 0.0449522 0.027564
0 0.115156 0.613948 0.0382604 0.0573178
2 0.19385 0.563607 0.0477612 0.0221024
2 0.389549 0.893431 0.202568 0.114962
2 0.898703 0.870574 0.200729 0.118792
2 0.421208 0.716738 0.124954 0.0645655
2 0.858803 0.789173 0.200305 0.0947618
2 0.478889 0.614521 0.0865462 0.0406261
2 0.337671 0.584385 0.0581529 0.0269028
2 0.667936 0.570589 0.0538825 0.0259551
2 0.500674 0.580788 0.0708313 0.0313255
2 0.768167 0.735532 0.154004 0.0863407
2 0.159351 0.58455 0.068281 0.034783
2 0.240189 0.568955 0.0563766 0.0247322
2 0.487296 0.555364 0.0583862 0.0284753
2 0.293161 0.557854 0.0471753 0.02361
2 0.422882 0.550074 0.0449522 0.027564
0 0.115156 0.613948 0.0382604 0.0573178
2 0.19385 0.563607 0.0477612 0.0221024
2 0.389549 0.893431 0.202568 0.114962
2 0.898703 0.870574 0.200729 0.118792
2 0.421208 0.716738 0.124954 0.0645655
2 0.858803 0.789173 0.200305 0.0947618
2 0.478889 0.614521 0.0865462 0.0406261
2 0.337671 0.584385 0.0581529 0.0269028
2 0.667936 0.570589 0.0538825 0.0259551
2 0.500674 0.580788 0.0708313 0.0313255
2 0.768167 0.735532 0.154004 0.0863407
2 0.159351 0.58455 0.068281 0.034783
2 0.240189 0.568955 0.0563766 0.0247322
2 0.487296 0.555364 0.0583862 0.0284753
2 0.293161 0.557854 0.0471753 0.02361
2 0.422882 0.550074 0.0449522 0.027564
0 0.115156 0.613948 0.0382604 0.0573178
2 0.19385 0.563607 0.0477612 0.0221024
2 0.389549 0.893431 0.202568 0.114962
2 0.898703 0.870574 0.200729 0.118792
2 0.421208 0.716738 0.124954 0.0645655
2 0.858803 0.789173 0.200305 0.0947618
2 0.478889 0.614521 0.0865462 0.0406261
2 0.337671 0.584385 0.0581529 0.0269028
2 0.667936 0.570589 0.0538825 0.0259551
2 0.500674 0.580788 0.0708313 0.0313255
2 0.768167 0.735532 0.154004 0.0863407
2 0.159351 0.58455 0.068281 0.034783
2 0.240189 0.568955 0.0563766 0.0247322
2 0.487296 0.555364 0.0583862 0.0284753
2 0.293161 0.557854 0.0471753 0.02361
2 0.422882 0.550074 0.0449522 0.027564
0 0.115156 0.613948 0.0382604 0.0573178
2 0.19385 0.563607 0.0477612 0.0221024
2 0.389549 0.893431 0.202568 0.114962
2 0.898703 0.870574 0.200729 0.118792
2 0.421208 0.716738 0.124954 0.0645655
2 0.858803 0.789173 0.200305 0.0947618
2 0.478889 0.614521 0.0865462 0.0406261
2 0.337671 0.584385 0.0581529 0.0269028
2 0.667936 0.570589 0.0538825 0.0259551
2 0.500674 0.580788 0.0708313 0.0313255
2 0.768167 0.735532 0.154004 0.0863407
2 0.159351 0.58455 0.068281 0.034783
2 0.240189 0.568955 0.0563766 0.0247322
2 0.487296 0.555364 0.0583862 0.0284753
2 0.293161 0.557854 0.0471753 0.02361
2 0.422882 0.550074 0.0449522 0.027564
0 0.115156 0.613948 0.0382604 0.0573178
2 0.19385 0.563607 0.0477612 0.0221024
2 0.389549 0.893431 0.202568 0.114962
2 0.898703 0.870574 0.200729 0.118792
2 0.421208 0.716738 0.124954 0.0645655
2 0.858803 0.789173 0.200305 0.0947618
2 0.478889 0.614521 0.0865462 0.0406261
2 0.337671 0.584385 0.0581529 0.0269028
2 0.667936 0.570589 0.0538825 0.0259551
2 0.500674 0.580788 0.0708313 0.0313255
2 0.768167 0.735532 0.154004 0.0863407
2 0.159351 0.58455 0.068281 0.034783
2 0.240189 0.568955 0.0563766 0.0247322
2 0.487296 0.555364 0.0583862 0.0284753
2 0.293161 0.557854 0.0471753 0.02361
2 0.422882 0.550074 0.0449522 0.027564
0 0.115156 0.613948 0.0382604 0.0573178
2 0.19385 0.563607 0.0477612 0.0221024
2 0.389549 0.893431 0.202568 0.114962
2 0.898703 0.870574 0.200729 0.118792
2 0.421208 0.716738 0.124954 0.0645655
2 0.858803 0.789173 0.200305 0.0947618
2 0.478889 0.614521 0.0865462 0.0406261
2 0.337671 0.584385 0.0581529 0.0269028
2 0.667936 0.570589 0.0538825 0.0259551
2 0.500674 0.580788 0.0708313 0.0313255
2 0.768167 0.735532 0.154004 0.0863407
2 0.159351 0.58455 0.068281 0.034783
2 0.240189 0.568955 0.0563766 0.0247322
2 0.487296 0.555364 0.0583862 0.0284753
2 0.293161 0.557854 0.0471753 0.02361
2 0.422882 0.550074 0.0449522 0.027564
0 0.115156 0.613948 0.0382604 0.0573178
2 0.19385 0.563607 0.0477612 0.0221024
2 0.389549 0.893431 0.202568 0.114962
2 0.898703 0.870574 0.200729 0.118792
2 0.421208 0.716738 0.124954 0.0645655
2 0.858803 0.789173 0.200305 0.0947618
2 0.478889 0.614521 0.0865462 0.0406261
2 0.337671 0.584385 0.0581529 0.0269028
2 0.667936 0.570589 0.0538825 0.0259551
2 0.500674 0.580788 0.0708313 0.0313255
2 0.768167 0.735532 0.154004 0.0863407
2 0.159351 0.58455 0.068281 0.034783
2 0.240189 0.568955 0.0563766 0.0247322
2 0.487296 0.555364 0.0583862 0.0284753
2 0.293161 0.557854 0.0471753 0.02361
2 0.422882 0.550074 0.0449522 0.027564
0 0.115156 0.613948 0.0382604 0.0573178
2 0.19385 0.563607 0.0477612 0.0221024
2 0.389549 0.893431 0.202568 0.114962
2 0.898703 0.870574 0.200729 0.118792
2 0.421208 0.716738 0.124954 0.0645655
2 0.858803 0.789173 0.200305 0.0947618
2 0.478889 0.614521 0.0865462 0.0406261
2 0.337671 0.584385 0.0581529 0.0269028
2 0.667936 0.570589 0.0538825 0.0259551
2 0.500674 0.580788 0.0708313 0.0313255
2 0.768167 0.735532 0.154004 0.0863407
2 0.159351 0.58455 0.068281 0.034783
2 0.240189 0.568955 0.0563766 0.0247322
2 0.487296 0.555364 0.0583862 0.0284753
2 0.293161 0.557854 0.0471753 0.02361
2 0.422882 0.550074 0.0449522 0.027564
0 0.115156 0.613948 0.0382604 0.0573178
2 0.19385 0.563607 0.0477612 0.0221024
2 0.389549 0.893431 0.202568 0.114962
2 0.898703 0.870574 0.200729 0.118792
2 0.421208 0.716738 0.124954 0.0645655
2 0.858803 0.789173 0.200305 0.0947618
2 0.478889 0.614521 0.0865462 0.0406261
2 0.337671 0.584385 0.0581529 0.0269028
2 0.667936 0.570589 0.0538825 0.0259551
2 0.500674 0.580788 0.0708313 0.0313255
2 0.768167 0.735532 0.154004 0.0863407
2 0.159351 0.58455 0.068281 0.034783
2 0.240189 0.568955 0.0563766 0.0247322
2 0.487296 0.555364 0.0583862 0.0284753
2 0.293161 0.557854 0.0471753 0.02361
2 0.422882 0.550074 0.0449522 0.027564
0 0.115156 0.613948 0.0382604 0.0573178
2 0.19385 0.563607 0.0477612 0.0221024
2 0.389549 0.893431 0.202568 0.114962
2 0.898703 0.870574 0.200729 0.118792
2 0.421208 0.716738 0.124954 0.0645655
2 0.858803 0.789173 0.200305 0.0947618
2 0.478889 0.614521 0.0865462 0.0406261
2 0.337671 0.584385 0.0581529 0.0269028
2 0.667936 0.570589 0.0538825 0.0259551
2 0.500674 0.580788 0.0708313 0.0313255
2 0.768167 0.735532 0.154004 0.0863407
2 0.159351 0.58455 0.068281 0.034783
2 0.240189 0.568955 0.0563766 0.0247322
2 0.487296 0.555364 0.0583862 0.0284753
2 0.293161 0.557854 0.0471753 0.02361
2 0.422882 0.550074 0.0449522 0.027564
0 0.115156 0.613948 0.0382604 0.0573178
2 0.19385 0.563607 0.0477612 0.0221024
2 0.389549 0.893431 0.202568 0.114962
2 0.898703 0.870574 0.200729 0.118792
2 0.421208 0.716738 0.124954 0.0645655
2 0.858803 0.789173 0.200305 0.0947618
2 0.478889 0.614521 0.0865462 0.0406261
2 0.337671 0.584385 0.0581529 0.0269028
2 0.667936 0.570589 0.0538825 0.0259551
2 0.500674 0.580788 0.0708313 0.0313255
2 0.768167 0.735532 0.154004 0.0863407
2 0.159351 0.58455 0.068281 0.034783
2 0.240189 0.568955 0.0563766 0.0247322
2 0.487296 0.555364 0.0583862 0.0284753
2 0.293161 0.557854 0.0471753 0.02361
2 0.422882 0.550074 0.0449522 0.027564
0 0.115156 0.613948 0.0382604 0.0573178
2 0.19385 0.563607 0.0477612 0.0221024
2 0.390191 0.895739 0.202221 0.119163
2 0.422021 0.716282 0.127234 0.0645618
2 0.85976 0.787994 0.201517 0.0927125
2 0.478485 0.614932 0.0863907 0.0394741
2 0.337783 0.583647 0.0586645 0.0278898
2 0.763737 0.735533 0.146491 0.0854942
2 0.898394 0.870811 0.203212 0.118818
2 0.668002 0.570711 0.0543111 0.0263996
2 0.160283 0.584903 0.0680285 0.0304962
2 0.500858 0.580853 0.0702839 0.0305493
2 0.390191 0.895739 0.202221 0.119163
2 0.422021 0.716282 0.127234 0.0645618
2 0.85976 0.787994 0.201517 0.0927125
2 0.478485 0.614932 0.0863907 0.0394741
2 0.337783 0.583647 0.0586645 0.0278898
2 0.763737 0.735533 0.146491 0.0854942
2 0.898394 0.870811 0.203212 0.118818
2 0.668002 0.570711 0.0543111 0.0263996
2 0.160283 0.584903 0.0680285 0.0304962
2 0.500858 0.580853 0.0702839 0.0305493
