2 0.89836 0.869465 0.201709 0.119146
2 0.857591 0.789594 0.198789 0.0981358
2 0.201791 0.65878 0.104506 0.0481445
2 0.580674 0.592722 0.0584881 0.0273695
7 0.366902 0.652216 0.133226 0.0971067
5 0.116181 0.717489 0.154389 0.0969888
2 0.766499 0.735 0.151968 0.0859634
2 0.266009 0.61536 0.0763541 0.0437763
2 0.546443 0.574076 0.050865 0.0248091
2 0.215498 0.572593 0.0649361 0.0254165
7 0.467994 0.847919 0.186862 0.113603
2 0.672099 0.545914 0.0461266 0.0200108
2 0.392391 0.570092 0.0550652 0.0217075
2 0.330459 0.59277 0.068435 0.0264839
2 0.293384 0.5572 0.0498876 0.0228483
2 0.142221 0.592661 0.0541924 0.0369667
2 0.431717 0.547629 0.0428322 0.0211876
2 0.520543 0.546579 0.0456787 0.0203445
2 0.866823 0.58381 0.0684148 0.0348897
5 0.366025 0.652022 0.132268 0.0975704
2 0.236349 0.552576 0.0629562 0.0253868
2 0.89836 0.869465 0.201709 0.119146
2 0.857591 0.789594 0.198789 0.0981358
2 0.201791 0.65878 0.104506 0.0481445
2 0.580674 0.592722 0.0584881 0.0273695
7 0.366902 0.652216 0.133226 0.0971067
5 0.116181 0.717489 0.154389 0.0969888
2 0.766499 0.735 0.151968 0.0859634
2 0.266009 0.61536 0.0763541 0.0437763
2 0.546443 0.574076 0.050865 0.0248091
2 0.215498 0.572593 0.0649361 0.0254165
7 0.467994 0.847919 0.186862 0.113603
2 0.672099 0.545914 0.0461266 0.0200108
2 0.392391 0.570092 0.0550652 0.0217075
2 0.330459 0.59277 0.068435 0.0264839
2 0.293384 0.5572 0.0498876 0.0228483
2 0.142221 0.592661 0.0541924 0.0369667
2 0.431717 0.547629 0.0428322 0.0211876
2 0.520543 0.546579 0.0456787 0.0203445
2 0.866823 0.58381 0.0684148 0.0348897
5 0.366025 0.652022 0.132268 0.0975704
2 0.236349 0.552576 0.0629562 0.0253868
2 0.89836 0.869465 0.201709 0.119146
2 0.857591 0.789594 0.198789 0.0981358
2 0.201791 0.65878 0.104506 0.0481445
2 0.580674 0.592722 0.0584881 0.0273695
7 0.366902 0.652216 0.133226 0.0971067
5 0.116181 0.717489 0.154389 0.0969888
2 0.766499 0.735 0.151968 0.0859634
2 0.266009 0.61536 0.0763541 0.0437763
2 0.546443 0.574076 0.050865 0.0248091
2 0.215498 0.572593 0.0649361 0.0254165
7 0.467994 0.847919 0.186862 0.113603
2 0.672099 0.545914 0.0461266 0.0200108
2 0.392391 0.570092 0.0550652 0.0217075
2 0.330459 0.59277 0.068435 0.0264839
2 0.293384 0.5572 0.0498876 0.0228483
2 0.142221 0.592661 0.0541924 0.0369667
2 0.431717 0.547629 0.0428322 0.0211876
2 0.520543 0.546579 0.0456787 0.0203445
2 0.866823 0.58381 0.0684148 0.0348897
5 0.366025 0.652022 0.132268 0.0975704
2 0.236349 0.552576 0.0629562 0.0253868
2 0.89836 0.869465 0.201709 0.119146
2 0.857591 0.789594 0.198789 0.0981358
2 0.201791 0.65878 0.104506 0.0481445
2 0.580674 0.592722 0.0584881 0.0273695
7 0.366902 0.652216 0.133226 0.0971067
5 0.116181 0.717489 0.154389 0.0969888
2 0.766499 0.735 0.151968 0.0859634
2 0.266009 0.61536 0.0763541 0.0437763
2 0.546443 0.574076 0.050865 0.0248091
2 0.215498 0.572593 0.0649361 0.0254165
7 0.467994 0.847919 0.186862 0.113603
2 0.672099 0.545914 0.0461266 0.0200108
2 0.392391 0.570092 0.0550652 0.0217075
2 0.330459 0.59277 0.068435 0.0264839
2 0.293384 0.5572 0.0498876 0.0228483
2 0.142221 0.592661 0.0541924 0.0369667
2 0.431717 0.547629 0.0428322 0.0211876
2 0.520543 0.546579 0.0456787 0.0203445
2 0.866823 0.58381 0.0684148 0.0348897
5 0.366025 0.652022 0.132268 0.0975704
2 0.236349 0.552576 0.0629562 0.0253868
2 0.89836 0.869465 0.201709 0.119146
2 0.857591 0.789594 0.198789 0.0981358
2 0.201791 0.65878 0.104506 0.0481445
2 0.580674 0.592722 0.0584881 0.0273695
7 0.366902 0.652216 0.133226 0.0971067
5 0.116181 0.717489 0.154389 0.0969888
2 0.766499 0.735 0.151968 0.0859634
2 0.266009 0.61536 0.0763541 0.0437763
2 0.546443 0.574076 0.050865 0.0248091
2 0.215498 0.572593 0.0649361 0.0254165
7 0.467994 0.847919 0.186862 0.113603
2 0.672099 0.545914 0.0461266 0.0200108
2 0.392391 0.570092 0.0550652 0.0217075
2 0.330459 0.59277 0.068435 0.0264839
2 0.293384 0.5572 0.0498876 0.0228483
2 0.142221 0.592661 0.0541924 0.0369667
2 0.431717 0.547629 0.0428322 0.0211876
2 0.520543 0.546579 0.0456787 0.0203445
2 0.866823 0.58381 0.0684148 0.0348897
5 0.366025 0.652022 0.132268 0.0975704
2 0.236349 0.552576 0.0629562 0.0253868
2 0.89836 0.869465 0.201709 0.119146
2 0.857591 0.789594 0.198789 0.0981358
2 0.201791 0.65878 0.104506 0.0481445
2 0.580674 0.592722 0.0584881 0.0273695
7 0.366902 0.652216 0.133226 0.0971067
5 0.116181 0.717489 0.154389 0.0969888
2 0.766499 0.735 0.151968 0.0859634
2 0.266009 0.61536 0.0763541 0.0437763
2 0.546443 0.574076 0.050865 0.0248091
2 0.215498 0.572593 0.0649361 0.0254165
7 0.467994 0.847919 0.186862 0.113603
2 0.672099 0.545914 0.0461266 0.0200108
2 0.392391 0.570092 0.0550652 0.0217075
2 0.330459 0.59277 0.068435 0.0264839
2 0.293384 0.5572 0.0498876 0.0228483
2 0.142221 0.592661 0.0541924 0.0369667
2 0.431717 0.547629 0.0428322 0.0211876
2 0.520543 0.546579 0.0456787 0.0203445
2 0.866823 0.58381 0.0684148 0.0348897
5 0.366025 0.652022 0.132268 0.0975704
2 0.236349 0.552576 0.0629562 0.0253868
2 0.89836 0.869465 0.201709 0.119146
2 0.857591 0.789594 0.198789 0.0981358
2 0.201791 0.65878 0.104506 0.0481445
2 0.580674 0.592722 0.0584881 0.0273695
7 0.366902 0.652216 0.133226 0.0971067
5 0.116181 0.717489 0.154389 0.0969888
2 0.766499 0.735 0.151968 0.0859634
2 0.266009 0.61536 0.0763541 0.0437763
2 0.546443 0.574076 0.050865 0.0248091
2 0.215498 0.572593 0.0649361 0.0254165
7 0.467994 0.847919 0.186862 0.113603
2 0.672099 0.545914 0.0461266 0.0200108
2 0.392391 0.570092 0.0550652 0.0217075
2 0.330459 0.59277 0.068435 0.0264839
2 0.293384 0.5572 0.0498876 0.0228483
2 0.142221 0.592661 0.0541924 0.0369667
2 0.431717 0.547629 0.0428322 0.0211876
2 0.520543 0.546579 0.0456787 0.0203445
2 0.866823 0.58381 0.0684148 0.0348897
5 0.366025 0.652022 0.132268 0.0975704
2 0.236349 0.552576 0.0629562 0.0253868
2 0.89836 0.869465 0.201709 0.119146
2 0.857591 0.789594 0.198789 0.0981358
2 0.201791 0.65878 0.104506 0.0481445
2 0.580674 0.592722 0.0584881 0.0273695
7 0.366902 0.652216 0.133226 0.0971067
5 0.116181 0.717489 0.154389 0.0969888
2 0.766499 0.735 0.151968 0.0859634
2 0.266009 0.61536 0.0763541 0.0437763
2 0.546443 0.574076 0.050865 0.0248091
2 0.215498 0.572593 0.0649361 0.0254165
7 0.467994 0.847919 0.186862 0.113603
2 0.672099 0.545914 0.0461266 0.0200108
2 0.392391 0.570092 0.0550652 0.0217075
2 0.330459 0.59277 0.068435 0.0264839
2 0.293384 0.5572 0.0498876 0.0228483
2 0.142221 0.592661 0.0541924 0.0369667
2 0.431717 0.547629 0.0428322 0.0211876
2 0.520543 0.546579 0.0456787 0.0203445
2 0.866823 0.58381 0.0684148 0.0348897
5 0.366025 0.652022 0.132268 0.0975704
2 0.236349 0.552576 0.0629562 0.0253868
2 0.89836 0.869465 0.201709 0.119146
2 0.857591 0.789594 0.198789 0.0981358
2 0.201791 0.65878 0.104506 0.0481445
2 0.580674 0.592722 0.0584881 0.0273695
7 0.366902 0.652216 0.133226 0.0971067
5 0.116181 0.717489 0.154389 0.0969888
2 0.766499 0.735 0.151968 0.0859634
2 0.266009 0.61536 0.0763541 0.0437763
2 0.546443 0.574076 0.050865 0.0248091
2 0.215498 0.572593 0.0649361 0.0254165
7 0.467994 0.847919 0.186862 0.113603
2 0.672099 0.545914 0.0461266 0.0200108
2 0.392391 0.570092 0.0550652 0.0217075
2 0.330459 0.59277 0.068435 0.0264839
2 0.293384 0.5572 0.0498876 0.0228483
2 0.142221 0.592661 0.0541924 0.0369667
2 0.431717 0.547629 0.0428322 0.0211876
2 0.520543 0.546579 0.0456787 0.0203445
2 0.866823 0.58381 0.0684148 0.0348897
5 0.366025 0.652022 0.132268 0.0975704
2 0.236349 0.552576 0.0629562 0.0253868
2 0.89836 0.869465 0.201709 0.119146
2 0.857591 0.789594 0.198789 0.0981358
2 0.201791 0.65878 0.104506 0.0481445
2 0.580674 0.592722 0.0584881 0.0273695
7 0.366902 0.652216 0.133226 0.0971067
5 0.116181 0.717489 0.154389 0.0969888
2 0.766499 0.735 0.151968 0.0859634
2 0.266009 0.61536 0.0763541 0.0437763
2 0.546443 0.574076 0.050865 0.0248091
2 0.215498 0.572593 0.0649361 0.0254165
7 0.467994 0.847919 0.186862 0.113603
2 0.672099 0.545914 0.0461266 0.0200108
2 0.392391 0.570092 0.0550652 0.0217075
2 0.330459 0.59277 0.068435 0.0264839
2 0.293384 0.5572 0.0498876 0.0228483
2 0.142221 0.592661 0.0541924 0.0369667
2 0.431717 0.547629 0.0428322 0.0211876
2 0.520543 0.546579 0.0456787 0.0203445
2 0.866823 0.58381 0.0684148 0.0348897
5 0.366025 0.652022 0.132268 0.0975704
2 0.236349 0.552576 0.0629562 0.0253868
2 0.89836 0.869465 0.201709 0.119146
2 0.857591 0.789594 0.198789 0.0981358
2 0.201791 0.65878 0.104506 0.0481445
2 0.580674 0.592722 0.0584881 0.0273695
7 0.366902 0.652216 0.133226 0.0971067
5 0.116181 0.717489 0.154389 0.0969888
2 0.766499 0.735 0.151968 0.0859634
2 0.266009 0.61536 0.0763541 0.0437763
2 0.546443 0.574076 0.050865 0.0248091
2 0.215498 0.572593 0.0649361 0.0254165
7 0.467994 0.847919 0.186862 0.113603
2 0.672099 0.545914 0.0461266 0.0200108
2 0.392391 0.570092 0.0550652 0.0217075
2 0.330459 0.59277 0.068435 0.0264839
2 0.293384 0.5572 0.0498876 0.0228483
2 0.142221 0.592661 0.0541924 0.0369667
2 0.431717 0.547629 0.0428322 0.0211876
2 0.520543 0.546579 0.0456787 0.0203445
2 0.866823 0.58381 0.0684148 0.0348897
5 0.366025 0.652022 0.132268 0.0975704
2 0.236349 0.552576 0.0629562 0.0253868
2 0.89836 0.869465 0.201709 0.119146
2 0.857591 0.789594 0.198789 0.0981358
2 0.201791 0.65878 0.104506 0.0481445
2 0.580674 0.592722 0.0584881 0.0273695
7 0.366902 0.652216 0.133226 0.0971067
5 0.116181 0.717489 0.154389 0.0969888
2 0.766499 0.735 0.151968 0.0859634
2 0.266009 0.61536 0.0763541 0.0437763
2 0.546443 0.574076 0.050865 0.0248091
2 0.215498 0.572593 0.0649361 0.0254165
7 0.467994 0.847919 0.186862 0.113603
2 0.672099 0.545914 0.0461266 0.0200108
2 0.392391 0.570092 0.0550652 0.0217075
2 0.330459 0.59277 0.068435 0.0264839
2 0.293384 0.5572 0.0498876 0.0228483
2 0.142221 0.592661 0.0541924 0.0369667
2 0.431717 0.547629 0.0428322 0.0211876
2 0.520543 0.546579 0.0456787 0.0203445
2 0.866823 0.58381 0.0684148 0.0348897
5 0.366025 0.652022 0.132268 0.0975704
2 0.236349 0.552576 0.0629562 0.0253868
2 0.89836 0.869465 0.201709 0.119146
2 0.857591 0.789594 0.198789 0.0981358
2 0.201791 0.65878 0.104506 0.0481445
2 0.580674 0.592722 0.0584881 0.0273695
7 0.366902 0.652216 0.133226 0.0971067
5 0.116181 0.717489 0.154389 0.0969888
2 0.766499 0.735 0.151968 0.0859634
2 0.266009 0.61536 0.0763541 0.0437763
2 0.546443 0.574076 0.050865 0.0248091
2 0.215498 0.572593 0.0649361 0.0254165
7 0.467994 0.847919 0.186862 0.113603
2 0.672099 0.545914 0.0461266 0.0200108
2 0.392391 0.570092 0.0550652 0.0217075
2 0.330459 0.59277 0.068435 0.0264839
2 0.293384 0.5572 0.0498876 0.0228483
2 0.142221 0.592661 0.0541924 0.0369667
2 0.431717 0.547629 0.0428322 0.0211876
2 0.520543 0.546579 0.0456787 0.0203445
2 0.866823 0.58381 0.0684148 0.0348897
5 0.366025 0.652022 0.132268 0.0975704
2 0.236349 0.552576 0.0629562 0.0253868
2 0.468301 0.848213 0.186485 0.114342
2 0.859533 0.787305 0.201577 0.0940554
7 0.36272 0.653893 0.126946 0.101018
2 0.201802 0.657689 0.104263 0.0494869
2 0.898621 0.869329 0.202757 0.119645
2 0.762789 0.734723 0.148307 0.0848606
2 0.581546 0.592431 0.0614215 0.028242
7 0.117556 0.717821 0.160123 0.0978907
2 0.330609 0.592908 0.0692273 0.0277738
2 0.267395 0.616549 0.0827619 0.0404331
2 0.392573 0.569866 0.0522176 0.0212898
2 0.468301 0.848213 0.186485 0.114342
2 0.859533 0.787305 0.201577 0.0940554
7 0.36272 0.653893 0.126946 0.101018
2 0.201802 0.657689 0.104263 0.0494869
2 0.898621 0.869329 0.202757 0.119645
2 0.762789 0.734723 0.148307 0.0848606
2 0.581546 0.592431 0.0614215 0.028242
7 0.117556 0.717821 0.160123 0.0978907
2 0.330609 0.592908 0.0692273 0.0277738
2 0.267395 0.616549 0.0827619 0.0404331
2 0.392573 0.569866 0.0522176 0.0212898
