2 0.79696 0.950254 0.338801 0.0983643
5 0.0867444 0.735923 0.170282 0.112899
2 0.855336 0.791075 0.199902 0.101099
2 0.0493445 0.8711 0.0986889 0.122094
2 0.465539 0.605688 0.0735022 0.0331905
2 0.170255 0.680799 0.109314 0.0505974
7 0.563122 0.706713 0.150726 0.107152
5 0.358942 0.689996 0.159271 0.137871
2 0.764724 0.733066 0.151289 0.0821468
2 0.420168 0.881771 0.229615 0.138161
2 0.467869 0.569907 0.0503967 0.0235825
2 0.264091 0.622286 0.0828325 0.0365294
2 0.409655 0.583762 0.0620409 0.0294098
2 0.19634 0.58048 0.0634334 0.0263153
2 0.691996 0.55004 0.0401693 0.0170458
2 0.488599 0.555872 0.0433351 0.0230083
2 0.252434 0.562799 0.0737403 0.0302769
2 0.79696 0.950254 0.338801 0.0983643
5 0.0867444 0.735923 0.170282 0.112899
2 0.855336 0.791075 0.199902 0.101099
2 0.0493445 0.8711 0.0986889 0.122094
2 0.465539 0.605688 0.0735022 0.0331905
2 0.170255 0.680799 0.109314 0.0505974
7 0.563122 0.706713 0.150726 0.107152
5 0.358942 0.689996 0.159271 0.137871
2 0.764724 0.733066 0.151289 0.0821468
2 0.420168 0.881771 0.229615 0.138161
2 0.467869 0.569907 0.0503967 0.0235825
2 0.264091 0.622286 0.0828325 0.0365294
2 0.409655 0.583762 0.0620409 0.0294098
2 0.19634 0.58048 0.0634334 0.0263153
2 0.691996 0.55004 0.0401693 0.0170458
2 0.488599 0.555872 0.0433351 0.0230083
2 0.252434 0.562799 0.0737403 0.0302769
2 0.79696 0.950254 0.338801 0.0983643
5 0.0867444 0.735923 0.170282 0.112899
2 0.855336 0.791075 0.199902 0.101099
2 0.0493445 0.8711 0.0986889 0.122094
2 0.465539 0.605688 0.0735022 0.0331905
2 0.170255 0.680799 0.109314 0.0505974
7 0.563122 0.706713 0.150726 0.107152
5 0.358942 0.689996 0.159271 0.137871
2 0.764724 0.733066 0.151289 0.0821468
2 0.420168 0.881771 0.229615 0.138161
2 0.467869 0.569907 0.0503967 0.0235825
2 0.264091 0.622286 0.0828325 0.0365294
2 0.409655 0.583762 0.0620409 0.0294098
2 0.19634 0.58048 0.0634334 0.0263153
2 0.691996 0.55004 0.0401693 0.0170458
2 0.488599 0.555872 0.0433351 0.0230083
2 0.252434 0.562799 0.0737403 0.0302769
2 0.79696 0.950254 0.338801 0.0983643
5 0.0867444 0.735923 0.170282 0.112899
2 0.855336 0.791075 0.199902 0.101099
2 0.0493445 0.8711 0.0986889 0.122094
2 0.465539 0.605688 0.0735022 0.0331905
2 0.170255 0.680799 0.109314 0.0505974
7 0.563122 0.706713 0.150726 0.107152
5 0.358942 0.689996 0.159271 0.137871
2 0.764724 0.733066 0.151289 0.0821468
2 0.420168 0.881771 0.229615 0.138161
2 0.467869 0.569907 0.0503967 0.0235825
2 0.264091 0.622286 0.0828325 0.0365294
2 0.409655 0.583762 0.0620409 0.0294098
2 0.19634 0.58048 0.0634334 0.0263153
2 0.691996 0.55004 0.0401693 0.0170458
2 0.488599 0.555872 0.0433351 0.0230083
2 0.252434 0.562799 0.0737403 0.0302769
2 0.79696 0.950254 0.338801 0.0983643
5 0.0867444 0.735923 0.170282 0.112899
2 0.855336 0.791075 0.199902 0.101099
2 0.0493445 0.8711 0.0986889 0.122094
2 0.465539 0.605688 0.0735022 0.0331905
2 0.170255 0.680799 0.109314 0.0505974
7 0.563122 0.706713 0.150726 0.107152
5 0.358942 0.689996 0.159271 0.137871
2 0.764724 0.733066 0.151289 0.0821468
2 0.420168 0.881771 0.229615 0.138161
2 0.467869 0.569907 0.0503967 0.0235825
2 0.264091 0.622286 0.0828325 0.0365294
2 0.409655 0.583762 0.0620409 0.0294098
2 0.19634 0.58048 0.0634334 0.0263153
2 0.691996 0.55004 0.0401693 0.0170458
2 0.488599 0.555872 0.0433351 0.0230083
2 0.252434 0.562799 0.0737403 0.0302769
2 0.79696 0.950254 0.338801 0.0983643
5 0.0867444 0.735923 0.170282 0.112899
2 0.855336 0.791075 0.199902 0.101099
2 0.0493445 0.8711 0.0986889 0.122094
2 0.465539 0.605688 0.0735022 0.0331905
2 0.170255 0.680799 0.109314 0.0505974
7 0.563122 0.706713 0.150726 0.107152
5 0.358942 0.689996 0.159271 0.137871
2 0.764724 0.733066 0.151289 0.0821468
2 0.420168 0.881771 0.229615 0.138161
2 0.467869 0.569907 0.0503967 0.0235825
2 0.264091 0.622286 0.0828325 0.0365294
2 0.409655 0.583762 0.0620409 0.0294098
2 0.19634 0.58048 0.0634334 0.0263153
2 0.691996 0.55004 0.0401693 0.0170458
2 0.488599 0.555872 0.0433351 0.0230083
2 0.252434 0.562799 0.0737403 0.0302769
2 0.79696 0.950254 0.338801 0.0983643
5 0.0867444 0.735923 0.170282 0.112899
2 0.855336 0.791075 0.199902 0.101099
2 0.0493445 0.8711 0.0986889 0.122094
2 0.465539 0.605688 0.0735022 0.0331905
2 0.170255 0.680799 0.109314 0.0505974
7 0.563122 0.706713 0.150726 0.107152
5 0.358942 0.689996 0.159271 0.137871
2 0.764724 0.733066 0.151289 0.0821468
2 0.420168 0.881771 0.229615 0.138161
2 0.467869 0.569907 0.0503967 0.0235825
2 0.264091 0.622286 0.0828325 0.0365294
2 0.409655 0.583762 0.0620409 0.0294098
2 0.19634 0.58048 0.0634334 0.0263153
2 0.691996 0.55004 0.0401693 0.0170458
2 0.488599 0.555872 0.0433351 0.0230083
2 0.252434 0.562799 0.0737403 0.0302769
2 0.79696 0.950254 0.338801 0.0983643
5 0.0867444 0.735923 0.170282 0.112899
2 0.855336 0.791075 0.199902 0.101099
2 0.0493445 0.8711 0.0986889 0.122094
2 0.465539 0.605688 0.0735022 0.0331905
2 0.170255 0.680799 0.109314 0.0505974
7 0.563122 0.706713 0.150726 0.107152
5 0.358942 0.689996 0.159271 0.137871
2 0.764724 0.733066 0.151289 0.0821468
2 0.420168 0.881771 0.229615 0.138161
2 0.467869 0.569907 0.0503967 0.0235825
2 0.264091 0.622286 0.0828325 0.0365294
2 0.409655 0.583762 0.0620409 0.0294098
2 0.19634 0.58048 0.0634334 0.0263153
2 0.691996 0.55004 0.0401693 0.0170458
2 0.488599 0.555872 0.0433351 0.0230083
2 0.252434 0.562799 0.0737403 0.0302769
2 0.79696 0.950254 0.338801 0.0983643
5 0.0867444 0.735923 0.170282 0.112899
2 0.855336 0.791075 0.199902 0.101099
2 0.0493445 0.8711 0.0986889 0.122094
2 0.465539 0.605688 0.0735022 0.0331905
2 0.170255 0.680799 0.109314 0.0505974
7 0.563122 0.706713 0.150726 0.107152
5 0.358942 0.689996 0.159271 0.137871
2 0.764724 0.733066 0.151289 0.0821468
2 0.420168 0.881771 0.229615 0.138161
2 0.467869 0.569907 0.0503967 0.0235825
2 0.264091 0.622286 0.0828325 0.0365294
2 0.409655 0.583762 0.0620409 0.0294098
2 0.19634 0.58048 0.0634334 0.0263153
2 0.691996 0.55004 0.0401693 0.0170458
2 0.488599 0.555872 0.0433351 0.0230083
2 0.252434 0.562799 0.0737403 0.0302769
2 0.79696 0.950254 0.338801 0.0983643
5 0.0867444 0.735923 0.170282 0.112899
2 0.855336 0.791075 0.199902 0.101099
2 0.0493445 0.8711 0.0986889 0.122094
2 0.465539 0.605688 0.0735022 0.0331905
2 0.170255 0.680799 0.109314 0.0505974
7 0.563122 0.706713 0.150726 0.107152
5 0.358942 0.689996 0.159271 0.137871
2 0.764724 0.733066 0.151289 0.0821468
2 0.420168 0.881771 0.229615 0.138161
2 0.467869 0.569907 0.0503967 0.0235825
2 0.264091 0.622286 0.0828325 0.0365294
2 0.409655 0.583762 0.0620409 0.0294098
2 0.19634 0.58048 0.0634334 0.0263153
2 0.691996 0.55004 0.0401693 0.0170458
2 0.488599 0.555872 0.0433351 0.0230083
2 0.252434 0.562799 0.0737403 0.0302769
2 0.79696 0.950254 0.338801 0.0983643
5 0.0867444 0.735923 0.170282 0.112899
2 0.855336 0.791075 0.199902 0.101099
2 0.0493445 0.8711 0.0986889 0.122094
2 0.465539 0.605688 0.0735022 0.0331905
2 0.170255 0.680799 0.109314 0.0505974
7 0.563122 0.706713 0.150726 0.107152
5 0.358942 0.689996 0.159271 0.137871
2 0.764724 0.733066 0.151289 0.0821468
2 0.420168 0.881771 0.229615 0.138161
2 0.467869 0.569907 0.0503967 0.0235825
2 0.264091 0.622286 0.0828325 0.0365294
2 0.409655 0.583762 0.0620409 0.0294098
2 0.19634 0.58048 0.0634334 0.0263153
2 0.691996 0.55004 0.0401693 0.0170458
2 0.488599 0.555872 0.0433351 0.0230083
2 0.252434 0.562799 0.0737403 0.0302769
2 0.79696 0.950254 0.338801 0.0983643
5 0.0867444 0.735923 0.170282 0.112899
2 0.855336 0.791075 0.199902 0.101099
2 0.0493445 0.8711 0.0986889 0.122094
2 0.465539 0.605688 0.0735022 0.0331905
2 0.170255 0.680799 0.109314 0.0505974
7 0.563122 0.706713 0.150726 0.107152
5 0.358942 0.689996 0.159271 0.137871
2 0.764724 0.733066 0.151289 0.0821468
2 0.420168 0.881771 0.229615 0.138161
2 0.467869 0.569907 0.0503967 0.0235825
2 0.264091 0.622286 0.0828325 0.0365294
2 0.409655 0.583762 0.0620409 0.0294098
2 0.19634 0.58048 0.0634334 0.0263153
2 0.691996 0.55004 0.0401693 0.0170458
2 0.488599 0.555872 0.0433351 0.0230083
2 0.252434 0.562799 0.0737403 0.0302769
2 0.79696 0.950254 0.338801 0.0983643
5 0.0867444 0.735923 0.170282 0.112899
2 0.855336 0.791075 0.199902 0.101099
2 0.0493445 0.8711 0.0986889 0.122094
2 0.465539 0.605688 0.0735022 0.0331905
2 0.170255 0.680799 0.109314 0.0505974
7 0.563122 0.706713 0.150726 0.107152
5 0.358942 0.689996 0.159271 0.137871
2 0.764724 0.733066 0.151289 0.0821468
2 0.420168 0.881771 0.229615 0.138161
2 0.467869 0.569907 0.0503967 0.0235825
2 0.264091 0.622286 0.0828325 0.0365294
2 0.409655 0.583762 0.0620409 0.0294098
2 0.19634 0.58048 0.0634334 0.0263153
2 0.691996 0.55004 0.0401693 0.0170458
2 0.488599 0.555872 0.0433351 0.0230083
2 0.252434 0.562799 0.0737403 0.0302769
2 0.794376 0.950065 0.336501 0.098933
5 0.358261 0.690862 0.160504 0.136749
5 0.560611 0.70687 0.154621 0.108596
5 0.0909555 0.735075 0.177014 0.110426
2 0.17148 0.680526 0.108568 0.049255
2 0.048555 0.871549 0.0971101 0.123211
2 0.46567 0.60579 0.0735536 0.0322111
2 0.420898 0.882482 0.231067 0.138829
2 0.762399 0.733951 0.146529 0.0831213
2 0.266681 0.621489 0.084539 0.0376931
2 0.468351 0.56944 0.0508777 0.0239308
2 0.195105 0.581004 0.0661147 0.0271883
2 0.412178 0.583862 0.0648955 0.029146
2 0.794376 0.950065 0.336501 0.098933
5 0.358261 0.690862 0.160504 0.136749
5 0.560611 0.70687 0.154621 0.108596
5 0.0909555 0.735075 0.177014 0.110426
2 0.17148 0.680526 0.108568 0.049255
2 0.048555 0.871549 0.0971101 0.123211
2 0.46567 0.60579 0.0735536 0.0322111
2 0.420898 0.882482 0.231067 0.138829
2 0.762399 0.733951 0.146529 0.0831213
2 0.266681 0.621489 0.084539 0.0376931
2 0.468351 0.56944 0.0508777 0.0239308
2 0.195105 0.581004 0.0661147 0.0271883
2 0.412178 0.583862 0.0648955 0.029146
