5 0.413294 0.888354 0.375657 0.22222
2 0.856039 0.790058 0.201465 0.0992685
2 0.899239 0.871398 0.199371 0.120686
2 0.0741678 0.818922 0.146811 0.103582
2 0.547629 0.688262 0.109674 0.0509735
2 0.124814 0.72042 0.135953 0.06389
2 0.296422 0.602865 0.0756442 0.0355225
2 0.196572 0.652242 0.0970575 0.0440555
2 0.766023 0.733599 0.148968 0.0837523
2 0.350351 0.761076 0.149082 0.0468613
2 0.505198 0.641058 0.0858501 0.0427264
2 0.452018 0.605862 0.0738801 0.0387482
7 0.723978 0.605756 0.119196 0.05657
5 0.477605 0.562202 0.0722689 0.0513906
7 0.476335 0.562506 0.074323 0.0514092
2 0.811207 0.572808 0.078627 0.029492
2 0.146215 0.59528 0.0568245 0.028911
2 0.686549 0.546877 0.049948 0.0189004
2 0.410665 0.561201 0.0525345 0.0225534
7 0.344975 0.579665 0.0696618 0.039047
2 0.0340398 0.58924 0.0552446 0.0340394
5 0.413294 0.888354 0.375657 0.22222
2 0.856039 0.790058 0.201465 0.0992685
2 0.899239 0.871398 0.199371 0.120686
2 0.0741678 0.818922 0.146811 0.103582
2 0.547629 0.688262 0.109674 0.0509735
2 0.124814 0.72042 0.135953 0.06389
2 0.296422 0.602865 0.0756442 0.0355225
2 0.196572 0.652242 0.0970575 0.0440555
2 0.766023 0.733599 0.148968 0.0837523
2 0.350351 0.761076 0.149082 0.0468613
2 0.505198 0.641058 0.0858501 0.0427264
2 0.452018 0.605862 0.0738801 0.0387482
7 0.723978 0.605756 0.119196 0.05657
5 0.477605 0.562202 0.0722689 0.0513906
7 0.476335 0.562506 0.074323 0.0514092
2 0.811207 0.572808 0.078627 0.029492
2 0.146215 0.59528 0.0568245 0.028911
2 0.686549 0.546877 0.049948 0.0189004
2 0.410665 0.561201 0.0525345 0.0225534
7 0.344975 0.579665 0.0696618 0.039047
2 0.0340398 0.58924 0.0552446 0.0340394
5 0.413294 0.888354 0.375657 0.22222
2 0.856039 0.790058 0.201465 0.0992685
2 0.899239 0.871398 0.199371 0.120686
2 0.0741678 0.818922 0.146811 0.103582
2 0.547629 0.688262 0.109674 0.0509735
2 0.124814 0.72042 0.135953 0.06389
2 0.296422 0.602865 0.0756442 0.0355225
2 0.196572 0.652242 0.0970575 0.0440555
2 0.766023 0.733599 0.148968 0.0837523
2 0.350351 0.761076 0.149082 0.0468613
2 0.505198 0.641058 0.0858501 0.0427264
2 0.452018 0.605862 0.0738801 0.0387482
7 0.723978 0.605756 0.119196 0.05657
5 0.477605 0.562202 0.0722689 0.0513906
7 0.476335 0.562506 0.074323 0.0514092
2 0.811207 0.572808 0.078627 0.029492
2 0.146215 0.59528 0.0568245 0.028911
2 0.686549 0.546877 0.049948 0.0189004
2 0.410665 0.561201 0.0525345 0.0225534
7 0.344975 0.579665 0.0696618 0.039047
2 0.0340398 0.58924 0.0552446 0.0340394
5 0.413294 0.888354 0.375657 0.22222
2 0.856039 0.790058 0.201465 0.0992685
2 0.899239 0.871398 0.199371 0.120686
2 0.0741678 0.818922 0.146811 0.103582
2 0.547629 0.688262 0.109674 0.0509735
2 0.124814 0.72042 0.135953 0.06389
2 0.296422 0.602865 0.0756442 0.0355225
2 0.196572 0.652242 0.0970575 0.0440555
2 0.766023 0.733599 0.148968 0.0837523
2 0.350351 0.761076 0.149082 0.0468613
2 0.505198 0.641058 0.0858501 0.0427264
2 0.452018 0.605862 0.0738801 0.0387482
7 0.723978 0.605756 0.119196 0.05657
5 0.477605 0.562202 0.0722689 0.0513906
7 0.476335 0.562506 0.074323 0.0514092
2 0.811207 0.572808 0.078627 0.029492
2 0.146215 0.59528 0.0568245 0.028911
2 0.686549 0.546877 0.049948 0.0189004
2 0.410665 0.561201 0.0525345 0.0225534
7 0.344975 0.579665 0.0696618 0.039047
2 0.0340398 0.58924 0.0552446 0.0340394
5 0.413294 0.888354 0.375657 0.22222
2 0.856039 0.790058 0.201465 0.0992685
2 0.899239 0.871398 0.199371 0.120686
2 0.0741678 0.818922 0.146811 0.103582
2 0.547629 0.688262 0.109674 0.0509735
2 0.124814 0.72042 0.135953 0.06389
2 0.296422 0.602865 0.0756442 0.0355225
2 0.196572 0.652242 0.0970575 0.0440555
2 0.766023 0.733599 0.148968 0.0837523
2 0.350351 0.761076 0.149082 0.0468613
2 0.505198 0.641058 0.0858501 0.0427264
2 0.452018 0.605862 0.0738801 0.0387482
7 0.723978 0.605756 0.119196 0.05657
5 0.477605 0.562202 0.0722689 0.0513906
7 0.476335 0.562506 0.074323 0.0514092
2 0.811207 0.572808 0.078627 0.029492
2 0.146215 0.59528 0.0568245 0.028911
2 0.686549 0.546877 0.049948 0.0189004
2 0.410665 0.561201 0.0525345 0.0225534
7 0.344975 0.579665 0.0696618 0.039047
2 0.0340398 0.58924 0.0552446 0.0340394
5 0.413294 0.888354 0.375657 0.22222
2 0.856039 0.790058 0.201465 0.0992685
2 0.899239 0.871398 0.199371 0.120686
2 0.0741678 0.818922 0.146811 0.103582
2 0.547629 0.688262 0.109674 0.0509735
2 0.124814 0.72042 0.135953 0.06389
2 0.296422 0.602865 0.0756442 0.0355225
2 0.196572 0.652242 0.0970575 0.0440555
2 0.766023 0.733599 0.148968 0.0837523
2 0.350351 0.761076 0.149082 0.0468613
2 0.505198 0.641058 0.0858501 0.0427264
2 0.452018 0.605862 0.0738801 0.0387482
7 0.723978 0.605756 0.119196 0.05657
5 0.477605 0.562202 0.0722689 0.0513906
7 0.476335 0.562506 0.074323 0.0514092
2 0.811207 0.572808 0.078627 0.029492
2 0.146215 0.59528 0.0568245 0.028911
2 0.686549 0.546877 0.049948 0.0189004
2 0.410665 0.561201 0.0525345 0.0225534
7 0.344975 0.579665 0.0696618 0.039047
2 0.0340398 0.58924 0.0552446 0.0340394
5 0.413294 0.888354 0.375657 0.22222
2 0.856039 0.790058 0.201465 0.0992685
2 0.899239 0.871398 0.199371 0.120686
2 0.0741678 0.818922 0.146811 0.103582
2 0.547629 0.688262 0.109674 0.0509735
2 0.124814 0.72042 0.135953 0.06389
2 0.296422 0.602865 0.0756442 0.0355225
2 0.196572 0.652242 0.0970575 0.0440555
2 0.766023 0.733599 0.148968 0.0837523
2 0.350351 0.761076 0.149082 0.0468613
2 0.505198 0.641058 0.0858501 0.0427264
2 0.452018 0.605862 0.0738801 0.0387482
7 0.723978 0.605756 0.119196 0.05657
5 0.477605 0.562202 0.0722689 0.0513906
7 0.476335 0.562506 0.074323 0.0514092
2 0.811207 0.572808 0.078627 0.029492
2 0.146215 0.59528 0.0568245 0.028911
2 0.686549 0.546877 0.049948 0.0189004
2 0.410665 0.561201 0.0525345 0.0225534
7 0.344975 0.579665 0.0696618 0.039047
2 0.0340398 0.58924 0.0552446 0.0340394
5 0.413294 0.888354 0.375657 0.22222
2 0.856039 0.790058 0.201465 0.0992685
2 0.899239 0.871398 0.199371 0.120686
2 0.0741678 0.818922 0.146811 0.103582
2 0.547629 0.688262 0.109674 0.0509735
2 0.124814 0.72042 0.135953 0.06389
2 0.296422 0.602865 0.0756442 0.0355225
2 0.196572 0.652242 0.0970575 0.0440555
2 0.766023 0.733599 0.148968 0.0837523
2 0.350351 0.761076 0.149082 0.0468613
2 0.505198 0.641058 0.0858501 0.0427264
2 0.452018 0.605862 0.0738801 0.0387482
7 0.723978 0.605756 0.119196 0.05657
5 0.477605 0.562202 0.0722689 0.0513906
7 0.476335 0.562506 0.074323 0.0514092
2 0.811207 0.572808 0.078627 0.029492
2 0.146215 0.59528 0.0568245 0.028911
2 0.686549 0.546877 0.049948 0.0189004
2 0.410665 0.561201 0.0525345 0.0225534
7 0.344975 0.579665 0.0696618 0.039047
2 0.0340398 0.58924 0.0552446 0.0340394
5 0.413294 0.888354 0.375657 0.22222
2 0.856039 0.790058 0.201465 0.0992685
2 0.899239 0.871398 0.199371 0.120686
2 0.0741678 0.818922 0.146811 0.103582
2 0.547629 0.688262 0.109674 0.0509735
2 0.124814 0.72042 0.135953 0.06389
2 0.296422 0.602865 0.0756442 0.0355225
2 0.196572 0.652242 0.0970575 0.0440555
2 0.766023 0.733599 0.148968 0.0837523
2 0.350351 0.761076 0.149082 0.0468613
2 0.505198 0.641058 0.0858501 0.0427264
2 0.452018 0.605862 0.0738801 0.0387482
7 0.723978 0.605756 0.119196 0.05657
5 0.477605 0.562202 0.0722689 0.0513906
7 0.476335 0.562506 0.074323 0.0514092
2 0.811207 0.572808 0.078627 0.029492
2 0.146215 0.59528 0.0568245 0.028911
2 0.686549 0.546877 0.049948 0.0189004
2 0.410665 0.561201 0.0525345 0.0225534
7 0.344975 0.579665 0.0696618 0.039047
2 0.0340398 0.58924 0.0552446 0.0340394
5 0.413294 0.888354 0.375657 0.22222
2 0.856039 0.790058 0.201465 0.0992685
2 0.899239 0.871398 0.199371 0.120686
2 0.0741678 0.818922 0.146811 0.103582
2 0.547629 0.688262 0.109674 0.0509735
2 0.124814 0.72042 0.135953 0.06389
2 0.296422 0.602865 0.0756442 0.0355225
2 0.196572 0.652242 0.0970575 0.0440555
2 0.766023 0.733599 0.148968 0.0837523
2 0.350351 0.761076 0.149082 0.0468613
2 0.505198 0.641058 0.0858501 0.0427264
2 0.452018 0.605862 0.0738801 0.0387482
7 0.723978 0.605756 0.119196 0.05657
5 0.477605 0.562202 0.0722689 0.0513906
7 0.476335 0.562506 0.074323 0.0514092
2 0.811207 0.572808 0.078627 0.029492
2 0.146215 0.59528 0.0568245 0.028911
2 0.686549 0.546877 0.049948 0.0189004
2 0.410665 0.561201 0.0525345 0.0225534
7 0.344975 0.579665 0.0696618 0.039047
2 0.0340398 0.58924 0.0552446 0.0340394
5 0.413294 0.888354 0.375657 0.22222
2 0.856039 0.790058 0.201465 0.0992685
2 0.899239 0.871398 0.199371 0.120686
2 0.0741678 0.818922 0.146811 0.103582
2 0.547629 0.688262 0.109674 0.0509735
2 0.124814 0.72042 0.135953 0.06389
2 0.296422 0.602865 0.0756442 0.0355225
2 0.196572 0.652242 0.0970575 0.0440555
2 0.766023 0.733599 0.148968 0.0837523
2 0.350351 0.761076 0.149082 0.0468613
2 0.505198 0.641058 0.0858501 0.0427264
2 0.452018 0.605862 0.0738801 0.0387482
7 0.723978 0.605756 0.119196 0.05657
5 0.477605 0.562202 0.0722689 0.0513906
7 0.476335 0.562506 0.074323 0.0514092
2 0.811207 0.572808 0.078627 0.029492
2 0.146215 0.59528 0.0568245 0.028911
2 0.686549 0.546877 0.049948 0.0189004
2 0.410665 0.561201 0.0525345 0.0225534
7 0.344975 0.579665 0.0696618 0.039047
2 0.0340398 0.58924 0.0552446 0.0340394
5 0.413294 0.888354 0.375657 0.22222
2 0.856039 0.790058 0.201465 0.0992685
2 0.899239 0.871398 0.199371 0.120686
2 0.0741678 0.818922 0.146811 0.103582
2 0.547629 0.688262 0.109674 0.0509735
2 0.124814 0.72042 0.135953 0.06389
2 0.296422 0.602865 0.0756442 0.0355225
2 0.196572 0.652242 0.0970575 0.0440555
2 0.766023 0.733599 0.148968 0.0837523
2 0.350351 0.761076 0.149082 0.0468613
2 0.505198 0.641058 0.0858501 0.0427264
2 0.452018 0.605862 0.0738801 0.0387482
7 0.723978 0.605756 0.119196 0.05657
5 0.477605 0.562202 0.0722689 0.0513906
7 0.476335 0.562506 0.074323 0.0514092
2 0.811207 0.572808 0.078627 0.029492
2 0.146215 0.59528 0.0568245 0.028911
2 0.686549 0.546877 0.049948 0.0189004
2 0.410665 0.561201 0.0525345 0.0225534
7 0.344975 0.579665 0.0696618 0.039047
2 0.0340398 0.58924 0.0552446 0.0340394
5 0.413294 0.888354 0.375657 0.22222
2 0.856039 0.790058 0.201465 0.0992685
2 0.899239 0.871398 0.199371 0.120686
2 0.0741678 0.818922 0.146811 0.103582
2 0.547629 0.688262 0.109674 0.0509735
2 0.124814 0.72042 0.135953 0.06389
2 0.296422 0.602865 0.0756442 0.0355225
2 0.196572 0.652242 0.0970575 0.0440555
2 0.766023 0.733599 0.148968 0.0837523
2 0.350351 0.761076 0.149082 0.0468613
2 0.505198 0.641058 0.0858501 0.0427264
2 0.452018 0.605862 0.0738801 0.0387482
7 0.723978 0.605756 0.119196 0.05657
5 0.477605 0.562202 0.0722689 0.0513906
7 0.476335 0.562506 0.074323 0.0514092
2 0.811207 0.572808 0.078627 0.029492
2 0.146215 0.59528 0.0568245 0.028911
2 0.686549 0.546877 0.049948 0.0189004
2 0.410665 0.561201 0.0525345 0.0225534
7 0.344975 0.579665 0.0696618 0.039047
2 0.0340398 0.58924 0.0552446 0.0340394
5 0.410535 0.888785 0.379216 0.221569
2 0.0728236 0.819714 0.145647 0.10396
7 0.723799 0.606125 0.119054 0.0570375
2 0.125016 0.719148 0.133708 0.0614643
2 0.549077 0.689609 0.110791 0.0524837
2 0.858353 0.78789 0.200905 0.0943835
2 0.350574 0.760581 0.147419 0.0467114
2 0.295347 0.602226 0.0742652 0.0360146
2 0.899517 0.871017 0.200504 0.120534
2 0.196409 0.651284 0.0983504 0.0419044
2 0.76114 0.734374 0.150664 0.0844221
7 0.349157 0.577729 0.0761958 0.0433778
2 0.50405 0.640911 0.0861184 0.0419752
2 0.453778 0.605249 0.0774809 0.0388592
5 0.476907 0.560889 0.0729643 0.0530642
5 0.410535 0.888785 0.379216 0.221569
2 0.0728236 0.819714 0.145647 0.10396
7 0.723799 0.606125 0.119054 0.0570375
2 0.125016 0.719148 0.133708 0.0614643
2 0.549077 0.689609 0.110791 0.0524837
2 0.858353 0.78789 0.200905 0.0943835
2 0.350574 0.760581 0.147419 0.0467114
2 0.295347 0.602226 0.0742652 0.0360146
2 0.899517 0.871017 0.200504 0.120534
2 0.196409 0.651284 0.0983504 0.0419044
2 0.76114 0.734374 0.150664 0.0844221
7 0.349157 0.577729 0.0761958 0.0433778
2 0.50405 0.640911 0.0861184 0.0419752
2 0.453778 0.605249 0.0774809 0.0388592
5 0.476907 0.560889 0.0729643 0.0530642
