2 0.379792 0.835578 0.171672 0.0992954
2 0.897742 0.869628 0.202841 0.120025
2 0.853468 0.788334 0.197902 0.0967276
2 0.426215 0.692553 0.112074 0.0559155
2 0.500063 0.605187 0.0832714 0.0377298
2 0.353222 0.577175 0.0566645 0.0248058
2 0.517518 0.573741 0.0672053 0.0281286
2 0.674128 0.564168 0.0532132 0.0239899
2 0.223866 0.57367 0.0594909 0.0269329
2 0.762709 0.733353 0.152113 0.0844081
2 0.281033 0.560997 0.0547138 0.0266346
2 0.492525 0.549775 0.055565 0.0249311
2 0.144529 0.589875 0.0534092 0.0364033
2 0.174529 0.564217 0.0586425 0.0270992
2 0.429455 0.545707 0.0434138 0.0221128
2 0.379792 0.835578 0.171672 0.0992954
2 0.897742 0.869628 0.202841 0.120025
2 0.853468 0.788334 0.197902 0.0967276
2 0.426215 0.692553 0.112074 0.0559155
2 0.500063 0.605187 0.0832714 0.0377298
2 0.353222 0.577175 0.0566645 0.0248058
2 0.517518 0.573741 0.0672053 0.0281286
2 0.674128 0.564168 0.0532132 0.0239899
2 0.223866 0.57367 0.0594909 0.0269329
2 0.762709 0.733353 0.152113 0.0844081
2 0.281033 0.560997 0.0547138 0.0266346
2 0.492525 0.549775 0.055565 0.0249311
2 0.144529 0.589875 0.0534092 0.0364033
2 0.174529 0.564217 0.0586425 0.0270992
2 0.429455 0.545707 0.0434138 0.0221128
2 0.379792 0.835578 0.171672 0.0992954
2 0.897742 0.869628 0.202841 0.120025
2 0.853468 0.788334 0.197902 0.0967276
2 0.426215 0.692553 0.112074 0.0559155
2 0.500063 0.605187 0.0832714 0.0377298
2 0.353222 0.577175 0.0566645 0.0248058
2 0.517518 0.573741 0.0672053 0.0281286
2 0.674128 0.564168 0.0532132 0.0239899
2 0.223866 0.57367 0.0594909 0.0269329
2 0.762709 0.733353 0.152113 0.0844081
2 0.281033 0.560997 0.0547138 0.0266346
2 0.492525 0.549775 0.055565 0.0249311
2 0.144529 0.589875 0.0534092 0.0364033
2 0.174529 0.564217 0.0586425 0.0270992
2 0.429455 0.545707 0.0434138 0.0221128
2 0.379792 0.835578 0.171672 0.0992954
2 0.897742 0.869628 0.202841 0.120025
2 0.853468 0.788334 0.197902 0.0967276
2 0.426215 0.692553 0.112074 0.0559155
2 0.500063 0.605187 0.0832714 0.0377298
2 0.353222 0.577175 0.0566645 0.0248058
2 0.517518 0.573741 0.0672053 0.0281286
2 0.674128 0.564168 0.0532132 0.0239899
2 0.223866 0.57367 0.0594909 0.0269329
2 0.762709 0.733353 0.152113 0.0844081
2 0.281033 0.560997 0.0547138 0.0266346
2 0.492525 0.549775 0.055565 0.0249311
2 0.144529 0.589875 0.0534092 0.0364033
2 0.174529 0.564217 0.0586425 0.0270992
2 0.429455 0.545707 0.0434138 0.0221128
2 0.379792 0.835578 0.171672 0.0992954
2 0.897742 0.869628 0.202841 0.120025
2 0.853468 0.788334 0.197902 0.0967276
2 0.426215 0.692553 0.112074 0.0559155
2 0.500063 0.605187 0.0832714 0.0377298
2 0.353222 0.577175 0.0566645 0.0248058
2 0.517518 0.573741 0.0672053 0.0281286
2 0.674128 0.564168 0.0532132 0.0239899
2 0.223866 0.57367 0.0594909 0.0269329
2 0.762709 0.733353 0.152113 0.0844081
2 0.281033 0.560997 0.0547138 0.0266346
2 0.492525 0.549775 0.055565 0.0249311
2 0.144529 0.589875 0.0534092 0.0364033
2 0.174529 0.564217 0.0586425 0.0270992
2 0.429455 0.545707 0.0434138 0.0221128
2 0.379792 0.835578 0.171672 0.0992954
2 0.897742 0.869628 0.202841 0.120025
2 0.853468 0.788334 0.197902 0.0967276
2 0.426215 0.692553 0.112074 0.0559155
2 0.500063 0.605187 0.0832714 0.0377298
2 0.353222 0.577175 0.0566645 0.0248058
2 0.517518 0.573741 0.0672053 0.0281286
2 0.674128 0.564168 0.0532132 0.0239899
2 0.223866 0.57367 0.0594909 0.0269329
2 0.762709 0.733353 0.152113 0.0844081
2 0.281033 0.560997 0.0547138 0.0266346
2 0.492525 0.549775 0.055565 0.0249311
2 0.144529 0.589875 0.0534092 0.0364033
2 0.174529 0.564217 0.0586425 0.0270992
2 0.429455 0.545707 0.0434138 0.0221128
