2 0.706453 0.865725 0.230482 0.103478
2 0.855841 0.79005 0.201536 0.0992681
2 0.383787 0.712734 0.12325 0.0721565
2 0.125934 0.699862 0.134628 0.0659241
2 0.546416 0.765372 0.160454 0.0798159
2 0.0509011 0.821856 0.101737 0.0918209
2 0.295639 0.614911 0.0778099 0.0336124
2 0.763142 0.733222 0.151564 0.0837971
2 0.823243 0.574109 0.0690815 0.0265154
2 0.0435322 0.986368 0.0832907 0.0264904
7 0.400603 0.612678 0.115503 0.0843599
5 0.595334 0.648608 0.128865 0.0801096
2 0.514017 0.566997 0.0537163 0.0230337
2 0.476251 0.590714 0.0635605 0.0351873
7 0.204765 0.641873 0.121623 0.0678532
7 0.595175 0.648821 0.129519 0.0804825
2 0.368632 0.576953 0.05426 0.0261262
2 0.286551 0.561361 0.0495923 0.0240372
2 0.146823 0.591065 0.0648768 0.0389532
2 0.237009 0.570587 0.0527091 0.0287544
5 0.747293 0.510907 0.11208 0.0500686
2 0.445365 0.547018 0.038717 0.0155149
2 0.706453 0.865725 0.230482 0.103478
2 0.855841 0.79005 0.201536 0.0992681
2 0.383787 0.712734 0.12325 0.0721565
2 0.125934 0.699862 0.134628 0.0659241
2 0.546416 0.765372 0.160454 0.0798159
2 0.0509011 0.821856 0.101737 0.0918209
2 0.295639 0.614911 0.0778099 0.0336124
2 0.763142 0.733222 0.151564 0.0837971
2 0.823243 0.574109 0.0690815 0.0265154
2 0.0435322 0.986368 0.0832907 0.0264904
7 0.400603 0.612678 0.115503 0.0843599
5 0.595334 0.648608 0.128865 0.0801096
2 0.514017 0.566997 0.0537163 0.0230337
2 0.476251 0.590714 0.0635605 0.0351873
7 0.204765 0.641873 0.121623 0.0678532
7 0.595175 0.648821 0.129519 0.0804825
2 0.368632 0.576953 0.05426 0.0261262
2 0.286551 0.561361 0.0495923 0.0240372
2 0.146823 0.591065 0.0648768 0.0389532
2 0.237009 0.570587 0.0527091 0.0287544
5 0.747293 0.510907 0.11208 0.0500686
2 0.445365 0.547018 0.038717 0.0155149
2 0.706453 0.865725 0.230482 0.103478
2 0.855841 0.79005 0.201536 0.0992681
2 0.383787 0.712734 0.12325 0.0721565
2 0.125934 0.699862 0.134628 0.0659241
2 0.546416 0.765372 0.160454 0.0798159
2 0.0509011 0.821856 0.101737 0.0918209
2 0.295639 0.614911 0.0778099 0.0336124
2 0.763142 0.733222 0.151564 0.0837971
2 0.823243 0.574109 0.0690815 0.0265154
2 0.0435322 0.986368 0.0832907 0.0264904
7 0.400603 0.612678 0.115503 0.0843599
5 0.595334 0.648608 0.128865 0.0801096
2 0.514017 0.566997 0.0537163 0.0230337
2 0.476251 0.590714 0.0635605 0.0351873
7 0.204765 0.641873 0.121623 0.0678532
7 0.595175 0.648821 0.129519 0.0804825
2 0.368632 0.576953 0.05426 0.0261262
2 0.286551 0.561361 0.0495923 0.0240372
2 0.146823 0.591065 0.0648768 0.0389532
2 0.237009 0.570587 0.0527091 0.0287544
5 0.747293 0.510907 0.11208 0.0500686
2 0.445365 0.547018 0.038717 0.0155149
2 0.706453 0.865725 0.230482 0.103478
2 0.855841 0.79005 0.201536 0.0992681
2 0.383787 0.712734 0.12325 0.0721565
2 0.125934 0.699862 0.134628 0.0659241
2 0.546416 0.765372 0.160454 0.0798159
2 0.0509011 0.821856 0.101737 0.0918209
2 0.295639 0.614911 0.0778099 0.0336124
2 0.763142 0.733222 0.151564 0.0837971
2 0.823243 0.574109 0.0690815 0.0265154
2 0.0435322 0.986368 0.0832907 0.0264904
7 0.400603 0.612678 0.115503 0.0843599
5 0.595334 0.648608 0.128865 0.0801096
2 0.514017 0.566997 0.0537163 0.0230337
2 0.476251 0.590714 0.0635605 0.0351873
7 0.204765 0.641873 0.121623 0.0678532
7 0.595175 0.648821 0.129519 0.0804825
2 0.368632 0.576953 0.05426 0.0261262
2 0.286551 0.561361 0.0495923 0.0240372
2 0.146823 0.591065 0.0648768 0.0389532
2 0.237009 0.570587 0.0527091 0.0287544
5 0.747293 0.510907 0.11208 0.0500686
2 0.445365 0.547018 0.038717 0.0155149
2 0.706453 0.865725 0.230482 0.103478
2 0.855841 0.79005 0.201536 0.0992681
2 0.383787 0.712734 0.12325 0.0721565
2 0.125934 0.699862 0.134628 0.0659241
2 0.546416 0.765372 0.160454 0.0798159
2 0.0509011 0.821856 0.101737 0.0918209
2 0.295639 0.614911 0.0778099 0.0336124
2 0.763142 0.733222 0.151564 0.0837971
2 0.823243 0.574109 0.0690815 0.0265154
2 0.0435322 0.986368 0.0832907 0.0264904
7 0.400603 0.612678 0.115503 0.0843599
5 0.595334 0.648608 0.128865 0.0801096
2 0.514017 0.566997 0.0537163 0.0230337
2 0.476251 0.590714 0.0635605 0.0351873
7 0.204765 0.641873 0.121623 0.0678532
7 0.595175 0.648821 0.129519 0.0804825
2 0.368632 0.576953 0.05426 0.0261262
2 0.286551 0.561361 0.0495923 0.0240372
2 0.146823 0.591065 0.0648768 0.0389532
2 0.237009 0.570587 0.0527091 0.0287544
5 0.747293 0.510907 0.11208 0.0500686
2 0.445365 0.547018 0.038717 0.0155149
2 0.706453 0.865725 0.230482 0.103478
2 0.855841 0.79005 0.201536 0.0992681
2 0.383787 0.712734 0.12325 0.0721565
2 0.125934 0.699862 0.134628 0.0659241
2 0.546416 0.765372 0.160454 0.0798159
2 0.0509011 0.821856 0.101737 0.0918209
2 0.295639 0.614911 0.0778099 0.0336124
2 0.763142 0.733222 0.151564 0.0837971
2 0.823243 0.574109 0.0690815 0.0265154
2 0.0435322 0.986368 0.0832907 0.0264904
7 0.400603 0.612678 0.115503 0.0843599
5 0.595334 0.648608 0.128865 0.0801096
2 0.514017 0.566997 0.0537163 0.0230337
2 0.476251 0.590714 0.0635605 0.0351873
7 0.204765 0.641873 0.121623 0.0678532
7 0.595175 0.648821 0.129519 0.0804825
2 0.368632 0.576953 0.05426 0.0261262
2 0.286551 0.561361 0.0495923 0.0240372
2 0.146823 0.591065 0.0648768 0.0389532
2 0.237009 0.570587 0.0527091 0.0287544
5 0.747293 0.510907 0.11208 0.0500686
2 0.445365 0.547018 0.038717 0.0155149
