5 0.38691 0.79903 0.269566 0.232378
7 0.0531104 0.878068 0.105075 0.192071
2 0.162508 0.683577 0.119264 0.0570662
2 0.401745 0.659308 0.101811 0.0437293
7 0.693587 0.839141 0.307831 0.185893
2 0.635274 0.585463 0.0610835 0.0263453
2 0.411809 0.604974 0.0662504 0.0346613
2 0.86728 0.788486 0.186922 0.0942558
2 0.274281 0.632135 0.0960568 0.0471208
2 0.671012 0.559175 0.0514994 0.0234118
2 0.0787157 0.785868 0.154127 0.0864756
2 0.767233 0.72376 0.150995 0.0662001
2 0.439251 0.585682 0.0602087 0.0287301
7 0.800003 0.597799 0.0954176 0.0521699
2 0.297107 0.601837 0.0708567 0.034153
7 0.535614 0.600348 0.0764108 0.0463376
2 0.535641 0.599866 0.0769777 0.046864
2 0.799595 0.597912 0.0959174 0.0517904
2 0.203862 0.583701 0.066645 0.0378418
5 0.38691 0.79903 0.269566 0.232378
7 0.0531104 0.878068 0.105075 0.192071
2 0.162508 0.683577 0.119264 0.0570662
2 0.401745 0.659308 0.101811 0.0437293
7 0.693587 0.839141 0.307831 0.185893
2 0.635274 0.585463 0.0610835 0.0263453
2 0.411809 0.604974 0.0662504 0.0346613
2 0.86728 0.788486 0.186922 0.0942558
2 0.274281 0.632135 0.0960568 0.0471208
2 0.671012 0.559175 0.0514994 0.0234118
2 0.0787157 0.785868 0.154127 0.0864756
2 0.767233 0.72376 0.150995 0.0662001
2 0.439251 0.585682 0.0602087 0.0287301
7 0.800003 0.597799 0.0954176 0.0521699
2 0.297107 0.601837 0.0708567 0.034153
7 0.535614 0.600348 0.0764108 0.0463376
2 0.535641 0.599866 0.0769777 0.046864
2 0.799595 0.597912 0.0959174 0.0517904
2 0.203862 0.583701 0.066645 0.0378418
5 0.38691 0.79903 0.269566 0.232378
7 0.0531104 0.878068 0.105075 0.192071
2 0.162508 0.683577 0.119264 0.0570662
2 0.401745 0.659308 0.101811 0.0437293
7 0.693587 0.839141 0.307831 0.185893
2 0.635274 0.585463 0.0610835 0.0263453
2 0.411809 0.604974 0.0662504 0.0346613
2 0.86728 0.788486 0.186922 0.0942558
2 0.274281 0.632135 0.0960568 0.0471208
2 0.671012 0.559175 0.0514994 0.0234118
2 0.0787157 0.785868 0.154127 0.0864756
2 0.767233 0.72376 0.150995 0.0662001
2 0.439251 0.585682 0.0602087 0.0287301
7 0.800003 0.597799 0.0954176 0.0521699
2 0.297107 0.601837 0.0708567 0.034153
7 0.535614 0.600348 0.0764108 0.0463376
2 0.535641 0.599866 0.0769777 0.046864
2 0.799595 0.597912 0.0959174 0.0517904
2 0.203862 0.583701 0.066645 0.0378418
5 0.38691 0.79903 0.269566 0.232378
7 0.0531104 0.878068 0.105075 0.192071
2 0.162508 0.683577 0.119264 0.0570662
2 0.401745 0.659308 0.101811 0.0437293
7 0.693587 0.839141 0.307831 0.185893
2 0.635274 0.585463 0.0610835 0.0263453
2 0.411809 0.604974 0.0662504 0.0346613
2 0.86728 0.788486 0.186922 0.0942558
2 0.274281 0.632135 0.0960568 0.0471208
2 0.671012 0.559175 0.0514994 0.0234118
2 0.0787157 0.785868 0.154127 0.0864756
2 0.767233 0.72376 0.150995 0.0662001
2 0.439251 0.585682 0.0602087 0.0287301
7 0.800003 0.597799 0.0954176 0.0521699
2 0.297107 0.601837 0.0708567 0.034153
7 0.535614 0.600348 0.0764108 0.0463376
2 0.535641 0.599866 0.0769777 0.046864
2 0.799595 0.597912 0.0959174 0.0517904
2 0.203862 0.583701 0.066645 0.0378418
5 0.38691 0.79903 0.269566 0.232378
7 0.0531104 0.878068 0.105075 0.192071
2 0.162508 0.683577 0.119264 0.0570662
2 0.401745 0.659308 0.101811 0.0437293
7 0.693587 0.839141 0.307831 0.185893
2 0.635274 0.585463 0.0610835 0.0263453
2 0.411809 0.604974 0.0662504 0.0346613
2 0.86728 0.788486 0.186922 0.0942558
2 0.274281 0.632135 0.0960568 0.0471208
2 0.671012 0.559175 0.0514994 0.0234118
2 0.0787157 0.785868 0.154127 0.0864756
2 0.767233 0.72376 0.150995 0.0662001
2 0.439251 0.585682 0.0602087 0.0287301
7 0.800003 0.597799 0.0954176 0.0521699
2 0.297107 0.601837 0.0708567 0.034153
7 0.535614 0.600348 0.0764108 0.0463376
2 0.535641 0.599866 0.0769777 0.046864
2 0.799595 0.597912 0.0959174 0.0517904
2 0.203862 0.583701 0.066645 0.0378418
5 0.38691 0.79903 0.269566 0.232378
7 0.0531104 0.878068 0.105075 0.192071
2 0.162508 0.683577 0.119264 0.0570662
2 0.401745 0.659308 0.101811 0.0437293
7 0.693587 0.839141 0.307831 0.185893
2 0.635274 0.585463 0.0610835 0.0263453
2 0.411809 0.604974 0.0662504 0.0346613
2 0.86728 0.788486 0.186922 0.0942558
2 0.274281 0.632135 0.0960568 0.0471208
2 0.671012 0.559175 0.0514994 0.0234118
2 0.0787157 0.785868 0.154127 0.0864756
2 0.767233 0.72376 0.150995 0.0662001
2 0.439251 0.585682 0.0602087 0.0287301
7 0.800003 0.597799 0.0954176 0.0521699
2 0.297107 0.601837 0.0708567 0.034153
7 0.535614 0.600348 0.0764108 0.0463376
2 0.535641 0.599866 0.0769777 0.046864
2 0.799595 0.597912 0.0959174 0.0517904
2 0.203862 0.583701 0.066645 0.0378418
5 0.38691 0.79903 0.269566 0.232378
7 0.0531104 0.878068 0.105075 0.192071
2 0.162508 0.683577 0.119264 0.0570662
2 0.401745 0.659308 0.101811 0.0437293
7 0.693587 0.839141 0.307831 0.185893
2 0.635274 0.585463 0.0610835 0.0263453
2 0.411809 0.604974 0.0662504 0.0346613
2 0.86728 0.788486 0.186922 0.0942558
2 0.274281 0.632135 0.0960568 0.0471208
2 0.671012 0.559175 0.0514994 0.0234118
2 0.0787157 0.785868 0.154127 0.0864756
2 0.767233 0.72376 0.150995 0.0662001
2 0.439251 0.585682 0.0602087 0.0287301
7 0.800003 0.597799 0.0954176 0.0521699
2 0.297107 0.601837 0.0708567 0.034153
7 0.535614 0.600348 0.0764108 0.0463376
2 0.535641 0.599866 0.0769777 0.046864
2 0.799595 0.597912 0.0959174 0.0517904
2 0.203862 0.583701 0.066645 0.0378418
5 0.38691 0.79903 0.269566 0.232378
7 0.0531104 0.878068 0.105075 0.192071
2 0.162508 0.683577 0.119264 0.0570662
2 0.401745 0.659308 0.101811 0.0437293
7 0.693587 0.839141 0.307831 0.185893
2 0.635274 0.585463 0.0610835 0.0263453
2 0.411809 0.604974 0.0662504 0.0346613
2 0.86728 0.788486 0.186922 0.0942558
2 0.274281 0.632135 0.0960568 0.0471208
2 0.671012 0.559175 0.0514994 0.0234118
2 0.0787157 0.785868 0.154127 0.0864756
2 0.767233 0.72376 0.150995 0.0662001
2 0.439251 0.585682 0.0602087 0.0287301
7 0.800003 0.597799 0.0954176 0.0521699
2 0.297107 0.601837 0.0708567 0.034153
7 0.535614 0.600348 0.0764108 0.0463376
2 0.535641 0.599866 0.0769777 0.046864
2 0.799595 0.597912 0.0959174 0.0517904
2 0.203862 0.583701 0.066645 0.0378418
5 0.38691 0.79903 0.269566 0.232378
7 0.0531104 0.878068 0.105075 0.192071
2 0.162508 0.683577 0.119264 0.0570662
2 0.401745 0.659308 0.101811 0.0437293
7 0.693587 0.839141 0.307831 0.185893
2 0.635274 0.585463 0.0610835 0.0263453
2 0.411809 0.604974 0.0662504 0.0346613
2 0.86728 0.788486 0.186922 0.0942558
2 0.274281 0.632135 0.0960568 0.0471208
2 0.671012 0.559175 0.0514994 0.0234118
2 0.0787157 0.785868 0.154127 0.0864756
2 0.767233 0.72376 0.150995 0.0662001
2 0.439251 0.585682 0.0602087 0.0287301
7 0.800003 0.597799 0.0954176 0.0521699
2 0.297107 0.601837 0.0708567 0.034153
7 0.535614 0.600348 0.0764108 0.0463376
2 0.535641 0.599866 0.0769777 0.046864
2 0.799595 0.597912 0.0959174 0.0517904
2 0.203862 0.583701 0.066645 0.0378418
5 0.38691 0.79903 0.269566 0.232378
7 0.0531104 0.878068 0.105075 0.192071
2 0.162508 0.683577 0.119264 0.0570662
2 0.401745 0.659308 0.101811 0.0437293
7 0.693587 0.839141 0.307831 0.185893
2 0.635274 0.585463 0.0610835 0.0263453
2 0.411809 0.604974 0.0662504 0.0346613
2 0.86728 0.788486 0.186922 0.0942558
2 0.274281 0.632135 0.0960568 0.0471208
2 0.671012 0.559175 0.0514994 0.0234118
2 0.0787157 0.785868 0.154127 0.0864756
2 0.767233 0.72376 0.150995 0.0662001
2 0.439251 0.585682 0.0602087 0.0287301
7 0.800003 0.597799 0.0954176 0.0521699
2 0.297107 0.601837 0.0708567 0.034153
7 0.535614 0.600348 0.0764108 0.0463376
2 0.535641 0.599866 0.0769777 0.046864
2 0.799595 0.597912 0.0959174 0.0517904
2 0.203862 0.583701 0.066645 0.0378418
5 0.38691 0.79903 0.269566 0.232378
7 0.0531104 0.878068 0.105075 0.192071
2 0.162508 0.683577 0.119264 0.0570662
2 0.401745 0.659308 0.101811 0.0437293
7 0.693587 0.839141 0.307831 0.185893
2 0.635274 0.585463 0.0610835 0.0263453
2 0.411809 0.604974 0.0662504 0.0346613
2 0.86728 0.788486 0.186922 0.0942558
2 0.274281 0.632135 0.0960568 0.0471208
2 0.671012 0.559175 0.0514994 0.0234118
2 0.0787157 0.785868 0.154127 0.0864756
2 0.767233 0.72376 0.150995 0.0662001
2 0.439251 0.585682 0.0602087 0.0287301
7 0.800003 0.597799 0.0954176 0.0521699
2 0.297107 0.601837 0.0708567 0.034153
7 0.535614 0.600348 0.0764108 0.0463376
2 0.535641 0.599866 0.0769777 0.046864
2 0.799595 0.597912 0.0959174 0.0517904
2 0.203862 0.583701 0.066645 0.0378418
5 0.38691 0.79903 0.269566 0.232378
7 0.0531104 0.878068 0.105075 0.192071
2 0.162508 0.683577 0.119264 0.0570662
2 0.401745 0.659308 0.101811 0.0437293
7 0.693587 0.839141 0.307831 0.185893
2 0.635274 0.585463 0.0610835 0.0263453
2 0.411809 0.604974 0.0662504 0.0346613
2 0.86728 0.788486 0.186922 0.0942558
2 0.274281 0.632135 0.0960568 0.0471208
2 0.671012 0.559175 0.0514994 0.0234118
2 0.0787157 0.785868 0.154127 0.0864756
2 0.767233 0.72376 0.150995 0.0662001
2 0.439251 0.585682 0.0602087 0.0287301
7 0.800003 0.597799 0.0954176 0.0521699
2 0.297107 0.601837 0.0708567 0.034153
7 0.535614 0.600348 0.0764108 0.0463376
2 0.535641 0.599866 0.0769777 0.046864
2 0.799595 0.597912 0.0959174 0.0517904
2 0.203862 0.583701 0.066645 0.0378418
5 0.38691 0.79903 0.269566 0.232378
7 0.0531104 0.878068 0.105075 0.192071
2 0.162508 0.683577 0.119264 0.0570662
2 0.401745 0.659308 0.101811 0.0437293
7 0.693587 0.839141 0.307831 0.185893
2 0.635274 0.585463 0.0610835 0.0263453
2 0.411809 0.604974 0.0662504 0.0346613
2 0.86728 0.788486 0.186922 0.0942558
2 0.274281 0.632135 0.0960568 0.0471208
2 0.671012 0.559175 0.0514994 0.0234118
2 0.0787157 0.785868 0.154127 0.0864756
2 0.767233 0.72376 0.150995 0.0662001
2 0.439251 0.585682 0.0602087 0.0287301
7 0.800003 0.597799 0.0954176 0.0521699
2 0.297107 0.601837 0.0708567 0.034153
7 0.535614 0.600348 0.0764108 0.0463376
2 0.535641 0.599866 0.0769777 0.046864
2 0.799595 0.597912 0.0959174 0.0517904
2 0.203862 0.583701 0.066645 0.0378418
5 0.385109 0.800758 0.272564 0.231371
2 0.86553 0.788126 0.186134 0.0933046
5 0.0529298 0.878136 0.104966 0.190579
2 0.402208 0.659617 0.102664 0.0448372
7 0.798675 0.596698 0.0934689 0.0512671
2 0.764077 0.726166 0.146757 0.0681225
2 0.0795581 0.786657 0.156262 0.0890202
2 0.161724 0.683644 0.119725 0.0565531
2 0.635497 0.585465 0.0620489 0.026035
2 0.273757 0.632033 0.0961927 0.0456894
2 0.411933 0.604637 0.0664681 0.0354239
5 0.694262 0.841371 0.307496 0.188009
5 0.385109 0.800758 0.272564 0.231371
2 0.86553 0.788126 0.186134 0.0933046
5 0.0529298 0.878136 0.104966 0.190579
2 0.402208 0.659617 0.102664 0.0448372
7 0.798675 0.596698 0.0934689 0.0512671
2 0.764077 0.726166 0.146757 0.0681225
2 0.0795581 0.786657 0.156262 0.0890202
2 0.161724 0.683644 0.119725 0.0565531
2 0.635497 0.585465 0.0620489 0.026035
2 0.273757 0.632033 0.0961927 0.0456894
2 0.411933 0.604637 0.0664681 0.0354239
5 0.694262 0.841371 0.307496 0.188009
5 0.385109 0.800758 0.272564 0.231371
2 0.86553 0.788126 0.186134 0.0933046
5 0.0529298 0.878136 0.104966 0.190579
2 0.402208 0.659617 0.102664 0.0448372
7 0.798675 0.596698 0.0934689 0.0512671
2 0.764077 0.726166 0.146757 0.0681225
2 0.0795581 0.786657 0.156262 0.0890202
2 0.161724 0.683644 0.119725 0.0565531
2 0.635497 0.585465 0.0620489 0.026035
2 0.273757 0.632033 0.0961927 0.0456894
2 0.411933 0.604637 0.0664681 0.0354239
5 0.694262 0.841371 0.307496 0.188009
5 0.385109 0.800758 0.272564 0.231371
2 0.86553 0.788126 0.186134 0.0933046
5 0.0529298 0.878136 0.104966 0.190579
2 0.402208 0.659617 0.102664 0.0448372
7 0.798675 0.596698 0.0934689 0.0512671
2 0.764077 0.726166 0.146757 0.0681225
2 0.0795581 0.786657 0.156262 0.0890202
2 0.161724 0.683644 0.119725 0.0565531
2 0.635497 0.585465 0.0620489 0.026035
2 0.273757 0.632033 0.0961927 0.0456894
2 0.411933 0.604637 0.0664681 0.0354239
5 0.694262 0.841371 0.307496 0.188009
5 0.385109 0.800758 0.272564 0.231371
2 0.86553 0.788126 0.186134 0.0933046
5 0.0529298 0.878136 0.104966 0.190579
2 0.402208 0.659617 0.102664 0.0448372
7 0.798675 0.596698 0.0934689 0.0512671
2 0.764077 0.726166 0.146757 0.0681225
2 0.0795581 0.786657 0.156262 0.0890202
2 0.161724 0.683644 0.119725 0.0565531
2 0.635497 0.585465 0.0620489 0.026035
2 0.273757 0.632033 0.0961927 0.0456894
2 0.411933 0.604637 0.0664681 0.0354239
5 0.694262 0.841371 0.307496 0.188009
5 0.385109 0.800758 0.272564 0.231371
2 0.86553 0.788126 0.186134 0.0933046
5 0.0529298 0.878136 0.104966 0.190579
2 0.402208 0.659617 0.102664 0.0448372
7 0.798675 0.596698 0.0934689 0.0512671
2 0.764077 0.726166 0.146757 0.0681225
2 0.0795581 0.786657 0.156262 0.0890202
2 0.161724 0.683644 0.119725 0.0565531
2 0.635497 0.585465 0.0620489 0.026035
2 0.273757 0.632033 0.0961927 0.0456894
2 0.411933 0.604637 0.0664681 0.0354239
5 0.694262 0.841371 0.307496 0.188009
5 0.385109 0.800758 0.272564 0.231371
2 0.86553 0.788126 0.186134 0.0933046
5 0.0529298 0.878136 0.104966 0.190579
2 0.402208 0.659617 0.102664 0.0448372
7 0.798675 0.596698 0.0934689 0.0512671
2 0.764077 0.726166 0.146757 0.0681225
2 0.0795581 0.786657 0.156262 0.0890202
2 0.161724 0.683644 0.119725 0.0565531
2 0.635497 0.585465 0.0620489 0.026035
2 0.273757 0.632033 0.0961927 0.0456894
2 0.411933 0.604637 0.0664681 0.0354239
5 0.694262 0.841371 0.307496 0.188009
5 0.385109 0.800758 0.272564 0.231371
2 0.86553 0.788126 0.186134 0.0933046
5 0.0529298 0.878136 0.104966 0.190579
2 0.402208 0.659617 0.102664 0.0448372
7 0.798675 0.596698 0.0934689 0.0512671
2 0.764077 0.726166 0.146757 0.0681225
2 0.0795581 0.786657 0.156262 0.0890202
2 0.161724 0.683644 0.119725 0.0565531
2 0.635497 0.585465 0.0620489 0.026035
2 0.273757 0.632033 0.0961927 0.0456894
2 0.411933 0.604637 0.0664681 0.0354239
5 0.694262 0.841371 0.307496 0.188009
7 0.535127 0.590758 0.0762126 0.0608103
2 0.439775 0.585408 0.0588623 0.0298216
7 0.161934 0.683663 0.120046 0.0569248
2 0.693801 0.841216 0.307745 0.1878
2 0.29947 0.60135 0.0734455 0.0366478
