2 0.89838 0.869412 0.201534 0.119052
2 0.353353 0.793817 0.172728 0.0966763
2 0.857567 0.790003 0.200902 0.0983191
2 0.0997649 0.74569 0.135594 0.0686136
2 0.52738 0.648616 0.098543 0.0468382
2 0.766632 0.734117 0.147321 0.0841631
7 0.421022 0.592703 0.0846451 0.0609915
7 0.368024 0.707557 0.121002 0.0768742
2 0.367262 0.707736 0.121856 0.0765392
2 0.592665 0.557798 0.0487591 0.0210122
2 0.348711 0.585295 0.0633653 0.0275129
2 0.170905 0.588473 0.0710784 0.0328108
7 0.277298 0.607932 0.0904299 0.050156
2 0.277541 0.607901 0.090143 0.0499207
2 0.89838 0.869412 0.201534 0.119052
2 0.353353 0.793817 0.172728 0.0966763
2 0.857567 0.790003 0.200902 0.0983191
2 0.0997649 0.74569 0.135594 0.0686136
2 0.52738 0.648616 0.098543 0.0468382
2 0.766632 0.734117 0.147321 0.0841631
7 0.421022 0.592703 0.0846451 0.0609915
7 0.368024 0.707557 0.121002 0.0768742
2 0.367262 0.707736 0.121856 0.0765392
2 0.592665 0.557798 0.0487591 0.0210122
2 0.348711 0.585295 0.0633653 0.0275129
2 0.170905 0.588473 0.0710784 0.0328108
7 0.277298 0.607932 0.0904299 0.050156
2 0.277541 0.607901 0.090143 0.0499207
2 0.89838 0.869412 0.201534 0.119052
2 0.353353 0.793817 0.172728 0.0966763
2 0.857567 0.790003 0.200902 0.0983191
2 0.0997649 0.74569 0.135594 0.0686136
2 0.52738 0.648616 0.098543 0.0468382
2 0.766632 0.734117 0.147321 0.0841631
7 0.421022 0.592703 0.0846451 0.0609915
7 0.368024 0.707557 0.121002 0.0768742
2 0.367262 0.707736 0.121856 0.0765392
2 0.592665 0.557798 0.0487591 0.0210122
2 0.348711 0.585295 0.0633653 0.0275129
2 0.170905 0.588473 0.0710784 0.0328108
7 0.277298 0.607932 0.0904299 0.050156
2 0.277541 0.607901 0.090143 0.0499207
2 0.89838 0.869412 0.201534 0.119052
2 0.353353 0.793817 0.172728 0.0966763
2 0.857567 0.790003 0.200902 0.0983191
2 0.0997649 0.74569 0.135594 0.0686136
2 0.52738 0.648616 0.098543 0.0468382
2 0.766632 0.734117 0.147321 0.0841631
7 0.421022 0.592703 0.0846451 0.0609915
7 0.368024 0.707557 0.121002 0.0768742
2 0.367262 0.707736 0.121856 0.0765392
2 0.592665 0.557798 0.0487591 0.0210122
2 0.348711 0.585295 0.0633653 0.0275129
2 0.170905 0.588473 0.0710784 0.0328108
7 0.277298 0.607932 0.0904299 0.050156
2 0.277541 0.607901 0.090143 0.0499207
2 0.89838 0.869412 0.201534 0.119052
2 0.353353 0.793817 0.172728 0.0966763
2 0.857567 0.790003 0.200902 0.0983191
2 0.0997649 0.74569 0.135594 0.0686136
2 0.52738 0.648616 0.098543 0.0468382
2 0.766632 0.734117 0.147321 0.0841631
7 0.421022 0.592703 0.0846451 0.0609915
7 0.368024 0.707557 0.121002 0.0768742
2 0.367262 0.707736 0.121856 0.0765392
2 0.592665 0.557798 0.0487591 0.0210122
2 0.348711 0.585295 0.0633653 0.0275129
2 0.170905 0.588473 0.0710784 0.0328108
7 0.277298 0.607932 0.0904299 0.050156
2 0.277541 0.607901 0.090143 0.0499207
2 0.89838 0.869412 0.201534 0.119052
2 0.353353 0.793817 0.172728 0.0966763
2 0.857567 0.790003 0.200902 0.0983191
2 0.0997649 0.74569 0.135594 0.0686136
2 0.52738 0.648616 0.098543 0.0468382
2 0.766632 0.734117 0.147321 0.0841631
7 0.421022 0.592703 0.0846451 0.0609915
7 0.368024 0.707557 0.121002 0.0768742
2 0.367262 0.707736 0.121856 0.0765392
2 0.592665 0.557798 0.0487591 0.0210122
2 0.348711 0.585295 0.0633653 0.0275129
2 0.170905 0.588473 0.0710784 0.0328108
7 0.277298 0.607932 0.0904299 0.050156
2 0.277541 0.607901 0.090143 0.0499207
2 0.89838 0.869412 0.201534 0.119052
2 0.353353 0.793817 0.172728 0.0966763
2 0.857567 0.790003 0.200902 0.0983191
2 0.0997649 0.74569 0.135594 0.0686136
2 0.52738 0.648616 0.098543 0.0468382
2 0.766632 0.734117 0.147321 0.0841631
7 0.421022 0.592703 0.0846451 0.0609915
7 0.368024 0.707557 0.121002 0.0768742
2 0.367262 0.707736 0.121856 0.0765392
2 0.592665 0.557798 0.0487591 0.0210122
2 0.348711 0.585295 0.0633653 0.0275129
2 0.170905 0.588473 0.0710784 0.0328108
7 0.277298 0.607932 0.0904299 0.050156
2 0.277541 0.607901 0.090143 0.0499207
2 0.89838 0.869412 0.201534 0.119052
2 0.353353 0.793817 0.172728 0.0966763
2 0.857567 0.790003 0.200902 0.0983191
2 0.0997649 0.74569 0.135594 0.0686136
2 0.52738 0.648616 0.098543 0.0468382
2 0.766632 0.734117 0.147321 0.0841631
7 0.421022 0.592703 0.0846451 0.0609915
7 0.368024 0.707557 0.121002 0.0768742
2 0.367262 0.707736 0.121856 0.0765392
2 0.592665 0.557798 0.0487591 0.0210122
2 0.348711 0.585295 0.0633653 0.0275129
2 0.170905 0.588473 0.0710784 0.0328108
7 0.277298 0.607932 0.0904299 0.050156
2 0.277541 0.607901 0.090143 0.0499207
2 0.89838 0.869412 0.201534 0.119052
2 0.353353 0.793817 0.172728 0.0966763
2 0.857567 0.790003 0.200902 0.0983191
2 0.0997649 0.74569 0.135594 0.0686136
2 0.52738 0.648616 0.098543 0.0468382
2 0.766632 0.734117 0.147321 0.0841631
7 0.421022 0.592703 0.0846451 0.0609915
7 0.368024 0.707557 0.121002 0.0768742
2 0.367262 0.707736 0.121856 0.0765392
2 0.592665 0.557798 0.0487591 0.0210122
2 0.348711 0.585295 0.0633653 0.0275129
2 0.170905 0.588473 0.0710784 0.0328108
7 0.277298 0.607932 0.0904299 0.050156
2 0.277541 0.607901 0.090143 0.0499207
2 0.89838 0.869412 0.201534 0.119052
2 0.353353 0.793817 0.172728 0.0966763
2 0.857567 0.790003 0.200902 0.0983191
2 0.0997649 0.74569 0.135594 0.0686136
2 0.52738 0.648616 0.098543 0.0468382
2 0.766632 0.734117 0.147321 0.0841631
7 0.421022 0.592703 0.0846451 0.0609915
7 0.368024 0.707557 0.121002 0.0768742
2 0.367262 0.707736 0.121856 0.0765392
2 0.592665 0.557798 0.0487591 0.0210122
2 0.348711 0.585295 0.0633653 0.0275129
2 0.170905 0.588473 0.0710784 0.0328108
7 0.277298 0.607932 0.0904299 0.050156
2 0.277541 0.607901 0.090143 0.0499207
2 0.89838 0.869412 0.201534 0.119052
2 0.353353 0.793817 0.172728 0.0966763
2 0.857567 0.790003 0.200902 0.0983191
2 0.0997649 0.74569 0.135594 0.0686136
2 0.52738 0.648616 0.098543 0.0468382
2 0.766632 0.734117 0.147321 0.0841631
7 0.421022 0.592703 0.0846451 0.0609915
7 0.368024 0.707557 0.121002 0.0768742
2 0.367262 0.707736 0.121856 0.0765392
2 0.592665 0.557798 0.0487591 0.0210122
2 0.348711 0.585295 0.0633653 0.0275129
2 0.170905 0.588473 0.0710784 0.0328108
7 0.277298 0.607932 0.0904299 0.050156
2 0.277541 0.607901 0.090143 0.0499207
2 0.89838 0.869412 0.201534 0.119052
2 0.353353 0.793817 0.172728 0.0966763
2 0.857567 0.790003 0.200902 0.0983191
2 0.0997649 0.74569 0.135594 0.0686136
2 0.52738 0.648616 0.098543 0.0468382
2 0.766632 0.734117 0.147321 0.0841631
7 0.421022 0.592703 0.0846451 0.0609915
7 0.368024 0.707557 0.121002 0.0768742
2 0.367262 0.707736 0.121856 0.0765392
2 0.592665 0.557798 0.0487591 0.0210122
2 0.348711 0.585295 0.0633653 0.0275129
2 0.170905 0.588473 0.0710784 0.0328108
7 0.277298 0.607932 0.0904299 0.050156
2 0.277541 0.607901 0.090143 0.0499207
2 0.89838 0.869412 0.201534 0.119052
2 0.353353 0.793817 0.172728 0.0966763
2 0.857567 0.790003 0.200902 0.0983191
2 0.0997649 0.74569 0.135594 0.0686136
2 0.52738 0.648616 0.098543 0.0468382
2 0.766632 0.734117 0.147321 0.0841631
7 0.421022 0.592703 0.0846451 0.0609915
7 0.368024 0.707557 0.121002 0.0768742
2 0.367262 0.707736 0.121856 0.0765392
2 0.592665 0.557798 0.0487591 0.0210122
2 0.348711 0.585295 0.0633653 0.0275129
2 0.170905 0.588473 0.0710784 0.0328108
7 0.277298 0.607932 0.0904299 0.050156
2 0.277541 0.607901 0.090143 0.0499207
7 0.422832 0.591732 0.0880217 0.061953
2 0.353505 0.794616 0.168785 0.097435
2 0.859267 0.787003 0.202338 0.0936573
2 0.898068 0.868715 0.203678 0.117402
2 0.527228 0.648842 0.0985699 0.0462955
2 0.10088 0.746597 0.139156 0.0706299
2 0.76332 0.734359 0.145977 0.0844845
7 0.368392 0.706677 0.126722 0.0750368
7 0.277457 0.60755 0.090844 0.0508637
2 0.171057 0.58882 0.0733744 0.0317025
7 0.422832 0.591732 0.0880217 0.061953
2 0.353505 0.794616 0.168785 0.097435
2 0.859267 0.787003 0.202338 0.0936573
2 0.898068 0.868715 0.203678 0.117402
2 0.527228 0.648842 0.0985699 0.0462955
2 0.10088 0.746597 0.139156 0.0706299
2 0.76332 0.734359 0.145977 0.0844845
7 0.368392 0.706677 0.126722 0.0750368
7 0.277457 0.60755 0.090844 0.0508637
2 0.171057 0.58882 0.0733744 0.0317025
7 0.422832 0.591732 0.0880217 0.061953
2 0.353505 0.794616 0.168785 0.097435
2 0.859267 0.787003 0.202338 0.0936573
2 0.898068 0.868715 0.203678 0.117402
2 0.527228 0.648842 0.0985699 0.0462955
2 0.10088 0.746597 0.139156 0.0706299
2 0.76332 0.734359 0.145977 0.0844845
7 0.368392 0.706677 0.126722 0.0750368
7 0.277457 0.60755 0.090844 0.0508637
2 0.171057 0.58882 0.0733744 0.0317025
7 0.422832 0.591732 0.0880217 0.061953
2 0.353505 0.794616 0.168785 0.097435
2 0.859267 0.787003 0.202338 0.0936573
2 0.898068 0.868715 0.203678 0.117402
2 0.527228 0.648842 0.0985699 0.0462955
2 0.10088 0.746597 0.139156 0.0706299
2 0.76332 0.734359 0.145977 0.0844845
7 0.368392 0.706677 0.126722 0.0750368
7 0.277457 0.60755 0.090844 0.0508637
2 0.171057 0.58882 0.0733744 0.0317025
7 0.422832 0.591732 0.0880217 0.061953
2 0.353505 0.794616 0.168785 0.097435
2 0.859267 0.787003 0.202338 0.0936573
2 0.898068 0.868715 0.203678 0.117402
2 0.527228 0.648842 0.0985699 0.0462955
2 0.10088 0.746597 0.139156 0.0706299
2 0.76332 0.734359 0.145977 0.0844845
7 0.368392 0.706677 0.126722 0.0750368
7 0.277457 0.60755 0.090844 0.0508637
2 0.171057 0.58882 0.0733744 0.0317025
7 0.422832 0.591732 0.0880217 0.061953
2 0.353505 0.794616 0.168785 0.097435
2 0.859267 0.787003 0.202338 0.0936573
2 0.898068 0.868715 0.203678 0.117402
2 0.527228 0.648842 0.0985699 0.0462955
2 0.10088 0.746597 0.139156 0.0706299
2 0.76332 0.734359 0.145977 0.0844845
7 0.368392 0.706677 0.126722 0.0750368
7 0.277457 0.60755 0.090844 0.0508637
2 0.171057 0.58882 0.0733744 0.0317025
7 0.422832 0.591732 0.0880217 0.061953
2 0.353505 0.794616 0.168785 0.097435
2 0.859267 0.787003 0.202338 0.0936573
2 0.898068 0.868715 0.203678 0.117402
2 0.527228 0.648842 0.0985699 0.0462955
2 0.10088 0.746597 0.139156 0.0706299
2 0.76332 0.734359 0.145977 0.0844845
7 0.368392 0.706677 0.126722 0.0750368
7 0.277457 0.60755 0.090844 0.0508637
2 0.171057 0.58882 0.0733744 0.0317025
7 0.422832 0.591732 0.0880217 0.061953
2 0.353505 0.794616 0.168785 0.097435
2 0.859267 0.787003 0.202338 0.0936573
2 0.898068 0.868715 0.203678 0.117402
2 0.527228 0.648842 0.0985699 0.0462955
2 0.10088 0.746597 0.139156 0.0706299
2 0.76332 0.734359 0.145977 0.0844845
7 0.368392 0.706677 0.126722 0.0750368
7 0.277457 0.60755 0.090844 0.0508637
2 0.171057 0.58882 0.0733744 0.0317025
2 0.592371 0.556299 0.0458393 0.018363
2 0.57543 0.545098 0.0389127 0.0132653
2 0.34795 0.585043 0.0631998 0.0257284
