2 0.751997 0.901733 0.260631 0.116525
2 0.856686 0.790752 0.203146 0.100512
2 0.382947 0.729972 0.133338 0.0798624
2 0.563152 0.786926 0.17368 0.0878138
2 0.106009 0.716107 0.138005 0.0696331
2 0.0474104 0.851111 0.0948208 0.100627
2 0.764 0.733272 0.147128 0.0835637
7 0.389124 0.62187 0.118162 0.0884381
2 0.275001 0.622839 0.0798445 0.0338038
7 0.582098 0.65496 0.120433 0.0824806
2 0.469199 0.597847 0.0630658 0.034441
7 0.187227 0.655225 0.127365 0.0702337
2 0.510831 0.572343 0.0561484 0.0232813
5 0.38947 0.622639 0.119226 0.0882845
2 0.163433 0.586498 0.0803445 0.0351464
5 0.583057 0.655422 0.121801 0.0820705
2 0.8463 0.576592 0.0826531 0.0274393
2 0.354401 0.582104 0.0565574 0.028192
5 0.184512 0.655437 0.123157 0.0702376
2 0.492128 0.551521 0.0479323 0.0172308
2 0.438495 0.546499 0.0398726 0.0204023
2 0.260463 0.566026 0.0562751 0.0259318
2 0.751997 0.901733 0.260631 0.116525
2 0.856686 0.790752 0.203146 0.100512
2 0.382947 0.729972 0.133338 0.0798624
2 0.563152 0.786926 0.17368 0.0878138
2 0.106009 0.716107 0.138005 0.0696331
2 0.0474104 0.851111 0.0948208 0.100627
2 0.764 0.733272 0.147128 0.0835637
7 0.389124 0.62187 0.118162 0.0884381
2 0.275001 0.622839 0.0798445 0.0338038
7 0.582098 0.65496 0.120433 0.0824806
2 0.469199 0.597847 0.0630658 0.034441
7 0.187227 0.655225 0.127365 0.0702337
2 0.510831 0.572343 0.0561484 0.0232813
5 0.38947 0.622639 0.119226 0.0882845
2 0.163433 0.586498 0.0803445 0.0351464
5 0.583057 0.655422 0.121801 0.0820705
2 0.8463 0.576592 0.0826531 0.0274393
2 0.354401 0.582104 0.0565574 0.028192
5 0.184512 0.655437 0.123157 0.0702376
2 0.492128 0.551521 0.0479323 0.0172308
2 0.438495 0.546499 0.0398726 0.0204023
2 0.260463 0.566026 0.0562751 0.0259318
2 0.751997 0.901733 0.260631 0.116525
2 0.856686 0.790752 0.203146 0.100512
2 0.382947 0.729972 0.133338 0.0798624
2 0.563152 0.786926 0.17368 0.0878138
2 0.106009 0.716107 0.138005 0.0696331
2 0.0474104 0.851111 0.0948208 0.100627
2 0.764 0.733272 0.147128 0.0835637
7 0.389124 0.62187 0.118162 0.0884381
2 0.275001 0.622839 0.0798445 0.0338038
7 0.582098 0.65496 0.120433 0.0824806
2 0.469199 0.597847 0.0630658 0.034441
7 0.187227 0.655225 0.127365 0.0702337
2 0.510831 0.572343 0.0561484 0.0232813
5 0.38947 0.622639 0.119226 0.0882845
2 0.163433 0.586498 0.0803445 0.0351464
5 0.583057 0.655422 0.121801 0.0820705
2 0.8463 0.576592 0.0826531 0.0274393
2 0.354401 0.582104 0.0565574 0.028192
5 0.184512 0.655437 0.123157 0.0702376
2 0.492128 0.551521 0.0479323 0.0172308
2 0.438495 0.546499 0.0398726 0.0204023
2 0.260463 0.566026 0.0562751 0.0259318
2 0.751997 0.901733 0.260631 0.116525
2 0.856686 0.790752 0.203146 0.100512
2 0.382947 0.729972 0.133338 0.0798624
2 0.563152 0.786926 0.17368 0.0878138
2 0.106009 0.716107 0.138005 0.0696331
2 0.0474104 0.851111 0.0948208 0.100627
2 0.764 0.733272 0.147128 0.0835637
7 0.389124 0.62187 0.118162 0.0884381
2 0.275001 0.622839 0.0798445 0.0338038
7 0.582098 0.65496 0.120433 0.0824806
2 0.469199 0.597847 0.0630658 0.034441
7 0.187227 0.655225 0.127365 0.0702337
2 0.510831 0.572343 0.0561484 0.0232813
5 0.38947 0.622639 0.119226 0.0882845
2 0.163433 0.586498 0.0803445 0.0351464
5 0.583057 0.655422 0.121801 0.0820705
2 0.8463 0.576592 0.0826531 0.0274393
2 0.354401 0.582104 0.0565574 0.028192
5 0.184512 0.655437 0.123157 0.0702376
2 0.492128 0.551521 0.0479323 0.0172308
2 0.438495 0.546499 0.0398726 0.0204023
2 0.260463 0.566026 0.0562751 0.0259318
2 0.751997 0.901733 0.260631 0.116525
2 0.856686 0.790752 0.203146 0.100512
2 0.382947 0.729972 0.133338 0.0798624
2 0.563152 0.786926 0.17368 0.0878138
2 0.106009 0.716107 0.138005 0.0696331
2 0.0474104 0.851111 0.0948208 0.100627
2 0.764 0.733272 0.147128 0.0835637
7 0.389124 0.62187 0.118162 0.0884381
2 0.275001 0.622839 0.0798445 0.0338038
7 0.582098 0.65496 0.120433 0.0824806
2 0.469199 0.597847 0.0630658 0.034441
7 0.187227 0.655225 0.127365 0.0702337
2 0.510831 0.572343 0.0561484 0.0232813
5 0.38947 0.622639 0.119226 0.0882845
2 0.163433 0.586498 0.0803445 0.0351464
5 0.583057 0.655422 0.121801 0.0820705
2 0.8463 0.576592 0.0826531 0.0274393
2 0.354401 0.582104 0.0565574 0.028192
5 0.184512 0.655437 0.123157 0.0702376
2 0.492128 0.551521 0.0479323 0.0172308
2 0.438495 0.546499 0.0398726 0.0204023
2 0.260463 0.566026 0.0562751 0.0259318
2 0.751997 0.901733 0.260631 0.116525
2 0.856686 0.790752 0.203146 0.100512
2 0.382947 0.729972 0.133338 0.0798624
2 0.563152 0.786926 0.17368 0.0878138
2 0.106009 0.716107 0.138005 0.0696331
2 0.0474104 0.851111 0.0948208 0.100627
2 0.764 0.733272 0.147128 0.0835637
7 0.389124 0.62187 0.118162 0.0884381
2 0.275001 0.622839 0.0798445 0.0338038
7 0.582098 0.65496 0.120433 0.0824806
2 0.469199 0.597847 0.0630658 0.034441
7 0.187227 0.655225 0.127365 0.0702337
2 0.510831 0.572343 0.0561484 0.0232813
5 0.38947 0.622639 0.119226 0.0882845
2 0.163433 0.586498 0.0803445 0.0351464
5 0.583057 0.655422 0.121801 0.0820705
2 0.8463 0.576592 0.0826531 0.0274393
2 0.354401 0.582104 0.0565574 0.028192
5 0.184512 0.655437 0.123157 0.0702376
2 0.492128 0.551521 0.0479323 0.0172308
2 0.438495 0.546499 0.0398726 0.0204023
2 0.260463 0.566026 0.0562751 0.0259318
2 0.751997 0.901733 0.260631 0.116525
2 0.856686 0.790752 0.203146 0.100512
2 0.382947 0.729972 0.133338 0.0798624
2 0.563152 0.786926 0.17368 0.0878138
2 0.106009 0.716107 0.138005 0.0696331
2 0.0474104 0.851111 0.0948208 0.100627
2 0.764 0.733272 0.147128 0.0835637
7 0.389124 0.62187 0.118162 0.0884381
2 0.275001 0.622839 0.0798445 0.0338038
7 0.582098 0.65496 0.120433 0.0824806
2 0.469199 0.597847 0.0630658 0.034441
7 0.187227 0.655225 0.127365 0.0702337
2 0.510831 0.572343 0.0561484 0.0232813
5 0.38947 0.622639 0.119226 0.0882845
2 0.163433 0.586498 0.0803445 0.0351464
5 0.583057 0.655422 0.121801 0.0820705
2 0.8463 0.576592 0.0826531 0.0274393
2 0.354401 0.582104 0.0565574 0.028192
5 0.184512 0.655437 0.123157 0.0702376
2 0.492128 0.551521 0.0479323 0.0172308
2 0.438495 0.546499 0.0398726 0.0204023
2 0.260463 0.566026 0.0562751 0.0259318
2 0.751997 0.901733 0.260631 0.116525
2 0.856686 0.790752 0.203146 0.100512
2 0.382947 0.729972 0.133338 0.0798624
2 0.563152 0.786926 0.17368 0.0878138
2 0.106009 0.716107 0.138005 0.0696331
2 0.0474104 0.851111 0.0948208 0.100627
2 0.764 0.733272 0.147128 0.0835637
7 0.389124 0.62187 0.118162 0.0884381
2 0.275001 0.622839 0.0798445 0.0338038
7 0.582098 0.65496 0.120433 0.0824806
2 0.469199 0.597847 0.0630658 0.034441
7 0.187227 0.655225 0.127365 0.0702337
2 0.510831 0.572343 0.0561484 0.0232813
5 0.38947 0.622639 0.119226 0.0882845
2 0.163433 0.586498 0.0803445 0.0351464
5 0.583057 0.655422 0.121801 0.0820705
2 0.8463 0.576592 0.0826531 0.0274393
2 0.354401 0.582104 0.0565574 0.028192
5 0.184512 0.655437 0.123157 0.0702376
2 0.492128 0.551521 0.0479323 0.0172308
2 0.438495 0.546499 0.0398726 0.0204023
2 0.260463 0.566026 0.0562751 0.0259318
2 0.751997 0.901733 0.260631 0.116525
2 0.856686 0.790752 0.203146 0.100512
2 0.382947 0.729972 0.133338 0.0798624
2 0.563152 0.786926 0.17368 0.0878138
2 0.106009 0.716107 0.138005 0.0696331
2 0.0474104 0.851111 0.0948208 0.100627
2 0.764 0.733272 0.147128 0.0835637
7 0.389124 0.62187 0.118162 0.0884381
2 0.275001 0.622839 0.0798445 0.0338038
7 0.582098 0.65496 0.120433 0.0824806
2 0.469199 0.597847 0.0630658 0.034441
7 0.187227 0.655225 0.127365 0.0702337
2 0.510831 0.572343 0.0561484 0.0232813
5 0.38947 0.622639 0.119226 0.0882845
2 0.163433 0.586498 0.0803445 0.0351464
5 0.583057 0.655422 0.121801 0.0820705
2 0.8463 0.576592 0.0826531 0.0274393
2 0.354401 0.582104 0.0565574 0.028192
5 0.184512 0.655437 0.123157 0.0702376
2 0.492128 0.551521 0.0479323 0.0172308
2 0.438495 0.546499 0.0398726 0.0204023
2 0.260463 0.566026 0.0562751 0.0259318
2 0.751997 0.901733 0.260631 0.116525
2 0.856686 0.790752 0.203146 0.100512
2 0.382947 0.729972 0.133338 0.0798624
2 0.563152 0.786926 0.17368 0.0878138
2 0.106009 0.716107 0.138005 0.0696331
2 0.0474104 0.851111 0.0948208 0.100627
2 0.764 0.733272 0.147128 0.0835637
7 0.389124 0.62187 0.118162 0.0884381
2 0.275001 0.622839 0.0798445 0.0338038
7 0.582098 0.65496 0.120433 0.0824806
2 0.469199 0.597847 0.0630658 0.034441
7 0.187227 0.655225 0.127365 0.0702337
2 0.510831 0.572343 0.0561484 0.0232813
5 0.38947 0.622639 0.119226 0.0882845
2 0.163433 0.586498 0.0803445 0.0351464
5 0.583057 0.655422 0.121801 0.0820705
2 0.8463 0.576592 0.0826531 0.0274393
2 0.354401 0.582104 0.0565574 0.028192
5 0.184512 0.655437 0.123157 0.0702376
2 0.492128 0.551521 0.0479323 0.0172308
2 0.438495 0.546499 0.0398726 0.0204023
2 0.260463 0.566026 0.0562751 0.0259318
2 0.751997 0.901733 0.260631 0.116525
2 0.856686 0.790752 0.203146 0.100512
2 0.382947 0.729972 0.133338 0.0798624
2 0.563152 0.786926 0.17368 0.0878138
2 0.106009 0.716107 0.138005 0.0696331
2 0.0474104 0.851111 0.0948208 0.100627
2 0.764 0.733272 0.147128 0.0835637
7 0.389124 0.62187 0.118162 0.0884381
2 0.275001 0.622839 0.0798445 0.0338038
7 0.582098 0.65496 0.120433 0.0824806
2 0.469199 0.597847 0.0630658 0.034441
7 0.187227 0.655225 0.127365 0.0702337
2 0.510831 0.572343 0.0561484 0.0232813
5 0.38947 0.622639 0.119226 0.0882845
2 0.163433 0.586498 0.0803445 0.0351464
5 0.583057 0.655422 0.121801 0.0820705
2 0.8463 0.576592 0.0826531 0.0274393
2 0.354401 0.582104 0.0565574 0.028192
5 0.184512 0.655437 0.123157 0.0702376
2 0.492128 0.551521 0.0479323 0.0172308
2 0.438495 0.546499 0.0398726 0.0204023
2 0.260463 0.566026 0.0562751 0.0259318
2 0.751997 0.901733 0.260631 0.116525
2 0.856686 0.790752 0.203146 0.100512
2 0.382947 0.729972 0.133338 0.0798624
2 0.563152 0.786926 0.17368 0.0878138
2 0.106009 0.716107 0.138005 0.0696331
2 0.0474104 0.851111 0.0948208 0.100627
2 0.764 0.733272 0.147128 0.0835637
7 0.389124 0.62187 0.118162 0.0884381
2 0.275001 0.622839 0.0798445 0.0338038
7 0.582098 0.65496 0.120433 0.0824806
2 0.469199 0.597847 0.0630658 0.034441
7 0.187227 0.655225 0.127365 0.0702337
2 0.510831 0.572343 0.0561484 0.0232813
5 0.38947 0.622639 0.119226 0.0882845
2 0.163433 0.586498 0.0803445 0.0351464
5 0.583057 0.655422 0.121801 0.0820705
2 0.8463 0.576592 0.0826531 0.0274393
2 0.354401 0.582104 0.0565574 0.028192
5 0.184512 0.655437 0.123157 0.0702376
2 0.492128 0.551521 0.0479323 0.0172308
2 0.438495 0.546499 0.0398726 0.0204023
2 0.260463 0.566026 0.0562751 0.0259318
2 0.751997 0.901733 0.260631 0.116525
2 0.856686 0.790752 0.203146 0.100512
2 0.382947 0.729972 0.133338 0.0798624
2 0.563152 0.786926 0.17368 0.0878138
2 0.106009 0.716107 0.138005 0.0696331
2 0.0474104 0.851111 0.0948208 0.100627
2 0.764 0.733272 0.147128 0.0835637
7 0.389124 0.62187 0.118162 0.0884381
2 0.275001 0.622839 0.0798445 0.0338038
7 0.582098 0.65496 0.120433 0.0824806
2 0.469199 0.597847 0.0630658 0.034441
7 0.187227 0.655225 0.127365 0.0702337
2 0.510831 0.572343 0.0561484 0.0232813
5 0.38947 0.622639 0.119226 0.0882845
2 0.163433 0.586498 0.0803445 0.0351464
5 0.583057 0.655422 0.121801 0.0820705
2 0.8463 0.576592 0.0826531 0.0274393
2 0.354401 0.582104 0.0565574 0.028192
5 0.184512 0.655437 0.123157 0.0702376
2 0.492128 0.551521 0.0479323 0.0172308
2 0.438495 0.546499 0.0398726 0.0204023
2 0.260463 0.566026 0.0562751 0.0259318
2 0.751852 0.902912 0.260435 0.117835
2 0.562361 0.788237 0.17707 0.089955
2 0.10453 0.715146 0.136888 0.0689941
2 0.0472096 0.851769 0.093572 0.100592
7 0.582636 0.655158 0.121684 0.0825403
2 0.858062 0.790146 0.203177 0.0991093
2 0.761537 0.73348 0.144483 0.0833124
7 0.18904 0.653493 0.129576 0.0719389
7 0.389758 0.621499 0.120013 0.0869041
2 0.381924 0.72983 0.139832 0.0798647
5 0.389551 0.621782 0.120022 0.0867716
2 0.277711 0.622496 0.0825613 0.0348461
5 0.188504 0.653193 0.129787 0.0722065
2 0.751852 0.902912 0.260435 0.117835
2 0.562361 0.788237 0.17707 0.089955
2 0.10453 0.715146 0.136888 0.0689941
2 0.0472096 0.851769 0.093572 0.100592
7 0.582636 0.655158 0.121684 0.0825403
2 0.858062 0.790146 0.203177 0.0991093
2 0.761537 0.73348 0.144483 0.0833124
7 0.18904 0.653493 0.129576 0.0719389
7 0.389758 0.621499 0.120013 0.0869041
2 0.381924 0.72983 0.139832 0.0798647
5 0.389551 0.621782 0.120022 0.0867716
2 0.277711 0.622496 0.0825613 0.0348461
5 0.188504 0.653193 0.129787 0.0722065
