2 0.568579 0.730506 0.134444 0.0620613
2 0.362401 0.865868 0.189158 0.105696
2 0.856348 0.789892 0.201115 0.0985113
2 0.912973 0.901232 0.173298 0.136319
2 0.0756816 0.788862 0.151363 0.0794395
2 0.0554006 0.940767 0.110801 0.117819
2 0.507535 0.672667 0.0997538 0.0502181
2 0.130201 0.696263 0.11928 0.054994
2 0.762559 0.733122 0.154417 0.0839396
2 0.485793 0.952992 0.449017 0.0932728
2 0.422167 0.633238 0.0915354 0.0482669
2 0.240974 0.628499 0.0905347 0.0434954
7 0.670503 0.616803 0.12205 0.0641322
7 0.454728 0.576107 0.085474 0.0611314
2 0.72713 0.554195 0.0561391 0.0206142
7 0.302476 0.598494 0.0809467 0.0425894
2 0.381407 0.57738 0.0571701 0.0233532
2 0.30342 0.598539 0.0817335 0.0418722
2 0.509789 0.56141 0.0417523 0.0259285
2 0.141524 0.593126 0.0620207 0.0418027
2 0.200793 0.580876 0.0604036 0.0266327
2 0.568579 0.730506 0.134444 0.0620613
2 0.362401 0.865868 0.189158 0.105696
2 0.856348 0.789892 0.201115 0.0985113
2 0.912973 0.901232 0.173298 0.136319
2 0.0756816 0.788862 0.151363 0.0794395
2 0.0554006 0.940767 0.110801 0.117819
2 0.507535 0.672667 0.0997538 0.0502181
2 0.130201 0.696263 0.11928 0.054994
2 0.762559 0.733122 0.154417 0.0839396
2 0.485793 0.952992 0.449017 0.0932728
2 0.422167 0.633238 0.0915354 0.0482669
2 0.240974 0.628499 0.0905347 0.0434954
7 0.670503 0.616803 0.12205 0.0641322
7 0.454728 0.576107 0.085474 0.0611314
2 0.72713 0.554195 0.0561391 0.0206142
7 0.302476 0.598494 0.0809467 0.0425894
2 0.381407 0.57738 0.0571701 0.0233532
2 0.30342 0.598539 0.0817335 0.0418722
2 0.509789 0.56141 0.0417523 0.0259285
2 0.141524 0.593126 0.0620207 0.0418027
2 0.200793 0.580876 0.0604036 0.0266327
2 0.568579 0.730506 0.134444 0.0620613
2 0.362401 0.865868 0.189158 0.105696
2 0.856348 0.789892 0.201115 0.0985113
2 0.912973 0.901232 0.173298 0.136319
2 0.0756816 0.788862 0.151363 0.0794395
2 0.0554006 0.940767 0.110801 0.117819
2 0.507535 0.672667 0.0997538 0.0502181
2 0.130201 0.696263 0.11928 0.054994
2 0.762559 0.733122 0.154417 0.0839396
2 0.485793 0.952992 0.449017 0.0932728
2 0.422167 0.633238 0.0915354 0.0482669
2 0.240974 0.628499 0.0905347 0.0434954
7 0.670503 0.616803 0.12205 0.0641322
7 0.454728 0.576107 0.085474 0.0611314
2 0.72713 0.554195 0.0561391 0.0206142
7 0.302476 0.598494 0.0809467 0.0425894
2 0.381407 0.57738 0.0571701 0.0233532
2 0.30342 0.598539 0.0817335 0.0418722
2 0.509789 0.56141 0.0417523 0.0259285
2 0.141524 0.593126 0.0620207 0.0418027
2 0.200793 0.580876 0.0604036 0.0266327
2 0.568579 0.730506 0.134444 0.0620613
2 0.362401 0.865868 0.189158 0.105696
2 0.856348 0.789892 0.201115 0.0985113
2 0.912973 0.901232 0.173298 0.136319
2 0.0756816 0.788862 0.151363 0.0794395
2 0.0554006 0.940767 0.110801 0.117819
2 0.507535 0.672667 0.0997538 0.0502181
2 0.130201 0.696263 0.11928 0.054994
2 0.762559 0.733122 0.154417 0.0839396
2 0.485793 0.952992 0.449017 0.0932728
2 0.422167 0.633238 0.0915354 0.0482669
2 0.240974 0.628499 0.0905347 0.0434954
7 0.670503 0.616803 0.12205 0.0641322
7 0.454728 0.576107 0.085474 0.0611314
2 0.72713 0.554195 0.0561391 0.0206142
7 0.302476 0.598494 0.0809467 0.0425894
2 0.381407 0.57738 0.0571701 0.0233532
2 0.30342 0.598539 0.0817335 0.0418722
2 0.509789 0.56141 0.0417523 0.0259285
2 0.141524 0.593126 0.0620207 0.0418027
2 0.200793 0.580876 0.0604036 0.0266327
