5 0.399145 0.824762 0.28352 0.254084
2 0.3926 0.669114 0.108312 0.0453245
2 0.868624 0.791852 0.191226 0.0960872
2 0.765465 0.730321 0.144643 0.0762627
2 0.404765 0.612082 0.0701281 0.0359182
7 0.0477342 0.901288 0.0943437 0.197073
2 0.623009 0.592368 0.0644329 0.0273116
7 0.735336 0.870567 0.342718 0.205994
2 0.149136 0.693187 0.124222 0.0606246
5 0.531201 0.603505 0.0807971 0.0546007
2 0.254205 0.640564 0.101446 0.0462082
5 0.0477375 0.901119 0.0950703 0.196638
2 0.433583 0.589993 0.0652777 0.0290005
7 0.790954 0.601357 0.0990858 0.0545652
2 0.284924 0.607059 0.0766783 0.0401521
7 0.149603 0.692931 0.125327 0.0609566
2 0.0746751 0.805721 0.14935 0.0978104
7 0.530849 0.603897 0.0808112 0.0553338
2 0.664771 0.564845 0.0574346 0.0236385
7 0.0748411 0.807641 0.149682 0.10202
5 0.399145 0.824762 0.28352 0.254084
2 0.3926 0.669114 0.108312 0.0453245
2 0.868624 0.791852 0.191226 0.0960872
2 0.765465 0.730321 0.144643 0.0762627
2 0.404765 0.612082 0.0701281 0.0359182
7 0.0477342 0.901288 0.0943437 0.197073
2 0.623009 0.592368 0.0644329 0.0273116
7 0.735336 0.870567 0.342718 0.205994
2 0.149136 0.693187 0.124222 0.0606246
5 0.531201 0.603505 0.0807971 0.0546007
2 0.254205 0.640564 0.101446 0.0462082
5 0.0477375 0.901119 0.0950703 0.196638
2 0.433583 0.589993 0.0652777 0.0290005
7 0.790954 0.601357 0.0990858 0.0545652
2 0.284924 0.607059 0.0766783 0.0401521
7 0.149603 0.692931 0.125327 0.0609566
2 0.0746751 0.805721 0.14935 0.0978104
7 0.530849 0.603897 0.0808112 0.0553338
2 0.664771 0.564845 0.0574346 0.0236385
7 0.0748411 0.807641 0.149682 0.10202
5 0.399145 0.824762 0.28352 0.254084
2 0.3926 0.669114 0.108312 0.0453245
2 0.868624 0.791852 0.191226 0.0960872
2 0.765465 0.730321 0.144643 0.0762627
2 0.404765 0.612082 0.0701281 0.0359182
7 0.0477342 0.901288 0.0943437 0.197073
2 0.623009 0.592368 0.0644329 0.0273116
7 0.735336 0.870567 0.342718 0.205994
2 0.149136 0.693187 0.124222 0.0606246
5 0.531201 0.603505 0.0807971 0.0546007
2 0.254205 0.640564 0.101446 0.0462082
5 0.0477375 0.901119 0.0950703 0.196638
2 0.433583 0.589993 0.0652777 0.0290005
7 0.790954 0.601357 0.0990858 0.0545652
2 0.284924 0.607059 0.0766783 0.0401521
7 0.149603 0.692931 0.125327 0.0609566
2 0.0746751 0.805721 0.14935 0.0978104
7 0.530849 0.603897 0.0808112 0.0553338
2 0.664771 0.564845 0.0574346 0.0236385
7 0.0748411 0.807641 0.149682 0.10202
5 0.399145 0.824762 0.28352 0.254084
2 0.3926 0.669114 0.108312 0.0453245
2 0.868624 0.791852 0.191226 0.0960872
2 0.765465 0.730321 0.144643 0.0762627
2 0.404765 0.612082 0.0701281 0.0359182
7 0.0477342 0.901288 0.0943437 0.197073
2 0.623009 0.592368 0.0644329 0.0273116
7 0.735336 0.870567 0.342718 0.205994
2 0.149136 0.693187 0.124222 0.0606246
5 0.531201 0.603505 0.0807971 0.0546007
2 0.254205 0.640564 0.101446 0.0462082
5 0.0477375 0.901119 0.0950703 0.196638
2 0.433583 0.589993 0.0652777 0.0290005
7 0.790954 0.601357 0.0990858 0.0545652
2 0.284924 0.607059 0.0766783 0.0401521
7 0.149603 0.692931 0.125327 0.0609566
2 0.0746751 0.805721 0.14935 0.0978104
7 0.530849 0.603897 0.0808112 0.0553338
2 0.664771 0.564845 0.0574346 0.0236385
7 0.0748411 0.807641 0.149682 0.10202
5 0.399145 0.824762 0.28352 0.254084
2 0.3926 0.669114 0.108312 0.0453245
2 0.868624 0.791852 0.191226 0.0960872
2 0.765465 0.730321 0.144643 0.0762627
2 0.404765 0.612082 0.0701281 0.0359182
7 0.0477342 0.901288 0.0943437 0.197073
2 0.623009 0.592368 0.0644329 0.0273116
7 0.735336 0.870567 0.342718 0.205994
2 0.149136 0.693187 0.124222 0.0606246
5 0.531201 0.603505 0.0807971 0.0546007
2 0.254205 0.640564 0.101446 0.0462082
5 0.0477375 0.901119 0.0950703 0.196638
2 0.433583 0.589993 0.0652777 0.0290005
7 0.790954 0.601357 0.0990858 0.0545652
2 0.284924 0.607059 0.0766783 0.0401521
7 0.149603 0.692931 0.125327 0.0609566
2 0.0746751 0.805721 0.14935 0.0978104
7 0.530849 0.603897 0.0808112 0.0553338
2 0.664771 0.564845 0.0574346 0.0236385
7 0.0748411 0.807641 0.149682 0.10202
5 0.399145 0.824762 0.28352 0.254084
2 0.3926 0.669114 0.108312 0.0453245
2 0.868624 0.791852 0.191226 0.0960872
2 0.765465 0.730321 0.144643 0.0762627
2 0.404765 0.612082 0.0701281 0.0359182
7 0.0477342 0.901288 0.0943437 0.197073
2 0.623009 0.592368 0.0644329 0.0273116
7 0.735336 0.870567 0.342718 0.205994
2 0.149136 0.693187 0.124222 0.0606246
5 0.531201 0.603505 0.0807971 0.0546007
2 0.254205 0.640564 0.101446 0.0462082
5 0.0477375 0.901119 0.0950703 0.196638
2 0.433583 0.589993 0.0652777 0.0290005
7 0.790954 0.601357 0.0990858 0.0545652
2 0.284924 0.607059 0.0766783 0.0401521
7 0.149603 0.692931 0.125327 0.0609566
2 0.0746751 0.805721 0.14935 0.0978104
7 0.530849 0.603897 0.0808112 0.0553338
2 0.664771 0.564845 0.0574346 0.0236385
7 0.0748411 0.807641 0.149682 0.10202
