7 0.58603 0.750859 0.206253 0.133834
7 0.0773237 0.788483 0.154132 0.140273
2 0.85689 0.789884 0.201202 0.0996316
2 0.439972 0.62759 0.0853627 0.0371366
2 0.468972 0.959514 0.288898 0.0800348
2 0.358679 0.601522 0.0769524 0.0343013
2 0.441921 0.583096 0.0580614 0.0283281
2 0.219053 0.646817 0.100206 0.04747
2 0.128335 0.720207 0.126119 0.0646934
2 0.673951 0.563882 0.0491718 0.0220525
2 0.0304651 0.95832 0.0609303 0.0822048
5 0.368113 0.731035 0.194768 0.168835
2 0.767035 0.731852 0.144656 0.0809656
7 0.76726 0.731763 0.144488 0.0811741
7 0.368428 0.731051 0.195034 0.168712
7 0.559406 0.571062 0.0626519 0.0376495
2 0.467871 0.568305 0.0468067 0.0244865
7 0.844967 0.583654 0.0792504 0.0460005
2 0.847838 0.583441 0.084572 0.0459456
2 0.185207 0.58123 0.0615041 0.0317547
2 0.69076 0.542538 0.0387434 0.0188847
2 0.241141 0.569076 0.0451911 0.0211477
0 0.135044 0.607324 0.0295307 0.0405088
7 0.58603 0.750859 0.206253 0.133834
7 0.0773237 0.788483 0.154132 0.140273
2 0.85689 0.789884 0.201202 0.0996316
2 0.439972 0.62759 0.0853627 0.0371366
2 0.468972 0.959514 0.288898 0.0800348
2 0.358679 0.601522 0.0769524 0.0343013
2 0.441921 0.583096 0.0580614 0.0283281
2 0.219053 0.646817 0.100206 0.04747
2 0.128335 0.720207 0.126119 0.0646934
2 0.673951 0.563882 0.0491718 0.0220525
2 0.0304651 0.95832 0.0609303 0.0822048
5 0.368113 0.731035 0.194768 0.168835
2 0.767035 0.731852 0.144656 0.0809656
7 0.76726 0.731763 0.144488 0.0811741
7 0.368428 0.731051 0.195034 0.168712
7 0.559406 0.571062 0.0626519 0.0376495
2 0.467871 0.568305 0.0468067 0.0244865
7 0.844967 0.583654 0.0792504 0.0460005
2 0.847838 0.583441 0.084572 0.0459456
2 0.185207 0.58123 0.0615041 0.0317547
2 0.69076 0.542538 0.0387434 0.0188847
2 0.241141 0.569076 0.0451911 0.0211477
0 0.135044 0.607324 0.0295307 0.0405088
7 0.58603 0.750859 0.206253 0.133834
7 0.0773237 0.788483 0.154132 0.140273
2 0.85689 0.789884 0.201202 0.0996316
2 0.439972 0.62759 0.0853627 0.0371366
2 0.468972 0.959514 0.288898 0.0800348
2 0.358679 0.601522 0.0769524 0.0343013
2 0.441921 0.583096 0.0580614 0.0283281
2 0.219053 0.646817 0.100206 0.04747
2 0.128335 0.720207 0.126119 0.0646934
2 0.673951 0.563882 0.0491718 0.0220525
2 0.0304651 0.95832 0.0609303 0.0822048
5 0.368113 0.731035 0.194768 0.168835
2 0.767035 0.731852 0.144656 0.0809656
7 0.76726 0.731763 0.144488 0.0811741
7 0.368428 0.731051 0.195034 0.168712
7 0.559406 0.571062 0.0626519 0.0376495
2 0.467871 0.568305 0.0468067 0.0244865
7 0.844967 0.583654 0.0792504 0.0460005
2 0.847838 0.583441 0.084572 0.0459456
2 0.185207 0.58123 0.0615041 0.0317547
2 0.69076 0.542538 0.0387434 0.0188847
2 0.241141 0.569076 0.0451911 0.0211477
0 0.135044 0.607324 0.0295307 0.0405088
7 0.58603 0.750859 0.206253 0.133834
7 0.0773237 0.788483 0.154132 0.140273
2 0.85689 0.789884 0.201202 0.0996316
2 0.439972 0.62759 0.0853627 0.0371366
2 0.468972 0.959514 0.288898 0.0800348
2 0.358679 0.601522 0.0769524 0.0343013
2 0.441921 0.583096 0.0580614 0.0283281
2 0.219053 0.646817 0.100206 0.04747
2 0.128335 0.720207 0.126119 0.0646934
2 0.673951 0.563882 0.0491718 0.0220525
2 0.0304651 0.95832 0.0609303 0.0822048
5 0.368113 0.731035 0.194768 0.168835
2 0.767035 0.731852 0.144656 0.0809656
7 0.76726 0.731763 0.144488 0.0811741
7 0.368428 0.731051 0.195034 0.168712
7 0.559406 0.571062 0.0626519 0.0376495
2 0.467871 0.568305 0.0468067 0.0244865
7 0.844967 0.583654 0.0792504 0.0460005
2 0.847838 0.583441 0.084572 0.0459456
2 0.185207 0.58123 0.0615041 0.0317547
2 0.69076 0.542538 0.0387434 0.0188847
2 0.241141 0.569076 0.0451911 0.0211477
0 0.135044 0.607324 0.0295307 0.0405088
7 0.58603 0.750859 0.206253 0.133834
7 0.0773237 0.788483 0.154132 0.140273
2 0.85689 0.789884 0.201202 0.0996316
2 0.439972 0.62759 0.0853627 0.0371366
2 0.468972 0.959514 0.288898 0.0800348
2 0.358679 0.601522 0.0769524 0.0343013
2 0.441921 0.583096 0.0580614 0.0283281
2 0.219053 0.646817 0.100206 0.04747
2 0.128335 0.720207 0.126119 0.0646934
2 0.673951 0.563882 0.0491718 0.0220525
2 0.0304651 0.95832 0.0609303 0.0822048
5 0.368113 0.731035 0.194768 0.168835
2 0.767035 0.731852 0.144656 0.0809656
7 0.76726 0.731763 0.144488 0.0811741
7 0.368428 0.731051 0.195034 0.168712
7 0.559406 0.571062 0.0626519 0.0376495
2 0.467871 0.568305 0.0468067 0.0244865
7 0.844967 0.583654 0.0792504 0.0460005
2 0.847838 0.583441 0.084572 0.0459456
2 0.185207 0.58123 0.0615041 0.0317547
2 0.69076 0.542538 0.0387434 0.0188847
2 0.241141 0.569076 0.0451911 0.0211477
0 0.135044 0.607324 0.0295307 0.0405088
7 0.58603 0.750859 0.206253 0.133834
7 0.0773237 0.788483 0.154132 0.140273
2 0.85689 0.789884 0.201202 0.0996316
2 0.439972 0.62759 0.0853627 0.0371366
2 0.468972 0.959514 0.288898 0.0800348
2 0.358679 0.601522 0.0769524 0.0343013
2 0.441921 0.583096 0.0580614 0.0283281
2 0.219053 0.646817 0.100206 0.04747
2 0.128335 0.720207 0.126119 0.0646934
2 0.673951 0.563882 0.0491718 0.0220525
2 0.0304651 0.95832 0.0609303 0.0822048
5 0.368113 0.731035 0.194768 0.168835
2 0.767035 0.731852 0.144656 0.0809656
7 0.76726 0.731763 0.144488 0.0811741
7 0.368428 0.731051 0.195034 0.168712
7 0.559406 0.571062 0.0626519 0.0376495
2 0.467871 0.568305 0.0468067 0.0244865
7 0.844967 0.583654 0.0792504 0.0460005
2 0.847838 0.583441 0.084572 0.0459456
2 0.185207 0.58123 0.0615041 0.0317547
2 0.69076 0.542538 0.0387434 0.0188847
2 0.241141 0.569076 0.0451911 0.0211477
0 0.135044 0.607324 0.0295307 0.0405088
