2 0.55746 0.715944 0.128324 0.0587822
2 0.086386 0.764054 0.159879 0.0741377
2 0.906322 0.886564 0.185738 0.125697
2 0.855365 0.790412 0.203088 0.100087
2 0.061703 0.903935 0.123406 0.136169
2 0.35745 0.825145 0.174247 0.0807549
2 0.151846 0.681587 0.113066 0.0520262
2 0.431812 0.623677 0.0851623 0.0461852
2 0.504896 0.661737 0.0937554 0.0476418
2 0.259901 0.619388 0.084703 0.0388217
2 0.763886 0.733605 0.155006 0.0847029
7 0.461582 0.570894 0.0843762 0.0562011
7 0.687776 0.612641 0.12092 0.062641
2 0.713114 0.551314 0.0556046 0.0215183
7 0.477901 0.926586 0.472781 0.14541
5 0.461146 0.570542 0.0821555 0.0561621
5 0.479895 0.926796 0.46833 0.145618
2 0.688707 0.6123 0.120145 0.0611949
7 0.322202 0.588588 0.0843995 0.0480915
5 0.322046 0.588464 0.0849424 0.0485394
2 0.859855 0.579841 0.0753566 0.0311
2 0.513431 0.557755 0.0381319 0.0230071
2 0.177521 0.586202 0.0719772 0.0266141
2 0.55746 0.715944 0.128324 0.0587822
2 0.086386 0.764054 0.159879 0.0741377
2 0.906322 0.886564 0.185738 0.125697
2 0.855365 0.790412 0.203088 0.100087
2 0.061703 0.903935 0.123406 0.136169
2 0.35745 0.825145 0.174247 0.0807549
2 0.151846 0.681587 0.113066 0.0520262
2 0.431812 0.623677 0.0851623 0.0461852
2 0.504896 0.661737 0.0937554 0.0476418
2 0.259901 0.619388 0.084703 0.0388217
2 0.763886 0.733605 0.155006 0.0847029
7 0.461582 0.570894 0.0843762 0.0562011
7 0.687776 0.612641 0.12092 0.062641
2 0.713114 0.551314 0.0556046 0.0215183
7 0.477901 0.926586 0.472781 0.14541
5 0.461146 0.570542 0.0821555 0.0561621
5 0.479895 0.926796 0.46833 0.145618
2 0.688707 0.6123 0.120145 0.0611949
7 0.322202 0.588588 0.0843995 0.0480915
5 0.322046 0.588464 0.0849424 0.0485394
2 0.859855 0.579841 0.0753566 0.0311
2 0.513431 0.557755 0.0381319 0.0230071
2 0.177521 0.586202 0.0719772 0.0266141
2 0.55746 0.715944 0.128324 0.0587822
2 0.086386 0.764054 0.159879 0.0741377
2 0.906322 0.886564 0.185738 0.125697
2 0.855365 0.790412 0.203088 0.100087
2 0.061703 0.903935 0.123406 0.136169
2 0.35745 0.825145 0.174247 0.0807549
2 0.151846 0.681587 0.113066 0.0520262
2 0.431812 0.623677 0.0851623 0.0461852
2 0.504896 0.661737 0.0937554 0.0476418
2 0.259901 0.619388 0.084703 0.0388217
2 0.763886 0.733605 0.155006 0.0847029
7 0.461582 0.570894 0.0843762 0.0562011
7 0.687776 0.612641 0.12092 0.062641
2 0.713114 0.551314 0.0556046 0.0215183
7 0.477901 0.926586 0.472781 0.14541
5 0.461146 0.570542 0.0821555 0.0561621
5 0.479895 0.926796 0.46833 0.145618
2 0.688707 0.6123 0.120145 0.0611949
7 0.322202 0.588588 0.0843995 0.0480915
5 0.322046 0.588464 0.0849424 0.0485394
2 0.859855 0.579841 0.0753566 0.0311
2 0.513431 0.557755 0.0381319 0.0230071
2 0.177521 0.586202 0.0719772 0.0266141
2 0.55746 0.715944 0.128324 0.0587822
2 0.086386 0.764054 0.159879 0.0741377
2 0.906322 0.886564 0.185738 0.125697
2 0.855365 0.790412 0.203088 0.100087
2 0.061703 0.903935 0.123406 0.136169
2 0.35745 0.825145 0.174247 0.0807549
2 0.151846 0.681587 0.113066 0.0520262
2 0.431812 0.623677 0.0851623 0.0461852
2 0.504896 0.661737 0.0937554 0.0476418
2 0.259901 0.619388 0.084703 0.0388217
2 0.763886 0.733605 0.155006 0.0847029
7 0.461582 0.570894 0.0843762 0.0562011
7 0.687776 0.612641 0.12092 0.062641
2 0.713114 0.551314 0.0556046 0.0215183
7 0.477901 0.926586 0.472781 0.14541
5 0.461146 0.570542 0.0821555 0.0561621
5 0.479895 0.926796 0.46833 0.145618
2 0.688707 0.6123 0.120145 0.0611949
7 0.322202 0.588588 0.0843995 0.0480915
5 0.322046 0.588464 0.0849424 0.0485394
2 0.859855 0.579841 0.0753566 0.0311
2 0.513431 0.557755 0.0381319 0.0230071
2 0.177521 0.586202 0.0719772 0.0266141
2 0.55746 0.715944 0.128324 0.0587822
2 0.086386 0.764054 0.159879 0.0741377
2 0.906322 0.886564 0.185738 0.125697
2 0.855365 0.790412 0.203088 0.100087
2 0.061703 0.903935 0.123406 0.136169
2 0.35745 0.825145 0.174247 0.0807549
2 0.151846 0.681587 0.113066 0.0520262
2 0.431812 0.623677 0.0851623 0.0461852
2 0.504896 0.661737 0.0937554 0.0476418
2 0.259901 0.619388 0.084703 0.0388217
2 0.763886 0.733605 0.155006 0.0847029
7 0.461582 0.570894 0.0843762 0.0562011
7 0.687776 0.612641 0.12092 0.062641
2 0.713114 0.551314 0.0556046 0.0215183
7 0.477901 0.926586 0.472781 0.14541
5 0.461146 0.570542 0.0821555 0.0561621
5 0.479895 0.926796 0.46833 0.145618
2 0.688707 0.6123 0.120145 0.0611949
7 0.322202 0.588588 0.0843995 0.0480915
5 0.322046 0.588464 0.0849424 0.0485394
2 0.859855 0.579841 0.0753566 0.0311
2 0.513431 0.557755 0.0381319 0.0230071
2 0.177521 0.586202 0.0719772 0.0266141
2 0.55746 0.715944 0.128324 0.0587822
2 0.086386 0.764054 0.159879 0.0741377
2 0.906322 0.886564 0.185738 0.125697
2 0.855365 0.790412 0.203088 0.100087
2 0.061703 0.903935 0.123406 0.136169
2 0.35745 0.825145 0.174247 0.0807549
2 0.151846 0.681587 0.113066 0.0520262
2 0.431812 0.623677 0.0851623 0.0461852
2 0.504896 0.661737 0.0937554 0.0476418
2 0.259901 0.619388 0.084703 0.0388217
2 0.763886 0.733605 0.155006 0.0847029
7 0.461582 0.570894 0.0843762 0.0562011
7 0.687776 0.612641 0.12092 0.062641
2 0.713114 0.551314 0.0556046 0.0215183
7 0.477901 0.926586 0.472781 0.14541
5 0.461146 0.570542 0.0821555 0.0561621
5 0.479895 0.926796 0.46833 0.145618
2 0.688707 0.6123 0.120145 0.0611949
7 0.322202 0.588588 0.0843995 0.0480915
5 0.322046 0.588464 0.0849424 0.0485394
2 0.859855 0.579841 0.0753566 0.0311
2 0.513431 0.557755 0.0381319 0.0230071
2 0.177521 0.586202 0.0719772 0.0266141
2 0.55746 0.715944 0.128324 0.0587822
2 0.086386 0.764054 0.159879 0.0741377
2 0.906322 0.886564 0.185738 0.125697
2 0.855365 0.790412 0.203088 0.100087
2 0.061703 0.903935 0.123406 0.136169
2 0.35745 0.825145 0.174247 0.0807549
2 0.151846 0.681587 0.113066 0.0520262
2 0.431812 0.623677 0.0851623 0.0461852
2 0.504896 0.661737 0.0937554 0.0476418
2 0.259901 0.619388 0.084703 0.0388217
2 0.763886 0.733605 0.155006 0.0847029
7 0.461582 0.570894 0.0843762 0.0562011
7 0.687776 0.612641 0.12092 0.062641
2 0.713114 0.551314 0.0556046 0.0215183
7 0.477901 0.926586 0.472781 0.14541
5 0.461146 0.570542 0.0821555 0.0561621
5 0.479895 0.926796 0.46833 0.145618
2 0.688707 0.6123 0.120145 0.0611949
7 0.322202 0.588588 0.0843995 0.0480915
5 0.322046 0.588464 0.0849424 0.0485394
2 0.859855 0.579841 0.0753566 0.0311
2 0.513431 0.557755 0.0381319 0.0230071
2 0.177521 0.586202 0.0719772 0.0266141
2 0.55746 0.715944 0.128324 0.0587822
2 0.086386 0.764054 0.159879 0.0741377
2 0.906322 0.886564 0.185738 0.125697
2 0.855365 0.790412 0.203088 0.100087
2 0.061703 0.903935 0.123406 0.136169
2 0.35745 0.825145 0.174247 0.0807549
2 0.151846 0.681587 0.113066 0.0520262
2 0.431812 0.623677 0.0851623 0.0461852
2 0.504896 0.661737 0.0937554 0.0476418
2 0.259901 0.619388 0.084703 0.0388217
2 0.763886 0.733605 0.155006 0.0847029
7 0.461582 0.570894 0.0843762 0.0562011
7 0.687776 0.612641 0.12092 0.062641
2 0.713114 0.551314 0.0556046 0.0215183
7 0.477901 0.926586 0.472781 0.14541
5 0.461146 0.570542 0.0821555 0.0561621
5 0.479895 0.926796 0.46833 0.145618
2 0.688707 0.6123 0.120145 0.0611949
7 0.322202 0.588588 0.0843995 0.0480915
5 0.322046 0.588464 0.0849424 0.0485394
2 0.859855 0.579841 0.0753566 0.0311
2 0.513431 0.557755 0.0381319 0.0230071
2 0.177521 0.586202 0.0719772 0.0266141
2 0.55746 0.715944 0.128324 0.0587822
2 0.086386 0.764054 0.159879 0.0741377
2 0.906322 0.886564 0.185738 0.125697
2 0.855365 0.790412 0.203088 0.100087
2 0.061703 0.903935 0.123406 0.136169
2 0.35745 0.825145 0.174247 0.0807549
2 0.151846 0.681587 0.113066 0.0520262
2 0.431812 0.623677 0.0851623 0.0461852
2 0.504896 0.661737 0.0937554 0.0476418
2 0.259901 0.619388 0.084703 0.0388217
2 0.763886 0.733605 0.155006 0.0847029
7 0.461582 0.570894 0.0843762 0.0562011
7 0.687776 0.612641 0.12092 0.062641
2 0.713114 0.551314 0.0556046 0.0215183
7 0.477901 0.926586 0.472781 0.14541
5 0.461146 0.570542 0.0821555 0.0561621
5 0.479895 0.926796 0.46833 0.145618
2 0.688707 0.6123 0.120145 0.0611949
7 0.322202 0.588588 0.0843995 0.0480915
5 0.322046 0.588464 0.0849424 0.0485394
2 0.859855 0.579841 0.0753566 0.0311
2 0.513431 0.557755 0.0381319 0.0230071
2 0.177521 0.586202 0.0719772 0.0266141
2 0.55746 0.715944 0.128324 0.0587822
2 0.086386 0.764054 0.159879 0.0741377
2 0.906322 0.886564 0.185738 0.125697
2 0.855365 0.790412 0.203088 0.100087
2 0.061703 0.903935 0.123406 0.136169
2 0.35745 0.825145 0.174247 0.0807549
2 0.151846 0.681587 0.113066 0.0520262
2 0.431812 0.623677 0.0851623 0.0461852
2 0.504896 0.661737 0.0937554 0.0476418
2 0.259901 0.619388 0.084703 0.0388217
2 0.763886 0.733605 0.155006 0.0847029
7 0.461582 0.570894 0.0843762 0.0562011
7 0.687776 0.612641 0.12092 0.062641
2 0.713114 0.551314 0.0556046 0.0215183
7 0.477901 0.926586 0.472781 0.14541
5 0.461146 0.570542 0.0821555 0.0561621
5 0.479895 0.926796 0.46833 0.145618
2 0.688707 0.6123 0.120145 0.0611949
7 0.322202 0.588588 0.0843995 0.0480915
5 0.322046 0.588464 0.0849424 0.0485394
2 0.859855 0.579841 0.0753566 0.0311
2 0.513431 0.557755 0.0381319 0.0230071
2 0.177521 0.586202 0.0719772 0.0266141
2 0.55746 0.715944 0.128324 0.0587822
2 0.086386 0.764054 0.159879 0.0741377
2 0.906322 0.886564 0.185738 0.125697
2 0.855365 0.790412 0.203088 0.100087
2 0.061703 0.903935 0.123406 0.136169
2 0.35745 0.825145 0.174247 0.0807549
2 0.151846 0.681587 0.113066 0.0520262
2 0.431812 0.623677 0.0851623 0.0461852
2 0.504896 0.661737 0.0937554 0.0476418
2 0.259901 0.619388 0.084703 0.0388217
2 0.763886 0.733605 0.155006 0.0847029
7 0.461582 0.570894 0.0843762 0.0562011
7 0.687776 0.612641 0.12092 0.062641
2 0.713114 0.551314 0.0556046 0.0215183
7 0.477901 0.926586 0.472781 0.14541
5 0.461146 0.570542 0.0821555 0.0561621
5 0.479895 0.926796 0.46833 0.145618
2 0.688707 0.6123 0.120145 0.0611949
7 0.322202 0.588588 0.0843995 0.0480915
5 0.322046 0.588464 0.0849424 0.0485394
2 0.859855 0.579841 0.0753566 0.0311
2 0.513431 0.557755 0.0381319 0.0230071
2 0.177521 0.586202 0.0719772 0.0266141
2 0.55746 0.715944 0.128324 0.0587822
2 0.086386 0.764054 0.159879 0.0741377
2 0.906322 0.886564 0.185738 0.125697
2 0.855365 0.790412 0.203088 0.100087
2 0.061703 0.903935 0.123406 0.136169
2 0.35745 0.825145 0.174247 0.0807549
2 0.151846 0.681587 0.113066 0.0520262
2 0.431812 0.623677 0.0851623 0.0461852
2 0.504896 0.661737 0.0937554 0.0476418
2 0.259901 0.619388 0.084703 0.0388217
2 0.763886 0.733605 0.155006 0.0847029
7 0.461582 0.570894 0.0843762 0.0562011
7 0.687776 0.612641 0.12092 0.062641
2 0.713114 0.551314 0.0556046 0.0215183
7 0.477901 0.926586 0.472781 0.14541
5 0.461146 0.570542 0.0821555 0.0561621
5 0.479895 0.926796 0.46833 0.145618
2 0.688707 0.6123 0.120145 0.0611949
7 0.322202 0.588588 0.0843995 0.0480915
5 0.322046 0.588464 0.0849424 0.0485394
2 0.859855 0.579841 0.0753566 0.0311
2 0.513431 0.557755 0.0381319 0.0230071
2 0.177521 0.586202 0.0719772 0.0266141
2 0.55746 0.715944 0.128324 0.0587822
2 0.086386 0.764054 0.159879 0.0741377
2 0.906322 0.886564 0.185738 0.125697
2 0.855365 0.790412 0.203088 0.100087
2 0.061703 0.903935 0.123406 0.136169
2 0.35745 0.825145 0.174247 0.0807549
2 0.151846 0.681587 0.113066 0.0520262
2 0.431812 0.623677 0.0851623 0.0461852
2 0.504896 0.661737 0.0937554 0.0476418
2 0.259901 0.619388 0.084703 0.0388217
2 0.763886 0.733605 0.155006 0.0847029
7 0.461582 0.570894 0.0843762 0.0562011
7 0.687776 0.612641 0.12092 0.062641
2 0.713114 0.551314 0.0556046 0.0215183
7 0.477901 0.926586 0.472781 0.14541
5 0.461146 0.570542 0.0821555 0.0561621
5 0.479895 0.926796 0.46833 0.145618
2 0.688707 0.6123 0.120145 0.0611949
7 0.322202 0.588588 0.0843995 0.0480915
5 0.322046 0.588464 0.0849424 0.0485394
2 0.859855 0.579841 0.0753566 0.0311
2 0.513431 0.557755 0.0381319 0.0230071
2 0.177521 0.586202 0.0719772 0.0266141
2 0.0613479 0.905656 0.122097 0.138825
2 0.0861134 0.763557 0.158393 0.0742552
2 0.556179 0.717317 0.12637 0.0596498
2 0.905912 0.887304 0.186982 0.128042
2 0.152768 0.680167 0.112371 0.0487637
2 0.503625 0.661765 0.0957225 0.0482903
2 0.357115 0.823956 0.173673 0.0832066
2 0.761976 0.733697 0.148392 0.0843304
2 0.857023 0.789909 0.200772 0.0988628
2 0.432055 0.622773 0.0855391 0.0449081
7 0.322851 0.588646 0.084627 0.0464031
2 0.259749 0.619939 0.0846863 0.0386292
5 0.47714 0.926832 0.473868 0.145402
7 0.462025 0.569725 0.0834228 0.0565796
7 0.68728 0.611778 0.120197 0.0614702
2 0.0613479 0.905656 0.122097 0.138825
2 0.0861134 0.763557 0.158393 0.0742552
2 0.556179 0.717317 0.12637 0.0596498
2 0.905912 0.887304 0.186982 0.128042
2 0.152768 0.680167 0.112371 0.0487637
2 0.503625 0.661765 0.0957225 0.0482903
2 0.357115 0.823956 0.173673 0.0832066
2 0.761976 0.733697 0.148392 0.0843304
2 0.857023 0.789909 0.200772 0.0988628
2 0.432055 0.622773 0.0855391 0.0449081
7 0.322851 0.588646 0.084627 0.0464031
2 0.259749 0.619939 0.0846863 0.0386292
5 0.47714 0.926832 0.473868 0.145402
7 0.462025 0.569725 0.0834228 0.0565796
7 0.68728 0.611778 0.120197 0.0614702
2 0.0613479 0.905656 0.122097 0.138825
2 0.0861134 0.763557 0.158393 0.0742552
2 0.556179 0.717317 0.12637 0.0596498
2 0.905912 0.887304 0.186982 0.128042
2 0.152768 0.680167 0.112371 0.0487637
2 0.503625 0.661765 0.0957225 0.0482903
2 0.357115 0.823956 0.173673 0.0832066
2 0.761976 0.733697 0.148392 0.0843304
2 0.857023 0.789909 0.200772 0.0988628
2 0.432055 0.622773 0.0855391 0.0449081
7 0.322851 0.588646 0.084627 0.0464031
2 0.259749 0.619939 0.0846863 0.0386292
5 0.47714 0.926832 0.473868 0.145402
7 0.462025 0.569725 0.0834228 0.0565796
7 0.68728 0.611778 0.120197 0.0614702
