2 0.898123 0.870001 0.202056 0.119744
2 0.349044 0.758338 0.151286 0.0803052
2 0.857206 0.790206 0.198385 0.098568
2 0.130819 0.712034 0.122744 0.0607382
2 0.548329 0.63662 0.0946381 0.0435147
7 0.42734 0.586496 0.0807668 0.0582579
2 0.764145 0.735082 0.147505 0.0851859
2 0.296288 0.600233 0.0848312 0.0484818
2 0.373971 0.68544 0.116555 0.066931
2 0.150679 0.594091 0.0685341 0.0324145
2 0.0332182 0.586037 0.0598222 0.0339136
2 0.593967 0.552619 0.0429638 0.0169167
2 0.361259 0.579763 0.056392 0.0268673
2 0.898123 0.870001 0.202056 0.119744
2 0.349044 0.758338 0.151286 0.0803052
2 0.857206 0.790206 0.198385 0.098568
2 0.130819 0.712034 0.122744 0.0607382
2 0.548329 0.63662 0.0946381 0.0435147
7 0.42734 0.586496 0.0807668 0.0582579
2 0.764145 0.735082 0.147505 0.0851859
2 0.296288 0.600233 0.0848312 0.0484818
2 0.373971 0.68544 0.116555 0.066931
2 0.150679 0.594091 0.0685341 0.0324145
2 0.0332182 0.586037 0.0598222 0.0339136
2 0.593967 0.552619 0.0429638 0.0169167
2 0.361259 0.579763 0.056392 0.0268673
2 0.898123 0.870001 0.202056 0.119744
2 0.349044 0.758338 0.151286 0.0803052
2 0.857206 0.790206 0.198385 0.098568
2 0.130819 0.712034 0.122744 0.0607382
2 0.548329 0.63662 0.0946381 0.0435147
7 0.42734 0.586496 0.0807668 0.0582579
2 0.764145 0.735082 0.147505 0.0851859
2 0.296288 0.600233 0.0848312 0.0484818
2 0.373971 0.68544 0.116555 0.066931
2 0.150679 0.594091 0.0685341 0.0324145
2 0.0332182 0.586037 0.0598222 0.0339136
2 0.593967 0.552619 0.0429638 0.0169167
2 0.361259 0.579763 0.056392 0.0268673
2 0.898123 0.870001 0.202056 0.119744
2 0.349044 0.758338 0.151286 0.0803052
2 0.857206 0.790206 0.198385 0.098568
2 0.130819 0.712034 0.122744 0.0607382
2 0.548329 0.63662 0.0946381 0.0435147
7 0.42734 0.586496 0.0807668 0.0582579
2 0.764145 0.735082 0.147505 0.0851859
2 0.296288 0.600233 0.0848312 0.0484818
2 0.373971 0.68544 0.116555 0.066931
2 0.150679 0.594091 0.0685341 0.0324145
2 0.0332182 0.586037 0.0598222 0.0339136
2 0.593967 0.552619 0.0429638 0.0169167
2 0.361259 0.579763 0.056392 0.0268673
2 0.898123 0.870001 0.202056 0.119744
2 0.349044 0.758338 0.151286 0.0803052
2 0.857206 0.790206 0.198385 0.098568
2 0.130819 0.712034 0.122744 0.0607382
2 0.548329 0.63662 0.0946381 0.0435147
7 0.42734 0.586496 0.0807668 0.0582579
2 0.764145 0.735082 0.147505 0.0851859
2 0.296288 0.600233 0.0848312 0.0484818
2 0.373971 0.68544 0.116555 0.066931
2 0.150679 0.594091 0.0685341 0.0324145
2 0.0332182 0.586037 0.0598222 0.0339136
2 0.593967 0.552619 0.0429638 0.0169167
2 0.361259 0.579763 0.056392 0.0268673
2 0.898123 0.870001 0.202056 0.119744
2 0.349044 0.758338 0.151286 0.0803052
2 0.857206 0.790206 0.198385 0.098568
2 0.130819 0.712034 0.122744 0.0607382
2 0.548329 0.63662 0.0946381 0.0435147
7 0.42734 0.586496 0.0807668 0.0582579
2 0.764145 0.735082 0.147505 0.0851859
2 0.296288 0.600233 0.0848312 0.0484818
2 0.373971 0.68544 0.116555 0.066931
2 0.150679 0.594091 0.0685341 0.0324145
2 0.0332182 0.586037 0.0598222 0.0339136
2 0.593967 0.552619 0.0429638 0.0169167
2 0.361259 0.579763 0.056392 0.0268673
2 0.898123 0.870001 0.202056 0.119744
2 0.349044 0.758338 0.151286 0.0803052
2 0.857206 0.790206 0.198385 0.098568
2 0.130819 0.712034 0.122744 0.0607382
2 0.548329 0.63662 0.0946381 0.0435147
7 0.42734 0.586496 0.0807668 0.0582579
2 0.764145 0.735082 0.147505 0.0851859
2 0.296288 0.600233 0.0848312 0.0484818
2 0.373971 0.68544 0.116555 0.066931
2 0.150679 0.594091 0.0685341 0.0324145
2 0.0332182 0.586037 0.0598222 0.0339136
2 0.593967 0.552619 0.0429638 0.0169167
2 0.361259 0.579763 0.056392 0.0268673
2 0.898123 0.870001 0.202056 0.119744
2 0.349044 0.758338 0.151286 0.0803052
2 0.857206 0.790206 0.198385 0.098568
2 0.130819 0.712034 0.122744 0.0607382
2 0.548329 0.63662 0.0946381 0.0435147
7 0.42734 0.586496 0.0807668 0.0582579
2 0.764145 0.735082 0.147505 0.0851859
2 0.296288 0.600233 0.0848312 0.0484818
2 0.373971 0.68544 0.116555 0.066931
2 0.150679 0.594091 0.0685341 0.0324145
2 0.0332182 0.586037 0.0598222 0.0339136
2 0.593967 0.552619 0.0429638 0.0169167
2 0.361259 0.579763 0.056392 0.0268673
2 0.898123 0.870001 0.202056 0.119744
2 0.349044 0.758338 0.151286 0.0803052
2 0.857206 0.790206 0.198385 0.098568
2 0.130819 0.712034 0.122744 0.0607382
2 0.548329 0.63662 0.0946381 0.0435147
7 0.42734 0.586496 0.0807668 0.0582579
2 0.764145 0.735082 0.147505 0.0851859
2 0.296288 0.600233 0.0848312 0.0484818
2 0.373971 0.68544 0.116555 0.066931
2 0.150679 0.594091 0.0685341 0.0324145
2 0.0332182 0.586037 0.0598222 0.0339136
2 0.593967 0.552619 0.0429638 0.0169167
2 0.361259 0.579763 0.056392 0.0268673
2 0.898123 0.870001 0.202056 0.119744
2 0.349044 0.758338 0.151286 0.0803052
2 0.857206 0.790206 0.198385 0.098568
2 0.130819 0.712034 0.122744 0.0607382
2 0.548329 0.63662 0.0946381 0.0435147
7 0.42734 0.586496 0.0807668 0.0582579
2 0.764145 0.735082 0.147505 0.0851859
2 0.296288 0.600233 0.0848312 0.0484818
2 0.373971 0.68544 0.116555 0.066931
2 0.150679 0.594091 0.0685341 0.0324145
2 0.0332182 0.586037 0.0598222 0.0339136
2 0.593967 0.552619 0.0429638 0.0169167
2 0.361259 0.579763 0.056392 0.0268673
2 0.898123 0.870001 0.202056 0.119744
2 0.349044 0.758338 0.151286 0.0803052
2 0.857206 0.790206 0.198385 0.098568
2 0.130819 0.712034 0.122744 0.0607382
2 0.548329 0.63662 0.0946381 0.0435147
7 0.42734 0.586496 0.0807668 0.0582579
2 0.764145 0.735082 0.147505 0.0851859
2 0.296288 0.600233 0.0848312 0.0484818
2 0.373971 0.68544 0.116555 0.066931
2 0.150679 0.594091 0.0685341 0.0324145
2 0.0332182 0.586037 0.0598222 0.0339136
2 0.593967 0.552619 0.0429638 0.0169167
2 0.361259 0.579763 0.056392 0.0268673
2 0.898123 0.870001 0.202056 0.119744
2 0.349044 0.758338 0.151286 0.0803052
2 0.857206 0.790206 0.198385 0.098568
2 0.130819 0.712034 0.122744 0.0607382
2 0.548329 0.63662 0.0946381 0.0435147
7 0.42734 0.586496 0.0807668 0.0582579
2 0.764145 0.735082 0.147505 0.0851859
2 0.296288 0.600233 0.0848312 0.0484818
2 0.373971 0.68544 0.116555 0.066931
2 0.150679 0.594091 0.0685341 0.0324145
2 0.0332182 0.586037 0.0598222 0.0339136
2 0.593967 0.552619 0.0429638 0.0169167
2 0.361259 0.579763 0.056392 0.0268673
2 0.898123 0.870001 0.202056 0.119744
2 0.349044 0.758338 0.151286 0.0803052
2 0.857206 0.790206 0.198385 0.098568
2 0.130819 0.712034 0.122744 0.0607382
2 0.548329 0.63662 0.0946381 0.0435147
7 0.42734 0.586496 0.0807668 0.0582579
2 0.764145 0.735082 0.147505 0.0851859
2 0.296288 0.600233 0.0848312 0.0484818
2 0.373971 0.68544 0.116555 0.066931
2 0.150679 0.594091 0.0685341 0.0324145
2 0.0332182 0.586037 0.0598222 0.0339136
2 0.593967 0.552619 0.0429638 0.0169167
2 0.361259 0.579763 0.056392 0.0268673
2 0.349567 0.758708 0.151693 0.081085
2 0.13004 0.712424 0.120511 0.0591028
2 0.547979 0.636936 0.0943776 0.0438681
2 0.859316 0.787278 0.201479 0.0936876
2 0.898104 0.868998 0.203791 0.118554
7 0.427152 0.587991 0.0827501 0.0568413
2 0.761944 0.734935 0.146414 0.0851587
2 0.150757 0.594219 0.0675633 0.0328432
7 0.373721 0.685275 0.116952 0.0662567
2 0.296108 0.600005 0.0835597 0.0466294
2 0.594172 0.552755 0.0422567 0.0176916
2 0.361236 0.580541 0.0559711 0.0248667
2 0.349567 0.758708 0.151693 0.081085
2 0.13004 0.712424 0.120511 0.0591028
2 0.547979 0.636936 0.0943776 0.0438681
2 0.859316 0.787278 0.201479 0.0936876
2 0.898104 0.868998 0.203791 0.118554
7 0.427152 0.587991 0.0827501 0.0568413
2 0.761944 0.734935 0.146414 0.0851587
2 0.150757 0.594219 0.0675633 0.0328432
7 0.373721 0.685275 0.116952 0.0662567
2 0.296108 0.600005 0.0835597 0.0466294
2 0.594172 0.552755 0.0422567 0.0176916
2 0.361236 0.580541 0.0559711 0.0248667
