2 0.898742 0.869588 0.200523 0.119089
2 0.856852 0.789861 0.198269 0.0977345
2 0.433412 0.633027 0.096745 0.0448765
2 0.462903 0.596116 0.078997 0.0366745
2 0.65274 0.579872 0.0595413 0.0272113
2 0.298171 0.601039 0.0651639 0.029764
2 0.447688 0.992072 0.256638 0.0151047
2 0.421662 0.778573 0.16074 0.0861364
2 0.766395 0.734995 0.151684 0.0856115
2 0.151788 0.591521 0.0648508 0.0374537
2 0.397939 0.560889 0.0527245 0.0263189
2 0.27061 0.562793 0.0474336 0.0244022
2 0.19627 0.575052 0.0539389 0.0279064
7 0.474143 0.558164 0.0630598 0.0415977
2 0.222974 0.559115 0.0493687 0.0196703
2 0.473243 0.559538 0.0633525 0.0394941
2 0.314536 0.558139 0.0395902 0.0193503
2 0.898742 0.869588 0.200523 0.119089
2 0.856852 0.789861 0.198269 0.0977345
2 0.433412 0.633027 0.096745 0.0448765
2 0.462903 0.596116 0.078997 0.0366745
2 0.65274 0.579872 0.0595413 0.0272113
2 0.298171 0.601039 0.0651639 0.029764
2 0.447688 0.992072 0.256638 0.0151047
2 0.421662 0.778573 0.16074 0.0861364
2 0.766395 0.734995 0.151684 0.0856115
2 0.151788 0.591521 0.0648508 0.0374537
2 0.397939 0.560889 0.0527245 0.0263189
2 0.27061 0.562793 0.0474336 0.0244022
2 0.19627 0.575052 0.0539389 0.0279064
7 0.474143 0.558164 0.0630598 0.0415977
2 0.222974 0.559115 0.0493687 0.0196703
2 0.473243 0.559538 0.0633525 0.0394941
2 0.314536 0.558139 0.0395902 0.0193503
2 0.898742 0.869588 0.200523 0.119089
2 0.856852 0.789861 0.198269 0.0977345
2 0.433412 0.633027 0.096745 0.0448765
2 0.462903 0.596116 0.078997 0.0366745
2 0.65274 0.579872 0.0595413 0.0272113
2 0.298171 0.601039 0.0651639 0.029764
2 0.447688 0.992072 0.256638 0.0151047
2 0.421662 0.778573 0.16074 0.0861364
2 0.766395 0.734995 0.151684 0.0856115
2 0.151788 0.591521 0.0648508 0.0374537
2 0.397939 0.560889 0.0527245 0.0263189
2 0.27061 0.562793 0.0474336 0.0244022
2 0.19627 0.575052 0.0539389 0.0279064
7 0.474143 0.558164 0.0630598 0.0415977
2 0.222974 0.559115 0.0493687 0.0196703
2 0.473243 0.559538 0.0633525 0.0394941
2 0.314536 0.558139 0.0395902 0.0193503
2 0.898742 0.869588 0.200523 0.119089
2 0.856852 0.789861 0.198269 0.0977345
2 0.433412 0.633027 0.096745 0.0448765
2 0.462903 0.596116 0.078997 0.0366745
2 0.65274 0.579872 0.0595413 0.0272113
2 0.298171 0.601039 0.0651639 0.029764
2 0.447688 0.992072 0.256638 0.0151047
2 0.421662 0.778573 0.16074 0.0861364
2 0.766395 0.734995 0.151684 0.0856115
2 0.151788 0.591521 0.0648508 0.0374537
2 0.397939 0.560889 0.0527245 0.0263189
2 0.27061 0.562793 0.0474336 0.0244022
2 0.19627 0.575052 0.0539389 0.0279064
7 0.474143 0.558164 0.0630598 0.0415977
2 0.222974 0.559115 0.0493687 0.0196703
2 0.473243 0.559538 0.0633525 0.0394941
2 0.314536 0.558139 0.0395902 0.0193503
2 0.898742 0.869588 0.200523 0.119089
2 0.856852 0.789861 0.198269 0.0977345
2 0.433412 0.633027 0.096745 0.0448765
2 0.462903 0.596116 0.078997 0.0366745
2 0.65274 0.579872 0.0595413 0.0272113
2 0.298171 0.601039 0.0651639 0.029764
2 0.447688 0.992072 0.256638 0.0151047
2 0.421662 0.778573 0.16074 0.0861364
2 0.766395 0.734995 0.151684 0.0856115
2 0.151788 0.591521 0.0648508 0.0374537
2 0.397939 0.560889 0.0527245 0.0263189
2 0.27061 0.562793 0.0474336 0.0244022
2 0.19627 0.575052 0.0539389 0.0279064
7 0.474143 0.558164 0.0630598 0.0415977
2 0.222974 0.559115 0.0493687 0.0196703
2 0.473243 0.559538 0.0633525 0.0394941
2 0.314536 0.558139 0.0395902 0.0193503
2 0.898742 0.869588 0.200523 0.119089
2 0.856852 0.789861 0.198269 0.0977345
2 0.433412 0.633027 0.096745 0.0448765
2 0.462903 0.596116 0.078997 0.0366745
2 0.65274 0.579872 0.0595413 0.0272113
2 0.298171 0.601039 0.0651639 0.029764
2 0.447688 0.992072 0.256638 0.0151047
2 0.421662 0.778573 0.16074 0.0861364
2 0.766395 0.734995 0.151684 0.0856115
2 0.151788 0.591521 0.0648508 0.0374537
2 0.397939 0.560889 0.0527245 0.0263189
2 0.27061 0.562793 0.0474336 0.0244022
2 0.19627 0.575052 0.0539389 0.0279064
7 0.474143 0.558164 0.0630598 0.0415977
2 0.222974 0.559115 0.0493687 0.0196703
2 0.473243 0.559538 0.0633525 0.0394941
2 0.314536 0.558139 0.0395902 0.0193503
