5 0.359182 0.663934 0.14141 0.118742
2 0.682853 0.897764 0.26235 0.13448
2 0.855415 0.791026 0.20219 0.100851
2 0.061539 0.80674 0.122663 0.0976498
2 0.205037 0.657567 0.0989402 0.0421893
2 0.761303 0.733344 0.155429 0.0813335
5 0.118949 0.703477 0.151056 0.0960459
2 0.480835 0.593155 0.0660174 0.027166
2 0.398443 0.821015 0.191925 0.113787
7 0.563148 0.686754 0.134308 0.0973689
2 0.153131 0.591311 0.0671884 0.0295385
2 0.442266 0.627979 0.0538482 0.0421943
2 0.296667 0.606955 0.0748669 0.0333378
2 0.586882 0.545626 0.0458822 0.0220346
2 0.232464 0.568386 0.06486 0.0284423
2 0.438507 0.573865 0.0528912 0.0260845
2 0.699937 0.540572 0.0386868 0.0216076
2 0.486477 0.55895 0.0469984 0.0210146
2 0.30266 0.555991 0.0496673 0.0232933
5 0.359182 0.663934 0.14141 0.118742
2 0.682853 0.897764 0.26235 0.13448
2 0.855415 0.791026 0.20219 0.100851
2 0.061539 0.80674 0.122663 0.0976498
2 0.205037 0.657567 0.0989402 0.0421893
2 0.761303 0.733344 0.155429 0.0813335
5 0.118949 0.703477 0.151056 0.0960459
2 0.480835 0.593155 0.0660174 0.027166
2 0.398443 0.821015 0.191925 0.113787
7 0.563148 0.686754 0.134308 0.0973689
2 0.153131 0.591311 0.0671884 0.0295385
2 0.442266 0.627979 0.0538482 0.0421943
2 0.296667 0.606955 0.0748669 0.0333378
2 0.586882 0.545626 0.0458822 0.0220346
2 0.232464 0.568386 0.06486 0.0284423
2 0.438507 0.573865 0.0528912 0.0260845
2 0.699937 0.540572 0.0386868 0.0216076
2 0.486477 0.55895 0.0469984 0.0210146
2 0.30266 0.555991 0.0496673 0.0232933
5 0.359182 0.663934 0.14141 0.118742
2 0.682853 0.897764 0.26235 0.13448
2 0.855415 0.791026 0.20219 0.100851
2 0.061539 0.80674 0.122663 0.0976498
2 0.205037 0.657567 0.0989402 0.0421893
2 0.761303 0.733344 0.155429 0.0813335
5 0.118949 0.703477 0.151056 0.0960459
2 0.480835 0.593155 0.0660174 0.027166
2 0.398443 0.821015 0.191925 0.113787
7 0.563148 0.686754 0.134308 0.0973689
2 0.153131 0.591311 0.0671884 0.0295385
2 0.442266 0.627979 0.0538482 0.0421943
2 0.296667 0.606955 0.0748669 0.0333378
2 0.586882 0.545626 0.0458822 0.0220346
2 0.232464 0.568386 0.06486 0.0284423
2 0.438507 0.573865 0.0528912 0.0260845
2 0.699937 0.540572 0.0386868 0.0216076
2 0.486477 0.55895 0.0469984 0.0210146
2 0.30266 0.555991 0.0496673 0.0232933
5 0.359182 0.663934 0.14141 0.118742
2 0.682853 0.897764 0.26235 0.13448
2 0.855415 0.791026 0.20219 0.100851
2 0.061539 0.80674 0.122663 0.0976498
2 0.205037 0.657567 0.0989402 0.0421893
2 0.761303 0.733344 0.155429 0.0813335
5 0.118949 0.703477 0.151056 0.0960459
2 0.480835 0.593155 0.0660174 0.027166
2 0.398443 0.821015 0.191925 0.113787
7 0.563148 0.686754 0.134308 0.0973689
2 0.153131 0.591311 0.0671884 0.0295385
2 0.442266 0.627979 0.0538482 0.0421943
2 0.296667 0.606955 0.0748669 0.0333378
2 0.586882 0.545626 0.0458822 0.0220346
2 0.232464 0.568386 0.06486 0.0284423
2 0.438507 0.573865 0.0528912 0.0260845
2 0.699937 0.540572 0.0386868 0.0216076
2 0.486477 0.55895 0.0469984 0.0210146
2 0.30266 0.555991 0.0496673 0.0232933
5 0.359182 0.663934 0.14141 0.118742
2 0.682853 0.897764 0.26235 0.13448
2 0.855415 0.791026 0.20219 0.100851
2 0.061539 0.80674 0.122663 0.0976498
2 0.205037 0.657567 0.0989402 0.0421893
2 0.761303 0.733344 0.155429 0.0813335
5 0.118949 0.703477 0.151056 0.0960459
2 0.480835 0.593155 0.0660174 0.027166
2 0.398443 0.821015 0.191925 0.113787
7 0.563148 0.686754 0.134308 0.0973689
2 0.153131 0.591311 0.0671884 0.0295385
2 0.442266 0.627979 0.0538482 0.0421943
2 0.296667 0.606955 0.0748669 0.0333378
2 0.586882 0.545626 0.0458822 0.0220346
2 0.232464 0.568386 0.06486 0.0284423
2 0.438507 0.573865 0.0528912 0.0260845
2 0.699937 0.540572 0.0386868 0.0216076
2 0.486477 0.55895 0.0469984 0.0210146
2 0.30266 0.555991 0.0496673 0.0232933
5 0.359182 0.663934 0.14141 0.118742
2 0.682853 0.897764 0.26235 0.13448
2 0.855415 0.791026 0.20219 0.100851
2 0.061539 0.80674 0.122663 0.0976498
2 0.205037 0.657567 0.0989402 0.0421893
2 0.761303 0.733344 0.155429 0.0813335
5 0.118949 0.703477 0.151056 0.0960459
2 0.480835 0.593155 0.0660174 0.027166
2 0.398443 0.821015 0.191925 0.113787
7 0.563148 0.686754 0.134308 0.0973689
2 0.153131 0.591311 0.0671884 0.0295385
2 0.442266 0.627979 0.0538482 0.0421943
2 0.296667 0.606955 0.0748669 0.0333378
2 0.586882 0.545626 0.0458822 0.0220346
2 0.232464 0.568386 0.06486 0.0284423
2 0.438507 0.573865 0.0528912 0.0260845
2 0.699937 0.540572 0.0386868 0.0216076
2 0.486477 0.55895 0.0469984 0.0210146
2 0.30266 0.555991 0.0496673 0.0232933
