2 0.670397 0.836694 0.208291 0.0954319
2 0.530902 0.746752 0.145905 0.0725431
2 0.141199 0.684264 0.118793 0.0607702
2 0.0495741 0.95792 0.0991482 0.0834282
2 0.856669 0.790976 0.199397 0.101177
2 0.0638006 0.796278 0.127601 0.0819843
2 0.764324 0.733086 0.149805 0.0834486
2 0.385653 0.696435 0.117589 0.0666906
2 0.310763 0.60713 0.0716852 0.0310345
2 0.806275 0.571215 0.0699873 0.0266329
7 0.412342 0.606066 0.112145 0.0778864
5 0.412845 0.606014 0.111279 0.0775637
5 0.225128 0.632854 0.118068 0.0628344
5 0.604666 0.643676 0.126111 0.0759461
2 0.2294 0.572344 0.0653698 0.0301023
2 0.481588 0.584135 0.0634481 0.032529
2 0.517892 0.562911 0.0522483 0.0214442
7 0.605208 0.643444 0.125545 0.0756569
2 0.273954 0.563939 0.0502819 0.0226749
2 0.670397 0.836694 0.208291 0.0954319
2 0.530902 0.746752 0.145905 0.0725431
2 0.141199 0.684264 0.118793 0.0607702
2 0.0495741 0.95792 0.0991482 0.0834282
2 0.856669 0.790976 0.199397 0.101177
2 0.0638006 0.796278 0.127601 0.0819843
2 0.764324 0.733086 0.149805 0.0834486
2 0.385653 0.696435 0.117589 0.0666906
2 0.310763 0.60713 0.0716852 0.0310345
2 0.806275 0.571215 0.0699873 0.0266329
7 0.412342 0.606066 0.112145 0.0778864
5 0.412845 0.606014 0.111279 0.0775637
5 0.225128 0.632854 0.118068 0.0628344
5 0.604666 0.643676 0.126111 0.0759461
2 0.2294 0.572344 0.0653698 0.0301023
2 0.481588 0.584135 0.0634481 0.032529
2 0.517892 0.562911 0.0522483 0.0214442
7 0.605208 0.643444 0.125545 0.0756569
2 0.273954 0.563939 0.0502819 0.0226749
2 0.670397 0.836694 0.208291 0.0954319
2 0.530902 0.746752 0.145905 0.0725431
2 0.141199 0.684264 0.118793 0.0607702
2 0.0495741 0.95792 0.0991482 0.0834282
2 0.856669 0.790976 0.199397 0.101177
2 0.0638006 0.796278 0.127601 0.0819843
2 0.764324 0.733086 0.149805 0.0834486
2 0.385653 0.696435 0.117589 0.0666906
2 0.310763 0.60713 0.0716852 0.0310345
2 0.806275 0.571215 0.0699873 0.0266329
7 0.412342 0.606066 0.112145 0.0778864
5 0.412845 0.606014 0.111279 0.0775637
5 0.225128 0.632854 0.118068 0.0628344
5 0.604666 0.643676 0.126111 0.0759461
2 0.2294 0.572344 0.0653698 0.0301023
2 0.481588 0.584135 0.0634481 0.032529
2 0.517892 0.562911 0.0522483 0.0214442
7 0.605208 0.643444 0.125545 0.0756569
2 0.273954 0.563939 0.0502819 0.0226749
2 0.670397 0.836694 0.208291 0.0954319
2 0.530902 0.746752 0.145905 0.0725431
2 0.141199 0.684264 0.118793 0.0607702
2 0.0495741 0.95792 0.0991482 0.0834282
2 0.856669 0.790976 0.199397 0.101177
2 0.0638006 0.796278 0.127601 0.0819843
2 0.764324 0.733086 0.149805 0.0834486
2 0.385653 0.696435 0.117589 0.0666906
2 0.310763 0.60713 0.0716852 0.0310345
2 0.806275 0.571215 0.0699873 0.0266329
7 0.412342 0.606066 0.112145 0.0778864
5 0.412845 0.606014 0.111279 0.0775637
5 0.225128 0.632854 0.118068 0.0628344
5 0.604666 0.643676 0.126111 0.0759461
2 0.2294 0.572344 0.0653698 0.0301023
2 0.481588 0.584135 0.0634481 0.032529
2 0.517892 0.562911 0.0522483 0.0214442
7 0.605208 0.643444 0.125545 0.0756569
2 0.273954 0.563939 0.0502819 0.0226749
