7 0.658765 0.812864 0.282648 0.166184
7 0.0591915 0.850805 0.118383 0.175125
5 0.376914 0.779994 0.251925 0.209842
2 0.175154 0.67313 0.114047 0.0545816
2 0.859606 0.788241 0.194991 0.096117
2 0.410872 0.651217 0.0983658 0.045882
2 0.418932 0.600038 0.0632798 0.0317768
2 0.294887 0.624956 0.094369 0.0410737
2 0.646194 0.579802 0.057537 0.0245499
2 0.0890865 0.76696 0.149674 0.0768059
2 0.765203 0.721152 0.149643 0.0607822
2 0.808832 0.594369 0.0934718 0.049205
2 0.680262 0.554562 0.0465146 0.0223337
2 0.185178 0.587385 0.0754908 0.0333313
7 0.54144 0.589163 0.0768473 0.0485792
2 0.447561 0.580566 0.0608785 0.0281532
2 0.0290847 0.588313 0.0581695 0.0268232
2 0.541449 0.589457 0.0760495 0.047872
2 0.312328 0.595718 0.0704476 0.0369037
7 0.312472 0.595281 0.0703733 0.0363764
7 0.658765 0.812864 0.282648 0.166184
7 0.0591915 0.850805 0.118383 0.175125
5 0.376914 0.779994 0.251925 0.209842
2 0.175154 0.67313 0.114047 0.0545816
2 0.859606 0.788241 0.194991 0.096117
2 0.410872 0.651217 0.0983658 0.045882
2 0.418932 0.600038 0.0632798 0.0317768
2 0.294887 0.624956 0.094369 0.0410737
2 0.646194 0.579802 0.057537 0.0245499
2 0.0890865 0.76696 0.149674 0.0768059
2 0.765203 0.721152 0.149643 0.0607822
2 0.808832 0.594369 0.0934718 0.049205
2 0.680262 0.554562 0.0465146 0.0223337
2 0.185178 0.587385 0.0754908 0.0333313
7 0.54144 0.589163 0.0768473 0.0485792
2 0.447561 0.580566 0.0608785 0.0281532
2 0.0290847 0.588313 0.0581695 0.0268232
2 0.541449 0.589457 0.0760495 0.047872
2 0.312328 0.595718 0.0704476 0.0369037
7 0.312472 0.595281 0.0703733 0.0363764
7 0.658765 0.812864 0.282648 0.166184
7 0.0591915 0.850805 0.118383 0.175125
5 0.376914 0.779994 0.251925 0.209842
2 0.175154 0.67313 0.114047 0.0545816
2 0.859606 0.788241 0.194991 0.096117
2 0.410872 0.651217 0.0983658 0.045882
2 0.418932 0.600038 0.0632798 0.0317768
2 0.294887 0.624956 0.094369 0.0410737
2 0.646194 0.579802 0.057537 0.0245499
2 0.0890865 0.76696 0.149674 0.0768059
2 0.765203 0.721152 0.149643 0.0607822
2 0.808832 0.594369 0.0934718 0.049205
2 0.680262 0.554562 0.0465146 0.0223337
2 0.185178 0.587385 0.0754908 0.0333313
7 0.54144 0.589163 0.0768473 0.0485792
2 0.447561 0.580566 0.0608785 0.0281532
2 0.0290847 0.588313 0.0581695 0.0268232
2 0.541449 0.589457 0.0760495 0.047872
2 0.312328 0.595718 0.0704476 0.0369037
7 0.312472 0.595281 0.0703733 0.0363764
7 0.658765 0.812864 0.282648 0.166184
7 0.0591915 0.850805 0.118383 0.175125
5 0.376914 0.779994 0.251925 0.209842
2 0.175154 0.67313 0.114047 0.0545816
2 0.859606 0.788241 0.194991 0.096117
2 0.410872 0.651217 0.0983658 0.045882
2 0.418932 0.600038 0.0632798 0.0317768
2 0.294887 0.624956 0.094369 0.0410737
2 0.646194 0.579802 0.057537 0.0245499
2 0.0890865 0.76696 0.149674 0.0768059
2 0.765203 0.721152 0.149643 0.0607822
2 0.808832 0.594369 0.0934718 0.049205
2 0.680262 0.554562 0.0465146 0.0223337
2 0.185178 0.587385 0.0754908 0.0333313
7 0.54144 0.589163 0.0768473 0.0485792
2 0.447561 0.580566 0.0608785 0.0281532
2 0.0290847 0.588313 0.0581695 0.0268232
2 0.541449 0.589457 0.0760495 0.047872
2 0.312328 0.595718 0.0704476 0.0369037
7 0.312472 0.595281 0.0703733 0.0363764
7 0.658765 0.812864 0.282648 0.166184
7 0.0591915 0.850805 0.118383 0.175125
5 0.376914 0.779994 0.251925 0.209842
2 0.175154 0.67313 0.114047 0.0545816
2 0.859606 0.788241 0.194991 0.096117
2 0.410872 0.651217 0.0983658 0.045882
2 0.418932 0.600038 0.0632798 0.0317768
2 0.294887 0.624956 0.094369 0.0410737
2 0.646194 0.579802 0.057537 0.0245499
2 0.0890865 0.76696 0.149674 0.0768059
2 0.765203 0.721152 0.149643 0.0607822
2 0.808832 0.594369 0.0934718 0.049205
2 0.680262 0.554562 0.0465146 0.0223337
2 0.185178 0.587385 0.0754908 0.0333313
7 0.54144 0.589163 0.0768473 0.0485792
2 0.447561 0.580566 0.0608785 0.0281532
2 0.0290847 0.588313 0.0581695 0.0268232
2 0.541449 0.589457 0.0760495 0.047872
2 0.312328 0.595718 0.0704476 0.0369037
7 0.312472 0.595281 0.0703733 0.0363764
7 0.658765 0.812864 0.282648 0.166184
7 0.0591915 0.850805 0.118383 0.175125
5 0.376914 0.779994 0.251925 0.209842
2 0.175154 0.67313 0.114047 0.0545816
2 0.859606 0.788241 0.194991 0.096117
2 0.410872 0.651217 0.0983658 0.045882
2 0.418932 0.600038 0.0632798 0.0317768
2 0.294887 0.624956 0.094369 0.0410737
2 0.646194 0.579802 0.057537 0.0245499
2 0.0890865 0.76696 0.149674 0.0768059
2 0.765203 0.721152 0.149643 0.0607822
2 0.808832 0.594369 0.0934718 0.049205
2 0.680262 0.554562 0.0465146 0.0223337
2 0.185178 0.587385 0.0754908 0.0333313
7 0.54144 0.589163 0.0768473 0.0485792
2 0.447561 0.580566 0.0608785 0.0281532
2 0.0290847 0.588313 0.0581695 0.0268232
2 0.541449 0.589457 0.0760495 0.047872
2 0.312328 0.595718 0.0704476 0.0369037
7 0.312472 0.595281 0.0703733 0.0363764
7 0.658765 0.812864 0.282648 0.166184
7 0.0591915 0.850805 0.118383 0.175125
5 0.376914 0.779994 0.251925 0.209842
2 0.175154 0.67313 0.114047 0.0545816
2 0.859606 0.788241 0.194991 0.096117
2 0.410872 0.651217 0.0983658 0.045882
2 0.418932 0.600038 0.0632798 0.0317768
2 0.294887 0.624956 0.094369 0.0410737
2 0.646194 0.579802 0.057537 0.0245499
2 0.0890865 0.76696 0.149674 0.0768059
2 0.765203 0.721152 0.149643 0.0607822
2 0.808832 0.594369 0.0934718 0.049205
2 0.680262 0.554562 0.0465146 0.0223337
2 0.185178 0.587385 0.0754908 0.0333313
7 0.54144 0.589163 0.0768473 0.0485792
2 0.447561 0.580566 0.0608785 0.0281532
2 0.0290847 0.588313 0.0581695 0.0268232
2 0.541449 0.589457 0.0760495 0.047872
2 0.312328 0.595718 0.0704476 0.0369037
7 0.312472 0.595281 0.0703733 0.0363764
7 0.658765 0.812864 0.282648 0.166184
7 0.0591915 0.850805 0.118383 0.175125
5 0.376914 0.779994 0.251925 0.209842
2 0.175154 0.67313 0.114047 0.0545816
2 0.859606 0.788241 0.194991 0.096117
2 0.410872 0.651217 0.0983658 0.045882
2 0.418932 0.600038 0.0632798 0.0317768
2 0.294887 0.624956 0.094369 0.0410737
2 0.646194 0.579802 0.057537 0.0245499
2 0.0890865 0.76696 0.149674 0.0768059
2 0.765203 0.721152 0.149643 0.0607822
2 0.808832 0.594369 0.0934718 0.049205
2 0.680262 0.554562 0.0465146 0.0223337
2 0.185178 0.587385 0.0754908 0.0333313
7 0.54144 0.589163 0.0768473 0.0485792
2 0.447561 0.580566 0.0608785 0.0281532
2 0.0290847 0.588313 0.0581695 0.0268232
2 0.541449 0.589457 0.0760495 0.047872
2 0.312328 0.595718 0.0704476 0.0369037
7 0.312472 0.595281 0.0703733 0.0363764
7 0.658765 0.812864 0.282648 0.166184
7 0.0591915 0.850805 0.118383 0.175125
5 0.376914 0.779994 0.251925 0.209842
2 0.175154 0.67313 0.114047 0.0545816
2 0.859606 0.788241 0.194991 0.096117
2 0.410872 0.651217 0.0983658 0.045882
2 0.418932 0.600038 0.0632798 0.0317768
2 0.294887 0.624956 0.094369 0.0410737
2 0.646194 0.579802 0.057537 0.0245499
2 0.0890865 0.76696 0.149674 0.0768059
2 0.765203 0.721152 0.149643 0.0607822
2 0.808832 0.594369 0.0934718 0.049205
2 0.680262 0.554562 0.0465146 0.0223337
2 0.185178 0.587385 0.0754908 0.0333313
7 0.54144 0.589163 0.0768473 0.0485792
2 0.447561 0.580566 0.0608785 0.0281532
2 0.0290847 0.588313 0.0581695 0.0268232
2 0.541449 0.589457 0.0760495 0.047872
2 0.312328 0.595718 0.0704476 0.0369037
7 0.312472 0.595281 0.0703733 0.0363764
7 0.658765 0.812864 0.282648 0.166184
7 0.0591915 0.850805 0.118383 0.175125
5 0.376914 0.779994 0.251925 0.209842
2 0.175154 0.67313 0.114047 0.0545816
2 0.859606 0.788241 0.194991 0.096117
2 0.410872 0.651217 0.0983658 0.045882
2 0.418932 0.600038 0.0632798 0.0317768
2 0.294887 0.624956 0.094369 0.0410737
2 0.646194 0.579802 0.057537 0.0245499
2 0.0890865 0.76696 0.149674 0.0768059
2 0.765203 0.721152 0.149643 0.0607822
2 0.808832 0.594369 0.0934718 0.049205
2 0.680262 0.554562 0.0465146 0.0223337
2 0.185178 0.587385 0.0754908 0.0333313
7 0.54144 0.589163 0.0768473 0.0485792
2 0.447561 0.580566 0.0608785 0.0281532
2 0.0290847 0.588313 0.0581695 0.0268232
2 0.541449 0.589457 0.0760495 0.047872
2 0.312328 0.595718 0.0704476 0.0369037
7 0.312472 0.595281 0.0703733 0.0363764
7 0.658765 0.812864 0.282648 0.166184
7 0.0591915 0.850805 0.118383 0.175125
5 0.376914 0.779994 0.251925 0.209842
2 0.175154 0.67313 0.114047 0.0545816
2 0.859606 0.788241 0.194991 0.096117
2 0.410872 0.651217 0.0983658 0.045882
2 0.418932 0.600038 0.0632798 0.0317768
2 0.294887 0.624956 0.094369 0.0410737
2 0.646194 0.579802 0.057537 0.0245499
2 0.0890865 0.76696 0.149674 0.0768059
2 0.765203 0.721152 0.149643 0.0607822
2 0.808832 0.594369 0.0934718 0.049205
2 0.680262 0.554562 0.0465146 0.0223337
2 0.185178 0.587385 0.0754908 0.0333313
7 0.54144 0.589163 0.0768473 0.0485792
2 0.447561 0.580566 0.0608785 0.0281532
2 0.0290847 0.588313 0.0581695 0.0268232
2 0.541449 0.589457 0.0760495 0.047872
2 0.312328 0.595718 0.0704476 0.0369037
7 0.312472 0.595281 0.0703733 0.0363764
7 0.658765 0.812864 0.282648 0.166184
7 0.0591915 0.850805 0.118383 0.175125
5 0.376914 0.779994 0.251925 0.209842
2 0.175154 0.67313 0.114047 0.0545816
2 0.859606 0.788241 0.194991 0.096117
2 0.410872 0.651217 0.0983658 0.045882
2 0.418932 0.600038 0.0632798 0.0317768
2 0.294887 0.624956 0.094369 0.0410737
2 0.646194 0.579802 0.057537 0.0245499
2 0.0890865 0.76696 0.149674 0.0768059
2 0.765203 0.721152 0.149643 0.0607822
2 0.808832 0.594369 0.0934718 0.049205
2 0.680262 0.554562 0.0465146 0.0223337
2 0.185178 0.587385 0.0754908 0.0333313
7 0.54144 0.589163 0.0768473 0.0485792
2 0.447561 0.580566 0.0608785 0.0281532
2 0.0290847 0.588313 0.0581695 0.0268232
2 0.541449 0.589457 0.0760495 0.047872
2 0.312328 0.595718 0.0704476 0.0369037
7 0.312472 0.595281 0.0703733 0.0363764
7 0.658765 0.812864 0.282648 0.166184
7 0.0591915 0.850805 0.118383 0.175125
5 0.376914 0.779994 0.251925 0.209842
2 0.175154 0.67313 0.114047 0.0545816
2 0.859606 0.788241 0.194991 0.096117
2 0.410872 0.651217 0.0983658 0.045882
2 0.418932 0.600038 0.0632798 0.0317768
2 0.294887 0.624956 0.094369 0.0410737
2 0.646194 0.579802 0.057537 0.0245499
2 0.0890865 0.76696 0.149674 0.0768059
2 0.765203 0.721152 0.149643 0.0607822
2 0.808832 0.594369 0.0934718 0.049205
2 0.680262 0.554562 0.0465146 0.0223337
2 0.185178 0.587385 0.0754908 0.0333313
7 0.54144 0.589163 0.0768473 0.0485792
2 0.447561 0.580566 0.0608785 0.0281532
2 0.0290847 0.588313 0.0581695 0.0268232
2 0.541449 0.589457 0.0760495 0.047872
2 0.312328 0.595718 0.0704476 0.0369037
7 0.312472 0.595281 0.0703733 0.0363764
5 0.376504 0.78231 0.25476 0.213185
5 0.0581783 0.851742 0.11529 0.174733
2 0.862354 0.78781 0.190679 0.0950404
2 0.411133 0.649918 0.0971993 0.0445649
2 0.0897428 0.770041 0.150388 0.0824342
2 0.29473 0.624372 0.0927103 0.0408487
2 0.764166 0.725147 0.137443 0.065729
2 0.418951 0.599014 0.0632621 0.0337944
2 0.646866 0.580142 0.0578337 0.0245555
5 0.659742 0.813155 0.283246 0.167303
2 0.174692 0.674091 0.114282 0.0541729
7 0.542058 0.588605 0.0781423 0.048523
7 0.808794 0.593971 0.0905767 0.0481876
5 0.376504 0.78231 0.25476 0.213185
5 0.0581783 0.851742 0.11529 0.174733
2 0.862354 0.78781 0.190679 0.0950404
2 0.411133 0.649918 0.0971993 0.0445649
2 0.0897428 0.770041 0.150388 0.0824342
2 0.29473 0.624372 0.0927103 0.0408487
2 0.764166 0.725147 0.137443 0.065729
2 0.418951 0.599014 0.0632621 0.0337944
2 0.646866 0.580142 0.0578337 0.0245555
5 0.659742 0.813155 0.283246 0.167303
2 0.174692 0.674091 0.114282 0.0541729
7 0.542058 0.588605 0.0781423 0.048523
7 0.808794 0.593971 0.0905767 0.0481876
