1 0.647561 0.620577 0.233456 0.191592
0 0.117111 0.544792 0.0902591 0.127809
0 0.610644 0.545089 0.147415 0.215686
1 0.79482 0.546913 0.0921775 0.0672554
0 0.189405 0.523603 0.0623442 0.0867483
1 0.320817 0.563528 0.0635429 0.0799865
0 0.269446 0.522984 0.0375034 0.071403
0 0.319247 0.525905 0.0843941 0.0957941
0 0.429447 0.531645 0.068923 0.11065
0 0.800129 0.523117 0.0965831 0.0799522
1 0.120325 0.582474 0.0646964 0.0949429
1 0.893105 0.548153 0.0924396 0.0526916
1 0.194389 0.550384 0.0373333 0.055016
0 0.349112 0.524896 0.0521554 0.0937628
1 0.706589 0.540633 0.0599776 0.0364273
1 0.647561 0.620577 0.233456 0.191592
0 0.117111 0.544792 0.0902591 0.127809
0 0.610644 0.545089 0.147415 0.215686
1 0.79482 0.546913 0.0921775 0.0672554
0 0.189405 0.523603 0.0623442 0.0867483
1 0.320817 0.563528 0.0635429 0.0799865
0 0.269446 0.522984 0.0375034 0.071403
0 0.319247 0.525905 0.0843941 0.0957941
0 0.429447 0.531645 0.068923 0.11065
0 0.800129 0.523117 0.0965831 0.0799522
1 0.120325 0.582474 0.0646964 0.0949429
1 0.893105 0.548153 0.0924396 0.0526916
1 0.194389 0.550384 0.0373333 0.055016
0 0.349112 0.524896 0.0521554 0.0937628
1 0.706589 0.540633 0.0599776 0.0364273
0 0.890296 0.529509 0.0471174 0.0554306
0 0.475813 0.511502 0.0611366 0.0655278
0 0.848433 0.49222 0.056783 0.0426925
0 0.703836 0.504173 0.0519073 0.043713
1 0.184745 0.548655 0.0469838 0.053684
1 0.204487 0.549353 0.0396891 0.0574378
0 0.848385 0.514406 0.0687525 0.0874454
0 0.0989391 0.50634 0.0571672 0.0636223
