1 0.827578 0.571614 0.211844 0.108154
0 0.45843 0.546332 0.161255 0.210326
1 0.663586 0.549955 0.131307 0.0840862
0 0.824935 0.525439 0.139102 0.141782
1 0.283737 0.547685 0.0744125 0.0836485
1 0.975774 0.639309 0.0470279 0.0920486
1 0.458683 0.608065 0.251871 0.168224
0 0.66474 0.510221 0.108277 0.103295
0 0.954349 0.509395 0.0892795 0.142368
0 0.118481 0.504407 0.060648 0.0834835
0 0.279558 0.500886 0.0856251 0.103871
0 0.598404 0.496309 0.0614429 0.0768406
1 0.120867 0.531296 0.0474461 0.0634851
0 0.0720011 0.496431 0.0447805 0.0703887
0 0.89348 0.491821 0.0710424 0.0856633
0 0.736274 0.492429 0.0844544 0.0943111
0 0.33787 0.498593 0.0544006 0.0747161
1 0.94125 0.550364 0.114602 0.0974873
1 0.337134 0.523262 0.0562865 0.0497168
1 0.072966 0.517432 0.0335951 0.0421199
0 0.219872 0.498116 0.0465503 0.0668566
1 0.586885 0.53315 0.0449832 0.0407076
1 0.827578 0.571614 0.211844 0.108154
0 0.45843 0.546332 0.161255 0.210326
1 0.663586 0.549955 0.131307 0.0840862
0 0.824935 0.525439 0.139102 0.141782
1 0.283737 0.547685 0.0744125 0.0836485
1 0.975774 0.639309 0.0470279 0.0920486
1 0.458683 0.608065 0.251871 0.168224
0 0.66474 0.510221 0.108277 0.103295
0 0.954349 0.509395 0.0892795 0.142368
0 0.118481 0.504407 0.060648 0.0834835
0 0.279558 0.500886 0.0856251 0.103871
0 0.598404 0.496309 0.0614429 0.0768406
1 0.120867 0.531296 0.0474461 0.0634851
0 0.0720011 0.496431 0.0447805 0.0703887
0 0.89348 0.491821 0.0710424 0.0856633
0 0.736274 0.492429 0.0844544 0.0943111
0 0.33787 0.498593 0.0544006 0.0747161
1 0.94125 0.550364 0.114602 0.0974873
1 0.337134 0.523262 0.0562865 0.0497168
1 0.072966 0.517432 0.0335951 0.0421199
0 0.219872 0.498116 0.0465503 0.0668566
1 0.586885 0.53315 0.0449832 0.0407076
1 0.225229 0.519535 0.0454188 0.0451294
1 0.169968 0.511247 0.0275814 0.0370054
1 0.0787673 0.518155 0.0292847 0.0416965
1 0.0138723 0.513891 0.0262174 0.0335052
0 0.736683 0.477751 0.0827752 0.0654527
0 0.0144999 0.495087 0.028088 0.0549155
0 0.169808 0.498252 0.0355796 0.0609423
