1 0.762923 0.762916 0.472314 0.319818
0 0.780831 0.608801 0.402503 0.421812
0 0.161375 0.526932 0.12431 0.1428
1 0.161008 0.587767 0.101561 0.122274
1 0.383529 0.578796 0.10415 0.108684
0 0.616434 0.497557 0.150198 0.126992
1 0.2253 0.565052 0.0542716 0.0705317
0 0.965513 0.513045 0.0674527 0.102307
0 0.311908 0.528298 0.0510696 0.104714
0 0.375911 0.521983 0.0904482 0.142046
1 0.440879 0.55217 0.0474782 0.0629143
0 0.282446 0.516713 0.0482984 0.0866332
0 0.020872 0.51682 0.0363304 0.0515932
0 0.438014 0.516138 0.0611638 0.0816147
1 0.958891 0.546382 0.0801783 0.0574451
1 0.511399 0.569331 0.04772 0.0738844
0 0.529444 0.509883 0.0706426 0.096892
1 0.0212421 0.533207 0.0238114 0.0364662
0 0.884372 0.49496 0.0634696 0.0424406
0 0.0557086 0.516381 0.033663 0.054698
1 0.762923 0.762916 0.472314 0.319818
0 0.780831 0.608801 0.402503 0.421812
0 0.161375 0.526932 0.12431 0.1428
1 0.161008 0.587767 0.101561 0.122274
1 0.383529 0.578796 0.10415 0.108684
0 0.616434 0.497557 0.150198 0.126992
1 0.2253 0.565052 0.0542716 0.0705317
0 0.965513 0.513045 0.0674527 0.102307
0 0.311908 0.528298 0.0510696 0.104714
0 0.375911 0.521983 0.0904482 0.142046
1 0.440879 0.55217 0.0474782 0.0629143
0 0.282446 0.516713 0.0482984 0.0866332
0 0.020872 0.51682 0.0363304 0.0515932
0 0.438014 0.516138 0.0611638 0.0816147
1 0.958891 0.546382 0.0801783 0.0574451
1 0.511399 0.569331 0.04772 0.0738844
0 0.529444 0.509883 0.0706426 0.096892
1 0.0212421 0.533207 0.0238114 0.0364662
0 0.884372 0.49496 0.0634696 0.0424406
0 0.0557086 0.516381 0.033663 0.054698
0 0.848866 0.494041 0.0680135 0.0530003
1 0.313574 0.555337 0.0414503 0.0639896
1 0.562088 0.620285 0.0825885 0.0915134
1 0.811132 0.566512 0.0881317 0.0543207
1 0.312909 0.559711 0.0330273 0.0557003
1 0.0215513 0.532512 0.0350272 0.0379172
1 0.844965 0.551829 0.151535 0.0849682
1 0.562331 0.602395 0.0838713 0.128805
