0 0.124037 0.583521 0.0871718 0.136797
0 0.584165 0.569522 0.0679257 0.10693
0 0.292914 0.578141 0.0692243 0.116439
0 0.476318 0.581254 0.0714834 0.106915
0 0.679853 0.566998 0.0576219 0.0997619
1 0.122788 0.620309 0.0705264 0.0902251
0 0.750436 0.561205 0.0607695 0.0883806
1 0.295102 0.606177 0.0603483 0.0788477
0 0.643861 0.568955 0.0449471 0.0929192
0 0.506027 0.566654 0.0439362 0.109023
0 0.541087 0.573606 0.0407272 0.0997563
0 0.889065 0.561104 0.0402157 0.0684769
0 0.791811 0.562254 0.0368732 0.0764809
1 0.469891 0.607507 0.0396123 0.0639789
0 0.124037 0.583521 0.0871718 0.136797
0 0.584165 0.569522 0.0679257 0.10693
0 0.292914 0.578141 0.0692243 0.116439
0 0.476318 0.581254 0.0714834 0.106915
0 0.679853 0.566998 0.0576219 0.0997619
1 0.122788 0.620309 0.0705264 0.0902251
0 0.750436 0.561205 0.0607695 0.0883806
1 0.295102 0.606177 0.0603483 0.0788477
0 0.643861 0.568955 0.0449471 0.0929192
0 0.506027 0.566654 0.0439362 0.109023
0 0.541087 0.573606 0.0407272 0.0997563
0 0.889065 0.561104 0.0402157 0.0684769
0 0.791811 0.562254 0.0368732 0.0764809
1 0.469891 0.607507 0.0396123 0.0639789
0 0.124037 0.583521 0.0871718 0.136797
0 0.584165 0.569522 0.0679257 0.10693
0 0.292914 0.578141 0.0692243 0.116439
0 0.476318 0.581254 0.0714834 0.106915
0 0.679853 0.566998 0.0576219 0.0997619
1 0.122788 0.620309 0.0705264 0.0902251
0 0.750436 0.561205 0.0607695 0.0883806
1 0.295102 0.606177 0.0603483 0.0788477
0 0.643861 0.568955 0.0449471 0.0929192
0 0.506027 0.566654 0.0439362 0.109023
0 0.541087 0.573606 0.0407272 0.0997563
0 0.889065 0.561104 0.0402157 0.0684769
0 0.791811 0.562254 0.0368732 0.0764809
1 0.469891 0.607507 0.0396123 0.0639789
0 0.124037 0.583521 0.0871718 0.136797
0 0.584165 0.569522 0.0679257 0.10693
0 0.292914 0.578141 0.0692243 0.116439
0 0.476318 0.581254 0.0714834 0.106915
0 0.679853 0.566998 0.0576219 0.0997619
1 0.122788 0.620309 0.0705264 0.0902251
0 0.750436 0.561205 0.0607695 0.0883806
1 0.295102 0.606177 0.0603483 0.0788477
0 0.643861 0.568955 0.0449471 0.0929192
0 0.506027 0.566654 0.0439362 0.109023
0 0.541087 0.573606 0.0407272 0.0997563
0 0.889065 0.561104 0.0402157 0.0684769
0 0.791811 0.562254 0.0368732 0.0764809
1 0.469891 0.607507 0.0396123 0.0639789
0 0.124037 0.583521 0.0871718 0.136797
0 0.584165 0.569522 0.0679257 0.10693
0 0.292914 0.578141 0.0692243 0.116439
0 0.476318 0.581254 0.0714834 0.106915
0 0.679853 0.566998 0.0576219 0.0997619
1 0.122788 0.620309 0.0705264 0.0902251
0 0.750436 0.561205 0.0607695 0.0883806
1 0.295102 0.606177 0.0603483 0.0788477
0 0.643861 0.568955 0.0449471 0.0929192
0 0.506027 0.566654 0.0439362 0.109023
0 0.541087 0.573606 0.0407272 0.0997563
0 0.889065 0.561104 0.0402157 0.0684769
0 0.791811 0.562254 0.0368732 0.0764809
1 0.469891 0.607507 0.0396123 0.0639789
0 0.124037 0.583521 0.0871718 0.136797
0 0.584165 0.569522 0.0679257 0.10693
0 0.292914 0.578141 0.0692243 0.116439
0 0.476318 0.581254 0.0714834 0.106915
0 0.679853 0.566998 0.0576219 0.0997619
1 0.122788 0.620309 0.0705264 0.0902251
0 0.750436 0.561205 0.0607695 0.0883806
1 0.295102 0.606177 0.0603483 0.0788477
0 0.643861 0.568955 0.0449471 0.0929192
0 0.506027 0.566654 0.0439362 0.109023
0 0.541087 0.573606 0.0407272 0.0997563
0 0.889065 0.561104 0.0402157 0.0684769
0 0.791811 0.562254 0.0368732 0.0764809
1 0.469891 0.607507 0.0396123 0.0639789
1 0.747479 0.585241 0.0391091 0.0488443
0 0.450244 0.571992 0.0442044 0.112877
1 0.478261 0.605312 0.053951 0.0686322
1 0.548016 0.600884 0.0334786 0.0576677
0 0.847642 0.559799 0.0306529 0.0601191
1 0.68684 0.593902 0.0404029 0.0605595
0 0.822939 0.558314 0.0394101 0.0675518
0 0.922722 0.551353 0.0397746 0.0637535
1 0.674129 0.595905 0.0355514 0.0576456
1 0.60271 0.602796 0.0381366 0.0643787
1 0.59117 0.602459 0.0439542 0.0667093
1 0.637824 0.598303 0.0420275 0.0599348
0 0.710921 0.559293 0.0355808 0.0806397
1 0.830385 0.579168 0.0339128 0.0393656
1 0.626552 0.60008 0.0416484 0.0601173
1 0.913768 0.574389 0.0338182 0.0494281
1 0.825081 0.580312 0.0287235 0.0401503
0 0.617545 0.568229 0.0463815 0.0913845
