0 0.64672 0.558338 0.0505313 0.081763
0 0.550534 0.562865 0.0696898 0.0960585
0 0.729671 0.557917 0.04541 0.0740459
1 0.641821 0.581712 0.0304159 0.0498558
0 0.864212 0.556895 0.0366355 0.0681316
1 0.54655 0.589632 0.0435354 0.0550561
0 0.890994 0.554271 0.0316138 0.0647365
0 0.935171 0.557778 0.033077 0.061257
0 0.912542 0.556189 0.028771 0.0612561
0 0.927448 0.556837 0.034177 0.0621058
0 0.921139 0.557134 0.03341 0.0619923
0 0.901016 0.556243 0.0277366 0.0653384
0 0.94456 0.556732 0.0308699 0.0615988
1 0.731386 0.575942 0.0425758 0.0407054
1 0.865491 0.56205 0.0368647 0.060174
0 0.64672 0.558338 0.0505313 0.081763
0 0.550534 0.562865 0.0696898 0.0960585
0 0.729671 0.557917 0.04541 0.0740459
1 0.641821 0.581712 0.0304159 0.0498558
0 0.864212 0.556895 0.0366355 0.0681316
1 0.54655 0.589632 0.0435354 0.0550561
0 0.890994 0.554271 0.0316138 0.0647365
0 0.935171 0.557778 0.033077 0.061257
0 0.912542 0.556189 0.028771 0.0612561
0 0.927448 0.556837 0.034177 0.0621058
0 0.921139 0.557134 0.03341 0.0619923
0 0.901016 0.556243 0.0277366 0.0653384
0 0.94456 0.556732 0.0308699 0.0615988
1 0.731386 0.575942 0.0425758 0.0407054
1 0.865491 0.56205 0.0368647 0.060174
0 0.64672 0.558338 0.0505313 0.081763
0 0.550534 0.562865 0.0696898 0.0960585
0 0.729671 0.557917 0.04541 0.0740459
1 0.641821 0.581712 0.0304159 0.0498558
0 0.864212 0.556895 0.0366355 0.0681316
1 0.54655 0.589632 0.0435354 0.0550561
0 0.890994 0.554271 0.0316138 0.0647365
0 0.935171 0.557778 0.033077 0.061257
0 0.912542 0.556189 0.028771 0.0612561
0 0.927448 0.556837 0.034177 0.0621058
0 0.921139 0.557134 0.03341 0.0619923
0 0.901016 0.556243 0.0277366 0.0653384
0 0.94456 0.556732 0.0308699 0.0615988
1 0.731386 0.575942 0.0425758 0.0407054
1 0.865491 0.56205 0.0368647 0.060174
0 0.646469 0.556965 0.0507565 0.0779192
0 0.550586 0.562695 0.0666326 0.0958838
0 0.729519 0.557336 0.0441294 0.0735925
1 0.641149 0.580934 0.0293511 0.0517866
0 0.861844 0.556288 0.0357688 0.065643
0 0.889189 0.554038 0.0320255 0.065959
1 0.546244 0.588581 0.0432482 0.0597996
0 0.914293 0.55476 0.0320509 0.0622824
0 0.940616 0.556047 0.0387243 0.0642742
1 0.732419 0.576141 0.0356854 0.0441396
0 0.646469 0.556965 0.0507565 0.0779192
0 0.550586 0.562695 0.0666326 0.0958838
0 0.729519 0.557336 0.0441294 0.0735925
1 0.641149 0.580934 0.0293511 0.0517866
0 0.861844 0.556288 0.0357688 0.065643
0 0.889189 0.554038 0.0320255 0.065959
1 0.546244 0.588581 0.0432482 0.0597996
0 0.914293 0.55476 0.0320509 0.0622824
0 0.940616 0.556047 0.0387243 0.0642742
1 0.732419 0.576141 0.0356854 0.0441396
0 0.646469 0.556965 0.0507565 0.0779192
0 0.550586 0.562695 0.0666326 0.0958838
0 0.729519 0.557336 0.0441294 0.0735925
1 0.641149 0.580934 0.0293511 0.0517866
0 0.861844 0.556288 0.0357688 0.065643
0 0.889189 0.554038 0.0320255 0.065959
1 0.546244 0.588581 0.0432482 0.0597996
0 0.914293 0.55476 0.0320509 0.0622824
0 0.940616 0.556047 0.0387243 0.0642742
1 0.732419 0.576141 0.0356854 0.0441396
0 0.646469 0.556965 0.0507565 0.0779192
0 0.550586 0.562695 0.0666326 0.0958838
0 0.729519 0.557336 0.0441294 0.0735925
1 0.641149 0.580934 0.0293511 0.0517866
0 0.861844 0.556288 0.0357688 0.065643
0 0.889189 0.554038 0.0320255 0.065959
1 0.546244 0.588581 0.0432482 0.0597996
0 0.914293 0.55476 0.0320509 0.0622824
0 0.940616 0.556047 0.0387243 0.0642742
1 0.732419 0.576141 0.0356854 0.0441396
0 0.646469 0.556965 0.0507565 0.0779192
0 0.550586 0.562695 0.0666326 0.0958838
0 0.729519 0.557336 0.0441294 0.0735925
1 0.641149 0.580934 0.0293511 0.0517866
0 0.861844 0.556288 0.0357688 0.065643
0 0.889189 0.554038 0.0320255 0.065959
1 0.546244 0.588581 0.0432482 0.0597996
0 0.914293 0.55476 0.0320509 0.0622824
0 0.940616 0.556047 0.0387243 0.0642742
1 0.732419 0.576141 0.0356854 0.0441396
0 0.646469 0.556965 0.0507565 0.0779192
0 0.550586 0.562695 0.0666326 0.0958838
0 0.729519 0.557336 0.0441294 0.0735925
1 0.641149 0.580934 0.0293511 0.0517866
0 0.861844 0.556288 0.0357688 0.065643
0 0.889189 0.554038 0.0320255 0.065959
1 0.546244 0.588581 0.0432482 0.0597996
0 0.914293 0.55476 0.0320509 0.0622824
0 0.940616 0.556047 0.0387243 0.0642742
1 0.732419 0.576141 0.0356854 0.0441396
0 0.646469 0.556965 0.0507565 0.0779192
0 0.550586 0.562695 0.0666326 0.0958838
0 0.729519 0.557336 0.0441294 0.0735925
1 0.641149 0.580934 0.0293511 0.0517866
0 0.861844 0.556288 0.0357688 0.065643
0 0.889189 0.554038 0.0320255 0.065959
1 0.546244 0.588581 0.0432482 0.0597996
0 0.914293 0.55476 0.0320509 0.0622824
0 0.940616 0.556047 0.0387243 0.0642742
1 0.732419 0.576141 0.0356854 0.0441396
0 0.646469 0.556965 0.0507565 0.0779192
0 0.550586 0.562695 0.0666326 0.0958838
0 0.729519 0.557336 0.0441294 0.0735925
1 0.641149 0.580934 0.0293511 0.0517866
0 0.861844 0.556288 0.0357688 0.065643
0 0.889189 0.554038 0.0320255 0.065959
1 0.546244 0.588581 0.0432482 0.0597996
0 0.914293 0.55476 0.0320509 0.0622824
0 0.940616 0.556047 0.0387243 0.0642742
1 0.732419 0.576141 0.0356854 0.0441396
0 0.907072 0.555543 0.0378588 0.0641708
