0 0.478935 0.56537 0.0627569 0.0992992
0 0.381511 0.575952 0.0680471 0.116502
0 0.057122 0.590879 0.0915467 0.158157
0 0.625072 0.564211 0.0559859 0.0930979
0 0.674682 0.562797 0.0529557 0.096969
0 0.0972143 0.578175 0.0598837 0.129859
0 0.745592 0.559055 0.0581831 0.0875725
1 0.0563189 0.626969 0.0841904 0.0945587
0 0.819365 0.55799 0.0382585 0.0729197
0 0.784438 0.559564 0.0392868 0.0789721
0 0.706501 0.560845 0.0305257 0.078044
1 0.480771 0.587265 0.0471615 0.0685159
0 0.86127 0.557775 0.0366689 0.0755768
0 0.929044 0.557522 0.0341977 0.0626812
1 0.383959 0.602205 0.0550611 0.0734251
