0 0.514742 0.560067 0.058352 0.0909606
0 0.588174 0.560437 0.057833 0.083944
0 0.311071 0.574394 0.0792924 0.119445
0 0.35138 0.574321 0.0486264 0.113546
0 0.74731 0.559674 0.0453067 0.0813759
1 0.318016 0.606032 0.0660445 0.0777218
0 0.819854 0.556042 0.0434438 0.0749537
1 0.588439 0.58365 0.0399811 0.0515412
1 0.511671 0.590296 0.0345033 0.0583616
0 0.865683 0.558148 0.0503476 0.0741339
0 0.903515 0.556119 0.0316488 0.0649469
0 0.778278 0.557022 0.0374034 0.0756119
0 0.857929 0.557638 0.0383236 0.0720922
0 0.849246 0.554491 0.0244059 0.0665703
1 0.749088 0.579759 0.0344682 0.0420889
1 0.866526 0.579212 0.0391459 0.037672
0 0.931019 0.557583 0.0406238 0.0666415
0 0.810992 0.558546 0.0454919 0.0770935
1 0.802567 0.577084 0.0370595 0.0455908
0 0.514742 0.560067 0.058352 0.0909606
0 0.588174 0.560437 0.057833 0.083944
0 0.311071 0.574394 0.0792924 0.119445
0 0.35138 0.574321 0.0486264 0.113546
0 0.74731 0.559674 0.0453067 0.0813759
1 0.318016 0.606032 0.0660445 0.0777218
0 0.819854 0.556042 0.0434438 0.0749537
1 0.588439 0.58365 0.0399811 0.0515412
1 0.511671 0.590296 0.0345033 0.0583616
0 0.865683 0.558148 0.0503476 0.0741339
0 0.903515 0.556119 0.0316488 0.0649469
0 0.778278 0.557022 0.0374034 0.0756119
0 0.857929 0.557638 0.0383236 0.0720922
0 0.849246 0.554491 0.0244059 0.0665703
1 0.749088 0.579759 0.0344682 0.0420889
1 0.866526 0.579212 0.0391459 0.037672
0 0.931019 0.557583 0.0406238 0.0666415
0 0.810992 0.558546 0.0454919 0.0770935
1 0.802567 0.577084 0.0370595 0.0455908
0 0.514742 0.560067 0.058352 0.0909606
0 0.588174 0.560437 0.057833 0.083944
0 0.311071 0.574394 0.0792924 0.119445
0 0.35138 0.574321 0.0486264 0.113546
0 0.74731 0.559674 0.0453067 0.0813759
1 0.318016 0.606032 0.0660445 0.0777218
0 0.819854 0.556042 0.0434438 0.0749537
1 0.588439 0.58365 0.0399811 0.0515412
1 0.511671 0.590296 0.0345033 0.0583616
0 0.865683 0.558148 0.0503476 0.0741339
0 0.903515 0.556119 0.0316488 0.0649469
0 0.778278 0.557022 0.0374034 0.0756119
0 0.857929 0.557638 0.0383236 0.0720922
0 0.849246 0.554491 0.0244059 0.0665703
1 0.749088 0.579759 0.0344682 0.0420889
1 0.866526 0.579212 0.0391459 0.037672
0 0.931019 0.557583 0.0406238 0.0666415
0 0.810992 0.558546 0.0454919 0.0770935
1 0.802567 0.577084 0.0370595 0.0455908
0 0.514167 0.561017 0.0587127 0.0925976
0 0.588254 0.560752 0.0564699 0.0844393
0 0.309638 0.575773 0.0771061 0.120806
0 0.34826 0.574205 0.0469621 0.11387
0 0.863568 0.557067 0.0472924 0.0714979
0 0.819773 0.554345 0.0424364 0.0689617
1 0.316778 0.607587 0.0610364 0.0741529
0 0.744927 0.554518 0.0405153 0.0705976
1 0.51599 0.588497 0.0409145 0.0611746
1 0.589269 0.580708 0.0382811 0.0571644
0 0.905703 0.556295 0.0343177 0.0654148
1 0.751498 0.579175 0.0353299 0.0429317
0 0.514167 0.561017 0.0587127 0.0925976
0 0.588254 0.560752 0.0564699 0.0844393
0 0.309638 0.575773 0.0771061 0.120806
0 0.34826 0.574205 0.0469621 0.11387
0 0.863568 0.557067 0.0472924 0.0714979
0 0.819773 0.554345 0.0424364 0.0689617
1 0.316778 0.607587 0.0610364 0.0741529
0 0.744927 0.554518 0.0405153 0.0705976
1 0.51599 0.588497 0.0409145 0.0611746
1 0.589269 0.580708 0.0382811 0.0571644
0 0.905703 0.556295 0.0343177 0.0654148
1 0.751498 0.579175 0.0353299 0.0429317
0 0.514167 0.561017 0.0587127 0.0925976
0 0.588254 0.560752 0.0564699 0.0844393
0 0.309638 0.575773 0.0771061 0.120806
0 0.34826 0.574205 0.0469621 0.11387
0 0.863568 0.557067 0.0472924 0.0714979
0 0.819773 0.554345 0.0424364 0.0689617
1 0.316778 0.607587 0.0610364 0.0741529
0 0.744927 0.554518 0.0405153 0.0705976
1 0.51599 0.588497 0.0409145 0.0611746
1 0.589269 0.580708 0.0382811 0.0571644
0 0.905703 0.556295 0.0343177 0.0654148
1 0.751498 0.579175 0.0353299 0.0429317
0 0.514167 0.561017 0.0587127 0.0925976
0 0.588254 0.560752 0.0564699 0.0844393
0 0.309638 0.575773 0.0771061 0.120806
0 0.34826 0.574205 0.0469621 0.11387
0 0.863568 0.557067 0.0472924 0.0714979
0 0.819773 0.554345 0.0424364 0.0689617
1 0.316778 0.607587 0.0610364 0.0741529
0 0.744927 0.554518 0.0405153 0.0705976
1 0.51599 0.588497 0.0409145 0.0611746
1 0.589269 0.580708 0.0382811 0.0571644
0 0.905703 0.556295 0.0343177 0.0654148
1 0.751498 0.579175 0.0353299 0.0429317
0 0.514167 0.561017 0.0587127 0.0925976
0 0.588254 0.560752 0.0564699 0.0844393
0 0.309638 0.575773 0.0771061 0.120806
0 0.34826 0.574205 0.0469621 0.11387
0 0.863568 0.557067 0.0472924 0.0714979
0 0.819773 0.554345 0.0424364 0.0689617
1 0.316778 0.607587 0.0610364 0.0741529
0 0.744927 0.554518 0.0405153 0.0705976
1 0.51599 0.588497 0.0409145 0.0611746
1 0.589269 0.580708 0.0382811 0.0571644
0 0.905703 0.556295 0.0343177 0.0654148
1 0.751498 0.579175 0.0353299 0.0429317
0 0.514167 0.561017 0.0587127 0.0925976
0 0.588254 0.560752 0.0564699 0.0844393
0 0.309638 0.575773 0.0771061 0.120806
0 0.34826 0.574205 0.0469621 0.11387
0 0.863568 0.557067 0.0472924 0.0714979
0 0.819773 0.554345 0.0424364 0.0689617
1 0.316778 0.607587 0.0610364 0.0741529
0 0.744927 0.554518 0.0405153 0.0705976
1 0.51599 0.588497 0.0409145 0.0611746
1 0.589269 0.580708 0.0382811 0.0571644
0 0.905703 0.556295 0.0343177 0.0654148
1 0.751498 0.579175 0.0353299 0.0429317
0 0.514167 0.561017 0.0587127 0.0925976
0 0.588254 0.560752 0.0564699 0.0844393
0 0.309638 0.575773 0.0771061 0.120806
0 0.34826 0.574205 0.0469621 0.11387
0 0.863568 0.557067 0.0472924 0.0714979
0 0.819773 0.554345 0.0424364 0.0689617
1 0.316778 0.607587 0.0610364 0.0741529
0 0.744927 0.554518 0.0405153 0.0705976
1 0.51599 0.588497 0.0409145 0.0611746
1 0.589269 0.580708 0.0382811 0.0571644
0 0.905703 0.556295 0.0343177 0.0654148
1 0.751498 0.579175 0.0353299 0.0429317
0 0.514167 0.561017 0.0587127 0.0925976
0 0.588254 0.560752 0.0564699 0.0844393
0 0.309638 0.575773 0.0771061 0.120806
0 0.34826 0.574205 0.0469621 0.11387
0 0.863568 0.557067 0.0472924 0.0714979
0 0.819773 0.554345 0.0424364 0.0689617
1 0.316778 0.607587 0.0610364 0.0741529
0 0.744927 0.554518 0.0405153 0.0705976
1 0.51599 0.588497 0.0409145 0.0611746
1 0.589269 0.580708 0.0382811 0.0571644
0 0.905703 0.556295 0.0343177 0.0654148
1 0.751498 0.579175 0.0353299 0.0429317
0 0.777207 0.554954 0.0366977 0.069207
1 0.516637 0.589863 0.0290437 0.0583601
1 0.814897 0.579645 0.0324819 0.0402248
0 0.934126 0.555413 0.0339617 0.0650898
1 0.868734 0.578331 0.0291005 0.0388131
1 0.808134 0.579096 0.0239366 0.0416416
