0 0.109075 0.582207 0.0874603 0.139837
0 0.153005 0.580122 0.056668 0.131145
0 0.415689 0.567748 0.0661651 0.104276
0 0.498574 0.564436 0.0629391 0.0932096
0 0.646045 0.559736 0.0540321 0.0845193
0 0.768052 0.555185 0.0630342 0.0792927
0 0.706563 0.562023 0.0580274 0.0805054
0 0.833156 0.55816 0.0367011 0.0732004
1 0.495813 0.589634 0.0376456 0.0590712
0 0.804577 0.557317 0.0351081 0.0697447
1 0.413137 0.599789 0.0431503 0.066799
1 0.650172 0.585933 0.0320797 0.047653
1 0.112658 0.623137 0.0565791 0.0860007
1 0.710679 0.583839 0.0365106 0.0477758
0 0.889373 0.554336 0.0472487 0.0668629
1 0.113007 0.622433 0.083944 0.0877936
0 0.109075 0.582207 0.0874603 0.139837
0 0.153005 0.580122 0.056668 0.131145
0 0.415689 0.567748 0.0661651 0.104276
0 0.498574 0.564436 0.0629391 0.0932096
0 0.646045 0.559736 0.0540321 0.0845193
0 0.768052 0.555185 0.0630342 0.0792927
0 0.706563 0.562023 0.0580274 0.0805054
0 0.833156 0.55816 0.0367011 0.0732004
1 0.495813 0.589634 0.0376456 0.0590712
0 0.804577 0.557317 0.0351081 0.0697447
1 0.413137 0.599789 0.0431503 0.066799
1 0.650172 0.585933 0.0320797 0.047653
1 0.112658 0.623137 0.0565791 0.0860007
1 0.710679 0.583839 0.0365106 0.0477758
0 0.889373 0.554336 0.0472487 0.0668629
1 0.113007 0.622433 0.083944 0.0877936
0 0.109075 0.582207 0.0874603 0.139837
0 0.153005 0.580122 0.056668 0.131145
0 0.415689 0.567748 0.0661651 0.104276
0 0.498574 0.564436 0.0629391 0.0932096
0 0.646045 0.559736 0.0540321 0.0845193
0 0.768052 0.555185 0.0630342 0.0792927
0 0.706563 0.562023 0.0580274 0.0805054
0 0.833156 0.55816 0.0367011 0.0732004
1 0.495813 0.589634 0.0376456 0.0590712
0 0.804577 0.557317 0.0351081 0.0697447
1 0.413137 0.599789 0.0431503 0.066799
1 0.650172 0.585933 0.0320797 0.047653
1 0.112658 0.623137 0.0565791 0.0860007
1 0.710679 0.583839 0.0365106 0.0477758
0 0.889373 0.554336 0.0472487 0.0668629
1 0.113007 0.622433 0.083944 0.0877936
0 0.109075 0.582207 0.0874603 0.139837
0 0.153005 0.580122 0.056668 0.131145
0 0.415689 0.567748 0.0661651 0.104276
0 0.498574 0.564436 0.0629391 0.0932096
0 0.646045 0.559736 0.0540321 0.0845193
0 0.768052 0.555185 0.0630342 0.0792927
0 0.706563 0.562023 0.0580274 0.0805054
0 0.833156 0.55816 0.0367011 0.0732004
1 0.495813 0.589634 0.0376456 0.0590712
0 0.804577 0.557317 0.0351081 0.0697447
1 0.413137 0.599789 0.0431503 0.066799
1 0.650172 0.585933 0.0320797 0.047653
1 0.112658 0.623137 0.0565791 0.0860007
1 0.710679 0.583839 0.0365106 0.0477758
0 0.889373 0.554336 0.0472487 0.0668629
1 0.113007 0.622433 0.083944 0.0877936
0 0.109075 0.582207 0.0874603 0.139837
0 0.153005 0.580122 0.056668 0.131145
0 0.415689 0.567748 0.0661651 0.104276
0 0.498574 0.564436 0.0629391 0.0932096
0 0.646045 0.559736 0.0540321 0.0845193
0 0.768052 0.555185 0.0630342 0.0792927
0 0.706563 0.562023 0.0580274 0.0805054
0 0.833156 0.55816 0.0367011 0.0732004
1 0.495813 0.589634 0.0376456 0.0590712
0 0.804577 0.557317 0.0351081 0.0697447
1 0.413137 0.599789 0.0431503 0.066799
1 0.650172 0.585933 0.0320797 0.047653
1 0.112658 0.623137 0.0565791 0.0860007
1 0.710679 0.583839 0.0365106 0.0477758
0 0.889373 0.554336 0.0472487 0.0668629
1 0.113007 0.622433 0.083944 0.0877936
0 0.109075 0.582207 0.0874603 0.139837
0 0.153005 0.580122 0.056668 0.131145
0 0.415689 0.567748 0.0661651 0.104276
0 0.498574 0.564436 0.0629391 0.0932096
0 0.646045 0.559736 0.0540321 0.0845193
0 0.768052 0.555185 0.0630342 0.0792927
0 0.706563 0.562023 0.0580274 0.0805054
0 0.833156 0.55816 0.0367011 0.0732004
1 0.495813 0.589634 0.0376456 0.0590712
0 0.804577 0.557317 0.0351081 0.0697447
1 0.413137 0.599789 0.0431503 0.066799
1 0.650172 0.585933 0.0320797 0.047653
1 0.112658 0.623137 0.0565791 0.0860007
1 0.710679 0.583839 0.0365106 0.0477758
0 0.889373 0.554336 0.0472487 0.0668629
1 0.113007 0.622433 0.083944 0.0877936
0 0.926642 0.556001 0.0232802 0.0528145
1 0.698379 0.584598 0.0371441 0.0466274
1 0.779167 0.583251 0.0352532 0.0475459
1 0.75832 0.583079 0.0330119 0.0471596
1 0.878218 0.574824 0.0319194 0.0398289
1 0.885352 0.574727 0.0347144 0.0404022
0 0.865737 0.554883 0.0384021 0.0684795
1 0.730875 0.582859 0.0279607 0.0474448
1 0.831758 0.577992 0.0279416 0.0430996
