2 0.0510769 0.420732 0.101728 0.328291
0 0.447599 0.377412 0.0874472 0.364023
0 0.269506 0.427757 0.128841 0.550225
1 0.271356 0.631264 0.111651 0.393349
2 0.541153 0.249683 0.138874 0.0898484
1 0.129881 0.538696 0.103329 0.271846
1 0.446491 0.487419 0.0781645 0.231623
1 0.203871 0.588279 0.0593395 0.31976
0 0.128254 0.418046 0.0780218 0.425781
0 0.954514 0.232657 0.0325657 0.0949519
0 0.770084 0.242398 0.0225416 0.104669
0 0.044294 0.237907 0.0572331 0.0946465
0 0.708291 0.240982 0.0193504 0.104906
0 0.878561 0.239971 0.026582 0.099729
0 0.798686 0.242672 0.0253471 0.0992439
3 0.954732 0.261949 0.0200851 0.0707975
2 0.902643 0.277615 0.0230278 0.0327822
1 0.801412 0.282786 0.0191158 0.0655707
2 0.648579 0.236949 0.106581 0.0896153
2 0.339144 0.330645 0.0699095 0.248555
0 0.195281 0.391923 0.0875495 0.438344
2 0.0510769 0.420732 0.101728 0.328291
0 0.447599 0.377412 0.0874472 0.364023
0 0.269506 0.427757 0.128841 0.550225
1 0.271356 0.631264 0.111651 0.393349
2 0.541153 0.249683 0.138874 0.0898484
1 0.129881 0.538696 0.103329 0.271846
1 0.446491 0.487419 0.0781645 0.231623
1 0.203871 0.588279 0.0593395 0.31976
0 0.128254 0.418046 0.0780218 0.425781
0 0.954514 0.232657 0.0325657 0.0949519
0 0.770084 0.242398 0.0225416 0.104669
0 0.044294 0.237907 0.0572331 0.0946465
0 0.708291 0.240982 0.0193504 0.104906
0 0.878561 0.239971 0.026582 0.099729
0 0.798686 0.242672 0.0253471 0.0992439
3 0.954732 0.261949 0.0200851 0.0707975
2 0.902643 0.277615 0.0230278 0.0327822
1 0.801412 0.282786 0.0191158 0.0655707
2 0.648579 0.236949 0.106581 0.0896153
2 0.339144 0.330645 0.0699095 0.248555
0 0.195281 0.391923 0.0875495 0.438344
2 0.0510769 0.420732 0.101728 0.328291
0 0.447599 0.377412 0.0874472 0.364023
0 0.269506 0.427757 0.128841 0.550225
1 0.271356 0.631264 0.111651 0.393349
2 0.541153 0.249683 0.138874 0.0898484
1 0.129881 0.538696 0.103329 0.271846
1 0.446491 0.487419 0.0781645 0.231623
1 0.203871 0.588279 0.0593395 0.31976
0 0.128254 0.418046 0.0780218 0.425781
0 0.954514 0.232657 0.0325657 0.0949519
0 0.770084 0.242398 0.0225416 0.104669
0 0.044294 0.237907 0.0572331 0.0946465
0 0.708291 0.240982 0.0193504 0.104906
0 0.878561 0.239971 0.026582 0.099729
0 0.798686 0.242672 0.0253471 0.0992439
3 0.954732 0.261949 0.0200851 0.0707975
2 0.902643 0.277615 0.0230278 0.0327822
1 0.801412 0.282786 0.0191158 0.0655707
2 0.648579 0.236949 0.106581 0.0896153
2 0.339144 0.330645 0.0699095 0.248555
0 0.195281 0.391923 0.0875495 0.438344
2 0.0510769 0.420732 0.101728 0.328291
0 0.447599 0.377412 0.0874472 0.364023
0 0.269506 0.427757 0.128841 0.550225
1 0.271356 0.631264 0.111651 0.393349
2 0.541153 0.249683 0.138874 0.0898484
1 0.129881 0.538696 0.103329 0.271846
1 0.446491 0.487419 0.0781645 0.231623
1 0.203871 0.588279 0.0593395 0.31976
0 0.128254 0.418046 0.0780218 0.425781
0 0.954514 0.232657 0.0325657 0.0949519
0 0.770084 0.242398 0.0225416 0.104669
0 0.044294 0.237907 0.0572331 0.0946465
0 0.708291 0.240982 0.0193504 0.104906
0 0.878561 0.239971 0.026582 0.099729
0 0.798686 0.242672 0.0253471 0.0992439
3 0.954732 0.261949 0.0200851 0.0707975
2 0.902643 0.277615 0.0230278 0.0327822
1 0.801412 0.282786 0.0191158 0.0655707
2 0.648579 0.236949 0.106581 0.0896153
2 0.339144 0.330645 0.0699095 0.248555
0 0.195281 0.391923 0.0875495 0.438344
2 0.0510769 0.420732 0.101728 0.328291
0 0.447599 0.377412 0.0874472 0.364023
0 0.269506 0.427757 0.128841 0.550225
1 0.271356 0.631264 0.111651 0.393349
2 0.541153 0.249683 0.138874 0.0898484
1 0.129881 0.538696 0.103329 0.271846
1 0.446491 0.487419 0.0781645 0.231623
1 0.203871 0.588279 0.0593395 0.31976
0 0.128254 0.418046 0.0780218 0.425781
0 0.954514 0.232657 0.0325657 0.0949519
0 0.770084 0.242398 0.0225416 0.104669
0 0.044294 0.237907 0.0572331 0.0946465
0 0.708291 0.240982 0.0193504 0.104906
0 0.878561 0.239971 0.026582 0.099729
0 0.798686 0.242672 0.0253471 0.0992439
3 0.954732 0.261949 0.0200851 0.0707975
2 0.902643 0.277615 0.0230278 0.0327822
1 0.801412 0.282786 0.0191158 0.0655707
2 0.648579 0.236949 0.106581 0.0896153
2 0.339144 0.330645 0.0699095 0.248555
0 0.195281 0.391923 0.0875495 0.438344
0 0.251469 0.145366 0.0594552 0.121512
1 0.877985 0.272904 0.0166462 0.0762434
0 0.841143 0.236574 0.0272591 0.102159
2 0.829401 0.254956 0.0515837 0.0806471
3 0.954646 0.261978 0.0275204 0.0658215
0 0.843975 0.222745 0.0197548 0.074954
3 0.840885 0.266108 0.0274359 0.0678435
