2 0.276833 0.336784 0.194358 0.259496
2 0.0534641 0.42184 0.10624 0.328814
3 0.463008 0.36912 0.107765 0.274181
0 0.0223299 0.231282 0.0410638 0.0601963
2 0.561299 0.248321 0.0999438 0.0875363
0 0.7381 0.244986 0.0274807 0.0991002
2 0.648847 0.238221 0.104648 0.0916142
0 0.849672 0.244506 0.0260981 0.12656
0 0.819881 0.245449 0.0268398 0.117465
0 0.956633 0.244016 0.0221336 0.108244
0 0.979165 0.242478 0.018819 0.0883768
1 0.778367 0.294055 0.0214512 0.0968876
0 0.210803 0.190414 0.0279592 0.0540285
1 0.851975 0.281271 0.0184853 0.0798866
1 0.82233 0.290151 0.0152992 0.0776465
0 0.925505 0.238729 0.0237556 0.112531
2 0.276833 0.336784 0.194358 0.259496
2 0.0534641 0.42184 0.10624 0.328814
3 0.463008 0.36912 0.107765 0.274181
0 0.0223299 0.231282 0.0410638 0.0601963
2 0.561299 0.248321 0.0999438 0.0875363
0 0.7381 0.244986 0.0274807 0.0991002
2 0.648847 0.238221 0.104648 0.0916142
0 0.849672 0.244506 0.0260981 0.12656
0 0.819881 0.245449 0.0268398 0.117465
0 0.956633 0.244016 0.0221336 0.108244
0 0.979165 0.242478 0.018819 0.0883768
1 0.778367 0.294055 0.0214512 0.0968876
0 0.210803 0.190414 0.0279592 0.0540285
1 0.851975 0.281271 0.0184853 0.0798866
1 0.82233 0.290151 0.0152992 0.0776465
0 0.925505 0.238729 0.0237556 0.112531
2 0.276833 0.336784 0.194358 0.259496
2 0.0534641 0.42184 0.10624 0.328814
3 0.463008 0.36912 0.107765 0.274181
0 0.0223299 0.231282 0.0410638 0.0601963
2 0.561299 0.248321 0.0999438 0.0875363
0 0.7381 0.244986 0.0274807 0.0991002
2 0.648847 0.238221 0.104648 0.0916142
0 0.849672 0.244506 0.0260981 0.12656
0 0.819881 0.245449 0.0268398 0.117465
0 0.956633 0.244016 0.0221336 0.108244
0 0.979165 0.242478 0.018819 0.0883768
1 0.778367 0.294055 0.0214512 0.0968876
0 0.210803 0.190414 0.0279592 0.0540285
1 0.851975 0.281271 0.0184853 0.0798866
1 0.82233 0.290151 0.0152992 0.0776465
0 0.925505 0.238729 0.0237556 0.112531
2 0.276833 0.336784 0.194358 0.259496
2 0.0534641 0.42184 0.10624 0.328814
3 0.463008 0.36912 0.107765 0.274181
0 0.0223299 0.231282 0.0410638 0.0601963
2 0.561299 0.248321 0.0999438 0.0875363
0 0.7381 0.244986 0.0274807 0.0991002
2 0.648847 0.238221 0.104648 0.0916142
0 0.849672 0.244506 0.0260981 0.12656
0 0.819881 0.245449 0.0268398 0.117465
0 0.956633 0.244016 0.0221336 0.108244
0 0.979165 0.242478 0.018819 0.0883768
1 0.778367 0.294055 0.0214512 0.0968876
0 0.210803 0.190414 0.0279592 0.0540285
1 0.851975 0.281271 0.0184853 0.0798866
1 0.82233 0.290151 0.0152992 0.0776465
0 0.925505 0.238729 0.0237556 0.112531
2 0.276833 0.336784 0.194358 0.259496
2 0.0534641 0.42184 0.10624 0.328814
3 0.463008 0.36912 0.107765 0.274181
0 0.0223299 0.231282 0.0410638 0.0601963
2 0.561299 0.248321 0.0999438 0.0875363
0 0.7381 0.244986 0.0274807 0.0991002
2 0.648847 0.238221 0.104648 0.0916142
0 0.849672 0.244506 0.0260981 0.12656
0 0.819881 0.245449 0.0268398 0.117465
0 0.956633 0.244016 0.0221336 0.108244
0 0.979165 0.242478 0.018819 0.0883768
1 0.778367 0.294055 0.0214512 0.0968876
0 0.210803 0.190414 0.0279592 0.0540285
1 0.851975 0.281271 0.0184853 0.0798866
1 0.82233 0.290151 0.0152992 0.0776465
0 0.925505 0.238729 0.0237556 0.112531
0 0.775726 0.255985 0.028958 0.125813
0 0.234255 0.201412 0.0176667 0.0473278
1 0.979574 0.263591 0.0168076 0.057352
1 0.881432 0.273384 0.0205404 0.0783529
0 0.882946 0.239088 0.0251236 0.123744
0 0.797192 0.252203 0.0186195 0.124072
0 0.467435 0.307047 0.0997735 0.262645
1 0.848454 0.282592 0.0211838 0.0782593
1 0.95883 0.271672 0.0144966 0.0656252
1 0.919457 0.273447 0.0180946 0.0719663
0 0.772286 0.242282 0.0257053 0.112006
0 0.48763 0.305807 0.0579046 0.257998
1 0.803046 0.279945 0.0177967 0.0744842
1 0.907165 0.272263 0.0141979 0.0695083
