0 0.281681 0.588775 0.102972 0.150493
0 0.372163 0.579205 0.0730816 0.124895
0 0.124848 0.598609 0.106451 0.179235
0 0.0470687 0.601044 0.0831771 0.18837
0 0.697163 0.560942 0.0643662 0.0726494
1 0.128445 0.646762 0.0715185 0.107275
0 0.787544 0.559254 0.0385625 0.0630999
1 0.372258 0.619294 0.0596437 0.0794676
1 0.285114 0.636678 0.0669784 0.103441
0 0.817734 0.559582 0.0383816 0.0630469
1 0.697846 0.584603 0.0453286 0.046928
1 0.0332004 0.662532 0.060054 0.126819
0 0.281681 0.588775 0.102972 0.150493
0 0.372163 0.579205 0.0730816 0.124895
0 0.124848 0.598609 0.106451 0.179235
0 0.0470687 0.601044 0.0831771 0.18837
0 0.697163 0.560942 0.0643662 0.0726494
1 0.128445 0.646762 0.0715185 0.107275
0 0.787544 0.559254 0.0385625 0.0630999
1 0.372258 0.619294 0.0596437 0.0794676
1 0.285114 0.636678 0.0669784 0.103441
0 0.817734 0.559582 0.0383816 0.0630469
1 0.697846 0.584603 0.0453286 0.046928
1 0.0332004 0.662532 0.060054 0.126819
0 0.281681 0.588775 0.102972 0.150493
0 0.372163 0.579205 0.0730816 0.124895
0 0.124848 0.598609 0.106451 0.179235
0 0.0470687 0.601044 0.0831771 0.18837
0 0.697163 0.560942 0.0643662 0.0726494
1 0.128445 0.646762 0.0715185 0.107275
0 0.787544 0.559254 0.0385625 0.0630999
1 0.372258 0.619294 0.0596437 0.0794676
1 0.285114 0.636678 0.0669784 0.103441
0 0.817734 0.559582 0.0383816 0.0630469
1 0.697846 0.584603 0.0453286 0.046928
1 0.0332004 0.662532 0.060054 0.126819
0 0.281681 0.588775 0.102972 0.150493
0 0.372163 0.579205 0.0730816 0.124895
0 0.124848 0.598609 0.106451 0.179235
0 0.0470687 0.601044 0.0831771 0.18837
0 0.697163 0.560942 0.0643662 0.0726494
1 0.128445 0.646762 0.0715185 0.107275
0 0.787544 0.559254 0.0385625 0.0630999
1 0.372258 0.619294 0.0596437 0.0794676
1 0.285114 0.636678 0.0669784 0.103441
0 0.817734 0.559582 0.0383816 0.0630469
1 0.697846 0.584603 0.0453286 0.046928
1 0.0332004 0.662532 0.060054 0.126819
0 0.281681 0.588775 0.102972 0.150493
0 0.372163 0.579205 0.0730816 0.124895
0 0.124848 0.598609 0.106451 0.179235
0 0.0470687 0.601044 0.0831771 0.18837
0 0.697163 0.560942 0.0643662 0.0726494
1 0.128445 0.646762 0.0715185 0.107275
0 0.787544 0.559254 0.0385625 0.0630999
1 0.372258 0.619294 0.0596437 0.0794676
1 0.285114 0.636678 0.0669784 0.103441
0 0.817734 0.559582 0.0383816 0.0630469
1 0.697846 0.584603 0.0453286 0.046928
1 0.0332004 0.662532 0.060054 0.126819
0 0.281681 0.588775 0.102972 0.150493
0 0.372163 0.579205 0.0730816 0.124895
0 0.124848 0.598609 0.106451 0.179235
0 0.0470687 0.601044 0.0831771 0.18837
0 0.697163 0.560942 0.0643662 0.0726494
1 0.128445 0.646762 0.0715185 0.107275
0 0.787544 0.559254 0.0385625 0.0630999
1 0.372258 0.619294 0.0596437 0.0794676
1 0.285114 0.636678 0.0669784 0.103441
0 0.817734 0.559582 0.0383816 0.0630469
1 0.697846 0.584603 0.0453286 0.046928
1 0.0332004 0.662532 0.060054 0.126819
0 0.318605 0.565454 0.0574117 0.0938915
1 0.784307 0.58068 0.0245802 0.0390419
1 0.814895 0.577688 0.0317758 0.036684
1 0.802709 0.579237 0.0440823 0.0404668
