1 0.690532 0.653093 0.43032 0.244901
0 0.690904 0.566127 0.231964 0.278307
1 0.502935 0.532749 0.101724 0.0802162
1 0.351687 0.554699 0.0859378 0.0975704
0 0.499323 0.500184 0.0900733 0.116747
0 0.346071 0.503937 0.0951047 0.125239
0 0.144795 0.507569 0.0689489 0.0998613
1 0.953313 0.587664 0.0902966 0.0866961
0 0.0204574 0.49397 0.0409148 0.0565014
0 0.247941 0.497571 0.053315 0.0757916
1 0.403868 0.526715 0.0367835 0.0524084
0 0.0961485 0.494161 0.0454489 0.0696589
1 0.0193545 0.512974 0.0300204 0.0383903
1 0.8792 0.546053 0.132837 0.0939224
1 0.0960142 0.515455 0.0347083 0.0459877
1 0.259096 0.520515 0.0509892 0.0477191
1 0.149871 0.532739 0.0409602 0.0715417
1 0.193843 0.509882 0.0259726 0.0387848
0 0.808901 0.483958 0.128896 0.0683167
1 0.690532 0.653093 0.43032 0.244901
0 0.690904 0.566127 0.231964 0.278307
1 0.502935 0.532749 0.101724 0.0802162
1 0.351687 0.554699 0.0859378 0.0975704
0 0.499323 0.500184 0.0900733 0.116747
0 0.346071 0.503937 0.0951047 0.125239
0 0.144795 0.507569 0.0689489 0.0998613
1 0.953313 0.587664 0.0902966 0.0866961
0 0.0204574 0.49397 0.0409148 0.0565014
0 0.247941 0.497571 0.053315 0.0757916
1 0.403868 0.526715 0.0367835 0.0524084
0 0.0961485 0.494161 0.0454489 0.0696589
1 0.0193545 0.512974 0.0300204 0.0383903
1 0.8792 0.546053 0.132837 0.0939224
1 0.0960142 0.515455 0.0347083 0.0459877
1 0.259096 0.520515 0.0509892 0.0477191
1 0.149871 0.532739 0.0409602 0.0715417
1 0.193843 0.509882 0.0259726 0.0387848
0 0.808901 0.483958 0.128896 0.0683167
0 0.586355 0.487979 0.0655238 0.122923
0 0.872291 0.501833 0.11804 0.13625
1 0.10141 0.516438 0.0311492 0.0452408
0 0.399292 0.495369 0.0509638 0.0765837
0 0.871732 0.470576 0.11543 0.0721579
0 0.190689 0.495215 0.0353231 0.0593824
0 0.811102 0.505243 0.13198 0.111982
0 0.215638 0.495736 0.0287682 0.0560891
0 0.21538 0.485491 0.0286728 0.034466
0 0.979093 0.526141 0.0414412 0.0926415
