0 0.443677 0.56457 0.0638502 0.0985769
0 0.162744 0.58288 0.0897228 0.135746
0 0.519581 0.562314 0.0586924 0.0857319
0 0.206853 0.581266 0.0550682 0.130426
0 0.666394 0.559222 0.0497582 0.0820255
1 0.177228 0.618349 0.0654394 0.0858664
0 0.773989 0.555206 0.046384 0.0765009
1 0.440093 0.598641 0.0401591 0.059488
0 0.734069 0.560538 0.0532176 0.0808502
0 0.89834 0.556278 0.0405146 0.068927
1 0.525192 0.588508 0.0355013 0.0542668
0 0.696457 0.559025 0.0389094 0.0807063
1 0.670175 0.585863 0.038337 0.0445942
0 0.810146 0.56185 0.0497125 0.0806727
0 0.85134 0.560178 0.0373686 0.0730315
1 0.726166 0.582884 0.0390639 0.046077
0 0.850648 0.542218 0.0321136 0.0375021
0 0.858744 0.560448 0.0441854 0.0724322
0 0.722864 0.559296 0.0442362 0.0831788
1 0.770943 0.583856 0.0436279 0.0419177
0 0.708375 0.558916 0.0394277 0.0831451
1 0.765389 0.58064 0.0376187 0.0462513
0 0.443677 0.56457 0.0638502 0.0985769
0 0.162744 0.58288 0.0897228 0.135746
0 0.519581 0.562314 0.0586924 0.0857319
0 0.206853 0.581266 0.0550682 0.130426
0 0.666394 0.559222 0.0497582 0.0820255
1 0.177228 0.618349 0.0654394 0.0858664
0 0.773989 0.555206 0.046384 0.0765009
1 0.440093 0.598641 0.0401591 0.059488
0 0.734069 0.560538 0.0532176 0.0808502
0 0.89834 0.556278 0.0405146 0.068927
1 0.525192 0.588508 0.0355013 0.0542668
0 0.696457 0.559025 0.0389094 0.0807063
1 0.670175 0.585863 0.038337 0.0445942
0 0.810146 0.56185 0.0497125 0.0806727
0 0.85134 0.560178 0.0373686 0.0730315
1 0.726166 0.582884 0.0390639 0.046077
0 0.850648 0.542218 0.0321136 0.0375021
0 0.858744 0.560448 0.0441854 0.0724322
0 0.722864 0.559296 0.0442362 0.0831788
1 0.770943 0.583856 0.0436279 0.0419177
0 0.708375 0.558916 0.0394277 0.0831451
1 0.765389 0.58064 0.0376187 0.0462513
0 0.443677 0.56457 0.0638502 0.0985769
0 0.162744 0.58288 0.0897228 0.135746
0 0.519581 0.562314 0.0586924 0.0857319
0 0.206853 0.581266 0.0550682 0.130426
0 0.666394 0.559222 0.0497582 0.0820255
1 0.177228 0.618349 0.0654394 0.0858664
0 0.773989 0.555206 0.046384 0.0765009
1 0.440093 0.598641 0.0401591 0.059488
0 0.734069 0.560538 0.0532176 0.0808502
0 0.89834 0.556278 0.0405146 0.068927
1 0.525192 0.588508 0.0355013 0.0542668
0 0.696457 0.559025 0.0389094 0.0807063
1 0.670175 0.585863 0.038337 0.0445942
0 0.810146 0.56185 0.0497125 0.0806727
0 0.85134 0.560178 0.0373686 0.0730315
1 0.726166 0.582884 0.0390639 0.046077
0 0.850648 0.542218 0.0321136 0.0375021
0 0.858744 0.560448 0.0441854 0.0724322
0 0.722864 0.559296 0.0442362 0.0831788
1 0.770943 0.583856 0.0436279 0.0419177
0 0.708375 0.558916 0.0394277 0.0831451
1 0.765389 0.58064 0.0376187 0.0462513
