1 0.853236 0.654821 0.291801 0.251925
0 0.851472 0.579249 0.212852 0.321689
1 0.166505 0.59948 0.08972 0.109867
0 0.372382 0.533502 0.0863952 0.116744
1 0.376073 0.573951 0.0748713 0.0896851
0 0.712038 0.513404 0.0725624 0.109715
0 0.301813 0.519296 0.055732 0.0650282
1 0.501761 0.566798 0.0893102 0.0845742
0 0.168788 0.542024 0.0978016 0.128147
0 0.118665 0.523485 0.0567385 0.10605
0 0.492827 0.52915 0.0631105 0.108042
1 0.303578 0.543847 0.043196 0.0536995
0 0.224163 0.518815 0.058769 0.0777495
1 0.639228 0.535025 0.0485508 0.037881
0 0.591821 0.520469 0.0694233 0.0860587
1 0.0868104 0.534439 0.0224507 0.0297916
1 0.218612 0.558348 0.0348949 0.0567278
1 0.853236 0.654821 0.291801 0.251925
0 0.851472 0.579249 0.212852 0.321689
1 0.166505 0.59948 0.08972 0.109867
0 0.372382 0.533502 0.0863952 0.116744
1 0.376073 0.573951 0.0748713 0.0896851
0 0.712038 0.513404 0.0725624 0.109715
0 0.301813 0.519296 0.055732 0.0650282
1 0.501761 0.566798 0.0893102 0.0845742
0 0.168788 0.542024 0.0978016 0.128147
0 0.118665 0.523485 0.0567385 0.10605
0 0.492827 0.52915 0.0631105 0.108042
1 0.303578 0.543847 0.043196 0.0536995
0 0.224163 0.518815 0.058769 0.0777495
1 0.639228 0.535025 0.0485508 0.037881
0 0.591821 0.520469 0.0694233 0.0860587
1 0.0868104 0.534439 0.0224507 0.0297916
1 0.218612 0.558348 0.0348949 0.0567278
1 0.597471 0.546317 0.0615998 0.0506746
1 0.62461 0.544761 0.0736758 0.0520252
0 0.914892 0.493909 0.0698542 0.0495039
1 0.0313289 0.521943 0.0323129 0.0203918
1 0.549147 0.550186 0.0495136 0.0494333
1 0.587257 0.673024 0.0664732 0.0518078
0 0.536774 0.501799 0.0567385 0.0498508
0 0.636587 0.504394 0.0510905 0.0354251
0 0.542843 0.515449 0.0699848 0.0762339
0 0.0821897 0.522001 0.0260172 0.0476639
