0 0.501291 0.565482 0.0655351 0.102641
0 0.604869 0.55892 0.0551141 0.0849622
0 0.690963 0.5583 0.0522154 0.0752422
0 0.831372 0.557775 0.0388041 0.0711607
1 0.501454 0.591174 0.0505015 0.063714
0 0.881068 0.558155 0.0300632 0.0636542
0 0.912521 0.558428 0.036439 0.0660354
1 0.604675 0.58312 0.0442702 0.049141
0 0.857449 0.554675 0.0292101 0.0676344
1 0.688317 0.577914 0.0274609 0.0463868
1 0.691246 0.578393 0.0396485 0.0458176
1 0.598399 0.583568 0.0307192 0.048523
0 0.939605 0.558193 0.0312805 0.0612701
0 0.501291 0.565482 0.0655351 0.102641
0 0.604869 0.55892 0.0551141 0.0849622
0 0.690963 0.5583 0.0522154 0.0752422
0 0.831372 0.557775 0.0388041 0.0711607
1 0.501454 0.591174 0.0505015 0.063714
0 0.881068 0.558155 0.0300632 0.0636542
0 0.912521 0.558428 0.036439 0.0660354
1 0.604675 0.58312 0.0442702 0.049141
0 0.857449 0.554675 0.0292101 0.0676344
1 0.688317 0.577914 0.0274609 0.0463868
1 0.691246 0.578393 0.0396485 0.0458176
1 0.598399 0.583568 0.0307192 0.048523
0 0.939605 0.558193 0.0312805 0.0612701
0 0.501291 0.565482 0.0655351 0.102641
0 0.604869 0.55892 0.0551141 0.0849622
0 0.690963 0.5583 0.0522154 0.0752422
0 0.831372 0.557775 0.0388041 0.0711607
1 0.501454 0.591174 0.0505015 0.063714
0 0.881068 0.558155 0.0300632 0.0636542
0 0.912521 0.558428 0.036439 0.0660354
1 0.604675 0.58312 0.0442702 0.049141
0 0.857449 0.554675 0.0292101 0.0676344
1 0.688317 0.577914 0.0274609 0.0463868
1 0.691246 0.578393 0.0396485 0.0458176
1 0.598399 0.583568 0.0307192 0.048523
0 0.939605 0.558193 0.0312805 0.0612701
0 0.501046 0.565441 0.065035 0.103814
0 0.606046 0.5568 0.0539577 0.0799824
0 0.691558 0.555821 0.049821 0.0722116
0 0.828725 0.556101 0.0367935 0.0692726
1 0.690919 0.57535 0.0361972 0.0511331
0 0.912422 0.557445 0.0366669 0.0685646
0 0.857646 0.554203 0.0333476 0.0680786
0 0.881111 0.557151 0.0295203 0.0648286
1 0.503795 0.590778 0.0563614 0.0647181
1 0.603319 0.583161 0.0361144 0.0515663
0 0.501046 0.565441 0.065035 0.103814
0 0.606046 0.5568 0.0539577 0.0799824
0 0.691558 0.555821 0.049821 0.0722116
0 0.828725 0.556101 0.0367935 0.0692726
1 0.690919 0.57535 0.0361972 0.0511331
0 0.912422 0.557445 0.0366669 0.0685646
0 0.857646 0.554203 0.0333476 0.0680786
0 0.881111 0.557151 0.0295203 0.0648286
1 0.503795 0.590778 0.0563614 0.0647181
1 0.603319 0.583161 0.0361144 0.0515663
0 0.501046 0.565441 0.065035 0.103814
0 0.606046 0.5568 0.0539577 0.0799824
0 0.691558 0.555821 0.049821 0.0722116
0 0.828725 0.556101 0.0367935 0.0692726
1 0.690919 0.57535 0.0361972 0.0511331
0 0.912422 0.557445 0.0366669 0.0685646
0 0.857646 0.554203 0.0333476 0.0680786
0 0.881111 0.557151 0.0295203 0.0648286
1 0.503795 0.590778 0.0563614 0.0647181
1 0.603319 0.583161 0.0361144 0.0515663
0 0.501046 0.565441 0.065035 0.103814
0 0.606046 0.5568 0.0539577 0.0799824
0 0.691558 0.555821 0.049821 0.0722116
0 0.828725 0.556101 0.0367935 0.0692726
1 0.690919 0.57535 0.0361972 0.0511331
0 0.912422 0.557445 0.0366669 0.0685646
0 0.857646 0.554203 0.0333476 0.0680786
0 0.881111 0.557151 0.0295203 0.0648286
1 0.503795 0.590778 0.0563614 0.0647181
1 0.603319 0.583161 0.0361144 0.0515663
0 0.501046 0.565441 0.065035 0.103814
0 0.606046 0.5568 0.0539577 0.0799824
0 0.691558 0.555821 0.049821 0.0722116
0 0.828725 0.556101 0.0367935 0.0692726
1 0.690919 0.57535 0.0361972 0.0511331
0 0.912422 0.557445 0.0366669 0.0685646
0 0.857646 0.554203 0.0333476 0.0680786
0 0.881111 0.557151 0.0295203 0.0648286
1 0.503795 0.590778 0.0563614 0.0647181
1 0.603319 0.583161 0.0361144 0.0515663
0 0.501046 0.565441 0.065035 0.103814
0 0.606046 0.5568 0.0539577 0.0799824
0 0.691558 0.555821 0.049821 0.0722116
0 0.828725 0.556101 0.0367935 0.0692726
1 0.690919 0.57535 0.0361972 0.0511331
0 0.912422 0.557445 0.0366669 0.0685646
0 0.857646 0.554203 0.0333476 0.0680786
0 0.881111 0.557151 0.0295203 0.0648286
1 0.503795 0.590778 0.0563614 0.0647181
1 0.603319 0.583161 0.0361144 0.0515663
0 0.501046 0.565441 0.065035 0.103814
0 0.606046 0.5568 0.0539577 0.0799824
0 0.691558 0.555821 0.049821 0.0722116
0 0.828725 0.556101 0.0367935 0.0692726
1 0.690919 0.57535 0.0361972 0.0511331
0 0.912422 0.557445 0.0366669 0.0685646
0 0.857646 0.554203 0.0333476 0.0680786
0 0.881111 0.557151 0.0295203 0.0648286
1 0.503795 0.590778 0.0563614 0.0647181
1 0.603319 0.583161 0.0361144 0.0515663
0 0.501046 0.565441 0.065035 0.103814
0 0.606046 0.5568 0.0539577 0.0799824
0 0.691558 0.555821 0.049821 0.0722116
0 0.828725 0.556101 0.0367935 0.0692726
1 0.690919 0.57535 0.0361972 0.0511331
0 0.912422 0.557445 0.0366669 0.0685646
0 0.857646 0.554203 0.0333476 0.0680786
0 0.881111 0.557151 0.0295203 0.0648286
1 0.503795 0.590778 0.0563614 0.0647181
1 0.603319 0.583161 0.0361144 0.0515663
0 0.939681 0.556733 0.0371162 0.0641313
0 0.869448 0.55593 0.0490757 0.0698278
0 0.945982 0.556489 0.0279192 0.0626214
