0 0.406524 0.571743 0.0776395 0.114013
0 0.556976 0.558356 0.05405 0.0880533
0 0.632542 0.557134 0.0512603 0.0773609
0 0.781379 0.555827 0.0351193 0.0761427
1 0.40391 0.601193 0.0689358 0.0699047
0 0.862669 0.55432 0.0445329 0.0720814
0 0.941588 0.555478 0.0284854 0.0684528
0 0.810667 0.554214 0.0351507 0.0712805
1 0.556042 0.585693 0.0384715 0.0563566
0 0.897037 0.555317 0.0350254 0.0659035
1 0.631853 0.579639 0.0293525 0.0512321
0 0.406524 0.571743 0.0776395 0.114013
0 0.556976 0.558356 0.05405 0.0880533
0 0.632542 0.557134 0.0512603 0.0773609
0 0.781379 0.555827 0.0351193 0.0761427
1 0.40391 0.601193 0.0689358 0.0699047
0 0.862669 0.55432 0.0445329 0.0720814
0 0.941588 0.555478 0.0284854 0.0684528
0 0.810667 0.554214 0.0351507 0.0712805
1 0.556042 0.585693 0.0384715 0.0563566
0 0.897037 0.555317 0.0350254 0.0659035
1 0.631853 0.579639 0.0293525 0.0512321
0 0.406524 0.571743 0.0776395 0.114013
0 0.556976 0.558356 0.05405 0.0880533
0 0.632542 0.557134 0.0512603 0.0773609
0 0.781379 0.555827 0.0351193 0.0761427
1 0.40391 0.601193 0.0689358 0.0699047
0 0.862669 0.55432 0.0445329 0.0720814
0 0.941588 0.555478 0.0284854 0.0684528
0 0.810667 0.554214 0.0351507 0.0712805
1 0.556042 0.585693 0.0384715 0.0563566
0 0.897037 0.555317 0.0350254 0.0659035
1 0.631853 0.579639 0.0293525 0.0512321
0 0.406524 0.571743 0.0776395 0.114013
0 0.556976 0.558356 0.05405 0.0880533
0 0.632542 0.557134 0.0512603 0.0773609
0 0.781379 0.555827 0.0351193 0.0761427
1 0.40391 0.601193 0.0689358 0.0699047
0 0.862669 0.55432 0.0445329 0.0720814
0 0.941588 0.555478 0.0284854 0.0684528
0 0.810667 0.554214 0.0351507 0.0712805
1 0.556042 0.585693 0.0384715 0.0563566
0 0.897037 0.555317 0.0350254 0.0659035
1 0.631853 0.579639 0.0293525 0.0512321
0 0.406524 0.571743 0.0776395 0.114013
0 0.556976 0.558356 0.05405 0.0880533
0 0.632542 0.557134 0.0512603 0.0773609
0 0.781379 0.555827 0.0351193 0.0761427
1 0.40391 0.601193 0.0689358 0.0699047
0 0.862669 0.55432 0.0445329 0.0720814
0 0.941588 0.555478 0.0284854 0.0684528
0 0.810667 0.554214 0.0351507 0.0712805
1 0.556042 0.585693 0.0384715 0.0563566
0 0.897037 0.555317 0.0350254 0.0659035
1 0.631853 0.579639 0.0293525 0.0512321
0 0.406524 0.571743 0.0776395 0.114013
0 0.556976 0.558356 0.05405 0.0880533
0 0.632542 0.557134 0.0512603 0.0773609
0 0.781379 0.555827 0.0351193 0.0761427
1 0.40391 0.601193 0.0689358 0.0699047
0 0.862669 0.55432 0.0445329 0.0720814
0 0.941588 0.555478 0.0284854 0.0684528
0 0.810667 0.554214 0.0351507 0.0712805
1 0.556042 0.585693 0.0384715 0.0563566
0 0.897037 0.555317 0.0350254 0.0659035
1 0.631853 0.579639 0.0293525 0.0512321
1 0.801062 0.573731 0.025509 0.0436889
0 0.832836 0.554191 0.0321038 0.0650183
1 0.633374 0.580671 0.0425107 0.0512814
1 0.864922 0.575307 0.031888 0.0390681
1 0.788539 0.574916 0.0380905 0.0427426
1 0.907861 0.573613 0.0343002 0.0376852
