0 0.208421 0.59609 0.104441 0.166313
0 0.0460166 0.595746 0.0920332 0.176652
0 0.33583 0.58393 0.0752199 0.140959
0 0.274921 0.583085 0.071025 0.132036
1 0.207993 0.643976 0.0785777 0.109906
1 0.0424176 0.652045 0.0833962 0.119926
0 0.78194 0.557752 0.040349 0.0625022
1 0.267966 0.636823 0.0419557 0.0937485
1 0.335719 0.617983 0.0625831 0.0892912
1 0.677173 0.58587 0.0433128 0.0466205
0 0.670776 0.56419 0.0499986 0.0784942
0 0.814673 0.557595 0.035681 0.0604
1 0.814213 0.576626 0.026629 0.037929
0 0.208421 0.59609 0.104441 0.166313
0 0.0460166 0.595746 0.0920332 0.176652
0 0.33583 0.58393 0.0752199 0.140959
0 0.274921 0.583085 0.071025 0.132036
1 0.207993 0.643976 0.0785777 0.109906
1 0.0424176 0.652045 0.0833962 0.119926
0 0.78194 0.557752 0.040349 0.0625022
1 0.267966 0.636823 0.0419557 0.0937485
1 0.335719 0.617983 0.0625831 0.0892912
1 0.677173 0.58587 0.0433128 0.0466205
0 0.670776 0.56419 0.0499986 0.0784942
0 0.814673 0.557595 0.035681 0.0604
1 0.814213 0.576626 0.026629 0.037929
0 0.208421 0.59609 0.104441 0.166313
0 0.0460166 0.595746 0.0920332 0.176652
0 0.33583 0.58393 0.0752199 0.140959
0 0.274921 0.583085 0.071025 0.132036
1 0.207993 0.643976 0.0785777 0.109906
1 0.0424176 0.652045 0.0833962 0.119926
0 0.78194 0.557752 0.040349 0.0625022
1 0.267966 0.636823 0.0419557 0.0937485
1 0.335719 0.617983 0.0625831 0.0892912
1 0.677173 0.58587 0.0433128 0.0466205
0 0.670776 0.56419 0.0499986 0.0784942
0 0.814673 0.557595 0.035681 0.0604
1 0.814213 0.576626 0.026629 0.037929
0 0.208421 0.59609 0.104441 0.166313
0 0.0460166 0.595746 0.0920332 0.176652
0 0.33583 0.58393 0.0752199 0.140959
0 0.274921 0.583085 0.071025 0.132036
1 0.207993 0.643976 0.0785777 0.109906
1 0.0424176 0.652045 0.0833962 0.119926
0 0.78194 0.557752 0.040349 0.0625022
1 0.267966 0.636823 0.0419557 0.0937485
1 0.335719 0.617983 0.0625831 0.0892912
1 0.677173 0.58587 0.0433128 0.0466205
0 0.670776 0.56419 0.0499986 0.0784942
0 0.814673 0.557595 0.035681 0.0604
1 0.814213 0.576626 0.026629 0.037929
0 0.208421 0.59609 0.104441 0.166313
0 0.0460166 0.595746 0.0920332 0.176652
0 0.33583 0.58393 0.0752199 0.140959
0 0.274921 0.583085 0.071025 0.132036
1 0.207993 0.643976 0.0785777 0.109906
1 0.0424176 0.652045 0.0833962 0.119926
0 0.78194 0.557752 0.040349 0.0625022
1 0.267966 0.636823 0.0419557 0.0937485
1 0.335719 0.617983 0.0625831 0.0892912
1 0.677173 0.58587 0.0433128 0.0466205
0 0.670776 0.56419 0.0499986 0.0784942
0 0.814673 0.557595 0.035681 0.0604
1 0.814213 0.576626 0.026629 0.037929
0 0.208421 0.59609 0.104441 0.166313
0 0.0460166 0.595746 0.0920332 0.176652
0 0.33583 0.58393 0.0752199 0.140959
0 0.274921 0.583085 0.071025 0.132036
1 0.207993 0.643976 0.0785777 0.109906
1 0.0424176 0.652045 0.0833962 0.119926
0 0.78194 0.557752 0.040349 0.0625022
1 0.267966 0.636823 0.0419557 0.0937485
1 0.335719 0.617983 0.0625831 0.0892912
1 0.677173 0.58587 0.0433128 0.0466205
0 0.670776 0.56419 0.0499986 0.0784942
0 0.814673 0.557595 0.035681 0.0604
1 0.814213 0.576626 0.026629 0.037929
1 0.780187 0.580688 0.0289978 0.0381226
0 0.698377 0.562838 0.0352522 0.0736128
0 0.681475 0.563606 0.0681391 0.0774519
