2 0.27668 0.336373 0.194759 0.259831
0 0.100395 0.311295 0.0547295 0.235082
1 0.502075 0.375048 0.0494932 0.156888
0 0.500688 0.298889 0.0515251 0.217986
1 0.565997 0.359909 0.0378428 0.143312
0 0.0203153 0.512747 0.0403489 0.648345
0 0.56748 0.284878 0.0439586 0.189453
1 0.611677 0.352571 0.0314653 0.134331
0 0.69399 0.275798 0.0412792 0.188951
0 0.60681 0.287816 0.0378088 0.172835
2 0.0678387 0.407769 0.075728 0.297976
1 0.696045 0.328817 0.0338665 0.120972
1 0.658006 0.341896 0.0325834 0.127841
0 0.211249 0.190028 0.0290002 0.0547144
0 0.888524 0.246648 0.0302542 0.151273
0 0.920482 0.237164 0.022904 0.109219
1 0.886483 0.28652 0.0252214 0.10417
0 0.732946 0.264105 0.0293716 0.177625
1 0.742148 0.318108 0.0207294 0.119396
0 0.769058 0.263535 0.0305744 0.18909
1 0.816565 0.311724 0.0250435 0.106939
0 0.816986 0.262553 0.0344854 0.159137
1 0.85803 0.301497 0.0207706 0.0933501
0 0.655136 0.27774 0.0350344 0.180536
1 0.919838 0.273796 0.0116631 0.0724993
1 0.770588 0.313584 0.0209765 0.117137
2 0.27668 0.336373 0.194759 0.259831
0 0.100395 0.311295 0.0547295 0.235082
1 0.502075 0.375048 0.0494932 0.156888
0 0.500688 0.298889 0.0515251 0.217986
1 0.565997 0.359909 0.0378428 0.143312
0 0.0203153 0.512747 0.0403489 0.648345
0 0.56748 0.284878 0.0439586 0.189453
1 0.611677 0.352571 0.0314653 0.134331
0 0.69399 0.275798 0.0412792 0.188951
0 0.60681 0.287816 0.0378088 0.172835
2 0.0678387 0.407769 0.075728 0.297976
1 0.696045 0.328817 0.0338665 0.120972
1 0.658006 0.341896 0.0325834 0.127841
0 0.211249 0.190028 0.0290002 0.0547144
0 0.888524 0.246648 0.0302542 0.151273
0 0.920482 0.237164 0.022904 0.109219
1 0.886483 0.28652 0.0252214 0.10417
0 0.732946 0.264105 0.0293716 0.177625
1 0.742148 0.318108 0.0207294 0.119396
0 0.769058 0.263535 0.0305744 0.18909
1 0.816565 0.311724 0.0250435 0.106939
0 0.816986 0.262553 0.0344854 0.159137
1 0.85803 0.301497 0.0207706 0.0933501
0 0.655136 0.27774 0.0350344 0.180536
1 0.919838 0.273796 0.0116631 0.0724993
1 0.770588 0.313584 0.0209765 0.117137
2 0.27668 0.336373 0.194759 0.259831
0 0.100395 0.311295 0.0547295 0.235082
1 0.502075 0.375048 0.0494932 0.156888
0 0.500688 0.298889 0.0515251 0.217986
1 0.565997 0.359909 0.0378428 0.143312
0 0.0203153 0.512747 0.0403489 0.648345
0 0.56748 0.284878 0.0439586 0.189453
1 0.611677 0.352571 0.0314653 0.134331
0 0.69399 0.275798 0.0412792 0.188951
0 0.60681 0.287816 0.0378088 0.172835
2 0.0678387 0.407769 0.075728 0.297976
1 0.696045 0.328817 0.0338665 0.120972
1 0.658006 0.341896 0.0325834 0.127841
0 0.211249 0.190028 0.0290002 0.0547144
0 0.888524 0.246648 0.0302542 0.151273
0 0.920482 0.237164 0.022904 0.109219
1 0.886483 0.28652 0.0252214 0.10417
0 0.732946 0.264105 0.0293716 0.177625
1 0.742148 0.318108 0.0207294 0.119396
0 0.769058 0.263535 0.0305744 0.18909
1 0.816565 0.311724 0.0250435 0.106939
0 0.816986 0.262553 0.0344854 0.159137
1 0.85803 0.301497 0.0207706 0.0933501
0 0.655136 0.27774 0.0350344 0.180536
1 0.919838 0.273796 0.0116631 0.0724993
1 0.770588 0.313584 0.0209765 0.117137
2 0.27668 0.336373 0.194759 0.259831
0 0.100395 0.311295 0.0547295 0.235082
1 0.502075 0.375048 0.0494932 0.156888
0 0.500688 0.298889 0.0515251 0.217986
1 0.565997 0.359909 0.0378428 0.143312
0 0.0203153 0.512747 0.0403489 0.648345
0 0.56748 0.284878 0.0439586 0.189453
1 0.611677 0.352571 0.0314653 0.134331
0 0.69399 0.275798 0.0412792 0.188951
0 0.60681 0.287816 0.0378088 0.172835
2 0.0678387 0.407769 0.075728 0.297976
1 0.696045 0.328817 0.0338665 0.120972
1 0.658006 0.341896 0.0325834 0.127841
0 0.211249 0.190028 0.0290002 0.0547144
0 0.888524 0.246648 0.0302542 0.151273
0 0.920482 0.237164 0.022904 0.109219
1 0.886483 0.28652 0.0252214 0.10417
0 0.732946 0.264105 0.0293716 0.177625
1 0.742148 0.318108 0.0207294 0.119396
0 0.769058 0.263535 0.0305744 0.18909
1 0.816565 0.311724 0.0250435 0.106939
0 0.816986 0.262553 0.0344854 0.159137
1 0.85803 0.301497 0.0207706 0.0933501
0 0.655136 0.27774 0.0350344 0.180536
1 0.919838 0.273796 0.0116631 0.0724993
1 0.770588 0.313584 0.0209765 0.117137
2 0.27668 0.336373 0.194759 0.259831
0 0.100395 0.311295 0.0547295 0.235082
1 0.502075 0.375048 0.0494932 0.156888
0 0.500688 0.298889 0.0515251 0.217986
1 0.565997 0.359909 0.0378428 0.143312
0 0.0203153 0.512747 0.0403489 0.648345
0 0.56748 0.284878 0.0439586 0.189453
1 0.611677 0.352571 0.0314653 0.134331
0 0.69399 0.275798 0.0412792 0.188951
0 0.60681 0.287816 0.0378088 0.172835
2 0.0678387 0.407769 0.075728 0.297976
1 0.696045 0.328817 0.0338665 0.120972
1 0.658006 0.341896 0.0325834 0.127841
0 0.211249 0.190028 0.0290002 0.0547144
0 0.888524 0.246648 0.0302542 0.151273
0 0.920482 0.237164 0.022904 0.109219
1 0.886483 0.28652 0.0252214 0.10417
0 0.732946 0.264105 0.0293716 0.177625
1 0.742148 0.318108 0.0207294 0.119396
0 0.769058 0.263535 0.0305744 0.18909
1 0.816565 0.311724 0.0250435 0.106939
0 0.816986 0.262553 0.0344854 0.159137
1 0.85803 0.301497 0.0207706 0.0933501
0 0.655136 0.27774 0.0350344 0.180536
1 0.919838 0.273796 0.0116631 0.0724993
1 0.770588 0.313584 0.0209765 0.117137
1 0.920417 0.273995 0.0170015 0.0751025
0 0.857738 0.257923 0.0251898 0.145079
1 0.737363 0.316801 0.0285241 0.121954
1 0.793335 0.308446 0.0237859 0.10023
1 0.811754 0.312231 0.0269432 0.104923
1 0.834569 0.297258 0.0179199 0.0835644
1 0.775679 0.312843 0.0303768 0.115264
