0 0.100459 0.538778 0.200383 0.889412
1 0.268583 0.483849 0.0617086 0.246401
0 0.414628 0.410432 0.109303 0.501378
0 0.529259 0.35725 0.0636168 0.340001
1 0.412414 0.549756 0.0836113 0.318925
1 0.523058 0.450736 0.0593283 0.201092
1 0.0843065 0.774928 0.168613 0.429769
0 0.262365 0.351464 0.081715 0.306954
0 0.340944 0.378721 0.0830687 0.407099
0 0.958632 0.231522 0.0312645 0.0870929
0 0.770039 0.243162 0.0207374 0.106119
1 0.34806 0.517897 0.0671132 0.282173
0 0.708022 0.241148 0.0191443 0.105526
0 0.337635 0.152056 0.0616973 0.114563
0 0.212526 0.233324 0.0350815 0.0899653
3 0.957096 0.259835 0.0242001 0.0695163
2 0.540755 0.248487 0.136766 0.0910572
2 0.24853 0.333612 0.13517 0.256868
2 0.802591 0.250064 0.0360779 0.0775187
0 0.892489 0.237927 0.0241562 0.0966421
2 0.648453 0.235987 0.106438 0.0875214
0 0.821351 0.241972 0.022868 0.0982686
3 0.852048 0.256807 0.028083 0.0809939
1 0.822657 0.271208 0.0176569 0.0780401
0 0.100459 0.538778 0.200383 0.889412
1 0.268583 0.483849 0.0617086 0.246401
0 0.414628 0.410432 0.109303 0.501378
0 0.529259 0.35725 0.0636168 0.340001
1 0.412414 0.549756 0.0836113 0.318925
1 0.523058 0.450736 0.0593283 0.201092
1 0.0843065 0.774928 0.168613 0.429769
0 0.262365 0.351464 0.081715 0.306954
0 0.340944 0.378721 0.0830687 0.407099
0 0.958632 0.231522 0.0312645 0.0870929
0 0.770039 0.243162 0.0207374 0.106119
1 0.34806 0.517897 0.0671132 0.282173
0 0.708022 0.241148 0.0191443 0.105526
0 0.337635 0.152056 0.0616973 0.114563
0 0.212526 0.233324 0.0350815 0.0899653
3 0.957096 0.259835 0.0242001 0.0695163
2 0.540755 0.248487 0.136766 0.0910572
2 0.24853 0.333612 0.13517 0.256868
2 0.802591 0.250064 0.0360779 0.0775187
0 0.892489 0.237927 0.0241562 0.0966421
2 0.648453 0.235987 0.106438 0.0875214
0 0.821351 0.241972 0.022868 0.0982686
3 0.852048 0.256807 0.028083 0.0809939
1 0.822657 0.271208 0.0176569 0.0780401
0 0.100459 0.538778 0.200383 0.889412
1 0.268583 0.483849 0.0617086 0.246401
0 0.414628 0.410432 0.109303 0.501378
0 0.529259 0.35725 0.0636168 0.340001
1 0.412414 0.549756 0.0836113 0.318925
1 0.523058 0.450736 0.0593283 0.201092
1 0.0843065 0.774928 0.168613 0.429769
0 0.262365 0.351464 0.081715 0.306954
0 0.340944 0.378721 0.0830687 0.407099
0 0.958632 0.231522 0.0312645 0.0870929
0 0.770039 0.243162 0.0207374 0.106119
1 0.34806 0.517897 0.0671132 0.282173
0 0.708022 0.241148 0.0191443 0.105526
0 0.337635 0.152056 0.0616973 0.114563
0 0.212526 0.233324 0.0350815 0.0899653
3 0.957096 0.259835 0.0242001 0.0695163
2 0.540755 0.248487 0.136766 0.0910572
2 0.24853 0.333612 0.13517 0.256868
2 0.802591 0.250064 0.0360779 0.0775187
0 0.892489 0.237927 0.0241562 0.0966421
2 0.648453 0.235987 0.106438 0.0875214
0 0.821351 0.241972 0.022868 0.0982686
3 0.852048 0.256807 0.028083 0.0809939
1 0.822657 0.271208 0.0176569 0.0780401
0 0.100459 0.538778 0.200383 0.889412
1 0.268583 0.483849 0.0617086 0.246401
0 0.414628 0.410432 0.109303 0.501378
0 0.529259 0.35725 0.0636168 0.340001
1 0.412414 0.549756 0.0836113 0.318925
1 0.523058 0.450736 0.0593283 0.201092
1 0.0843065 0.774928 0.168613 0.429769
0 0.262365 0.351464 0.081715 0.306954
0 0.340944 0.378721 0.0830687 0.407099
0 0.958632 0.231522 0.0312645 0.0870929
0 0.770039 0.243162 0.0207374 0.106119
1 0.34806 0.517897 0.0671132 0.282173
0 0.708022 0.241148 0.0191443 0.105526
0 0.337635 0.152056 0.0616973 0.114563
0 0.212526 0.233324 0.0350815 0.0899653
3 0.957096 0.259835 0.0242001 0.0695163
2 0.540755 0.248487 0.136766 0.0910572
2 0.24853 0.333612 0.13517 0.256868
2 0.802591 0.250064 0.0360779 0.0775187
0 0.892489 0.237927 0.0241562 0.0966421
2 0.648453 0.235987 0.106438 0.0875214
0 0.821351 0.241972 0.022868 0.0982686
3 0.852048 0.256807 0.028083 0.0809939
1 0.822657 0.271208 0.0176569 0.0780401
0 0.100459 0.538778 0.200383 0.889412
1 0.268583 0.483849 0.0617086 0.246401
0 0.414628 0.410432 0.109303 0.501378
0 0.529259 0.35725 0.0636168 0.340001
1 0.412414 0.549756 0.0836113 0.318925
1 0.523058 0.450736 0.0593283 0.201092
1 0.0843065 0.774928 0.168613 0.429769
0 0.262365 0.351464 0.081715 0.306954
0 0.340944 0.378721 0.0830687 0.407099
0 0.958632 0.231522 0.0312645 0.0870929
0 0.770039 0.243162 0.0207374 0.106119
1 0.34806 0.517897 0.0671132 0.282173
0 0.708022 0.241148 0.0191443 0.105526
0 0.337635 0.152056 0.0616973 0.114563
0 0.212526 0.233324 0.0350815 0.0899653
3 0.957096 0.259835 0.0242001 0.0695163
2 0.540755 0.248487 0.136766 0.0910572
2 0.24853 0.333612 0.13517 0.256868
2 0.802591 0.250064 0.0360779 0.0775187
0 0.892489 0.237927 0.0241562 0.0966421
2 0.648453 0.235987 0.106438 0.0875214
0 0.821351 0.241972 0.022868 0.0982686
3 0.852048 0.256807 0.028083 0.0809939
1 0.822657 0.271208 0.0176569 0.0780401
0 0.0992365 0.182581 0.0817078 0.0830581
0 0.381455 0.215411 0.036218 0.083957
2 0.218932 0.335955 0.0770828 0.254361
0 0.206217 0.188617 0.0184544 0.0495729
0 0.205267 0.201895 0.0208707 0.0751212
0 0.849247 0.231943 0.0312485 0.0865506
0 0.848823 0.222465 0.027877 0.0685128
