0 0.122858 0.585172 0.0869185 0.139905
0 0.292675 0.579154 0.0709478 0.118885
0 0.582407 0.570617 0.0655423 0.109655
0 0.751028 0.562265 0.0567851 0.0903809
1 0.123814 0.622486 0.0530977 0.0870003
0 0.475128 0.579383 0.0757357 0.111022
0 0.683233 0.56412 0.0587077 0.0929451
0 0.643216 0.56898 0.0496842 0.0950647
1 0.681215 0.594007 0.0444144 0.0606221
0 0.889879 0.56185 0.0401944 0.0711144
1 0.626845 0.59804 0.0404717 0.0635365
1 0.592673 0.604107 0.0404599 0.0630422
1 0.291278 0.610075 0.0499172 0.0723454
0 0.449877 0.572651 0.045019 0.116572
1 0.548276 0.602203 0.0290465 0.052285
0 0.79251 0.562791 0.0377419 0.0771688
0 0.507547 0.567862 0.0474757 0.110031
1 0.471527 0.603373 0.0442168 0.0711527
1 0.480383 0.601749 0.0557289 0.073728
1 0.540166 0.601902 0.0418912 0.0533776
0 0.540768 0.569211 0.0464725 0.105141
0 0.922938 0.554333 0.0398821 0.0681263
1 0.745736 0.584844 0.0395737 0.0500303
0 0.845376 0.558847 0.0331963 0.0582415
0 0.820049 0.558795 0.0339016 0.0656377
0 0.712303 0.557354 0.031446 0.075293
1 0.824224 0.580254 0.0353868 0.0399982
1 0.508645 0.597544 0.0345903 0.0581783
0 0.122858 0.585172 0.0869185 0.139905
0 0.292675 0.579154 0.0709478 0.118885
0 0.582407 0.570617 0.0655423 0.109655
0 0.751028 0.562265 0.0567851 0.0903809
1 0.123814 0.622486 0.0530977 0.0870003
0 0.475128 0.579383 0.0757357 0.111022
0 0.683233 0.56412 0.0587077 0.0929451
0 0.643216 0.56898 0.0496842 0.0950647
1 0.681215 0.594007 0.0444144 0.0606221
0 0.889879 0.56185 0.0401944 0.0711144
1 0.626845 0.59804 0.0404717 0.0635365
1 0.592673 0.604107 0.0404599 0.0630422
1 0.291278 0.610075 0.0499172 0.0723454
0 0.449877 0.572651 0.045019 0.116572
1 0.548276 0.602203 0.0290465 0.052285
0 0.79251 0.562791 0.0377419 0.0771688
0 0.507547 0.567862 0.0474757 0.110031
1 0.471527 0.603373 0.0442168 0.0711527
1 0.480383 0.601749 0.0557289 0.073728
1 0.540166 0.601902 0.0418912 0.0533776
0 0.540768 0.569211 0.0464725 0.105141
0 0.922938 0.554333 0.0398821 0.0681263
1 0.745736 0.584844 0.0395737 0.0500303
0 0.845376 0.558847 0.0331963 0.0582415
0 0.820049 0.558795 0.0339016 0.0656377
0 0.712303 0.557354 0.031446 0.075293
1 0.824224 0.580254 0.0353868 0.0399982
1 0.508645 0.597544 0.0345903 0.0581783
0 0.122858 0.585172 0.0869185 0.139905
0 0.292675 0.579154 0.0709478 0.118885
0 0.582407 0.570617 0.0655423 0.109655
0 0.751028 0.562265 0.0567851 0.0903809
1 0.123814 0.622486 0.0530977 0.0870003
0 0.475128 0.579383 0.0757357 0.111022
0 0.683233 0.56412 0.0587077 0.0929451
0 0.643216 0.56898 0.0496842 0.0950647
1 0.681215 0.594007 0.0444144 0.0606221
0 0.889879 0.56185 0.0401944 0.0711144
1 0.626845 0.59804 0.0404717 0.0635365
1 0.592673 0.604107 0.0404599 0.0630422
1 0.291278 0.610075 0.0499172 0.0723454
0 0.449877 0.572651 0.045019 0.116572
1 0.548276 0.602203 0.0290465 0.052285
0 0.79251 0.562791 0.0377419 0.0771688
0 0.507547 0.567862 0.0474757 0.110031
1 0.471527 0.603373 0.0442168 0.0711527
1 0.480383 0.601749 0.0557289 0.073728
1 0.540166 0.601902 0.0418912 0.0533776
0 0.540768 0.569211 0.0464725 0.105141
0 0.922938 0.554333 0.0398821 0.0681263
1 0.745736 0.584844 0.0395737 0.0500303
0 0.845376 0.558847 0.0331963 0.0582415
0 0.820049 0.558795 0.0339016 0.0656377
0 0.712303 0.557354 0.031446 0.075293
1 0.824224 0.580254 0.0353868 0.0399982
1 0.508645 0.597544 0.0345903 0.0581783
0 0.124037 0.583521 0.0871718 0.136797
0 0.584165 0.569522 0.0679257 0.10693
0 0.292914 0.578141 0.0692243 0.116439
0 0.476318 0.581254 0.0714834 0.106915
0 0.679853 0.566998 0.0576219 0.0997619
1 0.122788 0.620309 0.0705264 0.0902251
0 0.750436 0.561205 0.0607695 0.0883806
1 0.295102 0.606177 0.0603483 0.0788477
0 0.643861 0.568955 0.0449471 0.0929192
0 0.506027 0.566654 0.0439362 0.109023
0 0.541087 0.573606 0.0407272 0.0997563
0 0.889065 0.561104 0.0402157 0.0684769
0 0.791811 0.562254 0.0368732 0.0764809
1 0.469891 0.607507 0.0396123 0.0639789
0 0.124037 0.583521 0.0871718 0.136797
0 0.584165 0.569522 0.0679257 0.10693
0 0.292914 0.578141 0.0692243 0.116439
0 0.476318 0.581254 0.0714834 0.106915
0 0.679853 0.566998 0.0576219 0.0997619
1 0.122788 0.620309 0.0705264 0.0902251
0 0.750436 0.561205 0.0607695 0.0883806
1 0.295102 0.606177 0.0603483 0.0788477
0 0.643861 0.568955 0.0449471 0.0929192
0 0.506027 0.566654 0.0439362 0.109023
0 0.541087 0.573606 0.0407272 0.0997563
0 0.889065 0.561104 0.0402157 0.0684769
0 0.791811 0.562254 0.0368732 0.0764809
1 0.469891 0.607507 0.0396123 0.0639789
0 0.124037 0.583521 0.0871718 0.136797
0 0.584165 0.569522 0.0679257 0.10693
0 0.292914 0.578141 0.0692243 0.116439
0 0.476318 0.581254 0.0714834 0.106915
0 0.679853 0.566998 0.0576219 0.0997619
1 0.122788 0.620309 0.0705264 0.0902251
0 0.750436 0.561205 0.0607695 0.0883806
1 0.295102 0.606177 0.0603483 0.0788477
0 0.643861 0.568955 0.0449471 0.0929192
0 0.506027 0.566654 0.0439362 0.109023
0 0.541087 0.573606 0.0407272 0.0997563
0 0.889065 0.561104 0.0402157 0.0684769
0 0.791811 0.562254 0.0368732 0.0764809
1 0.469891 0.607507 0.0396123 0.0639789
0 0.124037 0.583521 0.0871718 0.136797
0 0.584165 0.569522 0.0679257 0.10693
0 0.292914 0.578141 0.0692243 0.116439
0 0.476318 0.581254 0.0714834 0.106915
0 0.679853 0.566998 0.0576219 0.0997619
1 0.122788 0.620309 0.0705264 0.0902251
0 0.750436 0.561205 0.0607695 0.0883806
1 0.295102 0.606177 0.0603483 0.0788477
0 0.643861 0.568955 0.0449471 0.0929192
0 0.506027 0.566654 0.0439362 0.109023
0 0.541087 0.573606 0.0407272 0.0997563
0 0.889065 0.561104 0.0402157 0.0684769
0 0.791811 0.562254 0.0368732 0.0764809
1 0.469891 0.607507 0.0396123 0.0639789
0 0.124037 0.583521 0.0871718 0.136797
0 0.584165 0.569522 0.0679257 0.10693
0 0.292914 0.578141 0.0692243 0.116439
0 0.476318 0.581254 0.0714834 0.106915
0 0.679853 0.566998 0.0576219 0.0997619
1 0.122788 0.620309 0.0705264 0.0902251
0 0.750436 0.561205 0.0607695 0.0883806
1 0.295102 0.606177 0.0603483 0.0788477
0 0.643861 0.568955 0.0449471 0.0929192
0 0.506027 0.566654 0.0439362 0.109023
0 0.541087 0.573606 0.0407272 0.0997563
0 0.889065 0.561104 0.0402157 0.0684769
0 0.791811 0.562254 0.0368732 0.0764809
1 0.469891 0.607507 0.0396123 0.0639789
0 0.124037 0.583521 0.0871718 0.136797
0 0.584165 0.569522 0.0679257 0.10693
0 0.292914 0.578141 0.0692243 0.116439
0 0.476318 0.581254 0.0714834 0.106915
0 0.679853 0.566998 0.0576219 0.0997619
1 0.122788 0.620309 0.0705264 0.0902251
0 0.750436 0.561205 0.0607695 0.0883806
1 0.295102 0.606177 0.0603483 0.0788477
0 0.643861 0.568955 0.0449471 0.0929192
0 0.506027 0.566654 0.0439362 0.109023
0 0.541087 0.573606 0.0407272 0.0997563
0 0.889065 0.561104 0.0402157 0.0684769
0 0.791811 0.562254 0.0368732 0.0764809
1 0.469891 0.607507 0.0396123 0.0639789
0 0.124037 0.583521 0.0871718 0.136797
0 0.584165 0.569522 0.0679257 0.10693
0 0.292914 0.578141 0.0692243 0.116439
0 0.476318 0.581254 0.0714834 0.106915
0 0.679853 0.566998 0.0576219 0.0997619
1 0.122788 0.620309 0.0705264 0.0902251
0 0.750436 0.561205 0.0607695 0.0883806
1 0.295102 0.606177 0.0603483 0.0788477
0 0.643861 0.568955 0.0449471 0.0929192
0 0.506027 0.566654 0.0439362 0.109023
0 0.541087 0.573606 0.0407272 0.0997563
0 0.889065 0.561104 0.0402157 0.0684769
0 0.791811 0.562254 0.0368732 0.0764809
1 0.469891 0.607507 0.0396123 0.0639789
0 0.124037 0.583521 0.0871718 0.136797
0 0.584165 0.569522 0.0679257 0.10693
0 0.292914 0.578141 0.0692243 0.116439
0 0.476318 0.581254 0.0714834 0.106915
0 0.679853 0.566998 0.0576219 0.0997619
1 0.122788 0.620309 0.0705264 0.0902251
0 0.750436 0.561205 0.0607695 0.0883806
1 0.295102 0.606177 0.0603483 0.0788477
0 0.643861 0.568955 0.0449471 0.0929192
0 0.506027 0.566654 0.0439362 0.109023
0 0.541087 0.573606 0.0407272 0.0997563
0 0.889065 0.561104 0.0402157 0.0684769
0 0.791811 0.562254 0.0368732 0.0764809
1 0.469891 0.607507 0.0396123 0.0639789
1 0.747479 0.585241 0.0391091 0.0488443
0 0.450244 0.571992 0.0442044 0.112877
1 0.478261 0.605312 0.053951 0.0686322
1 0.548016 0.600884 0.0334786 0.0576677
0 0.847642 0.559799 0.0306529 0.0601191
1 0.68684 0.593902 0.0404029 0.0605595
0 0.822939 0.558314 0.0394101 0.0675518
0 0.922722 0.551353 0.0397746 0.0637535
1 0.674129 0.595905 0.0355514 0.0576456
1 0.60271 0.602796 0.0381366 0.0643787
1 0.59117 0.602459 0.0439542 0.0667093
1 0.637824 0.598303 0.0420275 0.0599348
0 0.710921 0.559293 0.0355808 0.0806397
1 0.830385 0.579168 0.0339128 0.0393656
1 0.626552 0.60008 0.0416484 0.0601173
1 0.913768 0.574389 0.0338182 0.0494281
1 0.825081 0.580312 0.0287235 0.0401503
0 0.617545 0.568229 0.0463815 0.0913845
