2 0.27673 0.336595 0.194355 0.258997
2 0.0534912 0.422226 0.106025 0.327559
3 0.435169 0.389178 0.119551 0.298238
2 0.547353 0.248531 0.126353 0.0883473
0 0.0341631 0.234379 0.0421608 0.0601331
2 0.649221 0.237545 0.104576 0.0913093
0 0.728104 0.240732 0.0209328 0.106049
0 0.80267 0.251147 0.0281712 0.127276
0 0.948008 0.242508 0.0229935 0.116147
0 0.210236 0.190234 0.0264734 0.0533629
1 0.755865 0.302058 0.0202014 0.0973172
0 0.437693 0.247755 0.100574 0.145655
0 0.837255 0.245951 0.0255943 0.118096
1 0.806773 0.292206 0.0168333 0.0858979
0 0.972514 0.240895 0.0218006 0.0967011
1 0.842046 0.282817 0.0189907 0.0867162
1 0.946997 0.273581 0.0189003 0.0660672
2 0.27673 0.336595 0.194355 0.258997
2 0.0534912 0.422226 0.106025 0.327559
3 0.435169 0.389178 0.119551 0.298238
2 0.547353 0.248531 0.126353 0.0883473
0 0.0341631 0.234379 0.0421608 0.0601331
2 0.649221 0.237545 0.104576 0.0913093
0 0.728104 0.240732 0.0209328 0.106049
0 0.80267 0.251147 0.0281712 0.127276
0 0.948008 0.242508 0.0229935 0.116147
0 0.210236 0.190234 0.0264734 0.0533629
1 0.755865 0.302058 0.0202014 0.0973172
0 0.437693 0.247755 0.100574 0.145655
0 0.837255 0.245951 0.0255943 0.118096
1 0.806773 0.292206 0.0168333 0.0858979
0 0.972514 0.240895 0.0218006 0.0967011
1 0.842046 0.282817 0.0189907 0.0867162
1 0.946997 0.273581 0.0189003 0.0660672
2 0.27673 0.336595 0.194355 0.258997
2 0.0534912 0.422226 0.106025 0.327559
3 0.435169 0.389178 0.119551 0.298238
2 0.547353 0.248531 0.126353 0.0883473
0 0.0341631 0.234379 0.0421608 0.0601331
2 0.649221 0.237545 0.104576 0.0913093
0 0.728104 0.240732 0.0209328 0.106049
0 0.80267 0.251147 0.0281712 0.127276
0 0.948008 0.242508 0.0229935 0.116147
0 0.210236 0.190234 0.0264734 0.0533629
1 0.755865 0.302058 0.0202014 0.0973172
0 0.437693 0.247755 0.100574 0.145655
0 0.837255 0.245951 0.0255943 0.118096
1 0.806773 0.292206 0.0168333 0.0858979
0 0.972514 0.240895 0.0218006 0.0967011
1 0.842046 0.282817 0.0189907 0.0867162
1 0.946997 0.273581 0.0189003 0.0660672
2 0.27673 0.336595 0.194355 0.258997
2 0.0534912 0.422226 0.106025 0.327559
3 0.435169 0.389178 0.119551 0.298238
2 0.547353 0.248531 0.126353 0.0883473
0 0.0341631 0.234379 0.0421608 0.0601331
2 0.649221 0.237545 0.104576 0.0913093
0 0.728104 0.240732 0.0209328 0.106049
0 0.80267 0.251147 0.0281712 0.127276
0 0.948008 0.242508 0.0229935 0.116147
0 0.210236 0.190234 0.0264734 0.0533629
1 0.755865 0.302058 0.0202014 0.0973172
0 0.437693 0.247755 0.100574 0.145655
0 0.837255 0.245951 0.0255943 0.118096
1 0.806773 0.292206 0.0168333 0.0858979
0 0.972514 0.240895 0.0218006 0.0967011
1 0.842046 0.282817 0.0189907 0.0867162
1 0.946997 0.273581 0.0189003 0.0660672
2 0.27673 0.336595 0.194355 0.258997
2 0.0534912 0.422226 0.106025 0.327559
3 0.435169 0.389178 0.119551 0.298238
2 0.547353 0.248531 0.126353 0.0883473
0 0.0341631 0.234379 0.0421608 0.0601331
2 0.649221 0.237545 0.104576 0.0913093
0 0.728104 0.240732 0.0209328 0.106049
0 0.80267 0.251147 0.0281712 0.127276
0 0.948008 0.242508 0.0229935 0.116147
0 0.210236 0.190234 0.0264734 0.0533629
1 0.755865 0.302058 0.0202014 0.0973172
0 0.437693 0.247755 0.100574 0.145655
0 0.837255 0.245951 0.0255943 0.118096
1 0.806773 0.292206 0.0168333 0.0858979
0 0.972514 0.240895 0.0218006 0.0967011
1 0.842046 0.282817 0.0189907 0.0867162
1 0.946997 0.273581 0.0189003 0.0660672
1 0.972977 0.262366 0.0200779 0.0640381
1 0.790336 0.28336 0.0147243 0.0768615
0 0.439412 0.314768 0.107455 0.279528
1 0.872529 0.275901 0.0229578 0.0777902
0 0.234383 0.201536 0.0175955 0.0464291
0 0.759248 0.258875 0.0303613 0.144467
1 0.807481 0.290127 0.0226319 0.0925048
1 0.904073 0.275268 0.0185747 0.0748973
0 0.898902 0.247197 0.0190363 0.11225
1 0.837592 0.284408 0.0232609 0.0829055
0 0.917257 0.245075 0.0221561 0.118708
0 0.872946 0.237522 0.0198664 0.117827
1 0.896816 0.275041 0.0203335 0.0735416
0 0.784321 0.248811 0.0193182 0.122599
