0 0.215206 0.580899 0.076732 0.132727
0 0.373064 0.570944 0.0665353 0.106729
0 0.645868 0.564586 0.0704739 0.0977776
0 0.729152 0.563717 0.0594337 0.0933062
0 0.53917 0.569113 0.0680593 0.108341
1 0.367049 0.600963 0.0458781 0.06989
0 0.787399 0.560671 0.0411887 0.0822908
1 0.649738 0.594452 0.0440898 0.0606894
1 0.212137 0.615845 0.0509485 0.0788415
0 0.692957 0.567323 0.0443437 0.0918029
0 0.840988 0.561373 0.0365763 0.0719119
0 0.869012 0.560798 0.036819 0.0681952
1 0.547269 0.596242 0.0495728 0.0592982
1 0.733373 0.589493 0.0354262 0.0534431
1 0.538274 0.597588 0.0379161 0.0612589
1 0.688446 0.590785 0.0342029 0.0578054
0 0.600259 0.567696 0.039374 0.0917324
0 0.511965 0.570423 0.0325466 0.100012
1 0.722895 0.58908 0.0439272 0.0558844
0 0.814249 0.561158 0.0302607 0.0669088
0 0.569913 0.564701 0.0523847 0.101561
0 0.581075 0.567165 0.0529892 0.10156
1 0.603993 0.591926 0.034071 0.0557394
0 0.925882 0.562306 0.032183 0.0661909
1 0.631651 0.595134 0.0508615 0.056533
0 0.215206 0.580899 0.076732 0.132727
0 0.373064 0.570944 0.0665353 0.106729
0 0.645868 0.564586 0.0704739 0.0977776
0 0.729152 0.563717 0.0594337 0.0933062
0 0.53917 0.569113 0.0680593 0.108341
1 0.367049 0.600963 0.0458781 0.06989
0 0.787399 0.560671 0.0411887 0.0822908
1 0.649738 0.594452 0.0440898 0.0606894
1 0.212137 0.615845 0.0509485 0.0788415
0 0.692957 0.567323 0.0443437 0.0918029
0 0.840988 0.561373 0.0365763 0.0719119
0 0.869012 0.560798 0.036819 0.0681952
1 0.547269 0.596242 0.0495728 0.0592982
1 0.733373 0.589493 0.0354262 0.0534431
1 0.538274 0.597588 0.0379161 0.0612589
1 0.688446 0.590785 0.0342029 0.0578054
0 0.600259 0.567696 0.039374 0.0917324
0 0.511965 0.570423 0.0325466 0.100012
1 0.722895 0.58908 0.0439272 0.0558844
0 0.814249 0.561158 0.0302607 0.0669088
0 0.569913 0.564701 0.0523847 0.101561
0 0.581075 0.567165 0.0529892 0.10156
1 0.603993 0.591926 0.034071 0.0557394
0 0.925882 0.562306 0.032183 0.0661909
1 0.631651 0.595134 0.0508615 0.056533
0 0.215206 0.580899 0.076732 0.132727
0 0.373064 0.570944 0.0665353 0.106729
0 0.645868 0.564586 0.0704739 0.0977776
0 0.729152 0.563717 0.0594337 0.0933062
0 0.53917 0.569113 0.0680593 0.108341
1 0.367049 0.600963 0.0458781 0.06989
0 0.787399 0.560671 0.0411887 0.0822908
1 0.649738 0.594452 0.0440898 0.0606894
1 0.212137 0.615845 0.0509485 0.0788415
0 0.692957 0.567323 0.0443437 0.0918029
0 0.840988 0.561373 0.0365763 0.0719119
0 0.869012 0.560798 0.036819 0.0681952
1 0.547269 0.596242 0.0495728 0.0592982
1 0.733373 0.589493 0.0354262 0.0534431
1 0.538274 0.597588 0.0379161 0.0612589
1 0.688446 0.590785 0.0342029 0.0578054
0 0.600259 0.567696 0.039374 0.0917324
0 0.511965 0.570423 0.0325466 0.100012
1 0.722895 0.58908 0.0439272 0.0558844
0 0.814249 0.561158 0.0302607 0.0669088
0 0.569913 0.564701 0.0523847 0.101561
0 0.581075 0.567165 0.0529892 0.10156
1 0.603993 0.591926 0.034071 0.0557394
0 0.925882 0.562306 0.032183 0.0661909
1 0.631651 0.595134 0.0508615 0.056533
0 0.216276 0.579784 0.0763738 0.13047
0 0.372395 0.570019 0.0651377 0.104695
0 0.645202 0.563234 0.0716417 0.0974676
0 0.540788 0.5712 0.0606507 0.0940084
0 0.732488 0.566086 0.049943 0.0970638
0 0.788701 0.56039 0.0440943 0.0822858
1 0.207337 0.614366 0.0580618 0.0830647
0 0.696532 0.567237 0.0485913 0.0916344
0 0.843032 0.561097 0.0392866 0.0715183
1 0.370393 0.601812 0.0459644 0.0688135
1 0.646571 0.595667 0.0318941 0.0581261
1 0.535714 0.597993 0.0402929 0.0611801
0 0.599468 0.566321 0.0425424 0.08876
0 0.871713 0.558114 0.0333849 0.062828
0 0.216276 0.579784 0.0763738 0.13047
0 0.372395 0.570019 0.0651377 0.104695
0 0.645202 0.563234 0.0716417 0.0974676
0 0.540788 0.5712 0.0606507 0.0940084
0 0.732488 0.566086 0.049943 0.0970638
0 0.788701 0.56039 0.0440943 0.0822858
1 0.207337 0.614366 0.0580618 0.0830647
0 0.696532 0.567237 0.0485913 0.0916344
0 0.843032 0.561097 0.0392866 0.0715183
1 0.370393 0.601812 0.0459644 0.0688135
1 0.646571 0.595667 0.0318941 0.0581261
1 0.535714 0.597993 0.0402929 0.0611801
0 0.599468 0.566321 0.0425424 0.08876
0 0.871713 0.558114 0.0333849 0.062828
