0 0.122765 0.60492 0.110288 0.187843
0 0.218089 0.596915 0.0907113 0.163844
0 0.295295 0.580794 0.081609 0.137384
0 0.666091 0.561423 0.061134 0.0798992
1 0.212812 0.637831 0.0760818 0.108601
1 0.115984 0.653135 0.0727279 0.115866
0 0.777543 0.555619 0.0403775 0.0632234
1 0.305967 0.625295 0.0521904 0.0888704
0 0.805276 0.555708 0.0356776 0.0628141
1 0.787343 0.577444 0.0464569 0.0432284
1 0.665902 0.586849 0.0376475 0.0462271
0 0.122765 0.60492 0.110288 0.187843
0 0.218089 0.596915 0.0907113 0.163844
0 0.295295 0.580794 0.081609 0.137384
0 0.666091 0.561423 0.061134 0.0798992
1 0.212812 0.637831 0.0760818 0.108601
1 0.115984 0.653135 0.0727279 0.115866
0 0.777543 0.555619 0.0403775 0.0632234
1 0.305967 0.625295 0.0521904 0.0888704
0 0.805276 0.555708 0.0356776 0.0628141
1 0.787343 0.577444 0.0464569 0.0432284
1 0.665902 0.586849 0.0376475 0.0462271
0 0.122765 0.60492 0.110288 0.187843
0 0.218089 0.596915 0.0907113 0.163844
0 0.295295 0.580794 0.081609 0.137384
0 0.666091 0.561423 0.061134 0.0798992
1 0.212812 0.637831 0.0760818 0.108601
1 0.115984 0.653135 0.0727279 0.115866
0 0.777543 0.555619 0.0403775 0.0632234
1 0.305967 0.625295 0.0521904 0.0888704
0 0.805276 0.555708 0.0356776 0.0628141
1 0.787343 0.577444 0.0464569 0.0432284
1 0.665902 0.586849 0.0376475 0.0462271
0 0.122765 0.60492 0.110288 0.187843
0 0.218089 0.596915 0.0907113 0.163844
0 0.295295 0.580794 0.081609 0.137384
0 0.666091 0.561423 0.061134 0.0798992
1 0.212812 0.637831 0.0760818 0.108601
1 0.115984 0.653135 0.0727279 0.115866
0 0.777543 0.555619 0.0403775 0.0632234
1 0.305967 0.625295 0.0521904 0.0888704
0 0.805276 0.555708 0.0356776 0.0628141
1 0.787343 0.577444 0.0464569 0.0432284
1 0.665902 0.586849 0.0376475 0.0462271
0 0.122765 0.60492 0.110288 0.187843
0 0.218089 0.596915 0.0907113 0.163844
0 0.295295 0.580794 0.081609 0.137384
0 0.666091 0.561423 0.061134 0.0798992
1 0.212812 0.637831 0.0760818 0.108601
1 0.115984 0.653135 0.0727279 0.115866
0 0.777543 0.555619 0.0403775 0.0632234
1 0.305967 0.625295 0.0521904 0.0888704
0 0.805276 0.555708 0.0356776 0.0628141
1 0.787343 0.577444 0.0464569 0.0432284
1 0.665902 0.586849 0.0376475 0.0462271
0 0.122765 0.60492 0.110288 0.187843
0 0.218089 0.596915 0.0907113 0.163844
0 0.295295 0.580794 0.081609 0.137384
0 0.666091 0.561423 0.061134 0.0798992
1 0.212812 0.637831 0.0760818 0.108601
1 0.115984 0.653135 0.0727279 0.115866
0 0.777543 0.555619 0.0403775 0.0632234
1 0.305967 0.625295 0.0521904 0.0888704
0 0.805276 0.555708 0.0356776 0.0628141
1 0.787343 0.577444 0.0464569 0.0432284
1 0.665902 0.586849 0.0376475 0.0462271
0 0.952657 0.555768 0.0264452 0.0608524
