0 0.290603 0.461213 0.124918 0.532173
2 0.812055 0.25257 0.0577369 0.0825672
0 0.542351 0.359535 0.0904045 0.423715
0 0.455513 0.35794 0.0726126 0.365736
1 0.542728 0.520787 0.0652014 0.285954
1 0.402065 0.540329 0.0765953 0.295886
0 0.710886 0.298816 0.0519444 0.239203
0 0.397416 0.393735 0.0874754 0.395758
1 0.457855 0.472996 0.0471134 0.239943
0 0.0226137 0.542212 0.0449514 0.516824
1 0.71238 0.390587 0.0348953 0.185485
1 0.289265 0.615603 0.100351 0.340615
0 0.62974 0.31291 0.0561779 0.278792
0 0.0478517 0.468234 0.0947667 0.567039
0 0.769451 0.242482 0.0205715 0.105197
0 0.221842 0.33332 0.0774761 0.313103
1 0.625731 0.385758 0.0399021 0.179511
1 0.68985 0.363192 0.021294 0.127042
3 0.975204 0.260832 0.0263901 0.0677272
0 0.686897 0.292806 0.0301538 0.228942
0 0.974747 0.237724 0.0278893 0.0839888
0 0.0911835 0.412306 0.0630314 0.386953
1 0.660207 0.368511 0.0243119 0.161508
0 0.942825 0.237198 0.0222763 0.0845489
0 0.889854 0.245467 0.0198965 0.0859345
0 0.869531 0.244382 0.0225281 0.0889272
0 0.185097 0.293824 0.0365574 0.216214
0 0.290603 0.461213 0.124918 0.532173
2 0.812055 0.25257 0.0577369 0.0825672
0 0.542351 0.359535 0.0904045 0.423715
0 0.455513 0.35794 0.0726126 0.365736
1 0.542728 0.520787 0.0652014 0.285954
1 0.402065 0.540329 0.0765953 0.295886
0 0.710886 0.298816 0.0519444 0.239203
0 0.397416 0.393735 0.0874754 0.395758
1 0.457855 0.472996 0.0471134 0.239943
0 0.0226137 0.542212 0.0449514 0.516824
1 0.71238 0.390587 0.0348953 0.185485
1 0.289265 0.615603 0.100351 0.340615
0 0.62974 0.31291 0.0561779 0.278792
0 0.0478517 0.468234 0.0947667 0.567039
0 0.769451 0.242482 0.0205715 0.105197
0 0.221842 0.33332 0.0774761 0.313103
1 0.625731 0.385758 0.0399021 0.179511
1 0.68985 0.363192 0.021294 0.127042
3 0.975204 0.260832 0.0263901 0.0677272
0 0.686897 0.292806 0.0301538 0.228942
0 0.974747 0.237724 0.0278893 0.0839888
0 0.0911835 0.412306 0.0630314 0.386953
1 0.660207 0.368511 0.0243119 0.161508
0 0.942825 0.237198 0.0222763 0.0845489
0 0.889854 0.245467 0.0198965 0.0859345
0 0.869531 0.244382 0.0225281 0.0889272
0 0.185097 0.293824 0.0365574 0.216214
0 0.290603 0.461213 0.124918 0.532173
2 0.812055 0.25257 0.0577369 0.0825672
0 0.542351 0.359535 0.0904045 0.423715
0 0.455513 0.35794 0.0726126 0.365736
1 0.542728 0.520787 0.0652014 0.285954
1 0.402065 0.540329 0.0765953 0.295886
0 0.710886 0.298816 0.0519444 0.239203
0 0.397416 0.393735 0.0874754 0.395758
1 0.457855 0.472996 0.0471134 0.239943
0 0.0226137 0.542212 0.0449514 0.516824
1 0.71238 0.390587 0.0348953 0.185485
1 0.289265 0.615603 0.100351 0.340615
0 0.62974 0.31291 0.0561779 0.278792
0 0.0478517 0.468234 0.0947667 0.567039
0 0.769451 0.242482 0.0205715 0.105197
0 0.221842 0.33332 0.0774761 0.313103
1 0.625731 0.385758 0.0399021 0.179511
1 0.68985 0.363192 0.021294 0.127042
3 0.975204 0.260832 0.0263901 0.0677272
0 0.686897 0.292806 0.0301538 0.228942
0 0.974747 0.237724 0.0278893 0.0839888
0 0.0911835 0.412306 0.0630314 0.386953
1 0.660207 0.368511 0.0243119 0.161508
0 0.942825 0.237198 0.0222763 0.0845489
0 0.889854 0.245467 0.0198965 0.0859345
0 0.869531 0.244382 0.0225281 0.0889272
0 0.185097 0.293824 0.0365574 0.216214
0 0.290603 0.461213 0.124918 0.532173
2 0.812055 0.25257 0.0577369 0.0825672
0 0.542351 0.359535 0.0904045 0.423715
0 0.455513 0.35794 0.0726126 0.365736
1 0.542728 0.520787 0.0652014 0.285954
1 0.402065 0.540329 0.0765953 0.295886
0 0.710886 0.298816 0.0519444 0.239203
0 0.397416 0.393735 0.0874754 0.395758
1 0.457855 0.472996 0.0471134 0.239943
0 0.0226137 0.542212 0.0449514 0.516824
1 0.71238 0.390587 0.0348953 0.185485
1 0.289265 0.615603 0.100351 0.340615
0 0.62974 0.31291 0.0561779 0.278792
0 0.0478517 0.468234 0.0947667 0.567039
0 0.769451 0.242482 0.0205715 0.105197
0 0.221842 0.33332 0.0774761 0.313103
1 0.625731 0.385758 0.0399021 0.179511
1 0.68985 0.363192 0.021294 0.127042
3 0.975204 0.260832 0.0263901 0.0677272
0 0.686897 0.292806 0.0301538 0.228942
0 0.974747 0.237724 0.0278893 0.0839888
0 0.0911835 0.412306 0.0630314 0.386953
1 0.660207 0.368511 0.0243119 0.161508
0 0.942825 0.237198 0.0222763 0.0845489
0 0.889854 0.245467 0.0198965 0.0859345
0 0.869531 0.244382 0.0225281 0.0889272
0 0.185097 0.293824 0.0365574 0.216214
0 0.290603 0.461213 0.124918 0.532173
2 0.812055 0.25257 0.0577369 0.0825672
0 0.542351 0.359535 0.0904045 0.423715
0 0.455513 0.35794 0.0726126 0.365736
1 0.542728 0.520787 0.0652014 0.285954
1 0.402065 0.540329 0.0765953 0.295886
0 0.710886 0.298816 0.0519444 0.239203
0 0.397416 0.393735 0.0874754 0.395758
1 0.457855 0.472996 0.0471134 0.239943
0 0.0226137 0.542212 0.0449514 0.516824
1 0.71238 0.390587 0.0348953 0.185485
1 0.289265 0.615603 0.100351 0.340615
0 0.62974 0.31291 0.0561779 0.278792
0 0.0478517 0.468234 0.0947667 0.567039
0 0.769451 0.242482 0.0205715 0.105197
0 0.221842 0.33332 0.0774761 0.313103
1 0.625731 0.385758 0.0399021 0.179511
1 0.68985 0.363192 0.021294 0.127042
3 0.975204 0.260832 0.0263901 0.0677272
0 0.686897 0.292806 0.0301538 0.228942
0 0.974747 0.237724 0.0278893 0.0839888
0 0.0911835 0.412306 0.0630314 0.386953
1 0.660207 0.368511 0.0243119 0.161508
0 0.942825 0.237198 0.0222763 0.0845489
0 0.889854 0.245467 0.0198965 0.0859345
0 0.869531 0.244382 0.0225281 0.0889272
0 0.185097 0.293824 0.0365574 0.216214
1 0.944899 0.265447 0.0159031 0.0642542
1 0.596047 0.372767 0.024639 0.153305
0 0.350418 0.39518 0.0547212 0.412678
1 0.361462 0.516033 0.047803 0.255964
1 0.886406 0.266263 0.0211788 0.0643957
1 0.218102 0.52392 0.0434855 0.195275
0 0.350054 0.290184 0.0535761 0.20743
1 0.651515 0.373107 0.0319431 0.161642
0 0.207657 0.194889 0.0193891 0.0623828
2 0.845811 0.259824 0.0204109 0.0671044
1 0.107343 0.591355 0.0440893 0.271979
0 0.491381 0.273578 0.030332 0.115919
1 0.243159 0.612356 0.0515799 0.248084
