1 0.385414 0.594389 0.106732 0.0989203
0 0.66349 0.608599 0.19737 0.227731
1 0.887118 0.629916 0.224011 0.154361
0 0.907396 0.560642 0.184774 0.235548
1 0.658807 0.685108 0.197141 0.200636
0 0.74566 0.513569 0.109989 0.122443
1 0.26534 0.55618 0.0795755 0.0917456
0 0.531926 0.524293 0.109743 0.148467
0 0.383155 0.554291 0.101363 0.113986
0 0.246353 0.52225 0.0689035 0.105164
1 0.752574 0.544688 0.117723 0.0664091
0 0.0489266 0.52481 0.0556011 0.0715569
0 0.117254 0.517421 0.0526096 0.063418
1 0.0502817 0.550378 0.0465082 0.0565477
1 0.446914 0.539753 0.0538496 0.052908
1 0.117912 0.535993 0.0351282 0.041582
0 0.312937 0.515085 0.0510205 0.0743727
0 0.979187 0.480464 0.039791 0.0658379
1 0.385414 0.594389 0.106732 0.0989203
0 0.66349 0.608599 0.19737 0.227731
1 0.887118 0.629916 0.224011 0.154361
0 0.907396 0.560642 0.184774 0.235548
1 0.658807 0.685108 0.197141 0.200636
0 0.74566 0.513569 0.109989 0.122443
1 0.26534 0.55618 0.0795755 0.0917456
0 0.531926 0.524293 0.109743 0.148467
0 0.383155 0.554291 0.101363 0.113986
0 0.246353 0.52225 0.0689035 0.105164
1 0.752574 0.544688 0.117723 0.0664091
0 0.0489266 0.52481 0.0556011 0.0715569
0 0.117254 0.517421 0.0526096 0.063418
1 0.0502817 0.550378 0.0465082 0.0565477
1 0.446914 0.539753 0.0538496 0.052908
1 0.117912 0.535993 0.0351282 0.041582
0 0.312937 0.515085 0.0510205 0.0743727
0 0.979187 0.480464 0.039791 0.0658379
0 0.418158 0.505126 0.0522156 0.0566407
0 0.595763 0.496778 0.0471631 0.0437077
1 0.312417 0.534845 0.0407701 0.0441481
0 0.187405 0.510724 0.0588584 0.0559158
