0 0.0587932 0.599126 0.11729 0.169006
0 0.178231 0.588462 0.094035 0.154689
0 0.771395 0.555027 0.0526103 0.0709124
0 0.638381 0.562981 0.0660309 0.0911438
0 0.928575 0.554978 0.0325773 0.0623664
1 0.772377 0.578336 0.0376027 0.0448582
0 0.952543 0.554103 0.027567 0.0595781
1 0.644554 0.58394 0.0525667 0.0535307
1 0.184423 0.636994 0.0691891 0.0978781
1 0.0604772 0.654561 0.0844247 0.121157
0 0.0587932 0.599126 0.11729 0.169006
0 0.178231 0.588462 0.094035 0.154689
0 0.771395 0.555027 0.0526103 0.0709124
0 0.638381 0.562981 0.0660309 0.0911438
0 0.928575 0.554978 0.0325773 0.0623664
1 0.772377 0.578336 0.0376027 0.0448582
0 0.952543 0.554103 0.027567 0.0595781
1 0.644554 0.58394 0.0525667 0.0535307
1 0.184423 0.636994 0.0691891 0.0978781
1 0.0604772 0.654561 0.0844247 0.121157
0 0.0587932 0.599126 0.11729 0.169006
0 0.178231 0.588462 0.094035 0.154689
0 0.771395 0.555027 0.0526103 0.0709124
0 0.638381 0.562981 0.0660309 0.0911438
0 0.928575 0.554978 0.0325773 0.0623664
1 0.772377 0.578336 0.0376027 0.0448582
0 0.952543 0.554103 0.027567 0.0595781
1 0.644554 0.58394 0.0525667 0.0535307
1 0.184423 0.636994 0.0691891 0.0978781
1 0.0604772 0.654561 0.0844247 0.121157
0 0.058895 0.599865 0.117242 0.168717
0 0.178598 0.587429 0.0924472 0.152394
0 0.770373 0.554564 0.0523046 0.0697713
0 0.638807 0.557639 0.0652969 0.079748
1 0.183984 0.636135 0.0772173 0.0990505
1 0.0537495 0.655733 0.0972821 0.119186
0 0.929468 0.554616 0.0318212 0.0612057
1 0.642697 0.583649 0.0497213 0.0547531
0 0.952829 0.552763 0.0262 0.0582382
1 0.771319 0.577907 0.0367884 0.0449849
0 0.058895 0.599865 0.117242 0.168717
0 0.178598 0.587429 0.0924472 0.152394
0 0.770373 0.554564 0.0523046 0.0697713
0 0.638807 0.557639 0.0652969 0.079748
1 0.183984 0.636135 0.0772173 0.0990505
1 0.0537495 0.655733 0.0972821 0.119186
0 0.929468 0.554616 0.0318212 0.0612057
1 0.642697 0.583649 0.0497213 0.0547531
0 0.952829 0.552763 0.0262 0.0582382
1 0.771319 0.577907 0.0367884 0.0449849
0 0.058895 0.599865 0.117242 0.168717
0 0.178598 0.587429 0.0924472 0.152394
0 0.770373 0.554564 0.0523046 0.0697713
0 0.638807 0.557639 0.0652969 0.079748
1 0.183984 0.636135 0.0772173 0.0990505
1 0.0537495 0.655733 0.0972821 0.119186
0 0.929468 0.554616 0.0318212 0.0612057
1 0.642697 0.583649 0.0497213 0.0547531
0 0.952829 0.552763 0.0262 0.0582382
1 0.771319 0.577907 0.0367884 0.0449849
0 0.058895 0.599865 0.117242 0.168717
0 0.178598 0.587429 0.0924472 0.152394
0 0.770373 0.554564 0.0523046 0.0697713
0 0.638807 0.557639 0.0652969 0.079748
1 0.183984 0.636135 0.0772173 0.0990505
1 0.0537495 0.655733 0.0972821 0.119186
0 0.929468 0.554616 0.0318212 0.0612057
1 0.642697 0.583649 0.0497213 0.0547531
0 0.952829 0.552763 0.0262 0.0582382
1 0.771319 0.577907 0.0367884 0.0449849
0 0.058895 0.599865 0.117242 0.168717
0 0.178598 0.587429 0.0924472 0.152394
0 0.770373 0.554564 0.0523046 0.0697713
0 0.638807 0.557639 0.0652969 0.079748
1 0.183984 0.636135 0.0772173 0.0990505
1 0.0537495 0.655733 0.0972821 0.119186
0 0.929468 0.554616 0.0318212 0.0612057
1 0.642697 0.583649 0.0497213 0.0547531
0 0.952829 0.552763 0.0262 0.0582382
1 0.771319 0.577907 0.0367884 0.0449849
0 0.058895 0.599865 0.117242 0.168717
0 0.178598 0.587429 0.0924472 0.152394
0 0.770373 0.554564 0.0523046 0.0697713
0 0.638807 0.557639 0.0652969 0.079748
1 0.183984 0.636135 0.0772173 0.0990505
1 0.0537495 0.655733 0.0972821 0.119186
0 0.929468 0.554616 0.0318212 0.0612057
1 0.642697 0.583649 0.0497213 0.0547531
0 0.952829 0.552763 0.0262 0.0582382
1 0.771319 0.577907 0.0367884 0.0449849
0 0.058895 0.599865 0.117242 0.168717
0 0.178598 0.587429 0.0924472 0.152394
0 0.770373 0.554564 0.0523046 0.0697713
0 0.638807 0.557639 0.0652969 0.079748
1 0.183984 0.636135 0.0772173 0.0990505
1 0.0537495 0.655733 0.0972821 0.119186
0 0.929468 0.554616 0.0318212 0.0612057
1 0.642697 0.583649 0.0497213 0.0547531
0 0.952829 0.552763 0.0262 0.0582382
1 0.771319 0.577907 0.0367884 0.0449849
0 0.058895 0.599865 0.117242 0.168717
0 0.178598 0.587429 0.0924472 0.152394
0 0.770373 0.554564 0.0523046 0.0697713
0 0.638807 0.557639 0.0652969 0.079748
1 0.183984 0.636135 0.0772173 0.0990505
1 0.0537495 0.655733 0.0972821 0.119186
0 0.929468 0.554616 0.0318212 0.0612057
1 0.642697 0.583649 0.0497213 0.0547531
0 0.952829 0.552763 0.0262 0.0582382
1 0.771319 0.577907 0.0367884 0.0449849
