0 0.341339 0.576103 0.069795 0.118994
0 0.459432 0.566221 0.0629188 0.101202
0 0.0358493 0.583531 0.0648261 0.141691
0 0.720439 0.558718 0.0558716 0.087011
0 0.647378 0.561663 0.0557085 0.0941851
0 0.601634 0.563588 0.0555061 0.0933683
0 0.903241 0.558758 0.0391252 0.0662596
1 0.0215085 0.631814 0.0428747 0.097237
0 0.766956 0.561134 0.0531613 0.0808512
1 0.337356 0.603516 0.0550574 0.0787422
0 0.847617 0.555882 0.0462638 0.0736131
0 0.933753 0.555601 0.0321665 0.0629473
0 0.807302 0.558896 0.0354774 0.0747174
1 0.458187 0.59021 0.0474414 0.0666122
0 0.682247 0.563743 0.0317868 0.0816477
0 0.341339 0.576103 0.069795 0.118994
0 0.459432 0.566221 0.0629188 0.101202
0 0.0358493 0.583531 0.0648261 0.141691
0 0.720439 0.558718 0.0558716 0.087011
0 0.647378 0.561663 0.0557085 0.0941851
0 0.601634 0.563588 0.0555061 0.0933683
0 0.903241 0.558758 0.0391252 0.0662596
1 0.0215085 0.631814 0.0428747 0.097237
0 0.766956 0.561134 0.0531613 0.0808512
1 0.337356 0.603516 0.0550574 0.0787422
0 0.847617 0.555882 0.0462638 0.0736131
0 0.933753 0.555601 0.0321665 0.0629473
0 0.807302 0.558896 0.0354774 0.0747174
1 0.458187 0.59021 0.0474414 0.0666122
0 0.682247 0.563743 0.0317868 0.0816477
0 0.341339 0.576103 0.069795 0.118994
0 0.459432 0.566221 0.0629188 0.101202
0 0.0358493 0.583531 0.0648261 0.141691
0 0.720439 0.558718 0.0558716 0.087011
0 0.647378 0.561663 0.0557085 0.0941851
0 0.601634 0.563588 0.0555061 0.0933683
0 0.903241 0.558758 0.0391252 0.0662596
1 0.0215085 0.631814 0.0428747 0.097237
0 0.766956 0.561134 0.0531613 0.0808512
1 0.337356 0.603516 0.0550574 0.0787422
0 0.847617 0.555882 0.0462638 0.0736131
0 0.933753 0.555601 0.0321665 0.0629473
0 0.807302 0.558896 0.0354774 0.0747174
1 0.458187 0.59021 0.0474414 0.0666122
0 0.682247 0.563743 0.0317868 0.0816477
0 0.341339 0.576103 0.069795 0.118994
0 0.459432 0.566221 0.0629188 0.101202
0 0.0358493 0.583531 0.0648261 0.141691
0 0.720439 0.558718 0.0558716 0.087011
0 0.647378 0.561663 0.0557085 0.0941851
0 0.601634 0.563588 0.0555061 0.0933683
0 0.903241 0.558758 0.0391252 0.0662596
1 0.0215085 0.631814 0.0428747 0.097237
0 0.766956 0.561134 0.0531613 0.0808512
1 0.337356 0.603516 0.0550574 0.0787422
0 0.847617 0.555882 0.0462638 0.0736131
0 0.933753 0.555601 0.0321665 0.0629473
0 0.807302 0.558896 0.0354774 0.0747174
1 0.458187 0.59021 0.0474414 0.0666122
0 0.682247 0.563743 0.0317868 0.0816477
0 0.341339 0.576103 0.069795 0.118994
0 0.459432 0.566221 0.0629188 0.101202
0 0.0358493 0.583531 0.0648261 0.141691
0 0.720439 0.558718 0.0558716 0.087011
0 0.647378 0.561663 0.0557085 0.0941851
0 0.601634 0.563588 0.0555061 0.0933683
0 0.903241 0.558758 0.0391252 0.0662596
1 0.0215085 0.631814 0.0428747 0.097237
0 0.766956 0.561134 0.0531613 0.0808512
1 0.337356 0.603516 0.0550574 0.0787422
0 0.847617 0.555882 0.0462638 0.0736131
0 0.933753 0.555601 0.0321665 0.0629473
0 0.807302 0.558896 0.0354774 0.0747174
1 0.458187 0.59021 0.0474414 0.0666122
0 0.682247 0.563743 0.0317868 0.0816477
0 0.341339 0.576103 0.069795 0.118994
0 0.459432 0.566221 0.0629188 0.101202
0 0.0358493 0.583531 0.0648261 0.141691
0 0.720439 0.558718 0.0558716 0.087011
0 0.647378 0.561663 0.0557085 0.0941851
0 0.601634 0.563588 0.0555061 0.0933683
0 0.903241 0.558758 0.0391252 0.0662596
1 0.0215085 0.631814 0.0428747 0.097237
0 0.766956 0.561134 0.0531613 0.0808512
1 0.337356 0.603516 0.0550574 0.0787422
0 0.847617 0.555882 0.0462638 0.0736131
0 0.933753 0.555601 0.0321665 0.0629473
0 0.807302 0.558896 0.0354774 0.0747174
1 0.458187 0.59021 0.0474414 0.0666122
0 0.682247 0.563743 0.0317868 0.0816477
1 0.605558 0.588329 0.0294772 0.0546721
1 0.646396 0.587548 0.0390928 0.0572181
0 0.0221047 0.584103 0.0415726 0.137566
1 0.781403 0.583881 0.0359068 0.0476515
1 0.734804 0.586916 0.0321594 0.0491814
1 0.756008 0.585647 0.0334434 0.0469562
1 0.648349 0.587599 0.0263856 0.055772
1 0.71666 0.587044 0.0402127 0.049942
0 0.870413 0.556139 0.0324609 0.066254
1 0.610815 0.587017 0.0363386 0.0572866
1 0.617862 0.586467 0.0354474 0.0567301
