5 0.401018 0.355972 0.240974 0.377585
5 0.741104 0.360741 0.252109 0.516811
2 0.887198 0.628512 0.225148 0.303863
2 0.569869 0.550507 0.152198 0.182866
2 0.234493 0.57783 0.166217 0.284841
2 0.94886 0.780703 0.101418 0.42035
0 0.0832487 0.661286 0.107876 0.569875
5 0.553715 0.33222 0.0967924 0.270643
5 0.194258 0.410693 0.135629 0.174542
0 0.899274 0.444935 0.0330128 0.0675572
0 0.957302 0.44456 0.0387842 0.0792262
0 0.0227204 0.617745 0.0452019 0.353376
0 0.919221 0.451856 0.0202164 0.0517173
2 0.134608 0.533042 0.0729939 0.167332
5 0.401018 0.355972 0.240974 0.377585
5 0.741104 0.360741 0.252109 0.516811
2 0.887198 0.628512 0.225148 0.303863
2 0.569869 0.550507 0.152198 0.182866
2 0.234493 0.57783 0.166217 0.284841
2 0.94886 0.780703 0.101418 0.42035
0 0.0832487 0.661286 0.107876 0.569875
5 0.553715 0.33222 0.0967924 0.270643
5 0.194258 0.410693 0.135629 0.174542
0 0.899274 0.444935 0.0330128 0.0675572
0 0.957302 0.44456 0.0387842 0.0792262
0 0.0227204 0.617745 0.0452019 0.353376
0 0.919221 0.451856 0.0202164 0.0517173
2 0.134608 0.533042 0.0729939 0.167332
5 0.401018 0.355972 0.240974 0.377585
5 0.741104 0.360741 0.252109 0.516811
2 0.887198 0.628512 0.225148 0.303863
2 0.569869 0.550507 0.152198 0.182866
2 0.234493 0.57783 0.166217 0.284841
2 0.94886 0.780703 0.101418 0.42035
0 0.0832487 0.661286 0.107876 0.569875
5 0.553715 0.33222 0.0967924 0.270643
5 0.194258 0.410693 0.135629 0.174542
0 0.899274 0.444935 0.0330128 0.0675572
0 0.957302 0.44456 0.0387842 0.0792262
0 0.0227204 0.617745 0.0452019 0.353376
0 0.919221 0.451856 0.0202164 0.0517173
2 0.134608 0.533042 0.0729939 0.167332
5 0.401018 0.355972 0.240974 0.377585
5 0.741104 0.360741 0.252109 0.516811
2 0.887198 0.628512 0.225148 0.303863
2 0.569869 0.550507 0.152198 0.182866
2 0.234493 0.57783 0.166217 0.284841
2 0.94886 0.780703 0.101418 0.42035
0 0.0832487 0.661286 0.107876 0.569875
5 0.553715 0.33222 0.0967924 0.270643
5 0.194258 0.410693 0.135629 0.174542
0 0.899274 0.444935 0.0330128 0.0675572
0 0.957302 0.44456 0.0387842 0.0792262
0 0.0227204 0.617745 0.0452019 0.353376
0 0.919221 0.451856 0.0202164 0.0517173
2 0.134608 0.533042 0.0729939 0.167332
5 0.401018 0.355972 0.240974 0.377585
5 0.741104 0.360741 0.252109 0.516811
2 0.887198 0.628512 0.225148 0.303863
2 0.569869 0.550507 0.152198 0.182866
2 0.234493 0.57783 0.166217 0.284841
2 0.94886 0.780703 0.101418 0.42035
0 0.0832487 0.661286 0.107876 0.569875
5 0.553715 0.33222 0.0967924 0.270643
5 0.194258 0.410693 0.135629 0.174542
0 0.899274 0.444935 0.0330128 0.0675572
0 0.957302 0.44456 0.0387842 0.0792262
0 0.0227204 0.617745 0.0452019 0.353376
0 0.919221 0.451856 0.0202164 0.0517173
2 0.134608 0.533042 0.0729939 0.167332
0 0.0323513 0.937295 0.0642949 0.114935
0 0.974536 0.451563 0.0214132 0.0685099
0 0.0312703 0.714194 0.0621386 0.548738
0 0.868966 0.444048 0.0152576 0.0742922
