5 0.327744 0.355653 0.292962 0.350342
2 0.72368 0.697123 0.34005 0.440503
5 0.742505 0.347392 0.251356 0.490602
2 0.959552 0.614334 0.0800585 0.348228
2 0.509484 0.515677 0.110433 0.150959
0 0.084719 0.660718 0.104803 0.57132
5 0.541434 0.339012 0.122197 0.28486
2 0.247037 0.57299 0.14127 0.276637
0 0.194232 0.631819 0.106716 0.330167
3 0.204379 0.732632 0.123524 0.227028
2 0.61057 0.567767 0.13113 0.194389
0 0.0186334 0.60655 0.0370504 0.369092
0 0.900972 0.507243 0.0362137 0.191683
5 0.191896 0.404446 0.131039 0.163033
0 0.950822 0.45933 0.030788 0.112434
0 0.921597 0.490666 0.0213093 0.137228
5 0.327744 0.355653 0.292962 0.350342
2 0.72368 0.697123 0.34005 0.440503
5 0.742505 0.347392 0.251356 0.490602
2 0.959552 0.614334 0.0800585 0.348228
2 0.509484 0.515677 0.110433 0.150959
0 0.084719 0.660718 0.104803 0.57132
5 0.541434 0.339012 0.122197 0.28486
2 0.247037 0.57299 0.14127 0.276637
0 0.194232 0.631819 0.106716 0.330167
3 0.204379 0.732632 0.123524 0.227028
2 0.61057 0.567767 0.13113 0.194389
0 0.0186334 0.60655 0.0370504 0.369092
0 0.900972 0.507243 0.0362137 0.191683
5 0.191896 0.404446 0.131039 0.163033
0 0.950822 0.45933 0.030788 0.112434
0 0.921597 0.490666 0.0213093 0.137228
5 0.327744 0.355653 0.292962 0.350342
2 0.72368 0.697123 0.34005 0.440503
5 0.742505 0.347392 0.251356 0.490602
2 0.959552 0.614334 0.0800585 0.348228
2 0.509484 0.515677 0.110433 0.150959
0 0.084719 0.660718 0.104803 0.57132
5 0.541434 0.339012 0.122197 0.28486
2 0.247037 0.57299 0.14127 0.276637
0 0.194232 0.631819 0.106716 0.330167
3 0.204379 0.732632 0.123524 0.227028
2 0.61057 0.567767 0.13113 0.194389
0 0.0186334 0.60655 0.0370504 0.369092
0 0.900972 0.507243 0.0362137 0.191683
5 0.191896 0.404446 0.131039 0.163033
0 0.950822 0.45933 0.030788 0.112434
0 0.921597 0.490666 0.0213093 0.137228
5 0.327744 0.355653 0.292962 0.350342
2 0.72368 0.697123 0.34005 0.440503
5 0.742505 0.347392 0.251356 0.490602
2 0.959552 0.614334 0.0800585 0.348228
2 0.509484 0.515677 0.110433 0.150959
0 0.084719 0.660718 0.104803 0.57132
5 0.541434 0.339012 0.122197 0.28486
2 0.247037 0.57299 0.14127 0.276637
0 0.194232 0.631819 0.106716 0.330167
3 0.204379 0.732632 0.123524 0.227028
2 0.61057 0.567767 0.13113 0.194389
0 0.0186334 0.60655 0.0370504 0.369092
0 0.900972 0.507243 0.0362137 0.191683
5 0.191896 0.404446 0.131039 0.163033
0 0.950822 0.45933 0.030788 0.112434
0 0.921597 0.490666 0.0213093 0.137228
5 0.327744 0.355653 0.292962 0.350342
2 0.72368 0.697123 0.34005 0.440503
5 0.742505 0.347392 0.251356 0.490602
2 0.959552 0.614334 0.0800585 0.348228
2 0.509484 0.515677 0.110433 0.150959
0 0.084719 0.660718 0.104803 0.57132
5 0.541434 0.339012 0.122197 0.28486
2 0.247037 0.57299 0.14127 0.276637
0 0.194232 0.631819 0.106716 0.330167
3 0.204379 0.732632 0.123524 0.227028
2 0.61057 0.567767 0.13113 0.194389
0 0.0186334 0.60655 0.0370504 0.369092
0 0.900972 0.507243 0.0362137 0.191683
5 0.191896 0.404446 0.131039 0.163033
0 0.950822 0.45933 0.030788 0.112434
0 0.921597 0.490666 0.0213093 0.137228
0 0.933694 0.493255 0.018519 0.129247
5 0.470518 0.363521 0.026565 0.173401
0 0.0323833 0.93791 0.0639554 0.115805
