5 0.188736 0.637716 0.207778 0.199243
0 0.66561 0.796787 0.0724803 0.40353
5 0.8781 0.612813 0.209713 0.162873
5 0.353653 0.629324 0.123699 0.182418
5 0.48796 0.624845 0.120618 0.141963
5 0.587481 0.618115 0.0843334 0.0955951
0 0.802348 0.660213 0.0295542 0.105661
0 0.523056 0.679004 0.0347605 0.118913
0 0.0626479 0.706621 0.0391595 0.125321
0 0.227899 0.697517 0.0250396 0.138007
0 0.367174 0.680593 0.0260699 0.113656
0 0.452703 0.674419 0.019615 0.0974826
0 0.123185 0.688096 0.0236651 0.134032
5 0.0432362 0.642672 0.0858494 0.185875
0 0.243448 0.69693 0.0223612 0.129092
0 0.6263 0.658719 0.0170458 0.0971824
0 0.303355 0.67185 0.0257467 0.123491
0 0.0170527 0.695277 0.0220411 0.113799
0 0.0375509 0.695369 0.0243608 0.116341
0 0.0815482 0.699343 0.0218224 0.125949
0 0.875414 0.653695 0.0211838 0.101359
5 0.188736 0.637716 0.207778 0.199243
0 0.66561 0.796787 0.0724803 0.40353
5 0.8781 0.612813 0.209713 0.162873
5 0.353653 0.629324 0.123699 0.182418
5 0.48796 0.624845 0.120618 0.141963
5 0.587481 0.618115 0.0843334 0.0955951
0 0.802348 0.660213 0.0295542 0.105661
0 0.523056 0.679004 0.0347605 0.118913
0 0.0626479 0.706621 0.0391595 0.125321
0 0.227899 0.697517 0.0250396 0.138007
0 0.367174 0.680593 0.0260699 0.113656
0 0.452703 0.674419 0.019615 0.0974826
0 0.123185 0.688096 0.0236651 0.134032
5 0.0432362 0.642672 0.0858494 0.185875
0 0.243448 0.69693 0.0223612 0.129092
0 0.6263 0.658719 0.0170458 0.0971824
0 0.303355 0.67185 0.0257467 0.123491
0 0.0170527 0.695277 0.0220411 0.113799
0 0.0375509 0.695369 0.0243608 0.116341
0 0.0815482 0.699343 0.0218224 0.125949
0 0.875414 0.653695 0.0211838 0.101359
5 0.188736 0.637716 0.207778 0.199243
0 0.66561 0.796787 0.0724803 0.40353
5 0.8781 0.612813 0.209713 0.162873
5 0.353653 0.629324 0.123699 0.182418
5 0.48796 0.624845 0.120618 0.141963
5 0.587481 0.618115 0.0843334 0.0955951
0 0.802348 0.660213 0.0295542 0.105661
0 0.523056 0.679004 0.0347605 0.118913
0 0.0626479 0.706621 0.0391595 0.125321
0 0.227899 0.697517 0.0250396 0.138007
0 0.367174 0.680593 0.0260699 0.113656
0 0.452703 0.674419 0.019615 0.0974826
0 0.123185 0.688096 0.0236651 0.134032
5 0.0432362 0.642672 0.0858494 0.185875
0 0.243448 0.69693 0.0223612 0.129092
0 0.6263 0.658719 0.0170458 0.0971824
0 0.303355 0.67185 0.0257467 0.123491
0 0.0170527 0.695277 0.0220411 0.113799
0 0.0375509 0.695369 0.0243608 0.116341
0 0.0815482 0.699343 0.0218224 0.125949
0 0.875414 0.653695 0.0211838 0.101359
5 0.188736 0.637716 0.207778 0.199243
0 0.66561 0.796787 0.0724803 0.40353
5 0.8781 0.612813 0.209713 0.162873
5 0.353653 0.629324 0.123699 0.182418
5 0.48796 0.624845 0.120618 0.141963
5 0.587481 0.618115 0.0843334 0.0955951
0 0.802348 0.660213 0.0295542 0.105661
0 0.523056 0.679004 0.0347605 0.118913
0 0.0626479 0.706621 0.0391595 0.125321
0 0.227899 0.697517 0.0250396 0.138007
0 0.367174 0.680593 0.0260699 0.113656
0 0.452703 0.674419 0.019615 0.0974826
0 0.123185 0.688096 0.0236651 0.134032
5 0.0432362 0.642672 0.0858494 0.185875
0 0.243448 0.69693 0.0223612 0.129092
0 0.6263 0.658719 0.0170458 0.0971824
0 0.303355 0.67185 0.0257467 0.123491
0 0.0170527 0.695277 0.0220411 0.113799
0 0.0375509 0.695369 0.0243608 0.116341
0 0.0815482 0.699343 0.0218224 0.125949
0 0.875414 0.653695 0.0211838 0.101359
5 0.188736 0.637716 0.207778 0.199243
0 0.66561 0.796787 0.0724803 0.40353
5 0.8781 0.612813 0.209713 0.162873
5 0.353653 0.629324 0.123699 0.182418
5 0.48796 0.624845 0.120618 0.141963
5 0.587481 0.618115 0.0843334 0.0955951
0 0.802348 0.660213 0.0295542 0.105661
0 0.523056 0.679004 0.0347605 0.118913
0 0.0626479 0.706621 0.0391595 0.125321
0 0.227899 0.697517 0.0250396 0.138007
0 0.367174 0.680593 0.0260699 0.113656
0 0.452703 0.674419 0.019615 0.0974826
0 0.123185 0.688096 0.0236651 0.134032
5 0.0432362 0.642672 0.0858494 0.185875
0 0.243448 0.69693 0.0223612 0.129092
0 0.6263 0.658719 0.0170458 0.0971824
0 0.303355 0.67185 0.0257467 0.123491
0 0.0170527 0.695277 0.0220411 0.113799
0 0.0375509 0.695369 0.0243608 0.116341
0 0.0815482 0.699343 0.0218224 0.125949
0 0.875414 0.653695 0.0211838 0.101359
0 0.729754 0.639488 0.0100091 0.0600852
0 0.782801 0.652707 0.0171116 0.0797385
0 0.826446 0.651634 0.0163881 0.0765628
0 0.694582 0.640286 0.0122625 0.0569199
5 0.0435896 0.606964 0.0853934 0.112308
