5 0.740687 0.366605 0.252369 0.529432
5 0.371655 0.33631 0.113275 0.274963
5 0.541325 0.338747 0.120935 0.283512
2 0.236178 0.577104 0.164986 0.284316
5 0.217527 0.322819 0.13614 0.23436
0 0.901123 0.505934 0.0365631 0.193123
5 0.46445 0.359943 0.0378101 0.164211
5 0.193687 0.40867 0.13122 0.175333
0 0.946755 0.493973 0.0369049 0.188354
0 0.0607757 0.680578 0.11909 0.630893
0 0.121678 0.7131 0.0744903 0.566121
2 0.310135 0.394213 0.0204828 0.075954
0 0.956219 0.524532 0.0582119 0.186349
0 0.924781 0.488905 0.0258812 0.162269
2 0.435189 0.349688 0.0278563 0.0595418
5 0.740687 0.366605 0.252369 0.529432
5 0.371655 0.33631 0.113275 0.274963
5 0.541325 0.338747 0.120935 0.283512
2 0.236178 0.577104 0.164986 0.284316
5 0.217527 0.322819 0.13614 0.23436
0 0.901123 0.505934 0.0365631 0.193123
5 0.46445 0.359943 0.0378101 0.164211
5 0.193687 0.40867 0.13122 0.175333
0 0.946755 0.493973 0.0369049 0.188354
0 0.0607757 0.680578 0.11909 0.630893
0 0.121678 0.7131 0.0744903 0.566121
2 0.310135 0.394213 0.0204828 0.075954
0 0.956219 0.524532 0.0582119 0.186349
0 0.924781 0.488905 0.0258812 0.162269
2 0.435189 0.349688 0.0278563 0.0595418
5 0.740687 0.366605 0.252369 0.529432
5 0.371655 0.33631 0.113275 0.274963
5 0.541325 0.338747 0.120935 0.283512
2 0.236178 0.577104 0.164986 0.284316
5 0.217527 0.322819 0.13614 0.23436
0 0.901123 0.505934 0.0365631 0.193123
5 0.46445 0.359943 0.0378101 0.164211
5 0.193687 0.40867 0.13122 0.175333
0 0.946755 0.493973 0.0369049 0.188354
0 0.0607757 0.680578 0.11909 0.630893
0 0.121678 0.7131 0.0744903 0.566121
2 0.310135 0.394213 0.0204828 0.075954
0 0.956219 0.524532 0.0582119 0.186349
0 0.924781 0.488905 0.0258812 0.162269
2 0.435189 0.349688 0.0278563 0.0595418
5 0.740687 0.366605 0.252369 0.529432
5 0.371655 0.33631 0.113275 0.274963
5 0.541325 0.338747 0.120935 0.283512
2 0.236178 0.577104 0.164986 0.284316
5 0.217527 0.322819 0.13614 0.23436
0 0.901123 0.505934 0.0365631 0.193123
5 0.46445 0.359943 0.0378101 0.164211
5 0.193687 0.40867 0.13122 0.175333
0 0.946755 0.493973 0.0369049 0.188354
0 0.0607757 0.680578 0.11909 0.630893
0 0.121678 0.7131 0.0744903 0.566121
2 0.310135 0.394213 0.0204828 0.075954
0 0.956219 0.524532 0.0582119 0.186349
0 0.924781 0.488905 0.0258812 0.162269
2 0.435189 0.349688 0.0278563 0.0595418
5 0.740687 0.366605 0.252369 0.529432
5 0.371655 0.33631 0.113275 0.274963
5 0.541325 0.338747 0.120935 0.283512
2 0.236178 0.577104 0.164986 0.284316
5 0.217527 0.322819 0.13614 0.23436
0 0.901123 0.505934 0.0365631 0.193123
5 0.46445 0.359943 0.0378101 0.164211
5 0.193687 0.40867 0.13122 0.175333
0 0.946755 0.493973 0.0369049 0.188354
0 0.0607757 0.680578 0.11909 0.630893
0 0.121678 0.7131 0.0744903 0.566121
2 0.310135 0.394213 0.0204828 0.075954
0 0.956219 0.524532 0.0582119 0.186349
0 0.924781 0.488905 0.0258812 0.162269
2 0.435189 0.349688 0.0278563 0.0595418
0 0.116024 0.590775 0.0626764 0.322601
0 0.0337083 0.937064 0.0666982 0.116803
2 0.146954 0.537179 0.0540579 0.162193
