5 0.176571 0.644418 0.210211 0.20088
5 0.656205 0.625509 0.0914531 0.117394
5 0.865624 0.624375 0.208282 0.164692
5 0.343909 0.634184 0.124266 0.174922
5 0.0372478 0.648732 0.07416 0.177497
5 0.444603 0.633378 0.0833777 0.119029
0 0.405935 0.68672 0.0309285 0.10691
0 0.217471 0.705153 0.0241933 0.139078
0 0.84922 0.671062 0.0198883 0.126232
0 0.282785 0.743361 0.0413243 0.215457
0 0.436885 0.68615 0.0198571 0.126448
5 0.510155 0.628374 0.0530001 0.0731606
0 0.552581 0.666551 0.0130632 0.064661
5 0.554278 0.626508 0.0467402 0.0753944
0 0.917827 0.671636 0.0290094 0.109778
0 0.31421 0.694276 0.0276736 0.114709
0 0.232775 0.70536 0.0207285 0.129832
0 0.96957 0.672775 0.0165066 0.107637
0 0.0322409 0.702381 0.0407332 0.129947
0 0.0988301 0.702641 0.0286118 0.124342
0 0.629022 0.666937 0.0163333 0.0806842
0 0.0666566 0.704576 0.0214234 0.120898
0 0.733993 0.645559 0.0138807 0.0741679
5 0.176571 0.644418 0.210211 0.20088
5 0.656205 0.625509 0.0914531 0.117394
5 0.865624 0.624375 0.208282 0.164692
5 0.343909 0.634184 0.124266 0.174922
5 0.0372478 0.648732 0.07416 0.177497
5 0.444603 0.633378 0.0833777 0.119029
0 0.405935 0.68672 0.0309285 0.10691
0 0.217471 0.705153 0.0241933 0.139078
0 0.84922 0.671062 0.0198883 0.126232
0 0.282785 0.743361 0.0413243 0.215457
0 0.436885 0.68615 0.0198571 0.126448
5 0.510155 0.628374 0.0530001 0.0731606
0 0.552581 0.666551 0.0130632 0.064661
5 0.554278 0.626508 0.0467402 0.0753944
0 0.917827 0.671636 0.0290094 0.109778
0 0.31421 0.694276 0.0276736 0.114709
0 0.232775 0.70536 0.0207285 0.129832
0 0.96957 0.672775 0.0165066 0.107637
0 0.0322409 0.702381 0.0407332 0.129947
0 0.0988301 0.702641 0.0286118 0.124342
0 0.629022 0.666937 0.0163333 0.0806842
0 0.0666566 0.704576 0.0214234 0.120898
0 0.733993 0.645559 0.0138807 0.0741679
5 0.176571 0.644418 0.210211 0.20088
5 0.656205 0.625509 0.0914531 0.117394
5 0.865624 0.624375 0.208282 0.164692
5 0.343909 0.634184 0.124266 0.174922
5 0.0372478 0.648732 0.07416 0.177497
5 0.444603 0.633378 0.0833777 0.119029
0 0.405935 0.68672 0.0309285 0.10691
0 0.217471 0.705153 0.0241933 0.139078
0 0.84922 0.671062 0.0198883 0.126232
0 0.282785 0.743361 0.0413243 0.215457
0 0.436885 0.68615 0.0198571 0.126448
5 0.510155 0.628374 0.0530001 0.0731606
0 0.552581 0.666551 0.0130632 0.064661
5 0.554278 0.626508 0.0467402 0.0753944
0 0.917827 0.671636 0.0290094 0.109778
0 0.31421 0.694276 0.0276736 0.114709
0 0.232775 0.70536 0.0207285 0.129832
0 0.96957 0.672775 0.0165066 0.107637
0 0.0322409 0.702381 0.0407332 0.129947
0 0.0988301 0.702641 0.0286118 0.124342
0 0.629022 0.666937 0.0163333 0.0806842
0 0.0666566 0.704576 0.0214234 0.120898
0 0.733993 0.645559 0.0138807 0.0741679
