5 0.892145 0.627991 0.214577 0.165478
0 0.378459 0.824882 0.105518 0.350236
5 0.200236 0.652919 0.207827 0.198037
5 0.474769 0.640302 0.101971 0.177785
5 0.0491072 0.657527 0.0977835 0.192121
5 0.364371 0.641757 0.12394 0.178565
0 0.240269 0.711354 0.0253538 0.139238
0 0.0727799 0.70676 0.0235276 0.104601
0 0.137786 0.702424 0.0337138 0.13387
0 0.405187 0.692485 0.0189161 0.0971232
0 0.256196 0.711688 0.0203268 0.127716
5 0.561729 0.633735 0.0723618 0.0778215
5 0.0461625 0.438812 0.0920264 0.0607439
0 0.0945342 0.711068 0.0222442 0.118434
0 0.872826 0.669531 0.0231619 0.101773
0 0.708382 0.653421 0.0110384 0.0564769
0 0.721546 0.654178 0.0102985 0.0491636
0 0.425728 0.684169 0.0150681 0.0798702
0 0.773053 0.658898 0.0165301 0.0688894
5 0.892145 0.627991 0.214577 0.165478
0 0.378459 0.824882 0.105518 0.350236
5 0.200236 0.652919 0.207827 0.198037
5 0.474769 0.640302 0.101971 0.177785
5 0.0491072 0.657527 0.0977835 0.192121
5 0.364371 0.641757 0.12394 0.178565
0 0.240269 0.711354 0.0253538 0.139238
0 0.0727799 0.70676 0.0235276 0.104601
0 0.137786 0.702424 0.0337138 0.13387
0 0.405187 0.692485 0.0189161 0.0971232
0 0.256196 0.711688 0.0203268 0.127716
5 0.561729 0.633735 0.0723618 0.0778215
5 0.0461625 0.438812 0.0920264 0.0607439
0 0.0945342 0.711068 0.0222442 0.118434
0 0.872826 0.669531 0.0231619 0.101773
0 0.708382 0.653421 0.0110384 0.0564769
0 0.721546 0.654178 0.0102985 0.0491636
0 0.425728 0.684169 0.0150681 0.0798702
0 0.773053 0.658898 0.0165301 0.0688894
5 0.892145 0.627991 0.214577 0.165478
0 0.378459 0.824882 0.105518 0.350236
5 0.200236 0.652919 0.207827 0.198037
5 0.474769 0.640302 0.101971 0.177785
5 0.0491072 0.657527 0.0977835 0.192121
5 0.364371 0.641757 0.12394 0.178565
0 0.240269 0.711354 0.0253538 0.139238
0 0.0727799 0.70676 0.0235276 0.104601
0 0.137786 0.702424 0.0337138 0.13387
0 0.405187 0.692485 0.0189161 0.0971232
0 0.256196 0.711688 0.0203268 0.127716
5 0.561729 0.633735 0.0723618 0.0778215
5 0.0461625 0.438812 0.0920264 0.0607439
0 0.0945342 0.711068 0.0222442 0.118434
0 0.872826 0.669531 0.0231619 0.101773
0 0.708382 0.653421 0.0110384 0.0564769
0 0.721546 0.654178 0.0102985 0.0491636
0 0.425728 0.684169 0.0150681 0.0798702
0 0.773053 0.658898 0.0165301 0.0688894
