5 0.182038 0.648412 0.209985 0.214901
5 0.645832 0.617866 0.119394 0.110374
5 0.347778 0.628209 0.122848 0.175791
5 0.469995 0.626902 0.122115 0.125219
5 0.87101 0.612915 0.21155 0.16093
5 0.0400956 0.643879 0.0795087 0.179975
5 0.555707 0.620298 0.0486374 0.0755581
0 0.112666 0.730623 0.035448 0.215525
0 0.328333 0.690723 0.0359011 0.122692
0 0.173903 0.734344 0.0328916 0.193989
0 0.709421 0.657159 0.0178043 0.0798348
0 0.21958 0.699799 0.0311848 0.136964
0 0.489332 0.666487 0.0287447 0.118266
0 0.384772 0.684884 0.0296934 0.11672
0 0.860913 0.659752 0.0210571 0.0910483
0 0.297298 0.675167 0.0238792 0.124375
0 0.23802 0.698985 0.0202699 0.13015
0 0.0726731 0.697399 0.0216762 0.125665
0 0.00538584 0.702878 0.0107341 0.132358
0 0.673479 0.657944 0.018829 0.0934909
0 0.525951 0.656767 0.0150702 0.0867693
5 0.182038 0.648412 0.209985 0.214901
5 0.645832 0.617866 0.119394 0.110374
5 0.347778 0.628209 0.122848 0.175791
5 0.469995 0.626902 0.122115 0.125219
5 0.87101 0.612915 0.21155 0.16093
5 0.0400956 0.643879 0.0795087 0.179975
5 0.555707 0.620298 0.0486374 0.0755581
0 0.112666 0.730623 0.035448 0.215525
0 0.328333 0.690723 0.0359011 0.122692
0 0.173903 0.734344 0.0328916 0.193989
0 0.709421 0.657159 0.0178043 0.0798348
0 0.21958 0.699799 0.0311848 0.136964
0 0.489332 0.666487 0.0287447 0.118266
0 0.384772 0.684884 0.0296934 0.11672
0 0.860913 0.659752 0.0210571 0.0910483
0 0.297298 0.675167 0.0238792 0.124375
0 0.23802 0.698985 0.0202699 0.13015
0 0.0726731 0.697399 0.0216762 0.125665
0 0.00538584 0.702878 0.0107341 0.132358
0 0.673479 0.657944 0.018829 0.0934909
0 0.525951 0.656767 0.0150702 0.0867693
5 0.182038 0.648412 0.209985 0.214901
5 0.645832 0.617866 0.119394 0.110374
5 0.347778 0.628209 0.122848 0.175791
5 0.469995 0.626902 0.122115 0.125219
5 0.87101 0.612915 0.21155 0.16093
5 0.0400956 0.643879 0.0795087 0.179975
5 0.555707 0.620298 0.0486374 0.0755581
0 0.112666 0.730623 0.035448 0.215525
0 0.328333 0.690723 0.0359011 0.122692
0 0.173903 0.734344 0.0328916 0.193989
0 0.709421 0.657159 0.0178043 0.0798348
0 0.21958 0.699799 0.0311848 0.136964
0 0.489332 0.666487 0.0287447 0.118266
0 0.384772 0.684884 0.0296934 0.11672
0 0.860913 0.659752 0.0210571 0.0910483
0 0.297298 0.675167 0.0238792 0.124375
0 0.23802 0.698985 0.0202699 0.13015
0 0.0726731 0.697399 0.0216762 0.125665
0 0.00538584 0.702878 0.0107341 0.132358
0 0.673479 0.657944 0.018829 0.0934909
0 0.525951 0.656767 0.0150702 0.0867693
5 0.182038 0.648412 0.209985 0.214901
5 0.645832 0.617866 0.119394 0.110374
5 0.347778 0.628209 0.122848 0.175791
5 0.469995 0.626902 0.122115 0.125219
5 0.87101 0.612915 0.21155 0.16093
5 0.0400956 0.643879 0.0795087 0.179975
5 0.555707 0.620298 0.0486374 0.0755581
0 0.112666 0.730623 0.035448 0.215525
0 0.328333 0.690723 0.0359011 0.122692
0 0.173903 0.734344 0.0328916 0.193989
0 0.709421 0.657159 0.0178043 0.0798348
0 0.21958 0.699799 0.0311848 0.136964
0 0.489332 0.666487 0.0287447 0.118266
0 0.384772 0.684884 0.0296934 0.11672
0 0.860913 0.659752 0.0210571 0.0910483
0 0.297298 0.675167 0.0238792 0.124375
0 0.23802 0.698985 0.0202699 0.13015
0 0.0726731 0.697399 0.0216762 0.125665
0 0.00538584 0.702878 0.0107341 0.132358
0 0.673479 0.657944 0.018829 0.0934909
0 0.525951 0.656767 0.0150702 0.0867693
5 0.182038 0.648412 0.209985 0.214901
5 0.645832 0.617866 0.119394 0.110374
5 0.347778 0.628209 0.122848 0.175791
5 0.469995 0.626902 0.122115 0.125219
5 0.87101 0.612915 0.21155 0.16093
5 0.0400956 0.643879 0.0795087 0.179975
5 0.555707 0.620298 0.0486374 0.0755581
0 0.112666 0.730623 0.035448 0.215525
0 0.328333 0.690723 0.0359011 0.122692
0 0.173903 0.734344 0.0328916 0.193989
0 0.709421 0.657159 0.0178043 0.0798348
0 0.21958 0.699799 0.0311848 0.136964
0 0.489332 0.666487 0.0287447 0.118266
0 0.384772 0.684884 0.0296934 0.11672
0 0.860913 0.659752 0.0210571 0.0910483
0 0.297298 0.675167 0.0238792 0.124375
0 0.23802 0.698985 0.0202699 0.13015
0 0.0726731 0.697399 0.0216762 0.125665
0 0.00538584 0.702878 0.0107341 0.132358
0 0.673479 0.657944 0.018829 0.0934909
0 0.525951 0.656767 0.0150702 0.0867693
0 0.912744 0.65879 0.0185461 0.0880751
0 0.371396 0.686782 0.0206382 0.119714
0 0.723264 0.646256 0.0113365 0.0551029
0 0.912223 0.646829 0.0169151 0.0643892
0 0.796785 0.652838 0.0124637 0.0563085
