0 0.294017 0.797112 0.109879 0.400139
5 0.477913 0.624448 0.0820295 0.156971
5 0.18935 0.63975 0.210113 0.203878
5 0.87948 0.607188 0.210451 0.159801
5 0.353994 0.62538 0.125675 0.175846
5 0.0435531 0.640149 0.0866379 0.182463
0 0.891399 0.655367 0.0345524 0.11915
0 0.405803 0.682599 0.0235042 0.109868
0 0.0822041 0.694374 0.0247288 0.127213
0 0.607311 0.669543 0.019046 0.119046
0 0.229062 0.697726 0.02542 0.137664
0 0.771987 0.645401 0.0142174 0.0709654
0 0.125281 0.687799 0.022254 0.136307
0 0.181395 0.693258 0.0317568 0.130339
0 0.0632504 0.6872 0.0185131 0.105975
0 0.694758 0.640054 0.0120455 0.0649921
0 0.668452 0.654491 0.017107 0.0883681
0 0.346787 0.677834 0.0175397 0.110623
0 0.244545 0.694498 0.0205349 0.126079
0 0.754997 0.645761 0.0138483 0.0721634
5 0.55156 0.614805 0.0714703 0.0823682
0 0.803523 0.647349 0.0126135 0.0587801
0 0.720267 0.63669 0.011808 0.0548897
0 0.294017 0.797112 0.109879 0.400139
5 0.477913 0.624448 0.0820295 0.156971
5 0.18935 0.63975 0.210113 0.203878
5 0.87948 0.607188 0.210451 0.159801
5 0.353994 0.62538 0.125675 0.175846
5 0.0435531 0.640149 0.0866379 0.182463
0 0.891399 0.655367 0.0345524 0.11915
0 0.405803 0.682599 0.0235042 0.109868
0 0.0822041 0.694374 0.0247288 0.127213
0 0.607311 0.669543 0.019046 0.119046
0 0.229062 0.697726 0.02542 0.137664
0 0.771987 0.645401 0.0142174 0.0709654
0 0.125281 0.687799 0.022254 0.136307
0 0.181395 0.693258 0.0317568 0.130339
0 0.0632504 0.6872 0.0185131 0.105975
0 0.694758 0.640054 0.0120455 0.0649921
0 0.668452 0.654491 0.017107 0.0883681
0 0.346787 0.677834 0.0175397 0.110623
0 0.244545 0.694498 0.0205349 0.126079
0 0.754997 0.645761 0.0138483 0.0721634
5 0.55156 0.614805 0.0714703 0.0823682
0 0.803523 0.647349 0.0126135 0.0587801
0 0.720267 0.63669 0.011808 0.0548897
0 0.294017 0.797112 0.109879 0.400139
5 0.477913 0.624448 0.0820295 0.156971
5 0.18935 0.63975 0.210113 0.203878
5 0.87948 0.607188 0.210451 0.159801
5 0.353994 0.62538 0.125675 0.175846
5 0.0435531 0.640149 0.0866379 0.182463
0 0.891399 0.655367 0.0345524 0.11915
0 0.405803 0.682599 0.0235042 0.109868
0 0.0822041 0.694374 0.0247288 0.127213
0 0.607311 0.669543 0.019046 0.119046
0 0.229062 0.697726 0.02542 0.137664
0 0.771987 0.645401 0.0142174 0.0709654
0 0.125281 0.687799 0.022254 0.136307
0 0.181395 0.693258 0.0317568 0.130339
0 0.0632504 0.6872 0.0185131 0.105975
0 0.694758 0.640054 0.0120455 0.0649921
0 0.668452 0.654491 0.017107 0.0883681
0 0.346787 0.677834 0.0175397 0.110623
0 0.244545 0.694498 0.0205349 0.126079
0 0.754997 0.645761 0.0138483 0.0721634
5 0.55156 0.614805 0.0714703 0.0823682
0 0.803523 0.647349 0.0126135 0.0587801
0 0.720267 0.63669 0.011808 0.0548897
0 0.294017 0.797112 0.109879 0.400139
5 0.477913 0.624448 0.0820295 0.156971
5 0.18935 0.63975 0.210113 0.203878
5 0.87948 0.607188 0.210451 0.159801
5 0.353994 0.62538 0.125675 0.175846
5 0.0435531 0.640149 0.0866379 0.182463
0 0.891399 0.655367 0.0345524 0.11915
0 0.405803 0.682599 0.0235042 0.109868
0 0.0822041 0.694374 0.0247288 0.127213
0 0.607311 0.669543 0.019046 0.119046
0 0.229062 0.697726 0.02542 0.137664
0 0.771987 0.645401 0.0142174 0.0709654
0 0.125281 0.687799 0.022254 0.136307
0 0.181395 0.693258 0.0317568 0.130339
0 0.0632504 0.6872 0.0185131 0.105975
0 0.694758 0.640054 0.0120455 0.0649921
0 0.668452 0.654491 0.017107 0.0883681
0 0.346787 0.677834 0.0175397 0.110623
0 0.244545 0.694498 0.0205349 0.126079
0 0.754997 0.645761 0.0138483 0.0721634
5 0.55156 0.614805 0.0714703 0.0823682
0 0.803523 0.647349 0.0126135 0.0587801
0 0.720267 0.63669 0.011808 0.0548897
0 0.294017 0.797112 0.109879 0.400139
5 0.477913 0.624448 0.0820295 0.156971
5 0.18935 0.63975 0.210113 0.203878
5 0.87948 0.607188 0.210451 0.159801
5 0.353994 0.62538 0.125675 0.175846
5 0.0435531 0.640149 0.0866379 0.182463
0 0.891399 0.655367 0.0345524 0.11915
0 0.405803 0.682599 0.0235042 0.109868
0 0.0822041 0.694374 0.0247288 0.127213
0 0.607311 0.669543 0.019046 0.119046
0 0.229062 0.697726 0.02542 0.137664
0 0.771987 0.645401 0.0142174 0.0709654
0 0.125281 0.687799 0.022254 0.136307
0 0.181395 0.693258 0.0317568 0.130339
0 0.0632504 0.6872 0.0185131 0.105975
0 0.694758 0.640054 0.0120455 0.0649921
0 0.668452 0.654491 0.017107 0.0883681
0 0.346787 0.677834 0.0175397 0.110623
0 0.244545 0.694498 0.0205349 0.126079
0 0.754997 0.645761 0.0138483 0.0721634
5 0.55156 0.614805 0.0714703 0.0823682
0 0.803523 0.647349 0.0126135 0.0587801
0 0.720267 0.63669 0.011808 0.0548897
0 0.78652 0.651168 0.0171192 0.0654541
5 0.425967 0.615299 0.028418 0.0915466
5 0.569079 0.615933 0.0359426 0.0761067
0 0.974293 0.630864 0.0170933 0.0719967
