5 0.740969 0.36688 0.255422 0.531695
5 0.541706 0.338697 0.123625 0.283919
5 0.422069 0.308379 0.1199 0.217462
2 0.222746 0.576894 0.189978 0.282634
0 0.0705192 0.67733 0.140899 0.634082
2 0.334714 0.352162 0.0487108 0.0661376
5 0.216678 0.319002 0.139439 0.227684
0 0.958194 0.523216 0.059354 0.191331
0 0.902988 0.507084 0.0374908 0.194561
5 0.464801 0.359295 0.0378654 0.168166
5 0.195243 0.399318 0.136577 0.157413
0 0.947905 0.494102 0.0348482 0.180842
5 0.740969 0.36688 0.255422 0.531695
5 0.541706 0.338697 0.123625 0.283919
5 0.422069 0.308379 0.1199 0.217462
2 0.222746 0.576894 0.189978 0.282634
0 0.0705192 0.67733 0.140899 0.634082
2 0.334714 0.352162 0.0487108 0.0661376
5 0.216678 0.319002 0.139439 0.227684
0 0.958194 0.523216 0.059354 0.191331
0 0.902988 0.507084 0.0374908 0.194561
5 0.464801 0.359295 0.0378654 0.168166
5 0.195243 0.399318 0.136577 0.157413
0 0.947905 0.494102 0.0348482 0.180842
5 0.740969 0.36688 0.255422 0.531695
5 0.541706 0.338697 0.123625 0.283919
5 0.422069 0.308379 0.1199 0.217462
2 0.222746 0.576894 0.189978 0.282634
0 0.0705192 0.67733 0.140899 0.634082
2 0.334714 0.352162 0.0487108 0.0661376
5 0.216678 0.319002 0.139439 0.227684
0 0.958194 0.523216 0.059354 0.191331
0 0.902988 0.507084 0.0374908 0.194561
5 0.464801 0.359295 0.0378654 0.168166
5 0.195243 0.399318 0.136577 0.157413
0 0.947905 0.494102 0.0348482 0.180842
5 0.740969 0.36688 0.255422 0.531695
5 0.541706 0.338697 0.123625 0.283919
5 0.422069 0.308379 0.1199 0.217462
2 0.222746 0.576894 0.189978 0.282634
0 0.0705192 0.67733 0.140899 0.634082
2 0.334714 0.352162 0.0487108 0.0661376
5 0.216678 0.319002 0.139439 0.227684
0 0.958194 0.523216 0.059354 0.191331
0 0.902988 0.507084 0.0374908 0.194561
5 0.464801 0.359295 0.0378654 0.168166
5 0.195243 0.399318 0.136577 0.157413
0 0.947905 0.494102 0.0348482 0.180842
5 0.740969 0.36688 0.255422 0.531695
5 0.541706 0.338697 0.123625 0.283919
5 0.422069 0.308379 0.1199 0.217462
2 0.222746 0.576894 0.189978 0.282634
0 0.0705192 0.67733 0.140899 0.634082
2 0.334714 0.352162 0.0487108 0.0661376
5 0.216678 0.319002 0.139439 0.227684
0 0.958194 0.523216 0.059354 0.191331
0 0.902988 0.507084 0.0374908 0.194561
5 0.464801 0.359295 0.0378654 0.168166
5 0.195243 0.399318 0.136577 0.157413
0 0.947905 0.494102 0.0348482 0.180842
0 0.139068 0.713269 0.0921258 0.560007
0 0.0328438 0.937042 0.0647734 0.116192
