5 0.287689 0.587111 0.573152 0.424433
5 0.873119 0.56189 0.20861 0.166061
5 0.640191 0.568505 0.056065 0.0907873
0 0.745163 0.598329 0.0148741 0.0668841
0 0.782582 0.598507 0.013921 0.0794037
5 0.287689 0.587111 0.573152 0.424433
5 0.873119 0.56189 0.20861 0.166061
5 0.640191 0.568505 0.056065 0.0907873
0 0.745163 0.598329 0.0148741 0.0668841
0 0.782582 0.598507 0.013921 0.0794037
5 0.287689 0.587111 0.573152 0.424433
5 0.873119 0.56189 0.20861 0.166061
5 0.640191 0.568505 0.056065 0.0907873
0 0.745163 0.598329 0.0148741 0.0668841
0 0.782582 0.598507 0.013921 0.0794037
5 0.287689 0.587111 0.573152 0.424433
5 0.873119 0.56189 0.20861 0.166061
5 0.640191 0.568505 0.056065 0.0907873
0 0.745163 0.598329 0.0148741 0.0668841
0 0.782582 0.598507 0.013921 0.0794037
5 0.287689 0.587111 0.573152 0.424433
5 0.873119 0.56189 0.20861 0.166061
5 0.640191 0.568505 0.056065 0.0907873
0 0.745163 0.598329 0.0148741 0.0668841
0 0.782582 0.598507 0.013921 0.0794037
0 0.798103 0.597539 0.0121382 0.0600617
