5 0.561115 0.363395 0.287514 0.608452
5 0.778252 0.356758 0.179937 0.507217
0 0.818 0.684829 0.16349 0.627122
2 0.23843 0.577323 0.160133 0.285277
0 0.0942876 0.666368 0.104479 0.565069
0 0.475211 0.688778 0.136036 0.614025
0 0.598336 0.688733 0.126511 0.618245
0 0.364798 0.717622 0.112203 0.554583
5 0.20442 0.409054 0.150595 0.18293
0 0.902309 0.505829 0.0378281 0.194129
5 0.228522 0.315166 0.114711 0.226469
2 0.142408 0.533425 0.0641106 0.167036
0 0.953204 0.485028 0.0368666 0.164429
2 0.402027 0.422205 0.0407676 0.0855091
2 0.382274 0.49471 0.0949928 0.131355
5 0.561115 0.363395 0.287514 0.608452
5 0.778252 0.356758 0.179937 0.507217
0 0.818 0.684829 0.16349 0.627122
2 0.23843 0.577323 0.160133 0.285277
0 0.0942876 0.666368 0.104479 0.565069
0 0.475211 0.688778 0.136036 0.614025
0 0.598336 0.688733 0.126511 0.618245
0 0.364798 0.717622 0.112203 0.554583
5 0.20442 0.409054 0.150595 0.18293
0 0.902309 0.505829 0.0378281 0.194129
5 0.228522 0.315166 0.114711 0.226469
2 0.142408 0.533425 0.0641106 0.167036
0 0.953204 0.485028 0.0368666 0.164429
2 0.402027 0.422205 0.0407676 0.0855091
2 0.382274 0.49471 0.0949928 0.131355
5 0.561115 0.363395 0.287514 0.608452
5 0.778252 0.356758 0.179937 0.507217
0 0.818 0.684829 0.16349 0.627122
2 0.23843 0.577323 0.160133 0.285277
0 0.0942876 0.666368 0.104479 0.565069
0 0.475211 0.688778 0.136036 0.614025
0 0.598336 0.688733 0.126511 0.618245
0 0.364798 0.717622 0.112203 0.554583
5 0.20442 0.409054 0.150595 0.18293
0 0.902309 0.505829 0.0378281 0.194129
5 0.228522 0.315166 0.114711 0.226469
2 0.142408 0.533425 0.0641106 0.167036
0 0.953204 0.485028 0.0368666 0.164429
2 0.402027 0.422205 0.0407676 0.0855091
2 0.382274 0.49471 0.0949928 0.131355
5 0.561115 0.363395 0.287514 0.608452
5 0.778252 0.356758 0.179937 0.507217
0 0.818 0.684829 0.16349 0.627122
2 0.23843 0.577323 0.160133 0.285277
0 0.0942876 0.666368 0.104479 0.565069
0 0.475211 0.688778 0.136036 0.614025
0 0.598336 0.688733 0.126511 0.618245
0 0.364798 0.717622 0.112203 0.554583
5 0.20442 0.409054 0.150595 0.18293
0 0.902309 0.505829 0.0378281 0.194129
5 0.228522 0.315166 0.114711 0.226469
2 0.142408 0.533425 0.0641106 0.167036
0 0.953204 0.485028 0.0368666 0.164429
2 0.402027 0.422205 0.0407676 0.0855091
2 0.382274 0.49471 0.0949928 0.131355
5 0.561115 0.363395 0.287514 0.608452
5 0.778252 0.356758 0.179937 0.507217
0 0.818 0.684829 0.16349 0.627122
2 0.23843 0.577323 0.160133 0.285277
0 0.0942876 0.666368 0.104479 0.565069
0 0.475211 0.688778 0.136036 0.614025
0 0.598336 0.688733 0.126511 0.618245
0 0.364798 0.717622 0.112203 0.554583
5 0.20442 0.409054 0.150595 0.18293
0 0.902309 0.505829 0.0378281 0.194129
5 0.228522 0.315166 0.114711 0.226469
2 0.142408 0.533425 0.0641106 0.167036
0 0.953204 0.485028 0.0368666 0.164429
2 0.402027 0.422205 0.0407676 0.0855091
2 0.382274 0.49471 0.0949928 0.131355
2 0.394958 0.396168 0.0501552 0.069832
0 0.95557 0.561318 0.0570999 0.112543
0 0.955783 0.52026 0.0580132 0.195167
0 0.0338159 0.937136 0.0669734 0.116824
