5 0.195168 0.655877 0.207906 0.196719
5 0.884987 0.62841 0.212333 0.167277
5 0.359169 0.643464 0.123674 0.177887
5 0.471551 0.644156 0.097131 0.180952
5 0.0465641 0.661054 0.0926376 0.183658
0 0.979898 0.772242 0.0394617 0.30019
0 0.9131 0.679951 0.0366135 0.126873
0 0.0621273 0.766601 0.0402365 0.218839
5 0.557309 0.634988 0.0694036 0.0755634
0 0.794215 0.665873 0.0170832 0.0834162
0 0.234586 0.716119 0.0246164 0.137932
0 0.748006 0.663108 0.0144081 0.077046
0 0.359429 0.698767 0.0188864 0.105433
0 0.133149 0.706818 0.0228219 0.133951
0 0.314198 0.690074 0.021694 0.123911
0 0.248995 0.714454 0.022624 0.130047
0 0.728882 0.659271 0.0127378 0.0585559
0 0.089615 0.719208 0.0212298 0.11597
0 0.332543 0.69635 0.0197577 0.112077
0 0.81011 0.662686 0.0133167 0.0684993
0 0.697407 0.652994 0.0105967 0.0692151
5 0.195168 0.655877 0.207906 0.196719
5 0.884987 0.62841 0.212333 0.167277
5 0.359169 0.643464 0.123674 0.177887
5 0.471551 0.644156 0.097131 0.180952
5 0.0465641 0.661054 0.0926376 0.183658
0 0.979898 0.772242 0.0394617 0.30019
0 0.9131 0.679951 0.0366135 0.126873
0 0.0621273 0.766601 0.0402365 0.218839
5 0.557309 0.634988 0.0694036 0.0755634
0 0.794215 0.665873 0.0170832 0.0834162
0 0.234586 0.716119 0.0246164 0.137932
0 0.748006 0.663108 0.0144081 0.077046
0 0.359429 0.698767 0.0188864 0.105433
0 0.133149 0.706818 0.0228219 0.133951
0 0.314198 0.690074 0.021694 0.123911
0 0.248995 0.714454 0.022624 0.130047
0 0.728882 0.659271 0.0127378 0.0585559
0 0.089615 0.719208 0.0212298 0.11597
0 0.332543 0.69635 0.0197577 0.112077
0 0.81011 0.662686 0.0133167 0.0684993
0 0.697407 0.652994 0.0105967 0.0692151
5 0.195168 0.655877 0.207906 0.196719
5 0.884987 0.62841 0.212333 0.167277
5 0.359169 0.643464 0.123674 0.177887
5 0.471551 0.644156 0.097131 0.180952
5 0.0465641 0.661054 0.0926376 0.183658
0 0.979898 0.772242 0.0394617 0.30019
0 0.9131 0.679951 0.0366135 0.126873
0 0.0621273 0.766601 0.0402365 0.218839
5 0.557309 0.634988 0.0694036 0.0755634
0 0.794215 0.665873 0.0170832 0.0834162
0 0.234586 0.716119 0.0246164 0.137932
0 0.748006 0.663108 0.0144081 0.077046
0 0.359429 0.698767 0.0188864 0.105433
0 0.133149 0.706818 0.0228219 0.133951
0 0.314198 0.690074 0.021694 0.123911
0 0.248995 0.714454 0.022624 0.130047
0 0.728882 0.659271 0.0127378 0.0585559
0 0.089615 0.719208 0.0212298 0.11597
0 0.332543 0.69635 0.0197577 0.112077
0 0.81011 0.662686 0.0133167 0.0684993
0 0.697407 0.652994 0.0105967 0.0692151
5 0.195168 0.655877 0.207906 0.196719
5 0.884987 0.62841 0.212333 0.167277
5 0.359169 0.643464 0.123674 0.177887
5 0.471551 0.644156 0.097131 0.180952
5 0.0465641 0.661054 0.0926376 0.183658
0 0.979898 0.772242 0.0394617 0.30019
0 0.9131 0.679951 0.0366135 0.126873
0 0.0621273 0.766601 0.0402365 0.218839
5 0.557309 0.634988 0.0694036 0.0755634
0 0.794215 0.665873 0.0170832 0.0834162
0 0.234586 0.716119 0.0246164 0.137932
0 0.748006 0.663108 0.0144081 0.077046
0 0.359429 0.698767 0.0188864 0.105433
0 0.133149 0.706818 0.0228219 0.133951
0 0.314198 0.690074 0.021694 0.123911
0 0.248995 0.714454 0.022624 0.130047
0 0.728882 0.659271 0.0127378 0.0585559
0 0.089615 0.719208 0.0212298 0.11597
0 0.332543 0.69635 0.0197577 0.112077
0 0.81011 0.662686 0.0133167 0.0684993
0 0.697407 0.652994 0.0105967 0.0692151
5 0.195168 0.655877 0.207906 0.196719
5 0.884987 0.62841 0.212333 0.167277
5 0.359169 0.643464 0.123674 0.177887
5 0.471551 0.644156 0.097131 0.180952
5 0.0465641 0.661054 0.0926376 0.183658
0 0.979898 0.772242 0.0394617 0.30019
0 0.9131 0.679951 0.0366135 0.126873
0 0.0621273 0.766601 0.0402365 0.218839
5 0.557309 0.634988 0.0694036 0.0755634
0 0.794215 0.665873 0.0170832 0.0834162
0 0.234586 0.716119 0.0246164 0.137932
0 0.748006 0.663108 0.0144081 0.077046
0 0.359429 0.698767 0.0188864 0.105433
0 0.133149 0.706818 0.0228219 0.133951
0 0.314198 0.690074 0.021694 0.123911
0 0.248995 0.714454 0.022624 0.130047
0 0.728882 0.659271 0.0127378 0.0585559
0 0.089615 0.719208 0.0212298 0.11597
0 0.332543 0.69635 0.0197577 0.112077
0 0.81011 0.662686 0.0133167 0.0684993
0 0.697407 0.652994 0.0105967 0.0692151
0 0.5952 0.651206 0.0108929 0.0487469
