5 0.470005 0.634911 0.0943518 0.178116
5 0.8823 0.616904 0.209738 0.16683
5 0.357892 0.634937 0.122458 0.171271
5 0.193216 0.652572 0.208838 0.199973
0 0.256545 0.729604 0.0352174 0.160631
0 0.806131 0.670705 0.037607 0.124319
5 0.555228 0.626546 0.0712025 0.0757999
0 0.135319 0.701333 0.0262449 0.135261
5 0.0453827 0.655036 0.0903045 0.182112
0 0.232137 0.709767 0.0241082 0.137518
0 0.745614 0.651261 0.0168435 0.0752579
0 0.308356 0.684783 0.0231239 0.121022
0 0.290791 0.701173 0.0226172 0.114961
0 0.336959 0.691323 0.0180913 0.118445
0 0.085744 0.712971 0.0224158 0.114847
0 0.197739 0.705783 0.0305701 0.123373
0 0.721575 0.655985 0.0175024 0.0780814
0 0.604478 0.642674 0.0087326 0.0459788
5 0.470005 0.634911 0.0943518 0.178116
5 0.8823 0.616904 0.209738 0.16683
5 0.357892 0.634937 0.122458 0.171271
5 0.193216 0.652572 0.208838 0.199973
0 0.256545 0.729604 0.0352174 0.160631
0 0.806131 0.670705 0.037607 0.124319
5 0.555228 0.626546 0.0712025 0.0757999
0 0.135319 0.701333 0.0262449 0.135261
5 0.0453827 0.655036 0.0903045 0.182112
0 0.232137 0.709767 0.0241082 0.137518
0 0.745614 0.651261 0.0168435 0.0752579
0 0.308356 0.684783 0.0231239 0.121022
0 0.290791 0.701173 0.0226172 0.114961
0 0.336959 0.691323 0.0180913 0.118445
0 0.085744 0.712971 0.0224158 0.114847
0 0.197739 0.705783 0.0305701 0.123373
0 0.721575 0.655985 0.0175024 0.0780814
0 0.604478 0.642674 0.0087326 0.0459788
5 0.470005 0.634911 0.0943518 0.178116
5 0.8823 0.616904 0.209738 0.16683
5 0.357892 0.634937 0.122458 0.171271
5 0.193216 0.652572 0.208838 0.199973
0 0.256545 0.729604 0.0352174 0.160631
0 0.806131 0.670705 0.037607 0.124319
5 0.555228 0.626546 0.0712025 0.0757999
0 0.135319 0.701333 0.0262449 0.135261
5 0.0453827 0.655036 0.0903045 0.182112
0 0.232137 0.709767 0.0241082 0.137518
0 0.745614 0.651261 0.0168435 0.0752579
0 0.308356 0.684783 0.0231239 0.121022
0 0.290791 0.701173 0.0226172 0.114961
0 0.336959 0.691323 0.0180913 0.118445
0 0.085744 0.712971 0.0224158 0.114847
0 0.197739 0.705783 0.0305701 0.123373
0 0.721575 0.655985 0.0175024 0.0780814
0 0.604478 0.642674 0.0087326 0.0459788
5 0.470005 0.634911 0.0943518 0.178116
5 0.8823 0.616904 0.209738 0.16683
5 0.357892 0.634937 0.122458 0.171271
5 0.193216 0.652572 0.208838 0.199973
0 0.256545 0.729604 0.0352174 0.160631
0 0.806131 0.670705 0.037607 0.124319
5 0.555228 0.626546 0.0712025 0.0757999
0 0.135319 0.701333 0.0262449 0.135261
5 0.0453827 0.655036 0.0903045 0.182112
0 0.232137 0.709767 0.0241082 0.137518
0 0.745614 0.651261 0.0168435 0.0752579
0 0.308356 0.684783 0.0231239 0.121022
0 0.290791 0.701173 0.0226172 0.114961
0 0.336959 0.691323 0.0180913 0.118445
0 0.085744 0.712971 0.0224158 0.114847
0 0.197739 0.705783 0.0305701 0.123373
0 0.721575 0.655985 0.0175024 0.0780814
0 0.604478 0.642674 0.0087326 0.0459788
5 0.470005 0.634911 0.0943518 0.178116
5 0.8823 0.616904 0.209738 0.16683
5 0.357892 0.634937 0.122458 0.171271
5 0.193216 0.652572 0.208838 0.199973
0 0.256545 0.729604 0.0352174 0.160631
0 0.806131 0.670705 0.037607 0.124319
5 0.555228 0.626546 0.0712025 0.0757999
0 0.135319 0.701333 0.0262449 0.135261
5 0.0453827 0.655036 0.0903045 0.182112
0 0.232137 0.709767 0.0241082 0.137518
0 0.745614 0.651261 0.0168435 0.0752579
0 0.308356 0.684783 0.0231239 0.121022
0 0.290791 0.701173 0.0226172 0.114961
0 0.336959 0.691323 0.0180913 0.118445
0 0.085744 0.712971 0.0224158 0.114847
0 0.197739 0.705783 0.0305701 0.123373
0 0.721575 0.655985 0.0175024 0.0780814
0 0.604478 0.642674 0.0087326 0.0459788
5 0.565822 0.626358 0.0501101 0.0748577
0 0.661292 0.640917 0.00828247 0.0418463
