5 0.473193 0.641075 0.095943 0.176565
5 0.889875 0.630166 0.214579 0.168099
0 0.536341 0.823692 0.104587 0.350813
5 0.197457 0.655028 0.208816 0.197849
5 0.362217 0.6441 0.12482 0.172331
5 0.0475168 0.662292 0.0946473 0.189959
0 0.0572429 0.714496 0.0278185 0.109762
0 0.237307 0.716269 0.0247744 0.136436
0 0.399764 0.690957 0.0210217 0.102472
0 0.133642 0.705397 0.0245524 0.133237
0 0.759066 0.660108 0.0117672 0.0711266
0 0.853662 0.672314 0.0226429 0.0954002
0 0.0910824 0.717334 0.0232142 0.114593
0 0.252766 0.713805 0.022593 0.127501
5 0.559789 0.634597 0.0709813 0.0751505
0 0.314109 0.689994 0.0177618 0.12209
5 0.473193 0.641075 0.095943 0.176565
5 0.889875 0.630166 0.214579 0.168099
0 0.536341 0.823692 0.104587 0.350813
5 0.197457 0.655028 0.208816 0.197849
5 0.362217 0.6441 0.12482 0.172331
5 0.0475168 0.662292 0.0946473 0.189959
0 0.0572429 0.714496 0.0278185 0.109762
0 0.237307 0.716269 0.0247744 0.136436
0 0.399764 0.690957 0.0210217 0.102472
0 0.133642 0.705397 0.0245524 0.133237
0 0.759066 0.660108 0.0117672 0.0711266
0 0.853662 0.672314 0.0226429 0.0954002
0 0.0910824 0.717334 0.0232142 0.114593
0 0.252766 0.713805 0.022593 0.127501
5 0.559789 0.634597 0.0709813 0.0751505
0 0.314109 0.689994 0.0177618 0.12209
5 0.473193 0.641075 0.095943 0.176565
5 0.889875 0.630166 0.214579 0.168099
0 0.536341 0.823692 0.104587 0.350813
5 0.197457 0.655028 0.208816 0.197849
5 0.362217 0.6441 0.12482 0.172331
5 0.0475168 0.662292 0.0946473 0.189959
0 0.0572429 0.714496 0.0278185 0.109762
0 0.237307 0.716269 0.0247744 0.136436
0 0.399764 0.690957 0.0210217 0.102472
0 0.133642 0.705397 0.0245524 0.133237
0 0.759066 0.660108 0.0117672 0.0711266
0 0.853662 0.672314 0.0226429 0.0954002
0 0.0910824 0.717334 0.0232142 0.114593
0 0.252766 0.713805 0.022593 0.127501
5 0.559789 0.634597 0.0709813 0.0751505
0 0.314109 0.689994 0.0177618 0.12209
