5 0.176054 0.646474 0.210352 0.199599
5 0.655422 0.626741 0.0912742 0.115444
5 0.865264 0.625041 0.208947 0.164702
5 0.343356 0.634689 0.125723 0.172879
5 0.439847 0.63377 0.0749898 0.116294
5 0.0364858 0.648739 0.072813 0.176603
0 0.822195 0.670089 0.0249523 0.129722
5 0.552151 0.627553 0.0484324 0.0747152
0 0.30891 0.746084 0.0490417 0.221591
0 0.930876 0.672443 0.0235468 0.109907
0 0.216096 0.706723 0.025433 0.140638
0 0.0344338 0.702529 0.02885 0.131745
5 0.50205 0.629515 0.0538054 0.0718304
0 0.231919 0.70646 0.0208639 0.131399
0 0.461261 0.690401 0.0227911 0.128893
0 0.609903 0.664355 0.0145516 0.0769967
0 0.986919 0.675293 0.0239588 0.110956
0 0.557184 0.667283 0.0114579 0.0599821
0 0.621695 0.6637 0.0169169 0.082509
0 0.0658266 0.70614 0.0212155 0.119905
0 0.391433 0.685163 0.0216523 0.112921
0 0.119385 0.701694 0.0452493 0.139975
5 0.176054 0.646474 0.210352 0.199599
5 0.655422 0.626741 0.0912742 0.115444
5 0.865264 0.625041 0.208947 0.164702
5 0.343356 0.634689 0.125723 0.172879
5 0.439847 0.63377 0.0749898 0.116294
5 0.0364858 0.648739 0.072813 0.176603
0 0.822195 0.670089 0.0249523 0.129722
5 0.552151 0.627553 0.0484324 0.0747152
0 0.30891 0.746084 0.0490417 0.221591
0 0.930876 0.672443 0.0235468 0.109907
0 0.216096 0.706723 0.025433 0.140638
0 0.0344338 0.702529 0.02885 0.131745
5 0.50205 0.629515 0.0538054 0.0718304
0 0.231919 0.70646 0.0208639 0.131399
0 0.461261 0.690401 0.0227911 0.128893
0 0.609903 0.664355 0.0145516 0.0769967
0 0.986919 0.675293 0.0239588 0.110956
0 0.557184 0.667283 0.0114579 0.0599821
0 0.621695 0.6637 0.0169169 0.082509
0 0.0658266 0.70614 0.0212155 0.119905
0 0.391433 0.685163 0.0216523 0.112921
0 0.119385 0.701694 0.0452493 0.139975
5 0.176054 0.646474 0.210352 0.199599
5 0.655422 0.626741 0.0912742 0.115444
5 0.865264 0.625041 0.208947 0.164702
5 0.343356 0.634689 0.125723 0.172879
5 0.439847 0.63377 0.0749898 0.116294
5 0.0364858 0.648739 0.072813 0.176603
0 0.822195 0.670089 0.0249523 0.129722
5 0.552151 0.627553 0.0484324 0.0747152
0 0.30891 0.746084 0.0490417 0.221591
0 0.930876 0.672443 0.0235468 0.109907
0 0.216096 0.706723 0.025433 0.140638
0 0.0344338 0.702529 0.02885 0.131745
5 0.50205 0.629515 0.0538054 0.0718304
0 0.231919 0.70646 0.0208639 0.131399
0 0.461261 0.690401 0.0227911 0.128893
0 0.609903 0.664355 0.0145516 0.0769967
0 0.986919 0.675293 0.0239588 0.110956
0 0.557184 0.667283 0.0114579 0.0599821
0 0.621695 0.6637 0.0169169 0.082509
0 0.0658266 0.70614 0.0212155 0.119905
0 0.391433 0.685163 0.0216523 0.112921
0 0.119385 0.701694 0.0452493 0.139975
5 0.176054 0.646474 0.210352 0.199599
5 0.655422 0.626741 0.0912742 0.115444
5 0.865264 0.625041 0.208947 0.164702
5 0.343356 0.634689 0.125723 0.172879
5 0.439847 0.63377 0.0749898 0.116294
5 0.0364858 0.648739 0.072813 0.176603
0 0.822195 0.670089 0.0249523 0.129722
5 0.552151 0.627553 0.0484324 0.0747152
0 0.30891 0.746084 0.0490417 0.221591
0 0.930876 0.672443 0.0235468 0.109907
0 0.216096 0.706723 0.025433 0.140638
0 0.0344338 0.702529 0.02885 0.131745
5 0.50205 0.629515 0.0538054 0.0718304
0 0.231919 0.70646 0.0208639 0.131399
0 0.461261 0.690401 0.0227911 0.128893
0 0.609903 0.664355 0.0145516 0.0769967
0 0.986919 0.675293 0.0239588 0.110956
0 0.557184 0.667283 0.0114579 0.0599821
0 0.621695 0.6637 0.0169169 0.082509
0 0.0658266 0.70614 0.0212155 0.119905
0 0.391433 0.685163 0.0216523 0.112921
0 0.119385 0.701694 0.0452493 0.139975
5 0.176054 0.646474 0.210352 0.199599
5 0.655422 0.626741 0.0912742 0.115444
5 0.865264 0.625041 0.208947 0.164702
5 0.343356 0.634689 0.125723 0.172879
5 0.439847 0.63377 0.0749898 0.116294
5 0.0364858 0.648739 0.072813 0.176603
0 0.822195 0.670089 0.0249523 0.129722
5 0.552151 0.627553 0.0484324 0.0747152
0 0.30891 0.746084 0.0490417 0.221591
0 0.930876 0.672443 0.0235468 0.109907
0 0.216096 0.706723 0.025433 0.140638
0 0.0344338 0.702529 0.02885 0.131745
5 0.50205 0.629515 0.0538054 0.0718304
0 0.231919 0.70646 0.0208639 0.131399
0 0.461261 0.690401 0.0227911 0.128893
0 0.609903 0.664355 0.0145516 0.0769967
0 0.986919 0.675293 0.0239588 0.110956
0 0.557184 0.667283 0.0114579 0.0599821
0 0.621695 0.6637 0.0169169 0.082509
0 0.0658266 0.70614 0.0212155 0.119905
0 0.391433 0.685163 0.0216523 0.112921
0 0.119385 0.701694 0.0452493 0.139975
0 0.132855 0.702719 0.0219553 0.12568
0 0.12882 0.70278 0.0290045 0.130721
0 0.791667 0.657155 0.0117945 0.0557827
0 0.736798 0.652598 0.0107944 0.0636019
0 0.293501 0.668652 0.0197741 0.100953
