5 0.741378 0.366972 0.255337 0.529165
0 0.0685043 0.676783 0.136817 0.633011
5 0.542042 0.338087 0.120984 0.282756
0 0.163744 0.774008 0.104429 0.44793
5 0.447611 0.305908 0.0702829 0.210407
2 0.241628 0.576267 0.155737 0.284772
2 0.394393 0.338545 0.0412473 0.0567537
0 0.901801 0.506828 0.0383759 0.19018
0 0.955953 0.524209 0.0583778 0.187771
5 0.465218 0.355916 0.037829 0.165385
5 0.218095 0.321922 0.14129 0.237267
5 0.200834 0.406428 0.145044 0.174221
0 0.947649 0.494897 0.0361494 0.183241
5 0.741378 0.366972 0.255337 0.529165
0 0.0685043 0.676783 0.136817 0.633011
5 0.542042 0.338087 0.120984 0.282756
0 0.163744 0.774008 0.104429 0.44793
5 0.447611 0.305908 0.0702829 0.210407
2 0.241628 0.576267 0.155737 0.284772
2 0.394393 0.338545 0.0412473 0.0567537
0 0.901801 0.506828 0.0383759 0.19018
0 0.955953 0.524209 0.0583778 0.187771
5 0.465218 0.355916 0.037829 0.165385
5 0.218095 0.321922 0.14129 0.237267
5 0.200834 0.406428 0.145044 0.174221
0 0.947649 0.494897 0.0361494 0.183241
5 0.741378 0.366972 0.255337 0.529165
0 0.0685043 0.676783 0.136817 0.633011
5 0.542042 0.338087 0.120984 0.282756
0 0.163744 0.774008 0.104429 0.44793
5 0.447611 0.305908 0.0702829 0.210407
2 0.241628 0.576267 0.155737 0.284772
2 0.394393 0.338545 0.0412473 0.0567537
0 0.901801 0.506828 0.0383759 0.19018
0 0.955953 0.524209 0.0583778 0.187771
5 0.465218 0.355916 0.037829 0.165385
5 0.218095 0.321922 0.14129 0.237267
5 0.200834 0.406428 0.145044 0.174221
0 0.947649 0.494897 0.0361494 0.183241
5 0.741378 0.366972 0.255337 0.529165
0 0.0685043 0.676783 0.136817 0.633011
5 0.542042 0.338087 0.120984 0.282756
0 0.163744 0.774008 0.104429 0.44793
5 0.447611 0.305908 0.0702829 0.210407
2 0.241628 0.576267 0.155737 0.284772
2 0.394393 0.338545 0.0412473 0.0567537
0 0.901801 0.506828 0.0383759 0.19018
0 0.955953 0.524209 0.0583778 0.187771
5 0.465218 0.355916 0.037829 0.165385
5 0.218095 0.321922 0.14129 0.237267
5 0.200834 0.406428 0.145044 0.174221
0 0.947649 0.494897 0.0361494 0.183241
5 0.741378 0.366972 0.255337 0.529165
0 0.0685043 0.676783 0.136817 0.633011
5 0.542042 0.338087 0.120984 0.282756
0 0.163744 0.774008 0.104429 0.44793
5 0.447611 0.305908 0.0702829 0.210407
2 0.241628 0.576267 0.155737 0.284772
2 0.394393 0.338545 0.0412473 0.0567537
0 0.901801 0.506828 0.0383759 0.19018
0 0.955953 0.524209 0.0583778 0.187771
5 0.465218 0.355916 0.037829 0.165385
5 0.218095 0.321922 0.14129 0.237267
5 0.200834 0.406428 0.145044 0.174221
0 0.947649 0.494897 0.0361494 0.183241
2 0.0873062 0.516254 0.173451 0.144458
2 0.136385 0.512168 0.0771442 0.13377
0 0.0341262 0.936249 0.067458 0.118087
