5 0.189349 0.591885 0.3772 0.423807
5 0.878056 0.559777 0.21218 0.165263
5 0.456762 0.572611 0.0854403 0.0945413
5 0.642975 0.56466 0.0549944 0.0892671
5 0.394989 0.583756 0.0420344 0.165395
0 0.80119 0.597188 0.0170309 0.0852585
0 0.762485 0.597204 0.0145992 0.0709277
0 0.709956 0.590431 0.0102386 0.0500782
0 0.203182 0.515433 0.0228914 0.0711911
5 0.189349 0.591885 0.3772 0.423807
5 0.878056 0.559777 0.21218 0.165263
5 0.456762 0.572611 0.0854403 0.0945413
5 0.642975 0.56466 0.0549944 0.0892671
5 0.394989 0.583756 0.0420344 0.165395
0 0.80119 0.597188 0.0170309 0.0852585
0 0.762485 0.597204 0.0145992 0.0709277
0 0.709956 0.590431 0.0102386 0.0500782
0 0.203182 0.515433 0.0228914 0.0711911
5 0.189349 0.591885 0.3772 0.423807
5 0.878056 0.559777 0.21218 0.165263
5 0.456762 0.572611 0.0854403 0.0945413
5 0.642975 0.56466 0.0549944 0.0892671
5 0.394989 0.583756 0.0420344 0.165395
0 0.80119 0.597188 0.0170309 0.0852585
0 0.762485 0.597204 0.0145992 0.0709277
0 0.709956 0.590431 0.0102386 0.0500782
0 0.203182 0.515433 0.0228914 0.0711911
5 0.189349 0.591885 0.3772 0.423807
5 0.878056 0.559777 0.21218 0.165263
5 0.456762 0.572611 0.0854403 0.0945413
5 0.642975 0.56466 0.0549944 0.0892671
5 0.394989 0.583756 0.0420344 0.165395
0 0.80119 0.597188 0.0170309 0.0852585
0 0.762485 0.597204 0.0145992 0.0709277
0 0.709956 0.590431 0.0102386 0.0500782
0 0.203182 0.515433 0.0228914 0.0711911
5 0.189349 0.591885 0.3772 0.423807
5 0.878056 0.559777 0.21218 0.165263
5 0.456762 0.572611 0.0854403 0.0945413
5 0.642975 0.56466 0.0549944 0.0892671
5 0.394989 0.583756 0.0420344 0.165395
0 0.80119 0.597188 0.0170309 0.0852585
0 0.762485 0.597204 0.0145992 0.0709277
0 0.709956 0.590431 0.0102386 0.0500782
0 0.203182 0.515433 0.0228914 0.0711911
5 0.564002 0.567384 0.0462536 0.074891
5 0.543548 0.569191 0.0893089 0.0755456
0 0.59723 0.588634 0.0117197 0.0452523
0 0.53633 0.597276 0.0114206 0.0584293
0 0.693051 0.589273 0.0080267 0.0455973
5 0.524262 0.570014 0.0507462 0.0711113
