5 0.740665 0.367427 0.252979 0.529378
0 0.0775424 0.67765 0.154931 0.63257
5 0.362619 0.323318 0.126219 0.241966
5 0.541513 0.338947 0.120872 0.283094
2 0.236445 0.577733 0.16442 0.284813
5 0.218793 0.321869 0.136138 0.232268
0 0.901764 0.507614 0.0385897 0.191501
5 0.465124 0.360042 0.0369538 0.164305
0 0.955854 0.522025 0.05923 0.192181
0 0.946346 0.493736 0.0340759 0.182183
0 0.44041 0.362919 0.012654 0.0710642
5 0.740665 0.367427 0.252979 0.529378
0 0.0775424 0.67765 0.154931 0.63257
5 0.362619 0.323318 0.126219 0.241966
5 0.541513 0.338947 0.120872 0.283094
2 0.236445 0.577733 0.16442 0.284813
5 0.218793 0.321869 0.136138 0.232268
0 0.901764 0.507614 0.0385897 0.191501
5 0.465124 0.360042 0.0369538 0.164305
0 0.955854 0.522025 0.05923 0.192181
0 0.946346 0.493736 0.0340759 0.182183
0 0.44041 0.362919 0.012654 0.0710642
5 0.740665 0.367427 0.252979 0.529378
0 0.0775424 0.67765 0.154931 0.63257
5 0.362619 0.323318 0.126219 0.241966
5 0.541513 0.338947 0.120872 0.283094
2 0.236445 0.577733 0.16442 0.284813
5 0.218793 0.321869 0.136138 0.232268
0 0.901764 0.507614 0.0385897 0.191501
5 0.465124 0.360042 0.0369538 0.164305
0 0.955854 0.522025 0.05923 0.192181
0 0.946346 0.493736 0.0340759 0.182183
0 0.44041 0.362919 0.012654 0.0710642
5 0.740665 0.367427 0.252979 0.529378
0 0.0775424 0.67765 0.154931 0.63257
5 0.362619 0.323318 0.126219 0.241966
5 0.541513 0.338947 0.120872 0.283094
2 0.236445 0.577733 0.16442 0.284813
5 0.218793 0.321869 0.136138 0.232268
0 0.901764 0.507614 0.0385897 0.191501
5 0.465124 0.360042 0.0369538 0.164305
0 0.955854 0.522025 0.05923 0.192181
0 0.946346 0.493736 0.0340759 0.182183
0 0.44041 0.362919 0.012654 0.0710642
5 0.740665 0.367427 0.252979 0.529378
0 0.0775424 0.67765 0.154931 0.63257
5 0.362619 0.323318 0.126219 0.241966
5 0.541513 0.338947 0.120872 0.283094
2 0.236445 0.577733 0.16442 0.284813
5 0.218793 0.321869 0.136138 0.232268
0 0.901764 0.507614 0.0385897 0.191501
5 0.465124 0.360042 0.0369538 0.164305
0 0.955854 0.522025 0.05923 0.192181
0 0.946346 0.493736 0.0340759 0.182183
0 0.44041 0.362919 0.012654 0.0710642
5 0.195481 0.411338 0.131284 0.17363
0 0.113076 0.5563 0.0572014 0.259681
0 0.0339194 0.937177 0.0670862 0.116629
0 0.21059 0.513757 0.0364986 0.0520394
