5 0.219768 0.591202 0.437689 0.42234
5 0.875804 0.561386 0.210212 0.164502
5 0.463971 0.57563 0.0675502 0.0885557
5 0.642566 0.568022 0.0539902 0.0901215
0 0.755002 0.597571 0.0140037 0.0720963
0 0.708315 0.592041 0.0095438 0.0510174
0 0.795133 0.597418 0.0183887 0.0852965
5 0.562845 0.570059 0.0470446 0.0743121
0 0.53517 0.59943 0.0119861 0.0586123
5 0.219768 0.591202 0.437689 0.42234
5 0.875804 0.561386 0.210212 0.164502
5 0.463971 0.57563 0.0675502 0.0885557
5 0.642566 0.568022 0.0539902 0.0901215
0 0.755002 0.597571 0.0140037 0.0720963
0 0.708315 0.592041 0.0095438 0.0510174
0 0.795133 0.597418 0.0183887 0.0852965
5 0.562845 0.570059 0.0470446 0.0743121
0 0.53517 0.59943 0.0119861 0.0586123
5 0.219768 0.591202 0.437689 0.42234
5 0.875804 0.561386 0.210212 0.164502
5 0.463971 0.57563 0.0675502 0.0885557
5 0.642566 0.568022 0.0539902 0.0901215
0 0.755002 0.597571 0.0140037 0.0720963
0 0.708315 0.592041 0.0095438 0.0510174
0 0.795133 0.597418 0.0183887 0.0852965
5 0.562845 0.570059 0.0470446 0.0743121
0 0.53517 0.59943 0.0119861 0.0586123
5 0.219768 0.591202 0.437689 0.42234
5 0.875804 0.561386 0.210212 0.164502
5 0.463971 0.57563 0.0675502 0.0885557
5 0.642566 0.568022 0.0539902 0.0901215
0 0.755002 0.597571 0.0140037 0.0720963
0 0.708315 0.592041 0.0095438 0.0510174
0 0.795133 0.597418 0.0183887 0.0852965
5 0.562845 0.570059 0.0470446 0.0743121
0 0.53517 0.59943 0.0119861 0.0586123
5 0.219768 0.591202 0.437689 0.42234
5 0.875804 0.561386 0.210212 0.164502
5 0.463971 0.57563 0.0675502 0.0885557
5 0.642566 0.568022 0.0539902 0.0901215
0 0.755002 0.597571 0.0140037 0.0720963
0 0.708315 0.592041 0.0095438 0.0510174
0 0.795133 0.597418 0.0183887 0.0852965
5 0.562845 0.570059 0.0470446 0.0743121
0 0.53517 0.59943 0.0119861 0.0586123
5 0.541349 0.571917 0.0894611 0.0736706
0 0.688111 0.589187 0.0105011 0.0496264
0 0.594164 0.592141 0.007514 0.0453028
5 0.519318 0.573257 0.0463572 0.0710185
0 0.27037 0.514913 0.0496028 0.0739061
