5 0.689625 0.588245 0.61762 0.493564
5 0.178667 0.617718 0.208257 0.197293
5 0.333652 0.607317 0.104567 0.17315
0 0.866417 0.737182 0.093395 0.295347
0 0.11125 0.679113 0.0315637 0.122913
0 0.135891 0.680228 0.0409117 0.129955
5 0.0381625 0.621233 0.0755681 0.175317
0 0.218693 0.678457 0.0253983 0.138467
0 0.305586 0.655176 0.0294643 0.124638
0 0.252674 0.667068 0.0183051 0.118713
0 0.234354 0.677169 0.0220434 0.13375
0 0.0706019 0.681045 0.0230785 0.11258
0 0.00732427 0.678403 0.0146485 0.13437
0 0.509555 0.541772 0.0247671 0.0511198
5 0.689625 0.588245 0.61762 0.493564
5 0.178667 0.617718 0.208257 0.197293
5 0.333652 0.607317 0.104567 0.17315
0 0.866417 0.737182 0.093395 0.295347
0 0.11125 0.679113 0.0315637 0.122913
0 0.135891 0.680228 0.0409117 0.129955
5 0.0381625 0.621233 0.0755681 0.175317
0 0.218693 0.678457 0.0253983 0.138467
0 0.305586 0.655176 0.0294643 0.124638
0 0.252674 0.667068 0.0183051 0.118713
0 0.234354 0.677169 0.0220434 0.13375
0 0.0706019 0.681045 0.0230785 0.11258
0 0.00732427 0.678403 0.0146485 0.13437
0 0.509555 0.541772 0.0247671 0.0511198
5 0.689625 0.588245 0.61762 0.493564
5 0.178667 0.617718 0.208257 0.197293
5 0.333652 0.607317 0.104567 0.17315
0 0.866417 0.737182 0.093395 0.295347
0 0.11125 0.679113 0.0315637 0.122913
0 0.135891 0.680228 0.0409117 0.129955
5 0.0381625 0.621233 0.0755681 0.175317
0 0.218693 0.678457 0.0253983 0.138467
0 0.305586 0.655176 0.0294643 0.124638
0 0.252674 0.667068 0.0183051 0.118713
0 0.234354 0.677169 0.0220434 0.13375
0 0.0706019 0.681045 0.0230785 0.11258
0 0.00732427 0.678403 0.0146485 0.13437
0 0.509555 0.541772 0.0247671 0.0511198
