5 0.472692 0.646296 0.0946908 0.179865
5 0.195829 0.658387 0.207115 0.197859
0 0.741326 0.797925 0.0700728 0.33047
5 0.886202 0.630098 0.212291 0.168077
5 0.359096 0.647701 0.122821 0.176749
5 0.0468819 0.665026 0.0934652 0.181026
0 0.0336767 0.721194 0.0312891 0.119399
0 0.979128 0.6823 0.0292088 0.126074
0 0.395207 0.698253 0.0219742 0.101454
0 0.235011 0.718641 0.0245744 0.137927
0 0.133807 0.708109 0.0226862 0.134313
0 0.0882222 0.719863 0.0235996 0.117924
0 0.375409 0.694986 0.0199407 0.11107
0 0.25097 0.717 0.0216173 0.131807
0 0.825933 0.670697 0.0208565 0.0896428
0 0.309238 0.693193 0.0185075 0.12257
0 0.579405 0.656245 0.0113426 0.0483232
0 0.696363 0.654812 0.0126816 0.0629266
5 0.558608 0.636328 0.070446 0.0755434
0 0.753318 0.66267 0.0133928 0.0728656
5 0.472692 0.646296 0.0946908 0.179865
5 0.195829 0.658387 0.207115 0.197859
0 0.741326 0.797925 0.0700728 0.33047
5 0.886202 0.630098 0.212291 0.168077
5 0.359096 0.647701 0.122821 0.176749
5 0.0468819 0.665026 0.0934652 0.181026
0 0.0336767 0.721194 0.0312891 0.119399
0 0.979128 0.6823 0.0292088 0.126074
0 0.395207 0.698253 0.0219742 0.101454
0 0.235011 0.718641 0.0245744 0.137927
0 0.133807 0.708109 0.0226862 0.134313
0 0.0882222 0.719863 0.0235996 0.117924
0 0.375409 0.694986 0.0199407 0.11107
0 0.25097 0.717 0.0216173 0.131807
0 0.825933 0.670697 0.0208565 0.0896428
0 0.309238 0.693193 0.0185075 0.12257
0 0.579405 0.656245 0.0113426 0.0483232
0 0.696363 0.654812 0.0126816 0.0629266
5 0.558608 0.636328 0.070446 0.0755434
0 0.753318 0.66267 0.0133928 0.0728656
5 0.472692 0.646296 0.0946908 0.179865
5 0.195829 0.658387 0.207115 0.197859
0 0.741326 0.797925 0.0700728 0.33047
5 0.886202 0.630098 0.212291 0.168077
5 0.359096 0.647701 0.122821 0.176749
5 0.0468819 0.665026 0.0934652 0.181026
0 0.0336767 0.721194 0.0312891 0.119399
0 0.979128 0.6823 0.0292088 0.126074
0 0.395207 0.698253 0.0219742 0.101454
0 0.235011 0.718641 0.0245744 0.137927
0 0.133807 0.708109 0.0226862 0.134313
0 0.0882222 0.719863 0.0235996 0.117924
0 0.375409 0.694986 0.0199407 0.11107
0 0.25097 0.717 0.0216173 0.131807
0 0.825933 0.670697 0.0208565 0.0896428
0 0.309238 0.693193 0.0185075 0.12257
0 0.579405 0.656245 0.0113426 0.0483232
0 0.696363 0.654812 0.0126816 0.0629266
5 0.558608 0.636328 0.070446 0.0755434
0 0.753318 0.66267 0.0133928 0.0728656
5 0.472692 0.646296 0.0946908 0.179865
5 0.195829 0.658387 0.207115 0.197859
0 0.741326 0.797925 0.0700728 0.33047
5 0.886202 0.630098 0.212291 0.168077
5 0.359096 0.647701 0.122821 0.176749
5 0.0468819 0.665026 0.0934652 0.181026
0 0.0336767 0.721194 0.0312891 0.119399
0 0.979128 0.6823 0.0292088 0.126074
0 0.395207 0.698253 0.0219742 0.101454
0 0.235011 0.718641 0.0245744 0.137927
0 0.133807 0.708109 0.0226862 0.134313
0 0.0882222 0.719863 0.0235996 0.117924
0 0.375409 0.694986 0.0199407 0.11107
0 0.25097 0.717 0.0216173 0.131807
0 0.825933 0.670697 0.0208565 0.0896428
0 0.309238 0.693193 0.0185075 0.12257
0 0.579405 0.656245 0.0113426 0.0483232
0 0.696363 0.654812 0.0126816 0.0629266
5 0.558608 0.636328 0.070446 0.0755434
0 0.753318 0.66267 0.0133928 0.0728656
5 0.472692 0.646296 0.0946908 0.179865
5 0.195829 0.658387 0.207115 0.197859
0 0.741326 0.797925 0.0700728 0.33047
5 0.886202 0.630098 0.212291 0.168077
5 0.359096 0.647701 0.122821 0.176749
5 0.0468819 0.665026 0.0934652 0.181026
0 0.0336767 0.721194 0.0312891 0.119399
0 0.979128 0.6823 0.0292088 0.126074
0 0.395207 0.698253 0.0219742 0.101454
0 0.235011 0.718641 0.0245744 0.137927
0 0.133807 0.708109 0.0226862 0.134313
0 0.0882222 0.719863 0.0235996 0.117924
0 0.375409 0.694986 0.0199407 0.11107
0 0.25097 0.717 0.0216173 0.131807
0 0.825933 0.670697 0.0208565 0.0896428
0 0.309238 0.693193 0.0185075 0.12257
0 0.579405 0.656245 0.0113426 0.0483232
0 0.696363 0.654812 0.0126816 0.0629266
5 0.558608 0.636328 0.070446 0.0755434
0 0.753318 0.66267 0.0133928 0.0728656
0 0.993111 0.693661 0.013007 0.102716
5 0.569153 0.635505 0.050551 0.0746299
0 0.683204 0.653203 0.0091898 0.0475011
5 0.537227 0.638843 0.0305527 0.0734156
2 0.613329 0.644582 0.0291822 0.0299995
0 0.810356 0.666574 0.0122368 0.0588652
