5 0.863935 0.625494 0.20737 0.164961
5 0.17616 0.649076 0.211111 0.199921
5 0.654684 0.627541 0.0884327 0.11408
5 0.341979 0.639155 0.125582 0.182887
5 0.432117 0.635413 0.0611509 0.115902
5 0.0366485 0.649401 0.0731311 0.173885
5 0.50561 0.630033 0.0548594 0.0726288
0 0.375063 0.750455 0.0572307 0.224194
0 0.510951 0.693156 0.033629 0.1233
5 0.55348 0.628848 0.046743 0.0749956
0 0.771151 0.671132 0.0273783 0.119545
0 0.214086 0.70816 0.0241223 0.139722
0 0.583365 0.66786 0.0216418 0.0719472
0 0.26496 0.699184 0.030653 0.121227
0 0.346217 0.699752 0.0267206 0.149927
0 0.609257 0.66515 0.0177155 0.0794569
0 0.113402 0.700494 0.0335932 0.136529
0 0.0388278 0.707169 0.0237649 0.12689
0 0.23186 0.707748 0.0206196 0.127886
0 0.171697 0.702338 0.0300788 0.126684
0 0.0654915 0.709957 0.0214561 0.116953
0 0.28763 0.6846 0.0273934 0.122249
0 0.563998 0.666042 0.0119724 0.0641837
0 0.742564 0.652743 0.0118374 0.0665934
0 0.959052 0.676406 0.0204659 0.112416
0 0.790642 0.659842 0.0120216 0.0611642
5 0.863935 0.625494 0.20737 0.164961
5 0.17616 0.649076 0.211111 0.199921
5 0.654684 0.627541 0.0884327 0.11408
5 0.341979 0.639155 0.125582 0.182887
5 0.432117 0.635413 0.0611509 0.115902
5 0.0366485 0.649401 0.0731311 0.173885
5 0.50561 0.630033 0.0548594 0.0726288
0 0.375063 0.750455 0.0572307 0.224194
0 0.510951 0.693156 0.033629 0.1233
5 0.55348 0.628848 0.046743 0.0749956
0 0.771151 0.671132 0.0273783 0.119545
0 0.214086 0.70816 0.0241223 0.139722
0 0.583365 0.66786 0.0216418 0.0719472
0 0.26496 0.699184 0.030653 0.121227
0 0.346217 0.699752 0.0267206 0.149927
0 0.609257 0.66515 0.0177155 0.0794569
0 0.113402 0.700494 0.0335932 0.136529
0 0.0388278 0.707169 0.0237649 0.12689
0 0.23186 0.707748 0.0206196 0.127886
0 0.171697 0.702338 0.0300788 0.126684
0 0.0654915 0.709957 0.0214561 0.116953
0 0.28763 0.6846 0.0273934 0.122249
0 0.563998 0.666042 0.0119724 0.0641837
0 0.742564 0.652743 0.0118374 0.0665934
0 0.959052 0.676406 0.0204659 0.112416
0 0.790642 0.659842 0.0120216 0.0611642
5 0.863935 0.625494 0.20737 0.164961
5 0.17616 0.649076 0.211111 0.199921
5 0.654684 0.627541 0.0884327 0.11408
5 0.341979 0.639155 0.125582 0.182887
5 0.432117 0.635413 0.0611509 0.115902
5 0.0366485 0.649401 0.0731311 0.173885
5 0.50561 0.630033 0.0548594 0.0726288
0 0.375063 0.750455 0.0572307 0.224194
0 0.510951 0.693156 0.033629 0.1233
5 0.55348 0.628848 0.046743 0.0749956
0 0.771151 0.671132 0.0273783 0.119545
0 0.214086 0.70816 0.0241223 0.139722
0 0.583365 0.66786 0.0216418 0.0719472
0 0.26496 0.699184 0.030653 0.121227
0 0.346217 0.699752 0.0267206 0.149927
0 0.609257 0.66515 0.0177155 0.0794569
0 0.113402 0.700494 0.0335932 0.136529
0 0.0388278 0.707169 0.0237649 0.12689
0 0.23186 0.707748 0.0206196 0.127886
0 0.171697 0.702338 0.0300788 0.126684
0 0.0654915 0.709957 0.0214561 0.116953
0 0.28763 0.6846 0.0273934 0.122249
0 0.563998 0.666042 0.0119724 0.0641837
0 0.742564 0.652743 0.0118374 0.0665934
0 0.959052 0.676406 0.0204659 0.112416
0 0.790642 0.659842 0.0120216 0.0611642
5 0.863935 0.625494 0.20737 0.164961
5 0.17616 0.649076 0.211111 0.199921
5 0.654684 0.627541 0.0884327 0.11408
5 0.341979 0.639155 0.125582 0.182887
5 0.432117 0.635413 0.0611509 0.115902
5 0.0366485 0.649401 0.0731311 0.173885
5 0.50561 0.630033 0.0548594 0.0726288
0 0.375063 0.750455 0.0572307 0.224194
0 0.510951 0.693156 0.033629 0.1233
5 0.55348 0.628848 0.046743 0.0749956
0 0.771151 0.671132 0.0273783 0.119545
0 0.214086 0.70816 0.0241223 0.139722
0 0.583365 0.66786 0.0216418 0.0719472
0 0.26496 0.699184 0.030653 0.121227
0 0.346217 0.699752 0.0267206 0.149927
0 0.609257 0.66515 0.0177155 0.0794569
0 0.113402 0.700494 0.0335932 0.136529
0 0.0388278 0.707169 0.0237649 0.12689
0 0.23186 0.707748 0.0206196 0.127886
0 0.171697 0.702338 0.0300788 0.126684
0 0.0654915 0.709957 0.0214561 0.116953
0 0.28763 0.6846 0.0273934 0.122249
0 0.563998 0.666042 0.0119724 0.0641837
0 0.742564 0.652743 0.0118374 0.0665934
0 0.959052 0.676406 0.0204659 0.112416
0 0.790642 0.659842 0.0120216 0.0611642
5 0.863935 0.625494 0.20737 0.164961
5 0.17616 0.649076 0.211111 0.199921
5 0.654684 0.627541 0.0884327 0.11408
5 0.341979 0.639155 0.125582 0.182887
5 0.432117 0.635413 0.0611509 0.115902
5 0.0366485 0.649401 0.0731311 0.173885
5 0.50561 0.630033 0.0548594 0.0726288
0 0.375063 0.750455 0.0572307 0.224194
0 0.510951 0.693156 0.033629 0.1233
5 0.55348 0.628848 0.046743 0.0749956
0 0.771151 0.671132 0.0273783 0.119545
0 0.214086 0.70816 0.0241223 0.139722
0 0.583365 0.66786 0.0216418 0.0719472
0 0.26496 0.699184 0.030653 0.121227
0 0.346217 0.699752 0.0267206 0.149927
0 0.609257 0.66515 0.0177155 0.0794569
0 0.113402 0.700494 0.0335932 0.136529
0 0.0388278 0.707169 0.0237649 0.12689
0 0.23186 0.707748 0.0206196 0.127886
0 0.171697 0.702338 0.0300788 0.126684
0 0.0654915 0.709957 0.0214561 0.116953
0 0.28763 0.6846 0.0273934 0.122249
0 0.563998 0.666042 0.0119724 0.0641837
0 0.742564 0.652743 0.0118374 0.0665934
0 0.959052 0.676406 0.0204659 0.112416
0 0.790642 0.659842 0.0120216 0.0611642
0 0.947041 0.676803 0.0142403 0.100024
