5 0.858025 0.619928 0.195818 0.16447
5 0.175154 0.643296 0.212489 0.19856
5 0.649556 0.621553 0.0826777 0.11013
5 0.341694 0.631 0.124404 0.175753
5 0.0362623 0.644951 0.0723896 0.172579
5 0.974372 0.581944 0.050416 0.457602
0 0.476957 0.743921 0.0515028 0.244651
5 0.421728 0.631993 0.0429272 0.113783
0 0.397708 0.689348 0.0317901 0.136382
0 0.592821 0.684322 0.0333744 0.133909
0 0.539833 0.661204 0.0165169 0.0692447
0 0.11322 0.693582 0.0348527 0.135222
0 0.702265 0.662909 0.0197637 0.10936
0 0.231705 0.701814 0.0210499 0.13065
0 0.214736 0.702624 0.0236158 0.138455
5 0.506115 0.626762 0.0592363 0.0724133
0 0.0390843 0.701374 0.0244807 0.127621
0 0.568466 0.656225 0.0131873 0.0645437
0 0.287961 0.678138 0.0228896 0.1172
5 0.555211 0.622912 0.0422322 0.0739184
0 0.0656751 0.704991 0.0211937 0.116201
0 0.313572 0.684497 0.0166106 0.106827
0 0.747258 0.648843 0.0129642 0.0674417
5 0.858025 0.619928 0.195818 0.16447
5 0.175154 0.643296 0.212489 0.19856
5 0.649556 0.621553 0.0826777 0.11013
5 0.341694 0.631 0.124404 0.175753
5 0.0362623 0.644951 0.0723896 0.172579
5 0.974372 0.581944 0.050416 0.457602
0 0.476957 0.743921 0.0515028 0.244651
5 0.421728 0.631993 0.0429272 0.113783
0 0.397708 0.689348 0.0317901 0.136382
0 0.592821 0.684322 0.0333744 0.133909
0 0.539833 0.661204 0.0165169 0.0692447
0 0.11322 0.693582 0.0348527 0.135222
0 0.702265 0.662909 0.0197637 0.10936
0 0.231705 0.701814 0.0210499 0.13065
0 0.214736 0.702624 0.0236158 0.138455
5 0.506115 0.626762 0.0592363 0.0724133
0 0.0390843 0.701374 0.0244807 0.127621
0 0.568466 0.656225 0.0131873 0.0645437
0 0.287961 0.678138 0.0228896 0.1172
5 0.555211 0.622912 0.0422322 0.0739184
0 0.0656751 0.704991 0.0211937 0.116201
0 0.313572 0.684497 0.0166106 0.106827
0 0.747258 0.648843 0.0129642 0.0674417
5 0.858025 0.619928 0.195818 0.16447
5 0.175154 0.643296 0.212489 0.19856
5 0.649556 0.621553 0.0826777 0.11013
5 0.341694 0.631 0.124404 0.175753
5 0.0362623 0.644951 0.0723896 0.172579
5 0.974372 0.581944 0.050416 0.457602
0 0.476957 0.743921 0.0515028 0.244651
5 0.421728 0.631993 0.0429272 0.113783
0 0.397708 0.689348 0.0317901 0.136382
0 0.592821 0.684322 0.0333744 0.133909
0 0.539833 0.661204 0.0165169 0.0692447
0 0.11322 0.693582 0.0348527 0.135222
0 0.702265 0.662909 0.0197637 0.10936
0 0.231705 0.701814 0.0210499 0.13065
0 0.214736 0.702624 0.0236158 0.138455
5 0.506115 0.626762 0.0592363 0.0724133
0 0.0390843 0.701374 0.0244807 0.127621
0 0.568466 0.656225 0.0131873 0.0645437
0 0.287961 0.678138 0.0228896 0.1172
5 0.555211 0.622912 0.0422322 0.0739184
0 0.0656751 0.704991 0.0211937 0.116201
0 0.313572 0.684497 0.0166106 0.106827
0 0.747258 0.648843 0.0129642 0.0674417
5 0.858025 0.619928 0.195818 0.16447
5 0.175154 0.643296 0.212489 0.19856
5 0.649556 0.621553 0.0826777 0.11013
5 0.341694 0.631 0.124404 0.175753
5 0.0362623 0.644951 0.0723896 0.172579
5 0.974372 0.581944 0.050416 0.457602
0 0.476957 0.743921 0.0515028 0.244651
5 0.421728 0.631993 0.0429272 0.113783
0 0.397708 0.689348 0.0317901 0.136382
0 0.592821 0.684322 0.0333744 0.133909
0 0.539833 0.661204 0.0165169 0.0692447
0 0.11322 0.693582 0.0348527 0.135222
0 0.702265 0.662909 0.0197637 0.10936
0 0.231705 0.701814 0.0210499 0.13065
0 0.214736 0.702624 0.0236158 0.138455
5 0.506115 0.626762 0.0592363 0.0724133
0 0.0390843 0.701374 0.0244807 0.127621
0 0.568466 0.656225 0.0131873 0.0645437
0 0.287961 0.678138 0.0228896 0.1172
5 0.555211 0.622912 0.0422322 0.0739184
0 0.0656751 0.704991 0.0211937 0.116201
0 0.313572 0.684497 0.0166106 0.106827
0 0.747258 0.648843 0.0129642 0.0674417
5 0.858025 0.619928 0.195818 0.16447
5 0.175154 0.643296 0.212489 0.19856
5 0.649556 0.621553 0.0826777 0.11013
5 0.341694 0.631 0.124404 0.175753
5 0.0362623 0.644951 0.0723896 0.172579
5 0.974372 0.581944 0.050416 0.457602
0 0.476957 0.743921 0.0515028 0.244651
5 0.421728 0.631993 0.0429272 0.113783
0 0.397708 0.689348 0.0317901 0.136382
0 0.592821 0.684322 0.0333744 0.133909
0 0.539833 0.661204 0.0165169 0.0692447
0 0.11322 0.693582 0.0348527 0.135222
0 0.702265 0.662909 0.0197637 0.10936
0 0.231705 0.701814 0.0210499 0.13065
0 0.214736 0.702624 0.0236158 0.138455
5 0.506115 0.626762 0.0592363 0.0724133
0 0.0390843 0.701374 0.0244807 0.127621
0 0.568466 0.656225 0.0131873 0.0645437
0 0.287961 0.678138 0.0228896 0.1172
5 0.555211 0.622912 0.0422322 0.0739184
0 0.0656751 0.704991 0.0211937 0.116201
0 0.313572 0.684497 0.0166106 0.106827
0 0.747258 0.648843 0.0129642 0.0674417
