0 0.865972 0.78744 0.0963799 0.377761
5 0.187042 0.639856 0.210231 0.196435
5 0.485776 0.627656 0.142087 0.139245
5 0.0420063 0.642292 0.0834641 0.178521
5 0.351984 0.629233 0.123881 0.176096
5 0.608629 0.62069 0.113357 0.10099
5 0.875037 0.613122 0.209743 0.157461
0 0.0199468 0.736304 0.0397848 0.182064
0 0.225103 0.699375 0.0257498 0.140103
0 0.124988 0.689727 0.0237216 0.136152
0 0.470117 0.680652 0.0307582 0.117241
0 0.753087 0.659384 0.0210474 0.106443
0 0.588772 0.665284 0.0228012 0.0971564
0 0.322407 0.684076 0.0226733 0.109986
0 0.0780969 0.698594 0.0230608 0.122749
0 0.301456 0.676098 0.0276447 0.126713
0 0.242799 0.699423 0.0201102 0.128529
0 0.804123 0.658581 0.0159584 0.087914
0 0.815301 0.657388 0.015519 0.0843899
0 0.47979 0.670427 0.015365 0.0878291
0 0.865972 0.78744 0.0963799 0.377761
5 0.187042 0.639856 0.210231 0.196435
5 0.485776 0.627656 0.142087 0.139245
5 0.0420063 0.642292 0.0834641 0.178521
5 0.351984 0.629233 0.123881 0.176096
5 0.608629 0.62069 0.113357 0.10099
5 0.875037 0.613122 0.209743 0.157461
0 0.0199468 0.736304 0.0397848 0.182064
0 0.225103 0.699375 0.0257498 0.140103
0 0.124988 0.689727 0.0237216 0.136152
0 0.470117 0.680652 0.0307582 0.117241
0 0.753087 0.659384 0.0210474 0.106443
0 0.588772 0.665284 0.0228012 0.0971564
0 0.322407 0.684076 0.0226733 0.109986
0 0.0780969 0.698594 0.0230608 0.122749
0 0.301456 0.676098 0.0276447 0.126713
0 0.242799 0.699423 0.0201102 0.128529
0 0.804123 0.658581 0.0159584 0.087914
0 0.815301 0.657388 0.015519 0.0843899
0 0.47979 0.670427 0.015365 0.0878291
0 0.865972 0.78744 0.0963799 0.377761
5 0.187042 0.639856 0.210231 0.196435
5 0.485776 0.627656 0.142087 0.139245
5 0.0420063 0.642292 0.0834641 0.178521
5 0.351984 0.629233 0.123881 0.176096
5 0.608629 0.62069 0.113357 0.10099
5 0.875037 0.613122 0.209743 0.157461
0 0.0199468 0.736304 0.0397848 0.182064
0 0.225103 0.699375 0.0257498 0.140103
0 0.124988 0.689727 0.0237216 0.136152
0 0.470117 0.680652 0.0307582 0.117241
0 0.753087 0.659384 0.0210474 0.106443
0 0.588772 0.665284 0.0228012 0.0971564
0 0.322407 0.684076 0.0226733 0.109986
0 0.0780969 0.698594 0.0230608 0.122749
0 0.301456 0.676098 0.0276447 0.126713
0 0.242799 0.699423 0.0201102 0.128529
0 0.804123 0.658581 0.0159584 0.087914
0 0.815301 0.657388 0.015519 0.0843899
0 0.47979 0.670427 0.015365 0.0878291
0 0.865972 0.78744 0.0963799 0.377761
5 0.187042 0.639856 0.210231 0.196435
5 0.485776 0.627656 0.142087 0.139245
5 0.0420063 0.642292 0.0834641 0.178521
5 0.351984 0.629233 0.123881 0.176096
5 0.608629 0.62069 0.113357 0.10099
5 0.875037 0.613122 0.209743 0.157461
0 0.0199468 0.736304 0.0397848 0.182064
0 0.225103 0.699375 0.0257498 0.140103
0 0.124988 0.689727 0.0237216 0.136152
0 0.470117 0.680652 0.0307582 0.117241
0 0.753087 0.659384 0.0210474 0.106443
0 0.588772 0.665284 0.0228012 0.0971564
0 0.322407 0.684076 0.0226733 0.109986
0 0.0780969 0.698594 0.0230608 0.122749
0 0.301456 0.676098 0.0276447 0.126713
0 0.242799 0.699423 0.0201102 0.128529
0 0.804123 0.658581 0.0159584 0.087914
0 0.815301 0.657388 0.015519 0.0843899
0 0.47979 0.670427 0.015365 0.0878291
0 0.865972 0.78744 0.0963799 0.377761
5 0.187042 0.639856 0.210231 0.196435
5 0.485776 0.627656 0.142087 0.139245
5 0.0420063 0.642292 0.0834641 0.178521
5 0.351984 0.629233 0.123881 0.176096
5 0.608629 0.62069 0.113357 0.10099
5 0.875037 0.613122 0.209743 0.157461
0 0.0199468 0.736304 0.0397848 0.182064
0 0.225103 0.699375 0.0257498 0.140103
0 0.124988 0.689727 0.0237216 0.136152
0 0.470117 0.680652 0.0307582 0.117241
0 0.753087 0.659384 0.0210474 0.106443
0 0.588772 0.665284 0.0228012 0.0971564
0 0.322407 0.684076 0.0226733 0.109986
0 0.0780969 0.698594 0.0230608 0.122749
0 0.301456 0.676098 0.0276447 0.126713
0 0.242799 0.699423 0.0201102 0.128529
0 0.804123 0.658581 0.0159584 0.087914
0 0.815301 0.657388 0.015519 0.0843899
0 0.47979 0.670427 0.015365 0.0878291
0 0.690108 0.640914 0.0104358 0.056684
