5 0.742042 0.365604 0.254357 0.529059
0 0.0692728 0.675776 0.138546 0.635052
5 0.542183 0.336909 0.120057 0.282099
5 0.451352 0.304465 0.0714426 0.208309
0 0.169054 0.774551 0.116151 0.444379
2 0.243953 0.57348 0.151718 0.282083
5 0.219679 0.320122 0.137121 0.233249
0 0.902551 0.504303 0.0370445 0.192381
0 0.956764 0.521319 0.0586048 0.18896
5 0.465971 0.352732 0.0382114 0.163384
5 0.196799 0.406961 0.134695 0.175086
0 0.947458 0.492036 0.0358891 0.182978
5 0.742042 0.365604 0.254357 0.529059
0 0.0692728 0.675776 0.138546 0.635052
5 0.542183 0.336909 0.120057 0.282099
5 0.451352 0.304465 0.0714426 0.208309
0 0.169054 0.774551 0.116151 0.444379
2 0.243953 0.57348 0.151718 0.282083
5 0.219679 0.320122 0.137121 0.233249
0 0.902551 0.504303 0.0370445 0.192381
0 0.956764 0.521319 0.0586048 0.18896
5 0.465971 0.352732 0.0382114 0.163384
5 0.196799 0.406961 0.134695 0.175086
0 0.947458 0.492036 0.0358891 0.182978
5 0.742042 0.365604 0.254357 0.529059
0 0.0692728 0.675776 0.138546 0.635052
5 0.542183 0.336909 0.120057 0.282099
5 0.451352 0.304465 0.0714426 0.208309
0 0.169054 0.774551 0.116151 0.444379
2 0.243953 0.57348 0.151718 0.282083
5 0.219679 0.320122 0.137121 0.233249
0 0.902551 0.504303 0.0370445 0.192381
0 0.956764 0.521319 0.0586048 0.18896
5 0.465971 0.352732 0.0382114 0.163384
5 0.196799 0.406961 0.134695 0.175086
0 0.947458 0.492036 0.0358891 0.182978
