5 0.74018 0.366444 0.254615 0.528434
5 0.459354 0.370677 0.173373 0.450468
2 0.23752 0.57613 0.163685 0.284802
0 0.126461 0.699873 0.102313 0.590081
5 0.565923 0.33743 0.0718781 0.283284
0 0.0770663 0.66093 0.0762714 0.564174
2 0.349498 0.458933 0.0578363 0.110373
5 0.219416 0.31977 0.127769 0.231504
0 0.902175 0.506309 0.0374758 0.193637
0 0.956802 0.524269 0.0593128 0.18825
0 0.957133 0.484551 0.038369 0.164834
5 0.74018 0.366444 0.254615 0.528434
5 0.459354 0.370677 0.173373 0.450468
2 0.23752 0.57613 0.163685 0.284802
0 0.126461 0.699873 0.102313 0.590081
5 0.565923 0.33743 0.0718781 0.283284
0 0.0770663 0.66093 0.0762714 0.564174
2 0.349498 0.458933 0.0578363 0.110373
5 0.219416 0.31977 0.127769 0.231504
0 0.902175 0.506309 0.0374758 0.193637
0 0.956802 0.524269 0.0593128 0.18825
0 0.957133 0.484551 0.038369 0.164834
5 0.74018 0.366444 0.254615 0.528434
5 0.459354 0.370677 0.173373 0.450468
2 0.23752 0.57613 0.163685 0.284802
0 0.126461 0.699873 0.102313 0.590081
5 0.565923 0.33743 0.0718781 0.283284
0 0.0770663 0.66093 0.0762714 0.564174
2 0.349498 0.458933 0.0578363 0.110373
5 0.219416 0.31977 0.127769 0.231504
0 0.902175 0.506309 0.0374758 0.193637
0 0.956802 0.524269 0.0593128 0.18825
0 0.957133 0.484551 0.038369 0.164834
5 0.74018 0.366444 0.254615 0.528434
5 0.459354 0.370677 0.173373 0.450468
2 0.23752 0.57613 0.163685 0.284802
0 0.126461 0.699873 0.102313 0.590081
5 0.565923 0.33743 0.0718781 0.283284
0 0.0770663 0.66093 0.0762714 0.564174
2 0.349498 0.458933 0.0578363 0.110373
5 0.219416 0.31977 0.127769 0.231504
0 0.902175 0.506309 0.0374758 0.193637
0 0.956802 0.524269 0.0593128 0.18825
0 0.957133 0.484551 0.038369 0.164834
5 0.74018 0.366444 0.254615 0.528434
5 0.459354 0.370677 0.173373 0.450468
2 0.23752 0.57613 0.163685 0.284802
0 0.126461 0.699873 0.102313 0.590081
5 0.565923 0.33743 0.0718781 0.283284
0 0.0770663 0.66093 0.0762714 0.564174
2 0.349498 0.458933 0.0578363 0.110373
5 0.219416 0.31977 0.127769 0.231504
0 0.902175 0.506309 0.0374758 0.193637
0 0.956802 0.524269 0.0593128 0.18825
0 0.957133 0.484551 0.038369 0.164834
0 0.0337844 0.93687 0.0669635 0.117809
5 0.194398 0.387754 0.131592 0.136214
2 0.367745 0.378641 0.0152535 0.0498737
