5 0.650211 0.617778 0.111235 0.110852
5 0.466747 0.627171 0.117448 0.122865
5 0.346813 0.629535 0.124214 0.17537
5 0.871173 0.611988 0.210185 0.158743
5 0.182284 0.637229 0.210054 0.190629
5 0.55138 0.620602 0.058707 0.0755291
5 0.0400794 0.642388 0.0792593 0.17474
0 0.14729 0.724349 0.0373216 0.202703
0 0.188593 0.737786 0.0418512 0.203639
0 0.987317 0.664687 0.0241251 0.148993
0 0.662094 0.658402 0.0191092 0.090043
0 0.694554 0.65758 0.0284791 0.0761927
0 0.872823 0.660648 0.0220947 0.0953461
0 0.0146314 0.706811 0.0292627 0.132912
0 0.350516 0.689775 0.0272082 0.125078
0 0.927992 0.663451 0.0247906 0.0987849
0 0.530658 0.660373 0.0148996 0.0776223
0 0.369679 0.684946 0.0187263 0.118383
0 0.221681 0.701316 0.0251178 0.138271
0 0.296959 0.677344 0.024429 0.124897
0 0.237809 0.699492 0.0201394 0.128959
0 0.07271 0.69934 0.0231497 0.121951
0 0.121387 0.691695 0.0311493 0.134827
0 0.473954 0.672441 0.0189203 0.10192
0 0.722145 0.646509 0.0101717 0.0543157
5 0.650211 0.617778 0.111235 0.110852
5 0.466747 0.627171 0.117448 0.122865
5 0.346813 0.629535 0.124214 0.17537
5 0.871173 0.611988 0.210185 0.158743
5 0.182284 0.637229 0.210054 0.190629
5 0.55138 0.620602 0.058707 0.0755291
5 0.0400794 0.642388 0.0792593 0.17474
0 0.14729 0.724349 0.0373216 0.202703
0 0.188593 0.737786 0.0418512 0.203639
0 0.987317 0.664687 0.0241251 0.148993
0 0.662094 0.658402 0.0191092 0.090043
0 0.694554 0.65758 0.0284791 0.0761927
0 0.872823 0.660648 0.0220947 0.0953461
0 0.0146314 0.706811 0.0292627 0.132912
0 0.350516 0.689775 0.0272082 0.125078
0 0.927992 0.663451 0.0247906 0.0987849
0 0.530658 0.660373 0.0148996 0.0776223
0 0.369679 0.684946 0.0187263 0.118383
0 0.221681 0.701316 0.0251178 0.138271
0 0.296959 0.677344 0.024429 0.124897
0 0.237809 0.699492 0.0201394 0.128959
0 0.07271 0.69934 0.0231497 0.121951
0 0.121387 0.691695 0.0311493 0.134827
0 0.473954 0.672441 0.0189203 0.10192
0 0.722145 0.646509 0.0101717 0.0543157
5 0.650211 0.617778 0.111235 0.110852
5 0.466747 0.627171 0.117448 0.122865
5 0.346813 0.629535 0.124214 0.17537
5 0.871173 0.611988 0.210185 0.158743
5 0.182284 0.637229 0.210054 0.190629
5 0.55138 0.620602 0.058707 0.0755291
5 0.0400794 0.642388 0.0792593 0.17474
0 0.14729 0.724349 0.0373216 0.202703
0 0.188593 0.737786 0.0418512 0.203639
0 0.987317 0.664687 0.0241251 0.148993
0 0.662094 0.658402 0.0191092 0.090043
0 0.694554 0.65758 0.0284791 0.0761927
0 0.872823 0.660648 0.0220947 0.0953461
0 0.0146314 0.706811 0.0292627 0.132912
0 0.350516 0.689775 0.0272082 0.125078
0 0.927992 0.663451 0.0247906 0.0987849
0 0.530658 0.660373 0.0148996 0.0776223
0 0.369679 0.684946 0.0187263 0.118383
0 0.221681 0.701316 0.0251178 0.138271
0 0.296959 0.677344 0.024429 0.124897
0 0.237809 0.699492 0.0201394 0.128959
0 0.07271 0.69934 0.0231497 0.121951
0 0.121387 0.691695 0.0311493 0.134827
0 0.473954 0.672441 0.0189203 0.10192
0 0.722145 0.646509 0.0101717 0.0543157
