5 0.550306 0.571132 0.896241 0.469588
5 0.0383078 0.593975 0.0762681 0.177732
0 0.0391136 0.659775 0.0355264 0.13634
0 0.0697372 0.653429 0.0343401 0.129941
0 0.531733 0.53034 0.0310324 0.116426
5 0.0905934 0.589132 0.0321802 0.177179
0 0.579927 0.496815 0.0295586 0.0761209
0 0.233954 0.529224 0.0222153 0.0480787
0 0.781593 0.504311 0.0197402 0.0444069
5 0.550306 0.571132 0.896241 0.469588
5 0.0383078 0.593975 0.0762681 0.177732
0 0.0391136 0.659775 0.0355264 0.13634
0 0.0697372 0.653429 0.0343401 0.129941
0 0.531733 0.53034 0.0310324 0.116426
5 0.0905934 0.589132 0.0321802 0.177179
0 0.579927 0.496815 0.0295586 0.0761209
0 0.233954 0.529224 0.0222153 0.0480787
0 0.781593 0.504311 0.0197402 0.0444069
5 0.550306 0.571132 0.896241 0.469588
5 0.0383078 0.593975 0.0762681 0.177732
0 0.0391136 0.659775 0.0355264 0.13634
0 0.0697372 0.653429 0.0343401 0.129941
0 0.531733 0.53034 0.0310324 0.116426
5 0.0905934 0.589132 0.0321802 0.177179
0 0.579927 0.496815 0.0295586 0.0761209
0 0.233954 0.529224 0.0222153 0.0480787
0 0.781593 0.504311 0.0197402 0.0444069
