5 0.742171 0.367071 0.251568 0.53088
5 0.431762 0.363095 0.184594 0.422582
2 0.660579 0.585433 0.201106 0.218819
2 0.238039 0.57789 0.16123 0.285977
0 0.0858163 0.655762 0.104719 0.581724
5 0.555594 0.338807 0.0948802 0.283058
0 0.900644 0.508072 0.0333048 0.191688
5 0.197011 0.410604 0.140931 0.177757
0 0.0270707 0.615541 0.0538667 0.361047
0 0.921451 0.509276 0.0238844 0.175129
0 0.959244 0.53187 0.0565975 0.175881
0 0.952273 0.486045 0.0319542 0.160871
5 0.742171 0.367071 0.251568 0.53088
5 0.431762 0.363095 0.184594 0.422582
2 0.660579 0.585433 0.201106 0.218819
2 0.238039 0.57789 0.16123 0.285977
0 0.0858163 0.655762 0.104719 0.581724
5 0.555594 0.338807 0.0948802 0.283058
0 0.900644 0.508072 0.0333048 0.191688
5 0.197011 0.410604 0.140931 0.177757
0 0.0270707 0.615541 0.0538667 0.361047
0 0.921451 0.509276 0.0238844 0.175129
0 0.959244 0.53187 0.0565975 0.175881
0 0.952273 0.486045 0.0319542 0.160871
5 0.742171 0.367071 0.251568 0.53088
5 0.431762 0.363095 0.184594 0.422582
2 0.660579 0.585433 0.201106 0.218819
2 0.238039 0.57789 0.16123 0.285977
0 0.0858163 0.655762 0.104719 0.581724
5 0.555594 0.338807 0.0948802 0.283058
0 0.900644 0.508072 0.0333048 0.191688
5 0.197011 0.410604 0.140931 0.177757
0 0.0270707 0.615541 0.0538667 0.361047
0 0.921451 0.509276 0.0238844 0.175129
0 0.959244 0.53187 0.0565975 0.175881
0 0.952273 0.486045 0.0319542 0.160871
5 0.742171 0.367071 0.251568 0.53088
5 0.431762 0.363095 0.184594 0.422582
2 0.660579 0.585433 0.201106 0.218819
2 0.238039 0.57789 0.16123 0.285977
0 0.0858163 0.655762 0.104719 0.581724
5 0.555594 0.338807 0.0948802 0.283058
0 0.900644 0.508072 0.0333048 0.191688
5 0.197011 0.410604 0.140931 0.177757
0 0.0270707 0.615541 0.0538667 0.361047
0 0.921451 0.509276 0.0238844 0.175129
0 0.959244 0.53187 0.0565975 0.175881
0 0.952273 0.486045 0.0319542 0.160871
5 0.742171 0.367071 0.251568 0.53088
5 0.431762 0.363095 0.184594 0.422582
2 0.660579 0.585433 0.201106 0.218819
2 0.238039 0.57789 0.16123 0.285977
0 0.0858163 0.655762 0.104719 0.581724
5 0.555594 0.338807 0.0948802 0.283058
0 0.900644 0.508072 0.0333048 0.191688
5 0.197011 0.410604 0.140931 0.177757
0 0.0270707 0.615541 0.0538667 0.361047
0 0.921451 0.509276 0.0238844 0.175129
0 0.959244 0.53187 0.0565975 0.175881
0 0.952273 0.486045 0.0319542 0.160871
2 0.138337 0.533855 0.0672555 0.164821
0 0.87789 0.511595 0.0304848 0.182115
