5 0.352955 0.439884 0.701877 0.878776
5 0.782103 0.367754 0.174176 0.53171
0 0.0959675 0.656844 0.103335 0.585247
0 0.902477 0.507662 0.0375999 0.191516
0 0.95645 0.522342 0.0597143 0.193103
0 0.94998 0.484229 0.0270348 0.162141
5 0.352955 0.439884 0.701877 0.878776
5 0.782103 0.367754 0.174176 0.53171
0 0.0959675 0.656844 0.103335 0.585247
0 0.902477 0.507662 0.0375999 0.191516
0 0.95645 0.522342 0.0597143 0.193103
0 0.94998 0.484229 0.0270348 0.162141
5 0.352955 0.439884 0.701877 0.878776
5 0.782103 0.367754 0.174176 0.53171
0 0.0959675 0.656844 0.103335 0.585247
0 0.902477 0.507662 0.0375999 0.191516
0 0.95645 0.522342 0.0597143 0.193103
0 0.94998 0.484229 0.0270348 0.162141
5 0.352955 0.439884 0.701877 0.878776
5 0.782103 0.367754 0.174176 0.53171
0 0.0959675 0.656844 0.103335 0.585247
0 0.902477 0.507662 0.0375999 0.191516
0 0.95645 0.522342 0.0597143 0.193103
0 0.94998 0.484229 0.0270348 0.162141
5 0.352955 0.439884 0.701877 0.878776
5 0.782103 0.367754 0.174176 0.53171
0 0.0959675 0.656844 0.103335 0.585247
0 0.902477 0.507662 0.0375999 0.191516
0 0.95645 0.522342 0.0597143 0.193103
0 0.94998 0.484229 0.0270348 0.162141
0 0.472973 0.396165 0.0178377 0.129017
