5 0.744722 0.359982 0.253434 0.527804
5 0.454002 0.298189 0.0716764 0.206194
2 0.242574 0.569151 0.158004 0.28282
5 0.545034 0.330577 0.120661 0.282583
0 0.0897828 0.675296 0.12644 0.63758
0 0.0338649 0.596281 0.0675433 0.375054
0 0.905923 0.497859 0.0377335 0.191475
5 0.468758 0.35316 0.0366215 0.166836
0 0.96606 0.638362 0.0670906 0.493081
0 0.947296 0.450906 0.0300079 0.112965
3 0.96749 0.74726 0.0642471 0.37448
5 0.213492 0.343362 0.160075 0.293178
2 0.14954 0.526172 0.0545417 0.166821
5 0.744722 0.359982 0.253434 0.527804
5 0.454002 0.298189 0.0716764 0.206194
2 0.242574 0.569151 0.158004 0.28282
5 0.545034 0.330577 0.120661 0.282583
0 0.0897828 0.675296 0.12644 0.63758
0 0.0338649 0.596281 0.0675433 0.375054
0 0.905923 0.497859 0.0377335 0.191475
5 0.468758 0.35316 0.0366215 0.166836
0 0.96606 0.638362 0.0670906 0.493081
0 0.947296 0.450906 0.0300079 0.112965
3 0.96749 0.74726 0.0642471 0.37448
5 0.213492 0.343362 0.160075 0.293178
2 0.14954 0.526172 0.0545417 0.166821
5 0.744722 0.359982 0.253434 0.527804
5 0.454002 0.298189 0.0716764 0.206194
2 0.242574 0.569151 0.158004 0.28282
5 0.545034 0.330577 0.120661 0.282583
0 0.0897828 0.675296 0.12644 0.63758
0 0.0338649 0.596281 0.0675433 0.375054
0 0.905923 0.497859 0.0377335 0.191475
5 0.468758 0.35316 0.0366215 0.166836
0 0.96606 0.638362 0.0670906 0.493081
0 0.947296 0.450906 0.0300079 0.112965
3 0.96749 0.74726 0.0642471 0.37448
5 0.213492 0.343362 0.160075 0.293178
2 0.14954 0.526172 0.0545417 0.166821
5 0.744722 0.359982 0.253434 0.527804
5 0.454002 0.298189 0.0716764 0.206194
2 0.242574 0.569151 0.158004 0.28282
5 0.545034 0.330577 0.120661 0.282583
0 0.0897828 0.675296 0.12644 0.63758
0 0.0338649 0.596281 0.0675433 0.375054
0 0.905923 0.497859 0.0377335 0.191475
5 0.468758 0.35316 0.0366215 0.166836
0 0.96606 0.638362 0.0670906 0.493081
0 0.947296 0.450906 0.0300079 0.112965
3 0.96749 0.74726 0.0642471 0.37448
5 0.213492 0.343362 0.160075 0.293178
2 0.14954 0.526172 0.0545417 0.166821
5 0.744722 0.359982 0.253434 0.527804
5 0.454002 0.298189 0.0716764 0.206194
2 0.242574 0.569151 0.158004 0.28282
5 0.545034 0.330577 0.120661 0.282583
0 0.0897828 0.675296 0.12644 0.63758
0 0.0338649 0.596281 0.0675433 0.375054
0 0.905923 0.497859 0.0377335 0.191475
5 0.468758 0.35316 0.0366215 0.166836
0 0.96606 0.638362 0.0670906 0.493081
0 0.947296 0.450906 0.0300079 0.112965
3 0.96749 0.74726 0.0642471 0.37448
5 0.213492 0.343362 0.160075 0.293178
2 0.14954 0.526172 0.0545417 0.166821
0 0.0368944 0.92993 0.073076 0.12989
5 0.201941 0.402275 0.138834 0.174052
5 0.222858 0.313802 0.140236 0.233696
