5 0.462106 0.634337 0.0874685 0.169273
5 0.194069 0.647725 0.209051 0.198124
5 0.35705 0.633095 0.121106 0.173147
5 0.881905 0.614017 0.209926 0.159104
0 0.897198 0.783839 0.0948513 0.427706
0 0.722851 0.676096 0.0366083 0.121386
5 0.0455975 0.650469 0.0906839 0.18114
0 0.322341 0.706843 0.0348214 0.135899
0 0.148982 0.698835 0.0234291 0.130878
0 0.232607 0.706479 0.0238366 0.138541
0 0.0863464 0.710235 0.0232107 0.113011
0 0.281492 0.696145 0.0185364 0.116985
0 0.24803 0.705001 0.0216352 0.128413
0 0.306627 0.68532 0.022889 0.128132
0 0.99188 0.66351 0.0154455 0.132878
0 0.753452 0.653335 0.0126607 0.0617053
0 0.738346 0.654323 0.0110144 0.0624021
0 0.70284 0.660206 0.0158843 0.0853829
0 0.606138 0.643228 0.00849771 0.0447435
5 0.565587 0.625288 0.0493595 0.0752233
5 0.528946 0.627632 0.0412253 0.072325
0 0.764249 0.653042 0.012401 0.0646563
5 0.462106 0.634337 0.0874685 0.169273
5 0.194069 0.647725 0.209051 0.198124
5 0.35705 0.633095 0.121106 0.173147
5 0.881905 0.614017 0.209926 0.159104
0 0.897198 0.783839 0.0948513 0.427706
0 0.722851 0.676096 0.0366083 0.121386
5 0.0455975 0.650469 0.0906839 0.18114
0 0.322341 0.706843 0.0348214 0.135899
0 0.148982 0.698835 0.0234291 0.130878
0 0.232607 0.706479 0.0238366 0.138541
0 0.0863464 0.710235 0.0232107 0.113011
0 0.281492 0.696145 0.0185364 0.116985
0 0.24803 0.705001 0.0216352 0.128413
0 0.306627 0.68532 0.022889 0.128132
0 0.99188 0.66351 0.0154455 0.132878
0 0.753452 0.653335 0.0126607 0.0617053
0 0.738346 0.654323 0.0110144 0.0624021
0 0.70284 0.660206 0.0158843 0.0853829
0 0.606138 0.643228 0.00849771 0.0447435
5 0.565587 0.625288 0.0493595 0.0752233
5 0.528946 0.627632 0.0412253 0.072325
0 0.764249 0.653042 0.012401 0.0646563
5 0.462106 0.634337 0.0874685 0.169273
5 0.194069 0.647725 0.209051 0.198124
5 0.35705 0.633095 0.121106 0.173147
5 0.881905 0.614017 0.209926 0.159104
0 0.897198 0.783839 0.0948513 0.427706
0 0.722851 0.676096 0.0366083 0.121386
5 0.0455975 0.650469 0.0906839 0.18114
0 0.322341 0.706843 0.0348214 0.135899
0 0.148982 0.698835 0.0234291 0.130878
0 0.232607 0.706479 0.0238366 0.138541
0 0.0863464 0.710235 0.0232107 0.113011
0 0.281492 0.696145 0.0185364 0.116985
0 0.24803 0.705001 0.0216352 0.128413
0 0.306627 0.68532 0.022889 0.128132
0 0.99188 0.66351 0.0154455 0.132878
0 0.753452 0.653335 0.0126607 0.0617053
0 0.738346 0.654323 0.0110144 0.0624021
0 0.70284 0.660206 0.0158843 0.0853829
0 0.606138 0.643228 0.00849771 0.0447435
5 0.565587 0.625288 0.0493595 0.0752233
5 0.528946 0.627632 0.0412253 0.072325
0 0.764249 0.653042 0.012401 0.0646563
