5 0.740777 0.367123 0.25509 0.528513
5 0.471127 0.373547 0.19146 0.47616
5 0.577098 0.337036 0.0504732 0.280375
0 0.277325 0.706483 0.104153 0.579689
0 0.0432162 0.686323 0.0860688 0.603385
5 0.220172 0.316286 0.123804 0.224073
0 0.103727 0.661401 0.076091 0.558292
2 0.352987 0.467405 0.0579405 0.114986
5 0.195882 0.40991 0.133877 0.179974
0 0.901912 0.50706 0.0375187 0.190734
0 0.956102 0.52589 0.0585392 0.185651
2 0.21204 0.578072 0.102107 0.283121
0 0.957286 0.486231 0.0361752 0.164659
2 0.141618 0.531419 0.0654299 0.166389
0 0.0340351 0.93633 0.067624 0.116633
5 0.740777 0.367123 0.25509 0.528513
5 0.471127 0.373547 0.19146 0.47616
5 0.577098 0.337036 0.0504732 0.280375
0 0.277325 0.706483 0.104153 0.579689
0 0.0432162 0.686323 0.0860688 0.603385
5 0.220172 0.316286 0.123804 0.224073
0 0.103727 0.661401 0.076091 0.558292
2 0.352987 0.467405 0.0579405 0.114986
5 0.195882 0.40991 0.133877 0.179974
0 0.901912 0.50706 0.0375187 0.190734
0 0.956102 0.52589 0.0585392 0.185651
2 0.21204 0.578072 0.102107 0.283121
0 0.957286 0.486231 0.0361752 0.164659
2 0.141618 0.531419 0.0654299 0.166389
0 0.0340351 0.93633 0.067624 0.116633
5 0.740777 0.367123 0.25509 0.528513
5 0.471127 0.373547 0.19146 0.47616
5 0.577098 0.337036 0.0504732 0.280375
0 0.277325 0.706483 0.104153 0.579689
0 0.0432162 0.686323 0.0860688 0.603385
5 0.220172 0.316286 0.123804 0.224073
0 0.103727 0.661401 0.076091 0.558292
2 0.352987 0.467405 0.0579405 0.114986
5 0.195882 0.40991 0.133877 0.179974
0 0.901912 0.50706 0.0375187 0.190734
0 0.956102 0.52589 0.0585392 0.185651
2 0.21204 0.578072 0.102107 0.283121
0 0.957286 0.486231 0.0361752 0.164659
2 0.141618 0.531419 0.0654299 0.166389
0 0.0340351 0.93633 0.067624 0.116633
5 0.740777 0.367123 0.25509 0.528513
5 0.471127 0.373547 0.19146 0.47616
5 0.577098 0.337036 0.0504732 0.280375
0 0.277325 0.706483 0.104153 0.579689
0 0.0432162 0.686323 0.0860688 0.603385
5 0.220172 0.316286 0.123804 0.224073
0 0.103727 0.661401 0.076091 0.558292
2 0.352987 0.467405 0.0579405 0.114986
5 0.195882 0.40991 0.133877 0.179974
0 0.901912 0.50706 0.0375187 0.190734
0 0.956102 0.52589 0.0585392 0.185651
2 0.21204 0.578072 0.102107 0.283121
0 0.957286 0.486231 0.0361752 0.164659
2 0.141618 0.531419 0.0654299 0.166389
0 0.0340351 0.93633 0.067624 0.116633
5 0.740777 0.367123 0.25509 0.528513
5 0.471127 0.373547 0.19146 0.47616
5 0.577098 0.337036 0.0504732 0.280375
0 0.277325 0.706483 0.104153 0.579689
0 0.0432162 0.686323 0.0860688 0.603385
5 0.220172 0.316286 0.123804 0.224073
0 0.103727 0.661401 0.076091 0.558292
2 0.352987 0.467405 0.0579405 0.114986
5 0.195882 0.40991 0.133877 0.179974
0 0.901912 0.50706 0.0375187 0.190734
0 0.956102 0.52589 0.0585392 0.185651
2 0.21204 0.578072 0.102107 0.283121
0 0.957286 0.486231 0.0361752 0.164659
2 0.141618 0.531419 0.0654299 0.166389
0 0.0340351 0.93633 0.067624 0.116633
2 0.36981 0.383424 0.0171695 0.0540655
