5 0.740341 0.367607 0.253901 0.529358
0 0.0782477 0.677049 0.156072 0.633017
5 0.371427 0.320225 0.134818 0.236757
5 0.541653 0.339284 0.120835 0.283582
2 0.230947 0.577662 0.176121 0.284767
5 0.219142 0.322593 0.136883 0.233958
5 0.464356 0.359725 0.0379789 0.165067
0 0.901762 0.507396 0.0384415 0.193084
0 0.955921 0.522815 0.0588428 0.190751
0 0.943896 0.494577 0.029459 0.182221
5 0.740341 0.367607 0.253901 0.529358
0 0.0782477 0.677049 0.156072 0.633017
5 0.371427 0.320225 0.134818 0.236757
5 0.541653 0.339284 0.120835 0.283582
2 0.230947 0.577662 0.176121 0.284767
5 0.219142 0.322593 0.136883 0.233958
5 0.464356 0.359725 0.0379789 0.165067
0 0.901762 0.507396 0.0384415 0.193084
0 0.955921 0.522815 0.0588428 0.190751
0 0.943896 0.494577 0.029459 0.182221
5 0.740341 0.367607 0.253901 0.529358
0 0.0782477 0.677049 0.156072 0.633017
5 0.371427 0.320225 0.134818 0.236757
5 0.541653 0.339284 0.120835 0.283582
2 0.230947 0.577662 0.176121 0.284767
5 0.219142 0.322593 0.136883 0.233958
5 0.464356 0.359725 0.0379789 0.165067
0 0.901762 0.507396 0.0384415 0.193084
0 0.955921 0.522815 0.0588428 0.190751
0 0.943896 0.494577 0.029459 0.182221
5 0.740341 0.367607 0.253901 0.529358
0 0.0782477 0.677049 0.156072 0.633017
5 0.371427 0.320225 0.134818 0.236757
5 0.541653 0.339284 0.120835 0.283582
2 0.230947 0.577662 0.176121 0.284767
5 0.219142 0.322593 0.136883 0.233958
5 0.464356 0.359725 0.0379789 0.165067
0 0.901762 0.507396 0.0384415 0.193084
0 0.955921 0.522815 0.0588428 0.190751
0 0.943896 0.494577 0.029459 0.182221
5 0.740341 0.367607 0.253901 0.529358
0 0.0782477 0.677049 0.156072 0.633017
5 0.371427 0.320225 0.134818 0.236757
5 0.541653 0.339284 0.120835 0.283582
2 0.230947 0.577662 0.176121 0.284767
5 0.219142 0.322593 0.136883 0.233958
5 0.464356 0.359725 0.0379789 0.165067
0 0.901762 0.507396 0.0384415 0.193084
0 0.955921 0.522815 0.0588428 0.190751
0 0.943896 0.494577 0.029459 0.182221
0 0.110318 0.449962 0.0581479 0.171314
0 0.0339806 0.937493 0.0671466 0.116621
5 0.196012 0.408784 0.133712 0.16914
