5 0.201059 0.650557 0.206174 0.196537
5 0.478028 0.641145 0.0952383 0.181297
5 0.89241 0.629961 0.213647 0.168682
5 0.049471 0.650177 0.0983014 0.177761
5 0.365109 0.642189 0.122729 0.182061
0 0.417297 0.687883 0.0193108 0.0861854
0 0.240018 0.709345 0.0256563 0.13869
0 0.140836 0.700486 0.0312815 0.130802
0 0.256238 0.709959 0.0186284 0.126303
0 0.0930623 0.707258 0.0216525 0.122682
0 0.377514 0.692252 0.0201812 0.104583
0 0.92539 0.675462 0.0262604 0.111206
0 0.31554 0.686089 0.0237955 0.123994
0 0.345255 0.686041 0.0174683 0.103774
5 0.575855 0.632472 0.0450348 0.0757584
5 0.562508 0.633472 0.0714701 0.0768658
5 0.201059 0.650557 0.206174 0.196537
5 0.478028 0.641145 0.0952383 0.181297
5 0.89241 0.629961 0.213647 0.168682
5 0.049471 0.650177 0.0983014 0.177761
5 0.365109 0.642189 0.122729 0.182061
0 0.417297 0.687883 0.0193108 0.0861854
0 0.240018 0.709345 0.0256563 0.13869
0 0.140836 0.700486 0.0312815 0.130802
0 0.256238 0.709959 0.0186284 0.126303
0 0.0930623 0.707258 0.0216525 0.122682
0 0.377514 0.692252 0.0201812 0.104583
0 0.92539 0.675462 0.0262604 0.111206
0 0.31554 0.686089 0.0237955 0.123994
0 0.345255 0.686041 0.0174683 0.103774
5 0.575855 0.632472 0.0450348 0.0757584
5 0.562508 0.633472 0.0714701 0.0768658
5 0.201059 0.650557 0.206174 0.196537
5 0.478028 0.641145 0.0952383 0.181297
5 0.89241 0.629961 0.213647 0.168682
5 0.049471 0.650177 0.0983014 0.177761
5 0.365109 0.642189 0.122729 0.182061
0 0.417297 0.687883 0.0193108 0.0861854
0 0.240018 0.709345 0.0256563 0.13869
0 0.140836 0.700486 0.0312815 0.130802
0 0.256238 0.709959 0.0186284 0.126303
0 0.0930623 0.707258 0.0216525 0.122682
0 0.377514 0.692252 0.0201812 0.104583
0 0.92539 0.675462 0.0262604 0.111206
0 0.31554 0.686089 0.0237955 0.123994
0 0.345255 0.686041 0.0174683 0.103774
5 0.575855 0.632472 0.0450348 0.0757584
5 0.562508 0.633472 0.0714701 0.0768658
5 0.201059 0.650557 0.206174 0.196537
5 0.478028 0.641145 0.0952383 0.181297
5 0.89241 0.629961 0.213647 0.168682
5 0.049471 0.650177 0.0983014 0.177761
5 0.365109 0.642189 0.122729 0.182061
0 0.417297 0.687883 0.0193108 0.0861854
0 0.240018 0.709345 0.0256563 0.13869
0 0.140836 0.700486 0.0312815 0.130802
0 0.256238 0.709959 0.0186284 0.126303
0 0.0930623 0.707258 0.0216525 0.122682
0 0.377514 0.692252 0.0201812 0.104583
0 0.92539 0.675462 0.0262604 0.111206
0 0.31554 0.686089 0.0237955 0.123994
0 0.345255 0.686041 0.0174683 0.103774
5 0.575855 0.632472 0.0450348 0.0757584
5 0.562508 0.633472 0.0714701 0.0768658
5 0.201059 0.650557 0.206174 0.196537
5 0.478028 0.641145 0.0952383 0.181297
5 0.89241 0.629961 0.213647 0.168682
5 0.049471 0.650177 0.0983014 0.177761
5 0.365109 0.642189 0.122729 0.182061
0 0.417297 0.687883 0.0193108 0.0861854
0 0.240018 0.709345 0.0256563 0.13869
0 0.140836 0.700486 0.0312815 0.130802
0 0.256238 0.709959 0.0186284 0.126303
0 0.0930623 0.707258 0.0216525 0.122682
0 0.377514 0.692252 0.0201812 0.104583
0 0.92539 0.675462 0.0262604 0.111206
0 0.31554 0.686089 0.0237955 0.123994
0 0.345255 0.686041 0.0174683 0.103774
5 0.575855 0.632472 0.0450348 0.0757584
5 0.562508 0.633472 0.0714701 0.0768658
0 0.00764966 0.790493 0.0152993 0.211483
0 0.553967 0.65617 0.00909252 0.0520416
0 0.0089941 0.838357 0.0178767 0.307179
