5 0.478095 0.640419 0.0958508 0.179517
5 0.893371 0.629498 0.212503 0.168217
5 0.201123 0.651146 0.206228 0.197973
5 0.365433 0.645364 0.125719 0.18646
5 0.0493311 0.656585 0.0984166 0.1915
5 0.562923 0.633037 0.0732338 0.0762794
0 0.961921 0.675584 0.0309208 0.11391
0 0.240756 0.710792 0.0252145 0.137517
0 0.414669 0.689938 0.0195002 0.0868191
0 0.143124 0.699867 0.0275864 0.131063
0 0.256902 0.710846 0.0192632 0.127485
0 0.0939642 0.70715 0.0225616 0.123308
0 0.352363 0.694133 0.0203769 0.109727
0 0.685954 0.653037 0.00986042 0.0476673
5 0.478095 0.640419 0.0958508 0.179517
5 0.893371 0.629498 0.212503 0.168217
5 0.201123 0.651146 0.206228 0.197973
5 0.365433 0.645364 0.125719 0.18646
5 0.0493311 0.656585 0.0984166 0.1915
5 0.562923 0.633037 0.0732338 0.0762794
0 0.961921 0.675584 0.0309208 0.11391
0 0.240756 0.710792 0.0252145 0.137517
0 0.414669 0.689938 0.0195002 0.0868191
0 0.143124 0.699867 0.0275864 0.131063
0 0.256902 0.710846 0.0192632 0.127485
0 0.0939642 0.70715 0.0225616 0.123308
0 0.352363 0.694133 0.0203769 0.109727
0 0.685954 0.653037 0.00986042 0.0476673
5 0.478095 0.640419 0.0958508 0.179517
5 0.893371 0.629498 0.212503 0.168217
5 0.201123 0.651146 0.206228 0.197973
5 0.365433 0.645364 0.125719 0.18646
5 0.0493311 0.656585 0.0984166 0.1915
5 0.562923 0.633037 0.0732338 0.0762794
0 0.961921 0.675584 0.0309208 0.11391
0 0.240756 0.710792 0.0252145 0.137517
0 0.414669 0.689938 0.0195002 0.0868191
0 0.143124 0.699867 0.0275864 0.131063
0 0.256902 0.710846 0.0192632 0.127485
0 0.0939642 0.70715 0.0225616 0.123308
0 0.352363 0.694133 0.0203769 0.109727
0 0.685954 0.653037 0.00986042 0.0476673
