5 0.825388 0.618567 0.348159 0.507005
5 0.177896 0.633278 0.207997 0.200856
5 0.0375863 0.632888 0.0746094 0.17419
0 0.157097 0.691591 0.0238881 0.123974
0 0.646867 0.742157 0.0576513 0.271526
0 0.115827 0.682587 0.0364559 0.13883
0 0.453525 0.670558 0.0226351 0.11771
5 0.632375 0.611557 0.0455215 0.103606
0 0.0355757 0.689579 0.0221484 0.127552
5 0.359628 0.621661 0.161083 0.175741
0 0.218226 0.691781 0.0234452 0.139215
0 0.0683377 0.693999 0.0221424 0.11461
0 0.304214 0.669099 0.0281052 0.12217
0 0.490888 0.654175 0.0203833 0.0651901
0 0.794636 0.540343 0.0294641 0.0552483
5 0.509214 0.615917 0.059156 0.069309
0 0.562275 0.651672 0.0143612 0.0659212
0 0.233386 0.689705 0.0217448 0.130037
0 0.249362 0.680516 0.0179721 0.121339
5 0.553777 0.612357 0.0476587 0.0721084
5 0.825388 0.618567 0.348159 0.507005
5 0.177896 0.633278 0.207997 0.200856
5 0.0375863 0.632888 0.0746094 0.17419
0 0.157097 0.691591 0.0238881 0.123974
0 0.646867 0.742157 0.0576513 0.271526
0 0.115827 0.682587 0.0364559 0.13883
0 0.453525 0.670558 0.0226351 0.11771
5 0.632375 0.611557 0.0455215 0.103606
0 0.0355757 0.689579 0.0221484 0.127552
5 0.359628 0.621661 0.161083 0.175741
0 0.218226 0.691781 0.0234452 0.139215
0 0.0683377 0.693999 0.0221424 0.11461
0 0.304214 0.669099 0.0281052 0.12217
0 0.490888 0.654175 0.0203833 0.0651901
0 0.794636 0.540343 0.0294641 0.0552483
5 0.509214 0.615917 0.059156 0.069309
0 0.562275 0.651672 0.0143612 0.0659212
0 0.233386 0.689705 0.0217448 0.130037
0 0.249362 0.680516 0.0179721 0.121339
5 0.553777 0.612357 0.0476587 0.0721084
5 0.825388 0.618567 0.348159 0.507005
5 0.177896 0.633278 0.207997 0.200856
5 0.0375863 0.632888 0.0746094 0.17419
0 0.157097 0.691591 0.0238881 0.123974
0 0.646867 0.742157 0.0576513 0.271526
0 0.115827 0.682587 0.0364559 0.13883
0 0.453525 0.670558 0.0226351 0.11771
5 0.632375 0.611557 0.0455215 0.103606
0 0.0355757 0.689579 0.0221484 0.127552
5 0.359628 0.621661 0.161083 0.175741
0 0.218226 0.691781 0.0234452 0.139215
0 0.0683377 0.693999 0.0221424 0.11461
0 0.304214 0.669099 0.0281052 0.12217
0 0.490888 0.654175 0.0203833 0.0651901
0 0.794636 0.540343 0.0294641 0.0552483
5 0.509214 0.615917 0.059156 0.069309
0 0.562275 0.651672 0.0143612 0.0659212
0 0.233386 0.689705 0.0217448 0.130037
0 0.249362 0.680516 0.0179721 0.121339
5 0.553777 0.612357 0.0476587 0.0721084
5 0.825388 0.618567 0.348159 0.507005
5 0.177896 0.633278 0.207997 0.200856
5 0.0375863 0.632888 0.0746094 0.17419
0 0.157097 0.691591 0.0238881 0.123974
0 0.646867 0.742157 0.0576513 0.271526
0 0.115827 0.682587 0.0364559 0.13883
0 0.453525 0.670558 0.0226351 0.11771
5 0.632375 0.611557 0.0455215 0.103606
0 0.0355757 0.689579 0.0221484 0.127552
5 0.359628 0.621661 0.161083 0.175741
0 0.218226 0.691781 0.0234452 0.139215
0 0.0683377 0.693999 0.0221424 0.11461
0 0.304214 0.669099 0.0281052 0.12217
0 0.490888 0.654175 0.0203833 0.0651901
0 0.794636 0.540343 0.0294641 0.0552483
5 0.509214 0.615917 0.059156 0.069309
0 0.562275 0.651672 0.0143612 0.0659212
0 0.233386 0.689705 0.0217448 0.130037
0 0.249362 0.680516 0.0179721 0.121339
5 0.553777 0.612357 0.0476587 0.0721084
5 0.825388 0.618567 0.348159 0.507005
5 0.177896 0.633278 0.207997 0.200856
5 0.0375863 0.632888 0.0746094 0.17419
0 0.157097 0.691591 0.0238881 0.123974
0 0.646867 0.742157 0.0576513 0.271526
0 0.115827 0.682587 0.0364559 0.13883
0 0.453525 0.670558 0.0226351 0.11771
5 0.632375 0.611557 0.0455215 0.103606
0 0.0355757 0.689579 0.0221484 0.127552
5 0.359628 0.621661 0.161083 0.175741
0 0.218226 0.691781 0.0234452 0.139215
0 0.0683377 0.693999 0.0221424 0.11461
0 0.304214 0.669099 0.0281052 0.12217
0 0.490888 0.654175 0.0203833 0.0651901
0 0.794636 0.540343 0.0294641 0.0552483
5 0.509214 0.615917 0.059156 0.069309
0 0.562275 0.651672 0.0143612 0.0659212
0 0.233386 0.689705 0.0217448 0.130037
0 0.249362 0.680516 0.0179721 0.121339
5 0.553777 0.612357 0.0476587 0.0721084
0 0.935107 0.506861 0.0364847 0.101508
