5 0.655207 0.621966 0.0952196 0.113141
5 0.177828 0.642758 0.212446 0.19759
5 0.344957 0.636494 0.124508 0.18412
5 0.456513 0.630628 0.0987866 0.12177
5 0.867466 0.622092 0.208892 0.166837
0 0.91448 0.670545 0.0273785 0.135803
0 0.115452 0.695246 0.0352912 0.136834
5 0.541709 0.62363 0.0732969 0.0760791
0 0.642496 0.662504 0.0171332 0.0890807
0 0.0140283 0.700752 0.0274017 0.132774
0 0.342885 0.689237 0.0304025 0.117442
5 0.0376226 0.645342 0.0747882 0.176167
0 0.540738 0.664193 0.0144913 0.0722844
0 0.660034 0.661208 0.016293 0.0742491
0 0.294528 0.679168 0.0256797 0.127086
0 0.229577 0.742557 0.0508839 0.208693
0 0.443316 0.681294 0.0271097 0.105074
0 0.0505633 0.702207 0.0230672 0.131547
0 0.391919 0.688482 0.0198215 0.12204
0 0.952817 0.669583 0.0255283 0.10636
0 0.0669344 0.702359 0.0244209 0.132196
0 0.893438 0.66618 0.0188644 0.101322
5 0.655207 0.621966 0.0952196 0.113141
5 0.177828 0.642758 0.212446 0.19759
5 0.344957 0.636494 0.124508 0.18412
5 0.456513 0.630628 0.0987866 0.12177
5 0.867466 0.622092 0.208892 0.166837
0 0.91448 0.670545 0.0273785 0.135803
0 0.115452 0.695246 0.0352912 0.136834
5 0.541709 0.62363 0.0732969 0.0760791
0 0.642496 0.662504 0.0171332 0.0890807
0 0.0140283 0.700752 0.0274017 0.132774
0 0.342885 0.689237 0.0304025 0.117442
5 0.0376226 0.645342 0.0747882 0.176167
0 0.540738 0.664193 0.0144913 0.0722844
0 0.660034 0.661208 0.016293 0.0742491
0 0.294528 0.679168 0.0256797 0.127086
0 0.229577 0.742557 0.0508839 0.208693
0 0.443316 0.681294 0.0271097 0.105074
0 0.0505633 0.702207 0.0230672 0.131547
0 0.391919 0.688482 0.0198215 0.12204
0 0.952817 0.669583 0.0255283 0.10636
0 0.0669344 0.702359 0.0244209 0.132196
0 0.893438 0.66618 0.0188644 0.101322
5 0.655207 0.621966 0.0952196 0.113141
5 0.177828 0.642758 0.212446 0.19759
5 0.344957 0.636494 0.124508 0.18412
5 0.456513 0.630628 0.0987866 0.12177
5 0.867466 0.622092 0.208892 0.166837
0 0.91448 0.670545 0.0273785 0.135803
0 0.115452 0.695246 0.0352912 0.136834
5 0.541709 0.62363 0.0732969 0.0760791
0 0.642496 0.662504 0.0171332 0.0890807
0 0.0140283 0.700752 0.0274017 0.132774
0 0.342885 0.689237 0.0304025 0.117442
5 0.0376226 0.645342 0.0747882 0.176167
0 0.540738 0.664193 0.0144913 0.0722844
0 0.660034 0.661208 0.016293 0.0742491
0 0.294528 0.679168 0.0256797 0.127086
0 0.229577 0.742557 0.0508839 0.208693
0 0.443316 0.681294 0.0271097 0.105074
0 0.0505633 0.702207 0.0230672 0.131547
0 0.391919 0.688482 0.0198215 0.12204
0 0.952817 0.669583 0.0255283 0.10636
0 0.0669344 0.702359 0.0244209 0.132196
0 0.893438 0.66618 0.0188644 0.101322
5 0.655207 0.621966 0.0952196 0.113141
5 0.177828 0.642758 0.212446 0.19759
5 0.344957 0.636494 0.124508 0.18412
5 0.456513 0.630628 0.0987866 0.12177
5 0.867466 0.622092 0.208892 0.166837
0 0.91448 0.670545 0.0273785 0.135803
0 0.115452 0.695246 0.0352912 0.136834
5 0.541709 0.62363 0.0732969 0.0760791
0 0.642496 0.662504 0.0171332 0.0890807
0 0.0140283 0.700752 0.0274017 0.132774
0 0.342885 0.689237 0.0304025 0.117442
5 0.0376226 0.645342 0.0747882 0.176167
0 0.540738 0.664193 0.0144913 0.0722844
0 0.660034 0.661208 0.016293 0.0742491
0 0.294528 0.679168 0.0256797 0.127086
0 0.229577 0.742557 0.0508839 0.208693
0 0.443316 0.681294 0.0271097 0.105074
0 0.0505633 0.702207 0.0230672 0.131547
0 0.391919 0.688482 0.0198215 0.12204
0 0.952817 0.669583 0.0255283 0.10636
0 0.0669344 0.702359 0.0244209 0.132196
0 0.893438 0.66618 0.0188644 0.101322
5 0.655207 0.621966 0.0952196 0.113141
5 0.177828 0.642758 0.212446 0.19759
5 0.344957 0.636494 0.124508 0.18412
5 0.456513 0.630628 0.0987866 0.12177
5 0.867466 0.622092 0.208892 0.166837
0 0.91448 0.670545 0.0273785 0.135803
0 0.115452 0.695246 0.0352912 0.136834
5 0.541709 0.62363 0.0732969 0.0760791
0 0.642496 0.662504 0.0171332 0.0890807
0 0.0140283 0.700752 0.0274017 0.132774
0 0.342885 0.689237 0.0304025 0.117442
5 0.0376226 0.645342 0.0747882 0.176167
0 0.540738 0.664193 0.0144913 0.0722844
0 0.660034 0.661208 0.016293 0.0742491
0 0.294528 0.679168 0.0256797 0.127086
0 0.229577 0.742557 0.0508839 0.208693
0 0.443316 0.681294 0.0271097 0.105074
0 0.0505633 0.702207 0.0230672 0.131547
0 0.391919 0.688482 0.0198215 0.12204
0 0.952817 0.669583 0.0255283 0.10636
0 0.0669344 0.702359 0.0244209 0.132196
0 0.893438 0.66618 0.0188644 0.101322
0 0.723248 0.647972 0.0107538 0.05973
