5 0.859328 0.603085 0.279951 0.478426
5 0.177616 0.635237 0.208947 0.201071
0 0.605696 0.742758 0.064789 0.266785
5 0.34299 0.622489 0.12727 0.176659
5 0.0373433 0.635868 0.0741317 0.177441
5 0.646799 0.613441 0.0757245 0.103754
5 0.420318 0.623126 0.0361423 0.112282
0 0.44243 0.672243 0.0279663 0.119668
5 0.507978 0.617131 0.0564093 0.0733671
0 0.115026 0.683736 0.0350989 0.138998
0 0.675089 0.672573 0.0301762 0.133189
0 0.0400619 0.691818 0.0225942 0.12906
0 0.0686007 0.695123 0.0211413 0.114736
0 0.647278 0.656247 0.0238178 0.0955572
0 0.167576 0.694738 0.0358713 0.122045
0 0.217861 0.693874 0.0229593 0.140081
0 0.303083 0.670582 0.0251192 0.122772
0 0.234082 0.693019 0.0217587 0.129237
0 0.255654 0.682465 0.0289871 0.124372
5 0.554267 0.614371 0.0449446 0.0739351
0 0.870882 0.534023 0.0300987 0.0545587
0 0.5027 0.654766 0.00992451 0.0665526
0 0.569947 0.650358 0.0135874 0.0684993
5 0.859328 0.603085 0.279951 0.478426
5 0.177616 0.635237 0.208947 0.201071
0 0.605696 0.742758 0.064789 0.266785
5 0.34299 0.622489 0.12727 0.176659
5 0.0373433 0.635868 0.0741317 0.177441
5 0.646799 0.613441 0.0757245 0.103754
5 0.420318 0.623126 0.0361423 0.112282
0 0.44243 0.672243 0.0279663 0.119668
5 0.507978 0.617131 0.0564093 0.0733671
0 0.115026 0.683736 0.0350989 0.138998
0 0.675089 0.672573 0.0301762 0.133189
0 0.0400619 0.691818 0.0225942 0.12906
0 0.0686007 0.695123 0.0211413 0.114736
0 0.647278 0.656247 0.0238178 0.0955572
0 0.167576 0.694738 0.0358713 0.122045
0 0.217861 0.693874 0.0229593 0.140081
0 0.303083 0.670582 0.0251192 0.122772
0 0.234082 0.693019 0.0217587 0.129237
0 0.255654 0.682465 0.0289871 0.124372
5 0.554267 0.614371 0.0449446 0.0739351
0 0.870882 0.534023 0.0300987 0.0545587
0 0.5027 0.654766 0.00992451 0.0665526
0 0.569947 0.650358 0.0135874 0.0684993
5 0.859328 0.603085 0.279951 0.478426
5 0.177616 0.635237 0.208947 0.201071
0 0.605696 0.742758 0.064789 0.266785
5 0.34299 0.622489 0.12727 0.176659
5 0.0373433 0.635868 0.0741317 0.177441
5 0.646799 0.613441 0.0757245 0.103754
5 0.420318 0.623126 0.0361423 0.112282
0 0.44243 0.672243 0.0279663 0.119668
5 0.507978 0.617131 0.0564093 0.0733671
0 0.115026 0.683736 0.0350989 0.138998
0 0.675089 0.672573 0.0301762 0.133189
0 0.0400619 0.691818 0.0225942 0.12906
0 0.0686007 0.695123 0.0211413 0.114736
0 0.647278 0.656247 0.0238178 0.0955572
0 0.167576 0.694738 0.0358713 0.122045
0 0.217861 0.693874 0.0229593 0.140081
0 0.303083 0.670582 0.0251192 0.122772
0 0.234082 0.693019 0.0217587 0.129237
0 0.255654 0.682465 0.0289871 0.124372
5 0.554267 0.614371 0.0449446 0.0739351
0 0.870882 0.534023 0.0300987 0.0545587
0 0.5027 0.654766 0.00992451 0.0665526
0 0.569947 0.650358 0.0135874 0.0684993
5 0.859328 0.603085 0.279951 0.478426
5 0.177616 0.635237 0.208947 0.201071
0 0.605696 0.742758 0.064789 0.266785
5 0.34299 0.622489 0.12727 0.176659
5 0.0373433 0.635868 0.0741317 0.177441
5 0.646799 0.613441 0.0757245 0.103754
5 0.420318 0.623126 0.0361423 0.112282
0 0.44243 0.672243 0.0279663 0.119668
5 0.507978 0.617131 0.0564093 0.0733671
0 0.115026 0.683736 0.0350989 0.138998
0 0.675089 0.672573 0.0301762 0.133189
0 0.0400619 0.691818 0.0225942 0.12906
0 0.0686007 0.695123 0.0211413 0.114736
0 0.647278 0.656247 0.0238178 0.0955572
0 0.167576 0.694738 0.0358713 0.122045
0 0.217861 0.693874 0.0229593 0.140081
0 0.303083 0.670582 0.0251192 0.122772
0 0.234082 0.693019 0.0217587 0.129237
0 0.255654 0.682465 0.0289871 0.124372
5 0.554267 0.614371 0.0449446 0.0739351
0 0.870882 0.534023 0.0300987 0.0545587
0 0.5027 0.654766 0.00992451 0.0665526
0 0.569947 0.650358 0.0135874 0.0684993
5 0.859328 0.603085 0.279951 0.478426
5 0.177616 0.635237 0.208947 0.201071
0 0.605696 0.742758 0.064789 0.266785
5 0.34299 0.622489 0.12727 0.176659
5 0.0373433 0.635868 0.0741317 0.177441
5 0.646799 0.613441 0.0757245 0.103754
5 0.420318 0.623126 0.0361423 0.112282
0 0.44243 0.672243 0.0279663 0.119668
5 0.507978 0.617131 0.0564093 0.0733671
0 0.115026 0.683736 0.0350989 0.138998
0 0.675089 0.672573 0.0301762 0.133189
0 0.0400619 0.691818 0.0225942 0.12906
0 0.0686007 0.695123 0.0211413 0.114736
0 0.647278 0.656247 0.0238178 0.0955572
0 0.167576 0.694738 0.0358713 0.122045
0 0.217861 0.693874 0.0229593 0.140081
0 0.303083 0.670582 0.0251192 0.122772
0 0.234082 0.693019 0.0217587 0.129237
0 0.255654 0.682465 0.0289871 0.124372
5 0.554267 0.614371 0.0449446 0.0739351
0 0.870882 0.534023 0.0300987 0.0545587
0 0.5027 0.654766 0.00992451 0.0665526
0 0.569947 0.650358 0.0135874 0.0684993
0 0.695914 0.63911 0.0111982 0.0529307
