5 0.194901 0.655556 0.208919 0.196774
5 0.471974 0.643297 0.0955725 0.180794
5 0.885429 0.628378 0.210716 0.167467
0 0.928985 0.774573 0.0690971 0.306708
5 0.358812 0.644592 0.124258 0.180455
0 0.0238737 0.777305 0.0466258 0.230812
5 0.0455957 0.677608 0.0908971 0.217007
0 0.234698 0.715806 0.0242858 0.137349
0 0.131969 0.706545 0.0230189 0.133996
0 0.0495843 0.718634 0.0244728 0.120996
0 0.249183 0.714318 0.0224119 0.130262
0 0.371403 0.697447 0.0205398 0.105242
0 0.0880102 0.71765 0.0222014 0.114709
0 0.751251 0.662317 0.0140965 0.0734758
0 0.726592 0.659061 0.0131105 0.0602589
0 0.312538 0.68943 0.0199955 0.123338
0 0.805305 0.665709 0.0199265 0.0834524
0 0.697004 0.655498 0.0127241 0.0663434
0 0.338915 0.696409 0.0164681 0.114931
5 0.194901 0.655556 0.208919 0.196774
5 0.471974 0.643297 0.0955725 0.180794
5 0.885429 0.628378 0.210716 0.167467
0 0.928985 0.774573 0.0690971 0.306708
5 0.358812 0.644592 0.124258 0.180455
0 0.0238737 0.777305 0.0466258 0.230812
5 0.0455957 0.677608 0.0908971 0.217007
0 0.234698 0.715806 0.0242858 0.137349
0 0.131969 0.706545 0.0230189 0.133996
0 0.0495843 0.718634 0.0244728 0.120996
0 0.249183 0.714318 0.0224119 0.130262
0 0.371403 0.697447 0.0205398 0.105242
0 0.0880102 0.71765 0.0222014 0.114709
0 0.751251 0.662317 0.0140965 0.0734758
0 0.726592 0.659061 0.0131105 0.0602589
0 0.312538 0.68943 0.0199955 0.123338
0 0.805305 0.665709 0.0199265 0.0834524
0 0.697004 0.655498 0.0127241 0.0663434
0 0.338915 0.696409 0.0164681 0.114931
5 0.194901 0.655556 0.208919 0.196774
5 0.471974 0.643297 0.0955725 0.180794
5 0.885429 0.628378 0.210716 0.167467
0 0.928985 0.774573 0.0690971 0.306708
5 0.358812 0.644592 0.124258 0.180455
0 0.0238737 0.777305 0.0466258 0.230812
5 0.0455957 0.677608 0.0908971 0.217007
0 0.234698 0.715806 0.0242858 0.137349
0 0.131969 0.706545 0.0230189 0.133996
0 0.0495843 0.718634 0.0244728 0.120996
0 0.249183 0.714318 0.0224119 0.130262
0 0.371403 0.697447 0.0205398 0.105242
0 0.0880102 0.71765 0.0222014 0.114709
0 0.751251 0.662317 0.0140965 0.0734758
0 0.726592 0.659061 0.0131105 0.0602589
0 0.312538 0.68943 0.0199955 0.123338
0 0.805305 0.665709 0.0199265 0.0834524
0 0.697004 0.655498 0.0127241 0.0663434
0 0.338915 0.696409 0.0164681 0.114931
5 0.194901 0.655556 0.208919 0.196774
5 0.471974 0.643297 0.0955725 0.180794
5 0.885429 0.628378 0.210716 0.167467
0 0.928985 0.774573 0.0690971 0.306708
5 0.358812 0.644592 0.124258 0.180455
0 0.0238737 0.777305 0.0466258 0.230812
5 0.0455957 0.677608 0.0908971 0.217007
0 0.234698 0.715806 0.0242858 0.137349
0 0.131969 0.706545 0.0230189 0.133996
0 0.0495843 0.718634 0.0244728 0.120996
0 0.249183 0.714318 0.0224119 0.130262
0 0.371403 0.697447 0.0205398 0.105242
0 0.0880102 0.71765 0.0222014 0.114709
0 0.751251 0.662317 0.0140965 0.0734758
0 0.726592 0.659061 0.0131105 0.0602589
0 0.312538 0.68943 0.0199955 0.123338
0 0.805305 0.665709 0.0199265 0.0834524
0 0.697004 0.655498 0.0127241 0.0663434
0 0.338915 0.696409 0.0164681 0.114931
5 0.194901 0.655556 0.208919 0.196774
5 0.471974 0.643297 0.0955725 0.180794
5 0.885429 0.628378 0.210716 0.167467
0 0.928985 0.774573 0.0690971 0.306708
5 0.358812 0.644592 0.124258 0.180455
0 0.0238737 0.777305 0.0466258 0.230812
5 0.0455957 0.677608 0.0908971 0.217007
0 0.234698 0.715806 0.0242858 0.137349
0 0.131969 0.706545 0.0230189 0.133996
0 0.0495843 0.718634 0.0244728 0.120996
0 0.249183 0.714318 0.0224119 0.130262
0 0.371403 0.697447 0.0205398 0.105242
0 0.0880102 0.71765 0.0222014 0.114709
0 0.751251 0.662317 0.0140965 0.0734758
0 0.726592 0.659061 0.0131105 0.0602589
0 0.312538 0.68943 0.0199955 0.123338
0 0.805305 0.665709 0.0199265 0.0834524
0 0.697004 0.655498 0.0127241 0.0663434
0 0.338915 0.696409 0.0164681 0.114931
5 0.569014 0.63426 0.0433245 0.0746653
5 0.556299 0.634773 0.0687311 0.0762582
5 0.536706 0.637662 0.0303297 0.0720357
