5 0.740258 0.367563 0.25357 0.529322
5 0.380249 0.31834 0.137622 0.234684
0 0.0785391 0.676814 0.156976 0.633663
5 0.541476 0.339223 0.120659 0.282824
2 0.231648 0.57791 0.174244 0.284466
5 0.218792 0.322037 0.136256 0.232566
0 0.901798 0.507398 0.0389265 0.193111
0 0.95608 0.522261 0.0590305 0.191867
5 0.46573 0.359734 0.0358517 0.162898
0 0.943119 0.494953 0.0290613 0.183463
5 0.196104 0.410827 0.134023 0.175126
0 0.113846 0.482301 0.0431291 0.116781
5 0.740258 0.367563 0.25357 0.529322
5 0.380249 0.31834 0.137622 0.234684
0 0.0785391 0.676814 0.156976 0.633663
5 0.541476 0.339223 0.120659 0.282824
2 0.231648 0.57791 0.174244 0.284466
5 0.218792 0.322037 0.136256 0.232566
0 0.901798 0.507398 0.0389265 0.193111
0 0.95608 0.522261 0.0590305 0.191867
5 0.46573 0.359734 0.0358517 0.162898
0 0.943119 0.494953 0.0290613 0.183463
5 0.196104 0.410827 0.134023 0.175126
0 0.113846 0.482301 0.0431291 0.116781
5 0.740258 0.367563 0.25357 0.529322
5 0.380249 0.31834 0.137622 0.234684
0 0.0785391 0.676814 0.156976 0.633663
5 0.541476 0.339223 0.120659 0.282824
2 0.231648 0.57791 0.174244 0.284466
5 0.218792 0.322037 0.136256 0.232566
0 0.901798 0.507398 0.0389265 0.193111
0 0.95608 0.522261 0.0590305 0.191867
5 0.46573 0.359734 0.0358517 0.162898
0 0.943119 0.494953 0.0290613 0.183463
5 0.196104 0.410827 0.134023 0.175126
0 0.113846 0.482301 0.0431291 0.116781
5 0.740258 0.367563 0.25357 0.529322
5 0.380249 0.31834 0.137622 0.234684
0 0.0785391 0.676814 0.156976 0.633663
5 0.541476 0.339223 0.120659 0.282824
2 0.231648 0.57791 0.174244 0.284466
5 0.218792 0.322037 0.136256 0.232566
0 0.901798 0.507398 0.0389265 0.193111
0 0.95608 0.522261 0.0590305 0.191867
5 0.46573 0.359734 0.0358517 0.162898
0 0.943119 0.494953 0.0290613 0.183463
5 0.196104 0.410827 0.134023 0.175126
0 0.113846 0.482301 0.0431291 0.116781
5 0.740258 0.367563 0.25357 0.529322
5 0.380249 0.31834 0.137622 0.234684
0 0.0785391 0.676814 0.156976 0.633663
5 0.541476 0.339223 0.120659 0.282824
2 0.231648 0.57791 0.174244 0.284466
5 0.218792 0.322037 0.136256 0.232566
0 0.901798 0.507398 0.0389265 0.193111
0 0.95608 0.522261 0.0590305 0.191867
5 0.46573 0.359734 0.0358517 0.162898
0 0.943119 0.494953 0.0290613 0.183463
5 0.196104 0.410827 0.134023 0.175126
0 0.113846 0.482301 0.0431291 0.116781
0 0.0337233 0.937206 0.0665975 0.117067
