5 0.74403 0.360767 0.252285 0.528567
5 0.453304 0.299953 0.0707268 0.208988
5 0.544994 0.331789 0.12181 0.282325
2 0.241065 0.570342 0.16184 0.285535
0 0.0703636 0.674218 0.140591 0.638803
0 0.904423 0.500311 0.0375477 0.191893
0 0.95926 0.518229 0.0589371 0.187405
5 0.468569 0.355056 0.0365015 0.165848
5 0.221906 0.315297 0.137435 0.232632
0 0.94825 0.48613 0.0343035 0.183358
2 0.141047 0.524102 0.0695121 0.172809
5 0.196235 0.404965 0.130253 0.17522
5 0.74403 0.360767 0.252285 0.528567
5 0.453304 0.299953 0.0707268 0.208988
5 0.544994 0.331789 0.12181 0.282325
2 0.241065 0.570342 0.16184 0.285535
0 0.0703636 0.674218 0.140591 0.638803
0 0.904423 0.500311 0.0375477 0.191893
0 0.95926 0.518229 0.0589371 0.187405
5 0.468569 0.355056 0.0365015 0.165848
5 0.221906 0.315297 0.137435 0.232632
0 0.94825 0.48613 0.0343035 0.183358
2 0.141047 0.524102 0.0695121 0.172809
5 0.196235 0.404965 0.130253 0.17522
5 0.74403 0.360767 0.252285 0.528567
5 0.453304 0.299953 0.0707268 0.208988
5 0.544994 0.331789 0.12181 0.282325
2 0.241065 0.570342 0.16184 0.285535
0 0.0703636 0.674218 0.140591 0.638803
0 0.904423 0.500311 0.0375477 0.191893
0 0.95926 0.518229 0.0589371 0.187405
5 0.468569 0.355056 0.0365015 0.165848
5 0.221906 0.315297 0.137435 0.232632
0 0.94825 0.48613 0.0343035 0.183358
2 0.141047 0.524102 0.0695121 0.172809
5 0.196235 0.404965 0.130253 0.17522
