5 0.740539 0.367286 0.254971 0.529628
5 0.39249 0.315269 0.137488 0.227753
0 0.0741649 0.677314 0.14828 0.633928
5 0.541578 0.339002 0.121277 0.282224
2 0.236254 0.578118 0.165357 0.284229
5 0.218739 0.322291 0.137095 0.233476
0 0.901981 0.506904 0.038113 0.193398
0 0.956033 0.521303 0.0593384 0.194092
5 0.46488 0.359811 0.0373114 0.166705
2 0.317452 0.36678 0.019472 0.0677785
0 0.94327 0.494076 0.0290848 0.181031
5 0.740539 0.367286 0.254971 0.529628
5 0.39249 0.315269 0.137488 0.227753
0 0.0741649 0.677314 0.14828 0.633928
5 0.541578 0.339002 0.121277 0.282224
2 0.236254 0.578118 0.165357 0.284229
5 0.218739 0.322291 0.137095 0.233476
0 0.901981 0.506904 0.038113 0.193398
0 0.956033 0.521303 0.0593384 0.194092
5 0.46488 0.359811 0.0373114 0.166705
2 0.317452 0.36678 0.019472 0.0677785
0 0.94327 0.494076 0.0290848 0.181031
5 0.740539 0.367286 0.254971 0.529628
5 0.39249 0.315269 0.137488 0.227753
0 0.0741649 0.677314 0.14828 0.633928
5 0.541578 0.339002 0.121277 0.282224
2 0.236254 0.578118 0.165357 0.284229
5 0.218739 0.322291 0.137095 0.233476
0 0.901981 0.506904 0.038113 0.193398
0 0.956033 0.521303 0.0593384 0.194092
5 0.46488 0.359811 0.0373114 0.166705
2 0.317452 0.36678 0.019472 0.0677785
0 0.94327 0.494076 0.0290848 0.181031
5 0.740539 0.367286 0.254971 0.529628
5 0.39249 0.315269 0.137488 0.227753
0 0.0741649 0.677314 0.14828 0.633928
5 0.541578 0.339002 0.121277 0.282224
2 0.236254 0.578118 0.165357 0.284229
5 0.218739 0.322291 0.137095 0.233476
0 0.901981 0.506904 0.038113 0.193398
0 0.956033 0.521303 0.0593384 0.194092
5 0.46488 0.359811 0.0373114 0.166705
2 0.317452 0.36678 0.019472 0.0677785
0 0.94327 0.494076 0.0290848 0.181031
5 0.740539 0.367286 0.254971 0.529628
5 0.39249 0.315269 0.137488 0.227753
0 0.0741649 0.677314 0.14828 0.633928
5 0.541578 0.339002 0.121277 0.282224
2 0.236254 0.578118 0.165357 0.284229
5 0.218739 0.322291 0.137095 0.233476
0 0.901981 0.506904 0.038113 0.193398
0 0.956033 0.521303 0.0593384 0.194092
5 0.46488 0.359811 0.0373114 0.166705
2 0.317452 0.36678 0.019472 0.0677785
0 0.94327 0.494076 0.0290848 0.181031
0 0.151336 0.662956 0.111162 0.480375
0 0.0338526 0.936953 0.0669821 0.117636
2 0.194131 0.469746 0.13355 0.298432
