5 0.741973 0.352687 0.25083 0.501164
5 0.309257 0.352563 0.287485 0.342422
2 0.911329 0.607605 0.176632 0.339117
2 0.67829 0.676151 0.305463 0.398046
0 0.0846515 0.660446 0.104282 0.571167
5 0.541132 0.332374 0.121831 0.271983
2 0.498338 0.504679 0.0976932 0.143695
2 0.575198 0.556746 0.131965 0.182971
2 0.228256 0.577486 0.158269 0.282854
0 0.315618 0.621872 0.0880607 0.330094
5 0.193922 0.411286 0.135484 0.180063
0 0.0147987 0.650116 0.0294186 0.280552
5 0.465861 0.35802 0.0350242 0.160548
1 0.329614 0.716072 0.0779494 0.198506
0 0.949743 0.421233 0.0208794 0.0357915
5 0.741973 0.352687 0.25083 0.501164
5 0.309257 0.352563 0.287485 0.342422
2 0.911329 0.607605 0.176632 0.339117
2 0.67829 0.676151 0.305463 0.398046
0 0.0846515 0.660446 0.104282 0.571167
5 0.541132 0.332374 0.121831 0.271983
2 0.498338 0.504679 0.0976932 0.143695
2 0.575198 0.556746 0.131965 0.182971
2 0.228256 0.577486 0.158269 0.282854
0 0.315618 0.621872 0.0880607 0.330094
5 0.193922 0.411286 0.135484 0.180063
0 0.0147987 0.650116 0.0294186 0.280552
5 0.465861 0.35802 0.0350242 0.160548
1 0.329614 0.716072 0.0779494 0.198506
0 0.949743 0.421233 0.0208794 0.0357915
5 0.741973 0.352687 0.25083 0.501164
5 0.309257 0.352563 0.287485 0.342422
2 0.911329 0.607605 0.176632 0.339117
2 0.67829 0.676151 0.305463 0.398046
0 0.0846515 0.660446 0.104282 0.571167
5 0.541132 0.332374 0.121831 0.271983
2 0.498338 0.504679 0.0976932 0.143695
2 0.575198 0.556746 0.131965 0.182971
2 0.228256 0.577486 0.158269 0.282854
0 0.315618 0.621872 0.0880607 0.330094
5 0.193922 0.411286 0.135484 0.180063
0 0.0147987 0.650116 0.0294186 0.280552
5 0.465861 0.35802 0.0350242 0.160548
1 0.329614 0.716072 0.0779494 0.198506
0 0.949743 0.421233 0.0208794 0.0357915
5 0.741973 0.352687 0.25083 0.501164
5 0.309257 0.352563 0.287485 0.342422
2 0.911329 0.607605 0.176632 0.339117
2 0.67829 0.676151 0.305463 0.398046
0 0.0846515 0.660446 0.104282 0.571167
5 0.541132 0.332374 0.121831 0.271983
2 0.498338 0.504679 0.0976932 0.143695
2 0.575198 0.556746 0.131965 0.182971
2 0.228256 0.577486 0.158269 0.282854
0 0.315618 0.621872 0.0880607 0.330094
5 0.193922 0.411286 0.135484 0.180063
0 0.0147987 0.650116 0.0294186 0.280552
5 0.465861 0.35802 0.0350242 0.160548
1 0.329614 0.716072 0.0779494 0.198506
0 0.949743 0.421233 0.0208794 0.0357915
5 0.741973 0.352687 0.25083 0.501164
5 0.309257 0.352563 0.287485 0.342422
2 0.911329 0.607605 0.176632 0.339117
2 0.67829 0.676151 0.305463 0.398046
0 0.0846515 0.660446 0.104282 0.571167
5 0.541132 0.332374 0.121831 0.271983
2 0.498338 0.504679 0.0976932 0.143695
2 0.575198 0.556746 0.131965 0.182971
2 0.228256 0.577486 0.158269 0.282854
0 0.315618 0.621872 0.0880607 0.330094
5 0.193922 0.411286 0.135484 0.180063
0 0.0147987 0.650116 0.0294186 0.280552
5 0.465861 0.35802 0.0350242 0.160548
1 0.329614 0.716072 0.0779494 0.198506
0 0.949743 0.421233 0.0208794 0.0357915
2 0.136916 0.533013 0.0685116 0.166042
0 0.613924 0.566426 0.0346899 0.0640035
0 0.980915 0.426635 0.0141365 0.0279355
