2 0.35363 0.632405 0.165018 0.109905
2 0.520894 0.643326 0.0792574 0.0690739
2 0.641737 0.65562 0.099915 0.0791239
2 0.0860906 0.658586 0.171205 0.220475
2 0.567054 0.631793 0.0496134 0.0699568
0 0.216303 0.622601 0.0170275 0.0937314
2 0.480126 0.639308 0.044111 0.0581749
2 0.820868 0.632765 0.0385469 0.0465246
2 0.881365 0.63692 0.0321575 0.0427572
2 0.853084 0.621705 0.0276995 0.0390674
2 0.692392 0.619265 0.0509972 0.0594772
2 0.741043 0.633131 0.0580683 0.0770642
2 0.35363 0.632405 0.165018 0.109905
2 0.520894 0.643326 0.0792574 0.0690739
2 0.641737 0.65562 0.099915 0.0791239
2 0.0860906 0.658586 0.171205 0.220475
2 0.567054 0.631793 0.0496134 0.0699568
0 0.216303 0.622601 0.0170275 0.0937314
2 0.480126 0.639308 0.044111 0.0581749
2 0.820868 0.632765 0.0385469 0.0465246
2 0.881365 0.63692 0.0321575 0.0427572
2 0.853084 0.621705 0.0276995 0.0390674
2 0.692392 0.619265 0.0509972 0.0594772
2 0.741043 0.633131 0.0580683 0.0770642
2 0.35363 0.632405 0.165018 0.109905
2 0.520894 0.643326 0.0792574 0.0690739
2 0.641737 0.65562 0.099915 0.0791239
2 0.0860906 0.658586 0.171205 0.220475
2 0.567054 0.631793 0.0496134 0.0699568
0 0.216303 0.622601 0.0170275 0.0937314
2 0.480126 0.639308 0.044111 0.0581749
2 0.820868 0.632765 0.0385469 0.0465246
2 0.881365 0.63692 0.0321575 0.0427572
2 0.853084 0.621705 0.0276995 0.0390674
2 0.692392 0.619265 0.0509972 0.0594772
2 0.741043 0.633131 0.0580683 0.0770642
2 0.35363 0.632405 0.165018 0.109905
2 0.520894 0.643326 0.0792574 0.0690739
2 0.641737 0.65562 0.099915 0.0791239
2 0.0860906 0.658586 0.171205 0.220475
2 0.567054 0.631793 0.0496134 0.0699568
0 0.216303 0.622601 0.0170275 0.0937314
2 0.480126 0.639308 0.044111 0.0581749
2 0.820868 0.632765 0.0385469 0.0465246
2 0.881365 0.63692 0.0321575 0.0427572
2 0.853084 0.621705 0.0276995 0.0390674
2 0.692392 0.619265 0.0509972 0.0594772
2 0.741043 0.633131 0.0580683 0.0770642
2 0.35363 0.632405 0.165018 0.109905
2 0.520894 0.643326 0.0792574 0.0690739
2 0.641737 0.65562 0.099915 0.0791239
2 0.0860906 0.658586 0.171205 0.220475
2 0.567054 0.631793 0.0496134 0.0699568
0 0.216303 0.622601 0.0170275 0.0937314
2 0.480126 0.639308 0.044111 0.0581749
2 0.820868 0.632765 0.0385469 0.0465246
2 0.881365 0.63692 0.0321575 0.0427572
2 0.853084 0.621705 0.0276995 0.0390674
2 0.692392 0.619265 0.0509972 0.0594772
2 0.741043 0.633131 0.0580683 0.0770642
2 0.796616 0.617169 0.0251217 0.031515
7 0.741335 0.633078 0.0581099 0.0786077
2 0.616791 0.610231 0.0496952 0.0459098
2 0.778689 0.61586 0.0173605 0.0295127
