2 0.366239 0.636587 0.119018 0.108921
1 0.862954 0.692222 0.057478 0.0621127
2 0.681832 0.62623 0.044213 0.0518445
0 0.858528 0.670557 0.0250664 0.0976297
2 0.72712 0.619465 0.0334039 0.0345996
2 0.815652 0.616246 0.0225183 0.02825
2 0.366239 0.636587 0.119018 0.108921
1 0.862954 0.692222 0.057478 0.0621127
2 0.681832 0.62623 0.044213 0.0518445
0 0.858528 0.670557 0.0250664 0.0976297
2 0.72712 0.619465 0.0334039 0.0345996
2 0.815652 0.616246 0.0225183 0.02825
2 0.366239 0.636587 0.119018 0.108921
1 0.862954 0.692222 0.057478 0.0621127
2 0.681832 0.62623 0.044213 0.0518445
0 0.858528 0.670557 0.0250664 0.0976297
2 0.72712 0.619465 0.0334039 0.0345996
2 0.815652 0.616246 0.0225183 0.02825
2 0.366239 0.636587 0.119018 0.108921
1 0.862954 0.692222 0.057478 0.0621127
2 0.681832 0.62623 0.044213 0.0518445
0 0.858528 0.670557 0.0250664 0.0976297
2 0.72712 0.619465 0.0334039 0.0345996
2 0.815652 0.616246 0.0225183 0.02825
2 0.366239 0.636587 0.119018 0.108921
1 0.862954 0.692222 0.057478 0.0621127
2 0.681832 0.62623 0.044213 0.0518445
0 0.858528 0.670557 0.0250664 0.0976297
2 0.72712 0.619465 0.0334039 0.0345996
2 0.815652 0.616246 0.0225183 0.02825
0 0.540291 0.60602 0.010597 0.0505779
2 0.763269 0.617471 0.0251599 0.0314831
2 0.845271 0.611313 0.0183189 0.0222484
2 0.757245 0.618438 0.0225735 0.0296073
2 0.779784 0.615563 0.0229351 0.0303506
2 0.783859 0.614955 0.0201546 0.0288016
2 0.884441 0.634642 0.0225355 0.0397054
2 0.748887 0.618938 0.0188033 0.0295559
