0 0.773668 0.707386 0.0651918 0.190436
0 0.824426 0.722326 0.0510592 0.221106
2 0.589725 0.637269 0.0651799 0.058899
2 0.710856 0.625857 0.0362505 0.0420109
1 0.866422 0.691225 0.0465534 0.0623494
0 0.858173 0.671397 0.0259388 0.0969402
2 0.833067 0.61253 0.0212172 0.029094
2 0.731076 0.618705 0.0258372 0.0332589
2 0.768769 0.615397 0.0366867 0.0460181
2 0.88099 0.637724 0.0305042 0.0394658
0 0.331103 0.630465 0.0225082 0.0498947
0 0.773668 0.707386 0.0651918 0.190436
0 0.824426 0.722326 0.0510592 0.221106
2 0.589725 0.637269 0.0651799 0.058899
2 0.710856 0.625857 0.0362505 0.0420109
1 0.866422 0.691225 0.0465534 0.0623494
0 0.858173 0.671397 0.0259388 0.0969402
2 0.833067 0.61253 0.0212172 0.029094
2 0.731076 0.618705 0.0258372 0.0332589
2 0.768769 0.615397 0.0366867 0.0460181
2 0.88099 0.637724 0.0305042 0.0394658
0 0.331103 0.630465 0.0225082 0.0498947
0 0.773668 0.707386 0.0651918 0.190436
0 0.824426 0.722326 0.0510592 0.221106
2 0.589725 0.637269 0.0651799 0.058899
2 0.710856 0.625857 0.0362505 0.0420109
1 0.866422 0.691225 0.0465534 0.0623494
0 0.858173 0.671397 0.0259388 0.0969402
2 0.833067 0.61253 0.0212172 0.029094
2 0.731076 0.618705 0.0258372 0.0332589
2 0.768769 0.615397 0.0366867 0.0460181
2 0.88099 0.637724 0.0305042 0.0394658
0 0.331103 0.630465 0.0225082 0.0498947
