2 0.0863647 0.658738 0.172064 0.220185
2 0.628218 0.653186 0.0913006 0.0773907
2 0.521379 0.64331 0.0785723 0.0690369
2 0.732777 0.644418 0.0568228 0.0665881
0 0.574157 0.684948 0.0371204 0.194841
2 0.790366 0.637112 0.0416887 0.0511983
7 0.279386 0.628275 0.169959 0.11512
2 0.8813 0.637388 0.0318975 0.0413896
0 0.109038 0.582504 0.0232384 0.0607613
2 0.83695 0.630854 0.0300339 0.0378186
3 0.41435 0.640711 0.0355365 0.0726524
2 0.660639 0.62905 0.0382485 0.0485586
2 0.690046 0.620005 0.0421144 0.060677
2 0.617722 0.602021 0.0478624 0.0296134
2 0.0863647 0.658738 0.172064 0.220185
2 0.628218 0.653186 0.0913006 0.0773907
2 0.521379 0.64331 0.0785723 0.0690369
2 0.732777 0.644418 0.0568228 0.0665881
0 0.574157 0.684948 0.0371204 0.194841
2 0.790366 0.637112 0.0416887 0.0511983
7 0.279386 0.628275 0.169959 0.11512
2 0.8813 0.637388 0.0318975 0.0413896
0 0.109038 0.582504 0.0232384 0.0607613
2 0.83695 0.630854 0.0300339 0.0378186
3 0.41435 0.640711 0.0355365 0.0726524
2 0.660639 0.62905 0.0382485 0.0485586
2 0.690046 0.620005 0.0421144 0.060677
2 0.617722 0.602021 0.0478624 0.0296134
2 0.0863647 0.658738 0.172064 0.220185
2 0.628218 0.653186 0.0913006 0.0773907
2 0.521379 0.64331 0.0785723 0.0690369
2 0.732777 0.644418 0.0568228 0.0665881
0 0.574157 0.684948 0.0371204 0.194841
2 0.790366 0.637112 0.0416887 0.0511983
7 0.279386 0.628275 0.169959 0.11512
2 0.8813 0.637388 0.0318975 0.0413896
0 0.109038 0.582504 0.0232384 0.0607613
2 0.83695 0.630854 0.0300339 0.0378186
3 0.41435 0.640711 0.0355365 0.0726524
2 0.660639 0.62905 0.0382485 0.0485586
2 0.690046 0.620005 0.0421144 0.060677
2 0.617722 0.602021 0.0478624 0.0296134
