2 0.151429 0.629795 0.148248 0.102999
2 0.0253268 0.632609 0.0492915 0.0790346
0 0.753214 0.718345 0.0731689 0.22554
1 0.325711 0.678594 0.0727222 0.0905875
0 0.107985 0.639527 0.0428168 0.165262
1 0.504912 0.706535 0.0892452 0.102427
0 0.231843 0.649802 0.0340184 0.190708
2 0.662522 0.62975 0.0355223 0.0515652
0 0.329111 0.639346 0.0501844 0.145565
2 0.566789 0.635607 0.0455998 0.0611882
1 0.964937 0.729621 0.0693176 0.0941579
2 0.715217 0.661943 0.0555362 0.0808684
2 0.881338 0.637188 0.0319489 0.041508
2 0.694778 0.618784 0.0453476 0.0596294
0 0.972031 0.698676 0.0365246 0.129301
0 0.509005 0.666207 0.0430382 0.133628
2 0.794862 0.61737 0.0274739 0.0327271
2 0.538198 0.642467 0.044117 0.0681098
2 0.856704 0.607805 0.0203911 0.0285094
2 0.620286 0.624085 0.065837 0.0736945
2 0.765913 0.616213 0.0312263 0.0308875
2 0.834165 0.612107 0.0229126 0.0280822
2 0.151429 0.629795 0.148248 0.102999
2 0.0253268 0.632609 0.0492915 0.0790346
0 0.753214 0.718345 0.0731689 0.22554
1 0.325711 0.678594 0.0727222 0.0905875
0 0.107985 0.639527 0.0428168 0.165262
1 0.504912 0.706535 0.0892452 0.102427
0 0.231843 0.649802 0.0340184 0.190708
2 0.662522 0.62975 0.0355223 0.0515652
0 0.329111 0.639346 0.0501844 0.145565
2 0.566789 0.635607 0.0455998 0.0611882
1 0.964937 0.729621 0.0693176 0.0941579
2 0.715217 0.661943 0.0555362 0.0808684
2 0.881338 0.637188 0.0319489 0.041508
2 0.694778 0.618784 0.0453476 0.0596294
0 0.972031 0.698676 0.0365246 0.129301
0 0.509005 0.666207 0.0430382 0.133628
2 0.794862 0.61737 0.0274739 0.0327271
2 0.538198 0.642467 0.044117 0.0681098
2 0.856704 0.607805 0.0203911 0.0285094
2 0.620286 0.624085 0.065837 0.0736945
2 0.765913 0.616213 0.0312263 0.0308875
2 0.834165 0.612107 0.0229126 0.0280822
2 0.151429 0.629795 0.148248 0.102999
2 0.0253268 0.632609 0.0492915 0.0790346
0 0.753214 0.718345 0.0731689 0.22554
1 0.325711 0.678594 0.0727222 0.0905875
0 0.107985 0.639527 0.0428168 0.165262
1 0.504912 0.706535 0.0892452 0.102427
0 0.231843 0.649802 0.0340184 0.190708
2 0.662522 0.62975 0.0355223 0.0515652
0 0.329111 0.639346 0.0501844 0.145565
2 0.566789 0.635607 0.0455998 0.0611882
1 0.964937 0.729621 0.0693176 0.0941579
2 0.715217 0.661943 0.0555362 0.0808684
2 0.881338 0.637188 0.0319489 0.041508
2 0.694778 0.618784 0.0453476 0.0596294
0 0.972031 0.698676 0.0365246 0.129301
0 0.509005 0.666207 0.0430382 0.133628
2 0.794862 0.61737 0.0274739 0.0327271
2 0.538198 0.642467 0.044117 0.0681098
2 0.856704 0.607805 0.0203911 0.0285094
2 0.620286 0.624085 0.065837 0.0736945
2 0.765913 0.616213 0.0312263 0.0308875
2 0.834165 0.612107 0.0229126 0.0280822
2 0.151429 0.629795 0.148248 0.102999
2 0.0253268 0.632609 0.0492915 0.0790346
0 0.753214 0.718345 0.0731689 0.22554
1 0.325711 0.678594 0.0727222 0.0905875
0 0.107985 0.639527 0.0428168 0.165262
1 0.504912 0.706535 0.0892452 0.102427
0 0.231843 0.649802 0.0340184 0.190708
2 0.662522 0.62975 0.0355223 0.0515652
0 0.329111 0.639346 0.0501844 0.145565
2 0.566789 0.635607 0.0455998 0.0611882
1 0.964937 0.729621 0.0693176 0.0941579
2 0.715217 0.661943 0.0555362 0.0808684
2 0.881338 0.637188 0.0319489 0.041508
2 0.694778 0.618784 0.0453476 0.0596294
0 0.972031 0.698676 0.0365246 0.129301
0 0.509005 0.666207 0.0430382 0.133628
2 0.794862 0.61737 0.0274739 0.0327271
2 0.538198 0.642467 0.044117 0.0681098
2 0.856704 0.607805 0.0203911 0.0285094
2 0.620286 0.624085 0.065837 0.0736945
2 0.765913 0.616213 0.0312263 0.0308875
2 0.834165 0.612107 0.0229126 0.0280822
2 0.151429 0.629795 0.148248 0.102999
2 0.0253268 0.632609 0.0492915 0.0790346
0 0.753214 0.718345 0.0731689 0.22554
1 0.325711 0.678594 0.0727222 0.0905875
0 0.107985 0.639527 0.0428168 0.165262
1 0.504912 0.706535 0.0892452 0.102427
0 0.231843 0.649802 0.0340184 0.190708
2 0.662522 0.62975 0.0355223 0.0515652
0 0.329111 0.639346 0.0501844 0.145565
2 0.566789 0.635607 0.0455998 0.0611882
1 0.964937 0.729621 0.0693176 0.0941579
2 0.715217 0.661943 0.0555362 0.0808684
2 0.881338 0.637188 0.0319489 0.041508
2 0.694778 0.618784 0.0453476 0.0596294
0 0.972031 0.698676 0.0365246 0.129301
0 0.509005 0.666207 0.0430382 0.133628
2 0.794862 0.61737 0.0274739 0.0327271
2 0.538198 0.642467 0.044117 0.0681098
2 0.856704 0.607805 0.0203911 0.0285094
2 0.620286 0.624085 0.065837 0.0736945
2 0.765913 0.616213 0.0312263 0.0308875
2 0.834165 0.612107 0.0229126 0.0280822
2 0.299608 0.638422 0.113449 0.0853709
2 0.837814 0.611818 0.0161732 0.0272193
2 0.811175 0.613258 0.0197474 0.0291389
