2 0.578894 0.63861 0.0702145 0.0783103
2 0.519248 0.641506 0.0642975 0.0660109
2 0.731368 0.623649 0.0380194 0.0425307
1 0.863022 0.69148 0.0574608 0.0643565
0 0.858749 0.670324 0.0242676 0.0952354
2 0.707246 0.621251 0.0206966 0.0332613
2 0.759897 0.617341 0.0221462 0.0309816
0 0.3312 0.629866 0.0216718 0.0472266
2 0.832643 0.612332 0.0226295 0.0298227
0 0.891658 0.654403 0.0124939 0.0698049
2 0.765059 0.616757 0.0304377 0.0312186
2 0.578894 0.63861 0.0702145 0.0783103
2 0.519248 0.641506 0.0642975 0.0660109
2 0.731368 0.623649 0.0380194 0.0425307
1 0.863022 0.69148 0.0574608 0.0643565
0 0.858749 0.670324 0.0242676 0.0952354
2 0.707246 0.621251 0.0206966 0.0332613
2 0.759897 0.617341 0.0221462 0.0309816
0 0.3312 0.629866 0.0216718 0.0472266
2 0.832643 0.612332 0.0226295 0.0298227
0 0.891658 0.654403 0.0124939 0.0698049
2 0.765059 0.616757 0.0304377 0.0312186
2 0.578894 0.63861 0.0702145 0.0783103
2 0.519248 0.641506 0.0642975 0.0660109
2 0.731368 0.623649 0.0380194 0.0425307
1 0.863022 0.69148 0.0574608 0.0643565
0 0.858749 0.670324 0.0242676 0.0952354
2 0.707246 0.621251 0.0206966 0.0332613
2 0.759897 0.617341 0.0221462 0.0309816
0 0.3312 0.629866 0.0216718 0.0472266
2 0.832643 0.612332 0.0226295 0.0298227
0 0.891658 0.654403 0.0124939 0.0698049
2 0.765059 0.616757 0.0304377 0.0312186
2 0.578894 0.63861 0.0702145 0.0783103
2 0.519248 0.641506 0.0642975 0.0660109
2 0.731368 0.623649 0.0380194 0.0425307
1 0.863022 0.69148 0.0574608 0.0643565
0 0.858749 0.670324 0.0242676 0.0952354
2 0.707246 0.621251 0.0206966 0.0332613
2 0.759897 0.617341 0.0221462 0.0309816
0 0.3312 0.629866 0.0216718 0.0472266
2 0.832643 0.612332 0.0226295 0.0298227
0 0.891658 0.654403 0.0124939 0.0698049
2 0.765059 0.616757 0.0304377 0.0312186
2 0.578894 0.63861 0.0702145 0.0783103
2 0.519248 0.641506 0.0642975 0.0660109
2 0.731368 0.623649 0.0380194 0.0425307
1 0.863022 0.69148 0.0574608 0.0643565
0 0.858749 0.670324 0.0242676 0.0952354
2 0.707246 0.621251 0.0206966 0.0332613
2 0.759897 0.617341 0.0221462 0.0309816
0 0.3312 0.629866 0.0216718 0.0472266
2 0.832643 0.612332 0.0226295 0.0298227
0 0.891658 0.654403 0.0124939 0.0698049
2 0.765059 0.616757 0.0304377 0.0312186
2 0.856895 0.607297 0.0167503 0.0197962
2 0.78169 0.615687 0.0243112 0.0306268
2 0.785374 0.615487 0.0183405 0.0294612
0 0.667572 0.618106 0.0106958 0.0383374
0 0.347155 0.62404 0.0114528 0.0746424
