2 0.805654 0.631749 0.0365551 0.0522606
0 0.849883 0.667464 0.0204895 0.104154
0 0.877767 0.673362 0.0211397 0.105631
2 0.720418 0.619987 0.0453209 0.0369754
2 0.767094 0.616714 0.0243311 0.0328677
0 0.331046 0.629279 0.0222524 0.0488144
2 0.853308 0.614832 0.0259518 0.0300846
2 0.805654 0.631749 0.0365551 0.0522606
0 0.849883 0.667464 0.0204895 0.104154
0 0.877767 0.673362 0.0211397 0.105631
2 0.720418 0.619987 0.0453209 0.0369754
2 0.767094 0.616714 0.0243311 0.0328677
0 0.331046 0.629279 0.0222524 0.0488144
2 0.853308 0.614832 0.0259518 0.0300846
2 0.805654 0.631749 0.0365551 0.0522606
0 0.849883 0.667464 0.0204895 0.104154
0 0.877767 0.673362 0.0211397 0.105631
2 0.720418 0.619987 0.0453209 0.0369754
2 0.767094 0.616714 0.0243311 0.0328677
0 0.331046 0.629279 0.0222524 0.0488144
2 0.853308 0.614832 0.0259518 0.0300846
2 0.805654 0.631749 0.0365551 0.0522606
0 0.849883 0.667464 0.0204895 0.104154
0 0.877767 0.673362 0.0211397 0.105631
2 0.720418 0.619987 0.0453209 0.0369754
2 0.767094 0.616714 0.0243311 0.0328677
0 0.331046 0.629279 0.0222524 0.0488144
2 0.853308 0.614832 0.0259518 0.0300846
2 0.805654 0.631749 0.0365551 0.0522606
0 0.849883 0.667464 0.0204895 0.104154
0 0.877767 0.673362 0.0211397 0.105631
2 0.720418 0.619987 0.0453209 0.0369754
2 0.767094 0.616714 0.0243311 0.0328677
0 0.331046 0.629279 0.0222524 0.0488144
2 0.853308 0.614832 0.0259518 0.0300846
2 0.747874 0.619271 0.0169462 0.0277128
2 0.783582 0.615038 0.0167596 0.0295468
2 0.885841 0.636943 0.0226345 0.0446159
