2 0.0740176 0.662611 0.147557 0.236375
2 0.507219 0.635058 0.0846432 0.0848372
1 0.243789 0.648442 0.0547802 0.0578295
2 0.698959 0.628799 0.0394698 0.0411426
2 0.653798 0.630456 0.0476165 0.0500958
2 0.579235 0.626996 0.0724693 0.0771266
0 0.246773 0.621226 0.0295656 0.0914034
2 0.881319 0.635876 0.0318436 0.0432164
2 0.746824 0.621492 0.0341318 0.0402774
2 0.41967 0.642822 0.080908 0.0678741
0 0.330104 0.628712 0.0221478 0.0468172
2 0.788379 0.616082 0.0261757 0.037569
2 0.619449 0.623403 0.0307138 0.0682339
2 0.770632 0.618151 0.0184528 0.0328317
2 0.85869 0.608493 0.0192999 0.0237228
2 0.0740176 0.662611 0.147557 0.236375
2 0.507219 0.635058 0.0846432 0.0848372
1 0.243789 0.648442 0.0547802 0.0578295
2 0.698959 0.628799 0.0394698 0.0411426
2 0.653798 0.630456 0.0476165 0.0500958
2 0.579235 0.626996 0.0724693 0.0771266
0 0.246773 0.621226 0.0295656 0.0914034
2 0.881319 0.635876 0.0318436 0.0432164
2 0.746824 0.621492 0.0341318 0.0402774
2 0.41967 0.642822 0.080908 0.0678741
0 0.330104 0.628712 0.0221478 0.0468172
2 0.788379 0.616082 0.0261757 0.037569
2 0.619449 0.623403 0.0307138 0.0682339
2 0.770632 0.618151 0.0184528 0.0328317
2 0.85869 0.608493 0.0192999 0.0237228
2 0.0740176 0.662611 0.147557 0.236375
2 0.507219 0.635058 0.0846432 0.0848372
1 0.243789 0.648442 0.0547802 0.0578295
2 0.698959 0.628799 0.0394698 0.0411426
2 0.653798 0.630456 0.0476165 0.0500958
2 0.579235 0.626996 0.0724693 0.0771266
0 0.246773 0.621226 0.0295656 0.0914034
2 0.881319 0.635876 0.0318436 0.0432164
2 0.746824 0.621492 0.0341318 0.0402774
2 0.41967 0.642822 0.080908 0.0678741
0 0.330104 0.628712 0.0221478 0.0468172
2 0.788379 0.616082 0.0261757 0.037569
2 0.619449 0.623403 0.0307138 0.0682339
2 0.770632 0.618151 0.0184528 0.0328317
2 0.85869 0.608493 0.0192999 0.0237228
