2 0.0739971 0.662437 0.147222 0.236024
2 0.507493 0.635113 0.0851236 0.084995
2 0.653485 0.63124 0.0459972 0.0498886
2 0.419095 0.643177 0.079807 0.0673447
2 0.580206 0.627047 0.073362 0.0768733
2 0.758671 0.623793 0.0326593 0.0327606
2 0.881299 0.636864 0.0320129 0.0428538
2 0.821564 0.614439 0.0227036 0.0318236
2 0.713277 0.621697 0.0326212 0.0343879
0 0.330293 0.629137 0.0228484 0.0462184
2 0.795257 0.617628 0.0309439 0.0334529
2 0.863508 0.617253 0.0125986 0.0293332
2 0.731948 0.620333 0.02559 0.0347522
2 0.0739971 0.662437 0.147222 0.236024
2 0.507493 0.635113 0.0851236 0.084995
2 0.653485 0.63124 0.0459972 0.0498886
2 0.419095 0.643177 0.079807 0.0673447
2 0.580206 0.627047 0.073362 0.0768733
2 0.758671 0.623793 0.0326593 0.0327606
2 0.881299 0.636864 0.0320129 0.0428538
2 0.821564 0.614439 0.0227036 0.0318236
2 0.713277 0.621697 0.0326212 0.0343879
0 0.330293 0.629137 0.0228484 0.0462184
2 0.795257 0.617628 0.0309439 0.0334529
2 0.863508 0.617253 0.0125986 0.0293332
2 0.731948 0.620333 0.02559 0.0347522
2 0.0739971 0.662437 0.147222 0.236024
2 0.507493 0.635113 0.0851236 0.084995
2 0.653485 0.63124 0.0459972 0.0498886
2 0.419095 0.643177 0.079807 0.0673447
2 0.580206 0.627047 0.073362 0.0768733
2 0.758671 0.623793 0.0326593 0.0327606
2 0.881299 0.636864 0.0320129 0.0428538
2 0.821564 0.614439 0.0227036 0.0318236
2 0.713277 0.621697 0.0326212 0.0343879
0 0.330293 0.629137 0.0228484 0.0462184
2 0.795257 0.617628 0.0309439 0.0334529
2 0.863508 0.617253 0.0125986 0.0293332
2 0.731948 0.620333 0.02559 0.0347522
2 0.0739971 0.662437 0.147222 0.236024
2 0.507493 0.635113 0.0851236 0.084995
2 0.653485 0.63124 0.0459972 0.0498886
2 0.419095 0.643177 0.079807 0.0673447
2 0.580206 0.627047 0.073362 0.0768733
2 0.758671 0.623793 0.0326593 0.0327606
2 0.881299 0.636864 0.0320129 0.0428538
2 0.821564 0.614439 0.0227036 0.0318236
2 0.713277 0.621697 0.0326212 0.0343879
0 0.330293 0.629137 0.0228484 0.0462184
2 0.795257 0.617628 0.0309439 0.0334529
2 0.863508 0.617253 0.0125986 0.0293332
2 0.731948 0.620333 0.02559 0.0347522
2 0.0739971 0.662437 0.147222 0.236024
2 0.507493 0.635113 0.0851236 0.084995
2 0.653485 0.63124 0.0459972 0.0498886
2 0.419095 0.643177 0.079807 0.0673447
2 0.580206 0.627047 0.073362 0.0768733
2 0.758671 0.623793 0.0326593 0.0327606
2 0.881299 0.636864 0.0320129 0.0428538
2 0.821564 0.614439 0.0227036 0.0318236
2 0.713277 0.621697 0.0326212 0.0343879
0 0.330293 0.629137 0.0228484 0.0462184
2 0.795257 0.617628 0.0309439 0.0334529
2 0.863508 0.617253 0.0125986 0.0293332
2 0.731948 0.620333 0.02559 0.0347522
