0 0.870506 0.673083 0.0248665 0.11154
2 0.720045 0.620464 0.0456307 0.03657
2 0.858452 0.619584 0.0224564 0.0387038
0 0.889615 0.663291 0.0154205 0.0872926
2 0.765636 0.616692 0.0225914 0.0306973
0 0.331146 0.629868 0.0222543 0.0499114
0 0.870506 0.673083 0.0248665 0.11154
2 0.720045 0.620464 0.0456307 0.03657
2 0.858452 0.619584 0.0224564 0.0387038
0 0.889615 0.663291 0.0154205 0.0872926
2 0.765636 0.616692 0.0225914 0.0306973
0 0.331146 0.629868 0.0222543 0.0499114
0 0.870506 0.673083 0.0248665 0.11154
2 0.720045 0.620464 0.0456307 0.03657
2 0.858452 0.619584 0.0224564 0.0387038
0 0.889615 0.663291 0.0154205 0.0872926
2 0.765636 0.616692 0.0225914 0.0306973
0 0.331146 0.629868 0.0222543 0.0499114
0 0.870506 0.673083 0.0248665 0.11154
2 0.720045 0.620464 0.0456307 0.03657
2 0.858452 0.619584 0.0224564 0.0387038
0 0.889615 0.663291 0.0154205 0.0872926
2 0.765636 0.616692 0.0225914 0.0306973
0 0.331146 0.629868 0.0222543 0.0499114
0 0.870506 0.673083 0.0248665 0.11154
2 0.720045 0.620464 0.0456307 0.03657
2 0.858452 0.619584 0.0224564 0.0387038
0 0.889615 0.663291 0.0154205 0.0872926
2 0.765636 0.616692 0.0225914 0.0306973
0 0.331146 0.629868 0.0222543 0.0499114
2 0.748472 0.619388 0.0174812 0.0276654
2 0.782416 0.615297 0.0227526 0.0305403
2 0.845655 0.614905 0.0124649 0.0268865
0 0.479286 0.619079 0.0157896 0.0679815
2 0.802938 0.61415 0.0183544 0.0257046
