2 0.276095 0.656883 0.1939 0.175206
2 0.650558 0.631296 0.047591 0.0483613
2 0.399145 0.642462 0.0693767 0.0685762
2 0.466838 0.635472 0.088828 0.0928468
2 0.695358 0.627802 0.0382992 0.0425374
2 0.555999 0.629016 0.084745 0.0812573
2 0.742992 0.623512 0.0312829 0.03978
2 0.776763 0.615656 0.0331922 0.0328537
2 0.881343 0.636173 0.0319309 0.0439355
2 0.718637 0.623659 0.029265 0.0457104
2 0.816138 0.616039 0.0230324 0.0283914
2 0.276095 0.656883 0.1939 0.175206
2 0.650558 0.631296 0.047591 0.0483613
2 0.399145 0.642462 0.0693767 0.0685762
2 0.466838 0.635472 0.088828 0.0928468
2 0.695358 0.627802 0.0382992 0.0425374
2 0.555999 0.629016 0.084745 0.0812573
2 0.742992 0.623512 0.0312829 0.03978
2 0.776763 0.615656 0.0331922 0.0328537
2 0.881343 0.636173 0.0319309 0.0439355
2 0.718637 0.623659 0.029265 0.0457104
2 0.816138 0.616039 0.0230324 0.0283914
2 0.276095 0.656883 0.1939 0.175206
2 0.650558 0.631296 0.047591 0.0483613
2 0.399145 0.642462 0.0693767 0.0685762
2 0.466838 0.635472 0.088828 0.0928468
2 0.695358 0.627802 0.0382992 0.0425374
2 0.555999 0.629016 0.084745 0.0812573
2 0.742992 0.623512 0.0312829 0.03978
2 0.776763 0.615656 0.0331922 0.0328537
2 0.881343 0.636173 0.0319309 0.0439355
2 0.718637 0.623659 0.029265 0.0457104
2 0.816138 0.616039 0.0230324 0.0283914
2 0.276095 0.656883 0.1939 0.175206
2 0.650558 0.631296 0.047591 0.0483613
2 0.399145 0.642462 0.0693767 0.0685762
2 0.466838 0.635472 0.088828 0.0928468
2 0.695358 0.627802 0.0382992 0.0425374
2 0.555999 0.629016 0.084745 0.0812573
2 0.742992 0.623512 0.0312829 0.03978
2 0.776763 0.615656 0.0331922 0.0328537
2 0.881343 0.636173 0.0319309 0.0439355
2 0.718637 0.623659 0.029265 0.0457104
2 0.816138 0.616039 0.0230324 0.0283914
2 0.276095 0.656883 0.1939 0.175206
2 0.650558 0.631296 0.047591 0.0483613
2 0.399145 0.642462 0.0693767 0.0685762
2 0.466838 0.635472 0.088828 0.0928468
2 0.695358 0.627802 0.0382992 0.0425374
2 0.555999 0.629016 0.084745 0.0812573
2 0.742992 0.623512 0.0312829 0.03978
2 0.776763 0.615656 0.0331922 0.0328537
2 0.881343 0.636173 0.0319309 0.0439355
2 0.718637 0.623659 0.029265 0.0457104
2 0.816138 0.616039 0.0230324 0.0283914
2 0.600699 0.629242 0.0294652 0.0648156
2 0.366585 0.618841 0.039213 0.0334
