2 0.07082 0.661412 0.140568 0.223455
2 0.653638 0.650162 0.0818467 0.0898835
2 0.42803 0.644347 0.157837 0.0882863
2 0.527318 0.643074 0.0652451 0.0685793
2 0.740483 0.644458 0.0527813 0.0631284
0 0.247478 0.650563 0.0379736 0.189078
2 0.799038 0.636604 0.0359617 0.0462936
2 0.567476 0.635439 0.0457571 0.0620961
2 0.881324 0.637495 0.0318565 0.0405617
2 0.614221 0.623168 0.0532237 0.073783
2 0.693687 0.619521 0.0473091 0.0606633
2 0.84209 0.610235 0.0205135 0.0299415
2 0.815099 0.613371 0.0269156 0.0364348
2 0.07082 0.661412 0.140568 0.223455
2 0.653638 0.650162 0.0818467 0.0898835
2 0.42803 0.644347 0.157837 0.0882863
2 0.527318 0.643074 0.0652451 0.0685793
2 0.740483 0.644458 0.0527813 0.0631284
0 0.247478 0.650563 0.0379736 0.189078
2 0.799038 0.636604 0.0359617 0.0462936
2 0.567476 0.635439 0.0457571 0.0620961
2 0.881324 0.637495 0.0318565 0.0405617
2 0.614221 0.623168 0.0532237 0.073783
2 0.693687 0.619521 0.0473091 0.0606633
2 0.84209 0.610235 0.0205135 0.0299415
2 0.815099 0.613371 0.0269156 0.0364348
2 0.07082 0.661412 0.140568 0.223455
2 0.653638 0.650162 0.0818467 0.0898835
2 0.42803 0.644347 0.157837 0.0882863
2 0.527318 0.643074 0.0652451 0.0685793
2 0.740483 0.644458 0.0527813 0.0631284
0 0.247478 0.650563 0.0379736 0.189078
2 0.799038 0.636604 0.0359617 0.0462936
2 0.567476 0.635439 0.0457571 0.0620961
2 0.881324 0.637495 0.0318565 0.0405617
2 0.614221 0.623168 0.0532237 0.073783
2 0.693687 0.619521 0.0473091 0.0606633
2 0.84209 0.610235 0.0205135 0.0299415
2 0.815099 0.613371 0.0269156 0.0364348
2 0.07082 0.661412 0.140568 0.223455
2 0.653638 0.650162 0.0818467 0.0898835
2 0.42803 0.644347 0.157837 0.0882863
2 0.527318 0.643074 0.0652451 0.0685793
2 0.740483 0.644458 0.0527813 0.0631284
0 0.247478 0.650563 0.0379736 0.189078
2 0.799038 0.636604 0.0359617 0.0462936
2 0.567476 0.635439 0.0457571 0.0620961
2 0.881324 0.637495 0.0318565 0.0405617
2 0.614221 0.623168 0.0532237 0.073783
2 0.693687 0.619521 0.0473091 0.0606633
2 0.84209 0.610235 0.0205135 0.0299415
2 0.815099 0.613371 0.0269156 0.0364348
2 0.07082 0.661412 0.140568 0.223455
2 0.653638 0.650162 0.0818467 0.0898835
2 0.42803 0.644347 0.157837 0.0882863
2 0.527318 0.643074 0.0652451 0.0685793
2 0.740483 0.644458 0.0527813 0.0631284
0 0.247478 0.650563 0.0379736 0.189078
2 0.799038 0.636604 0.0359617 0.0462936
2 0.567476 0.635439 0.0457571 0.0620961
2 0.881324 0.637495 0.0318565 0.0405617
2 0.614221 0.623168 0.0532237 0.073783
2 0.693687 0.619521 0.0473091 0.0606633
2 0.84209 0.610235 0.0205135 0.0299415
2 0.815099 0.613371 0.0269156 0.0364348
0 0.331009 0.631016 0.0229803 0.0493803
0 0.325158 0.631329 0.0349559 0.0503474
0 0.454568 0.600834 0.0158475 0.0438496
2 0.774335 0.616774 0.0263998 0.0326885
0 0.457854 0.670283 0.0441968 0.189738
