2 0.185629 0.706621 0.298699 0.213556
2 0.521349 0.643605 0.0786823 0.0688528
2 0.748371 0.645687 0.0530416 0.0626841
2 0.662849 0.63044 0.0348999 0.0510382
2 0.796833 0.636576 0.0433285 0.0525438
2 0.479519 0.639575 0.0434202 0.057588
2 0.881229 0.63733 0.0324924 0.0422648
2 0.69279 0.620005 0.04615 0.0613912
2 0.0596156 0.652782 0.118935 0.209993
3 0.416588 0.649439 0.0341192 0.0549349
2 0.557182 0.632142 0.067964 0.0693617
2 0.827956 0.632476 0.0298588 0.0430829
2 0.851307 0.620333 0.0293682 0.0423817
0 0.33146 0.630222 0.0214422 0.0457543
2 0.619725 0.624043 0.0678449 0.0743302
2 0.185629 0.706621 0.298699 0.213556
2 0.521349 0.643605 0.0786823 0.0688528
2 0.748371 0.645687 0.0530416 0.0626841
2 0.662849 0.63044 0.0348999 0.0510382
2 0.796833 0.636576 0.0433285 0.0525438
2 0.479519 0.639575 0.0434202 0.057588
2 0.881229 0.63733 0.0324924 0.0422648
2 0.69279 0.620005 0.04615 0.0613912
2 0.0596156 0.652782 0.118935 0.209993
3 0.416588 0.649439 0.0341192 0.0549349
2 0.557182 0.632142 0.067964 0.0693617
2 0.827956 0.632476 0.0298588 0.0430829
2 0.851307 0.620333 0.0293682 0.0423817
0 0.33146 0.630222 0.0214422 0.0457543
2 0.619725 0.624043 0.0678449 0.0743302
2 0.185629 0.706621 0.298699 0.213556
2 0.521349 0.643605 0.0786823 0.0688528
2 0.748371 0.645687 0.0530416 0.0626841
2 0.662849 0.63044 0.0348999 0.0510382
2 0.796833 0.636576 0.0433285 0.0525438
2 0.479519 0.639575 0.0434202 0.057588
2 0.881229 0.63733 0.0324924 0.0422648
2 0.69279 0.620005 0.04615 0.0613912
2 0.0596156 0.652782 0.118935 0.209993
3 0.416588 0.649439 0.0341192 0.0549349
2 0.557182 0.632142 0.067964 0.0693617
2 0.827956 0.632476 0.0298588 0.0430829
2 0.851307 0.620333 0.0293682 0.0423817
0 0.33146 0.630222 0.0214422 0.0457543
2 0.619725 0.624043 0.0678449 0.0743302
