2 0.478585 0.647794 0.15937 0.0875117
2 0.787851 0.637965 0.0445093 0.0521381
2 0.139828 0.625664 0.104957 0.107992
2 0.0860796 0.658691 0.17107 0.221156
0 0.217196 0.623001 0.0175688 0.0963616
7 0.681348 0.638125 0.0745522 0.0948469
2 0.567793 0.6348 0.0455277 0.0625859
2 0.533974 0.639651 0.0519405 0.059734
0 0.331606 0.630733 0.0222303 0.0495034
2 0.718838 0.62123 0.0252433 0.0424812
0 0.885051 0.742486 0.0262526 0.181735
2 0.881526 0.634842 0.0299465 0.0448442
2 0.85775 0.622453 0.0231098 0.0318626
2 0.618978 0.623974 0.0619879 0.0738622
2 0.832315 0.630105 0.0315662 0.044989
2 0.478585 0.647794 0.15937 0.0875117
2 0.787851 0.637965 0.0445093 0.0521381
2 0.139828 0.625664 0.104957 0.107992
2 0.0860796 0.658691 0.17107 0.221156
0 0.217196 0.623001 0.0175688 0.0963616
7 0.681348 0.638125 0.0745522 0.0948469
2 0.567793 0.6348 0.0455277 0.0625859
2 0.533974 0.639651 0.0519405 0.059734
0 0.331606 0.630733 0.0222303 0.0495034
2 0.718838 0.62123 0.0252433 0.0424812
0 0.885051 0.742486 0.0262526 0.181735
2 0.881526 0.634842 0.0299465 0.0448442
2 0.85775 0.622453 0.0231098 0.0318626
2 0.618978 0.623974 0.0619879 0.0738622
2 0.832315 0.630105 0.0315662 0.044989
2 0.478585 0.647794 0.15937 0.0875117
2 0.787851 0.637965 0.0445093 0.0521381
2 0.139828 0.625664 0.104957 0.107992
2 0.0860796 0.658691 0.17107 0.221156
0 0.217196 0.623001 0.0175688 0.0963616
7 0.681348 0.638125 0.0745522 0.0948469
2 0.567793 0.6348 0.0455277 0.0625859
2 0.533974 0.639651 0.0519405 0.059734
0 0.331606 0.630733 0.0222303 0.0495034
2 0.718838 0.62123 0.0252433 0.0424812
0 0.885051 0.742486 0.0262526 0.181735
2 0.881526 0.634842 0.0299465 0.0448442
2 0.85775 0.622453 0.0231098 0.0318626
2 0.618978 0.623974 0.0619879 0.0738622
2 0.832315 0.630105 0.0315662 0.044989
2 0.478585 0.647794 0.15937 0.0875117
2 0.787851 0.637965 0.0445093 0.0521381
2 0.139828 0.625664 0.104957 0.107992
2 0.0860796 0.658691 0.17107 0.221156
0 0.217196 0.623001 0.0175688 0.0963616
7 0.681348 0.638125 0.0745522 0.0948469
2 0.567793 0.6348 0.0455277 0.0625859
2 0.533974 0.639651 0.0519405 0.059734
0 0.331606 0.630733 0.0222303 0.0495034
2 0.718838 0.62123 0.0252433 0.0424812
0 0.885051 0.742486 0.0262526 0.181735
2 0.881526 0.634842 0.0299465 0.0448442
2 0.85775 0.622453 0.0231098 0.0318626
2 0.618978 0.623974 0.0619879 0.0738622
2 0.832315 0.630105 0.0315662 0.044989
2 0.478585 0.647794 0.15937 0.0875117
2 0.787851 0.637965 0.0445093 0.0521381
2 0.139828 0.625664 0.104957 0.107992
2 0.0860796 0.658691 0.17107 0.221156
0 0.217196 0.623001 0.0175688 0.0963616
7 0.681348 0.638125 0.0745522 0.0948469
2 0.567793 0.6348 0.0455277 0.0625859
2 0.533974 0.639651 0.0519405 0.059734
0 0.331606 0.630733 0.0222303 0.0495034
2 0.718838 0.62123 0.0252433 0.0424812
0 0.885051 0.742486 0.0262526 0.181735
2 0.881526 0.634842 0.0299465 0.0448442
2 0.85775 0.622453 0.0231098 0.0318626
2 0.618978 0.623974 0.0619879 0.0738622
2 0.832315 0.630105 0.0315662 0.044989
2 0.811363 0.624505 0.0268215 0.0487137
2 0.736341 0.618594 0.0146027 0.0341053
2 0.756307 0.621798 0.0187248 0.0252031
