2 0.332344 0.641642 0.165189 0.0908507
2 0.521284 0.643439 0.0780664 0.0696793
2 0.0866273 0.658688 0.172036 0.220077
0 0.811208 0.72047 0.0654465 0.210183
2 0.761566 0.642428 0.0504028 0.0580132
2 0.845775 0.626201 0.0306053 0.0366374
2 0.736225 0.619559 0.038819 0.0421282
2 0.881022 0.637085 0.0325155 0.0420641
0 0.217124 0.620766 0.0164639 0.0970673
2 0.661393 0.630397 0.0370678 0.052064
2 0.692617 0.620154 0.0458842 0.0615611
7 0.616216 0.6383 0.101973 0.106863
2 0.558774 0.634501 0.0279157 0.0606337
2 0.81247 0.627764 0.0376076 0.0569726
2 0.789191 0.614175 0.0259258 0.0352149
2 0.332344 0.641642 0.165189 0.0908507
2 0.521284 0.643439 0.0780664 0.0696793
2 0.0866273 0.658688 0.172036 0.220077
0 0.811208 0.72047 0.0654465 0.210183
2 0.761566 0.642428 0.0504028 0.0580132
2 0.845775 0.626201 0.0306053 0.0366374
2 0.736225 0.619559 0.038819 0.0421282
2 0.881022 0.637085 0.0325155 0.0420641
0 0.217124 0.620766 0.0164639 0.0970673
2 0.661393 0.630397 0.0370678 0.052064
2 0.692617 0.620154 0.0458842 0.0615611
7 0.616216 0.6383 0.101973 0.106863
2 0.558774 0.634501 0.0279157 0.0606337
2 0.81247 0.627764 0.0376076 0.0569726
2 0.789191 0.614175 0.0259258 0.0352149
2 0.332344 0.641642 0.165189 0.0908507
2 0.521284 0.643439 0.0780664 0.0696793
2 0.0866273 0.658688 0.172036 0.220077
0 0.811208 0.72047 0.0654465 0.210183
2 0.761566 0.642428 0.0504028 0.0580132
2 0.845775 0.626201 0.0306053 0.0366374
2 0.736225 0.619559 0.038819 0.0421282
2 0.881022 0.637085 0.0325155 0.0420641
0 0.217124 0.620766 0.0164639 0.0970673
2 0.661393 0.630397 0.0370678 0.052064
2 0.692617 0.620154 0.0458842 0.0615611
7 0.616216 0.6383 0.101973 0.106863
2 0.558774 0.634501 0.0279157 0.0606337
2 0.81247 0.627764 0.0376076 0.0569726
2 0.789191 0.614175 0.0259258 0.0352149
2 0.332344 0.641642 0.165189 0.0908507
2 0.521284 0.643439 0.0780664 0.0696793
2 0.0866273 0.658688 0.172036 0.220077
0 0.811208 0.72047 0.0654465 0.210183
2 0.761566 0.642428 0.0504028 0.0580132
2 0.845775 0.626201 0.0306053 0.0366374
2 0.736225 0.619559 0.038819 0.0421282
2 0.881022 0.637085 0.0325155 0.0420641
0 0.217124 0.620766 0.0164639 0.0970673
2 0.661393 0.630397 0.0370678 0.052064
2 0.692617 0.620154 0.0458842 0.0615611
7 0.616216 0.6383 0.101973 0.106863
2 0.558774 0.634501 0.0279157 0.0606337
2 0.81247 0.627764 0.0376076 0.0569726
2 0.789191 0.614175 0.0259258 0.0352149
2 0.332344 0.641642 0.165189 0.0908507
2 0.521284 0.643439 0.0780664 0.0696793
2 0.0866273 0.658688 0.172036 0.220077
0 0.811208 0.72047 0.0654465 0.210183
2 0.761566 0.642428 0.0504028 0.0580132
2 0.845775 0.626201 0.0306053 0.0366374
2 0.736225 0.619559 0.038819 0.0421282
2 0.881022 0.637085 0.0325155 0.0420641
0 0.217124 0.620766 0.0164639 0.0970673
2 0.661393 0.630397 0.0370678 0.052064
2 0.692617 0.620154 0.0458842 0.0615611
7 0.616216 0.6383 0.101973 0.106863
2 0.558774 0.634501 0.0279157 0.0606337
2 0.81247 0.627764 0.0376076 0.0569726
2 0.789191 0.614175 0.0259258 0.0352149
0 0.423165 0.636701 0.0188898 0.0762841
