2 0.0740534 0.662332 0.147363 0.235901
2 0.507524 0.635102 0.0852046 0.0849001
2 0.654305 0.63085 0.04446 0.0492671
2 0.419812 0.642964 0.0808539 0.0675112
2 0.579816 0.627011 0.0731865 0.077105
2 0.766898 0.621394 0.0318695 0.0342894
2 0.859822 0.618226 0.0185034 0.0339622
2 0.881467 0.636022 0.0318432 0.044057
2 0.802434 0.614607 0.0290429 0.0361617
0 0.330262 0.629141 0.0224753 0.0467205
2 0.827534 0.613309 0.0221554 0.0309246
2 0.712263 0.621386 0.0310339 0.0346185
2 0.0740534 0.662332 0.147363 0.235901
2 0.507524 0.635102 0.0852046 0.0849001
2 0.654305 0.63085 0.04446 0.0492671
2 0.419812 0.642964 0.0808539 0.0675112
2 0.579816 0.627011 0.0731865 0.077105
2 0.766898 0.621394 0.0318695 0.0342894
2 0.859822 0.618226 0.0185034 0.0339622
2 0.881467 0.636022 0.0318432 0.044057
2 0.802434 0.614607 0.0290429 0.0361617
0 0.330262 0.629141 0.0224753 0.0467205
2 0.827534 0.613309 0.0221554 0.0309246
2 0.712263 0.621386 0.0310339 0.0346185
2 0.0740534 0.662332 0.147363 0.235901
2 0.507524 0.635102 0.0852046 0.0849001
2 0.654305 0.63085 0.04446 0.0492671
2 0.419812 0.642964 0.0808539 0.0675112
2 0.579816 0.627011 0.0731865 0.077105
2 0.766898 0.621394 0.0318695 0.0342894
2 0.859822 0.618226 0.0185034 0.0339622
2 0.881467 0.636022 0.0318432 0.044057
2 0.802434 0.614607 0.0290429 0.0361617
0 0.330262 0.629141 0.0224753 0.0467205
2 0.827534 0.613309 0.0221554 0.0309246
2 0.712263 0.621386 0.0310339 0.0346185
2 0.0740534 0.662332 0.147363 0.235901
2 0.507524 0.635102 0.0852046 0.0849001
2 0.654305 0.63085 0.04446 0.0492671
2 0.419812 0.642964 0.0808539 0.0675112
2 0.579816 0.627011 0.0731865 0.077105
2 0.766898 0.621394 0.0318695 0.0342894
2 0.859822 0.618226 0.0185034 0.0339622
2 0.881467 0.636022 0.0318432 0.044057
2 0.802434 0.614607 0.0290429 0.0361617
0 0.330262 0.629141 0.0224753 0.0467205
2 0.827534 0.613309 0.0221554 0.0309246
2 0.712263 0.621386 0.0310339 0.0346185
2 0.0740534 0.662332 0.147363 0.235901
2 0.507524 0.635102 0.0852046 0.0849001
2 0.654305 0.63085 0.04446 0.0492671
2 0.419812 0.642964 0.0808539 0.0675112
2 0.579816 0.627011 0.0731865 0.077105
2 0.766898 0.621394 0.0318695 0.0342894
2 0.859822 0.618226 0.0185034 0.0339622
2 0.881467 0.636022 0.0318432 0.044057
2 0.802434 0.614607 0.0290429 0.0361617
0 0.330262 0.629141 0.0224753 0.0467205
2 0.827534 0.613309 0.0221554 0.0309246
2 0.712263 0.621386 0.0310339 0.0346185
2 0.747936 0.619965 0.0155949 0.0289434
2 0.731671 0.619798 0.0249377 0.0338071
