2 0.0739941 0.662572 0.147217 0.236445
2 0.507455 0.635077 0.0850304 0.084938
1 0.774264 0.677205 0.0575278 0.0683915
2 0.653666 0.630973 0.0457466 0.0492411
2 0.730238 0.623868 0.0361545 0.039736
2 0.579978 0.627275 0.0730264 0.0768565
2 0.418607 0.642994 0.0784375 0.0670373
0 0.776891 0.651691 0.0301579 0.101926
2 0.881141 0.636343 0.0319038 0.0422863
2 0.801073 0.614251 0.0254293 0.0355367
2 0.706605 0.621567 0.0204155 0.0333644
0 0.330163 0.629327 0.0226449 0.0465264
2 0.762962 0.618529 0.0299143 0.0348236
2 0.832437 0.613099 0.0219254 0.030091
2 0.0739941 0.662572 0.147217 0.236445
2 0.507455 0.635077 0.0850304 0.084938
1 0.774264 0.677205 0.0575278 0.0683915
2 0.653666 0.630973 0.0457466 0.0492411
2 0.730238 0.623868 0.0361545 0.039736
2 0.579978 0.627275 0.0730264 0.0768565
2 0.418607 0.642994 0.0784375 0.0670373
0 0.776891 0.651691 0.0301579 0.101926
2 0.881141 0.636343 0.0319038 0.0422863
2 0.801073 0.614251 0.0254293 0.0355367
2 0.706605 0.621567 0.0204155 0.0333644
0 0.330163 0.629327 0.0226449 0.0465264
2 0.762962 0.618529 0.0299143 0.0348236
2 0.832437 0.613099 0.0219254 0.030091
2 0.0739941 0.662572 0.147217 0.236445
2 0.507455 0.635077 0.0850304 0.084938
1 0.774264 0.677205 0.0575278 0.0683915
2 0.653666 0.630973 0.0457466 0.0492411
2 0.730238 0.623868 0.0361545 0.039736
2 0.579978 0.627275 0.0730264 0.0768565
2 0.418607 0.642994 0.0784375 0.0670373
0 0.776891 0.651691 0.0301579 0.101926
2 0.881141 0.636343 0.0319038 0.0422863
2 0.801073 0.614251 0.0254293 0.0355367
2 0.706605 0.621567 0.0204155 0.0333644
0 0.330163 0.629327 0.0226449 0.0465264
2 0.762962 0.618529 0.0299143 0.0348236
2 0.832437 0.613099 0.0219254 0.030091
2 0.0739941 0.662572 0.147217 0.236445
2 0.507455 0.635077 0.0850304 0.084938
1 0.774264 0.677205 0.0575278 0.0683915
2 0.653666 0.630973 0.0457466 0.0492411
2 0.730238 0.623868 0.0361545 0.039736
2 0.579978 0.627275 0.0730264 0.0768565
2 0.418607 0.642994 0.0784375 0.0670373
0 0.776891 0.651691 0.0301579 0.101926
2 0.881141 0.636343 0.0319038 0.0422863
2 0.801073 0.614251 0.0254293 0.0355367
2 0.706605 0.621567 0.0204155 0.0333644
0 0.330163 0.629327 0.0226449 0.0465264
2 0.762962 0.618529 0.0299143 0.0348236
2 0.832437 0.613099 0.0219254 0.030091
2 0.0739941 0.662572 0.147217 0.236445
2 0.507455 0.635077 0.0850304 0.084938
1 0.774264 0.677205 0.0575278 0.0683915
2 0.653666 0.630973 0.0457466 0.0492411
2 0.730238 0.623868 0.0361545 0.039736
2 0.579978 0.627275 0.0730264 0.0768565
2 0.418607 0.642994 0.0784375 0.0670373
0 0.776891 0.651691 0.0301579 0.101926
2 0.881141 0.636343 0.0319038 0.0422863
2 0.801073 0.614251 0.0254293 0.0355367
2 0.706605 0.621567 0.0204155 0.0333644
0 0.330163 0.629327 0.0226449 0.0465264
2 0.762962 0.618529 0.0299143 0.0348236
2 0.832437 0.613099 0.0219254 0.030091
2 0.620128 0.623943 0.0282814 0.0663159
