2 0.067598 0.659151 0.134727 0.229128
2 0.750611 0.66582 0.11491 0.0933824
2 0.507431 0.635047 0.0850642 0.0851427
2 0.657988 0.630253 0.0459832 0.0480407
0 0.977434 0.746191 0.0348564 0.213517
2 0.419425 0.642857 0.0800777 0.0678565
0 0.213287 0.620484 0.0170446 0.0863212
2 0.88127 0.635864 0.0323536 0.0438248
2 0.580463 0.627181 0.0726557 0.0768892
0 0.329697 0.629133 0.0223406 0.0457955
2 0.620326 0.622402 0.0315792 0.0718097
2 0.777427 0.612706 0.033565 0.0279639
2 0.067598 0.659151 0.134727 0.229128
2 0.750611 0.66582 0.11491 0.0933824
2 0.507431 0.635047 0.0850642 0.0851427
2 0.657988 0.630253 0.0459832 0.0480407
0 0.977434 0.746191 0.0348564 0.213517
2 0.419425 0.642857 0.0800777 0.0678565
0 0.213287 0.620484 0.0170446 0.0863212
2 0.88127 0.635864 0.0323536 0.0438248
2 0.580463 0.627181 0.0726557 0.0768892
0 0.329697 0.629133 0.0223406 0.0457955
2 0.620326 0.622402 0.0315792 0.0718097
2 0.777427 0.612706 0.033565 0.0279639
2 0.067598 0.659151 0.134727 0.229128
2 0.750611 0.66582 0.11491 0.0933824
2 0.507431 0.635047 0.0850642 0.0851427
2 0.657988 0.630253 0.0459832 0.0480407
0 0.977434 0.746191 0.0348564 0.213517
2 0.419425 0.642857 0.0800777 0.0678565
0 0.213287 0.620484 0.0170446 0.0863212
2 0.88127 0.635864 0.0323536 0.0438248
2 0.580463 0.627181 0.0726557 0.0768892
0 0.329697 0.629133 0.0223406 0.0457955
2 0.620326 0.622402 0.0315792 0.0718097
2 0.777427 0.612706 0.033565 0.0279639
2 0.067598 0.659151 0.134727 0.229128
2 0.750611 0.66582 0.11491 0.0933824
2 0.507431 0.635047 0.0850642 0.0851427
2 0.657988 0.630253 0.0459832 0.0480407
0 0.977434 0.746191 0.0348564 0.213517
2 0.419425 0.642857 0.0800777 0.0678565
0 0.213287 0.620484 0.0170446 0.0863212
2 0.88127 0.635864 0.0323536 0.0438248
2 0.580463 0.627181 0.0726557 0.0768892
0 0.329697 0.629133 0.0223406 0.0457955
2 0.620326 0.622402 0.0315792 0.0718097
2 0.777427 0.612706 0.033565 0.0279639
2 0.067598 0.659151 0.134727 0.229128
2 0.750611 0.66582 0.11491 0.0933824
2 0.507431 0.635047 0.0850642 0.0851427
2 0.657988 0.630253 0.0459832 0.0480407
0 0.977434 0.746191 0.0348564 0.213517
2 0.419425 0.642857 0.0800777 0.0678565
0 0.213287 0.620484 0.0170446 0.0863212
2 0.88127 0.635864 0.0323536 0.0438248
2 0.580463 0.627181 0.0726557 0.0768892
0 0.329697 0.629133 0.0223406 0.0457955
2 0.620326 0.622402 0.0315792 0.0718097
2 0.777427 0.612706 0.033565 0.0279639
2 0.719532 0.620246 0.0435028 0.0342887
2 0.71226 0.620795 0.0298147 0.0338723
2 0.802985 0.611185 0.0196049 0.030966
