0 0.315737 0.657621 0.0577699 0.19673
2 0.964914 0.705316 0.0696037 0.0819222
2 0.571748 0.635377 0.0456874 0.060753
2 0.737849 0.623605 0.0364964 0.0412218
0 0.34442 0.655529 0.0290542 0.184027
2 0.521942 0.643663 0.0779691 0.0699346
2 0.881032 0.63721 0.0313467 0.0425374
0 0.414967 0.617202 0.0130049 0.0741892
2 0.71058 0.622486 0.0268713 0.0331012
2 0.00887556 0.640475 0.0166253 0.0605041
2 0.807182 0.611763 0.0281975 0.0406584
7 0.648173 0.623309 0.061454 0.066086
0 0.509259 0.630107 0.0227718 0.0633906
2 0.765738 0.616572 0.0255257 0.0308768
0 0.315737 0.657621 0.0577699 0.19673
2 0.964914 0.705316 0.0696037 0.0819222
2 0.571748 0.635377 0.0456874 0.060753
2 0.737849 0.623605 0.0364964 0.0412218
0 0.34442 0.655529 0.0290542 0.184027
2 0.521942 0.643663 0.0779691 0.0699346
2 0.881032 0.63721 0.0313467 0.0425374
0 0.414967 0.617202 0.0130049 0.0741892
2 0.71058 0.622486 0.0268713 0.0331012
2 0.00887556 0.640475 0.0166253 0.0605041
2 0.807182 0.611763 0.0281975 0.0406584
7 0.648173 0.623309 0.061454 0.066086
0 0.509259 0.630107 0.0227718 0.0633906
2 0.765738 0.616572 0.0255257 0.0308768
0 0.315737 0.657621 0.0577699 0.19673
2 0.964914 0.705316 0.0696037 0.0819222
2 0.571748 0.635377 0.0456874 0.060753
2 0.737849 0.623605 0.0364964 0.0412218
0 0.34442 0.655529 0.0290542 0.184027
2 0.521942 0.643663 0.0779691 0.0699346
2 0.881032 0.63721 0.0313467 0.0425374
0 0.414967 0.617202 0.0130049 0.0741892
2 0.71058 0.622486 0.0268713 0.0331012
2 0.00887556 0.640475 0.0166253 0.0605041
2 0.807182 0.611763 0.0281975 0.0406584
7 0.648173 0.623309 0.061454 0.066086
0 0.509259 0.630107 0.0227718 0.0633906
2 0.765738 0.616572 0.0255257 0.0308768
0 0.315737 0.657621 0.0577699 0.19673
2 0.964914 0.705316 0.0696037 0.0819222
2 0.571748 0.635377 0.0456874 0.060753
2 0.737849 0.623605 0.0364964 0.0412218
0 0.34442 0.655529 0.0290542 0.184027
2 0.521942 0.643663 0.0779691 0.0699346
2 0.881032 0.63721 0.0313467 0.0425374
0 0.414967 0.617202 0.0130049 0.0741892
2 0.71058 0.622486 0.0268713 0.0331012
2 0.00887556 0.640475 0.0166253 0.0605041
2 0.807182 0.611763 0.0281975 0.0406584
7 0.648173 0.623309 0.061454 0.066086
0 0.509259 0.630107 0.0227718 0.0633906
2 0.765738 0.616572 0.0255257 0.0308768
0 0.315737 0.657621 0.0577699 0.19673
2 0.964914 0.705316 0.0696037 0.0819222
2 0.571748 0.635377 0.0456874 0.060753
2 0.737849 0.623605 0.0364964 0.0412218
0 0.34442 0.655529 0.0290542 0.184027
2 0.521942 0.643663 0.0779691 0.0699346
2 0.881032 0.63721 0.0313467 0.0425374
0 0.414967 0.617202 0.0130049 0.0741892
2 0.71058 0.622486 0.0268713 0.0331012
2 0.00887556 0.640475 0.0166253 0.0605041
2 0.807182 0.611763 0.0281975 0.0406584
7 0.648173 0.623309 0.061454 0.066086
0 0.509259 0.630107 0.0227718 0.0633906
2 0.765738 0.616572 0.0255257 0.0308768
2 0.782046 0.615793 0.0223545 0.0315269
