2 0.0335072 0.69431 0.0666877 0.178549
2 0.506832 0.635123 0.0839159 0.084995
2 0.660172 0.629929 0.045269 0.0480925
2 0.828755 0.677245 0.1369 0.0994356
2 0.421427 0.642564 0.0787819 0.0677605
0 0.134425 0.648476 0.0264717 0.156502
0 0.816846 0.720561 0.0407597 0.211352
2 0.581096 0.626648 0.0741905 0.0767402
0 0.222177 0.618541 0.0145845 0.0840566
2 0.623209 0.622061 0.0279469 0.0729879
2 0.749467 0.619267 0.0213627 0.0304269
2 0.714168 0.620879 0.0332644 0.0345608
2 0.776361 0.614688 0.0319267 0.0312302
0 0.330073 0.629123 0.0222829 0.0466456
0 0.0126123 0.585804 0.0196304 0.0602096
2 0.0335072 0.69431 0.0666877 0.178549
2 0.506832 0.635123 0.0839159 0.084995
2 0.660172 0.629929 0.045269 0.0480925
2 0.828755 0.677245 0.1369 0.0994356
2 0.421427 0.642564 0.0787819 0.0677605
0 0.134425 0.648476 0.0264717 0.156502
0 0.816846 0.720561 0.0407597 0.211352
2 0.581096 0.626648 0.0741905 0.0767402
0 0.222177 0.618541 0.0145845 0.0840566
2 0.623209 0.622061 0.0279469 0.0729879
2 0.749467 0.619267 0.0213627 0.0304269
2 0.714168 0.620879 0.0332644 0.0345608
2 0.776361 0.614688 0.0319267 0.0312302
0 0.330073 0.629123 0.0222829 0.0466456
0 0.0126123 0.585804 0.0196304 0.0602096
2 0.0335072 0.69431 0.0666877 0.178549
2 0.506832 0.635123 0.0839159 0.084995
2 0.660172 0.629929 0.045269 0.0480925
2 0.828755 0.677245 0.1369 0.0994356
2 0.421427 0.642564 0.0787819 0.0677605
0 0.134425 0.648476 0.0264717 0.156502
0 0.816846 0.720561 0.0407597 0.211352
2 0.581096 0.626648 0.0741905 0.0767402
0 0.222177 0.618541 0.0145845 0.0840566
2 0.623209 0.622061 0.0279469 0.0729879
2 0.749467 0.619267 0.0213627 0.0304269
2 0.714168 0.620879 0.0332644 0.0345608
2 0.776361 0.614688 0.0319267 0.0312302
0 0.330073 0.629123 0.0222829 0.0466456
0 0.0126123 0.585804 0.0196304 0.0602096
2 0.0335072 0.69431 0.0666877 0.178549
2 0.506832 0.635123 0.0839159 0.084995
2 0.660172 0.629929 0.045269 0.0480925
2 0.828755 0.677245 0.1369 0.0994356
2 0.421427 0.642564 0.0787819 0.0677605
0 0.134425 0.648476 0.0264717 0.156502
0 0.816846 0.720561 0.0407597 0.211352
2 0.581096 0.626648 0.0741905 0.0767402
0 0.222177 0.618541 0.0145845 0.0840566
2 0.623209 0.622061 0.0279469 0.0729879
2 0.749467 0.619267 0.0213627 0.0304269
2 0.714168 0.620879 0.0332644 0.0345608
2 0.776361 0.614688 0.0319267 0.0312302
0 0.330073 0.629123 0.0222829 0.0466456
0 0.0126123 0.585804 0.0196304 0.0602096
2 0.0335072 0.69431 0.0666877 0.178549
2 0.506832 0.635123 0.0839159 0.084995
2 0.660172 0.629929 0.045269 0.0480925
2 0.828755 0.677245 0.1369 0.0994356
2 0.421427 0.642564 0.0787819 0.0677605
0 0.134425 0.648476 0.0264717 0.156502
0 0.816846 0.720561 0.0407597 0.211352
2 0.581096 0.626648 0.0741905 0.0767402
0 0.222177 0.618541 0.0145845 0.0840566
2 0.623209 0.622061 0.0279469 0.0729879
2 0.749467 0.619267 0.0213627 0.0304269
2 0.714168 0.620879 0.0332644 0.0345608
2 0.776361 0.614688 0.0319267 0.0312302
0 0.330073 0.629123 0.0222829 0.0466456
0 0.0126123 0.585804 0.0196304 0.0602096
2 0.805956 0.609448 0.0255438 0.0309749
2 0.732735 0.619465 0.0218475 0.0330705
2 0.736638 0.61895 0.0217474 0.0330416
