2 0.393335 0.653323 0.148627 0.130691
2 0.221974 0.625808 0.15451 0.131611
2 0.645172 0.658754 0.0804344 0.100052
2 0.0322432 0.701601 0.0639268 0.160235
2 0.687719 0.630009 0.0341969 0.0432986
2 0.716128 0.623449 0.0330448 0.0461099
2 0.881217 0.636739 0.0321159 0.041934
2 0.608064 0.647021 0.0550405 0.0896747
2 0.741081 0.623272 0.0258556 0.0404974
2 0.79538 0.616837 0.0192713 0.030162
2 0.773179 0.615699 0.0280699 0.0319536
2 0.453537 0.63029 0.081144 0.098772
2 0.393335 0.653323 0.148627 0.130691
2 0.221974 0.625808 0.15451 0.131611
2 0.645172 0.658754 0.0804344 0.100052
2 0.0322432 0.701601 0.0639268 0.160235
2 0.687719 0.630009 0.0341969 0.0432986
2 0.716128 0.623449 0.0330448 0.0461099
2 0.881217 0.636739 0.0321159 0.041934
2 0.608064 0.647021 0.0550405 0.0896747
2 0.741081 0.623272 0.0258556 0.0404974
2 0.79538 0.616837 0.0192713 0.030162
2 0.773179 0.615699 0.0280699 0.0319536
2 0.453537 0.63029 0.081144 0.098772
2 0.393335 0.653323 0.148627 0.130691
2 0.221974 0.625808 0.15451 0.131611
2 0.645172 0.658754 0.0804344 0.100052
2 0.0322432 0.701601 0.0639268 0.160235
2 0.687719 0.630009 0.0341969 0.0432986
2 0.716128 0.623449 0.0330448 0.0461099
2 0.881217 0.636739 0.0321159 0.041934
2 0.608064 0.647021 0.0550405 0.0896747
2 0.741081 0.623272 0.0258556 0.0404974
2 0.79538 0.616837 0.0192713 0.030162
2 0.773179 0.615699 0.0280699 0.0319536
2 0.453537 0.63029 0.081144 0.098772
2 0.393335 0.653323 0.148627 0.130691
2 0.221974 0.625808 0.15451 0.131611
2 0.645172 0.658754 0.0804344 0.100052
2 0.0322432 0.701601 0.0639268 0.160235
2 0.687719 0.630009 0.0341969 0.0432986
2 0.716128 0.623449 0.0330448 0.0461099
2 0.881217 0.636739 0.0321159 0.041934
2 0.608064 0.647021 0.0550405 0.0896747
2 0.741081 0.623272 0.0258556 0.0404974
2 0.79538 0.616837 0.0192713 0.030162
2 0.773179 0.615699 0.0280699 0.0319536
2 0.453537 0.63029 0.081144 0.098772
2 0.393335 0.653323 0.148627 0.130691
2 0.221974 0.625808 0.15451 0.131611
2 0.645172 0.658754 0.0804344 0.100052
2 0.0322432 0.701601 0.0639268 0.160235
2 0.687719 0.630009 0.0341969 0.0432986
2 0.716128 0.623449 0.0330448 0.0461099
2 0.881217 0.636739 0.0321159 0.041934
2 0.608064 0.647021 0.0550405 0.0896747
2 0.741081 0.623272 0.0258556 0.0404974
2 0.79538 0.616837 0.0192713 0.030162
2 0.773179 0.615699 0.0280699 0.0319536
2 0.453537 0.63029 0.081144 0.098772
2 0.783136 0.616503 0.0429463 0.0327477
2 0.808863 0.610158 0.0195697 0.031014
