2 0.073984 0.662405 0.147227 0.235985
2 0.507405 0.634952 0.0850907 0.0851718
2 0.653536 0.631044 0.0459661 0.0487491
2 0.418904 0.643169 0.0790229 0.067396
2 0.881115 0.636429 0.0327919 0.0431468
2 0.580307 0.627117 0.0730598 0.077413
2 0.713145 0.62142 0.031679 0.0346219
2 0.779074 0.617998 0.0334058 0.0365594
2 0.749374 0.619532 0.0199774 0.029487
2 0.849656 0.622745 0.0239365 0.0365914
0 0.330167 0.628982 0.0226698 0.0452851
2 0.073984 0.662405 0.147227 0.235985
2 0.507405 0.634952 0.0850907 0.0851718
2 0.653536 0.631044 0.0459661 0.0487491
2 0.418904 0.643169 0.0790229 0.067396
2 0.881115 0.636429 0.0327919 0.0431468
2 0.580307 0.627117 0.0730598 0.077413
2 0.713145 0.62142 0.031679 0.0346219
2 0.779074 0.617998 0.0334058 0.0365594
2 0.749374 0.619532 0.0199774 0.029487
2 0.849656 0.622745 0.0239365 0.0365914
0 0.330167 0.628982 0.0226698 0.0452851
2 0.073984 0.662405 0.147227 0.235985
2 0.507405 0.634952 0.0850907 0.0851718
2 0.653536 0.631044 0.0459661 0.0487491
2 0.418904 0.643169 0.0790229 0.067396
2 0.881115 0.636429 0.0327919 0.0431468
2 0.580307 0.627117 0.0730598 0.077413
2 0.713145 0.62142 0.031679 0.0346219
2 0.779074 0.617998 0.0334058 0.0365594
2 0.749374 0.619532 0.0199774 0.029487
2 0.849656 0.622745 0.0239365 0.0365914
0 0.330167 0.628982 0.0226698 0.0452851
2 0.073984 0.662405 0.147227 0.235985
2 0.507405 0.634952 0.0850907 0.0851718
2 0.653536 0.631044 0.0459661 0.0487491
2 0.418904 0.643169 0.0790229 0.067396
2 0.881115 0.636429 0.0327919 0.0431468
2 0.580307 0.627117 0.0730598 0.077413
2 0.713145 0.62142 0.031679 0.0346219
2 0.779074 0.617998 0.0334058 0.0365594
2 0.749374 0.619532 0.0199774 0.029487
2 0.849656 0.622745 0.0239365 0.0365914
0 0.330167 0.628982 0.0226698 0.0452851
2 0.073984 0.662405 0.147227 0.235985
2 0.507405 0.634952 0.0850907 0.0851718
2 0.653536 0.631044 0.0459661 0.0487491
2 0.418904 0.643169 0.0790229 0.067396
2 0.881115 0.636429 0.0327919 0.0431468
2 0.580307 0.627117 0.0730598 0.077413
2 0.713145 0.62142 0.031679 0.0346219
2 0.779074 0.617998 0.0334058 0.0365594
2 0.749374 0.619532 0.0199774 0.029487
2 0.849656 0.622745 0.0239365 0.0365914
0 0.330167 0.628982 0.0226698 0.0452851
2 0.810566 0.613931 0.0250477 0.0347002
2 0.733961 0.619406 0.0194525 0.0323427
