2 0.408236 0.644208 0.160709 0.0889456
2 0.52141 0.642866 0.0785823 0.0696137
0 0.857746 0.725145 0.062178 0.214776
2 0.775953 0.63976 0.0473465 0.0552146
2 0.0866154 0.658522 0.172043 0.220332
2 0.568147 0.635394 0.0460934 0.0617481
0 0.217298 0.622662 0.0172413 0.094744
2 0.729056 0.620561 0.0353837 0.0437365
2 0.691814 0.618752 0.0444723 0.0589879
2 0.882258 0.635336 0.0307121 0.0441632
2 0.60539 0.623091 0.0380116 0.0724709
2 0.818721 0.63071 0.0268967 0.0447818
2 0.851929 0.629787 0.033153 0.0495043
2 0.653638 0.639092 0.0871737 0.0993501
7 0.653577 0.63906 0.0875847 0.0988035
2 0.408236 0.644208 0.160709 0.0889456
2 0.52141 0.642866 0.0785823 0.0696137
0 0.857746 0.725145 0.062178 0.214776
2 0.775953 0.63976 0.0473465 0.0552146
2 0.0866154 0.658522 0.172043 0.220332
2 0.568147 0.635394 0.0460934 0.0617481
0 0.217298 0.622662 0.0172413 0.094744
2 0.729056 0.620561 0.0353837 0.0437365
2 0.691814 0.618752 0.0444723 0.0589879
2 0.882258 0.635336 0.0307121 0.0441632
2 0.60539 0.623091 0.0380116 0.0724709
2 0.818721 0.63071 0.0268967 0.0447818
2 0.851929 0.629787 0.033153 0.0495043
2 0.653638 0.639092 0.0871737 0.0993501
7 0.653577 0.63906 0.0875847 0.0988035
2 0.408236 0.644208 0.160709 0.0889456
2 0.52141 0.642866 0.0785823 0.0696137
0 0.857746 0.725145 0.062178 0.214776
2 0.775953 0.63976 0.0473465 0.0552146
2 0.0866154 0.658522 0.172043 0.220332
2 0.568147 0.635394 0.0460934 0.0617481
0 0.217298 0.622662 0.0172413 0.094744
2 0.729056 0.620561 0.0353837 0.0437365
2 0.691814 0.618752 0.0444723 0.0589879
2 0.882258 0.635336 0.0307121 0.0441632
2 0.60539 0.623091 0.0380116 0.0724709
2 0.818721 0.63071 0.0268967 0.0447818
2 0.851929 0.629787 0.033153 0.0495043
2 0.653638 0.639092 0.0871737 0.0993501
7 0.653577 0.63906 0.0875847 0.0988035
