0 0.99075 0.696995 0.0177742 0.14017
2 0.7209 0.620625 0.0465605 0.0365238
0 0.94145 0.684421 0.032708 0.15021
2 0.793638 0.618072 0.0260456 0.0323207
0 0.884142 0.672723 0.026853 0.0940398
2 0.849247 0.611622 0.0198315 0.0237728
1 0.876931 0.695787 0.03263 0.0540607
2 0.814021 0.613632 0.0255047 0.0347865
0 0.330978 0.63 0.0219968 0.0498393
0 0.99075 0.696995 0.0177742 0.14017
2 0.7209 0.620625 0.0465605 0.0365238
0 0.94145 0.684421 0.032708 0.15021
2 0.793638 0.618072 0.0260456 0.0323207
0 0.884142 0.672723 0.026853 0.0940398
2 0.849247 0.611622 0.0198315 0.0237728
1 0.876931 0.695787 0.03263 0.0540607
2 0.814021 0.613632 0.0255047 0.0347865
0 0.330978 0.63 0.0219968 0.0498393
0 0.99075 0.696995 0.0177742 0.14017
2 0.7209 0.620625 0.0465605 0.0365238
0 0.94145 0.684421 0.032708 0.15021
2 0.793638 0.618072 0.0260456 0.0323207
0 0.884142 0.672723 0.026853 0.0940398
2 0.849247 0.611622 0.0198315 0.0237728
1 0.876931 0.695787 0.03263 0.0540607
2 0.814021 0.613632 0.0255047 0.0347865
0 0.330978 0.63 0.0219968 0.0498393
0 0.99075 0.696995 0.0177742 0.14017
2 0.7209 0.620625 0.0465605 0.0365238
0 0.94145 0.684421 0.032708 0.15021
2 0.793638 0.618072 0.0260456 0.0323207
0 0.884142 0.672723 0.026853 0.0940398
2 0.849247 0.611622 0.0198315 0.0237728
1 0.876931 0.695787 0.03263 0.0540607
2 0.814021 0.613632 0.0255047 0.0347865
0 0.330978 0.63 0.0219968 0.0498393
0 0.99075 0.696995 0.0177742 0.14017
2 0.7209 0.620625 0.0465605 0.0365238
0 0.94145 0.684421 0.032708 0.15021
2 0.793638 0.618072 0.0260456 0.0323207
0 0.884142 0.672723 0.026853 0.0940398
2 0.849247 0.611622 0.0198315 0.0237728
1 0.876931 0.695787 0.03263 0.0540607
2 0.814021 0.613632 0.0255047 0.0347865
0 0.330978 0.63 0.0219968 0.0498393
2 0.770066 0.616265 0.0247025 0.0315987
0 0.531809 0.621445 0.0126869 0.0538549
2 0.757971 0.618973 0.0189757 0.0283749
2 0.749369 0.6188 0.0173439 0.0292615
2 0.887602 0.611978 0.0215801 0.0280148
1 0.879326 0.68673 0.0359867 0.0711941
