0 0.857774 0.73484 0.0695625 0.235591
2 0.578386 0.655617 0.154923 0.0933152
2 0.132049 0.628909 0.128859 0.105017
1 0.212047 0.666421 0.0686633 0.0851961
1 0.341026 0.685081 0.0776742 0.0973714
2 0.0208031 0.636808 0.0408884 0.0702623
0 0.0613208 0.633152 0.0325113 0.161414
1 0.951776 0.726031 0.0467018 0.0846057
1 0.762452 0.714708 0.0810387 0.0751265
0 0.330753 0.658248 0.0321156 0.195529
0 0.214429 0.628647 0.0481332 0.13799
2 0.522377 0.641663 0.0812693 0.0675474
2 0.726632 0.662917 0.0820972 0.0798287
2 0.65957 0.629238 0.0406889 0.0510267
2 0.700817 0.619329 0.0504086 0.0596817
0 0.770472 0.671486 0.0404688 0.107565
2 0.881512 0.636096 0.0325565 0.0438232
2 0.806771 0.612501 0.0270496 0.0340649
0 0.857774 0.73484 0.0695625 0.235591
2 0.578386 0.655617 0.154923 0.0933152
2 0.132049 0.628909 0.128859 0.105017
1 0.212047 0.666421 0.0686633 0.0851961
1 0.341026 0.685081 0.0776742 0.0973714
2 0.0208031 0.636808 0.0408884 0.0702623
0 0.0613208 0.633152 0.0325113 0.161414
1 0.951776 0.726031 0.0467018 0.0846057
1 0.762452 0.714708 0.0810387 0.0751265
0 0.330753 0.658248 0.0321156 0.195529
0 0.214429 0.628647 0.0481332 0.13799
2 0.522377 0.641663 0.0812693 0.0675474
2 0.726632 0.662917 0.0820972 0.0798287
2 0.65957 0.629238 0.0406889 0.0510267
2 0.700817 0.619329 0.0504086 0.0596817
0 0.770472 0.671486 0.0404688 0.107565
2 0.881512 0.636096 0.0325565 0.0438232
2 0.806771 0.612501 0.0270496 0.0340649
0 0.857774 0.73484 0.0695625 0.235591
2 0.578386 0.655617 0.154923 0.0933152
2 0.132049 0.628909 0.128859 0.105017
1 0.212047 0.666421 0.0686633 0.0851961
1 0.341026 0.685081 0.0776742 0.0973714
2 0.0208031 0.636808 0.0408884 0.0702623
0 0.0613208 0.633152 0.0325113 0.161414
1 0.951776 0.726031 0.0467018 0.0846057
1 0.762452 0.714708 0.0810387 0.0751265
0 0.330753 0.658248 0.0321156 0.195529
0 0.214429 0.628647 0.0481332 0.13799
2 0.522377 0.641663 0.0812693 0.0675474
2 0.726632 0.662917 0.0820972 0.0798287
2 0.65957 0.629238 0.0406889 0.0510267
2 0.700817 0.619329 0.0504086 0.0596817
0 0.770472 0.671486 0.0404688 0.107565
2 0.881512 0.636096 0.0325565 0.0438232
2 0.806771 0.612501 0.0270496 0.0340649
0 0.857774 0.73484 0.0695625 0.235591
2 0.578386 0.655617 0.154923 0.0933152
2 0.132049 0.628909 0.128859 0.105017
1 0.212047 0.666421 0.0686633 0.0851961
1 0.341026 0.685081 0.0776742 0.0973714
2 0.0208031 0.636808 0.0408884 0.0702623
0 0.0613208 0.633152 0.0325113 0.161414
1 0.951776 0.726031 0.0467018 0.0846057
1 0.762452 0.714708 0.0810387 0.0751265
0 0.330753 0.658248 0.0321156 0.195529
0 0.214429 0.628647 0.0481332 0.13799
2 0.522377 0.641663 0.0812693 0.0675474
2 0.726632 0.662917 0.0820972 0.0798287
2 0.65957 0.629238 0.0406889 0.0510267
2 0.700817 0.619329 0.0504086 0.0596817
0 0.770472 0.671486 0.0404688 0.107565
2 0.881512 0.636096 0.0325565 0.0438232
2 0.806771 0.612501 0.0270496 0.0340649
0 0.857774 0.73484 0.0695625 0.235591
2 0.578386 0.655617 0.154923 0.0933152
2 0.132049 0.628909 0.128859 0.105017
1 0.212047 0.666421 0.0686633 0.0851961
1 0.341026 0.685081 0.0776742 0.0973714
2 0.0208031 0.636808 0.0408884 0.0702623
0 0.0613208 0.633152 0.0325113 0.161414
1 0.951776 0.726031 0.0467018 0.0846057
1 0.762452 0.714708 0.0810387 0.0751265
0 0.330753 0.658248 0.0321156 0.195529
0 0.214429 0.628647 0.0481332 0.13799
2 0.522377 0.641663 0.0812693 0.0675474
2 0.726632 0.662917 0.0820972 0.0798287
2 0.65957 0.629238 0.0406889 0.0510267
2 0.700817 0.619329 0.0504086 0.0596817
0 0.770472 0.671486 0.0404688 0.107565
2 0.881512 0.636096 0.0325565 0.0438232
2 0.806771 0.612501 0.0270496 0.0340649
0 0.354871 0.607027 0.0158648 0.0618634
2 0.779196 0.613453 0.0274565 0.0277808
2 0.617852 0.602119 0.047529 0.0288111
2 0.732469 0.610584 0.0203087 0.0205547
