2 0.615394 0.650731 0.0648573 0.0677778
2 0.436879 0.643099 0.13907 0.147721
2 0.72367 0.629007 0.0447379 0.0563393
0 0.860249 0.655831 0.0205765 0.0935207
2 0.804931 0.634789 0.0447941 0.0509779
0 0.879808 0.660626 0.0180077 0.0964932
2 0.774209 0.623655 0.0316013 0.0485996
2 0.837959 0.614911 0.0271481 0.035865
0 0.956818 0.707924 0.0146725 0.0724279
0 0.330676 0.629314 0.0221576 0.0495427
2 0.615394 0.650731 0.0648573 0.0677778
2 0.436879 0.643099 0.13907 0.147721
2 0.72367 0.629007 0.0447379 0.0563393
0 0.860249 0.655831 0.0205765 0.0935207
2 0.804931 0.634789 0.0447941 0.0509779
0 0.879808 0.660626 0.0180077 0.0964932
2 0.774209 0.623655 0.0316013 0.0485996
2 0.837959 0.614911 0.0271481 0.035865
0 0.956818 0.707924 0.0146725 0.0724279
0 0.330676 0.629314 0.0221576 0.0495427
2 0.615394 0.650731 0.0648573 0.0677778
2 0.436879 0.643099 0.13907 0.147721
2 0.72367 0.629007 0.0447379 0.0563393
0 0.860249 0.655831 0.0205765 0.0935207
2 0.804931 0.634789 0.0447941 0.0509779
0 0.879808 0.660626 0.0180077 0.0964932
2 0.774209 0.623655 0.0316013 0.0485996
2 0.837959 0.614911 0.0271481 0.035865
0 0.956818 0.707924 0.0146725 0.0724279
0 0.330676 0.629314 0.0221576 0.0495427
2 0.615394 0.650731 0.0648573 0.0677778
2 0.436879 0.643099 0.13907 0.147721
2 0.72367 0.629007 0.0447379 0.0563393
0 0.860249 0.655831 0.0205765 0.0935207
2 0.804931 0.634789 0.0447941 0.0509779
0 0.879808 0.660626 0.0180077 0.0964932
2 0.774209 0.623655 0.0316013 0.0485996
2 0.837959 0.614911 0.0271481 0.035865
0 0.956818 0.707924 0.0146725 0.0724279
0 0.330676 0.629314 0.0221576 0.0495427
2 0.615394 0.650731 0.0648573 0.0677778
2 0.436879 0.643099 0.13907 0.147721
2 0.72367 0.629007 0.0447379 0.0563393
0 0.860249 0.655831 0.0205765 0.0935207
2 0.804931 0.634789 0.0447941 0.0509779
0 0.879808 0.660626 0.0180077 0.0964932
2 0.774209 0.623655 0.0316013 0.0485996
2 0.837959 0.614911 0.0271481 0.035865
0 0.956818 0.707924 0.0146725 0.0724279
0 0.330676 0.629314 0.0221576 0.0495427
2 0.7499 0.618299 0.0187965 0.0307493
2 0.886544 0.628345 0.0226767 0.0572143
