2 0.521181 0.642947 0.0777427 0.0692871
2 0.695685 0.626022 0.0437819 0.0476923
0 0.158877 0.642725 0.0556343 0.174675
0 0.973983 0.750487 0.0509174 0.220422
0 0.128244 0.638906 0.0302568 0.181729
2 0.567925 0.6354 0.0466946 0.0621498
2 0.0394351 0.626404 0.0755957 0.103561
1 0.224708 0.648433 0.047067 0.0536377
0 0.405845 0.618133 0.0135689 0.075287
0 0.0884837 0.621269 0.03503 0.112966
1 0.0911711 0.65434 0.050004 0.0663506
2 0.888941 0.690262 0.149177 0.101304
2 0.771285 0.615143 0.038941 0.0477532
0 0.331322 0.630063 0.0218871 0.0499716
0 0.223452 0.631105 0.0257343 0.0741714
7 0.62338 0.623416 0.066364 0.0723751
2 0.730612 0.619095 0.0273984 0.0351691
2 0.521181 0.642947 0.0777427 0.0692871
2 0.695685 0.626022 0.0437819 0.0476923
0 0.158877 0.642725 0.0556343 0.174675
0 0.973983 0.750487 0.0509174 0.220422
0 0.128244 0.638906 0.0302568 0.181729
2 0.567925 0.6354 0.0466946 0.0621498
2 0.0394351 0.626404 0.0755957 0.103561
1 0.224708 0.648433 0.047067 0.0536377
0 0.405845 0.618133 0.0135689 0.075287
0 0.0884837 0.621269 0.03503 0.112966
1 0.0911711 0.65434 0.050004 0.0663506
2 0.888941 0.690262 0.149177 0.101304
2 0.771285 0.615143 0.038941 0.0477532
0 0.331322 0.630063 0.0218871 0.0499716
0 0.223452 0.631105 0.0257343 0.0741714
7 0.62338 0.623416 0.066364 0.0723751
2 0.730612 0.619095 0.0273984 0.0351691
2 0.521181 0.642947 0.0777427 0.0692871
2 0.695685 0.626022 0.0437819 0.0476923
0 0.158877 0.642725 0.0556343 0.174675
0 0.973983 0.750487 0.0509174 0.220422
0 0.128244 0.638906 0.0302568 0.181729
2 0.567925 0.6354 0.0466946 0.0621498
2 0.0394351 0.626404 0.0755957 0.103561
1 0.224708 0.648433 0.047067 0.0536377
0 0.405845 0.618133 0.0135689 0.075287
0 0.0884837 0.621269 0.03503 0.112966
1 0.0911711 0.65434 0.050004 0.0663506
2 0.888941 0.690262 0.149177 0.101304
2 0.771285 0.615143 0.038941 0.0477532
0 0.331322 0.630063 0.0218871 0.0499716
0 0.223452 0.631105 0.0257343 0.0741714
7 0.62338 0.623416 0.066364 0.0723751
2 0.730612 0.619095 0.0273984 0.0351691
2 0.521181 0.642947 0.0777427 0.0692871
2 0.695685 0.626022 0.0437819 0.0476923
0 0.158877 0.642725 0.0556343 0.174675
0 0.973983 0.750487 0.0509174 0.220422
0 0.128244 0.638906 0.0302568 0.181729
2 0.567925 0.6354 0.0466946 0.0621498
2 0.0394351 0.626404 0.0755957 0.103561
1 0.224708 0.648433 0.047067 0.0536377
0 0.405845 0.618133 0.0135689 0.075287
0 0.0884837 0.621269 0.03503 0.112966
1 0.0911711 0.65434 0.050004 0.0663506
2 0.888941 0.690262 0.149177 0.101304
2 0.771285 0.615143 0.038941 0.0477532
0 0.331322 0.630063 0.0218871 0.0499716
0 0.223452 0.631105 0.0257343 0.0741714
7 0.62338 0.623416 0.066364 0.0723751
2 0.730612 0.619095 0.0273984 0.0351691
2 0.521181 0.642947 0.0777427 0.0692871
2 0.695685 0.626022 0.0437819 0.0476923
0 0.158877 0.642725 0.0556343 0.174675
0 0.973983 0.750487 0.0509174 0.220422
0 0.128244 0.638906 0.0302568 0.181729
2 0.567925 0.6354 0.0466946 0.0621498
2 0.0394351 0.626404 0.0755957 0.103561
1 0.224708 0.648433 0.047067 0.0536377
0 0.405845 0.618133 0.0135689 0.075287
0 0.0884837 0.621269 0.03503 0.112966
1 0.0911711 0.65434 0.050004 0.0663506
2 0.888941 0.690262 0.149177 0.101304
2 0.771285 0.615143 0.038941 0.0477532
0 0.331322 0.630063 0.0218871 0.0499716
0 0.223452 0.631105 0.0257343 0.0741714
7 0.62338 0.623416 0.066364 0.0723751
2 0.730612 0.619095 0.0273984 0.0351691
2 0.800127 0.615503 0.0222101 0.0278431
2 0.746359 0.619076 0.015602 0.029653
