2 0.30198 0.656357 0.190019 0.190304
2 0.0360203 0.643063 0.0714784 0.131365
2 0.582351 0.652957 0.072474 0.0749266
2 0.702934 0.633291 0.0478247 0.0575185
0 0.865666 0.654582 0.0170595 0.0944118
2 0.786412 0.637859 0.0469353 0.0572849
0 0.962754 0.707592 0.0155354 0.0767471
2 0.75664 0.630394 0.0270172 0.0417603
0 0.880674 0.658879 0.0163101 0.0945606
0 0.394219 0.622081 0.0162162 0.0738482
2 0.827633 0.615924 0.030225 0.0391486
2 0.30198 0.656357 0.190019 0.190304
2 0.0360203 0.643063 0.0714784 0.131365
2 0.582351 0.652957 0.072474 0.0749266
2 0.702934 0.633291 0.0478247 0.0575185
0 0.865666 0.654582 0.0170595 0.0944118
2 0.786412 0.637859 0.0469353 0.0572849
0 0.962754 0.707592 0.0155354 0.0767471
2 0.75664 0.630394 0.0270172 0.0417603
0 0.880674 0.658879 0.0163101 0.0945606
0 0.394219 0.622081 0.0162162 0.0738482
2 0.827633 0.615924 0.030225 0.0391486
2 0.30198 0.656357 0.190019 0.190304
2 0.0360203 0.643063 0.0714784 0.131365
2 0.582351 0.652957 0.072474 0.0749266
2 0.702934 0.633291 0.0478247 0.0575185
0 0.865666 0.654582 0.0170595 0.0944118
2 0.786412 0.637859 0.0469353 0.0572849
0 0.962754 0.707592 0.0155354 0.0767471
2 0.75664 0.630394 0.0270172 0.0417603
0 0.880674 0.658879 0.0163101 0.0945606
0 0.394219 0.622081 0.0162162 0.0738482
2 0.827633 0.615924 0.030225 0.0391486
2 0.30198 0.656357 0.190019 0.190304
2 0.0360203 0.643063 0.0714784 0.131365
2 0.582351 0.652957 0.072474 0.0749266
2 0.702934 0.633291 0.0478247 0.0575185
0 0.865666 0.654582 0.0170595 0.0944118
2 0.786412 0.637859 0.0469353 0.0572849
0 0.962754 0.707592 0.0155354 0.0767471
2 0.75664 0.630394 0.0270172 0.0417603
0 0.880674 0.658879 0.0163101 0.0945606
0 0.394219 0.622081 0.0162162 0.0738482
2 0.827633 0.615924 0.030225 0.0391486
2 0.30198 0.656357 0.190019 0.190304
2 0.0360203 0.643063 0.0714784 0.131365
2 0.582351 0.652957 0.072474 0.0749266
2 0.702934 0.633291 0.0478247 0.0575185
0 0.865666 0.654582 0.0170595 0.0944118
2 0.786412 0.637859 0.0469353 0.0572849
0 0.962754 0.707592 0.0155354 0.0767471
2 0.75664 0.630394 0.0270172 0.0417603
0 0.880674 0.658879 0.0163101 0.0945606
0 0.394219 0.622081 0.0162162 0.0738482
2 0.827633 0.615924 0.030225 0.0391486
2 0.733538 0.618297 0.0220882 0.0343194
2 0.889147 0.635487 0.0176102 0.0484806
