2 0.108546 0.67685 0.216486 0.184648
2 0.569363 0.653592 0.114212 0.130425
2 0.166307 0.626711 0.115053 0.112656
2 0.426994 0.645447 0.0865209 0.0766402
2 0.644892 0.648755 0.0558219 0.0671838
2 0.495938 0.645097 0.0563962 0.0972875
2 0.742758 0.626981 0.0457943 0.0552583
2 0.778451 0.616946 0.0343428 0.034108
0 0.991905 0.713961 0.015448 0.079558
2 0.881015 0.637344 0.0314861 0.0418611
0 0.968787 0.699998 0.0250484 0.102133
2 0.837253 0.617611 0.0279999 0.034166
2 0.711272 0.619841 0.0284703 0.0376868
2 0.108546 0.67685 0.216486 0.184648
2 0.569363 0.653592 0.114212 0.130425
2 0.166307 0.626711 0.115053 0.112656
2 0.426994 0.645447 0.0865209 0.0766402
2 0.644892 0.648755 0.0558219 0.0671838
2 0.495938 0.645097 0.0563962 0.0972875
2 0.742758 0.626981 0.0457943 0.0552583
2 0.778451 0.616946 0.0343428 0.034108
0 0.991905 0.713961 0.015448 0.079558
2 0.881015 0.637344 0.0314861 0.0418611
0 0.968787 0.699998 0.0250484 0.102133
2 0.837253 0.617611 0.0279999 0.034166
2 0.711272 0.619841 0.0284703 0.0376868
2 0.108546 0.67685 0.216486 0.184648
2 0.569363 0.653592 0.114212 0.130425
2 0.166307 0.626711 0.115053 0.112656
2 0.426994 0.645447 0.0865209 0.0766402
2 0.644892 0.648755 0.0558219 0.0671838
2 0.495938 0.645097 0.0563962 0.0972875
2 0.742758 0.626981 0.0457943 0.0552583
2 0.778451 0.616946 0.0343428 0.034108
0 0.991905 0.713961 0.015448 0.079558
2 0.881015 0.637344 0.0314861 0.0418611
0 0.968787 0.699998 0.0250484 0.102133
2 0.837253 0.617611 0.0279999 0.034166
2 0.711272 0.619841 0.0284703 0.0376868
2 0.108546 0.67685 0.216486 0.184648
2 0.569363 0.653592 0.114212 0.130425
2 0.166307 0.626711 0.115053 0.112656
2 0.426994 0.645447 0.0865209 0.0766402
2 0.644892 0.648755 0.0558219 0.0671838
2 0.495938 0.645097 0.0563962 0.0972875
2 0.742758 0.626981 0.0457943 0.0552583
2 0.778451 0.616946 0.0343428 0.034108
0 0.991905 0.713961 0.015448 0.079558
2 0.881015 0.637344 0.0314861 0.0418611
0 0.968787 0.699998 0.0250484 0.102133
2 0.837253 0.617611 0.0279999 0.034166
2 0.711272 0.619841 0.0284703 0.0376868
2 0.108546 0.67685 0.216486 0.184648
2 0.569363 0.653592 0.114212 0.130425
2 0.166307 0.626711 0.115053 0.112656
2 0.426994 0.645447 0.0865209 0.0766402
2 0.644892 0.648755 0.0558219 0.0671838
2 0.495938 0.645097 0.0563962 0.0972875
2 0.742758 0.626981 0.0457943 0.0552583
2 0.778451 0.616946 0.0343428 0.034108
0 0.991905 0.713961 0.015448 0.079558
2 0.881015 0.637344 0.0314861 0.0418611
0 0.968787 0.699998 0.0250484 0.102133
2 0.837253 0.617611 0.0279999 0.034166
2 0.711272 0.619841 0.0284703 0.0376868
0 0.337172 0.62521 0.0178385 0.077121
0 0.340523 0.625253 0.0184152 0.078496
