2 0.505612 0.634929 0.0817604 0.0846892
1 0.655334 0.723786 0.0978533 0.119676
2 0.962321 0.689905 0.0753587 0.0879903
0 0.401769 0.672985 0.0561967 0.18742
0 0.263496 0.659891 0.0502244 0.172403
0 0.654797 0.669223 0.0498182 0.174888
0 0.699397 0.653144 0.0276804 0.0955892
0 0.28511 0.647754 0.0297116 0.184024
2 0.599174 0.624971 0.0630036 0.0728252
0 0.801606 0.658846 0.0327881 0.093956
2 0.881343 0.636791 0.0319397 0.0429337
1 0.955136 0.743574 0.0512466 0.0979872
2 0.748493 0.619006 0.022453 0.0311033
0 0.325851 0.629596 0.0295262 0.0467289
2 0.774744 0.615774 0.0305146 0.0318598
0 0.628494 0.638385 0.0343771 0.105232
0 0.385033 0.664208 0.0252996 0.163963
2 0.718314 0.620176 0.024996 0.0332504
2 0.682929 0.625754 0.0312266 0.0408952
2 0.505612 0.634929 0.0817604 0.0846892
1 0.655334 0.723786 0.0978533 0.119676
2 0.962321 0.689905 0.0753587 0.0879903
0 0.401769 0.672985 0.0561967 0.18742
0 0.263496 0.659891 0.0502244 0.172403
0 0.654797 0.669223 0.0498182 0.174888
0 0.699397 0.653144 0.0276804 0.0955892
0 0.28511 0.647754 0.0297116 0.184024
2 0.599174 0.624971 0.0630036 0.0728252
0 0.801606 0.658846 0.0327881 0.093956
2 0.881343 0.636791 0.0319397 0.0429337
1 0.955136 0.743574 0.0512466 0.0979872
2 0.748493 0.619006 0.022453 0.0311033
0 0.325851 0.629596 0.0295262 0.0467289
2 0.774744 0.615774 0.0305146 0.0318598
0 0.628494 0.638385 0.0343771 0.105232
0 0.385033 0.664208 0.0252996 0.163963
2 0.718314 0.620176 0.024996 0.0332504
2 0.682929 0.625754 0.0312266 0.0408952
2 0.505612 0.634929 0.0817604 0.0846892
1 0.655334 0.723786 0.0978533 0.119676
2 0.962321 0.689905 0.0753587 0.0879903
0 0.401769 0.672985 0.0561967 0.18742
0 0.263496 0.659891 0.0502244 0.172403
0 0.654797 0.669223 0.0498182 0.174888
0 0.699397 0.653144 0.0276804 0.0955892
0 0.28511 0.647754 0.0297116 0.184024
2 0.599174 0.624971 0.0630036 0.0728252
0 0.801606 0.658846 0.0327881 0.093956
2 0.881343 0.636791 0.0319397 0.0429337
1 0.955136 0.743574 0.0512466 0.0979872
2 0.748493 0.619006 0.022453 0.0311033
0 0.325851 0.629596 0.0295262 0.0467289
2 0.774744 0.615774 0.0305146 0.0318598
0 0.628494 0.638385 0.0343771 0.105232
0 0.385033 0.664208 0.0252996 0.163963
2 0.718314 0.620176 0.024996 0.0332504
2 0.682929 0.625754 0.0312266 0.0408952
2 0.505612 0.634929 0.0817604 0.0846892
1 0.655334 0.723786 0.0978533 0.119676
2 0.962321 0.689905 0.0753587 0.0879903
0 0.401769 0.672985 0.0561967 0.18742
0 0.263496 0.659891 0.0502244 0.172403
0 0.654797 0.669223 0.0498182 0.174888
0 0.699397 0.653144 0.0276804 0.0955892
0 0.28511 0.647754 0.0297116 0.184024
2 0.599174 0.624971 0.0630036 0.0728252
0 0.801606 0.658846 0.0327881 0.093956
2 0.881343 0.636791 0.0319397 0.0429337
1 0.955136 0.743574 0.0512466 0.0979872
2 0.748493 0.619006 0.022453 0.0311033
0 0.325851 0.629596 0.0295262 0.0467289
2 0.774744 0.615774 0.0305146 0.0318598
0 0.628494 0.638385 0.0343771 0.105232
0 0.385033 0.664208 0.0252996 0.163963
2 0.718314 0.620176 0.024996 0.0332504
2 0.682929 0.625754 0.0312266 0.0408952
2 0.505612 0.634929 0.0817604 0.0846892
1 0.655334 0.723786 0.0978533 0.119676
2 0.962321 0.689905 0.0753587 0.0879903
0 0.401769 0.672985 0.0561967 0.18742
0 0.263496 0.659891 0.0502244 0.172403
0 0.654797 0.669223 0.0498182 0.174888
0 0.699397 0.653144 0.0276804 0.0955892
0 0.28511 0.647754 0.0297116 0.184024
2 0.599174 0.624971 0.0630036 0.0728252
0 0.801606 0.658846 0.0327881 0.093956
2 0.881343 0.636791 0.0319397 0.0429337
1 0.955136 0.743574 0.0512466 0.0979872
2 0.748493 0.619006 0.022453 0.0311033
0 0.325851 0.629596 0.0295262 0.0467289
2 0.774744 0.615774 0.0305146 0.0318598
0 0.628494 0.638385 0.0343771 0.105232
0 0.385033 0.664208 0.0252996 0.163963
2 0.718314 0.620176 0.024996 0.0332504
2 0.682929 0.625754 0.0312266 0.0408952
2 0.743612 0.619351 0.0315201 0.0333356
2 0.733689 0.619587 0.020059 0.032142
