0 0.978819 0.743394 0.0416191 0.215455
2 0.653781 0.631413 0.0521698 0.0504422
2 0.751505 0.623831 0.0317246 0.0364594
1 0.851147 0.689739 0.030986 0.0601084
2 0.716067 0.621315 0.0366636 0.0345202
2 0.8504 0.610738 0.0202017 0.0245259
0 0.331811 0.63188 0.0230977 0.0545129
0 0.857401 0.669963 0.0249058 0.100898
0 0.886104 0.71964 0.0233669 0.194315
2 0.771994 0.615322 0.0213883 0.0300997
2 0.806096 0.613183 0.0294395 0.0385889
0 0.978819 0.743394 0.0416191 0.215455
2 0.653781 0.631413 0.0521698 0.0504422
2 0.751505 0.623831 0.0317246 0.0364594
1 0.851147 0.689739 0.030986 0.0601084
2 0.716067 0.621315 0.0366636 0.0345202
2 0.8504 0.610738 0.0202017 0.0245259
0 0.331811 0.63188 0.0230977 0.0545129
0 0.857401 0.669963 0.0249058 0.100898
0 0.886104 0.71964 0.0233669 0.194315
2 0.771994 0.615322 0.0213883 0.0300997
2 0.806096 0.613183 0.0294395 0.0385889
0 0.978819 0.743394 0.0416191 0.215455
2 0.653781 0.631413 0.0521698 0.0504422
2 0.751505 0.623831 0.0317246 0.0364594
1 0.851147 0.689739 0.030986 0.0601084
2 0.716067 0.621315 0.0366636 0.0345202
2 0.8504 0.610738 0.0202017 0.0245259
0 0.331811 0.63188 0.0230977 0.0545129
0 0.857401 0.669963 0.0249058 0.100898
0 0.886104 0.71964 0.0233669 0.194315
2 0.771994 0.615322 0.0213883 0.0300997
2 0.806096 0.613183 0.0294395 0.0385889
0 0.978819 0.743394 0.0416191 0.215455
2 0.653781 0.631413 0.0521698 0.0504422
2 0.751505 0.623831 0.0317246 0.0364594
1 0.851147 0.689739 0.030986 0.0601084
2 0.716067 0.621315 0.0366636 0.0345202
2 0.8504 0.610738 0.0202017 0.0245259
0 0.331811 0.63188 0.0230977 0.0545129
0 0.857401 0.669963 0.0249058 0.100898
0 0.886104 0.71964 0.0233669 0.194315
2 0.771994 0.615322 0.0213883 0.0300997
2 0.806096 0.613183 0.0294395 0.0385889
0 0.978819 0.743394 0.0416191 0.215455
2 0.653781 0.631413 0.0521698 0.0504422
2 0.751505 0.623831 0.0317246 0.0364594
1 0.851147 0.689739 0.030986 0.0601084
2 0.716067 0.621315 0.0366636 0.0345202
2 0.8504 0.610738 0.0202017 0.0245259
0 0.331811 0.63188 0.0230977 0.0545129
0 0.857401 0.669963 0.0249058 0.100898
0 0.886104 0.71964 0.0233669 0.194315
2 0.771994 0.615322 0.0213883 0.0300997
2 0.806096 0.613183 0.0294395 0.0385889
0 0.881116 0.67606 0.0303986 0.106618
0 0.476006 0.614334 0.0133879 0.0667045
0 0.479567 0.614804 0.0147132 0.0622899
2 0.884331 0.606404 0.0262535 0.0233032
2 0.881951 0.60353 0.020677 0.0223294
