2 0.826349 0.680735 0.142252 0.0990729
2 0.521179 0.643135 0.0775566 0.0690586
0 0.744631 0.703347 0.0394222 0.219613
1 0.284273 0.658801 0.0655302 0.0730511
2 0.671552 0.628129 0.0411377 0.0510532
2 0.567358 0.635241 0.0449669 0.0619332
1 0.142104 0.655429 0.0624311 0.0734071
0 0.0233025 0.629926 0.0318502 0.167449
0 0.283584 0.629168 0.0336402 0.11069
0 0.144823 0.617632 0.034172 0.121705
0 0.389733 0.621473 0.0135774 0.0771988
0 0.331326 0.630153 0.0225418 0.0489938
2 0.62046 0.624054 0.0662565 0.074012
2 0.854064 0.60987 0.0207577 0.0225922
2 0.084016 0.628237 0.103511 0.102647
2 0.826349 0.680735 0.142252 0.0990729
2 0.521179 0.643135 0.0775566 0.0690586
0 0.744631 0.703347 0.0394222 0.219613
1 0.284273 0.658801 0.0655302 0.0730511
2 0.671552 0.628129 0.0411377 0.0510532
2 0.567358 0.635241 0.0449669 0.0619332
1 0.142104 0.655429 0.0624311 0.0734071
0 0.0233025 0.629926 0.0318502 0.167449
0 0.283584 0.629168 0.0336402 0.11069
0 0.144823 0.617632 0.034172 0.121705
0 0.389733 0.621473 0.0135774 0.0771988
0 0.331326 0.630153 0.0225418 0.0489938
2 0.62046 0.624054 0.0662565 0.074012
2 0.854064 0.60987 0.0207577 0.0225922
2 0.084016 0.628237 0.103511 0.102647
2 0.826349 0.680735 0.142252 0.0990729
2 0.521179 0.643135 0.0775566 0.0690586
0 0.744631 0.703347 0.0394222 0.219613
1 0.284273 0.658801 0.0655302 0.0730511
2 0.671552 0.628129 0.0411377 0.0510532
2 0.567358 0.635241 0.0449669 0.0619332
1 0.142104 0.655429 0.0624311 0.0734071
0 0.0233025 0.629926 0.0318502 0.167449
0 0.283584 0.629168 0.0336402 0.11069
0 0.144823 0.617632 0.034172 0.121705
0 0.389733 0.621473 0.0135774 0.0771988
0 0.331326 0.630153 0.0225418 0.0489938
2 0.62046 0.624054 0.0662565 0.074012
2 0.854064 0.60987 0.0207577 0.0225922
2 0.084016 0.628237 0.103511 0.102647
2 0.826349 0.680735 0.142252 0.0990729
2 0.521179 0.643135 0.0775566 0.0690586
0 0.744631 0.703347 0.0394222 0.219613
1 0.284273 0.658801 0.0655302 0.0730511
2 0.671552 0.628129 0.0411377 0.0510532
2 0.567358 0.635241 0.0449669 0.0619332
1 0.142104 0.655429 0.0624311 0.0734071
0 0.0233025 0.629926 0.0318502 0.167449
0 0.283584 0.629168 0.0336402 0.11069
0 0.144823 0.617632 0.034172 0.121705
0 0.389733 0.621473 0.0135774 0.0771988
0 0.331326 0.630153 0.0225418 0.0489938
2 0.62046 0.624054 0.0662565 0.074012
2 0.854064 0.60987 0.0207577 0.0225922
2 0.084016 0.628237 0.103511 0.102647
2 0.826349 0.680735 0.142252 0.0990729
2 0.521179 0.643135 0.0775566 0.0690586
0 0.744631 0.703347 0.0394222 0.219613
1 0.284273 0.658801 0.0655302 0.0730511
2 0.671552 0.628129 0.0411377 0.0510532
2 0.567358 0.635241 0.0449669 0.0619332
1 0.142104 0.655429 0.0624311 0.0734071
0 0.0233025 0.629926 0.0318502 0.167449
0 0.283584 0.629168 0.0336402 0.11069
0 0.144823 0.617632 0.034172 0.121705
0 0.389733 0.621473 0.0135774 0.0771988
0 0.331326 0.630153 0.0225418 0.0489938
2 0.62046 0.624054 0.0662565 0.074012
2 0.854064 0.60987 0.0207577 0.0225922
2 0.084016 0.628237 0.103511 0.102647
2 0.742779 0.616886 0.0437979 0.0537187
2 0.779717 0.615745 0.0270216 0.0309686
2 0.106173 0.628267 0.149706 0.103115
2 0.711354 0.621349 0.0291754 0.0372927
