0 0.817669 0.713028 0.0572048 0.195266
2 0.609868 0.635275 0.0605946 0.0567926
0 0.874732 0.730047 0.0452419 0.218312
2 0.725496 0.624357 0.0355843 0.0419428
1 0.853125 0.685952 0.0361351 0.0667886
2 0.837337 0.612079 0.0256561 0.0260718
2 0.781383 0.614254 0.0311233 0.0444292
0 0.331161 0.630588 0.022341 0.05165
0 0.464941 0.610885 0.0121908 0.0694988
0 0.817669 0.713028 0.0572048 0.195266
2 0.609868 0.635275 0.0605946 0.0567926
0 0.874732 0.730047 0.0452419 0.218312
2 0.725496 0.624357 0.0355843 0.0419428
1 0.853125 0.685952 0.0361351 0.0667886
2 0.837337 0.612079 0.0256561 0.0260718
2 0.781383 0.614254 0.0311233 0.0444292
0 0.331161 0.630588 0.022341 0.05165
0 0.464941 0.610885 0.0121908 0.0694988
0 0.817669 0.713028 0.0572048 0.195266
2 0.609868 0.635275 0.0605946 0.0567926
0 0.874732 0.730047 0.0452419 0.218312
2 0.725496 0.624357 0.0355843 0.0419428
1 0.853125 0.685952 0.0361351 0.0667886
2 0.837337 0.612079 0.0256561 0.0260718
2 0.781383 0.614254 0.0311233 0.0444292
0 0.331161 0.630588 0.022341 0.05165
0 0.464941 0.610885 0.0121908 0.0694988
0 0.817669 0.713028 0.0572048 0.195266
2 0.609868 0.635275 0.0605946 0.0567926
0 0.874732 0.730047 0.0452419 0.218312
2 0.725496 0.624357 0.0355843 0.0419428
1 0.853125 0.685952 0.0361351 0.0667886
2 0.837337 0.612079 0.0256561 0.0260718
2 0.781383 0.614254 0.0311233 0.0444292
0 0.331161 0.630588 0.022341 0.05165
0 0.464941 0.610885 0.0121908 0.0694988
0 0.817669 0.713028 0.0572048 0.195266
2 0.609868 0.635275 0.0605946 0.0567926
0 0.874732 0.730047 0.0452419 0.218312
2 0.725496 0.624357 0.0355843 0.0419428
1 0.853125 0.685952 0.0361351 0.0667886
2 0.837337 0.612079 0.0256561 0.0260718
2 0.781383 0.614254 0.0311233 0.0444292
0 0.331161 0.630588 0.022341 0.05165
0 0.464941 0.610885 0.0121908 0.0694988
2 0.705984 0.622118 0.0170961 0.0325289
2 0.755409 0.619052 0.0259258 0.0288381
2 0.749661 0.61859 0.0182236 0.0303085
0 0.857593 0.663058 0.0247032 0.0783812
0 0.861616 0.670948 0.0254379 0.0974069
2 0.814876 0.619567 0.033091 0.0478285
