2 0.53665 0.649759 0.133035 0.0824042
2 0.0844608 0.659404 0.168136 0.221292
2 0.159036 0.625751 0.131081 0.111105
0 0.513575 0.676692 0.0426695 0.194819
0 0.178408 0.647529 0.0338418 0.181053
2 0.696914 0.650438 0.0656391 0.0750946
0 0.240528 0.62226 0.0211314 0.0906726
2 0.881497 0.63705 0.0321766 0.0423789
2 0.767033 0.641111 0.0475924 0.0548343
2 0.816561 0.633253 0.0332548 0.0431229
2 0.656805 0.628944 0.0244459 0.0505168
0 0.331013 0.629672 0.0218359 0.0485708
7 0.621079 0.624079 0.0643753 0.0730268
3 0.416123 0.646871 0.0360792 0.0598206
2 0.726111 0.6188 0.0348275 0.0429013
2 0.805113 0.613429 0.028339 0.038373
2 0.53665 0.649759 0.133035 0.0824042
2 0.0844608 0.659404 0.168136 0.221292
2 0.159036 0.625751 0.131081 0.111105
0 0.513575 0.676692 0.0426695 0.194819
0 0.178408 0.647529 0.0338418 0.181053
2 0.696914 0.650438 0.0656391 0.0750946
0 0.240528 0.62226 0.0211314 0.0906726
2 0.881497 0.63705 0.0321766 0.0423789
2 0.767033 0.641111 0.0475924 0.0548343
2 0.816561 0.633253 0.0332548 0.0431229
2 0.656805 0.628944 0.0244459 0.0505168
0 0.331013 0.629672 0.0218359 0.0485708
7 0.621079 0.624079 0.0643753 0.0730268
3 0.416123 0.646871 0.0360792 0.0598206
2 0.726111 0.6188 0.0348275 0.0429013
2 0.805113 0.613429 0.028339 0.038373
2 0.53665 0.649759 0.133035 0.0824042
2 0.0844608 0.659404 0.168136 0.221292
2 0.159036 0.625751 0.131081 0.111105
0 0.513575 0.676692 0.0426695 0.194819
0 0.178408 0.647529 0.0338418 0.181053
2 0.696914 0.650438 0.0656391 0.0750946
0 0.240528 0.62226 0.0211314 0.0906726
2 0.881497 0.63705 0.0321766 0.0423789
2 0.767033 0.641111 0.0475924 0.0548343
2 0.816561 0.633253 0.0332548 0.0431229
2 0.656805 0.628944 0.0244459 0.0505168
0 0.331013 0.629672 0.0218359 0.0485708
7 0.621079 0.624079 0.0643753 0.0730268
3 0.416123 0.646871 0.0360792 0.0598206
2 0.726111 0.6188 0.0348275 0.0429013
2 0.805113 0.613429 0.028339 0.038373
2 0.53665 0.649759 0.133035 0.0824042
2 0.0844608 0.659404 0.168136 0.221292
2 0.159036 0.625751 0.131081 0.111105
0 0.513575 0.676692 0.0426695 0.194819
0 0.178408 0.647529 0.0338418 0.181053
2 0.696914 0.650438 0.0656391 0.0750946
0 0.240528 0.62226 0.0211314 0.0906726
2 0.881497 0.63705 0.0321766 0.0423789
2 0.767033 0.641111 0.0475924 0.0548343
2 0.816561 0.633253 0.0332548 0.0431229
2 0.656805 0.628944 0.0244459 0.0505168
0 0.331013 0.629672 0.0218359 0.0485708
7 0.621079 0.624079 0.0643753 0.0730268
3 0.416123 0.646871 0.0360792 0.0598206
2 0.726111 0.6188 0.0348275 0.0429013
2 0.805113 0.613429 0.028339 0.038373
2 0.53665 0.649759 0.133035 0.0824042
2 0.0844608 0.659404 0.168136 0.221292
2 0.159036 0.625751 0.131081 0.111105
0 0.513575 0.676692 0.0426695 0.194819
0 0.178408 0.647529 0.0338418 0.181053
2 0.696914 0.650438 0.0656391 0.0750946
0 0.240528 0.62226 0.0211314 0.0906726
2 0.881497 0.63705 0.0321766 0.0423789
2 0.767033 0.641111 0.0475924 0.0548343
2 0.816561 0.633253 0.0332548 0.0431229
2 0.656805 0.628944 0.0244459 0.0505168
0 0.331013 0.629672 0.0218359 0.0485708
7 0.621079 0.624079 0.0643753 0.0730268
3 0.416123 0.646871 0.0360792 0.0598206
2 0.726111 0.6188 0.0348275 0.0429013
2 0.805113 0.613429 0.028339 0.038373
2 0.834314 0.611631 0.0219242 0.0303791
2 0.621004 0.623989 0.0638517 0.0729639
2 0.688346 0.605028 0.0393106 0.0308341
0 0.418192 0.637286 0.0210709 0.071301
2 0.860102 0.606858 0.0186451 0.0192693
2 0.779291 0.6156 0.0264333 0.0334318
2 0.569439 0.620553 0.0452151 0.0326851
