2 0.292207 0.641647 0.122718 0.0756982
2 0.53284 0.6484 0.0846266 0.0934296
2 0.597184 0.632137 0.0546476 0.0624588
2 0.411179 0.639526 0.0727675 0.07154
2 0.659481 0.63046 0.0438 0.0465814
0 0.152714 0.624668 0.0231024 0.0975861
2 0.70304 0.636436 0.0502107 0.0565769
2 0.7992 0.636397 0.0389409 0.0507389
2 0.845544 0.623834 0.0321196 0.0399948
2 0.880797 0.63523 0.0330791 0.045756
2 0.76444 0.625679 0.0420136 0.0483843
2 0.730468 0.618004 0.0268789 0.0343057
2 0.292207 0.641647 0.122718 0.0756982
2 0.53284 0.6484 0.0846266 0.0934296
2 0.597184 0.632137 0.0546476 0.0624588
2 0.411179 0.639526 0.0727675 0.07154
2 0.659481 0.63046 0.0438 0.0465814
0 0.152714 0.624668 0.0231024 0.0975861
2 0.70304 0.636436 0.0502107 0.0565769
2 0.7992 0.636397 0.0389409 0.0507389
2 0.845544 0.623834 0.0321196 0.0399948
2 0.880797 0.63523 0.0330791 0.045756
2 0.76444 0.625679 0.0420136 0.0483843
2 0.730468 0.618004 0.0268789 0.0343057
2 0.292207 0.641647 0.122718 0.0756982
2 0.53284 0.6484 0.0846266 0.0934296
2 0.597184 0.632137 0.0546476 0.0624588
2 0.411179 0.639526 0.0727675 0.07154
2 0.659481 0.63046 0.0438 0.0465814
0 0.152714 0.624668 0.0231024 0.0975861
2 0.70304 0.636436 0.0502107 0.0565769
2 0.7992 0.636397 0.0389409 0.0507389
2 0.845544 0.623834 0.0321196 0.0399948
2 0.880797 0.63523 0.0330791 0.045756
2 0.76444 0.625679 0.0420136 0.0483843
2 0.730468 0.618004 0.0268789 0.0343057
2 0.292207 0.641647 0.122718 0.0756982
2 0.53284 0.6484 0.0846266 0.0934296
2 0.597184 0.632137 0.0546476 0.0624588
2 0.411179 0.639526 0.0727675 0.07154
2 0.659481 0.63046 0.0438 0.0465814
0 0.152714 0.624668 0.0231024 0.0975861
2 0.70304 0.636436 0.0502107 0.0565769
2 0.7992 0.636397 0.0389409 0.0507389
2 0.845544 0.623834 0.0321196 0.0399948
2 0.880797 0.63523 0.0330791 0.045756
2 0.76444 0.625679 0.0420136 0.0483843
2 0.730468 0.618004 0.0268789 0.0343057
2 0.292207 0.641647 0.122718 0.0756982
2 0.53284 0.6484 0.0846266 0.0934296
2 0.597184 0.632137 0.0546476 0.0624588
2 0.411179 0.639526 0.0727675 0.07154
2 0.659481 0.63046 0.0438 0.0465814
0 0.152714 0.624668 0.0231024 0.0975861
2 0.70304 0.636436 0.0502107 0.0565769
2 0.7992 0.636397 0.0389409 0.0507389
2 0.845544 0.623834 0.0321196 0.0399948
2 0.880797 0.63523 0.0330791 0.045756
2 0.76444 0.625679 0.0420136 0.0483843
2 0.730468 0.618004 0.0268789 0.0343057
