2 0.0739909 0.662429 0.1472 0.235983
2 0.507452 0.635245 0.0847903 0.0851708
2 0.717882 0.62538 0.0400532 0.0415127
2 0.579821 0.626994 0.0725872 0.0773819
1 0.643792 0.664595 0.0526858 0.0627068
2 0.418744 0.642911 0.0787617 0.0674428
2 0.751698 0.622486 0.0362055 0.0388307
2 0.881417 0.632936 0.032093 0.0495194
2 0.787905 0.616744 0.0322677 0.0350443
0 0.644698 0.643009 0.0278721 0.0880027
0 0.329942 0.628954 0.0231003 0.0452252
2 0.0739909 0.662429 0.1472 0.235983
2 0.507452 0.635245 0.0847903 0.0851708
2 0.717882 0.62538 0.0400532 0.0415127
2 0.579821 0.626994 0.0725872 0.0773819
1 0.643792 0.664595 0.0526858 0.0627068
2 0.418744 0.642911 0.0787617 0.0674428
2 0.751698 0.622486 0.0362055 0.0388307
2 0.881417 0.632936 0.032093 0.0495194
2 0.787905 0.616744 0.0322677 0.0350443
0 0.644698 0.643009 0.0278721 0.0880027
0 0.329942 0.628954 0.0231003 0.0452252
2 0.0739909 0.662429 0.1472 0.235983
2 0.507452 0.635245 0.0847903 0.0851708
2 0.717882 0.62538 0.0400532 0.0415127
2 0.579821 0.626994 0.0725872 0.0773819
1 0.643792 0.664595 0.0526858 0.0627068
2 0.418744 0.642911 0.0787617 0.0674428
2 0.751698 0.622486 0.0362055 0.0388307
2 0.881417 0.632936 0.032093 0.0495194
2 0.787905 0.616744 0.0322677 0.0350443
0 0.644698 0.643009 0.0278721 0.0880027
0 0.329942 0.628954 0.0231003 0.0452252
2 0.0739909 0.662429 0.1472 0.235983
2 0.507452 0.635245 0.0847903 0.0851708
2 0.717882 0.62538 0.0400532 0.0415127
2 0.579821 0.626994 0.0725872 0.0773819
1 0.643792 0.664595 0.0526858 0.0627068
2 0.418744 0.642911 0.0787617 0.0674428
2 0.751698 0.622486 0.0362055 0.0388307
2 0.881417 0.632936 0.032093 0.0495194
2 0.787905 0.616744 0.0322677 0.0350443
0 0.644698 0.643009 0.0278721 0.0880027
0 0.329942 0.628954 0.0231003 0.0452252
2 0.0739909 0.662429 0.1472 0.235983
2 0.507452 0.635245 0.0847903 0.0851708
2 0.717882 0.62538 0.0400532 0.0415127
2 0.579821 0.626994 0.0725872 0.0773819
1 0.643792 0.664595 0.0526858 0.0627068
2 0.418744 0.642911 0.0787617 0.0674428
2 0.751698 0.622486 0.0362055 0.0388307
2 0.881417 0.632936 0.032093 0.0495194
2 0.787905 0.616744 0.0322677 0.0350443
0 0.644698 0.643009 0.0278721 0.0880027
0 0.329942 0.628954 0.0231003 0.0452252
2 0.664047 0.629138 0.025485 0.0473977
0 0.324114 0.629839 0.0355197 0.0478124
