2 0.433387 0.638453 0.135435 0.136995
2 0.536359 0.637743 0.0689192 0.0726071
2 0.153955 0.637115 0.142947 0.0786533
2 0.61182 0.634785 0.0530432 0.0535311
2 0.70203 0.637528 0.0476212 0.0525892
2 0.79627 0.624908 0.0312346 0.0379486
0 0.229293 0.624841 0.0189303 0.0877036
2 0.852396 0.623169 0.0235029 0.0360561
2 0.881063 0.635572 0.032881 0.044811
2 0.774762 0.616512 0.0245911 0.032972
2 0.74912 0.619659 0.0205591 0.0292431
0 0.331339 0.63017 0.0224909 0.0497377
2 0.732107 0.619092 0.0233196 0.0329572
2 0.356536 0.649978 0.0277993 0.0698483
2 0.433387 0.638453 0.135435 0.136995
2 0.536359 0.637743 0.0689192 0.0726071
2 0.153955 0.637115 0.142947 0.0786533
2 0.61182 0.634785 0.0530432 0.0535311
2 0.70203 0.637528 0.0476212 0.0525892
2 0.79627 0.624908 0.0312346 0.0379486
0 0.229293 0.624841 0.0189303 0.0877036
2 0.852396 0.623169 0.0235029 0.0360561
2 0.881063 0.635572 0.032881 0.044811
2 0.774762 0.616512 0.0245911 0.032972
2 0.74912 0.619659 0.0205591 0.0292431
0 0.331339 0.63017 0.0224909 0.0497377
2 0.732107 0.619092 0.0233196 0.0329572
2 0.356536 0.649978 0.0277993 0.0698483
2 0.433387 0.638453 0.135435 0.136995
2 0.536359 0.637743 0.0689192 0.0726071
2 0.153955 0.637115 0.142947 0.0786533
2 0.61182 0.634785 0.0530432 0.0535311
2 0.70203 0.637528 0.0476212 0.0525892
2 0.79627 0.624908 0.0312346 0.0379486
0 0.229293 0.624841 0.0189303 0.0877036
2 0.852396 0.623169 0.0235029 0.0360561
2 0.881063 0.635572 0.032881 0.044811
2 0.774762 0.616512 0.0245911 0.032972
2 0.74912 0.619659 0.0205591 0.0292431
0 0.331339 0.63017 0.0224909 0.0497377
2 0.732107 0.619092 0.0233196 0.0329572
2 0.356536 0.649978 0.0277993 0.0698483
2 0.433387 0.638453 0.135435 0.136995
2 0.536359 0.637743 0.0689192 0.0726071
2 0.153955 0.637115 0.142947 0.0786533
2 0.61182 0.634785 0.0530432 0.0535311
2 0.70203 0.637528 0.0476212 0.0525892
2 0.79627 0.624908 0.0312346 0.0379486
0 0.229293 0.624841 0.0189303 0.0877036
2 0.852396 0.623169 0.0235029 0.0360561
2 0.881063 0.635572 0.032881 0.044811
2 0.774762 0.616512 0.0245911 0.032972
2 0.74912 0.619659 0.0205591 0.0292431
0 0.331339 0.63017 0.0224909 0.0497377
2 0.732107 0.619092 0.0233196 0.0329572
2 0.356536 0.649978 0.0277993 0.0698483
2 0.433387 0.638453 0.135435 0.136995
2 0.536359 0.637743 0.0689192 0.0726071
2 0.153955 0.637115 0.142947 0.0786533
2 0.61182 0.634785 0.0530432 0.0535311
2 0.70203 0.637528 0.0476212 0.0525892
2 0.79627 0.624908 0.0312346 0.0379486
0 0.229293 0.624841 0.0189303 0.0877036
2 0.852396 0.623169 0.0235029 0.0360561
2 0.881063 0.635572 0.032881 0.044811
2 0.774762 0.616512 0.0245911 0.032972
2 0.74912 0.619659 0.0205591 0.0292431
0 0.331339 0.63017 0.0224909 0.0497377
2 0.732107 0.619092 0.0233196 0.0329572
2 0.356536 0.649978 0.0277993 0.0698483
2 0.831716 0.618577 0.0233379 0.0351785
