2 0.216893 0.705712 0.281216 0.205534
2 0.307298 0.640616 0.112468 0.0844706
2 0.52148 0.643664 0.0795029 0.0687076
2 0.76748 0.642572 0.0487094 0.0571793
2 0.662363 0.630193 0.0358196 0.0518684
2 0.479609 0.639372 0.0439068 0.0587079
2 0.808649 0.632521 0.0379784 0.0492118
2 0.694502 0.620776 0.0463772 0.0616432
2 0.881781 0.636142 0.0320354 0.0446452
2 0.0674265 0.65361 0.134286 0.212693
3 0.416612 0.64926 0.033692 0.0552487
2 0.556334 0.632257 0.063653 0.0692442
2 0.837298 0.628572 0.0265921 0.0426649
2 0.733196 0.619705 0.0215193 0.0332684
7 0.0676333 0.653974 0.134673 0.212422
2 0.216893 0.705712 0.281216 0.205534
2 0.307298 0.640616 0.112468 0.0844706
2 0.52148 0.643664 0.0795029 0.0687076
2 0.76748 0.642572 0.0487094 0.0571793
2 0.662363 0.630193 0.0358196 0.0518684
2 0.479609 0.639372 0.0439068 0.0587079
2 0.808649 0.632521 0.0379784 0.0492118
2 0.694502 0.620776 0.0463772 0.0616432
2 0.881781 0.636142 0.0320354 0.0446452
2 0.0674265 0.65361 0.134286 0.212693
3 0.416612 0.64926 0.033692 0.0552487
2 0.556334 0.632257 0.063653 0.0692442
2 0.837298 0.628572 0.0265921 0.0426649
2 0.733196 0.619705 0.0215193 0.0332684
7 0.0676333 0.653974 0.134673 0.212422
2 0.216893 0.705712 0.281216 0.205534
2 0.307298 0.640616 0.112468 0.0844706
2 0.52148 0.643664 0.0795029 0.0687076
2 0.76748 0.642572 0.0487094 0.0571793
2 0.662363 0.630193 0.0358196 0.0518684
2 0.479609 0.639372 0.0439068 0.0587079
2 0.808649 0.632521 0.0379784 0.0492118
2 0.694502 0.620776 0.0463772 0.0616432
2 0.881781 0.636142 0.0320354 0.0446452
2 0.0674265 0.65361 0.134286 0.212693
3 0.416612 0.64926 0.033692 0.0552487
2 0.556334 0.632257 0.063653 0.0692442
2 0.837298 0.628572 0.0265921 0.0426649
2 0.733196 0.619705 0.0215193 0.0332684
7 0.0676333 0.653974 0.134673 0.212422
