1 0.863575 0.690361 0.0584179 0.0656633
0 0.964524 0.711252 0.0315414 0.124832
2 0.729288 0.623079 0.0345086 0.0414146
2 0.767313 0.621908 0.0321834 0.0425507
0 0.859721 0.669824 0.0250246 0.101467
2 0.81624 0.616633 0.0205832 0.0291423
0 0.331167 0.63032 0.0221868 0.0497423
1 0.863575 0.690361 0.0584179 0.0656633
0 0.964524 0.711252 0.0315414 0.124832
2 0.729288 0.623079 0.0345086 0.0414146
2 0.767313 0.621908 0.0321834 0.0425507
0 0.859721 0.669824 0.0250246 0.101467
2 0.81624 0.616633 0.0205832 0.0291423
0 0.331167 0.63032 0.0221868 0.0497423
1 0.863575 0.690361 0.0584179 0.0656633
0 0.964524 0.711252 0.0315414 0.124832
2 0.729288 0.623079 0.0345086 0.0414146
2 0.767313 0.621908 0.0321834 0.0425507
0 0.859721 0.669824 0.0250246 0.101467
2 0.81624 0.616633 0.0205832 0.0291423
0 0.331167 0.63032 0.0221868 0.0497423
1 0.863575 0.690361 0.0584179 0.0656633
0 0.964524 0.711252 0.0315414 0.124832
2 0.729288 0.623079 0.0345086 0.0414146
2 0.767313 0.621908 0.0321834 0.0425507
0 0.859721 0.669824 0.0250246 0.101467
2 0.81624 0.616633 0.0205832 0.0291423
0 0.331167 0.63032 0.0221868 0.0497423
1 0.863575 0.690361 0.0584179 0.0656633
0 0.964524 0.711252 0.0315414 0.124832
2 0.729288 0.623079 0.0345086 0.0414146
2 0.767313 0.621908 0.0321834 0.0425507
0 0.859721 0.669824 0.0250246 0.101467
2 0.81624 0.616633 0.0205832 0.0291423
0 0.331167 0.63032 0.0221868 0.0497423
2 0.705958 0.62211 0.0187233 0.0319711
0 0.544379 0.617446 0.01229 0.05396
0 0.883257 0.648523 0.0193745 0.0581102
2 0.793691 0.614954 0.02078 0.0273166
