2 0.39554 0.644534 0.141323 0.133028
2 0.564575 0.644363 0.0795653 0.0940056
2 0.299023 0.640837 0.0649647 0.07573
2 0.652169 0.657767 0.077574 0.0953252
2 0.728756 0.643759 0.0569387 0.0643662
2 0.76404 0.636325 0.0295303 0.0483473
2 0.685342 0.624404 0.0366634 0.0481094
2 0.881368 0.636686 0.0319754 0.0421378
2 0.806913 0.630234 0.0381298 0.0506385
2 0.614949 0.634993 0.0345463 0.0492194
7 0.081228 0.623463 0.161495 0.162678
2 0.39554 0.644534 0.141323 0.133028
2 0.564575 0.644363 0.0795653 0.0940056
2 0.299023 0.640837 0.0649647 0.07573
2 0.652169 0.657767 0.077574 0.0953252
2 0.728756 0.643759 0.0569387 0.0643662
2 0.76404 0.636325 0.0295303 0.0483473
2 0.685342 0.624404 0.0366634 0.0481094
2 0.881368 0.636686 0.0319754 0.0421378
2 0.806913 0.630234 0.0381298 0.0506385
2 0.614949 0.634993 0.0345463 0.0492194
7 0.081228 0.623463 0.161495 0.162678
2 0.39554 0.644534 0.141323 0.133028
2 0.564575 0.644363 0.0795653 0.0940056
2 0.299023 0.640837 0.0649647 0.07573
2 0.652169 0.657767 0.077574 0.0953252
2 0.728756 0.643759 0.0569387 0.0643662
2 0.76404 0.636325 0.0295303 0.0483473
2 0.685342 0.624404 0.0366634 0.0481094
2 0.881368 0.636686 0.0319754 0.0421378
2 0.806913 0.630234 0.0381298 0.0506385
2 0.614949 0.634993 0.0345463 0.0492194
7 0.081228 0.623463 0.161495 0.162678
2 0.39554 0.644534 0.141323 0.133028
2 0.564575 0.644363 0.0795653 0.0940056
2 0.299023 0.640837 0.0649647 0.07573
2 0.652169 0.657767 0.077574 0.0953252
2 0.728756 0.643759 0.0569387 0.0643662
2 0.76404 0.636325 0.0295303 0.0483473
2 0.685342 0.624404 0.0366634 0.0481094
2 0.881368 0.636686 0.0319754 0.0421378
2 0.806913 0.630234 0.0381298 0.0506385
2 0.614949 0.634993 0.0345463 0.0492194
7 0.081228 0.623463 0.161495 0.162678
2 0.39554 0.644534 0.141323 0.133028
2 0.564575 0.644363 0.0795653 0.0940056
2 0.299023 0.640837 0.0649647 0.07573
2 0.652169 0.657767 0.077574 0.0953252
2 0.728756 0.643759 0.0569387 0.0643662
2 0.76404 0.636325 0.0295303 0.0483473
2 0.685342 0.624404 0.0366634 0.0481094
2 0.881368 0.636686 0.0319754 0.0421378
2 0.806913 0.630234 0.0381298 0.0506385
2 0.614949 0.634993 0.0345463 0.0492194
7 0.081228 0.623463 0.161495 0.162678
2 0.776728 0.615231 0.0253831 0.0315621
