2 0.222302 0.63763 0.156106 0.089388
2 0.583076 0.647504 0.134003 0.095388
2 0.0859814 0.658748 0.170985 0.22092
2 0.719428 0.648799 0.0587159 0.0663634
2 0.773792 0.633783 0.0508757 0.0676922
2 0.47962 0.639691 0.0437992 0.0581307
2 0.832715 0.631213 0.034667 0.0417972
2 0.88148 0.636213 0.0325985 0.0444061
2 0.660951 0.629421 0.0387896 0.051303
0 0.986511 0.658676 0.020805 0.0767995
2 0.504447 0.643552 0.0481041 0.0674822
2 0.689257 0.617729 0.03874 0.0563048
0 0.330835 0.630806 0.0220453 0.0472512
2 0.222302 0.63763 0.156106 0.089388
2 0.583076 0.647504 0.134003 0.095388
2 0.0859814 0.658748 0.170985 0.22092
2 0.719428 0.648799 0.0587159 0.0663634
2 0.773792 0.633783 0.0508757 0.0676922
2 0.47962 0.639691 0.0437992 0.0581307
2 0.832715 0.631213 0.034667 0.0417972
2 0.88148 0.636213 0.0325985 0.0444061
2 0.660951 0.629421 0.0387896 0.051303
0 0.986511 0.658676 0.020805 0.0767995
2 0.504447 0.643552 0.0481041 0.0674822
2 0.689257 0.617729 0.03874 0.0563048
0 0.330835 0.630806 0.0220453 0.0472512
2 0.222302 0.63763 0.156106 0.089388
2 0.583076 0.647504 0.134003 0.095388
2 0.0859814 0.658748 0.170985 0.22092
2 0.719428 0.648799 0.0587159 0.0663634
2 0.773792 0.633783 0.0508757 0.0676922
2 0.47962 0.639691 0.0437992 0.0581307
2 0.832715 0.631213 0.034667 0.0417972
2 0.88148 0.636213 0.0325985 0.0444061
2 0.660951 0.629421 0.0387896 0.051303
0 0.986511 0.658676 0.020805 0.0767995
2 0.504447 0.643552 0.0481041 0.0674822
2 0.689257 0.617729 0.03874 0.0563048
0 0.330835 0.630806 0.0220453 0.0472512
