2 0.229159 0.705378 0.274233 0.201981
2 0.783853 0.638598 0.045804 0.0556178
2 0.662397 0.630181 0.0355255 0.0518124
2 0.694965 0.61981 0.0497177 0.0611294
2 0.881637 0.63578 0.0322924 0.0448641
2 0.821244 0.632348 0.0375027 0.0487242
0 0.331233 0.630935 0.0212008 0.047516
2 0.552743 0.632625 0.072455 0.069047
2 0.842712 0.62919 0.0232948 0.0428321
2 0.0739905 0.654177 0.14724 0.212695
2 0.507991 0.647865 0.103047 0.0799798
2 0.733448 0.619221 0.0208599 0.0328963
2 0.619 0.624144 0.0674257 0.0736425
2 0.229159 0.705378 0.274233 0.201981
2 0.783853 0.638598 0.045804 0.0556178
2 0.662397 0.630181 0.0355255 0.0518124
2 0.694965 0.61981 0.0497177 0.0611294
2 0.881637 0.63578 0.0322924 0.0448641
2 0.821244 0.632348 0.0375027 0.0487242
0 0.331233 0.630935 0.0212008 0.047516
2 0.552743 0.632625 0.072455 0.069047
2 0.842712 0.62919 0.0232948 0.0428321
2 0.0739905 0.654177 0.14724 0.212695
2 0.507991 0.647865 0.103047 0.0799798
2 0.733448 0.619221 0.0208599 0.0328963
2 0.619 0.624144 0.0674257 0.0736425
2 0.229159 0.705378 0.274233 0.201981
2 0.783853 0.638598 0.045804 0.0556178
2 0.662397 0.630181 0.0355255 0.0518124
2 0.694965 0.61981 0.0497177 0.0611294
2 0.881637 0.63578 0.0322924 0.0448641
2 0.821244 0.632348 0.0375027 0.0487242
0 0.331233 0.630935 0.0212008 0.047516
2 0.552743 0.632625 0.072455 0.069047
2 0.842712 0.62919 0.0232948 0.0428321
2 0.0739905 0.654177 0.14724 0.212695
2 0.507991 0.647865 0.103047 0.0799798
2 0.733448 0.619221 0.0208599 0.0328963
2 0.619 0.624144 0.0674257 0.0736425
2 0.229159 0.705378 0.274233 0.201981
2 0.783853 0.638598 0.045804 0.0556178
2 0.662397 0.630181 0.0355255 0.0518124
2 0.694965 0.61981 0.0497177 0.0611294
2 0.881637 0.63578 0.0322924 0.0448641
2 0.821244 0.632348 0.0375027 0.0487242
0 0.331233 0.630935 0.0212008 0.047516
2 0.552743 0.632625 0.072455 0.069047
2 0.842712 0.62919 0.0232948 0.0428321
2 0.0739905 0.654177 0.14724 0.212695
2 0.507991 0.647865 0.103047 0.0799798
2 0.733448 0.619221 0.0208599 0.0328963
2 0.619 0.624144 0.0674257 0.0736425
2 0.229159 0.705378 0.274233 0.201981
2 0.783853 0.638598 0.045804 0.0556178
2 0.662397 0.630181 0.0355255 0.0518124
2 0.694965 0.61981 0.0497177 0.0611294
2 0.881637 0.63578 0.0322924 0.0448641
2 0.821244 0.632348 0.0375027 0.0487242
0 0.331233 0.630935 0.0212008 0.047516
2 0.552743 0.632625 0.072455 0.069047
2 0.842712 0.62919 0.0232948 0.0428321
2 0.0739905 0.654177 0.14724 0.212695
2 0.507991 0.647865 0.103047 0.0799798
2 0.733448 0.619221 0.0208599 0.0328963
2 0.619 0.624144 0.0674257 0.0736425
3 0.416898 0.649547 0.0335312 0.0551498
2 0.858967 0.617899 0.0226643 0.0358572
2 0.756919 0.621394 0.0213409 0.0247813
0 0.41687 0.631347 0.0189413 0.0602129
