2 0.149284 0.664658 0.237322 0.191889
2 0.549071 0.66118 0.115986 0.130261
2 0.667769 0.655448 0.0701946 0.0699341
2 0.746543 0.646304 0.0402366 0.0594178
2 0.640573 0.632949 0.0440758 0.0484858
2 0.336241 0.642607 0.100146 0.073045
2 0.881286 0.63701 0.0324337 0.0412301
2 0.697597 0.623774 0.0395758 0.0478134
2 0.459236 0.63963 0.0921572 0.121835
2 0.77598 0.638296 0.0399319 0.0524134
2 0.405033 0.642116 0.0297047 0.0617825
2 0.163211 0.590194 0.171589 0.0944746
2 0.149284 0.664658 0.237322 0.191889
2 0.549071 0.66118 0.115986 0.130261
2 0.667769 0.655448 0.0701946 0.0699341
2 0.746543 0.646304 0.0402366 0.0594178
2 0.640573 0.632949 0.0440758 0.0484858
2 0.336241 0.642607 0.100146 0.073045
2 0.881286 0.63701 0.0324337 0.0412301
2 0.697597 0.623774 0.0395758 0.0478134
2 0.459236 0.63963 0.0921572 0.121835
2 0.77598 0.638296 0.0399319 0.0524134
2 0.405033 0.642116 0.0297047 0.0617825
2 0.163211 0.590194 0.171589 0.0944746
2 0.149284 0.664658 0.237322 0.191889
2 0.549071 0.66118 0.115986 0.130261
2 0.667769 0.655448 0.0701946 0.0699341
2 0.746543 0.646304 0.0402366 0.0594178
2 0.640573 0.632949 0.0440758 0.0484858
2 0.336241 0.642607 0.100146 0.073045
2 0.881286 0.63701 0.0324337 0.0412301
2 0.697597 0.623774 0.0395758 0.0478134
2 0.459236 0.63963 0.0921572 0.121835
2 0.77598 0.638296 0.0399319 0.0524134
2 0.405033 0.642116 0.0297047 0.0617825
2 0.163211 0.590194 0.171589 0.0944746
2 0.149284 0.664658 0.237322 0.191889
2 0.549071 0.66118 0.115986 0.130261
2 0.667769 0.655448 0.0701946 0.0699341
2 0.746543 0.646304 0.0402366 0.0594178
2 0.640573 0.632949 0.0440758 0.0484858
2 0.336241 0.642607 0.100146 0.073045
2 0.881286 0.63701 0.0324337 0.0412301
2 0.697597 0.623774 0.0395758 0.0478134
2 0.459236 0.63963 0.0921572 0.121835
2 0.77598 0.638296 0.0399319 0.0524134
2 0.405033 0.642116 0.0297047 0.0617825
2 0.163211 0.590194 0.171589 0.0944746
2 0.149284 0.664658 0.237322 0.191889
2 0.549071 0.66118 0.115986 0.130261
2 0.667769 0.655448 0.0701946 0.0699341
2 0.746543 0.646304 0.0402366 0.0594178
2 0.640573 0.632949 0.0440758 0.0484858
2 0.336241 0.642607 0.100146 0.073045
2 0.881286 0.63701 0.0324337 0.0412301
2 0.697597 0.623774 0.0395758 0.0478134
2 0.459236 0.63963 0.0921572 0.121835
2 0.77598 0.638296 0.0399319 0.0524134
2 0.405033 0.642116 0.0297047 0.0617825
2 0.163211 0.590194 0.171589 0.0944746
2 0.277691 0.658315 0.0592561 0.0566856
2 0.727484 0.620817 0.0255096 0.038275
2 0.776215 0.612463 0.0365431 0.0282906
