2 0.211802 0.654753 0.232777 0.199347
2 0.56378 0.635283 0.0645726 0.068112
2 0.646117 0.642732 0.0587549 0.0680445
2 0.403862 0.639981 0.0742152 0.0725581
2 0.765984 0.628412 0.0378784 0.0430061
2 0.466558 0.647189 0.0865337 0.0716794
2 0.837579 0.629394 0.0284698 0.0403176
2 0.881241 0.635703 0.0324226 0.0447561
2 0.808458 0.618236 0.0261824 0.0436505
2 0.617543 0.633262 0.0249693 0.0478156
0 0.330392 0.629647 0.0191102 0.0512931
2 0.862771 0.616354 0.0124985 0.0293923
2 0.712613 0.620068 0.0302442 0.0362754
0 0.346363 0.622626 0.0124572 0.0827662
2 0.211802 0.654753 0.232777 0.199347
2 0.56378 0.635283 0.0645726 0.068112
2 0.646117 0.642732 0.0587549 0.0680445
2 0.403862 0.639981 0.0742152 0.0725581
2 0.765984 0.628412 0.0378784 0.0430061
2 0.466558 0.647189 0.0865337 0.0716794
2 0.837579 0.629394 0.0284698 0.0403176
2 0.881241 0.635703 0.0324226 0.0447561
2 0.808458 0.618236 0.0261824 0.0436505
2 0.617543 0.633262 0.0249693 0.0478156
0 0.330392 0.629647 0.0191102 0.0512931
2 0.862771 0.616354 0.0124985 0.0293923
2 0.712613 0.620068 0.0302442 0.0362754
0 0.346363 0.622626 0.0124572 0.0827662
2 0.211802 0.654753 0.232777 0.199347
2 0.56378 0.635283 0.0645726 0.068112
2 0.646117 0.642732 0.0587549 0.0680445
2 0.403862 0.639981 0.0742152 0.0725581
2 0.765984 0.628412 0.0378784 0.0430061
2 0.466558 0.647189 0.0865337 0.0716794
2 0.837579 0.629394 0.0284698 0.0403176
2 0.881241 0.635703 0.0324226 0.0447561
2 0.808458 0.618236 0.0261824 0.0436505
2 0.617543 0.633262 0.0249693 0.0478156
0 0.330392 0.629647 0.0191102 0.0512931
2 0.862771 0.616354 0.0124985 0.0293923
2 0.712613 0.620068 0.0302442 0.0362754
0 0.346363 0.622626 0.0124572 0.0827662
2 0.211802 0.654753 0.232777 0.199347
2 0.56378 0.635283 0.0645726 0.068112
2 0.646117 0.642732 0.0587549 0.0680445
2 0.403862 0.639981 0.0742152 0.0725581
2 0.765984 0.628412 0.0378784 0.0430061
2 0.466558 0.647189 0.0865337 0.0716794
2 0.837579 0.629394 0.0284698 0.0403176
2 0.881241 0.635703 0.0324226 0.0447561
2 0.808458 0.618236 0.0261824 0.0436505
2 0.617543 0.633262 0.0249693 0.0478156
0 0.330392 0.629647 0.0191102 0.0512931
2 0.862771 0.616354 0.0124985 0.0293923
2 0.712613 0.620068 0.0302442 0.0362754
0 0.346363 0.622626 0.0124572 0.0827662
2 0.211802 0.654753 0.232777 0.199347
2 0.56378 0.635283 0.0645726 0.068112
2 0.646117 0.642732 0.0587549 0.0680445
2 0.403862 0.639981 0.0742152 0.0725581
2 0.765984 0.628412 0.0378784 0.0430061
2 0.466558 0.647189 0.0865337 0.0716794
2 0.837579 0.629394 0.0284698 0.0403176
2 0.881241 0.635703 0.0324226 0.0447561
2 0.808458 0.618236 0.0261824 0.0436505
2 0.617543 0.633262 0.0249693 0.0478156
0 0.330392 0.629647 0.0191102 0.0512931
2 0.862771 0.616354 0.0124985 0.0293923
2 0.712613 0.620068 0.0302442 0.0362754
0 0.346363 0.622626 0.0124572 0.0827662
2 0.733552 0.619357 0.0207423 0.0327392
2 0.768814 0.621826 0.0344923 0.0400884
2 0.778379 0.615188 0.0255648 0.0321664
