2 0.720247 0.620528 0.0463802 0.0368417
0 0.881511 0.658824 0.0198273 0.0833077
0 0.963583 0.704798 0.0204075 0.100778
2 0.843624 0.612049 0.0213482 0.0280864
0 0.515312 0.619394 0.0126759 0.0605937
0 0.330919 0.629516 0.0220148 0.0491543
2 0.720247 0.620528 0.0463802 0.0368417
0 0.881511 0.658824 0.0198273 0.0833077
0 0.963583 0.704798 0.0204075 0.100778
2 0.843624 0.612049 0.0213482 0.0280864
0 0.515312 0.619394 0.0126759 0.0605937
0 0.330919 0.629516 0.0220148 0.0491543
2 0.720247 0.620528 0.0463802 0.0368417
0 0.881511 0.658824 0.0198273 0.0833077
0 0.963583 0.704798 0.0204075 0.100778
2 0.843624 0.612049 0.0213482 0.0280864
0 0.515312 0.619394 0.0126759 0.0605937
0 0.330919 0.629516 0.0220148 0.0491543
2 0.720247 0.620528 0.0463802 0.0368417
0 0.881511 0.658824 0.0198273 0.0833077
0 0.963583 0.704798 0.0204075 0.100778
2 0.843624 0.612049 0.0213482 0.0280864
0 0.515312 0.619394 0.0126759 0.0605937
0 0.330919 0.629516 0.0220148 0.0491543
2 0.720247 0.620528 0.0463802 0.0368417
0 0.881511 0.658824 0.0198273 0.0833077
0 0.963583 0.704798 0.0204075 0.100778
2 0.843624 0.612049 0.0213482 0.0280864
0 0.515312 0.619394 0.0126759 0.0605937
0 0.330919 0.629516 0.0220148 0.0491543
2 0.758979 0.618432 0.0219446 0.0294661
2 0.766985 0.616701 0.0267425 0.0305573
2 0.780441 0.615706 0.0246279 0.0298898
2 0.74851 0.61901 0.0172628 0.0295002
2 0.785198 0.61524 0.0183214 0.028243
2 0.822284 0.613861 0.0155777 0.0243198
2 0.805454 0.612904 0.0198978 0.0287001
