0 0.685096 0.701931 0.0514749 0.202295
2 0.567313 0.635813 0.0458797 0.0617237
7 0.465236 0.631296 0.147392 0.116939
2 0.149986 0.63527 0.0802306 0.081351
0 0.217531 0.622304 0.0178339 0.0939799
2 0.0869031 0.65858 0.172744 0.221048
2 0.777699 0.634863 0.0479305 0.0641374
2 0.881508 0.637196 0.032222 0.0418988
2 0.718482 0.64988 0.047533 0.0643277
2 0.857875 0.623923 0.0214645 0.0325873
2 0.533082 0.640984 0.0542392 0.0656998
2 0.820868 0.632441 0.0336208 0.0433812
2 0.65593 0.628713 0.025824 0.0515995
0 0.331114 0.630137 0.0224723 0.0486984
7 0.620548 0.624141 0.0638641 0.0738497
0 0.685096 0.701931 0.0514749 0.202295
2 0.567313 0.635813 0.0458797 0.0617237
7 0.465236 0.631296 0.147392 0.116939
2 0.149986 0.63527 0.0802306 0.081351
0 0.217531 0.622304 0.0178339 0.0939799
2 0.0869031 0.65858 0.172744 0.221048
2 0.777699 0.634863 0.0479305 0.0641374
2 0.881508 0.637196 0.032222 0.0418988
2 0.718482 0.64988 0.047533 0.0643277
2 0.857875 0.623923 0.0214645 0.0325873
2 0.533082 0.640984 0.0542392 0.0656998
2 0.820868 0.632441 0.0336208 0.0433812
2 0.65593 0.628713 0.025824 0.0515995
0 0.331114 0.630137 0.0224723 0.0486984
7 0.620548 0.624141 0.0638641 0.0738497
0 0.685096 0.701931 0.0514749 0.202295
2 0.567313 0.635813 0.0458797 0.0617237
7 0.465236 0.631296 0.147392 0.116939
2 0.149986 0.63527 0.0802306 0.081351
0 0.217531 0.622304 0.0178339 0.0939799
2 0.0869031 0.65858 0.172744 0.221048
2 0.777699 0.634863 0.0479305 0.0641374
2 0.881508 0.637196 0.032222 0.0418988
2 0.718482 0.64988 0.047533 0.0643277
2 0.857875 0.623923 0.0214645 0.0325873
2 0.533082 0.640984 0.0542392 0.0656998
2 0.820868 0.632441 0.0336208 0.0433812
2 0.65593 0.628713 0.025824 0.0515995
0 0.331114 0.630137 0.0224723 0.0486984
7 0.620548 0.624141 0.0638641 0.0738497
