2 0.521427 0.642974 0.0775894 0.0694272
0 0.27326 0.65473 0.0541009 0.189746
2 0.962186 0.696354 0.0750114 0.0931619
0 0.310506 0.654261 0.0367782 0.178269
2 0.729068 0.624252 0.036577 0.042878
2 0.0191375 0.635377 0.0363638 0.0765188
2 0.569524 0.635606 0.0446609 0.0616347
2 0.880989 0.637427 0.0314308 0.0413959
2 0.641104 0.623573 0.0622965 0.0677934
0 0.412911 0.616384 0.0130793 0.0747106
2 0.799916 0.612323 0.0294214 0.0416801
2 0.706273 0.62134 0.0195486 0.0333067
2 0.521427 0.642974 0.0775894 0.0694272
0 0.27326 0.65473 0.0541009 0.189746
2 0.962186 0.696354 0.0750114 0.0931619
0 0.310506 0.654261 0.0367782 0.178269
2 0.729068 0.624252 0.036577 0.042878
2 0.0191375 0.635377 0.0363638 0.0765188
2 0.569524 0.635606 0.0446609 0.0616347
2 0.880989 0.637427 0.0314308 0.0413959
2 0.641104 0.623573 0.0622965 0.0677934
0 0.412911 0.616384 0.0130793 0.0747106
2 0.799916 0.612323 0.0294214 0.0416801
2 0.706273 0.62134 0.0195486 0.0333067
2 0.521427 0.642974 0.0775894 0.0694272
0 0.27326 0.65473 0.0541009 0.189746
2 0.962186 0.696354 0.0750114 0.0931619
0 0.310506 0.654261 0.0367782 0.178269
2 0.729068 0.624252 0.036577 0.042878
2 0.0191375 0.635377 0.0363638 0.0765188
2 0.569524 0.635606 0.0446609 0.0616347
2 0.880989 0.637427 0.0314308 0.0413959
2 0.641104 0.623573 0.0622965 0.0677934
0 0.412911 0.616384 0.0130793 0.0747106
2 0.799916 0.612323 0.0294214 0.0416801
2 0.706273 0.62134 0.0195486 0.0333067
2 0.521427 0.642974 0.0775894 0.0694272
0 0.27326 0.65473 0.0541009 0.189746
2 0.962186 0.696354 0.0750114 0.0931619
0 0.310506 0.654261 0.0367782 0.178269
2 0.729068 0.624252 0.036577 0.042878
2 0.0191375 0.635377 0.0363638 0.0765188
2 0.569524 0.635606 0.0446609 0.0616347
2 0.880989 0.637427 0.0314308 0.0413959
2 0.641104 0.623573 0.0622965 0.0677934
0 0.412911 0.616384 0.0130793 0.0747106
2 0.799916 0.612323 0.0294214 0.0416801
2 0.706273 0.62134 0.0195486 0.0333067
2 0.521427 0.642974 0.0775894 0.0694272
0 0.27326 0.65473 0.0541009 0.189746
2 0.962186 0.696354 0.0750114 0.0931619
0 0.310506 0.654261 0.0367782 0.178269
2 0.729068 0.624252 0.036577 0.042878
2 0.0191375 0.635377 0.0363638 0.0765188
2 0.569524 0.635606 0.0446609 0.0616347
2 0.880989 0.637427 0.0314308 0.0413959
2 0.641104 0.623573 0.0622965 0.0677934
0 0.412911 0.616384 0.0130793 0.0747106
2 0.799916 0.612323 0.0294214 0.0416801
2 0.706273 0.62134 0.0195486 0.0333067
0 0.465144 0.636351 0.0195168 0.0797114
2 0.767873 0.616101 0.0237862 0.031231
2 0.757672 0.617548 0.0197886 0.0301427
2 0.330654 0.632736 0.0215604 0.0452686
