2 0.720525 0.620361 0.0462313 0.0369541
0 0.87583 0.676159 0.0227135 0.114877
0 0.483812 0.616867 0.0132462 0.069536
2 0.765007 0.617056 0.0248696 0.0301039
0 0.889765 0.662247 0.0161369 0.0899637
0 0.331159 0.629332 0.0216658 0.049012
2 0.720525 0.620361 0.0462313 0.0369541
0 0.87583 0.676159 0.0227135 0.114877
0 0.483812 0.616867 0.0132462 0.069536
2 0.765007 0.617056 0.0248696 0.0301039
0 0.889765 0.662247 0.0161369 0.0899637
0 0.331159 0.629332 0.0216658 0.049012
2 0.720525 0.620361 0.0462313 0.0369541
0 0.87583 0.676159 0.0227135 0.114877
0 0.483812 0.616867 0.0132462 0.069536
2 0.765007 0.617056 0.0248696 0.0301039
0 0.889765 0.662247 0.0161369 0.0899637
0 0.331159 0.629332 0.0216658 0.049012
2 0.720525 0.620361 0.0462313 0.0369541
0 0.87583 0.676159 0.0227135 0.114877
0 0.483812 0.616867 0.0132462 0.069536
2 0.765007 0.617056 0.0248696 0.0301039
0 0.889765 0.662247 0.0161369 0.0899637
0 0.331159 0.629332 0.0216658 0.049012
2 0.720525 0.620361 0.0462313 0.0369541
0 0.87583 0.676159 0.0227135 0.114877
0 0.483812 0.616867 0.0132462 0.069536
2 0.765007 0.617056 0.0248696 0.0301039
0 0.889765 0.662247 0.0161369 0.0899637
0 0.331159 0.629332 0.0216658 0.049012
2 0.861388 0.617721 0.0211803 0.0364344
2 0.748212 0.619442 0.0157403 0.028128
2 0.780243 0.615505 0.0210086 0.029903
