1 0.754385 0.716845 0.0912428 0.095667
2 0.962958 0.696691 0.0732269 0.0926714
0 0.323586 0.667037 0.0565949 0.184594
2 0.697188 0.627656 0.0401612 0.0412943
0 0.0309003 0.633828 0.035275 0.159335
0 0.358597 0.654032 0.0378547 0.187582
0 0.0510412 0.634555 0.0280018 0.160815
1 0.489537 0.695592 0.0653356 0.108829
0 0.653804 0.643399 0.0320528 0.108119
0 0.475294 0.642475 0.0378337 0.162133
2 0.881304 0.636293 0.0325987 0.043149
0 0.756179 0.670503 0.0493767 0.141209
2 0.615408 0.624604 0.067889 0.0714118
0 0.282418 0.613583 0.0154074 0.0712735
0 0.515612 0.6383 0.0443552 0.118866
2 0.778223 0.614517 0.0274704 0.028379
1 0.754385 0.716845 0.0912428 0.095667
2 0.962958 0.696691 0.0732269 0.0926714
0 0.323586 0.667037 0.0565949 0.184594
2 0.697188 0.627656 0.0401612 0.0412943
0 0.0309003 0.633828 0.035275 0.159335
0 0.358597 0.654032 0.0378547 0.187582
0 0.0510412 0.634555 0.0280018 0.160815
1 0.489537 0.695592 0.0653356 0.108829
0 0.653804 0.643399 0.0320528 0.108119
0 0.475294 0.642475 0.0378337 0.162133
2 0.881304 0.636293 0.0325987 0.043149
0 0.756179 0.670503 0.0493767 0.141209
2 0.615408 0.624604 0.067889 0.0714118
0 0.282418 0.613583 0.0154074 0.0712735
0 0.515612 0.6383 0.0443552 0.118866
2 0.778223 0.614517 0.0274704 0.028379
1 0.754385 0.716845 0.0912428 0.095667
2 0.962958 0.696691 0.0732269 0.0926714
0 0.323586 0.667037 0.0565949 0.184594
2 0.697188 0.627656 0.0401612 0.0412943
0 0.0309003 0.633828 0.035275 0.159335
0 0.358597 0.654032 0.0378547 0.187582
0 0.0510412 0.634555 0.0280018 0.160815
1 0.489537 0.695592 0.0653356 0.108829
0 0.653804 0.643399 0.0320528 0.108119
0 0.475294 0.642475 0.0378337 0.162133
2 0.881304 0.636293 0.0325987 0.043149
0 0.756179 0.670503 0.0493767 0.141209
2 0.615408 0.624604 0.067889 0.0714118
0 0.282418 0.613583 0.0154074 0.0712735
0 0.515612 0.6383 0.0443552 0.118866
2 0.778223 0.614517 0.0274704 0.028379
