2 0.525896 0.643782 0.137055 0.0990172
2 0.0862951 0.658628 0.171592 0.221109
2 0.70509 0.65146 0.063337 0.0691286
2 0.15537 0.634417 0.104343 0.0909793
2 0.826436 0.633158 0.0363934 0.0434774
2 0.76203 0.637796 0.0545597 0.0653259
0 0.215659 0.622775 0.0182712 0.0951556
2 0.881201 0.636919 0.0323135 0.0425466
0 0.331022 0.63086 0.0217953 0.0509079
2 0.658001 0.629467 0.0300753 0.0511692
2 0.61973 0.623826 0.0649691 0.0736649
0 0.423612 0.63419 0.0185159 0.0751517
2 0.68911 0.617469 0.0435167 0.055719
3 0.416384 0.647213 0.035325 0.0589937
2 0.525896 0.643782 0.137055 0.0990172
2 0.0862951 0.658628 0.171592 0.221109
2 0.70509 0.65146 0.063337 0.0691286
2 0.15537 0.634417 0.104343 0.0909793
2 0.826436 0.633158 0.0363934 0.0434774
2 0.76203 0.637796 0.0545597 0.0653259
0 0.215659 0.622775 0.0182712 0.0951556
2 0.881201 0.636919 0.0323135 0.0425466
0 0.331022 0.63086 0.0217953 0.0509079
2 0.658001 0.629467 0.0300753 0.0511692
2 0.61973 0.623826 0.0649691 0.0736649
0 0.423612 0.63419 0.0185159 0.0751517
2 0.68911 0.617469 0.0435167 0.055719
3 0.416384 0.647213 0.035325 0.0589937
2 0.525896 0.643782 0.137055 0.0990172
2 0.0862951 0.658628 0.171592 0.221109
2 0.70509 0.65146 0.063337 0.0691286
2 0.15537 0.634417 0.104343 0.0909793
2 0.826436 0.633158 0.0363934 0.0434774
2 0.76203 0.637796 0.0545597 0.0653259
0 0.215659 0.622775 0.0182712 0.0951556
2 0.881201 0.636919 0.0323135 0.0425466
0 0.331022 0.63086 0.0217953 0.0509079
2 0.658001 0.629467 0.0300753 0.0511692
2 0.61973 0.623826 0.0649691 0.0736649
0 0.423612 0.63419 0.0185159 0.0751517
2 0.68911 0.617469 0.0435167 0.055719
3 0.416384 0.647213 0.035325 0.0589937
2 0.525896 0.643782 0.137055 0.0990172
2 0.0862951 0.658628 0.171592 0.221109
2 0.70509 0.65146 0.063337 0.0691286
2 0.15537 0.634417 0.104343 0.0909793
2 0.826436 0.633158 0.0363934 0.0434774
2 0.76203 0.637796 0.0545597 0.0653259
0 0.215659 0.622775 0.0182712 0.0951556
2 0.881201 0.636919 0.0323135 0.0425466
0 0.331022 0.63086 0.0217953 0.0509079
2 0.658001 0.629467 0.0300753 0.0511692
2 0.61973 0.623826 0.0649691 0.0736649
0 0.423612 0.63419 0.0185159 0.0751517
2 0.68911 0.617469 0.0435167 0.055719
3 0.416384 0.647213 0.035325 0.0589937
2 0.525896 0.643782 0.137055 0.0990172
2 0.0862951 0.658628 0.171592 0.221109
2 0.70509 0.65146 0.063337 0.0691286
2 0.15537 0.634417 0.104343 0.0909793
2 0.826436 0.633158 0.0363934 0.0434774
2 0.76203 0.637796 0.0545597 0.0653259
0 0.215659 0.622775 0.0182712 0.0951556
2 0.881201 0.636919 0.0323135 0.0425466
0 0.331022 0.63086 0.0217953 0.0509079
2 0.658001 0.629467 0.0300753 0.0511692
2 0.61973 0.623826 0.0649691 0.0736649
0 0.423612 0.63419 0.0185159 0.0751517
2 0.68911 0.617469 0.0435167 0.055719
3 0.416384 0.647213 0.035325 0.0589937
2 0.850827 0.62166 0.0267925 0.0381124
2 0.5617 0.613771 0.0507362 0.0375222
0 0.992985 0.663508 0.0132322 0.0740875
