2 0.0739727 0.66246 0.147161 0.236371
2 0.507469 0.635089 0.0850789 0.08478
2 0.653357 0.630954 0.0462954 0.0492883
2 0.418984 0.643165 0.0795534 0.0673934
2 0.580133 0.62719 0.0731751 0.0776569
2 0.774139 0.619308 0.0299363 0.0367477
2 0.8811 0.636127 0.0324085 0.0439626
2 0.855534 0.619177 0.0241199 0.0360179
2 0.713594 0.621178 0.0319857 0.0340908
2 0.805515 0.614176 0.0289124 0.0355319
2 0.749302 0.620053 0.0197895 0.0283288
0 0.627059 0.62215 0.0146376 0.0674325
0 0.330324 0.62884 0.0223001 0.0448475
2 0.0739727 0.66246 0.147161 0.236371
2 0.507469 0.635089 0.0850789 0.08478
2 0.653357 0.630954 0.0462954 0.0492883
2 0.418984 0.643165 0.0795534 0.0673934
2 0.580133 0.62719 0.0731751 0.0776569
2 0.774139 0.619308 0.0299363 0.0367477
2 0.8811 0.636127 0.0324085 0.0439626
2 0.855534 0.619177 0.0241199 0.0360179
2 0.713594 0.621178 0.0319857 0.0340908
2 0.805515 0.614176 0.0289124 0.0355319
2 0.749302 0.620053 0.0197895 0.0283288
0 0.627059 0.62215 0.0146376 0.0674325
0 0.330324 0.62884 0.0223001 0.0448475
2 0.0739727 0.66246 0.147161 0.236371
2 0.507469 0.635089 0.0850789 0.08478
2 0.653357 0.630954 0.0462954 0.0492883
2 0.418984 0.643165 0.0795534 0.0673934
2 0.580133 0.62719 0.0731751 0.0776569
2 0.774139 0.619308 0.0299363 0.0367477
2 0.8811 0.636127 0.0324085 0.0439626
2 0.855534 0.619177 0.0241199 0.0360179
2 0.713594 0.621178 0.0319857 0.0340908
2 0.805515 0.614176 0.0289124 0.0355319
2 0.749302 0.620053 0.0197895 0.0283288
0 0.627059 0.62215 0.0146376 0.0674325
0 0.330324 0.62884 0.0223001 0.0448475
2 0.0739727 0.66246 0.147161 0.236371
2 0.507469 0.635089 0.0850789 0.08478
2 0.653357 0.630954 0.0462954 0.0492883
2 0.418984 0.643165 0.0795534 0.0673934
2 0.580133 0.62719 0.0731751 0.0776569
2 0.774139 0.619308 0.0299363 0.0367477
2 0.8811 0.636127 0.0324085 0.0439626
2 0.855534 0.619177 0.0241199 0.0360179
2 0.713594 0.621178 0.0319857 0.0340908
2 0.805515 0.614176 0.0289124 0.0355319
2 0.749302 0.620053 0.0197895 0.0283288
0 0.627059 0.62215 0.0146376 0.0674325
0 0.330324 0.62884 0.0223001 0.0448475
2 0.0739727 0.66246 0.147161 0.236371
2 0.507469 0.635089 0.0850789 0.08478
2 0.653357 0.630954 0.0462954 0.0492883
2 0.418984 0.643165 0.0795534 0.0673934
2 0.580133 0.62719 0.0731751 0.0776569
2 0.774139 0.619308 0.0299363 0.0367477
2 0.8811 0.636127 0.0324085 0.0439626
2 0.855534 0.619177 0.0241199 0.0360179
2 0.713594 0.621178 0.0319857 0.0340908
2 0.805515 0.614176 0.0289124 0.0355319
2 0.749302 0.620053 0.0197895 0.0283288
0 0.627059 0.62215 0.0146376 0.0674325
0 0.330324 0.62884 0.0223001 0.0448475
2 0.734632 0.61944 0.0185679 0.0316357
2 0.829315 0.614254 0.0192633 0.0316558
2 0.830594 0.610353 0.0211325 0.0256978
