7 0.517519 0.844644 0.0949549 0.261763
2 0.56885 0.722545 0.087031 0.128993
7 0.340039 0.707999 0.0773459 0.209959
2 0.0355485 0.71964 0.0707241 0.143914
2 0.292004 0.625779 0.0550867 0.12039
2 0.434761 0.568897 0.0517904 0.0876326
2 0.182029 0.680075 0.0742893 0.117396
2 0.508277 0.606107 0.0577961 0.108761
7 0.197154 0.421763 0.0639833 0.10418
2 0.0734105 0.62855 0.0795246 0.102868
0 0.237131 0.704993 0.0300971 0.0934818
2 0.490315 0.524724 0.0480854 0.0858434
7 0.345896 0.432779 0.0353932 0.0952654
2 0.178449 0.496518 0.0486861 0.0690165
7 0.469804 0.434575 0.0367649 0.107285
7 0.385721 0.37187 0.0403162 0.0936691
2 0.41641 0.454991 0.0414776 0.067804
2 0.381538 0.651776 0.0517893 0.129801
3 0.178989 0.754162 0.0292406 0.0745341
0 0.181149 0.70591 0.0417776 0.088491
0 0.171075 0.973021 0.0479967 0.0530511
2 0.340361 0.549684 0.0468523 0.10752
0 0.10502 0.641787 0.0207192 0.0914602
2 0.4302 0.503272 0.0391329 0.0644614
2 0.104911 0.589869 0.0651058 0.0964618
3 0.235325 0.740863 0.0251932 0.072354
2 0.274841 0.466673 0.0360664 0.0713763
2 0.440366 0.414451 0.025499 0.0523261
2 0.624444 0.355682 0.0296738 0.0315965
2 0.879749 0.718581 0.0892651 0.112848
0 0.307899 0.441919 0.0156379 0.0512958
2 0.296593 0.366413 0.0199458 0.0404751
2 0.387438 0.435673 0.0295345 0.0537984
7 0.274641 0.467026 0.0359667 0.0713864
7 0.517519 0.844644 0.0949549 0.261763
2 0.56885 0.722545 0.087031 0.128993
7 0.340039 0.707999 0.0773459 0.209959
2 0.0355485 0.71964 0.0707241 0.143914
2 0.292004 0.625779 0.0550867 0.12039
2 0.434761 0.568897 0.0517904 0.0876326
2 0.182029 0.680075 0.0742893 0.117396
2 0.508277 0.606107 0.0577961 0.108761
7 0.197154 0.421763 0.0639833 0.10418
2 0.0734105 0.62855 0.0795246 0.102868
0 0.237131 0.704993 0.0300971 0.0934818
2 0.490315 0.524724 0.0480854 0.0858434
7 0.345896 0.432779 0.0353932 0.0952654
2 0.178449 0.496518 0.0486861 0.0690165
7 0.469804 0.434575 0.0367649 0.107285
7 0.385721 0.37187 0.0403162 0.0936691
2 0.41641 0.454991 0.0414776 0.067804
2 0.381538 0.651776 0.0517893 0.129801
3 0.178989 0.754162 0.0292406 0.0745341
0 0.181149 0.70591 0.0417776 0.088491
0 0.171075 0.973021 0.0479967 0.0530511
2 0.340361 0.549684 0.0468523 0.10752
0 0.10502 0.641787 0.0207192 0.0914602
2 0.4302 0.503272 0.0391329 0.0644614
2 0.104911 0.589869 0.0651058 0.0964618
3 0.235325 0.740863 0.0251932 0.072354
2 0.274841 0.466673 0.0360664 0.0713763
2 0.440366 0.414451 0.025499 0.0523261
2 0.624444 0.355682 0.0296738 0.0315965
2 0.879749 0.718581 0.0892651 0.112848
0 0.307899 0.441919 0.0156379 0.0512958
2 0.296593 0.366413 0.0199458 0.0404751
2 0.387438 0.435673 0.0295345 0.0537984
7 0.274641 0.467026 0.0359667 0.0713864
2 0.899578 0.6251 0.0886337 0.143074
7 0.412402 0.352989 0.0210682 0.0715697
2 0.428978 0.3918 0.0252316 0.0469856
0 0.36925 0.482617 0.0176846 0.0619522
7 0.392435 0.286467 0.0298557 0.0639451
2 0.938541 0.511775 0.0744251 0.150326
7 0.899345 0.598741 0.0929268 0.194143
2 0.886517 0.729445 0.0746964 0.0895504
7 0.517519 0.844644 0.0949549 0.261763
2 0.56885 0.722545 0.087031 0.128993
7 0.340039 0.707999 0.0773459 0.209959
2 0.0355485 0.71964 0.0707241 0.143914
2 0.292004 0.625779 0.0550867 0.12039
2 0.434761 0.568897 0.0517904 0.0876326
2 0.182029 0.680075 0.0742893 0.117396
2 0.508277 0.606107 0.0577961 0.108761
7 0.197154 0.421763 0.0639833 0.10418
2 0.0734105 0.62855 0.0795246 0.102868
0 0.237131 0.704993 0.0300971 0.0934818
2 0.490315 0.524724 0.0480854 0.0858434
7 0.345896 0.432779 0.0353932 0.0952654
2 0.178449 0.496518 0.0486861 0.0690165
7 0.469804 0.434575 0.0367649 0.107285
7 0.385721 0.37187 0.0403162 0.0936691
2 0.41641 0.454991 0.0414776 0.067804
2 0.381538 0.651776 0.0517893 0.129801
3 0.178989 0.754162 0.0292406 0.0745341
0 0.181149 0.70591 0.0417776 0.088491
0 0.171075 0.973021 0.0479967 0.0530511
2 0.340361 0.549684 0.0468523 0.10752
0 0.10502 0.641787 0.0207192 0.0914602
2 0.4302 0.503272 0.0391329 0.0644614
2 0.104911 0.589869 0.0651058 0.0964618
3 0.235325 0.740863 0.0251932 0.072354
2 0.274841 0.466673 0.0360664 0.0713763
2 0.440366 0.414451 0.025499 0.0523261
2 0.624444 0.355682 0.0296738 0.0315965
2 0.879749 0.718581 0.0892651 0.112848
0 0.307899 0.441919 0.0156379 0.0512958
2 0.296593 0.366413 0.0199458 0.0404751
2 0.387438 0.435673 0.0295345 0.0537984
7 0.274641 0.467026 0.0359667 0.0713864
2 0.899578 0.6251 0.0886337 0.143074
7 0.412402 0.352989 0.0210682 0.0715697
2 0.428978 0.3918 0.0252316 0.0469856
0 0.36925 0.482617 0.0176846 0.0619522
7 0.392435 0.286467 0.0298557 0.0639451
2 0.938541 0.511775 0.0744251 0.150326
7 0.899345 0.598741 0.0929268 0.194143
2 0.886517 0.729445 0.0746964 0.0895504
7 0.517519 0.844644 0.0949549 0.261763
2 0.56885 0.722545 0.087031 0.128993
7 0.340039 0.707999 0.0773459 0.209959
2 0.0355485 0.71964 0.0707241 0.143914
2 0.292004 0.625779 0.0550867 0.12039
2 0.434761 0.568897 0.0517904 0.0876326
2 0.182029 0.680075 0.0742893 0.117396
2 0.508277 0.606107 0.0577961 0.108761
7 0.197154 0.421763 0.0639833 0.10418
2 0.0734105 0.62855 0.0795246 0.102868
0 0.237131 0.704993 0.0300971 0.0934818
2 0.490315 0.524724 0.0480854 0.0858434
7 0.345896 0.432779 0.0353932 0.0952654
2 0.178449 0.496518 0.0486861 0.0690165
7 0.469804 0.434575 0.0367649 0.107285
7 0.385721 0.37187 0.0403162 0.0936691
2 0.41641 0.454991 0.0414776 0.067804
2 0.381538 0.651776 0.0517893 0.129801
3 0.178989 0.754162 0.0292406 0.0745341
0 0.181149 0.70591 0.0417776 0.088491
0 0.171075 0.973021 0.0479967 0.0530511
2 0.340361 0.549684 0.0468523 0.10752
0 0.10502 0.641787 0.0207192 0.0914602
2 0.4302 0.503272 0.0391329 0.0644614
2 0.104911 0.589869 0.0651058 0.0964618
3 0.235325 0.740863 0.0251932 0.072354
2 0.274841 0.466673 0.0360664 0.0713763
2 0.440366 0.414451 0.025499 0.0523261
2 0.624444 0.355682 0.0296738 0.0315965
2 0.879749 0.718581 0.0892651 0.112848
0 0.307899 0.441919 0.0156379 0.0512958
2 0.296593 0.366413 0.0199458 0.0404751
2 0.387438 0.435673 0.0295345 0.0537984
7 0.274641 0.467026 0.0359667 0.0713864
2 0.899578 0.6251 0.0886337 0.143074
7 0.412402 0.352989 0.0210682 0.0715697
2 0.428978 0.3918 0.0252316 0.0469856
0 0.36925 0.482617 0.0176846 0.0619522
7 0.392435 0.286467 0.0298557 0.0639451
2 0.938541 0.511775 0.0744251 0.150326
7 0.899345 0.598741 0.0929268 0.194143
2 0.886517 0.729445 0.0746964 0.0895504
7 0.517519 0.844644 0.0949549 0.261763
2 0.56885 0.722545 0.087031 0.128993
7 0.340039 0.707999 0.0773459 0.209959
2 0.0355485 0.71964 0.0707241 0.143914
2 0.292004 0.625779 0.0550867 0.12039
2 0.434761 0.568897 0.0517904 0.0876326
2 0.182029 0.680075 0.0742893 0.117396
2 0.508277 0.606107 0.0577961 0.108761
7 0.197154 0.421763 0.0639833 0.10418
2 0.0734105 0.62855 0.0795246 0.102868
0 0.237131 0.704993 0.0300971 0.0934818
2 0.490315 0.524724 0.0480854 0.0858434
7 0.345896 0.432779 0.0353932 0.0952654
2 0.178449 0.496518 0.0486861 0.0690165
7 0.469804 0.434575 0.0367649 0.107285
7 0.385721 0.37187 0.0403162 0.0936691
2 0.41641 0.454991 0.0414776 0.067804
2 0.381538 0.651776 0.0517893 0.129801
3 0.178989 0.754162 0.0292406 0.0745341
0 0.181149 0.70591 0.0417776 0.088491
0 0.171075 0.973021 0.0479967 0.0530511
2 0.340361 0.549684 0.0468523 0.10752
0 0.10502 0.641787 0.0207192 0.0914602
2 0.4302 0.503272 0.0391329 0.0644614
2 0.104911 0.589869 0.0651058 0.0964618
3 0.235325 0.740863 0.0251932 0.072354
2 0.274841 0.466673 0.0360664 0.0713763
2 0.440366 0.414451 0.025499 0.0523261
2 0.624444 0.355682 0.0296738 0.0315965
2 0.879749 0.718581 0.0892651 0.112848
0 0.307899 0.441919 0.0156379 0.0512958
2 0.296593 0.366413 0.0199458 0.0404751
2 0.387438 0.435673 0.0295345 0.0537984
7 0.274641 0.467026 0.0359667 0.0713864
2 0.899578 0.6251 0.0886337 0.143074
7 0.412402 0.352989 0.0210682 0.0715697
2 0.428978 0.3918 0.0252316 0.0469856
0 0.36925 0.482617 0.0176846 0.0619522
7 0.392435 0.286467 0.0298557 0.0639451
2 0.938541 0.511775 0.0744251 0.150326
7 0.899345 0.598741 0.0929268 0.194143
2 0.886517 0.729445 0.0746964 0.0895504
7 0.517519 0.844644 0.0949549 0.261763
2 0.56885 0.722545 0.087031 0.128993
7 0.340039 0.707999 0.0773459 0.209959
2 0.0355485 0.71964 0.0707241 0.143914
2 0.292004 0.625779 0.0550867 0.12039
2 0.434761 0.568897 0.0517904 0.0876326
2 0.182029 0.680075 0.0742893 0.117396
2 0.508277 0.606107 0.0577961 0.108761
7 0.197154 0.421763 0.0639833 0.10418
2 0.0734105 0.62855 0.0795246 0.102868
0 0.237131 0.704993 0.0300971 0.0934818
2 0.490315 0.524724 0.0480854 0.0858434
7 0.345896 0.432779 0.0353932 0.0952654
2 0.178449 0.496518 0.0486861 0.0690165
7 0.469804 0.434575 0.0367649 0.107285
7 0.385721 0.37187 0.0403162 0.0936691
2 0.41641 0.454991 0.0414776 0.067804
2 0.381538 0.651776 0.0517893 0.129801
3 0.178989 0.754162 0.0292406 0.0745341
0 0.181149 0.70591 0.0417776 0.088491
0 0.171075 0.973021 0.0479967 0.0530511
2 0.340361 0.549684 0.0468523 0.10752
0 0.10502 0.641787 0.0207192 0.0914602
2 0.4302 0.503272 0.0391329 0.0644614
2 0.104911 0.589869 0.0651058 0.0964618
3 0.235325 0.740863 0.0251932 0.072354
2 0.274841 0.466673 0.0360664 0.0713763
2 0.440366 0.414451 0.025499 0.0523261
2 0.624444 0.355682 0.0296738 0.0315965
2 0.879749 0.718581 0.0892651 0.112848
0 0.307899 0.441919 0.0156379 0.0512958
2 0.296593 0.366413 0.0199458 0.0404751
2 0.387438 0.435673 0.0295345 0.0537984
7 0.274641 0.467026 0.0359667 0.0713864
2 0.899578 0.6251 0.0886337 0.143074
7 0.412402 0.352989 0.0210682 0.0715697
2 0.428978 0.3918 0.0252316 0.0469856
0 0.36925 0.482617 0.0176846 0.0619522
7 0.392435 0.286467 0.0298557 0.0639451
2 0.938541 0.511775 0.0744251 0.150326
7 0.899345 0.598741 0.0929268 0.194143
2 0.886517 0.729445 0.0746964 0.0895504
7 0.517519 0.844644 0.0949549 0.261763
2 0.56885 0.722545 0.087031 0.128993
7 0.340039 0.707999 0.0773459 0.209959
2 0.0355485 0.71964 0.0707241 0.143914
2 0.292004 0.625779 0.0550867 0.12039
2 0.434761 0.568897 0.0517904 0.0876326
2 0.182029 0.680075 0.0742893 0.117396
2 0.508277 0.606107 0.0577961 0.108761
7 0.197154 0.421763 0.0639833 0.10418
2 0.0734105 0.62855 0.0795246 0.102868
0 0.237131 0.704993 0.0300971 0.0934818
2 0.490315 0.524724 0.0480854 0.0858434
7 0.345896 0.432779 0.0353932 0.0952654
2 0.178449 0.496518 0.0486861 0.0690165
7 0.469804 0.434575 0.0367649 0.107285
7 0.385721 0.37187 0.0403162 0.0936691
2 0.41641 0.454991 0.0414776 0.067804
2 0.381538 0.651776 0.0517893 0.129801
3 0.178989 0.754162 0.0292406 0.0745341
0 0.181149 0.70591 0.0417776 0.088491
0 0.171075 0.973021 0.0479967 0.0530511
2 0.340361 0.549684 0.0468523 0.10752
0 0.10502 0.641787 0.0207192 0.0914602
2 0.4302 0.503272 0.0391329 0.0644614
2 0.104911 0.589869 0.0651058 0.0964618
3 0.235325 0.740863 0.0251932 0.072354
2 0.274841 0.466673 0.0360664 0.0713763
2 0.440366 0.414451 0.025499 0.0523261
2 0.624444 0.355682 0.0296738 0.0315965
2 0.879749 0.718581 0.0892651 0.112848
0 0.307899 0.441919 0.0156379 0.0512958
2 0.296593 0.366413 0.0199458 0.0404751
2 0.387438 0.435673 0.0295345 0.0537984
7 0.274641 0.467026 0.0359667 0.0713864
2 0.899578 0.6251 0.0886337 0.143074
7 0.412402 0.352989 0.0210682 0.0715697
2 0.428978 0.3918 0.0252316 0.0469856
0 0.36925 0.482617 0.0176846 0.0619522
7 0.392435 0.286467 0.0298557 0.0639451
2 0.938541 0.511775 0.0744251 0.150326
7 0.899345 0.598741 0.0929268 0.194143
2 0.886517 0.729445 0.0746964 0.0895504
7 0.517519 0.844644 0.0949549 0.261763
2 0.56885 0.722545 0.087031 0.128993
7 0.340039 0.707999 0.0773459 0.209959
2 0.0355485 0.71964 0.0707241 0.143914
2 0.292004 0.625779 0.0550867 0.12039
2 0.434761 0.568897 0.0517904 0.0876326
2 0.182029 0.680075 0.0742893 0.117396
2 0.508277 0.606107 0.0577961 0.108761
7 0.197154 0.421763 0.0639833 0.10418
2 0.0734105 0.62855 0.0795246 0.102868
0 0.237131 0.704993 0.0300971 0.0934818
2 0.490315 0.524724 0.0480854 0.0858434
7 0.345896 0.432779 0.0353932 0.0952654
2 0.178449 0.496518 0.0486861 0.0690165
7 0.469804 0.434575 0.0367649 0.107285
7 0.385721 0.37187 0.0403162 0.0936691
2 0.41641 0.454991 0.0414776 0.067804
2 0.381538 0.651776 0.0517893 0.129801
3 0.178989 0.754162 0.0292406 0.0745341
0 0.181149 0.70591 0.0417776 0.088491
0 0.171075 0.973021 0.0479967 0.0530511
2 0.340361 0.549684 0.0468523 0.10752
0 0.10502 0.641787 0.0207192 0.0914602
2 0.4302 0.503272 0.0391329 0.0644614
2 0.104911 0.589869 0.0651058 0.0964618
3 0.235325 0.740863 0.0251932 0.072354
2 0.274841 0.466673 0.0360664 0.0713763
2 0.440366 0.414451 0.025499 0.0523261
2 0.624444 0.355682 0.0296738 0.0315965
2 0.879749 0.718581 0.0892651 0.112848
0 0.307899 0.441919 0.0156379 0.0512958
2 0.296593 0.366413 0.0199458 0.0404751
2 0.387438 0.435673 0.0295345 0.0537984
7 0.274641 0.467026 0.0359667 0.0713864
2 0.899578 0.6251 0.0886337 0.143074
7 0.412402 0.352989 0.0210682 0.0715697
2 0.428978 0.3918 0.0252316 0.0469856
0 0.36925 0.482617 0.0176846 0.0619522
7 0.392435 0.286467 0.0298557 0.0639451
2 0.938541 0.511775 0.0744251 0.150326
7 0.899345 0.598741 0.0929268 0.194143
2 0.886517 0.729445 0.0746964 0.0895504
7 0.517519 0.844644 0.0949549 0.261763
2 0.56885 0.722545 0.087031 0.128993
7 0.340039 0.707999 0.0773459 0.209959
2 0.0355485 0.71964 0.0707241 0.143914
2 0.292004 0.625779 0.0550867 0.12039
2 0.434761 0.568897 0.0517904 0.0876326
2 0.182029 0.680075 0.0742893 0.117396
2 0.508277 0.606107 0.0577961 0.108761
7 0.197154 0.421763 0.0639833 0.10418
2 0.0734105 0.62855 0.0795246 0.102868
0 0.237131 0.704993 0.0300971 0.0934818
2 0.490315 0.524724 0.0480854 0.0858434
7 0.345896 0.432779 0.0353932 0.0952654
2 0.178449 0.496518 0.0486861 0.0690165
7 0.469804 0.434575 0.0367649 0.107285
7 0.385721 0.37187 0.0403162 0.0936691
2 0.41641 0.454991 0.0414776 0.067804
2 0.381538 0.651776 0.0517893 0.129801
3 0.178989 0.754162 0.0292406 0.0745341
0 0.181149 0.70591 0.0417776 0.088491
0 0.171075 0.973021 0.0479967 0.0530511
2 0.340361 0.549684 0.0468523 0.10752
0 0.10502 0.641787 0.0207192 0.0914602
2 0.4302 0.503272 0.0391329 0.0644614
2 0.104911 0.589869 0.0651058 0.0964618
3 0.235325 0.740863 0.0251932 0.072354
2 0.274841 0.466673 0.0360664 0.0713763
2 0.440366 0.414451 0.025499 0.0523261
2 0.624444 0.355682 0.0296738 0.0315965
2 0.879749 0.718581 0.0892651 0.112848
0 0.307899 0.441919 0.0156379 0.0512958
2 0.296593 0.366413 0.0199458 0.0404751
2 0.387438 0.435673 0.0295345 0.0537984
7 0.274641 0.467026 0.0359667 0.0713864
2 0.899578 0.6251 0.0886337 0.143074
7 0.412402 0.352989 0.0210682 0.0715697
2 0.428978 0.3918 0.0252316 0.0469856
0 0.36925 0.482617 0.0176846 0.0619522
7 0.392435 0.286467 0.0298557 0.0639451
2 0.938541 0.511775 0.0744251 0.150326
7 0.899345 0.598741 0.0929268 0.194143
2 0.886517 0.729445 0.0746964 0.0895504
7 0.517519 0.844644 0.0949549 0.261763
2 0.56885 0.722545 0.087031 0.128993
7 0.340039 0.707999 0.0773459 0.209959
2 0.0355485 0.71964 0.0707241 0.143914
2 0.292004 0.625779 0.0550867 0.12039
2 0.434761 0.568897 0.0517904 0.0876326
2 0.182029 0.680075 0.0742893 0.117396
2 0.508277 0.606107 0.0577961 0.108761
7 0.197154 0.421763 0.0639833 0.10418
2 0.0734105 0.62855 0.0795246 0.102868
0 0.237131 0.704993 0.0300971 0.0934818
2 0.490315 0.524724 0.0480854 0.0858434
7 0.345896 0.432779 0.0353932 0.0952654
2 0.178449 0.496518 0.0486861 0.0690165
7 0.469804 0.434575 0.0367649 0.107285
7 0.385721 0.37187 0.0403162 0.0936691
2 0.41641 0.454991 0.0414776 0.067804
2 0.381538 0.651776 0.0517893 0.129801
3 0.178989 0.754162 0.0292406 0.0745341
0 0.181149 0.70591 0.0417776 0.088491
0 0.171075 0.973021 0.0479967 0.0530511
2 0.340361 0.549684 0.0468523 0.10752
0 0.10502 0.641787 0.0207192 0.0914602
2 0.4302 0.503272 0.0391329 0.0644614
2 0.104911 0.589869 0.0651058 0.0964618
3 0.235325 0.740863 0.0251932 0.072354
2 0.274841 0.466673 0.0360664 0.0713763
2 0.440366 0.414451 0.025499 0.0523261
2 0.624444 0.355682 0.0296738 0.0315965
2 0.879749 0.718581 0.0892651 0.112848
0 0.307899 0.441919 0.0156379 0.0512958
2 0.296593 0.366413 0.0199458 0.0404751
2 0.387438 0.435673 0.0295345 0.0537984
7 0.274641 0.467026 0.0359667 0.0713864
2 0.899578 0.6251 0.0886337 0.143074
7 0.412402 0.352989 0.0210682 0.0715697
2 0.428978 0.3918 0.0252316 0.0469856
0 0.36925 0.482617 0.0176846 0.0619522
7 0.392435 0.286467 0.0298557 0.0639451
2 0.938541 0.511775 0.0744251 0.150326
7 0.899345 0.598741 0.0929268 0.194143
2 0.886517 0.729445 0.0746964 0.0895504
