2 0.0677126 0.938098 0.135163 0.115774
7 0.366868 0.718262 0.123799 0.321627
2 0.516584 0.910502 0.116023 0.17632
7 0.202524 0.879554 0.138938 0.230664
7 0.466465 0.435484 0.0609281 0.147171
2 0.513931 0.551648 0.0503557 0.0964522
7 0.196144 0.421726 0.0630421 0.103973
2 0.953004 0.619469 0.0448154 0.1051
2 0.0354235 0.717049 0.0705175 0.136375
2 0.14949 0.70668 0.0808394 0.13676
7 0.362424 0.46182 0.0373113 0.11157
2 0.444724 0.552316 0.0555946 0.0918822
2 0.401167 0.439846 0.0358576 0.057605
2 0.418873 0.50142 0.0433948 0.0754884
7 0.242516 0.79828 0.100721 0.177118
2 0.320232 0.526037 0.0516192 0.0773179
2 0.250207 0.569964 0.0520481 0.0969871
2 0.0730688 0.632707 0.0772792 0.110278
7 0.564922 0.672787 0.0760612 0.144299
2 0.30247 0.623549 0.0494596 0.133817
2 0.177786 0.495897 0.0481696 0.0685073
2 0.564612 0.672992 0.0759218 0.144771
2 0.938286 0.519046 0.0262239 0.0737153
0 0.0674346 0.797339 0.0406863 0.114251
2 0.393077 0.382338 0.02676 0.0440123
3 0.0663439 0.836619 0.0380583 0.0913488
0 0.237382 0.636764 0.028848 0.0796643
2 0.420698 0.360761 0.0233453 0.0416587
2 0.302722 0.4375 0.0338643 0.0532494
2 0.39794 0.316563 0.0181642 0.0315975
3 0.285785 0.503412 0.0274873 0.0577769
2 0.374661 0.540815 0.0433209 0.0431125
3 0.192174 0.639188 0.0230525 0.0628476
7 0.445726 0.395016 0.0321741 0.0827808
0 0.44535 0.579204 0.0239084 0.0585978
3 0.236377 0.674072 0.0280718 0.0581184
2 0.95806 0.538797 0.0286812 0.0569283
