7 0.37842 0.640357 0.101904 0.26525
2 0.125043 0.848776 0.122628 0.186813
7 0.247358 0.816018 0.114485 0.287221
2 0.503689 0.748431 0.0832335 0.137352
2 0.527408 0.591598 0.0597475 0.118014
7 0.196672 0.41965 0.0628179 0.0996708
2 0.36784 0.922355 0.110578 0.151332
2 0.518221 0.918656 0.102471 0.159039
2 0.0736428 0.632583 0.0793799 0.110787
2 0.270561 0.526866 0.0477461 0.0787743
2 0.0358133 0.710697 0.0710931 0.123342
2 0.721777 0.96994 0.131758 0.0557966
0 0.144215 0.702175 0.0304018 0.100487
2 0.487933 0.500381 0.0409714 0.0738728
2 0.18504 0.631928 0.055884 0.107378
0 0.0559106 0.787138 0.0353009 0.11328
7 0.452944 0.40802 0.052784 0.127498
2 0.310967 0.406919 0.0292714 0.0476201
7 0.69412 0.388573 0.049811 0.0791309
2 0.320913 0.57259 0.0351276 0.10492
2 0.332086 0.486927 0.0457578 0.0657286
2 0.394773 0.411066 0.0323283 0.0488446
2 0.410537 0.465735 0.0376828 0.0632175
2 0.415283 0.34194 0.0201071 0.0371456
3 0.144104 0.727014 0.0286378 0.0608551
2 0.104897 0.590334 0.0659158 0.0979499
3 0.0522197 0.830246 0.0367767 0.0821876
2 0.176993 0.497808 0.0475807 0.070254
7 0.269595 0.707887 0.0831205 0.151076
3 0.276187 0.574799 0.0261279 0.0796508
7 0.908372 0.668363 0.112191 0.27055
0 0.849135 0.690478 0.0222937 0.0842426
5 0.908751 0.668068 0.112492 0.268174
7 0.656085 0.359939 0.0377211 0.0541044
3 0.229603 0.576898 0.018702 0.0446337
2 0.428258 0.5001 0.0467566 0.0769798
0 0.21585 0.504843 0.0157669 0.0648412
0 0.252913 0.457737 0.0167493 0.0557073
2 0.389075 0.358746 0.0251853 0.0389448
7 0.360356 0.429383 0.0351802 0.093845
0 0.23749 0.516374 0.0167746 0.0703715
2 0.374208 0.494078 0.035602 0.0411159
7 0.37842 0.640357 0.101904 0.26525
2 0.125043 0.848776 0.122628 0.186813
7 0.247358 0.816018 0.114485 0.287221
2 0.503689 0.748431 0.0832335 0.137352
2 0.527408 0.591598 0.0597475 0.118014
7 0.196672 0.41965 0.0628179 0.0996708
2 0.36784 0.922355 0.110578 0.151332
2 0.518221 0.918656 0.102471 0.159039
2 0.0736428 0.632583 0.0793799 0.110787
2 0.270561 0.526866 0.0477461 0.0787743
2 0.0358133 0.710697 0.0710931 0.123342
2 0.721777 0.96994 0.131758 0.0557966
0 0.144215 0.702175 0.0304018 0.100487
2 0.487933 0.500381 0.0409714 0.0738728
2 0.18504 0.631928 0.055884 0.107378
0 0.0559106 0.787138 0.0353009 0.11328
7 0.452944 0.40802 0.052784 0.127498
2 0.310967 0.406919 0.0292714 0.0476201
7 0.69412 0.388573 0.049811 0.0791309
2 0.320913 0.57259 0.0351276 0.10492
2 0.332086 0.486927 0.0457578 0.0657286
2 0.394773 0.411066 0.0323283 0.0488446
2 0.410537 0.465735 0.0376828 0.0632175
2 0.415283 0.34194 0.0201071 0.0371456
3 0.144104 0.727014 0.0286378 0.0608551
2 0.104897 0.590334 0.0659158 0.0979499
3 0.0522197 0.830246 0.0367767 0.0821876
2 0.176993 0.497808 0.0475807 0.070254
7 0.269595 0.707887 0.0831205 0.151076
3 0.276187 0.574799 0.0261279 0.0796508
7 0.908372 0.668363 0.112191 0.27055
0 0.849135 0.690478 0.0222937 0.0842426
5 0.908751 0.668068 0.112492 0.268174
7 0.656085 0.359939 0.0377211 0.0541044
3 0.229603 0.576898 0.018702 0.0446337
2 0.428258 0.5001 0.0467566 0.0769798
0 0.21585 0.504843 0.0157669 0.0648412
0 0.252913 0.457737 0.0167493 0.0557073
2 0.389075 0.358746 0.0251853 0.0389448
7 0.360356 0.429383 0.0351802 0.093845
0 0.23749 0.516374 0.0167746 0.0703715
2 0.374208 0.494078 0.035602 0.0411159
0 0.346229 0.370205 0.0106716 0.0342301
0 0.309644 0.457826 0.0167773 0.0563475
0 0.276215 0.56879 0.0258168 0.0917802
3 0.438688 0.546747 0.0180243 0.037951
7 0.177266 0.497537 0.0478493 0.07108
0 0.266565 0.45602 0.0136768 0.0496366
2 0.269219 0.708632 0.0837484 0.151992
2 0.427507 0.48142 0.0414022 0.0391325
2 0.195445 0.632004 0.0781911 0.109906
0 0.221492 0.639849 0.0265458 0.0988705
3 0.230157 0.545168 0.0195624 0.0529495
2 0.392843 0.304598 0.0195546 0.0292614
0 0.366786 0.31909 0.00745158 0.0392212
7 0.37842 0.640357 0.101904 0.26525
2 0.125043 0.848776 0.122628 0.186813
7 0.247358 0.816018 0.114485 0.287221
2 0.503689 0.748431 0.0832335 0.137352
2 0.527408 0.591598 0.0597475 0.118014
7 0.196672 0.41965 0.0628179 0.0996708
2 0.36784 0.922355 0.110578 0.151332
2 0.518221 0.918656 0.102471 0.159039
2 0.0736428 0.632583 0.0793799 0.110787
2 0.270561 0.526866 0.0477461 0.0787743
2 0.0358133 0.710697 0.0710931 0.123342
2 0.721777 0.96994 0.131758 0.0557966
0 0.144215 0.702175 0.0304018 0.100487
2 0.487933 0.500381 0.0409714 0.0738728
2 0.18504 0.631928 0.055884 0.107378
0 0.0559106 0.787138 0.0353009 0.11328
7 0.452944 0.40802 0.052784 0.127498
2 0.310967 0.406919 0.0292714 0.0476201
7 0.69412 0.388573 0.049811 0.0791309
2 0.320913 0.57259 0.0351276 0.10492
2 0.332086 0.486927 0.0457578 0.0657286
2 0.394773 0.411066 0.0323283 0.0488446
2 0.410537 0.465735 0.0376828 0.0632175
2 0.415283 0.34194 0.0201071 0.0371456
3 0.144104 0.727014 0.0286378 0.0608551
2 0.104897 0.590334 0.0659158 0.0979499
3 0.0522197 0.830246 0.0367767 0.0821876
2 0.176993 0.497808 0.0475807 0.070254
7 0.269595 0.707887 0.0831205 0.151076
3 0.276187 0.574799 0.0261279 0.0796508
7 0.908372 0.668363 0.112191 0.27055
0 0.849135 0.690478 0.0222937 0.0842426
5 0.908751 0.668068 0.112492 0.268174
7 0.656085 0.359939 0.0377211 0.0541044
3 0.229603 0.576898 0.018702 0.0446337
2 0.428258 0.5001 0.0467566 0.0769798
0 0.21585 0.504843 0.0157669 0.0648412
0 0.252913 0.457737 0.0167493 0.0557073
2 0.389075 0.358746 0.0251853 0.0389448
7 0.360356 0.429383 0.0351802 0.093845
0 0.23749 0.516374 0.0167746 0.0703715
2 0.374208 0.494078 0.035602 0.0411159
0 0.346229 0.370205 0.0106716 0.0342301
0 0.309644 0.457826 0.0167773 0.0563475
0 0.276215 0.56879 0.0258168 0.0917802
3 0.438688 0.546747 0.0180243 0.037951
7 0.177266 0.497537 0.0478493 0.07108
0 0.266565 0.45602 0.0136768 0.0496366
2 0.269219 0.708632 0.0837484 0.151992
2 0.427507 0.48142 0.0414022 0.0391325
2 0.195445 0.632004 0.0781911 0.109906
0 0.221492 0.639849 0.0265458 0.0988705
3 0.230157 0.545168 0.0195624 0.0529495
2 0.392843 0.304598 0.0195546 0.0292614
0 0.366786 0.31909 0.00745158 0.0392212
7 0.37842 0.640357 0.101904 0.26525
2 0.125043 0.848776 0.122628 0.186813
7 0.247358 0.816018 0.114485 0.287221
2 0.503689 0.748431 0.0832335 0.137352
2 0.527408 0.591598 0.0597475 0.118014
7 0.196672 0.41965 0.0628179 0.0996708
2 0.36784 0.922355 0.110578 0.151332
2 0.518221 0.918656 0.102471 0.159039
2 0.0736428 0.632583 0.0793799 0.110787
2 0.270561 0.526866 0.0477461 0.0787743
2 0.0358133 0.710697 0.0710931 0.123342
2 0.721777 0.96994 0.131758 0.0557966
0 0.144215 0.702175 0.0304018 0.100487
2 0.487933 0.500381 0.0409714 0.0738728
2 0.18504 0.631928 0.055884 0.107378
0 0.0559106 0.787138 0.0353009 0.11328
7 0.452944 0.40802 0.052784 0.127498
2 0.310967 0.406919 0.0292714 0.0476201
7 0.69412 0.388573 0.049811 0.0791309
2 0.320913 0.57259 0.0351276 0.10492
2 0.332086 0.486927 0.0457578 0.0657286
2 0.394773 0.411066 0.0323283 0.0488446
2 0.410537 0.465735 0.0376828 0.0632175
2 0.415283 0.34194 0.0201071 0.0371456
3 0.144104 0.727014 0.0286378 0.0608551
2 0.104897 0.590334 0.0659158 0.0979499
3 0.0522197 0.830246 0.0367767 0.0821876
2 0.176993 0.497808 0.0475807 0.070254
7 0.269595 0.707887 0.0831205 0.151076
3 0.276187 0.574799 0.0261279 0.0796508
7 0.908372 0.668363 0.112191 0.27055
0 0.849135 0.690478 0.0222937 0.0842426
5 0.908751 0.668068 0.112492 0.268174
7 0.656085 0.359939 0.0377211 0.0541044
3 0.229603 0.576898 0.018702 0.0446337
2 0.428258 0.5001 0.0467566 0.0769798
0 0.21585 0.504843 0.0157669 0.0648412
0 0.252913 0.457737 0.0167493 0.0557073
2 0.389075 0.358746 0.0251853 0.0389448
7 0.360356 0.429383 0.0351802 0.093845
0 0.23749 0.516374 0.0167746 0.0703715
2 0.374208 0.494078 0.035602 0.0411159
0 0.346229 0.370205 0.0106716 0.0342301
0 0.309644 0.457826 0.0167773 0.0563475
0 0.276215 0.56879 0.0258168 0.0917802
3 0.438688 0.546747 0.0180243 0.037951
7 0.177266 0.497537 0.0478493 0.07108
0 0.266565 0.45602 0.0136768 0.0496366
2 0.269219 0.708632 0.0837484 0.151992
2 0.427507 0.48142 0.0414022 0.0391325
2 0.195445 0.632004 0.0781911 0.109906
0 0.221492 0.639849 0.0265458 0.0988705
3 0.230157 0.545168 0.0195624 0.0529495
2 0.392843 0.304598 0.0195546 0.0292614
0 0.366786 0.31909 0.00745158 0.0392212
7 0.37842 0.640357 0.101904 0.26525
2 0.125043 0.848776 0.122628 0.186813
7 0.247358 0.816018 0.114485 0.287221
2 0.503689 0.748431 0.0832335 0.137352
2 0.527408 0.591598 0.0597475 0.118014
7 0.196672 0.41965 0.0628179 0.0996708
2 0.36784 0.922355 0.110578 0.151332
2 0.518221 0.918656 0.102471 0.159039
2 0.0736428 0.632583 0.0793799 0.110787
2 0.270561 0.526866 0.0477461 0.0787743
2 0.0358133 0.710697 0.0710931 0.123342
2 0.721777 0.96994 0.131758 0.0557966
0 0.144215 0.702175 0.0304018 0.100487
2 0.487933 0.500381 0.0409714 0.0738728
2 0.18504 0.631928 0.055884 0.107378
0 0.0559106 0.787138 0.0353009 0.11328
7 0.452944 0.40802 0.052784 0.127498
2 0.310967 0.406919 0.0292714 0.0476201
7 0.69412 0.388573 0.049811 0.0791309
2 0.320913 0.57259 0.0351276 0.10492
2 0.332086 0.486927 0.0457578 0.0657286
2 0.394773 0.411066 0.0323283 0.0488446
2 0.410537 0.465735 0.0376828 0.0632175
2 0.415283 0.34194 0.0201071 0.0371456
3 0.144104 0.727014 0.0286378 0.0608551
2 0.104897 0.590334 0.0659158 0.0979499
3 0.0522197 0.830246 0.0367767 0.0821876
2 0.176993 0.497808 0.0475807 0.070254
7 0.269595 0.707887 0.0831205 0.151076
3 0.276187 0.574799 0.0261279 0.0796508
7 0.908372 0.668363 0.112191 0.27055
0 0.849135 0.690478 0.0222937 0.0842426
5 0.908751 0.668068 0.112492 0.268174
7 0.656085 0.359939 0.0377211 0.0541044
3 0.229603 0.576898 0.018702 0.0446337
2 0.428258 0.5001 0.0467566 0.0769798
0 0.21585 0.504843 0.0157669 0.0648412
0 0.252913 0.457737 0.0167493 0.0557073
2 0.389075 0.358746 0.0251853 0.0389448
7 0.360356 0.429383 0.0351802 0.093845
0 0.23749 0.516374 0.0167746 0.0703715
2 0.374208 0.494078 0.035602 0.0411159
0 0.346229 0.370205 0.0106716 0.0342301
0 0.309644 0.457826 0.0167773 0.0563475
0 0.276215 0.56879 0.0258168 0.0917802
3 0.438688 0.546747 0.0180243 0.037951
7 0.177266 0.497537 0.0478493 0.07108
0 0.266565 0.45602 0.0136768 0.0496366
2 0.269219 0.708632 0.0837484 0.151992
2 0.427507 0.48142 0.0414022 0.0391325
2 0.195445 0.632004 0.0781911 0.109906
0 0.221492 0.639849 0.0265458 0.0988705
3 0.230157 0.545168 0.0195624 0.0529495
2 0.392843 0.304598 0.0195546 0.0292614
0 0.366786 0.31909 0.00745158 0.0392212
7 0.37842 0.640357 0.101904 0.26525
2 0.125043 0.848776 0.122628 0.186813
7 0.247358 0.816018 0.114485 0.287221
2 0.503689 0.748431 0.0832335 0.137352
2 0.527408 0.591598 0.0597475 0.118014
7 0.196672 0.41965 0.0628179 0.0996708
2 0.36784 0.922355 0.110578 0.151332
2 0.518221 0.918656 0.102471 0.159039
2 0.0736428 0.632583 0.0793799 0.110787
2 0.270561 0.526866 0.0477461 0.0787743
2 0.0358133 0.710697 0.0710931 0.123342
2 0.721777 0.96994 0.131758 0.0557966
0 0.144215 0.702175 0.0304018 0.100487
2 0.487933 0.500381 0.0409714 0.0738728
2 0.18504 0.631928 0.055884 0.107378
0 0.0559106 0.787138 0.0353009 0.11328
7 0.452944 0.40802 0.052784 0.127498
2 0.310967 0.406919 0.0292714 0.0476201
7 0.69412 0.388573 0.049811 0.0791309
2 0.320913 0.57259 0.0351276 0.10492
2 0.332086 0.486927 0.0457578 0.0657286
2 0.394773 0.411066 0.0323283 0.0488446
2 0.410537 0.465735 0.0376828 0.0632175
2 0.415283 0.34194 0.0201071 0.0371456
3 0.144104 0.727014 0.0286378 0.0608551
2 0.104897 0.590334 0.0659158 0.0979499
3 0.0522197 0.830246 0.0367767 0.0821876
2 0.176993 0.497808 0.0475807 0.070254
7 0.269595 0.707887 0.0831205 0.151076
3 0.276187 0.574799 0.0261279 0.0796508
7 0.908372 0.668363 0.112191 0.27055
0 0.849135 0.690478 0.0222937 0.0842426
5 0.908751 0.668068 0.112492 0.268174
7 0.656085 0.359939 0.0377211 0.0541044
3 0.229603 0.576898 0.018702 0.0446337
2 0.428258 0.5001 0.0467566 0.0769798
0 0.21585 0.504843 0.0157669 0.0648412
0 0.252913 0.457737 0.0167493 0.0557073
2 0.389075 0.358746 0.0251853 0.0389448
7 0.360356 0.429383 0.0351802 0.093845
0 0.23749 0.516374 0.0167746 0.0703715
2 0.374208 0.494078 0.035602 0.0411159
0 0.346229 0.370205 0.0106716 0.0342301
0 0.309644 0.457826 0.0167773 0.0563475
0 0.276215 0.56879 0.0258168 0.0917802
3 0.438688 0.546747 0.0180243 0.037951
7 0.177266 0.497537 0.0478493 0.07108
0 0.266565 0.45602 0.0136768 0.0496366
2 0.269219 0.708632 0.0837484 0.151992
2 0.427507 0.48142 0.0414022 0.0391325
2 0.195445 0.632004 0.0781911 0.109906
0 0.221492 0.639849 0.0265458 0.0988705
3 0.230157 0.545168 0.0195624 0.0529495
2 0.392843 0.304598 0.0195546 0.0292614
0 0.366786 0.31909 0.00745158 0.0392212
7 0.37842 0.640357 0.101904 0.26525
2 0.125043 0.848776 0.122628 0.186813
7 0.247358 0.816018 0.114485 0.287221
2 0.503689 0.748431 0.0832335 0.137352
2 0.527408 0.591598 0.0597475 0.118014
7 0.196672 0.41965 0.0628179 0.0996708
2 0.36784 0.922355 0.110578 0.151332
2 0.518221 0.918656 0.102471 0.159039
2 0.0736428 0.632583 0.0793799 0.110787
2 0.270561 0.526866 0.0477461 0.0787743
2 0.0358133 0.710697 0.0710931 0.123342
2 0.721777 0.96994 0.131758 0.0557966
0 0.144215 0.702175 0.0304018 0.100487
2 0.487933 0.500381 0.0409714 0.0738728
2 0.18504 0.631928 0.055884 0.107378
0 0.0559106 0.787138 0.0353009 0.11328
7 0.452944 0.40802 0.052784 0.127498
2 0.310967 0.406919 0.0292714 0.0476201
7 0.69412 0.388573 0.049811 0.0791309
2 0.320913 0.57259 0.0351276 0.10492
2 0.332086 0.486927 0.0457578 0.0657286
2 0.394773 0.411066 0.0323283 0.0488446
2 0.410537 0.465735 0.0376828 0.0632175
2 0.415283 0.34194 0.0201071 0.0371456
3 0.144104 0.727014 0.0286378 0.0608551
2 0.104897 0.590334 0.0659158 0.0979499
3 0.0522197 0.830246 0.0367767 0.0821876
2 0.176993 0.497808 0.0475807 0.070254
7 0.269595 0.707887 0.0831205 0.151076
3 0.276187 0.574799 0.0261279 0.0796508
7 0.908372 0.668363 0.112191 0.27055
0 0.849135 0.690478 0.0222937 0.0842426
5 0.908751 0.668068 0.112492 0.268174
7 0.656085 0.359939 0.0377211 0.0541044
3 0.229603 0.576898 0.018702 0.0446337
2 0.428258 0.5001 0.0467566 0.0769798
0 0.21585 0.504843 0.0157669 0.0648412
0 0.252913 0.457737 0.0167493 0.0557073
2 0.389075 0.358746 0.0251853 0.0389448
7 0.360356 0.429383 0.0351802 0.093845
0 0.23749 0.516374 0.0167746 0.0703715
2 0.374208 0.494078 0.035602 0.0411159
0 0.346229 0.370205 0.0106716 0.0342301
0 0.309644 0.457826 0.0167773 0.0563475
0 0.276215 0.56879 0.0258168 0.0917802
3 0.438688 0.546747 0.0180243 0.037951
7 0.177266 0.497537 0.0478493 0.07108
0 0.266565 0.45602 0.0136768 0.0496366
2 0.269219 0.708632 0.0837484 0.151992
2 0.427507 0.48142 0.0414022 0.0391325
2 0.195445 0.632004 0.0781911 0.109906
0 0.221492 0.639849 0.0265458 0.0988705
3 0.230157 0.545168 0.0195624 0.0529495
2 0.392843 0.304598 0.0195546 0.0292614
0 0.366786 0.31909 0.00745158 0.0392212
7 0.37842 0.640357 0.101904 0.26525
2 0.125043 0.848776 0.122628 0.186813
7 0.247358 0.816018 0.114485 0.287221
2 0.503689 0.748431 0.0832335 0.137352
2 0.527408 0.591598 0.0597475 0.118014
7 0.196672 0.41965 0.0628179 0.0996708
2 0.36784 0.922355 0.110578 0.151332
2 0.518221 0.918656 0.102471 0.159039
2 0.0736428 0.632583 0.0793799 0.110787
2 0.270561 0.526866 0.0477461 0.0787743
2 0.0358133 0.710697 0.0710931 0.123342
2 0.721777 0.96994 0.131758 0.0557966
0 0.144215 0.702175 0.0304018 0.100487
2 0.487933 0.500381 0.0409714 0.0738728
2 0.18504 0.631928 0.055884 0.107378
0 0.0559106 0.787138 0.0353009 0.11328
7 0.452944 0.40802 0.052784 0.127498
2 0.310967 0.406919 0.0292714 0.0476201
7 0.69412 0.388573 0.049811 0.0791309
2 0.320913 0.57259 0.0351276 0.10492
2 0.332086 0.486927 0.0457578 0.0657286
2 0.394773 0.411066 0.0323283 0.0488446
2 0.410537 0.465735 0.0376828 0.0632175
2 0.415283 0.34194 0.0201071 0.0371456
3 0.144104 0.727014 0.0286378 0.0608551
2 0.104897 0.590334 0.0659158 0.0979499
3 0.0522197 0.830246 0.0367767 0.0821876
2 0.176993 0.497808 0.0475807 0.070254
7 0.269595 0.707887 0.0831205 0.151076
3 0.276187 0.574799 0.0261279 0.0796508
7 0.908372 0.668363 0.112191 0.27055
0 0.849135 0.690478 0.0222937 0.0842426
5 0.908751 0.668068 0.112492 0.268174
7 0.656085 0.359939 0.0377211 0.0541044
3 0.229603 0.576898 0.018702 0.0446337
2 0.428258 0.5001 0.0467566 0.0769798
0 0.21585 0.504843 0.0157669 0.0648412
0 0.252913 0.457737 0.0167493 0.0557073
2 0.389075 0.358746 0.0251853 0.0389448
7 0.360356 0.429383 0.0351802 0.093845
0 0.23749 0.516374 0.0167746 0.0703715
2 0.374208 0.494078 0.035602 0.0411159
0 0.346229 0.370205 0.0106716 0.0342301
0 0.309644 0.457826 0.0167773 0.0563475
0 0.276215 0.56879 0.0258168 0.0917802
3 0.438688 0.546747 0.0180243 0.037951
7 0.177266 0.497537 0.0478493 0.07108
0 0.266565 0.45602 0.0136768 0.0496366
2 0.269219 0.708632 0.0837484 0.151992
2 0.427507 0.48142 0.0414022 0.0391325
2 0.195445 0.632004 0.0781911 0.109906
0 0.221492 0.639849 0.0265458 0.0988705
3 0.230157 0.545168 0.0195624 0.0529495
2 0.392843 0.304598 0.0195546 0.0292614
0 0.366786 0.31909 0.00745158 0.0392212
7 0.37842 0.640357 0.101904 0.26525
2 0.125043 0.848776 0.122628 0.186813
7 0.247358 0.816018 0.114485 0.287221
2 0.503689 0.748431 0.0832335 0.137352
2 0.527408 0.591598 0.0597475 0.118014
7 0.196672 0.41965 0.0628179 0.0996708
2 0.36784 0.922355 0.110578 0.151332
2 0.518221 0.918656 0.102471 0.159039
2 0.0736428 0.632583 0.0793799 0.110787
2 0.270561 0.526866 0.0477461 0.0787743
2 0.0358133 0.710697 0.0710931 0.123342
2 0.721777 0.96994 0.131758 0.0557966
0 0.144215 0.702175 0.0304018 0.100487
2 0.487933 0.500381 0.0409714 0.0738728
2 0.18504 0.631928 0.055884 0.107378
0 0.0559106 0.787138 0.0353009 0.11328
7 0.452944 0.40802 0.052784 0.127498
2 0.310967 0.406919 0.0292714 0.0476201
7 0.69412 0.388573 0.049811 0.0791309
2 0.320913 0.57259 0.0351276 0.10492
2 0.332086 0.486927 0.0457578 0.0657286
2 0.394773 0.411066 0.0323283 0.0488446
2 0.410537 0.465735 0.0376828 0.0632175
2 0.415283 0.34194 0.0201071 0.0371456
3 0.144104 0.727014 0.0286378 0.0608551
2 0.104897 0.590334 0.0659158 0.0979499
3 0.0522197 0.830246 0.0367767 0.0821876
2 0.176993 0.497808 0.0475807 0.070254
7 0.269595 0.707887 0.0831205 0.151076
3 0.276187 0.574799 0.0261279 0.0796508
7 0.908372 0.668363 0.112191 0.27055
0 0.849135 0.690478 0.0222937 0.0842426
5 0.908751 0.668068 0.112492 0.268174
7 0.656085 0.359939 0.0377211 0.0541044
3 0.229603 0.576898 0.018702 0.0446337
2 0.428258 0.5001 0.0467566 0.0769798
0 0.21585 0.504843 0.0157669 0.0648412
0 0.252913 0.457737 0.0167493 0.0557073
2 0.389075 0.358746 0.0251853 0.0389448
7 0.360356 0.429383 0.0351802 0.093845
0 0.23749 0.516374 0.0167746 0.0703715
2 0.374208 0.494078 0.035602 0.0411159
0 0.346229 0.370205 0.0106716 0.0342301
0 0.309644 0.457826 0.0167773 0.0563475
0 0.276215 0.56879 0.0258168 0.0917802
3 0.438688 0.546747 0.0180243 0.037951
7 0.177266 0.497537 0.0478493 0.07108
0 0.266565 0.45602 0.0136768 0.0496366
2 0.269219 0.708632 0.0837484 0.151992
2 0.427507 0.48142 0.0414022 0.0391325
2 0.195445 0.632004 0.0781911 0.109906
0 0.221492 0.639849 0.0265458 0.0988705
3 0.230157 0.545168 0.0195624 0.0529495
2 0.392843 0.304598 0.0195546 0.0292614
0 0.366786 0.31909 0.00745158 0.0392212
7 0.37842 0.640357 0.101904 0.26525
2 0.125043 0.848776 0.122628 0.186813
7 0.247358 0.816018 0.114485 0.287221
2 0.503689 0.748431 0.0832335 0.137352
2 0.527408 0.591598 0.0597475 0.118014
7 0.196672 0.41965 0.0628179 0.0996708
2 0.36784 0.922355 0.110578 0.151332
2 0.518221 0.918656 0.102471 0.159039
2 0.0736428 0.632583 0.0793799 0.110787
2 0.270561 0.526866 0.0477461 0.0787743
2 0.0358133 0.710697 0.0710931 0.123342
2 0.721777 0.96994 0.131758 0.0557966
0 0.144215 0.702175 0.0304018 0.100487
2 0.487933 0.500381 0.0409714 0.0738728
2 0.18504 0.631928 0.055884 0.107378
0 0.0559106 0.787138 0.0353009 0.11328
7 0.452944 0.40802 0.052784 0.127498
2 0.310967 0.406919 0.0292714 0.0476201
7 0.69412 0.388573 0.049811 0.0791309
2 0.320913 0.57259 0.0351276 0.10492
2 0.332086 0.486927 0.0457578 0.0657286
2 0.394773 0.411066 0.0323283 0.0488446
2 0.410537 0.465735 0.0376828 0.0632175
2 0.415283 0.34194 0.0201071 0.0371456
3 0.144104 0.727014 0.0286378 0.0608551
2 0.104897 0.590334 0.0659158 0.0979499
3 0.0522197 0.830246 0.0367767 0.0821876
2 0.176993 0.497808 0.0475807 0.070254
7 0.269595 0.707887 0.0831205 0.151076
3 0.276187 0.574799 0.0261279 0.0796508
7 0.908372 0.668363 0.112191 0.27055
0 0.849135 0.690478 0.0222937 0.0842426
5 0.908751 0.668068 0.112492 0.268174
7 0.656085 0.359939 0.0377211 0.0541044
3 0.229603 0.576898 0.018702 0.0446337
2 0.428258 0.5001 0.0467566 0.0769798
0 0.21585 0.504843 0.0157669 0.0648412
0 0.252913 0.457737 0.0167493 0.0557073
2 0.389075 0.358746 0.0251853 0.0389448
7 0.360356 0.429383 0.0351802 0.093845
0 0.23749 0.516374 0.0167746 0.0703715
2 0.374208 0.494078 0.035602 0.0411159
0 0.346229 0.370205 0.0106716 0.0342301
0 0.309644 0.457826 0.0167773 0.0563475
0 0.276215 0.56879 0.0258168 0.0917802
3 0.438688 0.546747 0.0180243 0.037951
7 0.177266 0.497537 0.0478493 0.07108
0 0.266565 0.45602 0.0136768 0.0496366
2 0.269219 0.708632 0.0837484 0.151992
2 0.427507 0.48142 0.0414022 0.0391325
2 0.195445 0.632004 0.0781911 0.109906
0 0.221492 0.639849 0.0265458 0.0988705
3 0.230157 0.545168 0.0195624 0.0529495
2 0.392843 0.304598 0.0195546 0.0292614
0 0.366786 0.31909 0.00745158 0.0392212
7 0.37842 0.640357 0.101904 0.26525
2 0.125043 0.848776 0.122628 0.186813
7 0.247358 0.816018 0.114485 0.287221
2 0.503689 0.748431 0.0832335 0.137352
2 0.527408 0.591598 0.0597475 0.118014
7 0.196672 0.41965 0.0628179 0.0996708
2 0.36784 0.922355 0.110578 0.151332
2 0.518221 0.918656 0.102471 0.159039
2 0.0736428 0.632583 0.0793799 0.110787
2 0.270561 0.526866 0.0477461 0.0787743
2 0.0358133 0.710697 0.0710931 0.123342
2 0.721777 0.96994 0.131758 0.0557966
0 0.144215 0.702175 0.0304018 0.100487
2 0.487933 0.500381 0.0409714 0.0738728
2 0.18504 0.631928 0.055884 0.107378
0 0.0559106 0.787138 0.0353009 0.11328
7 0.452944 0.40802 0.052784 0.127498
2 0.310967 0.406919 0.0292714 0.0476201
7 0.69412 0.388573 0.049811 0.0791309
2 0.320913 0.57259 0.0351276 0.10492
2 0.332086 0.486927 0.0457578 0.0657286
2 0.394773 0.411066 0.0323283 0.0488446
2 0.410537 0.465735 0.0376828 0.0632175
2 0.415283 0.34194 0.0201071 0.0371456
3 0.144104 0.727014 0.0286378 0.0608551
2 0.104897 0.590334 0.0659158 0.0979499
3 0.0522197 0.830246 0.0367767 0.0821876
2 0.176993 0.497808 0.0475807 0.070254
7 0.269595 0.707887 0.0831205 0.151076
3 0.276187 0.574799 0.0261279 0.0796508
7 0.908372 0.668363 0.112191 0.27055
0 0.849135 0.690478 0.0222937 0.0842426
5 0.908751 0.668068 0.112492 0.268174
7 0.656085 0.359939 0.0377211 0.0541044
3 0.229603 0.576898 0.018702 0.0446337
2 0.428258 0.5001 0.0467566 0.0769798
0 0.21585 0.504843 0.0157669 0.0648412
0 0.252913 0.457737 0.0167493 0.0557073
2 0.389075 0.358746 0.0251853 0.0389448
7 0.360356 0.429383 0.0351802 0.093845
0 0.23749 0.516374 0.0167746 0.0703715
2 0.374208 0.494078 0.035602 0.0411159
0 0.346229 0.370205 0.0106716 0.0342301
0 0.309644 0.457826 0.0167773 0.0563475
0 0.276215 0.56879 0.0258168 0.0917802
3 0.438688 0.546747 0.0180243 0.037951
7 0.177266 0.497537 0.0478493 0.07108
0 0.266565 0.45602 0.0136768 0.0496366
2 0.269219 0.708632 0.0837484 0.151992
2 0.427507 0.48142 0.0414022 0.0391325
2 0.195445 0.632004 0.0781911 0.109906
0 0.221492 0.639849 0.0265458 0.0988705
3 0.230157 0.545168 0.0195624 0.0529495
2 0.392843 0.304598 0.0195546 0.0292614
0 0.366786 0.31909 0.00745158 0.0392212
7 0.37842 0.640357 0.101904 0.26525
2 0.125043 0.848776 0.122628 0.186813
7 0.247358 0.816018 0.114485 0.287221
2 0.503689 0.748431 0.0832335 0.137352
2 0.527408 0.591598 0.0597475 0.118014
7 0.196672 0.41965 0.0628179 0.0996708
2 0.36784 0.922355 0.110578 0.151332
2 0.518221 0.918656 0.102471 0.159039
2 0.0736428 0.632583 0.0793799 0.110787
2 0.270561 0.526866 0.0477461 0.0787743
2 0.0358133 0.710697 0.0710931 0.123342
2 0.721777 0.96994 0.131758 0.0557966
0 0.144215 0.702175 0.0304018 0.100487
2 0.487933 0.500381 0.0409714 0.0738728
2 0.18504 0.631928 0.055884 0.107378
0 0.0559106 0.787138 0.0353009 0.11328
7 0.452944 0.40802 0.052784 0.127498
2 0.310967 0.406919 0.0292714 0.0476201
7 0.69412 0.388573 0.049811 0.0791309
2 0.320913 0.57259 0.0351276 0.10492
2 0.332086 0.486927 0.0457578 0.0657286
2 0.394773 0.411066 0.0323283 0.0488446
2 0.410537 0.465735 0.0376828 0.0632175
2 0.415283 0.34194 0.0201071 0.0371456
3 0.144104 0.727014 0.0286378 0.0608551
2 0.104897 0.590334 0.0659158 0.0979499
3 0.0522197 0.830246 0.0367767 0.0821876
2 0.176993 0.497808 0.0475807 0.070254
7 0.269595 0.707887 0.0831205 0.151076
3 0.276187 0.574799 0.0261279 0.0796508
7 0.908372 0.668363 0.112191 0.27055
0 0.849135 0.690478 0.0222937 0.0842426
5 0.908751 0.668068 0.112492 0.268174
7 0.656085 0.359939 0.0377211 0.0541044
3 0.229603 0.576898 0.018702 0.0446337
2 0.428258 0.5001 0.0467566 0.0769798
0 0.21585 0.504843 0.0157669 0.0648412
0 0.252913 0.457737 0.0167493 0.0557073
2 0.389075 0.358746 0.0251853 0.0389448
7 0.360356 0.429383 0.0351802 0.093845
0 0.23749 0.516374 0.0167746 0.0703715
2 0.374208 0.494078 0.035602 0.0411159
0 0.346229 0.370205 0.0106716 0.0342301
0 0.309644 0.457826 0.0167773 0.0563475
0 0.276215 0.56879 0.0258168 0.0917802
3 0.438688 0.546747 0.0180243 0.037951
7 0.177266 0.497537 0.0478493 0.07108
0 0.266565 0.45602 0.0136768 0.0496366
2 0.269219 0.708632 0.0837484 0.151992
2 0.427507 0.48142 0.0414022 0.0391325
2 0.195445 0.632004 0.0781911 0.109906
0 0.221492 0.639849 0.0265458 0.0988705
3 0.230157 0.545168 0.0195624 0.0529495
2 0.392843 0.304598 0.0195546 0.0292614
0 0.366786 0.31909 0.00745158 0.0392212
7 0.37842 0.640357 0.101904 0.26525
2 0.125043 0.848776 0.122628 0.186813
7 0.247358 0.816018 0.114485 0.287221
2 0.503689 0.748431 0.0832335 0.137352
2 0.527408 0.591598 0.0597475 0.118014
7 0.196672 0.41965 0.0628179 0.0996708
2 0.36784 0.922355 0.110578 0.151332
2 0.518221 0.918656 0.102471 0.159039
2 0.0736428 0.632583 0.0793799 0.110787
2 0.270561 0.526866 0.0477461 0.0787743
2 0.0358133 0.710697 0.0710931 0.123342
2 0.721777 0.96994 0.131758 0.0557966
0 0.144215 0.702175 0.0304018 0.100487
2 0.487933 0.500381 0.0409714 0.0738728
2 0.18504 0.631928 0.055884 0.107378
0 0.0559106 0.787138 0.0353009 0.11328
7 0.452944 0.40802 0.052784 0.127498
2 0.310967 0.406919 0.0292714 0.0476201
7 0.69412 0.388573 0.049811 0.0791309
2 0.320913 0.57259 0.0351276 0.10492
2 0.332086 0.486927 0.0457578 0.0657286
2 0.394773 0.411066 0.0323283 0.0488446
2 0.410537 0.465735 0.0376828 0.0632175
2 0.415283 0.34194 0.0201071 0.0371456
3 0.144104 0.727014 0.0286378 0.0608551
2 0.104897 0.590334 0.0659158 0.0979499
3 0.0522197 0.830246 0.0367767 0.0821876
2 0.176993 0.497808 0.0475807 0.070254
7 0.269595 0.707887 0.0831205 0.151076
3 0.276187 0.574799 0.0261279 0.0796508
7 0.908372 0.668363 0.112191 0.27055
0 0.849135 0.690478 0.0222937 0.0842426
5 0.908751 0.668068 0.112492 0.268174
7 0.656085 0.359939 0.0377211 0.0541044
3 0.229603 0.576898 0.018702 0.0446337
2 0.428258 0.5001 0.0467566 0.0769798
0 0.21585 0.504843 0.0157669 0.0648412
0 0.252913 0.457737 0.0167493 0.0557073
2 0.389075 0.358746 0.0251853 0.0389448
7 0.360356 0.429383 0.0351802 0.093845
0 0.23749 0.516374 0.0167746 0.0703715
2 0.374208 0.494078 0.035602 0.0411159
0 0.346229 0.370205 0.0106716 0.0342301
0 0.309644 0.457826 0.0167773 0.0563475
0 0.276215 0.56879 0.0258168 0.0917802
3 0.438688 0.546747 0.0180243 0.037951
7 0.177266 0.497537 0.0478493 0.07108
0 0.266565 0.45602 0.0136768 0.0496366
2 0.269219 0.708632 0.0837484 0.151992
2 0.427507 0.48142 0.0414022 0.0391325
2 0.195445 0.632004 0.0781911 0.109906
0 0.221492 0.639849 0.0265458 0.0988705
3 0.230157 0.545168 0.0195624 0.0529495
2 0.392843 0.304598 0.0195546 0.0292614
0 0.366786 0.31909 0.00745158 0.0392212
7 0.37842 0.640357 0.101904 0.26525
2 0.125043 0.848776 0.122628 0.186813
7 0.247358 0.816018 0.114485 0.287221
2 0.503689 0.748431 0.0832335 0.137352
2 0.527408 0.591598 0.0597475 0.118014
7 0.196672 0.41965 0.0628179 0.0996708
2 0.36784 0.922355 0.110578 0.151332
2 0.518221 0.918656 0.102471 0.159039
2 0.0736428 0.632583 0.0793799 0.110787
2 0.270561 0.526866 0.0477461 0.0787743
2 0.0358133 0.710697 0.0710931 0.123342
2 0.721777 0.96994 0.131758 0.0557966
0 0.144215 0.702175 0.0304018 0.100487
2 0.487933 0.500381 0.0409714 0.0738728
2 0.18504 0.631928 0.055884 0.107378
0 0.0559106 0.787138 0.0353009 0.11328
7 0.452944 0.40802 0.052784 0.127498
2 0.310967 0.406919 0.0292714 0.0476201
7 0.69412 0.388573 0.049811 0.0791309
2 0.320913 0.57259 0.0351276 0.10492
2 0.332086 0.486927 0.0457578 0.0657286
2 0.394773 0.411066 0.0323283 0.0488446
2 0.410537 0.465735 0.0376828 0.0632175
2 0.415283 0.34194 0.0201071 0.0371456
3 0.144104 0.727014 0.0286378 0.0608551
2 0.104897 0.590334 0.0659158 0.0979499
3 0.0522197 0.830246 0.0367767 0.0821876
2 0.176993 0.497808 0.0475807 0.070254
7 0.269595 0.707887 0.0831205 0.151076
3 0.276187 0.574799 0.0261279 0.0796508
7 0.908372 0.668363 0.112191 0.27055
0 0.849135 0.690478 0.0222937 0.0842426
5 0.908751 0.668068 0.112492 0.268174
7 0.656085 0.359939 0.0377211 0.0541044
3 0.229603 0.576898 0.018702 0.0446337
2 0.428258 0.5001 0.0467566 0.0769798
0 0.21585 0.504843 0.0157669 0.0648412
0 0.252913 0.457737 0.0167493 0.0557073
2 0.389075 0.358746 0.0251853 0.0389448
7 0.360356 0.429383 0.0351802 0.093845
0 0.23749 0.516374 0.0167746 0.0703715
2 0.374208 0.494078 0.035602 0.0411159
0 0.346229 0.370205 0.0106716 0.0342301
0 0.309644 0.457826 0.0167773 0.0563475
0 0.276215 0.56879 0.0258168 0.0917802
3 0.438688 0.546747 0.0180243 0.037951
7 0.177266 0.497537 0.0478493 0.07108
0 0.266565 0.45602 0.0136768 0.0496366
2 0.269219 0.708632 0.0837484 0.151992
2 0.427507 0.48142 0.0414022 0.0391325
2 0.195445 0.632004 0.0781911 0.109906
0 0.221492 0.639849 0.0265458 0.0988705
3 0.230157 0.545168 0.0195624 0.0529495
2 0.392843 0.304598 0.0195546 0.0292614
0 0.366786 0.31909 0.00745158 0.0392212
7 0.37842 0.640357 0.101904 0.26525
2 0.125043 0.848776 0.122628 0.186813
7 0.247358 0.816018 0.114485 0.287221
2 0.503689 0.748431 0.0832335 0.137352
2 0.527408 0.591598 0.0597475 0.118014
7 0.196672 0.41965 0.0628179 0.0996708
2 0.36784 0.922355 0.110578 0.151332
2 0.518221 0.918656 0.102471 0.159039
2 0.0736428 0.632583 0.0793799 0.110787
2 0.270561 0.526866 0.0477461 0.0787743
2 0.0358133 0.710697 0.0710931 0.123342
2 0.721777 0.96994 0.131758 0.0557966
0 0.144215 0.702175 0.0304018 0.100487
2 0.487933 0.500381 0.0409714 0.0738728
2 0.18504 0.631928 0.055884 0.107378
0 0.0559106 0.787138 0.0353009 0.11328
7 0.452944 0.40802 0.052784 0.127498
2 0.310967 0.406919 0.0292714 0.0476201
7 0.69412 0.388573 0.049811 0.0791309
2 0.320913 0.57259 0.0351276 0.10492
2 0.332086 0.486927 0.0457578 0.0657286
2 0.394773 0.411066 0.0323283 0.0488446
2 0.410537 0.465735 0.0376828 0.0632175
2 0.415283 0.34194 0.0201071 0.0371456
3 0.144104 0.727014 0.0286378 0.0608551
2 0.104897 0.590334 0.0659158 0.0979499
3 0.0522197 0.830246 0.0367767 0.0821876
2 0.176993 0.497808 0.0475807 0.070254
7 0.269595 0.707887 0.0831205 0.151076
3 0.276187 0.574799 0.0261279 0.0796508
7 0.908372 0.668363 0.112191 0.27055
0 0.849135 0.690478 0.0222937 0.0842426
5 0.908751 0.668068 0.112492 0.268174
7 0.656085 0.359939 0.0377211 0.0541044
3 0.229603 0.576898 0.018702 0.0446337
2 0.428258 0.5001 0.0467566 0.0769798
0 0.21585 0.504843 0.0157669 0.0648412
0 0.252913 0.457737 0.0167493 0.0557073
2 0.389075 0.358746 0.0251853 0.0389448
7 0.360356 0.429383 0.0351802 0.093845
0 0.23749 0.516374 0.0167746 0.0703715
2 0.374208 0.494078 0.035602 0.0411159
0 0.346229 0.370205 0.0106716 0.0342301
0 0.309644 0.457826 0.0167773 0.0563475
0 0.276215 0.56879 0.0258168 0.0917802
3 0.438688 0.546747 0.0180243 0.037951
7 0.177266 0.497537 0.0478493 0.07108
0 0.266565 0.45602 0.0136768 0.0496366
2 0.269219 0.708632 0.0837484 0.151992
2 0.427507 0.48142 0.0414022 0.0391325
2 0.195445 0.632004 0.0781911 0.109906
0 0.221492 0.639849 0.0265458 0.0988705
3 0.230157 0.545168 0.0195624 0.0529495
2 0.392843 0.304598 0.0195546 0.0292614
0 0.366786 0.31909 0.00745158 0.0392212
7 0.37842 0.640357 0.101904 0.26525
2 0.125043 0.848776 0.122628 0.186813
7 0.247358 0.816018 0.114485 0.287221
2 0.503689 0.748431 0.0832335 0.137352
2 0.527408 0.591598 0.0597475 0.118014
7 0.196672 0.41965 0.0628179 0.0996708
2 0.36784 0.922355 0.110578 0.151332
2 0.518221 0.918656 0.102471 0.159039
2 0.0736428 0.632583 0.0793799 0.110787
2 0.270561 0.526866 0.0477461 0.0787743
2 0.0358133 0.710697 0.0710931 0.123342
2 0.721777 0.96994 0.131758 0.0557966
0 0.144215 0.702175 0.0304018 0.100487
2 0.487933 0.500381 0.0409714 0.0738728
2 0.18504 0.631928 0.055884 0.107378
0 0.0559106 0.787138 0.0353009 0.11328
7 0.452944 0.40802 0.052784 0.127498
2 0.310967 0.406919 0.0292714 0.0476201
7 0.69412 0.388573 0.049811 0.0791309
2 0.320913 0.57259 0.0351276 0.10492
2 0.332086 0.486927 0.0457578 0.0657286
2 0.394773 0.411066 0.0323283 0.0488446
2 0.410537 0.465735 0.0376828 0.0632175
2 0.415283 0.34194 0.0201071 0.0371456
3 0.144104 0.727014 0.0286378 0.0608551
2 0.104897 0.590334 0.0659158 0.0979499
3 0.0522197 0.830246 0.0367767 0.0821876
2 0.176993 0.497808 0.0475807 0.070254
7 0.269595 0.707887 0.0831205 0.151076
3 0.276187 0.574799 0.0261279 0.0796508
7 0.908372 0.668363 0.112191 0.27055
0 0.849135 0.690478 0.0222937 0.0842426
5 0.908751 0.668068 0.112492 0.268174
7 0.656085 0.359939 0.0377211 0.0541044
3 0.229603 0.576898 0.018702 0.0446337
2 0.428258 0.5001 0.0467566 0.0769798
0 0.21585 0.504843 0.0157669 0.0648412
0 0.252913 0.457737 0.0167493 0.0557073
2 0.389075 0.358746 0.0251853 0.0389448
7 0.360356 0.429383 0.0351802 0.093845
0 0.23749 0.516374 0.0167746 0.0703715
2 0.374208 0.494078 0.035602 0.0411159
0 0.346229 0.370205 0.0106716 0.0342301
0 0.309644 0.457826 0.0167773 0.0563475
0 0.276215 0.56879 0.0258168 0.0917802
3 0.438688 0.546747 0.0180243 0.037951
7 0.177266 0.497537 0.0478493 0.07108
0 0.266565 0.45602 0.0136768 0.0496366
2 0.269219 0.708632 0.0837484 0.151992
2 0.427507 0.48142 0.0414022 0.0391325
2 0.195445 0.632004 0.0781911 0.109906
0 0.221492 0.639849 0.0265458 0.0988705
3 0.230157 0.545168 0.0195624 0.0529495
2 0.392843 0.304598 0.0195546 0.0292614
0 0.366786 0.31909 0.00745158 0.0392212
7 0.37842 0.640357 0.101904 0.26525
2 0.125043 0.848776 0.122628 0.186813
7 0.247358 0.816018 0.114485 0.287221
2 0.503689 0.748431 0.0832335 0.137352
2 0.527408 0.591598 0.0597475 0.118014
7 0.196672 0.41965 0.0628179 0.0996708
2 0.36784 0.922355 0.110578 0.151332
2 0.518221 0.918656 0.102471 0.159039
2 0.0736428 0.632583 0.0793799 0.110787
2 0.270561 0.526866 0.0477461 0.0787743
2 0.0358133 0.710697 0.0710931 0.123342
2 0.721777 0.96994 0.131758 0.0557966
0 0.144215 0.702175 0.0304018 0.100487
2 0.487933 0.500381 0.0409714 0.0738728
2 0.18504 0.631928 0.055884 0.107378
0 0.0559106 0.787138 0.0353009 0.11328
7 0.452944 0.40802 0.052784 0.127498
2 0.310967 0.406919 0.0292714 0.0476201
7 0.69412 0.388573 0.049811 0.0791309
2 0.320913 0.57259 0.0351276 0.10492
2 0.332086 0.486927 0.0457578 0.0657286
2 0.394773 0.411066 0.0323283 0.0488446
2 0.410537 0.465735 0.0376828 0.0632175
2 0.415283 0.34194 0.0201071 0.0371456
3 0.144104 0.727014 0.0286378 0.0608551
2 0.104897 0.590334 0.0659158 0.0979499
3 0.0522197 0.830246 0.0367767 0.0821876
2 0.176993 0.497808 0.0475807 0.070254
7 0.269595 0.707887 0.0831205 0.151076
3 0.276187 0.574799 0.0261279 0.0796508
7 0.908372 0.668363 0.112191 0.27055
0 0.849135 0.690478 0.0222937 0.0842426
5 0.908751 0.668068 0.112492 0.268174
7 0.656085 0.359939 0.0377211 0.0541044
3 0.229603 0.576898 0.018702 0.0446337
2 0.428258 0.5001 0.0467566 0.0769798
0 0.21585 0.504843 0.0157669 0.0648412
0 0.252913 0.457737 0.0167493 0.0557073
2 0.389075 0.358746 0.0251853 0.0389448
7 0.360356 0.429383 0.0351802 0.093845
0 0.23749 0.516374 0.0167746 0.0703715
2 0.374208 0.494078 0.035602 0.0411159
0 0.346229 0.370205 0.0106716 0.0342301
0 0.309644 0.457826 0.0167773 0.0563475
0 0.276215 0.56879 0.0258168 0.0917802
3 0.438688 0.546747 0.0180243 0.037951
7 0.177266 0.497537 0.0478493 0.07108
0 0.266565 0.45602 0.0136768 0.0496366
2 0.269219 0.708632 0.0837484 0.151992
2 0.427507 0.48142 0.0414022 0.0391325
2 0.195445 0.632004 0.0781911 0.109906
0 0.221492 0.639849 0.0265458 0.0988705
3 0.230157 0.545168 0.0195624 0.0529495
2 0.392843 0.304598 0.0195546 0.0292614
0 0.366786 0.31909 0.00745158 0.0392212
7 0.378901 0.640171 0.10003 0.264758
7 0.245965 0.82216 0.110937 0.294141
2 0.125727 0.846159 0.12297 0.183769
2 0.504042 0.747268 0.0836182 0.13043
7 0.455141 0.405399 0.0490088 0.119997
2 0.528038 0.589647 0.0593487 0.115718
2 0.0349555 0.713355 0.0694881 0.12657
2 0.0743634 0.632031 0.0777921 0.106449
2 0.186009 0.631566 0.0585067 0.103163
2 0.517789 0.917006 0.102484 0.160606
0 0.144271 0.697022 0.0300648 0.0885041
2 0.721965 0.970514 0.132117 0.0547397
0 0.0549754 0.779788 0.0323872 0.0935635
2 0.3655 0.921963 0.112388 0.151627
7 0.694636 0.388346 0.0503624 0.0807131
2 0.487435 0.498887 0.0413065 0.0775626
2 0.270856 0.525827 0.0464485 0.0817556
2 0.394894 0.410715 0.0317124 0.0479659
3 0.143236 0.72683 0.0255804 0.0598523
5 0.196327 0.420231 0.0604319 0.102113
7 0.361447 0.432377 0.0345511 0.0971764
3 0.0510845 0.831885 0.0353452 0.0789941
3 0.275986 0.587114 0.0249674 0.0551683
3 0.22978 0.575002 0.0182853 0.0484648
7 0.378901 0.640171 0.10003 0.264758
7 0.245965 0.82216 0.110937 0.294141
2 0.125727 0.846159 0.12297 0.183769
2 0.504042 0.747268 0.0836182 0.13043
7 0.455141 0.405399 0.0490088 0.119997
2 0.528038 0.589647 0.0593487 0.115718
2 0.0349555 0.713355 0.0694881 0.12657
2 0.0743634 0.632031 0.0777921 0.106449
2 0.186009 0.631566 0.0585067 0.103163
2 0.517789 0.917006 0.102484 0.160606
0 0.144271 0.697022 0.0300648 0.0885041
2 0.721965 0.970514 0.132117 0.0547397
0 0.0549754 0.779788 0.0323872 0.0935635
2 0.3655 0.921963 0.112388 0.151627
7 0.694636 0.388346 0.0503624 0.0807131
2 0.487435 0.498887 0.0413065 0.0775626
2 0.270856 0.525827 0.0464485 0.0817556
2 0.394894 0.410715 0.0317124 0.0479659
3 0.143236 0.72683 0.0255804 0.0598523
5 0.196327 0.420231 0.0604319 0.102113
7 0.361447 0.432377 0.0345511 0.0971764
3 0.0510845 0.831885 0.0353452 0.0789941
3 0.275986 0.587114 0.0249674 0.0551683
3 0.22978 0.575002 0.0182853 0.0484648
7 0.378901 0.640171 0.10003 0.264758
7 0.245965 0.82216 0.110937 0.294141
2 0.125727 0.846159 0.12297 0.183769
2 0.504042 0.747268 0.0836182 0.13043
7 0.455141 0.405399 0.0490088 0.119997
2 0.528038 0.589647 0.0593487 0.115718
2 0.0349555 0.713355 0.0694881 0.12657
2 0.0743634 0.632031 0.0777921 0.106449
2 0.186009 0.631566 0.0585067 0.103163
2 0.517789 0.917006 0.102484 0.160606
0 0.144271 0.697022 0.0300648 0.0885041
2 0.721965 0.970514 0.132117 0.0547397
0 0.0549754 0.779788 0.0323872 0.0935635
2 0.3655 0.921963 0.112388 0.151627
7 0.694636 0.388346 0.0503624 0.0807131
2 0.487435 0.498887 0.0413065 0.0775626
2 0.270856 0.525827 0.0464485 0.0817556
2 0.394894 0.410715 0.0317124 0.0479659
3 0.143236 0.72683 0.0255804 0.0598523
5 0.196327 0.420231 0.0604319 0.102113
7 0.361447 0.432377 0.0345511 0.0971764
3 0.0510845 0.831885 0.0353452 0.0789941
3 0.275986 0.587114 0.0249674 0.0551683
3 0.22978 0.575002 0.0182853 0.0484648
7 0.378901 0.640171 0.10003 0.264758
7 0.245965 0.82216 0.110937 0.294141
2 0.125727 0.846159 0.12297 0.183769
2 0.504042 0.747268 0.0836182 0.13043
7 0.455141 0.405399 0.0490088 0.119997
2 0.528038 0.589647 0.0593487 0.115718
2 0.0349555 0.713355 0.0694881 0.12657
2 0.0743634 0.632031 0.0777921 0.106449
2 0.186009 0.631566 0.0585067 0.103163
2 0.517789 0.917006 0.102484 0.160606
0 0.144271 0.697022 0.0300648 0.0885041
2 0.721965 0.970514 0.132117 0.0547397
0 0.0549754 0.779788 0.0323872 0.0935635
2 0.3655 0.921963 0.112388 0.151627
7 0.694636 0.388346 0.0503624 0.0807131
2 0.487435 0.498887 0.0413065 0.0775626
2 0.270856 0.525827 0.0464485 0.0817556
2 0.394894 0.410715 0.0317124 0.0479659
3 0.143236 0.72683 0.0255804 0.0598523
5 0.196327 0.420231 0.0604319 0.102113
7 0.361447 0.432377 0.0345511 0.0971764
3 0.0510845 0.831885 0.0353452 0.0789941
3 0.275986 0.587114 0.0249674 0.0551683
3 0.22978 0.575002 0.0182853 0.0484648
7 0.378901 0.640171 0.10003 0.264758
7 0.245965 0.82216 0.110937 0.294141
2 0.125727 0.846159 0.12297 0.183769
2 0.504042 0.747268 0.0836182 0.13043
7 0.455141 0.405399 0.0490088 0.119997
2 0.528038 0.589647 0.0593487 0.115718
2 0.0349555 0.713355 0.0694881 0.12657
2 0.0743634 0.632031 0.0777921 0.106449
2 0.186009 0.631566 0.0585067 0.103163
2 0.517789 0.917006 0.102484 0.160606
0 0.144271 0.697022 0.0300648 0.0885041
2 0.721965 0.970514 0.132117 0.0547397
0 0.0549754 0.779788 0.0323872 0.0935635
2 0.3655 0.921963 0.112388 0.151627
7 0.694636 0.388346 0.0503624 0.0807131
2 0.487435 0.498887 0.0413065 0.0775626
2 0.270856 0.525827 0.0464485 0.0817556
2 0.394894 0.410715 0.0317124 0.0479659
3 0.143236 0.72683 0.0255804 0.0598523
5 0.196327 0.420231 0.0604319 0.102113
7 0.361447 0.432377 0.0345511 0.0971764
3 0.0510845 0.831885 0.0353452 0.0789941
3 0.275986 0.587114 0.0249674 0.0551683
3 0.22978 0.575002 0.0182853 0.0484648
7 0.378901 0.640171 0.10003 0.264758
7 0.245965 0.82216 0.110937 0.294141
2 0.125727 0.846159 0.12297 0.183769
2 0.504042 0.747268 0.0836182 0.13043
7 0.455141 0.405399 0.0490088 0.119997
2 0.528038 0.589647 0.0593487 0.115718
2 0.0349555 0.713355 0.0694881 0.12657
2 0.0743634 0.632031 0.0777921 0.106449
2 0.186009 0.631566 0.0585067 0.103163
2 0.517789 0.917006 0.102484 0.160606
0 0.144271 0.697022 0.0300648 0.0885041
2 0.721965 0.970514 0.132117 0.0547397
0 0.0549754 0.779788 0.0323872 0.0935635
2 0.3655 0.921963 0.112388 0.151627
7 0.694636 0.388346 0.0503624 0.0807131
2 0.487435 0.498887 0.0413065 0.0775626
2 0.270856 0.525827 0.0464485 0.0817556
2 0.394894 0.410715 0.0317124 0.0479659
3 0.143236 0.72683 0.0255804 0.0598523
5 0.196327 0.420231 0.0604319 0.102113
7 0.361447 0.432377 0.0345511 0.0971764
3 0.0510845 0.831885 0.0353452 0.0789941
3 0.275986 0.587114 0.0249674 0.0551683
3 0.22978 0.575002 0.0182853 0.0484648
7 0.378901 0.640171 0.10003 0.264758
7 0.245965 0.82216 0.110937 0.294141
2 0.125727 0.846159 0.12297 0.183769
2 0.504042 0.747268 0.0836182 0.13043
7 0.455141 0.405399 0.0490088 0.119997
2 0.528038 0.589647 0.0593487 0.115718
2 0.0349555 0.713355 0.0694881 0.12657
2 0.0743634 0.632031 0.0777921 0.106449
2 0.186009 0.631566 0.0585067 0.103163
2 0.517789 0.917006 0.102484 0.160606
0 0.144271 0.697022 0.0300648 0.0885041
2 0.721965 0.970514 0.132117 0.0547397
0 0.0549754 0.779788 0.0323872 0.0935635
2 0.3655 0.921963 0.112388 0.151627
7 0.694636 0.388346 0.0503624 0.0807131
2 0.487435 0.498887 0.0413065 0.0775626
2 0.270856 0.525827 0.0464485 0.0817556
2 0.394894 0.410715 0.0317124 0.0479659
3 0.143236 0.72683 0.0255804 0.0598523
5 0.196327 0.420231 0.0604319 0.102113
7 0.361447 0.432377 0.0345511 0.0971764
3 0.0510845 0.831885 0.0353452 0.0789941
3 0.275986 0.587114 0.0249674 0.0551683
3 0.22978 0.575002 0.0182853 0.0484648
7 0.378901 0.640171 0.10003 0.264758
7 0.245965 0.82216 0.110937 0.294141
2 0.125727 0.846159 0.12297 0.183769
2 0.504042 0.747268 0.0836182 0.13043
7 0.455141 0.405399 0.0490088 0.119997
2 0.528038 0.589647 0.0593487 0.115718
2 0.0349555 0.713355 0.0694881 0.12657
2 0.0743634 0.632031 0.0777921 0.106449
2 0.186009 0.631566 0.0585067 0.103163
2 0.517789 0.917006 0.102484 0.160606
0 0.144271 0.697022 0.0300648 0.0885041
2 0.721965 0.970514 0.132117 0.0547397
0 0.0549754 0.779788 0.0323872 0.0935635
2 0.3655 0.921963 0.112388 0.151627
7 0.694636 0.388346 0.0503624 0.0807131
2 0.487435 0.498887 0.0413065 0.0775626
2 0.270856 0.525827 0.0464485 0.0817556
2 0.394894 0.410715 0.0317124 0.0479659
3 0.143236 0.72683 0.0255804 0.0598523
5 0.196327 0.420231 0.0604319 0.102113
7 0.361447 0.432377 0.0345511 0.0971764
3 0.0510845 0.831885 0.0353452 0.0789941
3 0.275986 0.587114 0.0249674 0.0551683
3 0.22978 0.575002 0.0182853 0.0484648
2 0.269287 0.690649 0.0817662 0.114322
2 0.311552 0.408276 0.0295689 0.0500163
2 0.332487 0.48889 0.046702 0.0677284
2 0.869688 0.437392 0.0478233 0.0462792
5 0.909018 0.685578 0.114108 0.228662
0 0.215731 0.504142 0.0162902 0.0634215
2 0.869579 0.500238 0.0642862 0.0630841
2 0.411216 0.464957 0.037362 0.0614549
2 0.10399 0.589219 0.0674294 0.0965512
7 0.437491 0.369095 0.0328972 0.0757879
0 0.238401 0.510256 0.0175324 0.0561164
7 0.177746 0.497145 0.0483229 0.0697364
2 0.388634 0.359311 0.0240633 0.0374516
7 0.909308 0.68648 0.114098 0.227989
0 0.26685 0.455632 0.014697 0.0481806
2 0.415345 0.34162 0.0211287 0.0370482
2 0.429342 0.499676 0.048898 0.0764414
