2 0.461264 0.832487 0.10848 0.181325
7 0.388362 0.533608 0.0746491 0.195395
2 0.0787192 0.900735 0.125598 0.194335
2 0.589039 0.710241 0.0911445 0.138188
2 0.223976 0.652142 0.0788078 0.123118
2 0.0357923 0.720208 0.0708063 0.142039
2 0.401135 0.732445 0.0711125 0.15477
2 0.484991 0.676128 0.0668853 0.128314
7 0.19785 0.424491 0.0641647 0.109757
2 0.47727 0.56038 0.0576922 0.0923693
0 0.216821 0.762547 0.0345901 0.100833
7 0.299837 0.641045 0.0796294 0.23844
2 0.073743 0.630712 0.0790178 0.106959
2 0.178167 0.497142 0.0493024 0.0701089
0 0.122527 0.697752 0.0309083 0.083984
7 0.429399 0.3605 0.045293 0.0992494
2 0.480479 0.484297 0.0424105 0.0827394
2 0.24121 0.52601 0.0447666 0.0794615
2 0.953847 0.49596 0.0576756 0.0667719
7 0.671001 0.855833 0.130136 0.282723
3 0.215743 0.805997 0.0330555 0.0710907
2 0.453423 0.428705 0.03011 0.0599764
2 0.860278 0.597541 0.0479736 0.101774
3 0.121869 0.737626 0.0268712 0.0675539
5 0.704594 0.389804 0.0453022 0.0807049
2 0.105251 0.591306 0.0662328 0.097082
2 0.409823 0.438862 0.0423628 0.0725971
2 0.296172 0.459136 0.0359737 0.0626564
0 0.194227 0.602946 0.0186274 0.0641384
7 0.357019 0.380688 0.0314977 0.0719059
0 0.267176 0.412851 0.0142056 0.0476735
2 0.992888 0.559534 0.0134129 0.0364057
2 0.773802 0.447143 0.0393932 0.0631866
7 0.704419 0.390193 0.0455693 0.0819907
2 0.313429 0.361001 0.0216751 0.0373087
7 0.511872 0.958037 0.106223 0.0822515
3 0.267304 0.413179 0.0145222 0.0470918
2 0.512306 0.957523 0.10612 0.0822688
7 0.621488 0.347422 0.0548437 0.070149
