2 0.546807 0.696039 0.0809218 0.127478
2 0.272698 0.550635 0.0622914 0.1015
2 0.03573 0.714741 0.0707152 0.138668
2 0.462536 0.46276 0.041259 0.0656243
2 0.949424 0.585676 0.0811077 0.0965513
7 0.381996 0.771541 0.105965 0.275539
2 0.304927 0.454129 0.0386179 0.0575189
2 0.273571 0.932263 0.116541 0.130534
2 0.0732818 0.627407 0.0798922 0.104607
7 0.195947 0.417822 0.0683874 0.10197
7 0.414072 0.499774 0.0506586 0.147367
5 0.736118 0.388735 0.0983713 0.12252
7 0.364643 0.400297 0.0353905 0.0948859
2 0.296669 0.411081 0.0300969 0.0560018
0 0.131056 0.76126 0.0378358 0.1175
0 0.209691 0.52368 0.0175649 0.0719469
2 0.103839 0.586026 0.0691405 0.0965464
0 0.933403 0.506288 0.0244987 0.065486
2 0.178698 0.492081 0.0465858 0.0707914
7 0.884867 0.724844 0.0965855 0.151469
3 0.130887 0.790344 0.0378147 0.101154
2 0.338023 0.34093 0.0200236 0.0372075
7 0.0972868 0.931738 0.138863 0.131601
7 0.426915 0.386391 0.0291365 0.110085
2 0.99547 0.511719 0.00847435 0.0516619
2 0.889886 0.728148 0.0843676 0.15024
2 0.0972975 0.932326 0.138695 0.132284
0 0.293365 0.31765 0.00871549 0.0336567
7 0.383333 0.335445 0.0252448 0.0632807
3 0.309806 0.345858 0.0135674 0.0429091
2 0.546807 0.696039 0.0809218 0.127478
2 0.272698 0.550635 0.0622914 0.1015
2 0.03573 0.714741 0.0707152 0.138668
2 0.462536 0.46276 0.041259 0.0656243
2 0.949424 0.585676 0.0811077 0.0965513
7 0.381996 0.771541 0.105965 0.275539
2 0.304927 0.454129 0.0386179 0.0575189
2 0.273571 0.932263 0.116541 0.130534
2 0.0732818 0.627407 0.0798922 0.104607
7 0.195947 0.417822 0.0683874 0.10197
7 0.414072 0.499774 0.0506586 0.147367
5 0.736118 0.388735 0.0983713 0.12252
7 0.364643 0.400297 0.0353905 0.0948859
2 0.296669 0.411081 0.0300969 0.0560018
0 0.131056 0.76126 0.0378358 0.1175
0 0.209691 0.52368 0.0175649 0.0719469
2 0.103839 0.586026 0.0691405 0.0965464
0 0.933403 0.506288 0.0244987 0.065486
2 0.178698 0.492081 0.0465858 0.0707914
7 0.884867 0.724844 0.0965855 0.151469
3 0.130887 0.790344 0.0378147 0.101154
2 0.338023 0.34093 0.0200236 0.0372075
7 0.0972868 0.931738 0.138863 0.131601
7 0.426915 0.386391 0.0291365 0.110085
2 0.99547 0.511719 0.00847435 0.0516619
2 0.889886 0.728148 0.0843676 0.15024
2 0.0972975 0.932326 0.138695 0.132284
0 0.293365 0.31765 0.00871549 0.0336567
7 0.383333 0.335445 0.0252448 0.0632807
3 0.309806 0.345858 0.0135674 0.0429091
2 0.643932 0.363234 0.0245289 0.0340677
7 0.362218 0.28101 0.0253113 0.0511912
2 0.403771 0.315884 0.0206368 0.022624
2 0.310052 0.309084 0.0150167 0.0345176
2 0.546807 0.696039 0.0809218 0.127478
2 0.272698 0.550635 0.0622914 0.1015
2 0.03573 0.714741 0.0707152 0.138668
2 0.462536 0.46276 0.041259 0.0656243
2 0.949424 0.585676 0.0811077 0.0965513
7 0.381996 0.771541 0.105965 0.275539
2 0.304927 0.454129 0.0386179 0.0575189
2 0.273571 0.932263 0.116541 0.130534
2 0.0732818 0.627407 0.0798922 0.104607
7 0.195947 0.417822 0.0683874 0.10197
7 0.414072 0.499774 0.0506586 0.147367
5 0.736118 0.388735 0.0983713 0.12252
7 0.364643 0.400297 0.0353905 0.0948859
2 0.296669 0.411081 0.0300969 0.0560018
0 0.131056 0.76126 0.0378358 0.1175
0 0.209691 0.52368 0.0175649 0.0719469
2 0.103839 0.586026 0.0691405 0.0965464
0 0.933403 0.506288 0.0244987 0.065486
2 0.178698 0.492081 0.0465858 0.0707914
7 0.884867 0.724844 0.0965855 0.151469
3 0.130887 0.790344 0.0378147 0.101154
2 0.338023 0.34093 0.0200236 0.0372075
7 0.0972868 0.931738 0.138863 0.131601
7 0.426915 0.386391 0.0291365 0.110085
2 0.99547 0.511719 0.00847435 0.0516619
2 0.889886 0.728148 0.0843676 0.15024
2 0.0972975 0.932326 0.138695 0.132284
0 0.293365 0.31765 0.00871549 0.0336567
7 0.383333 0.335445 0.0252448 0.0632807
3 0.309806 0.345858 0.0135674 0.0429091
2 0.643932 0.363234 0.0245289 0.0340677
7 0.362218 0.28101 0.0253113 0.0511912
2 0.403771 0.315884 0.0206368 0.022624
2 0.310052 0.309084 0.0150167 0.0345176
2 0.546807 0.696039 0.0809218 0.127478
2 0.272698 0.550635 0.0622914 0.1015
2 0.03573 0.714741 0.0707152 0.138668
2 0.462536 0.46276 0.041259 0.0656243
2 0.949424 0.585676 0.0811077 0.0965513
7 0.381996 0.771541 0.105965 0.275539
2 0.304927 0.454129 0.0386179 0.0575189
2 0.273571 0.932263 0.116541 0.130534
2 0.0732818 0.627407 0.0798922 0.104607
7 0.195947 0.417822 0.0683874 0.10197
7 0.414072 0.499774 0.0506586 0.147367
5 0.736118 0.388735 0.0983713 0.12252
7 0.364643 0.400297 0.0353905 0.0948859
2 0.296669 0.411081 0.0300969 0.0560018
0 0.131056 0.76126 0.0378358 0.1175
0 0.209691 0.52368 0.0175649 0.0719469
2 0.103839 0.586026 0.0691405 0.0965464
0 0.933403 0.506288 0.0244987 0.065486
2 0.178698 0.492081 0.0465858 0.0707914
7 0.884867 0.724844 0.0965855 0.151469
3 0.130887 0.790344 0.0378147 0.101154
2 0.338023 0.34093 0.0200236 0.0372075
7 0.0972868 0.931738 0.138863 0.131601
7 0.426915 0.386391 0.0291365 0.110085
2 0.99547 0.511719 0.00847435 0.0516619
2 0.889886 0.728148 0.0843676 0.15024
2 0.0972975 0.932326 0.138695 0.132284
0 0.293365 0.31765 0.00871549 0.0336567
7 0.383333 0.335445 0.0252448 0.0632807
3 0.309806 0.345858 0.0135674 0.0429091
2 0.643932 0.363234 0.0245289 0.0340677
7 0.362218 0.28101 0.0253113 0.0511912
2 0.403771 0.315884 0.0206368 0.022624
2 0.310052 0.309084 0.0150167 0.0345176
2 0.546807 0.696039 0.0809218 0.127478
2 0.272698 0.550635 0.0622914 0.1015
2 0.03573 0.714741 0.0707152 0.138668
2 0.462536 0.46276 0.041259 0.0656243
2 0.949424 0.585676 0.0811077 0.0965513
7 0.381996 0.771541 0.105965 0.275539
2 0.304927 0.454129 0.0386179 0.0575189
2 0.273571 0.932263 0.116541 0.130534
2 0.0732818 0.627407 0.0798922 0.104607
7 0.195947 0.417822 0.0683874 0.10197
7 0.414072 0.499774 0.0506586 0.147367
5 0.736118 0.388735 0.0983713 0.12252
7 0.364643 0.400297 0.0353905 0.0948859
2 0.296669 0.411081 0.0300969 0.0560018
0 0.131056 0.76126 0.0378358 0.1175
0 0.209691 0.52368 0.0175649 0.0719469
2 0.103839 0.586026 0.0691405 0.0965464
0 0.933403 0.506288 0.0244987 0.065486
2 0.178698 0.492081 0.0465858 0.0707914
7 0.884867 0.724844 0.0965855 0.151469
3 0.130887 0.790344 0.0378147 0.101154
2 0.338023 0.34093 0.0200236 0.0372075
7 0.0972868 0.931738 0.138863 0.131601
7 0.426915 0.386391 0.0291365 0.110085
2 0.99547 0.511719 0.00847435 0.0516619
2 0.889886 0.728148 0.0843676 0.15024
2 0.0972975 0.932326 0.138695 0.132284
0 0.293365 0.31765 0.00871549 0.0336567
7 0.383333 0.335445 0.0252448 0.0632807
3 0.309806 0.345858 0.0135674 0.0429091
2 0.643932 0.363234 0.0245289 0.0340677
7 0.362218 0.28101 0.0253113 0.0511912
2 0.403771 0.315884 0.0206368 0.022624
2 0.310052 0.309084 0.0150167 0.0345176
2 0.546807 0.696039 0.0809218 0.127478
2 0.272698 0.550635 0.0622914 0.1015
2 0.03573 0.714741 0.0707152 0.138668
2 0.462536 0.46276 0.041259 0.0656243
2 0.949424 0.585676 0.0811077 0.0965513
7 0.381996 0.771541 0.105965 0.275539
2 0.304927 0.454129 0.0386179 0.0575189
2 0.273571 0.932263 0.116541 0.130534
2 0.0732818 0.627407 0.0798922 0.104607
7 0.195947 0.417822 0.0683874 0.10197
7 0.414072 0.499774 0.0506586 0.147367
5 0.736118 0.388735 0.0983713 0.12252
7 0.364643 0.400297 0.0353905 0.0948859
2 0.296669 0.411081 0.0300969 0.0560018
0 0.131056 0.76126 0.0378358 0.1175
0 0.209691 0.52368 0.0175649 0.0719469
2 0.103839 0.586026 0.0691405 0.0965464
0 0.933403 0.506288 0.0244987 0.065486
2 0.178698 0.492081 0.0465858 0.0707914
7 0.884867 0.724844 0.0965855 0.151469
3 0.130887 0.790344 0.0378147 0.101154
2 0.338023 0.34093 0.0200236 0.0372075
7 0.0972868 0.931738 0.138863 0.131601
7 0.426915 0.386391 0.0291365 0.110085
2 0.99547 0.511719 0.00847435 0.0516619
2 0.889886 0.728148 0.0843676 0.15024
2 0.0972975 0.932326 0.138695 0.132284
0 0.293365 0.31765 0.00871549 0.0336567
7 0.383333 0.335445 0.0252448 0.0632807
3 0.309806 0.345858 0.0135674 0.0429091
2 0.643932 0.363234 0.0245289 0.0340677
7 0.362218 0.28101 0.0253113 0.0511912
2 0.403771 0.315884 0.0206368 0.022624
2 0.310052 0.309084 0.0150167 0.0345176
2 0.546807 0.696039 0.0809218 0.127478
2 0.272698 0.550635 0.0622914 0.1015
2 0.03573 0.714741 0.0707152 0.138668
2 0.462536 0.46276 0.041259 0.0656243
2 0.949424 0.585676 0.0811077 0.0965513
7 0.381996 0.771541 0.105965 0.275539
2 0.304927 0.454129 0.0386179 0.0575189
2 0.273571 0.932263 0.116541 0.130534
2 0.0732818 0.627407 0.0798922 0.104607
7 0.195947 0.417822 0.0683874 0.10197
7 0.414072 0.499774 0.0506586 0.147367
5 0.736118 0.388735 0.0983713 0.12252
7 0.364643 0.400297 0.0353905 0.0948859
2 0.296669 0.411081 0.0300969 0.0560018
0 0.131056 0.76126 0.0378358 0.1175
0 0.209691 0.52368 0.0175649 0.0719469
2 0.103839 0.586026 0.0691405 0.0965464
0 0.933403 0.506288 0.0244987 0.065486
2 0.178698 0.492081 0.0465858 0.0707914
7 0.884867 0.724844 0.0965855 0.151469
3 0.130887 0.790344 0.0378147 0.101154
2 0.338023 0.34093 0.0200236 0.0372075
7 0.0972868 0.931738 0.138863 0.131601
7 0.426915 0.386391 0.0291365 0.110085
2 0.99547 0.511719 0.00847435 0.0516619
2 0.889886 0.728148 0.0843676 0.15024
2 0.0972975 0.932326 0.138695 0.132284
0 0.293365 0.31765 0.00871549 0.0336567
7 0.383333 0.335445 0.0252448 0.0632807
3 0.309806 0.345858 0.0135674 0.0429091
2 0.643932 0.363234 0.0245289 0.0340677
7 0.362218 0.28101 0.0253113 0.0511912
2 0.403771 0.315884 0.0206368 0.022624
2 0.310052 0.309084 0.0150167 0.0345176
2 0.546807 0.696039 0.0809218 0.127478
2 0.272698 0.550635 0.0622914 0.1015
2 0.03573 0.714741 0.0707152 0.138668
2 0.462536 0.46276 0.041259 0.0656243
2 0.949424 0.585676 0.0811077 0.0965513
7 0.381996 0.771541 0.105965 0.275539
2 0.304927 0.454129 0.0386179 0.0575189
2 0.273571 0.932263 0.116541 0.130534
2 0.0732818 0.627407 0.0798922 0.104607
7 0.195947 0.417822 0.0683874 0.10197
7 0.414072 0.499774 0.0506586 0.147367
5 0.736118 0.388735 0.0983713 0.12252
7 0.364643 0.400297 0.0353905 0.0948859
2 0.296669 0.411081 0.0300969 0.0560018
0 0.131056 0.76126 0.0378358 0.1175
0 0.209691 0.52368 0.0175649 0.0719469
2 0.103839 0.586026 0.0691405 0.0965464
0 0.933403 0.506288 0.0244987 0.065486
2 0.178698 0.492081 0.0465858 0.0707914
7 0.884867 0.724844 0.0965855 0.151469
3 0.130887 0.790344 0.0378147 0.101154
2 0.338023 0.34093 0.0200236 0.0372075
7 0.0972868 0.931738 0.138863 0.131601
7 0.426915 0.386391 0.0291365 0.110085
2 0.99547 0.511719 0.00847435 0.0516619
2 0.889886 0.728148 0.0843676 0.15024
2 0.0972975 0.932326 0.138695 0.132284
0 0.293365 0.31765 0.00871549 0.0336567
7 0.383333 0.335445 0.0252448 0.0632807
3 0.309806 0.345858 0.0135674 0.0429091
2 0.643932 0.363234 0.0245289 0.0340677
7 0.362218 0.28101 0.0253113 0.0511912
2 0.403771 0.315884 0.0206368 0.022624
2 0.310052 0.309084 0.0150167 0.0345176
2 0.546807 0.696039 0.0809218 0.127478
2 0.272698 0.550635 0.0622914 0.1015
2 0.03573 0.714741 0.0707152 0.138668
2 0.462536 0.46276 0.041259 0.0656243
2 0.949424 0.585676 0.0811077 0.0965513
7 0.381996 0.771541 0.105965 0.275539
2 0.304927 0.454129 0.0386179 0.0575189
2 0.273571 0.932263 0.116541 0.130534
2 0.0732818 0.627407 0.0798922 0.104607
7 0.195947 0.417822 0.0683874 0.10197
7 0.414072 0.499774 0.0506586 0.147367
5 0.736118 0.388735 0.0983713 0.12252
7 0.364643 0.400297 0.0353905 0.0948859
2 0.296669 0.411081 0.0300969 0.0560018
0 0.131056 0.76126 0.0378358 0.1175
0 0.209691 0.52368 0.0175649 0.0719469
2 0.103839 0.586026 0.0691405 0.0965464
0 0.933403 0.506288 0.0244987 0.065486
2 0.178698 0.492081 0.0465858 0.0707914
7 0.884867 0.724844 0.0965855 0.151469
3 0.130887 0.790344 0.0378147 0.101154
2 0.338023 0.34093 0.0200236 0.0372075
7 0.0972868 0.931738 0.138863 0.131601
7 0.426915 0.386391 0.0291365 0.110085
2 0.99547 0.511719 0.00847435 0.0516619
2 0.889886 0.728148 0.0843676 0.15024
2 0.0972975 0.932326 0.138695 0.132284
0 0.293365 0.31765 0.00871549 0.0336567
7 0.383333 0.335445 0.0252448 0.0632807
3 0.309806 0.345858 0.0135674 0.0429091
2 0.643932 0.363234 0.0245289 0.0340677
7 0.362218 0.28101 0.0253113 0.0511912
2 0.403771 0.315884 0.0206368 0.022624
2 0.310052 0.309084 0.0150167 0.0345176
2 0.546807 0.696039 0.0809218 0.127478
2 0.272698 0.550635 0.0622914 0.1015
2 0.03573 0.714741 0.0707152 0.138668
2 0.462536 0.46276 0.041259 0.0656243
2 0.949424 0.585676 0.0811077 0.0965513
7 0.381996 0.771541 0.105965 0.275539
2 0.304927 0.454129 0.0386179 0.0575189
2 0.273571 0.932263 0.116541 0.130534
2 0.0732818 0.627407 0.0798922 0.104607
7 0.195947 0.417822 0.0683874 0.10197
7 0.414072 0.499774 0.0506586 0.147367
5 0.736118 0.388735 0.0983713 0.12252
7 0.364643 0.400297 0.0353905 0.0948859
2 0.296669 0.411081 0.0300969 0.0560018
0 0.131056 0.76126 0.0378358 0.1175
0 0.209691 0.52368 0.0175649 0.0719469
2 0.103839 0.586026 0.0691405 0.0965464
0 0.933403 0.506288 0.0244987 0.065486
2 0.178698 0.492081 0.0465858 0.0707914
7 0.884867 0.724844 0.0965855 0.151469
3 0.130887 0.790344 0.0378147 0.101154
2 0.338023 0.34093 0.0200236 0.0372075
7 0.0972868 0.931738 0.138863 0.131601
7 0.426915 0.386391 0.0291365 0.110085
2 0.99547 0.511719 0.00847435 0.0516619
2 0.889886 0.728148 0.0843676 0.15024
2 0.0972975 0.932326 0.138695 0.132284
0 0.293365 0.31765 0.00871549 0.0336567
7 0.383333 0.335445 0.0252448 0.0632807
3 0.309806 0.345858 0.0135674 0.0429091
2 0.643932 0.363234 0.0245289 0.0340677
7 0.362218 0.28101 0.0253113 0.0511912
2 0.403771 0.315884 0.0206368 0.022624
2 0.310052 0.309084 0.0150167 0.0345176
