2 0.473827 0.71141 0.250916 0.142526
5 0.0652392 0.337558 0.130293 0.0800115
2 0.796937 0.627849 0.225901 0.142968
2 0.328001 0.525964 0.161934 0.0808832
2 0.501775 0.458746 0.133458 0.0653216
2 0.699531 0.375191 0.0945972 0.0420991
2 0.39328 0.377685 0.0925271 0.0402586
2 0.0791829 0.862008 0.157559 0.233788
7 0.472376 0.318293 0.0730717 0.049728
2 0.550892 0.363186 0.0923375 0.0508864
2 0.585878 0.329169 0.065454 0.0295293
2 0.227988 0.343638 0.0845417 0.0452559
7 0.691438 0.325442 0.0742442 0.0558179
2 0.33543 0.312317 0.04878 0.0234037
2 0.523538 0.312204 0.0502964 0.032056
7 0.539449 0.286741 0.0566182 0.0415543
2 0.27794 0.327806 0.051408 0.0277968
2 0.382082 0.290908 0.0322361 0.0128483
2 0.261513 0.305779 0.0344285 0.0181461
2 0.379395 0.92895 0.126273 0.137375
7 0.199085 0.427105 0.0726812 0.109997
2 0.0730949 0.633742 0.0798404 0.104372
0 0.176931 0.959749 0.048758 0.0800456
2 0.178039 0.501422 0.0497033 0.0672045
0 0.26209 0.893505 0.0395074 0.120414
3 0.259617 0.958944 0.0393589 0.0771837
2 0.908378 0.739481 0.0755535 0.134085
2 0.0314856 0.733482 0.0621057 0.162067
2 0.100108 0.594152 0.0776089 0.0958399
2 0.960868 0.727704 0.0654858 0.169546
0 0.30401 0.321646 0.00841894 0.0341326
0 0.341443 0.389282 0.0104481 0.0434114
5 0.772744 0.414025 0.109807 0.0934925
2 0.0614706 0.695801 0.045313 0.0936904
2 0.604757 0.585754 0.238495 0.17423
2 0.781239 0.232133 0.0925276 0.0376799
2 0.893969 0.28635 0.130787 0.0552758
2 0.612513 0.199178 0.0676203 0.0310796
2 0.526343 0.233799 0.0726467 0.0371629
2 0.971072 0.37469 0.0569427 0.088688
2 0.621101 0.157132 0.0482741 0.0220804
2 0.488876 0.136926 0.0319824 0.0162348
2 0.536307 0.139413 0.0368236 0.0161163
2 0.517357 0.194794 0.0643341 0.0353563
5 0.652109 0.117027 0.0661615 0.0337652
2 0.502755 0.173619 0.0490952 0.0265585
2 0.862274 0.143935 0.0545827 0.0197847
2 0.465311 0.121902 0.0285361 0.0172348
2 0.886757 0.202415 0.0812429 0.03465
2 0.598233 0.145184 0.0371494 0.017954
2 0.769561 0.149002 0.0394775 0.0238798
2 0.510372 0.12173 0.0287137 0.0136616
2 0.828599 0.134532 0.0356384 0.0169437
2 0.539456 0.117249 0.0292703 0.0119881
2 0.678252 0.176727 0.0649697 0.0326447
2 0.576367 0.134997 0.0310543 0.0139875
2 0.686744 0.146141 0.042885 0.0223782
0 0.0532687 0.0693363 0.042426 0.0333327
7 0.678326 0.177051 0.0638862 0.0322868
2 0.511474 0.174598 0.0599136 0.0285381
2 0.723544 0.15647 0.0377119 0.0205998
2 0.770056 0.130674 0.0338179 0.0149918
5 0.765114 0.113787 0.0434289 0.0279934
5 0.96879 0.164204 0.0597212 0.0630077
0 0.136513 0.0772702 0.0399152 0.0193159
2 0.860685 0.586326 0.277841 0.127849
2 0.650172 0.420766 0.163862 0.07322
2 0.411406 0.314754 0.106467 0.0513298
7 0.554566 0.340911 0.169545 0.106249
5 0.119842 0.293661 0.157981 0.131026
2 0.334196 0.277176 0.0897613 0.0423827
2 0.140929 0.20977 0.0483692 0.0231748
0 0.769845 0.420778 0.0445336 0.0515893
0 0.327419 0.517652 0.0686425 0.0717632
3 0.329839 0.545259 0.0654395 0.0599508
0 0.350708 0.340559 0.0405506 0.0410436
3 0.351076 0.353847 0.0394804 0.035336
3 0.833416 0.50364 0.0540665 0.053418
2 0.0980912 0.220812 0.0600598 0.0226336
5 0.23026 0.192282 0.0982268 0.0397004
0 0.307508 0.301651 0.0331785 0.0473143
0 0.833365 0.492276 0.0512975 0.0601124
3 0.720845 0.37499 0.0333795 0.0383438
0 0.812216 0.44376 0.0576511 0.0517355
0 0.536454 0.267147 0.0242093 0.0387006
0 0.259137 0.253896 0.0397465 0.0309755
3 0.412504 0.261723 0.037457 0.0314005
0 0.413362 0.258764 0.0367288 0.0362245
3 0.81425 0.461816 0.0502462 0.0468869
2 0.0918227 0.1469 0.026668 0.0156183
2 0.290749 0.238523 0.0667449 0.0270473
0 0.795333 0.355601 0.0233287 0.0357821
0 0.672911 0.344762 0.0291444 0.049589
3 0.309427 0.315153 0.0303275 0.022811
2 0.257513 0.232879 0.0505311 0.0235564
0 0.258121 0.262321 0.0410778 0.0459903
3 0.810893 0.45557 0.0620527 0.0546157
3 0.408549 0.264971 0.0301359 0.0262425
3 0.70383 0.370126 0.0694992 0.0501943
0 0.74492 0.352525 0.0303294 0.0425629
2 0.141152 0.217247 0.0478477 0.0228273
2 0.258935 0.221579 0.0497594 0.0153944
3 0.441151 0.255111 0.0209269 0.0257979
2 0.228399 0.214721 0.040331 0.0228763
7 0.126942 0.138999 0.0404875 0.0255105
2 0.110378 0.194746 0.0481593 0.0253467
0 0.00953191 0.244391 0.0190638 0.0324618
2 0.860685 0.586326 0.277841 0.127849
2 0.650172 0.420766 0.163862 0.07322
2 0.411406 0.314754 0.106467 0.0513298
7 0.554566 0.340911 0.169545 0.106249
5 0.119842 0.293661 0.157981 0.131026
2 0.334196 0.277176 0.0897613 0.0423827
2 0.140929 0.20977 0.0483692 0.0231748
0 0.769845 0.420778 0.0445336 0.0515893
0 0.327419 0.517652 0.0686425 0.0717632
3 0.329839 0.545259 0.0654395 0.0599508
0 0.350708 0.340559 0.0405506 0.0410436
3 0.351076 0.353847 0.0394804 0.035336
3 0.833416 0.50364 0.0540665 0.053418
2 0.0980912 0.220812 0.0600598 0.0226336
5 0.23026 0.192282 0.0982268 0.0397004
0 0.307508 0.301651 0.0331785 0.0473143
0 0.833365 0.492276 0.0512975 0.0601124
3 0.720845 0.37499 0.0333795 0.0383438
0 0.812216 0.44376 0.0576511 0.0517355
0 0.536454 0.267147 0.0242093 0.0387006
0 0.259137 0.253896 0.0397465 0.0309755
3 0.412504 0.261723 0.037457 0.0314005
0 0.413362 0.258764 0.0367288 0.0362245
3 0.81425 0.461816 0.0502462 0.0468869
2 0.0918227 0.1469 0.026668 0.0156183
2 0.290749 0.238523 0.0667449 0.0270473
0 0.795333 0.355601 0.0233287 0.0357821
0 0.672911 0.344762 0.0291444 0.049589
3 0.309427 0.315153 0.0303275 0.022811
2 0.257513 0.232879 0.0505311 0.0235564
0 0.258121 0.262321 0.0410778 0.0459903
3 0.810893 0.45557 0.0620527 0.0546157
3 0.408549 0.264971 0.0301359 0.0262425
3 0.70383 0.370126 0.0694992 0.0501943
0 0.74492 0.352525 0.0303294 0.0425629
2 0.141152 0.217247 0.0478477 0.0228273
2 0.258935 0.221579 0.0497594 0.0153944
3 0.441151 0.255111 0.0209269 0.0257979
2 0.228399 0.214721 0.040331 0.0228763
7 0.126942 0.138999 0.0404875 0.0255105
2 0.110378 0.194746 0.0481593 0.0253467
0 0.00953191 0.244391 0.0190638 0.0324618
2 0.860685 0.586326 0.277841 0.127849
2 0.650172 0.420766 0.163862 0.07322
2 0.411406 0.314754 0.106467 0.0513298
7 0.554566 0.340911 0.169545 0.106249
5 0.119842 0.293661 0.157981 0.131026
2 0.334196 0.277176 0.0897613 0.0423827
2 0.140929 0.20977 0.0483692 0.0231748
0 0.769845 0.420778 0.0445336 0.0515893
0 0.327419 0.517652 0.0686425 0.0717632
3 0.329839 0.545259 0.0654395 0.0599508
0 0.350708 0.340559 0.0405506 0.0410436
3 0.351076 0.353847 0.0394804 0.035336
3 0.833416 0.50364 0.0540665 0.053418
2 0.0980912 0.220812 0.0600598 0.0226336
5 0.23026 0.192282 0.0982268 0.0397004
0 0.307508 0.301651 0.0331785 0.0473143
0 0.833365 0.492276 0.0512975 0.0601124
3 0.720845 0.37499 0.0333795 0.0383438
0 0.812216 0.44376 0.0576511 0.0517355
0 0.536454 0.267147 0.0242093 0.0387006
0 0.259137 0.253896 0.0397465 0.0309755
3 0.412504 0.261723 0.037457 0.0314005
0 0.413362 0.258764 0.0367288 0.0362245
3 0.81425 0.461816 0.0502462 0.0468869
2 0.0918227 0.1469 0.026668 0.0156183
2 0.290749 0.238523 0.0667449 0.0270473
0 0.795333 0.355601 0.0233287 0.0357821
0 0.672911 0.344762 0.0291444 0.049589
3 0.309427 0.315153 0.0303275 0.022811
2 0.257513 0.232879 0.0505311 0.0235564
0 0.258121 0.262321 0.0410778 0.0459903
3 0.810893 0.45557 0.0620527 0.0546157
3 0.408549 0.264971 0.0301359 0.0262425
3 0.70383 0.370126 0.0694992 0.0501943
0 0.74492 0.352525 0.0303294 0.0425629
2 0.141152 0.217247 0.0478477 0.0228273
2 0.258935 0.221579 0.0497594 0.0153944
3 0.441151 0.255111 0.0209269 0.0257979
2 0.228399 0.214721 0.040331 0.0228763
7 0.126942 0.138999 0.0404875 0.0255105
2 0.110378 0.194746 0.0481593 0.0253467
0 0.00953191 0.244391 0.0190638 0.0324618
2 0.860685 0.586326 0.277841 0.127849
2 0.650172 0.420766 0.163862 0.07322
2 0.411406 0.314754 0.106467 0.0513298
7 0.554566 0.340911 0.169545 0.106249
5 0.119842 0.293661 0.157981 0.131026
2 0.334196 0.277176 0.0897613 0.0423827
2 0.140929 0.20977 0.0483692 0.0231748
0 0.769845 0.420778 0.0445336 0.0515893
0 0.327419 0.517652 0.0686425 0.0717632
3 0.329839 0.545259 0.0654395 0.0599508
0 0.350708 0.340559 0.0405506 0.0410436
3 0.351076 0.353847 0.0394804 0.035336
3 0.833416 0.50364 0.0540665 0.053418
2 0.0980912 0.220812 0.0600598 0.0226336
5 0.23026 0.192282 0.0982268 0.0397004
0 0.307508 0.301651 0.0331785 0.0473143
0 0.833365 0.492276 0.0512975 0.0601124
3 0.720845 0.37499 0.0333795 0.0383438
0 0.812216 0.44376 0.0576511 0.0517355
0 0.536454 0.267147 0.0242093 0.0387006
0 0.259137 0.253896 0.0397465 0.0309755
3 0.412504 0.261723 0.037457 0.0314005
0 0.413362 0.258764 0.0367288 0.0362245
3 0.81425 0.461816 0.0502462 0.0468869
2 0.0918227 0.1469 0.026668 0.0156183
2 0.290749 0.238523 0.0667449 0.0270473
0 0.795333 0.355601 0.0233287 0.0357821
0 0.672911 0.344762 0.0291444 0.049589
3 0.309427 0.315153 0.0303275 0.022811
2 0.257513 0.232879 0.0505311 0.0235564
0 0.258121 0.262321 0.0410778 0.0459903
3 0.810893 0.45557 0.0620527 0.0546157
3 0.408549 0.264971 0.0301359 0.0262425
3 0.70383 0.370126 0.0694992 0.0501943
0 0.74492 0.352525 0.0303294 0.0425629
2 0.141152 0.217247 0.0478477 0.0228273
2 0.258935 0.221579 0.0497594 0.0153944
3 0.441151 0.255111 0.0209269 0.0257979
2 0.228399 0.214721 0.040331 0.0228763
7 0.126942 0.138999 0.0404875 0.0255105
2 0.110378 0.194746 0.0481593 0.0253467
0 0.00953191 0.244391 0.0190638 0.0324618
2 0.860685 0.586326 0.277841 0.127849
2 0.650172 0.420766 0.163862 0.07322
2 0.411406 0.314754 0.106467 0.0513298
7 0.554566 0.340911 0.169545 0.106249
5 0.119842 0.293661 0.157981 0.131026
2 0.334196 0.277176 0.0897613 0.0423827
2 0.140929 0.20977 0.0483692 0.0231748
0 0.769845 0.420778 0.0445336 0.0515893
0 0.327419 0.517652 0.0686425 0.0717632
3 0.329839 0.545259 0.0654395 0.0599508
0 0.350708 0.340559 0.0405506 0.0410436
3 0.351076 0.353847 0.0394804 0.035336
3 0.833416 0.50364 0.0540665 0.053418
2 0.0980912 0.220812 0.0600598 0.0226336
5 0.23026 0.192282 0.0982268 0.0397004
0 0.307508 0.301651 0.0331785 0.0473143
0 0.833365 0.492276 0.0512975 0.0601124
3 0.720845 0.37499 0.0333795 0.0383438
0 0.812216 0.44376 0.0576511 0.0517355
0 0.536454 0.267147 0.0242093 0.0387006
0 0.259137 0.253896 0.0397465 0.0309755
3 0.412504 0.261723 0.037457 0.0314005
0 0.413362 0.258764 0.0367288 0.0362245
3 0.81425 0.461816 0.0502462 0.0468869
2 0.0918227 0.1469 0.026668 0.0156183
2 0.290749 0.238523 0.0667449 0.0270473
0 0.795333 0.355601 0.0233287 0.0357821
0 0.672911 0.344762 0.0291444 0.049589
3 0.309427 0.315153 0.0303275 0.022811
2 0.257513 0.232879 0.0505311 0.0235564
0 0.258121 0.262321 0.0410778 0.0459903
3 0.810893 0.45557 0.0620527 0.0546157
3 0.408549 0.264971 0.0301359 0.0262425
3 0.70383 0.370126 0.0694992 0.0501943
0 0.74492 0.352525 0.0303294 0.0425629
2 0.141152 0.217247 0.0478477 0.0228273
2 0.258935 0.221579 0.0497594 0.0153944
3 0.441151 0.255111 0.0209269 0.0257979
2 0.228399 0.214721 0.040331 0.0228763
7 0.126942 0.138999 0.0404875 0.0255105
2 0.110378 0.194746 0.0481593 0.0253467
0 0.00953191 0.244391 0.0190638 0.0324618
2 0.860685 0.586326 0.277841 0.127849
2 0.650172 0.420766 0.163862 0.07322
2 0.411406 0.314754 0.106467 0.0513298
7 0.554566 0.340911 0.169545 0.106249
5 0.119842 0.293661 0.157981 0.131026
2 0.334196 0.277176 0.0897613 0.0423827
2 0.140929 0.20977 0.0483692 0.0231748
0 0.769845 0.420778 0.0445336 0.0515893
0 0.327419 0.517652 0.0686425 0.0717632
3 0.329839 0.545259 0.0654395 0.0599508
0 0.350708 0.340559 0.0405506 0.0410436
3 0.351076 0.353847 0.0394804 0.035336
3 0.833416 0.50364 0.0540665 0.053418
2 0.0980912 0.220812 0.0600598 0.0226336
5 0.23026 0.192282 0.0982268 0.0397004
0 0.307508 0.301651 0.0331785 0.0473143
0 0.833365 0.492276 0.0512975 0.0601124
3 0.720845 0.37499 0.0333795 0.0383438
0 0.812216 0.44376 0.0576511 0.0517355
0 0.536454 0.267147 0.0242093 0.0387006
0 0.259137 0.253896 0.0397465 0.0309755
3 0.412504 0.261723 0.037457 0.0314005
0 0.413362 0.258764 0.0367288 0.0362245
3 0.81425 0.461816 0.0502462 0.0468869
2 0.0918227 0.1469 0.026668 0.0156183
2 0.290749 0.238523 0.0667449 0.0270473
0 0.795333 0.355601 0.0233287 0.0357821
0 0.672911 0.344762 0.0291444 0.049589
3 0.309427 0.315153 0.0303275 0.022811
2 0.257513 0.232879 0.0505311 0.0235564
0 0.258121 0.262321 0.0410778 0.0459903
3 0.810893 0.45557 0.0620527 0.0546157
3 0.408549 0.264971 0.0301359 0.0262425
3 0.70383 0.370126 0.0694992 0.0501943
0 0.74492 0.352525 0.0303294 0.0425629
2 0.141152 0.217247 0.0478477 0.0228273
2 0.258935 0.221579 0.0497594 0.0153944
3 0.441151 0.255111 0.0209269 0.0257979
2 0.228399 0.214721 0.040331 0.0228763
7 0.126942 0.138999 0.0404875 0.0255105
2 0.110378 0.194746 0.0481593 0.0253467
0 0.00953191 0.244391 0.0190638 0.0324618
2 0.860685 0.586326 0.277841 0.127849
2 0.650172 0.420766 0.163862 0.07322
2 0.411406 0.314754 0.106467 0.0513298
7 0.554566 0.340911 0.169545 0.106249
5 0.119842 0.293661 0.157981 0.131026
2 0.334196 0.277176 0.0897613 0.0423827
2 0.140929 0.20977 0.0483692 0.0231748
0 0.769845 0.420778 0.0445336 0.0515893
0 0.327419 0.517652 0.0686425 0.0717632
3 0.329839 0.545259 0.0654395 0.0599508
0 0.350708 0.340559 0.0405506 0.0410436
3 0.351076 0.353847 0.0394804 0.035336
3 0.833416 0.50364 0.0540665 0.053418
2 0.0980912 0.220812 0.0600598 0.0226336
5 0.23026 0.192282 0.0982268 0.0397004
0 0.307508 0.301651 0.0331785 0.0473143
0 0.833365 0.492276 0.0512975 0.0601124
3 0.720845 0.37499 0.0333795 0.0383438
0 0.812216 0.44376 0.0576511 0.0517355
0 0.536454 0.267147 0.0242093 0.0387006
0 0.259137 0.253896 0.0397465 0.0309755
3 0.412504 0.261723 0.037457 0.0314005
0 0.413362 0.258764 0.0367288 0.0362245
3 0.81425 0.461816 0.0502462 0.0468869
2 0.0918227 0.1469 0.026668 0.0156183
2 0.290749 0.238523 0.0667449 0.0270473
0 0.795333 0.355601 0.0233287 0.0357821
0 0.672911 0.344762 0.0291444 0.049589
3 0.309427 0.315153 0.0303275 0.022811
2 0.257513 0.232879 0.0505311 0.0235564
0 0.258121 0.262321 0.0410778 0.0459903
3 0.810893 0.45557 0.0620527 0.0546157
3 0.408549 0.264971 0.0301359 0.0262425
3 0.70383 0.370126 0.0694992 0.0501943
0 0.74492 0.352525 0.0303294 0.0425629
2 0.141152 0.217247 0.0478477 0.0228273
2 0.258935 0.221579 0.0497594 0.0153944
3 0.441151 0.255111 0.0209269 0.0257979
2 0.228399 0.214721 0.040331 0.0228763
7 0.126942 0.138999 0.0404875 0.0255105
2 0.110378 0.194746 0.0481593 0.0253467
0 0.00953191 0.244391 0.0190638 0.0324618
2 0.860685 0.586326 0.277841 0.127849
2 0.650172 0.420766 0.163862 0.07322
2 0.411406 0.314754 0.106467 0.0513298
7 0.554566 0.340911 0.169545 0.106249
5 0.119842 0.293661 0.157981 0.131026
2 0.334196 0.277176 0.0897613 0.0423827
2 0.140929 0.20977 0.0483692 0.0231748
0 0.769845 0.420778 0.0445336 0.0515893
0 0.327419 0.517652 0.0686425 0.0717632
3 0.329839 0.545259 0.0654395 0.0599508
0 0.350708 0.340559 0.0405506 0.0410436
3 0.351076 0.353847 0.0394804 0.035336
3 0.833416 0.50364 0.0540665 0.053418
2 0.0980912 0.220812 0.0600598 0.0226336
5 0.23026 0.192282 0.0982268 0.0397004
0 0.307508 0.301651 0.0331785 0.0473143
0 0.833365 0.492276 0.0512975 0.0601124
3 0.720845 0.37499 0.0333795 0.0383438
0 0.812216 0.44376 0.0576511 0.0517355
0 0.536454 0.267147 0.0242093 0.0387006
0 0.259137 0.253896 0.0397465 0.0309755
3 0.412504 0.261723 0.037457 0.0314005
0 0.413362 0.258764 0.0367288 0.0362245
3 0.81425 0.461816 0.0502462 0.0468869
2 0.0918227 0.1469 0.026668 0.0156183
2 0.290749 0.238523 0.0667449 0.0270473
0 0.795333 0.355601 0.0233287 0.0357821
0 0.672911 0.344762 0.0291444 0.049589
3 0.309427 0.315153 0.0303275 0.022811
2 0.257513 0.232879 0.0505311 0.0235564
0 0.258121 0.262321 0.0410778 0.0459903
3 0.810893 0.45557 0.0620527 0.0546157
3 0.408549 0.264971 0.0301359 0.0262425
3 0.70383 0.370126 0.0694992 0.0501943
0 0.74492 0.352525 0.0303294 0.0425629
2 0.141152 0.217247 0.0478477 0.0228273
2 0.258935 0.221579 0.0497594 0.0153944
3 0.441151 0.255111 0.0209269 0.0257979
2 0.228399 0.214721 0.040331 0.0228763
7 0.126942 0.138999 0.0404875 0.0255105
2 0.110378 0.194746 0.0481593 0.0253467
0 0.00953191 0.244391 0.0190638 0.0324618
