2 0.468738 0.720859 0.246753 0.137241
2 0.746669 0.507691 0.16144 0.0757154
2 0.274399 0.492139 0.148527 0.066622
2 0.505731 0.442893 0.136702 0.0753811
2 0.546064 0.371075 0.0864883 0.0403651
7 0.406511 0.357432 0.0961719 0.0686313
2 0.573907 0.328666 0.0639091 0.0295055
2 0.150324 0.367615 0.0853844 0.0368795
2 0.672327 0.385819 0.124979 0.0785227
2 0.201202 0.32848 0.0597494 0.0273032
7 0.515826 0.29756 0.0726006 0.0430507
2 0.516656 0.316 0.0418883 0.023196
2 0.264452 0.337767 0.068742 0.0299758
2 0.556136 0.354347 0.0800051 0.0355172
2 0.0716405 0.402286 0.112047 0.0636762
2 0.3067 0.324561 0.0537137 0.0247843
2 0.46709 0.342348 0.0569967 0.0403003
2 0.473046 0.321755 0.0638273 0.0325882
7 0.0719296 0.402305 0.111627 0.0635655
2 0.30885 0.300538 0.0398539 0.0170694
2 0.681941 0.309236 0.0517136 0.018105
2 0.676797 0.307523 0.0598306 0.0189345
2 0.3583 0.296335 0.0303367 0.014584
2 0.259377 0.310406 0.0468561 0.0212822
