2 0.625956 0.862783 0.110047 0.173524
7 0.477444 0.708703 0.0761066 0.204482
2 0.0357063 0.719506 0.0707053 0.141811
7 0.354947 0.619984 0.0641448 0.174916
2 0.531761 0.628637 0.0697396 0.102638
7 0.197179 0.421602 0.0632633 0.107381
7 0.456325 0.409308 0.0319099 0.0950451
2 0.493282 0.544269 0.0510209 0.0883998
0 0.214832 0.898617 0.0465058 0.121426
2 0.0757861 0.631132 0.0850244 0.109669
2 0.422939 0.522097 0.046701 0.0796542
0 0.124365 0.864085 0.0441572 0.105829
2 0.216147 0.618521 0.0613928 0.0977056
2 0.303578 0.569709 0.0441718 0.0950687
3 0.125085 0.917472 0.043362 0.11374
3 0.269279 0.648484 0.0197881 0.0620872
7 0.383921 0.362798 0.0366548 0.0978962
2 0.178387 0.496168 0.0488513 0.0703727
7 0.923553 0.747124 0.105351 0.177074
2 0.47238 0.480122 0.0400329 0.0719447
7 0.346693 0.415641 0.0331165 0.0937743
2 0.408693 0.430115 0.0367399 0.0598758
0 0.26951 0.617725 0.0226267 0.0738392
3 0.209539 0.964146 0.0395752 0.0697049
2 0.959101 0.662527 0.0714298 0.0706686
2 0.104966 0.589637 0.0671274 0.0991253
2 0.282177 0.439862 0.0306939 0.0574434
0 0.231039 0.80345 0.0432822 0.105778
3 0.227554 0.673518 0.0222189 0.0623875
0 0.22635 0.639736 0.024654 0.076711
2 0.50168 0.968024 0.124481 0.0594408
2 0.423277 0.470992 0.0377552 0.0727131
7 0.336924 0.499642 0.0402132 0.0882758
7 0.76338 0.400463 0.0916663 0.0640671
5 0.97546 0.511254 0.0480251 0.101114
3 0.227566 0.661002 0.0244715 0.0838687
2 0.422524 0.461939 0.0349546 0.0549566
7 0.389684 0.281767 0.0265367 0.0702823
2 0.962528 0.598805 0.0745892 0.10702
7 0.430315 0.388838 0.0207296 0.0444824
0 0.311993 0.416498 0.0134048 0.0466855
2 0.625956 0.862783 0.110047 0.173524
7 0.477444 0.708703 0.0761066 0.204482
2 0.0357063 0.719506 0.0707053 0.141811
7 0.354947 0.619984 0.0641448 0.174916
2 0.531761 0.628637 0.0697396 0.102638
7 0.197179 0.421602 0.0632633 0.107381
7 0.456325 0.409308 0.0319099 0.0950451
2 0.493282 0.544269 0.0510209 0.0883998
0 0.214832 0.898617 0.0465058 0.121426
2 0.0757861 0.631132 0.0850244 0.109669
2 0.422939 0.522097 0.046701 0.0796542
0 0.124365 0.864085 0.0441572 0.105829
2 0.216147 0.618521 0.0613928 0.0977056
2 0.303578 0.569709 0.0441718 0.0950687
3 0.125085 0.917472 0.043362 0.11374
3 0.269279 0.648484 0.0197881 0.0620872
7 0.383921 0.362798 0.0366548 0.0978962
2 0.178387 0.496168 0.0488513 0.0703727
7 0.923553 0.747124 0.105351 0.177074
2 0.47238 0.480122 0.0400329 0.0719447
7 0.346693 0.415641 0.0331165 0.0937743
2 0.408693 0.430115 0.0367399 0.0598758
0 0.26951 0.617725 0.0226267 0.0738392
3 0.209539 0.964146 0.0395752 0.0697049
2 0.959101 0.662527 0.0714298 0.0706686
2 0.104966 0.589637 0.0671274 0.0991253
2 0.282177 0.439862 0.0306939 0.0574434
0 0.231039 0.80345 0.0432822 0.105778
3 0.227554 0.673518 0.0222189 0.0623875
0 0.22635 0.639736 0.024654 0.076711
2 0.50168 0.968024 0.124481 0.0594408
2 0.423277 0.470992 0.0377552 0.0727131
7 0.336924 0.499642 0.0402132 0.0882758
7 0.76338 0.400463 0.0916663 0.0640671
5 0.97546 0.511254 0.0480251 0.101114
3 0.227566 0.661002 0.0244715 0.0838687
2 0.422524 0.461939 0.0349546 0.0549566
7 0.389684 0.281767 0.0265367 0.0702823
2 0.962528 0.598805 0.0745892 0.10702
7 0.430315 0.388838 0.0207296 0.0444824
0 0.311993 0.416498 0.0134048 0.0466855
0 0.239461 0.619036 0.0178047 0.0582252
3 0.231597 0.819911 0.0439079 0.127069
3 0.230809 0.847459 0.0408118 0.0881577
2 0.38344 0.580759 0.0414672 0.104475
2 0.390643 0.581166 0.0279754 0.103717
2 0.297874 0.351322 0.0207014 0.0381916
7 0.962401 0.596458 0.0750977 0.100903
7 0.764437 0.414925 0.094474 0.0906004
0 0.237105 0.624377 0.0203416 0.0696299
2 0.961566 0.623014 0.0760696 0.15356
2 0.380172 0.413094 0.0275304 0.0501445
0 0.269452 0.63334 0.0246035 0.0924883
2 0.625956 0.862783 0.110047 0.173524
7 0.477444 0.708703 0.0761066 0.204482
2 0.0357063 0.719506 0.0707053 0.141811
7 0.354947 0.619984 0.0641448 0.174916
2 0.531761 0.628637 0.0697396 0.102638
7 0.197179 0.421602 0.0632633 0.107381
7 0.456325 0.409308 0.0319099 0.0950451
2 0.493282 0.544269 0.0510209 0.0883998
0 0.214832 0.898617 0.0465058 0.121426
2 0.0757861 0.631132 0.0850244 0.109669
2 0.422939 0.522097 0.046701 0.0796542
0 0.124365 0.864085 0.0441572 0.105829
2 0.216147 0.618521 0.0613928 0.0977056
2 0.303578 0.569709 0.0441718 0.0950687
3 0.125085 0.917472 0.043362 0.11374
3 0.269279 0.648484 0.0197881 0.0620872
7 0.383921 0.362798 0.0366548 0.0978962
2 0.178387 0.496168 0.0488513 0.0703727
7 0.923553 0.747124 0.105351 0.177074
2 0.47238 0.480122 0.0400329 0.0719447
7 0.346693 0.415641 0.0331165 0.0937743
2 0.408693 0.430115 0.0367399 0.0598758
0 0.26951 0.617725 0.0226267 0.0738392
3 0.209539 0.964146 0.0395752 0.0697049
2 0.959101 0.662527 0.0714298 0.0706686
2 0.104966 0.589637 0.0671274 0.0991253
2 0.282177 0.439862 0.0306939 0.0574434
0 0.231039 0.80345 0.0432822 0.105778
3 0.227554 0.673518 0.0222189 0.0623875
0 0.22635 0.639736 0.024654 0.076711
2 0.50168 0.968024 0.124481 0.0594408
2 0.423277 0.470992 0.0377552 0.0727131
7 0.336924 0.499642 0.0402132 0.0882758
7 0.76338 0.400463 0.0916663 0.0640671
5 0.97546 0.511254 0.0480251 0.101114
3 0.227566 0.661002 0.0244715 0.0838687
2 0.422524 0.461939 0.0349546 0.0549566
7 0.389684 0.281767 0.0265367 0.0702823
2 0.962528 0.598805 0.0745892 0.10702
7 0.430315 0.388838 0.0207296 0.0444824
0 0.311993 0.416498 0.0134048 0.0466855
0 0.239461 0.619036 0.0178047 0.0582252
3 0.231597 0.819911 0.0439079 0.127069
3 0.230809 0.847459 0.0408118 0.0881577
2 0.38344 0.580759 0.0414672 0.104475
2 0.390643 0.581166 0.0279754 0.103717
2 0.297874 0.351322 0.0207014 0.0381916
7 0.962401 0.596458 0.0750977 0.100903
7 0.764437 0.414925 0.094474 0.0906004
0 0.237105 0.624377 0.0203416 0.0696299
2 0.961566 0.623014 0.0760696 0.15356
2 0.380172 0.413094 0.0275304 0.0501445
0 0.269452 0.63334 0.0246035 0.0924883
2 0.625956 0.862783 0.110047 0.173524
7 0.477444 0.708703 0.0761066 0.204482
2 0.0357063 0.719506 0.0707053 0.141811
7 0.354947 0.619984 0.0641448 0.174916
2 0.531761 0.628637 0.0697396 0.102638
7 0.197179 0.421602 0.0632633 0.107381
7 0.456325 0.409308 0.0319099 0.0950451
2 0.493282 0.544269 0.0510209 0.0883998
0 0.214832 0.898617 0.0465058 0.121426
2 0.0757861 0.631132 0.0850244 0.109669
2 0.422939 0.522097 0.046701 0.0796542
0 0.124365 0.864085 0.0441572 0.105829
2 0.216147 0.618521 0.0613928 0.0977056
2 0.303578 0.569709 0.0441718 0.0950687
3 0.125085 0.917472 0.043362 0.11374
3 0.269279 0.648484 0.0197881 0.0620872
7 0.383921 0.362798 0.0366548 0.0978962
2 0.178387 0.496168 0.0488513 0.0703727
7 0.923553 0.747124 0.105351 0.177074
2 0.47238 0.480122 0.0400329 0.0719447
7 0.346693 0.415641 0.0331165 0.0937743
2 0.408693 0.430115 0.0367399 0.0598758
0 0.26951 0.617725 0.0226267 0.0738392
3 0.209539 0.964146 0.0395752 0.0697049
2 0.959101 0.662527 0.0714298 0.0706686
2 0.104966 0.589637 0.0671274 0.0991253
2 0.282177 0.439862 0.0306939 0.0574434
0 0.231039 0.80345 0.0432822 0.105778
3 0.227554 0.673518 0.0222189 0.0623875
0 0.22635 0.639736 0.024654 0.076711
2 0.50168 0.968024 0.124481 0.0594408
2 0.423277 0.470992 0.0377552 0.0727131
7 0.336924 0.499642 0.0402132 0.0882758
7 0.76338 0.400463 0.0916663 0.0640671
5 0.97546 0.511254 0.0480251 0.101114
3 0.227566 0.661002 0.0244715 0.0838687
2 0.422524 0.461939 0.0349546 0.0549566
7 0.389684 0.281767 0.0265367 0.0702823
2 0.962528 0.598805 0.0745892 0.10702
7 0.430315 0.388838 0.0207296 0.0444824
0 0.311993 0.416498 0.0134048 0.0466855
0 0.239461 0.619036 0.0178047 0.0582252
3 0.231597 0.819911 0.0439079 0.127069
3 0.230809 0.847459 0.0408118 0.0881577
2 0.38344 0.580759 0.0414672 0.104475
2 0.390643 0.581166 0.0279754 0.103717
2 0.297874 0.351322 0.0207014 0.0381916
7 0.962401 0.596458 0.0750977 0.100903
7 0.764437 0.414925 0.094474 0.0906004
0 0.237105 0.624377 0.0203416 0.0696299
2 0.961566 0.623014 0.0760696 0.15356
2 0.380172 0.413094 0.0275304 0.0501445
0 0.269452 0.63334 0.0246035 0.0924883
2 0.625956 0.862783 0.110047 0.173524
7 0.477444 0.708703 0.0761066 0.204482
2 0.0357063 0.719506 0.0707053 0.141811
7 0.354947 0.619984 0.0641448 0.174916
2 0.531761 0.628637 0.0697396 0.102638
7 0.197179 0.421602 0.0632633 0.107381
7 0.456325 0.409308 0.0319099 0.0950451
2 0.493282 0.544269 0.0510209 0.0883998
0 0.214832 0.898617 0.0465058 0.121426
2 0.0757861 0.631132 0.0850244 0.109669
2 0.422939 0.522097 0.046701 0.0796542
0 0.124365 0.864085 0.0441572 0.105829
2 0.216147 0.618521 0.0613928 0.0977056
2 0.303578 0.569709 0.0441718 0.0950687
3 0.125085 0.917472 0.043362 0.11374
3 0.269279 0.648484 0.0197881 0.0620872
7 0.383921 0.362798 0.0366548 0.0978962
2 0.178387 0.496168 0.0488513 0.0703727
7 0.923553 0.747124 0.105351 0.177074
2 0.47238 0.480122 0.0400329 0.0719447
7 0.346693 0.415641 0.0331165 0.0937743
2 0.408693 0.430115 0.0367399 0.0598758
0 0.26951 0.617725 0.0226267 0.0738392
3 0.209539 0.964146 0.0395752 0.0697049
2 0.959101 0.662527 0.0714298 0.0706686
2 0.104966 0.589637 0.0671274 0.0991253
2 0.282177 0.439862 0.0306939 0.0574434
0 0.231039 0.80345 0.0432822 0.105778
3 0.227554 0.673518 0.0222189 0.0623875
0 0.22635 0.639736 0.024654 0.076711
2 0.50168 0.968024 0.124481 0.0594408
2 0.423277 0.470992 0.0377552 0.0727131
7 0.336924 0.499642 0.0402132 0.0882758
7 0.76338 0.400463 0.0916663 0.0640671
5 0.97546 0.511254 0.0480251 0.101114
3 0.227566 0.661002 0.0244715 0.0838687
2 0.422524 0.461939 0.0349546 0.0549566
7 0.389684 0.281767 0.0265367 0.0702823
2 0.962528 0.598805 0.0745892 0.10702
7 0.430315 0.388838 0.0207296 0.0444824
0 0.311993 0.416498 0.0134048 0.0466855
0 0.239461 0.619036 0.0178047 0.0582252
3 0.231597 0.819911 0.0439079 0.127069
3 0.230809 0.847459 0.0408118 0.0881577
2 0.38344 0.580759 0.0414672 0.104475
2 0.390643 0.581166 0.0279754 0.103717
2 0.297874 0.351322 0.0207014 0.0381916
7 0.962401 0.596458 0.0750977 0.100903
7 0.764437 0.414925 0.094474 0.0906004
0 0.237105 0.624377 0.0203416 0.0696299
2 0.961566 0.623014 0.0760696 0.15356
2 0.380172 0.413094 0.0275304 0.0501445
0 0.269452 0.63334 0.0246035 0.0924883
2 0.625956 0.862783 0.110047 0.173524
7 0.477444 0.708703 0.0761066 0.204482
2 0.0357063 0.719506 0.0707053 0.141811
7 0.354947 0.619984 0.0641448 0.174916
2 0.531761 0.628637 0.0697396 0.102638
7 0.197179 0.421602 0.0632633 0.107381
7 0.456325 0.409308 0.0319099 0.0950451
2 0.493282 0.544269 0.0510209 0.0883998
0 0.214832 0.898617 0.0465058 0.121426
2 0.0757861 0.631132 0.0850244 0.109669
2 0.422939 0.522097 0.046701 0.0796542
0 0.124365 0.864085 0.0441572 0.105829
2 0.216147 0.618521 0.0613928 0.0977056
2 0.303578 0.569709 0.0441718 0.0950687
3 0.125085 0.917472 0.043362 0.11374
3 0.269279 0.648484 0.0197881 0.0620872
7 0.383921 0.362798 0.0366548 0.0978962
2 0.178387 0.496168 0.0488513 0.0703727
7 0.923553 0.747124 0.105351 0.177074
2 0.47238 0.480122 0.0400329 0.0719447
7 0.346693 0.415641 0.0331165 0.0937743
2 0.408693 0.430115 0.0367399 0.0598758
0 0.26951 0.617725 0.0226267 0.0738392
3 0.209539 0.964146 0.0395752 0.0697049
2 0.959101 0.662527 0.0714298 0.0706686
2 0.104966 0.589637 0.0671274 0.0991253
2 0.282177 0.439862 0.0306939 0.0574434
0 0.231039 0.80345 0.0432822 0.105778
3 0.227554 0.673518 0.0222189 0.0623875
0 0.22635 0.639736 0.024654 0.076711
2 0.50168 0.968024 0.124481 0.0594408
2 0.423277 0.470992 0.0377552 0.0727131
7 0.336924 0.499642 0.0402132 0.0882758
7 0.76338 0.400463 0.0916663 0.0640671
5 0.97546 0.511254 0.0480251 0.101114
3 0.227566 0.661002 0.0244715 0.0838687
2 0.422524 0.461939 0.0349546 0.0549566
7 0.389684 0.281767 0.0265367 0.0702823
2 0.962528 0.598805 0.0745892 0.10702
7 0.430315 0.388838 0.0207296 0.0444824
0 0.311993 0.416498 0.0134048 0.0466855
0 0.239461 0.619036 0.0178047 0.0582252
3 0.231597 0.819911 0.0439079 0.127069
3 0.230809 0.847459 0.0408118 0.0881577
2 0.38344 0.580759 0.0414672 0.104475
2 0.390643 0.581166 0.0279754 0.103717
2 0.297874 0.351322 0.0207014 0.0381916
7 0.962401 0.596458 0.0750977 0.100903
7 0.764437 0.414925 0.094474 0.0906004
0 0.237105 0.624377 0.0203416 0.0696299
2 0.961566 0.623014 0.0760696 0.15356
2 0.380172 0.413094 0.0275304 0.0501445
0 0.269452 0.63334 0.0246035 0.0924883
2 0.625956 0.862783 0.110047 0.173524
7 0.477444 0.708703 0.0761066 0.204482
2 0.0357063 0.719506 0.0707053 0.141811
7 0.354947 0.619984 0.0641448 0.174916
2 0.531761 0.628637 0.0697396 0.102638
7 0.197179 0.421602 0.0632633 0.107381
7 0.456325 0.409308 0.0319099 0.0950451
2 0.493282 0.544269 0.0510209 0.0883998
0 0.214832 0.898617 0.0465058 0.121426
2 0.0757861 0.631132 0.0850244 0.109669
2 0.422939 0.522097 0.046701 0.0796542
0 0.124365 0.864085 0.0441572 0.105829
2 0.216147 0.618521 0.0613928 0.0977056
2 0.303578 0.569709 0.0441718 0.0950687
3 0.125085 0.917472 0.043362 0.11374
3 0.269279 0.648484 0.0197881 0.0620872
7 0.383921 0.362798 0.0366548 0.0978962
2 0.178387 0.496168 0.0488513 0.0703727
7 0.923553 0.747124 0.105351 0.177074
2 0.47238 0.480122 0.0400329 0.0719447
7 0.346693 0.415641 0.0331165 0.0937743
2 0.408693 0.430115 0.0367399 0.0598758
0 0.26951 0.617725 0.0226267 0.0738392
3 0.209539 0.964146 0.0395752 0.0697049
2 0.959101 0.662527 0.0714298 0.0706686
2 0.104966 0.589637 0.0671274 0.0991253
2 0.282177 0.439862 0.0306939 0.0574434
0 0.231039 0.80345 0.0432822 0.105778
3 0.227554 0.673518 0.0222189 0.0623875
0 0.22635 0.639736 0.024654 0.076711
2 0.50168 0.968024 0.124481 0.0594408
2 0.423277 0.470992 0.0377552 0.0727131
7 0.336924 0.499642 0.0402132 0.0882758
7 0.76338 0.400463 0.0916663 0.0640671
5 0.97546 0.511254 0.0480251 0.101114
3 0.227566 0.661002 0.0244715 0.0838687
2 0.422524 0.461939 0.0349546 0.0549566
7 0.389684 0.281767 0.0265367 0.0702823
2 0.962528 0.598805 0.0745892 0.10702
7 0.430315 0.388838 0.0207296 0.0444824
0 0.311993 0.416498 0.0134048 0.0466855
0 0.239461 0.619036 0.0178047 0.0582252
3 0.231597 0.819911 0.0439079 0.127069
3 0.230809 0.847459 0.0408118 0.0881577
2 0.38344 0.580759 0.0414672 0.104475
2 0.390643 0.581166 0.0279754 0.103717
2 0.297874 0.351322 0.0207014 0.0381916
7 0.962401 0.596458 0.0750977 0.100903
7 0.764437 0.414925 0.094474 0.0906004
0 0.237105 0.624377 0.0203416 0.0696299
2 0.961566 0.623014 0.0760696 0.15356
2 0.380172 0.413094 0.0275304 0.0501445
0 0.269452 0.63334 0.0246035 0.0924883
2 0.625956 0.862783 0.110047 0.173524
7 0.477444 0.708703 0.0761066 0.204482
2 0.0357063 0.719506 0.0707053 0.141811
7 0.354947 0.619984 0.0641448 0.174916
2 0.531761 0.628637 0.0697396 0.102638
7 0.197179 0.421602 0.0632633 0.107381
7 0.456325 0.409308 0.0319099 0.0950451
2 0.493282 0.544269 0.0510209 0.0883998
0 0.214832 0.898617 0.0465058 0.121426
2 0.0757861 0.631132 0.0850244 0.109669
2 0.422939 0.522097 0.046701 0.0796542
0 0.124365 0.864085 0.0441572 0.105829
2 0.216147 0.618521 0.0613928 0.0977056
2 0.303578 0.569709 0.0441718 0.0950687
3 0.125085 0.917472 0.043362 0.11374
3 0.269279 0.648484 0.0197881 0.0620872
7 0.383921 0.362798 0.0366548 0.0978962
2 0.178387 0.496168 0.0488513 0.0703727
7 0.923553 0.747124 0.105351 0.177074
2 0.47238 0.480122 0.0400329 0.0719447
7 0.346693 0.415641 0.0331165 0.0937743
2 0.408693 0.430115 0.0367399 0.0598758
0 0.26951 0.617725 0.0226267 0.0738392
3 0.209539 0.964146 0.0395752 0.0697049
2 0.959101 0.662527 0.0714298 0.0706686
2 0.104966 0.589637 0.0671274 0.0991253
2 0.282177 0.439862 0.0306939 0.0574434
0 0.231039 0.80345 0.0432822 0.105778
3 0.227554 0.673518 0.0222189 0.0623875
0 0.22635 0.639736 0.024654 0.076711
2 0.50168 0.968024 0.124481 0.0594408
2 0.423277 0.470992 0.0377552 0.0727131
7 0.336924 0.499642 0.0402132 0.0882758
7 0.76338 0.400463 0.0916663 0.0640671
5 0.97546 0.511254 0.0480251 0.101114
3 0.227566 0.661002 0.0244715 0.0838687
2 0.422524 0.461939 0.0349546 0.0549566
7 0.389684 0.281767 0.0265367 0.0702823
2 0.962528 0.598805 0.0745892 0.10702
7 0.430315 0.388838 0.0207296 0.0444824
0 0.311993 0.416498 0.0134048 0.0466855
0 0.239461 0.619036 0.0178047 0.0582252
3 0.231597 0.819911 0.0439079 0.127069
3 0.230809 0.847459 0.0408118 0.0881577
2 0.38344 0.580759 0.0414672 0.104475
2 0.390643 0.581166 0.0279754 0.103717
2 0.297874 0.351322 0.0207014 0.0381916
7 0.962401 0.596458 0.0750977 0.100903
7 0.764437 0.414925 0.094474 0.0906004
0 0.237105 0.624377 0.0203416 0.0696299
2 0.961566 0.623014 0.0760696 0.15356
2 0.380172 0.413094 0.0275304 0.0501445
0 0.269452 0.63334 0.0246035 0.0924883
2 0.625956 0.862783 0.110047 0.173524
7 0.477444 0.708703 0.0761066 0.204482
2 0.0357063 0.719506 0.0707053 0.141811
7 0.354947 0.619984 0.0641448 0.174916
2 0.531761 0.628637 0.0697396 0.102638
7 0.197179 0.421602 0.0632633 0.107381
7 0.456325 0.409308 0.0319099 0.0950451
2 0.493282 0.544269 0.0510209 0.0883998
0 0.214832 0.898617 0.0465058 0.121426
2 0.0757861 0.631132 0.0850244 0.109669
2 0.422939 0.522097 0.046701 0.0796542
0 0.124365 0.864085 0.0441572 0.105829
2 0.216147 0.618521 0.0613928 0.0977056
2 0.303578 0.569709 0.0441718 0.0950687
3 0.125085 0.917472 0.043362 0.11374
3 0.269279 0.648484 0.0197881 0.0620872
7 0.383921 0.362798 0.0366548 0.0978962
2 0.178387 0.496168 0.0488513 0.0703727
7 0.923553 0.747124 0.105351 0.177074
2 0.47238 0.480122 0.0400329 0.0719447
7 0.346693 0.415641 0.0331165 0.0937743
2 0.408693 0.430115 0.0367399 0.0598758
0 0.26951 0.617725 0.0226267 0.0738392
3 0.209539 0.964146 0.0395752 0.0697049
2 0.959101 0.662527 0.0714298 0.0706686
2 0.104966 0.589637 0.0671274 0.0991253
2 0.282177 0.439862 0.0306939 0.0574434
0 0.231039 0.80345 0.0432822 0.105778
3 0.227554 0.673518 0.0222189 0.0623875
0 0.22635 0.639736 0.024654 0.076711
2 0.50168 0.968024 0.124481 0.0594408
2 0.423277 0.470992 0.0377552 0.0727131
7 0.336924 0.499642 0.0402132 0.0882758
7 0.76338 0.400463 0.0916663 0.0640671
5 0.97546 0.511254 0.0480251 0.101114
3 0.227566 0.661002 0.0244715 0.0838687
2 0.422524 0.461939 0.0349546 0.0549566
7 0.389684 0.281767 0.0265367 0.0702823
2 0.962528 0.598805 0.0745892 0.10702
7 0.430315 0.388838 0.0207296 0.0444824
0 0.311993 0.416498 0.0134048 0.0466855
0 0.239461 0.619036 0.0178047 0.0582252
3 0.231597 0.819911 0.0439079 0.127069
3 0.230809 0.847459 0.0408118 0.0881577
2 0.38344 0.580759 0.0414672 0.104475
2 0.390643 0.581166 0.0279754 0.103717
2 0.297874 0.351322 0.0207014 0.0381916
7 0.962401 0.596458 0.0750977 0.100903
7 0.764437 0.414925 0.094474 0.0906004
0 0.237105 0.624377 0.0203416 0.0696299
2 0.961566 0.623014 0.0760696 0.15356
2 0.380172 0.413094 0.0275304 0.0501445
0 0.269452 0.63334 0.0246035 0.0924883
2 0.625956 0.862783 0.110047 0.173524
7 0.477444 0.708703 0.0761066 0.204482
2 0.0357063 0.719506 0.0707053 0.141811
7 0.354947 0.619984 0.0641448 0.174916
2 0.531761 0.628637 0.0697396 0.102638
7 0.197179 0.421602 0.0632633 0.107381
7 0.456325 0.409308 0.0319099 0.0950451
2 0.493282 0.544269 0.0510209 0.0883998
0 0.214832 0.898617 0.0465058 0.121426
2 0.0757861 0.631132 0.0850244 0.109669
2 0.422939 0.522097 0.046701 0.0796542
0 0.124365 0.864085 0.0441572 0.105829
2 0.216147 0.618521 0.0613928 0.0977056
2 0.303578 0.569709 0.0441718 0.0950687
3 0.125085 0.917472 0.043362 0.11374
3 0.269279 0.648484 0.0197881 0.0620872
7 0.383921 0.362798 0.0366548 0.0978962
2 0.178387 0.496168 0.0488513 0.0703727
7 0.923553 0.747124 0.105351 0.177074
2 0.47238 0.480122 0.0400329 0.0719447
7 0.346693 0.415641 0.0331165 0.0937743
2 0.408693 0.430115 0.0367399 0.0598758
0 0.26951 0.617725 0.0226267 0.0738392
3 0.209539 0.964146 0.0395752 0.0697049
2 0.959101 0.662527 0.0714298 0.0706686
2 0.104966 0.589637 0.0671274 0.0991253
2 0.282177 0.439862 0.0306939 0.0574434
0 0.231039 0.80345 0.0432822 0.105778
3 0.227554 0.673518 0.0222189 0.0623875
0 0.22635 0.639736 0.024654 0.076711
2 0.50168 0.968024 0.124481 0.0594408
2 0.423277 0.470992 0.0377552 0.0727131
7 0.336924 0.499642 0.0402132 0.0882758
7 0.76338 0.400463 0.0916663 0.0640671
5 0.97546 0.511254 0.0480251 0.101114
3 0.227566 0.661002 0.0244715 0.0838687
2 0.422524 0.461939 0.0349546 0.0549566
7 0.389684 0.281767 0.0265367 0.0702823
2 0.962528 0.598805 0.0745892 0.10702
7 0.430315 0.388838 0.0207296 0.0444824
0 0.311993 0.416498 0.0134048 0.0466855
0 0.239461 0.619036 0.0178047 0.0582252
3 0.231597 0.819911 0.0439079 0.127069
3 0.230809 0.847459 0.0408118 0.0881577
2 0.38344 0.580759 0.0414672 0.104475
2 0.390643 0.581166 0.0279754 0.103717
2 0.297874 0.351322 0.0207014 0.0381916
7 0.962401 0.596458 0.0750977 0.100903
7 0.764437 0.414925 0.094474 0.0906004
0 0.237105 0.624377 0.0203416 0.0696299
2 0.961566 0.623014 0.0760696 0.15356
2 0.380172 0.413094 0.0275304 0.0501445
0 0.269452 0.63334 0.0246035 0.0924883
