2 0.151817 0.769905 0.0936335 0.161779
2 0.501593 0.863792 0.0862861 0.198123
2 0.0357188 0.719046 0.0707009 0.140017
7 0.384795 0.496539 0.0778442 0.18382
7 0.61093 0.722386 0.0942001 0.248379
2 0.461625 0.722546 0.0864315 0.145697
2 0.256187 0.581839 0.0562663 0.092386
7 0.314156 0.598569 0.0672045 0.178947
2 0.455972 0.501144 0.0494545 0.0718725
2 0.408722 0.651125 0.0582033 0.125563
2 0.0738165 0.632349 0.0791885 0.110345
7 0.196618 0.423127 0.0620758 0.104599
2 0.46765 0.595534 0.0566187 0.110287
2 0.539616 0.625529 0.0649643 0.112746
2 0.863354 0.646926 0.0570894 0.105206
7 0.420847 0.33896 0.0398492 0.0888024
2 0.178308 0.496672 0.0491693 0.070254
0 0.241037 0.666171 0.0285805 0.08764
0 0.261446 0.948881 0.054086 0.101335
2 0.462579 0.446994 0.0353745 0.0702454
3 0.169262 0.645724 0.0226589 0.0570928
2 0.970398 0.684794 0.05644 0.111332
3 0.241546 0.70121 0.0267123 0.0575392
0 0.169964 0.612221 0.0250827 0.0659019
2 0.257412 0.489738 0.0385029 0.0761709
2 0.314612 0.493826 0.0449454 0.0455417
2 0.104972 0.591126 0.0658049 0.0985877
2 0.440472 0.403673 0.0252586 0.0528098
7 0.356258 0.362029 0.0292154 0.0692932
7 0.799509 0.440333 0.0612562 0.111543
5 0.985301 0.511928 0.0284227 0.0948943
7 0.985219 0.512071 0.0287945 0.0945293
7 0.636227 0.352192 0.0572119 0.0673615
0 0.868858 0.478855 0.0171442 0.0640489
2 0.347952 0.420348 0.0324675 0.0725015
2 0.151817 0.769905 0.0936335 0.161779
2 0.501593 0.863792 0.0862861 0.198123
2 0.0357188 0.719046 0.0707009 0.140017
7 0.384795 0.496539 0.0778442 0.18382
7 0.61093 0.722386 0.0942001 0.248379
2 0.461625 0.722546 0.0864315 0.145697
2 0.256187 0.581839 0.0562663 0.092386
7 0.314156 0.598569 0.0672045 0.178947
2 0.455972 0.501144 0.0494545 0.0718725
2 0.408722 0.651125 0.0582033 0.125563
2 0.0738165 0.632349 0.0791885 0.110345
7 0.196618 0.423127 0.0620758 0.104599
2 0.46765 0.595534 0.0566187 0.110287
2 0.539616 0.625529 0.0649643 0.112746
2 0.863354 0.646926 0.0570894 0.105206
7 0.420847 0.33896 0.0398492 0.0888024
2 0.178308 0.496672 0.0491693 0.070254
0 0.241037 0.666171 0.0285805 0.08764
0 0.261446 0.948881 0.054086 0.101335
2 0.462579 0.446994 0.0353745 0.0702454
3 0.169262 0.645724 0.0226589 0.0570928
2 0.970398 0.684794 0.05644 0.111332
3 0.241546 0.70121 0.0267123 0.0575392
0 0.169964 0.612221 0.0250827 0.0659019
2 0.257412 0.489738 0.0385029 0.0761709
2 0.314612 0.493826 0.0449454 0.0455417
2 0.104972 0.591126 0.0658049 0.0985877
2 0.440472 0.403673 0.0252586 0.0528098
7 0.356258 0.362029 0.0292154 0.0692932
7 0.799509 0.440333 0.0612562 0.111543
5 0.985301 0.511928 0.0284227 0.0948943
7 0.985219 0.512071 0.0287945 0.0945293
7 0.636227 0.352192 0.0572119 0.0673615
0 0.868858 0.478855 0.0171442 0.0640489
2 0.347952 0.420348 0.0324675 0.0725015
2 0.731715 0.392155 0.050894 0.0659018
0 0.236725 0.542974 0.018399 0.053388
7 0.308698 0.340466 0.0237991 0.0383361
2 0.301565 0.43755 0.0308019 0.0595411
7 0.38017 0.336346 0.0217476 0.0530995
5 0.799679 0.449336 0.0617754 0.127714
7 0.301674 0.445058 0.0302746 0.0709035
2 0.151817 0.769905 0.0936335 0.161779
2 0.501593 0.863792 0.0862861 0.198123
2 0.0357188 0.719046 0.0707009 0.140017
7 0.384795 0.496539 0.0778442 0.18382
7 0.61093 0.722386 0.0942001 0.248379
2 0.461625 0.722546 0.0864315 0.145697
2 0.256187 0.581839 0.0562663 0.092386
7 0.314156 0.598569 0.0672045 0.178947
2 0.455972 0.501144 0.0494545 0.0718725
2 0.408722 0.651125 0.0582033 0.125563
2 0.0738165 0.632349 0.0791885 0.110345
7 0.196618 0.423127 0.0620758 0.104599
2 0.46765 0.595534 0.0566187 0.110287
2 0.539616 0.625529 0.0649643 0.112746
2 0.863354 0.646926 0.0570894 0.105206
7 0.420847 0.33896 0.0398492 0.0888024
2 0.178308 0.496672 0.0491693 0.070254
0 0.241037 0.666171 0.0285805 0.08764
0 0.261446 0.948881 0.054086 0.101335
2 0.462579 0.446994 0.0353745 0.0702454
3 0.169262 0.645724 0.0226589 0.0570928
2 0.970398 0.684794 0.05644 0.111332
3 0.241546 0.70121 0.0267123 0.0575392
0 0.169964 0.612221 0.0250827 0.0659019
2 0.257412 0.489738 0.0385029 0.0761709
2 0.314612 0.493826 0.0449454 0.0455417
2 0.104972 0.591126 0.0658049 0.0985877
2 0.440472 0.403673 0.0252586 0.0528098
7 0.356258 0.362029 0.0292154 0.0692932
7 0.799509 0.440333 0.0612562 0.111543
5 0.985301 0.511928 0.0284227 0.0948943
7 0.985219 0.512071 0.0287945 0.0945293
7 0.636227 0.352192 0.0572119 0.0673615
0 0.868858 0.478855 0.0171442 0.0640489
2 0.347952 0.420348 0.0324675 0.0725015
2 0.731715 0.392155 0.050894 0.0659018
0 0.236725 0.542974 0.018399 0.053388
7 0.308698 0.340466 0.0237991 0.0383361
2 0.301565 0.43755 0.0308019 0.0595411
7 0.38017 0.336346 0.0217476 0.0530995
5 0.799679 0.449336 0.0617754 0.127714
7 0.301674 0.445058 0.0302746 0.0709035
2 0.151817 0.769905 0.0936335 0.161779
2 0.501593 0.863792 0.0862861 0.198123
2 0.0357188 0.719046 0.0707009 0.140017
7 0.384795 0.496539 0.0778442 0.18382
7 0.61093 0.722386 0.0942001 0.248379
2 0.461625 0.722546 0.0864315 0.145697
2 0.256187 0.581839 0.0562663 0.092386
7 0.314156 0.598569 0.0672045 0.178947
2 0.455972 0.501144 0.0494545 0.0718725
2 0.408722 0.651125 0.0582033 0.125563
2 0.0738165 0.632349 0.0791885 0.110345
7 0.196618 0.423127 0.0620758 0.104599
2 0.46765 0.595534 0.0566187 0.110287
2 0.539616 0.625529 0.0649643 0.112746
2 0.863354 0.646926 0.0570894 0.105206
7 0.420847 0.33896 0.0398492 0.0888024
2 0.178308 0.496672 0.0491693 0.070254
0 0.241037 0.666171 0.0285805 0.08764
0 0.261446 0.948881 0.054086 0.101335
2 0.462579 0.446994 0.0353745 0.0702454
3 0.169262 0.645724 0.0226589 0.0570928
2 0.970398 0.684794 0.05644 0.111332
3 0.241546 0.70121 0.0267123 0.0575392
0 0.169964 0.612221 0.0250827 0.0659019
2 0.257412 0.489738 0.0385029 0.0761709
2 0.314612 0.493826 0.0449454 0.0455417
2 0.104972 0.591126 0.0658049 0.0985877
2 0.440472 0.403673 0.0252586 0.0528098
7 0.356258 0.362029 0.0292154 0.0692932
7 0.799509 0.440333 0.0612562 0.111543
5 0.985301 0.511928 0.0284227 0.0948943
7 0.985219 0.512071 0.0287945 0.0945293
7 0.636227 0.352192 0.0572119 0.0673615
0 0.868858 0.478855 0.0171442 0.0640489
2 0.347952 0.420348 0.0324675 0.0725015
2 0.731715 0.392155 0.050894 0.0659018
0 0.236725 0.542974 0.018399 0.053388
7 0.308698 0.340466 0.0237991 0.0383361
2 0.301565 0.43755 0.0308019 0.0595411
7 0.38017 0.336346 0.0217476 0.0530995
5 0.799679 0.449336 0.0617754 0.127714
7 0.301674 0.445058 0.0302746 0.0709035
2 0.151817 0.769905 0.0936335 0.161779
2 0.501593 0.863792 0.0862861 0.198123
2 0.0357188 0.719046 0.0707009 0.140017
7 0.384795 0.496539 0.0778442 0.18382
7 0.61093 0.722386 0.0942001 0.248379
2 0.461625 0.722546 0.0864315 0.145697
2 0.256187 0.581839 0.0562663 0.092386
7 0.314156 0.598569 0.0672045 0.178947
2 0.455972 0.501144 0.0494545 0.0718725
2 0.408722 0.651125 0.0582033 0.125563
2 0.0738165 0.632349 0.0791885 0.110345
7 0.196618 0.423127 0.0620758 0.104599
2 0.46765 0.595534 0.0566187 0.110287
2 0.539616 0.625529 0.0649643 0.112746
2 0.863354 0.646926 0.0570894 0.105206
7 0.420847 0.33896 0.0398492 0.0888024
2 0.178308 0.496672 0.0491693 0.070254
0 0.241037 0.666171 0.0285805 0.08764
0 0.261446 0.948881 0.054086 0.101335
2 0.462579 0.446994 0.0353745 0.0702454
3 0.169262 0.645724 0.0226589 0.0570928
2 0.970398 0.684794 0.05644 0.111332
3 0.241546 0.70121 0.0267123 0.0575392
0 0.169964 0.612221 0.0250827 0.0659019
2 0.257412 0.489738 0.0385029 0.0761709
2 0.314612 0.493826 0.0449454 0.0455417
2 0.104972 0.591126 0.0658049 0.0985877
2 0.440472 0.403673 0.0252586 0.0528098
7 0.356258 0.362029 0.0292154 0.0692932
7 0.799509 0.440333 0.0612562 0.111543
5 0.985301 0.511928 0.0284227 0.0948943
7 0.985219 0.512071 0.0287945 0.0945293
7 0.636227 0.352192 0.0572119 0.0673615
0 0.868858 0.478855 0.0171442 0.0640489
2 0.347952 0.420348 0.0324675 0.0725015
2 0.731715 0.392155 0.050894 0.0659018
0 0.236725 0.542974 0.018399 0.053388
7 0.308698 0.340466 0.0237991 0.0383361
2 0.301565 0.43755 0.0308019 0.0595411
7 0.38017 0.336346 0.0217476 0.0530995
5 0.799679 0.449336 0.0617754 0.127714
7 0.301674 0.445058 0.0302746 0.0709035
2 0.151817 0.769905 0.0936335 0.161779
2 0.501593 0.863792 0.0862861 0.198123
2 0.0357188 0.719046 0.0707009 0.140017
7 0.384795 0.496539 0.0778442 0.18382
7 0.61093 0.722386 0.0942001 0.248379
2 0.461625 0.722546 0.0864315 0.145697
2 0.256187 0.581839 0.0562663 0.092386
7 0.314156 0.598569 0.0672045 0.178947
2 0.455972 0.501144 0.0494545 0.0718725
2 0.408722 0.651125 0.0582033 0.125563
2 0.0738165 0.632349 0.0791885 0.110345
7 0.196618 0.423127 0.0620758 0.104599
2 0.46765 0.595534 0.0566187 0.110287
2 0.539616 0.625529 0.0649643 0.112746
2 0.863354 0.646926 0.0570894 0.105206
7 0.420847 0.33896 0.0398492 0.0888024
2 0.178308 0.496672 0.0491693 0.070254
0 0.241037 0.666171 0.0285805 0.08764
0 0.261446 0.948881 0.054086 0.101335
2 0.462579 0.446994 0.0353745 0.0702454
3 0.169262 0.645724 0.0226589 0.0570928
2 0.970398 0.684794 0.05644 0.111332
3 0.241546 0.70121 0.0267123 0.0575392
0 0.169964 0.612221 0.0250827 0.0659019
2 0.257412 0.489738 0.0385029 0.0761709
2 0.314612 0.493826 0.0449454 0.0455417
2 0.104972 0.591126 0.0658049 0.0985877
2 0.440472 0.403673 0.0252586 0.0528098
7 0.356258 0.362029 0.0292154 0.0692932
7 0.799509 0.440333 0.0612562 0.111543
5 0.985301 0.511928 0.0284227 0.0948943
7 0.985219 0.512071 0.0287945 0.0945293
7 0.636227 0.352192 0.0572119 0.0673615
0 0.868858 0.478855 0.0171442 0.0640489
2 0.347952 0.420348 0.0324675 0.0725015
2 0.731715 0.392155 0.050894 0.0659018
0 0.236725 0.542974 0.018399 0.053388
7 0.308698 0.340466 0.0237991 0.0383361
2 0.301565 0.43755 0.0308019 0.0595411
7 0.38017 0.336346 0.0217476 0.0530995
5 0.799679 0.449336 0.0617754 0.127714
7 0.301674 0.445058 0.0302746 0.0709035
2 0.151817 0.769905 0.0936335 0.161779
2 0.501593 0.863792 0.0862861 0.198123
2 0.0357188 0.719046 0.0707009 0.140017
7 0.384795 0.496539 0.0778442 0.18382
7 0.61093 0.722386 0.0942001 0.248379
2 0.461625 0.722546 0.0864315 0.145697
2 0.256187 0.581839 0.0562663 0.092386
7 0.314156 0.598569 0.0672045 0.178947
2 0.455972 0.501144 0.0494545 0.0718725
2 0.408722 0.651125 0.0582033 0.125563
2 0.0738165 0.632349 0.0791885 0.110345
7 0.196618 0.423127 0.0620758 0.104599
2 0.46765 0.595534 0.0566187 0.110287
2 0.539616 0.625529 0.0649643 0.112746
2 0.863354 0.646926 0.0570894 0.105206
7 0.420847 0.33896 0.0398492 0.0888024
2 0.178308 0.496672 0.0491693 0.070254
0 0.241037 0.666171 0.0285805 0.08764
0 0.261446 0.948881 0.054086 0.101335
2 0.462579 0.446994 0.0353745 0.0702454
3 0.169262 0.645724 0.0226589 0.0570928
2 0.970398 0.684794 0.05644 0.111332
3 0.241546 0.70121 0.0267123 0.0575392
0 0.169964 0.612221 0.0250827 0.0659019
2 0.257412 0.489738 0.0385029 0.0761709
2 0.314612 0.493826 0.0449454 0.0455417
2 0.104972 0.591126 0.0658049 0.0985877
2 0.440472 0.403673 0.0252586 0.0528098
7 0.356258 0.362029 0.0292154 0.0692932
7 0.799509 0.440333 0.0612562 0.111543
5 0.985301 0.511928 0.0284227 0.0948943
7 0.985219 0.512071 0.0287945 0.0945293
7 0.636227 0.352192 0.0572119 0.0673615
0 0.868858 0.478855 0.0171442 0.0640489
2 0.347952 0.420348 0.0324675 0.0725015
2 0.731715 0.392155 0.050894 0.0659018
0 0.236725 0.542974 0.018399 0.053388
7 0.308698 0.340466 0.0237991 0.0383361
2 0.301565 0.43755 0.0308019 0.0595411
7 0.38017 0.336346 0.0217476 0.0530995
5 0.799679 0.449336 0.0617754 0.127714
7 0.301674 0.445058 0.0302746 0.0709035
2 0.151817 0.769905 0.0936335 0.161779
2 0.501593 0.863792 0.0862861 0.198123
2 0.0357188 0.719046 0.0707009 0.140017
7 0.384795 0.496539 0.0778442 0.18382
7 0.61093 0.722386 0.0942001 0.248379
2 0.461625 0.722546 0.0864315 0.145697
2 0.256187 0.581839 0.0562663 0.092386
7 0.314156 0.598569 0.0672045 0.178947
2 0.455972 0.501144 0.0494545 0.0718725
2 0.408722 0.651125 0.0582033 0.125563
2 0.0738165 0.632349 0.0791885 0.110345
7 0.196618 0.423127 0.0620758 0.104599
2 0.46765 0.595534 0.0566187 0.110287
2 0.539616 0.625529 0.0649643 0.112746
2 0.863354 0.646926 0.0570894 0.105206
7 0.420847 0.33896 0.0398492 0.0888024
2 0.178308 0.496672 0.0491693 0.070254
0 0.241037 0.666171 0.0285805 0.08764
0 0.261446 0.948881 0.054086 0.101335
2 0.462579 0.446994 0.0353745 0.0702454
3 0.169262 0.645724 0.0226589 0.0570928
2 0.970398 0.684794 0.05644 0.111332
3 0.241546 0.70121 0.0267123 0.0575392
0 0.169964 0.612221 0.0250827 0.0659019
2 0.257412 0.489738 0.0385029 0.0761709
2 0.314612 0.493826 0.0449454 0.0455417
2 0.104972 0.591126 0.0658049 0.0985877
2 0.440472 0.403673 0.0252586 0.0528098
7 0.356258 0.362029 0.0292154 0.0692932
7 0.799509 0.440333 0.0612562 0.111543
5 0.985301 0.511928 0.0284227 0.0948943
7 0.985219 0.512071 0.0287945 0.0945293
7 0.636227 0.352192 0.0572119 0.0673615
0 0.868858 0.478855 0.0171442 0.0640489
2 0.347952 0.420348 0.0324675 0.0725015
2 0.731715 0.392155 0.050894 0.0659018
0 0.236725 0.542974 0.018399 0.053388
7 0.308698 0.340466 0.0237991 0.0383361
2 0.301565 0.43755 0.0308019 0.0595411
7 0.38017 0.336346 0.0217476 0.0530995
5 0.799679 0.449336 0.0617754 0.127714
7 0.301674 0.445058 0.0302746 0.0709035
2 0.151817 0.769905 0.0936335 0.161779
2 0.501593 0.863792 0.0862861 0.198123
2 0.0357188 0.719046 0.0707009 0.140017
7 0.384795 0.496539 0.0778442 0.18382
7 0.61093 0.722386 0.0942001 0.248379
2 0.461625 0.722546 0.0864315 0.145697
2 0.256187 0.581839 0.0562663 0.092386
7 0.314156 0.598569 0.0672045 0.178947
2 0.455972 0.501144 0.0494545 0.0718725
2 0.408722 0.651125 0.0582033 0.125563
2 0.0738165 0.632349 0.0791885 0.110345
7 0.196618 0.423127 0.0620758 0.104599
2 0.46765 0.595534 0.0566187 0.110287
2 0.539616 0.625529 0.0649643 0.112746
2 0.863354 0.646926 0.0570894 0.105206
7 0.420847 0.33896 0.0398492 0.0888024
2 0.178308 0.496672 0.0491693 0.070254
0 0.241037 0.666171 0.0285805 0.08764
0 0.261446 0.948881 0.054086 0.101335
2 0.462579 0.446994 0.0353745 0.0702454
3 0.169262 0.645724 0.0226589 0.0570928
2 0.970398 0.684794 0.05644 0.111332
3 0.241546 0.70121 0.0267123 0.0575392
0 0.169964 0.612221 0.0250827 0.0659019
2 0.257412 0.489738 0.0385029 0.0761709
2 0.314612 0.493826 0.0449454 0.0455417
2 0.104972 0.591126 0.0658049 0.0985877
2 0.440472 0.403673 0.0252586 0.0528098
7 0.356258 0.362029 0.0292154 0.0692932
7 0.799509 0.440333 0.0612562 0.111543
5 0.985301 0.511928 0.0284227 0.0948943
7 0.985219 0.512071 0.0287945 0.0945293
7 0.636227 0.352192 0.0572119 0.0673615
0 0.868858 0.478855 0.0171442 0.0640489
2 0.347952 0.420348 0.0324675 0.0725015
2 0.731715 0.392155 0.050894 0.0659018
0 0.236725 0.542974 0.018399 0.053388
7 0.308698 0.340466 0.0237991 0.0383361
2 0.301565 0.43755 0.0308019 0.0595411
7 0.38017 0.336346 0.0217476 0.0530995
5 0.799679 0.449336 0.0617754 0.127714
7 0.301674 0.445058 0.0302746 0.0709035
2 0.151817 0.769905 0.0936335 0.161779
2 0.501593 0.863792 0.0862861 0.198123
2 0.0357188 0.719046 0.0707009 0.140017
7 0.384795 0.496539 0.0778442 0.18382
7 0.61093 0.722386 0.0942001 0.248379
2 0.461625 0.722546 0.0864315 0.145697
2 0.256187 0.581839 0.0562663 0.092386
7 0.314156 0.598569 0.0672045 0.178947
2 0.455972 0.501144 0.0494545 0.0718725
2 0.408722 0.651125 0.0582033 0.125563
2 0.0738165 0.632349 0.0791885 0.110345
7 0.196618 0.423127 0.0620758 0.104599
2 0.46765 0.595534 0.0566187 0.110287
2 0.539616 0.625529 0.0649643 0.112746
2 0.863354 0.646926 0.0570894 0.105206
7 0.420847 0.33896 0.0398492 0.0888024
2 0.178308 0.496672 0.0491693 0.070254
0 0.241037 0.666171 0.0285805 0.08764
0 0.261446 0.948881 0.054086 0.101335
2 0.462579 0.446994 0.0353745 0.0702454
3 0.169262 0.645724 0.0226589 0.0570928
2 0.970398 0.684794 0.05644 0.111332
3 0.241546 0.70121 0.0267123 0.0575392
0 0.169964 0.612221 0.0250827 0.0659019
2 0.257412 0.489738 0.0385029 0.0761709
2 0.314612 0.493826 0.0449454 0.0455417
2 0.104972 0.591126 0.0658049 0.0985877
2 0.440472 0.403673 0.0252586 0.0528098
7 0.356258 0.362029 0.0292154 0.0692932
7 0.799509 0.440333 0.0612562 0.111543
5 0.985301 0.511928 0.0284227 0.0948943
7 0.985219 0.512071 0.0287945 0.0945293
7 0.636227 0.352192 0.0572119 0.0673615
0 0.868858 0.478855 0.0171442 0.0640489
2 0.347952 0.420348 0.0324675 0.0725015
2 0.731715 0.392155 0.050894 0.0659018
0 0.236725 0.542974 0.018399 0.053388
7 0.308698 0.340466 0.0237991 0.0383361
2 0.301565 0.43755 0.0308019 0.0595411
7 0.38017 0.336346 0.0217476 0.0530995
5 0.799679 0.449336 0.0617754 0.127714
7 0.301674 0.445058 0.0302746 0.0709035
2 0.151817 0.769905 0.0936335 0.161779
2 0.501593 0.863792 0.0862861 0.198123
2 0.0357188 0.719046 0.0707009 0.140017
7 0.384795 0.496539 0.0778442 0.18382
7 0.61093 0.722386 0.0942001 0.248379
2 0.461625 0.722546 0.0864315 0.145697
2 0.256187 0.581839 0.0562663 0.092386
7 0.314156 0.598569 0.0672045 0.178947
2 0.455972 0.501144 0.0494545 0.0718725
2 0.408722 0.651125 0.0582033 0.125563
2 0.0738165 0.632349 0.0791885 0.110345
7 0.196618 0.423127 0.0620758 0.104599
2 0.46765 0.595534 0.0566187 0.110287
2 0.539616 0.625529 0.0649643 0.112746
2 0.863354 0.646926 0.0570894 0.105206
7 0.420847 0.33896 0.0398492 0.0888024
2 0.178308 0.496672 0.0491693 0.070254
0 0.241037 0.666171 0.0285805 0.08764
0 0.261446 0.948881 0.054086 0.101335
2 0.462579 0.446994 0.0353745 0.0702454
3 0.169262 0.645724 0.0226589 0.0570928
2 0.970398 0.684794 0.05644 0.111332
3 0.241546 0.70121 0.0267123 0.0575392
0 0.169964 0.612221 0.0250827 0.0659019
2 0.257412 0.489738 0.0385029 0.0761709
2 0.314612 0.493826 0.0449454 0.0455417
2 0.104972 0.591126 0.0658049 0.0985877
2 0.440472 0.403673 0.0252586 0.0528098
7 0.356258 0.362029 0.0292154 0.0692932
7 0.799509 0.440333 0.0612562 0.111543
5 0.985301 0.511928 0.0284227 0.0948943
7 0.985219 0.512071 0.0287945 0.0945293
7 0.636227 0.352192 0.0572119 0.0673615
0 0.868858 0.478855 0.0171442 0.0640489
2 0.347952 0.420348 0.0324675 0.0725015
2 0.731715 0.392155 0.050894 0.0659018
0 0.236725 0.542974 0.018399 0.053388
7 0.308698 0.340466 0.0237991 0.0383361
2 0.301565 0.43755 0.0308019 0.0595411
7 0.38017 0.336346 0.0217476 0.0530995
5 0.799679 0.449336 0.0617754 0.127714
7 0.301674 0.445058 0.0302746 0.0709035
2 0.151817 0.769905 0.0936335 0.161779
2 0.501593 0.863792 0.0862861 0.198123
2 0.0357188 0.719046 0.0707009 0.140017
7 0.384795 0.496539 0.0778442 0.18382
7 0.61093 0.722386 0.0942001 0.248379
2 0.461625 0.722546 0.0864315 0.145697
2 0.256187 0.581839 0.0562663 0.092386
7 0.314156 0.598569 0.0672045 0.178947
2 0.455972 0.501144 0.0494545 0.0718725
2 0.408722 0.651125 0.0582033 0.125563
2 0.0738165 0.632349 0.0791885 0.110345
7 0.196618 0.423127 0.0620758 0.104599
2 0.46765 0.595534 0.0566187 0.110287
2 0.539616 0.625529 0.0649643 0.112746
2 0.863354 0.646926 0.0570894 0.105206
7 0.420847 0.33896 0.0398492 0.0888024
2 0.178308 0.496672 0.0491693 0.070254
0 0.241037 0.666171 0.0285805 0.08764
0 0.261446 0.948881 0.054086 0.101335
2 0.462579 0.446994 0.0353745 0.0702454
3 0.169262 0.645724 0.0226589 0.0570928
2 0.970398 0.684794 0.05644 0.111332
3 0.241546 0.70121 0.0267123 0.0575392
0 0.169964 0.612221 0.0250827 0.0659019
2 0.257412 0.489738 0.0385029 0.0761709
2 0.314612 0.493826 0.0449454 0.0455417
2 0.104972 0.591126 0.0658049 0.0985877
2 0.440472 0.403673 0.0252586 0.0528098
7 0.356258 0.362029 0.0292154 0.0692932
7 0.799509 0.440333 0.0612562 0.111543
5 0.985301 0.511928 0.0284227 0.0948943
7 0.985219 0.512071 0.0287945 0.0945293
7 0.636227 0.352192 0.0572119 0.0673615
0 0.868858 0.478855 0.0171442 0.0640489
2 0.347952 0.420348 0.0324675 0.0725015
2 0.731715 0.392155 0.050894 0.0659018
0 0.236725 0.542974 0.018399 0.053388
7 0.308698 0.340466 0.0237991 0.0383361
2 0.301565 0.43755 0.0308019 0.0595411
7 0.38017 0.336346 0.0217476 0.0530995
5 0.799679 0.449336 0.0617754 0.127714
7 0.301674 0.445058 0.0302746 0.0709035
2 0.151817 0.769905 0.0936335 0.161779
2 0.501593 0.863792 0.0862861 0.198123
2 0.0357188 0.719046 0.0707009 0.140017
7 0.384795 0.496539 0.0778442 0.18382
7 0.61093 0.722386 0.0942001 0.248379
2 0.461625 0.722546 0.0864315 0.145697
2 0.256187 0.581839 0.0562663 0.092386
7 0.314156 0.598569 0.0672045 0.178947
2 0.455972 0.501144 0.0494545 0.0718725
2 0.408722 0.651125 0.0582033 0.125563
2 0.0738165 0.632349 0.0791885 0.110345
7 0.196618 0.423127 0.0620758 0.104599
2 0.46765 0.595534 0.0566187 0.110287
2 0.539616 0.625529 0.0649643 0.112746
2 0.863354 0.646926 0.0570894 0.105206
7 0.420847 0.33896 0.0398492 0.0888024
2 0.178308 0.496672 0.0491693 0.070254
0 0.241037 0.666171 0.0285805 0.08764
0 0.261446 0.948881 0.054086 0.101335
2 0.462579 0.446994 0.0353745 0.0702454
3 0.169262 0.645724 0.0226589 0.0570928
2 0.970398 0.684794 0.05644 0.111332
3 0.241546 0.70121 0.0267123 0.0575392
0 0.169964 0.612221 0.0250827 0.0659019
2 0.257412 0.489738 0.0385029 0.0761709
2 0.314612 0.493826 0.0449454 0.0455417
2 0.104972 0.591126 0.0658049 0.0985877
2 0.440472 0.403673 0.0252586 0.0528098
7 0.356258 0.362029 0.0292154 0.0692932
7 0.799509 0.440333 0.0612562 0.111543
5 0.985301 0.511928 0.0284227 0.0948943
7 0.985219 0.512071 0.0287945 0.0945293
7 0.636227 0.352192 0.0572119 0.0673615
0 0.868858 0.478855 0.0171442 0.0640489
2 0.347952 0.420348 0.0324675 0.0725015
2 0.731715 0.392155 0.050894 0.0659018
0 0.236725 0.542974 0.018399 0.053388
7 0.308698 0.340466 0.0237991 0.0383361
2 0.301565 0.43755 0.0308019 0.0595411
7 0.38017 0.336346 0.0217476 0.0530995
5 0.799679 0.449336 0.0617754 0.127714
7 0.301674 0.445058 0.0302746 0.0709035
2 0.151817 0.769905 0.0936335 0.161779
2 0.501593 0.863792 0.0862861 0.198123
2 0.0357188 0.719046 0.0707009 0.140017
7 0.384795 0.496539 0.0778442 0.18382
7 0.61093 0.722386 0.0942001 0.248379
2 0.461625 0.722546 0.0864315 0.145697
2 0.256187 0.581839 0.0562663 0.092386
7 0.314156 0.598569 0.0672045 0.178947
2 0.455972 0.501144 0.0494545 0.0718725
2 0.408722 0.651125 0.0582033 0.125563
2 0.0738165 0.632349 0.0791885 0.110345
7 0.196618 0.423127 0.0620758 0.104599
2 0.46765 0.595534 0.0566187 0.110287
2 0.539616 0.625529 0.0649643 0.112746
2 0.863354 0.646926 0.0570894 0.105206
7 0.420847 0.33896 0.0398492 0.0888024
2 0.178308 0.496672 0.0491693 0.070254
0 0.241037 0.666171 0.0285805 0.08764
0 0.261446 0.948881 0.054086 0.101335
2 0.462579 0.446994 0.0353745 0.0702454
3 0.169262 0.645724 0.0226589 0.0570928
2 0.970398 0.684794 0.05644 0.111332
3 0.241546 0.70121 0.0267123 0.0575392
0 0.169964 0.612221 0.0250827 0.0659019
2 0.257412 0.489738 0.0385029 0.0761709
2 0.314612 0.493826 0.0449454 0.0455417
2 0.104972 0.591126 0.0658049 0.0985877
2 0.440472 0.403673 0.0252586 0.0528098
7 0.356258 0.362029 0.0292154 0.0692932
7 0.799509 0.440333 0.0612562 0.111543
5 0.985301 0.511928 0.0284227 0.0948943
7 0.985219 0.512071 0.0287945 0.0945293
7 0.636227 0.352192 0.0572119 0.0673615
0 0.868858 0.478855 0.0171442 0.0640489
2 0.347952 0.420348 0.0324675 0.0725015
2 0.731715 0.392155 0.050894 0.0659018
0 0.236725 0.542974 0.018399 0.053388
7 0.308698 0.340466 0.0237991 0.0383361
2 0.301565 0.43755 0.0308019 0.0595411
7 0.38017 0.336346 0.0217476 0.0530995
5 0.799679 0.449336 0.0617754 0.127714
7 0.301674 0.445058 0.0302746 0.0709035
2 0.151817 0.769905 0.0936335 0.161779
2 0.501593 0.863792 0.0862861 0.198123
2 0.0357188 0.719046 0.0707009 0.140017
7 0.384795 0.496539 0.0778442 0.18382
7 0.61093 0.722386 0.0942001 0.248379
2 0.461625 0.722546 0.0864315 0.145697
2 0.256187 0.581839 0.0562663 0.092386
7 0.314156 0.598569 0.0672045 0.178947
2 0.455972 0.501144 0.0494545 0.0718725
2 0.408722 0.651125 0.0582033 0.125563
2 0.0738165 0.632349 0.0791885 0.110345
7 0.196618 0.423127 0.0620758 0.104599
2 0.46765 0.595534 0.0566187 0.110287
2 0.539616 0.625529 0.0649643 0.112746
2 0.863354 0.646926 0.0570894 0.105206
7 0.420847 0.33896 0.0398492 0.0888024
2 0.178308 0.496672 0.0491693 0.070254
0 0.241037 0.666171 0.0285805 0.08764
0 0.261446 0.948881 0.054086 0.101335
2 0.462579 0.446994 0.0353745 0.0702454
3 0.169262 0.645724 0.0226589 0.0570928
2 0.970398 0.684794 0.05644 0.111332
3 0.241546 0.70121 0.0267123 0.0575392
0 0.169964 0.612221 0.0250827 0.0659019
2 0.257412 0.489738 0.0385029 0.0761709
2 0.314612 0.493826 0.0449454 0.0455417
2 0.104972 0.591126 0.0658049 0.0985877
2 0.440472 0.403673 0.0252586 0.0528098
7 0.356258 0.362029 0.0292154 0.0692932
7 0.799509 0.440333 0.0612562 0.111543
5 0.985301 0.511928 0.0284227 0.0948943
7 0.985219 0.512071 0.0287945 0.0945293
7 0.636227 0.352192 0.0572119 0.0673615
0 0.868858 0.478855 0.0171442 0.0640489
2 0.347952 0.420348 0.0324675 0.0725015
2 0.731715 0.392155 0.050894 0.0659018
0 0.236725 0.542974 0.018399 0.053388
7 0.308698 0.340466 0.0237991 0.0383361
2 0.301565 0.43755 0.0308019 0.0595411
7 0.38017 0.336346 0.0217476 0.0530995
5 0.799679 0.449336 0.0617754 0.127714
7 0.301674 0.445058 0.0302746 0.0709035
2 0.151817 0.769905 0.0936335 0.161779
2 0.501593 0.863792 0.0862861 0.198123
2 0.0357188 0.719046 0.0707009 0.140017
7 0.384795 0.496539 0.0778442 0.18382
7 0.61093 0.722386 0.0942001 0.248379
2 0.461625 0.722546 0.0864315 0.145697
2 0.256187 0.581839 0.0562663 0.092386
7 0.314156 0.598569 0.0672045 0.178947
2 0.455972 0.501144 0.0494545 0.0718725
2 0.408722 0.651125 0.0582033 0.125563
2 0.0738165 0.632349 0.0791885 0.110345
7 0.196618 0.423127 0.0620758 0.104599
2 0.46765 0.595534 0.0566187 0.110287
2 0.539616 0.625529 0.0649643 0.112746
2 0.863354 0.646926 0.0570894 0.105206
7 0.420847 0.33896 0.0398492 0.0888024
2 0.178308 0.496672 0.0491693 0.070254
0 0.241037 0.666171 0.0285805 0.08764
0 0.261446 0.948881 0.054086 0.101335
2 0.462579 0.446994 0.0353745 0.0702454
3 0.169262 0.645724 0.0226589 0.0570928
2 0.970398 0.684794 0.05644 0.111332
3 0.241546 0.70121 0.0267123 0.0575392
0 0.169964 0.612221 0.0250827 0.0659019
2 0.257412 0.489738 0.0385029 0.0761709
2 0.314612 0.493826 0.0449454 0.0455417
2 0.104972 0.591126 0.0658049 0.0985877
2 0.440472 0.403673 0.0252586 0.0528098
7 0.356258 0.362029 0.0292154 0.0692932
7 0.799509 0.440333 0.0612562 0.111543
5 0.985301 0.511928 0.0284227 0.0948943
7 0.985219 0.512071 0.0287945 0.0945293
7 0.636227 0.352192 0.0572119 0.0673615
0 0.868858 0.478855 0.0171442 0.0640489
2 0.347952 0.420348 0.0324675 0.0725015
2 0.731715 0.392155 0.050894 0.0659018
0 0.236725 0.542974 0.018399 0.053388
7 0.308698 0.340466 0.0237991 0.0383361
2 0.301565 0.43755 0.0308019 0.0595411
7 0.38017 0.336346 0.0217476 0.0530995
5 0.799679 0.449336 0.0617754 0.127714
7 0.301674 0.445058 0.0302746 0.0709035
2 0.151817 0.769905 0.0936335 0.161779
2 0.501593 0.863792 0.0862861 0.198123
2 0.0357188 0.719046 0.0707009 0.140017
7 0.384795 0.496539 0.0778442 0.18382
7 0.61093 0.722386 0.0942001 0.248379
2 0.461625 0.722546 0.0864315 0.145697
2 0.256187 0.581839 0.0562663 0.092386
7 0.314156 0.598569 0.0672045 0.178947
2 0.455972 0.501144 0.0494545 0.0718725
2 0.408722 0.651125 0.0582033 0.125563
2 0.0738165 0.632349 0.0791885 0.110345
7 0.196618 0.423127 0.0620758 0.104599
2 0.46765 0.595534 0.0566187 0.110287
2 0.539616 0.625529 0.0649643 0.112746
2 0.863354 0.646926 0.0570894 0.105206
7 0.420847 0.33896 0.0398492 0.0888024
2 0.178308 0.496672 0.0491693 0.070254
0 0.241037 0.666171 0.0285805 0.08764
0 0.261446 0.948881 0.054086 0.101335
2 0.462579 0.446994 0.0353745 0.0702454
3 0.169262 0.645724 0.0226589 0.0570928
2 0.970398 0.684794 0.05644 0.111332
3 0.241546 0.70121 0.0267123 0.0575392
0 0.169964 0.612221 0.0250827 0.0659019
2 0.257412 0.489738 0.0385029 0.0761709
2 0.314612 0.493826 0.0449454 0.0455417
2 0.104972 0.591126 0.0658049 0.0985877
2 0.440472 0.403673 0.0252586 0.0528098
7 0.356258 0.362029 0.0292154 0.0692932
7 0.799509 0.440333 0.0612562 0.111543
5 0.985301 0.511928 0.0284227 0.0948943
7 0.985219 0.512071 0.0287945 0.0945293
7 0.636227 0.352192 0.0572119 0.0673615
0 0.868858 0.478855 0.0171442 0.0640489
2 0.347952 0.420348 0.0324675 0.0725015
2 0.731715 0.392155 0.050894 0.0659018
0 0.236725 0.542974 0.018399 0.053388
7 0.308698 0.340466 0.0237991 0.0383361
2 0.301565 0.43755 0.0308019 0.0595411
7 0.38017 0.336346 0.0217476 0.0530995
5 0.799679 0.449336 0.0617754 0.127714
7 0.301674 0.445058 0.0302746 0.0709035
7 0.610001 0.722499 0.0949766 0.249279
7 0.392381 0.489271 0.0631448 0.165736
2 0.151617 0.76972 0.0929491 0.16125
2 0.0351421 0.719418 0.0697767 0.137953
2 0.501061 0.86564 0.0890032 0.199101
2 0.46111 0.726733 0.0855383 0.152793
7 0.315266 0.598544 0.0649832 0.176382
2 0.256351 0.583108 0.0572367 0.0959964
2 0.53904 0.626239 0.0645098 0.113268
2 0.408784 0.64987 0.0596433 0.128758
2 0.97044 0.684184 0.0566103 0.108399
7 0.799241 0.445897 0.0614931 0.118505
2 0.0740617 0.629607 0.0772915 0.101643
2 0.455881 0.50114 0.049519 0.070813
2 0.86343 0.654181 0.056752 0.116712
0 0.169815 0.613254 0.0263249 0.0686674
0 0.241066 0.665915 0.0280968 0.0856761
5 0.196288 0.42334 0.0609311 0.107938
3 0.241719 0.702614 0.0263995 0.0581106
2 0.467217 0.595098 0.0555973 0.107362
3 0.169151 0.644353 0.0232575 0.0590169
2 0.462667 0.445456 0.0348946 0.0683452
0 0.260039 0.948706 0.050398 0.0987754
7 0.723952 0.379762 0.0675196 0.10314
5 0.421461 0.339471 0.0397568 0.0842423
2 0.257409 0.486299 0.0387817 0.0723607
2 0.178349 0.496022 0.0484469 0.0688711
7 0.610001 0.722499 0.0949766 0.249279
7 0.392381 0.489271 0.0631448 0.165736
2 0.151617 0.76972 0.0929491 0.16125
2 0.0351421 0.719418 0.0697767 0.137953
2 0.501061 0.86564 0.0890032 0.199101
2 0.46111 0.726733 0.0855383 0.152793
7 0.315266 0.598544 0.0649832 0.176382
2 0.256351 0.583108 0.0572367 0.0959964
2 0.53904 0.626239 0.0645098 0.113268
2 0.408784 0.64987 0.0596433 0.128758
2 0.97044 0.684184 0.0566103 0.108399
7 0.799241 0.445897 0.0614931 0.118505
2 0.0740617 0.629607 0.0772915 0.101643
2 0.455881 0.50114 0.049519 0.070813
2 0.86343 0.654181 0.056752 0.116712
0 0.169815 0.613254 0.0263249 0.0686674
0 0.241066 0.665915 0.0280968 0.0856761
5 0.196288 0.42334 0.0609311 0.107938
3 0.241719 0.702614 0.0263995 0.0581106
2 0.467217 0.595098 0.0555973 0.107362
3 0.169151 0.644353 0.0232575 0.0590169
2 0.462667 0.445456 0.0348946 0.0683452
0 0.260039 0.948706 0.050398 0.0987754
7 0.723952 0.379762 0.0675196 0.10314
5 0.421461 0.339471 0.0397568 0.0842423
2 0.257409 0.486299 0.0387817 0.0723607
2 0.178349 0.496022 0.0484469 0.0688711
