2 0.478321 0.786749 0.252544 0.158016
2 0.891699 0.814528 0.215271 0.168127
2 0.779137 0.58024 0.177513 0.092485
2 0.135498 0.646903 0.224028 0.139627
2 0.27723 0.521787 0.14716 0.0699085
7 0.319098 0.436151 0.196014 0.12348
2 0.0936931 0.411265 0.10098 0.0454356
2 0.576663 0.428725 0.108494 0.0499874
2 0.665349 0.320276 0.0447138 0.0199243
5 0.837833 0.34606 0.112525 0.0712207
2 0.466077 0.334815 0.0586161 0.0283692
2 0.56528 0.341379 0.0661294 0.0366353
2 0.293851 0.340133 0.0524387 0.0258877
2 0.339451 0.321097 0.0417507 0.0188864
5 0.838197 0.299499 0.0794966 0.0299847
2 0.581154 0.315738 0.0393367 0.0154151
0 0.518904 0.758498 0.0603073 0.0307202
0 0.0150603 0.372891 0.0280711 0.0185619
2 0.292161 0.317821 0.041593 0.014189
0 0.0155501 0.382343 0.029423 0.0374549
3 0.0155827 0.391889 0.0291655 0.0226807
5 0.912007 0.296217 0.0738658 0.037045
2 0.665419 0.89221 0.108737 0.208548
7 0.541453 0.575282 0.100434 0.233321
2 0.281291 0.7195 0.0863394 0.14691
2 0.460953 0.686761 0.0762354 0.119699
2 0.519162 0.866082 0.110177 0.193169
7 0.360999 0.592068 0.0585617 0.173342
2 0.430187 0.56201 0.0550837 0.0907077
2 0.036432 0.719335 0.0721527 0.139356
2 0.146325 0.897893 0.140625 0.200407
2 0.447398 0.437624 0.0344709 0.0571487
7 0.195624 0.422377 0.0660585 0.104023
2 0.420856 0.47582 0.0409067 0.0626268
2 0.360067 0.767283 0.0784756 0.103684
7 0.316082 0.90243 0.232703 0.187032
2 0.150175 0.755001 0.0955737 0.11564
2 0.0728721 0.630385 0.0766755 0.103405
0 0.072238 0.779364 0.0377606 0.108958
3 0.208445 0.642473 0.0232184 0.0582816
2 0.970874 0.827845 0.057032 0.149992
0 0.209079 0.615791 0.0218501 0.0749829
3 0.0725491 0.816385 0.035593 0.0776011
7 0.908325 0.560603 0.164829 0.307694
2 0.178144 0.498706 0.0491941 0.0675049
7 0.496058 0.498756 0.045574 0.128754
0 0.228735 0.510029 0.0167754 0.0735879
0 0.173663 0.623571 0.0284034 0.082063
3 0.166519 0.662999 0.0368935 0.0740472
2 0.274403 0.561157 0.05288 0.0833499
7 0.410689 0.370609 0.0276136 0.0462854
0 0.245684 0.598592 0.0208397 0.0879944
2 0.392481 0.332075 0.0218584 0.0356655
2 0.860206 0.671691 0.0503551 0.130669
0 0.110605 0.706991 0.0300364 0.103029
3 0.245892 0.599972 0.0208141 0.0844867
0 0.116437 0.620296 0.0219431 0.132579
0 0.222419 0.574039 0.019463 0.0877625
0 0.276843 0.492391 0.0180097 0.054206
0 0.192422 0.577717 0.0232763 0.0742976
0 0.390681 0.418064 0.0138871 0.0495655
2 0.753575 0.407014 0.0332914 0.0479538
0 0.938027 0.758121 0.0381142 0.124505
3 0.306296 0.432384 0.0126405 0.0516111
2 0.410243 0.370216 0.0277731 0.04655
0 0.81304 0.667422 0.0300632 0.137697
2 0.665419 0.89221 0.108737 0.208548
7 0.541453 0.575282 0.100434 0.233321
2 0.281291 0.7195 0.0863394 0.14691
2 0.460953 0.686761 0.0762354 0.119699
2 0.519162 0.866082 0.110177 0.193169
7 0.360999 0.592068 0.0585617 0.173342
2 0.430187 0.56201 0.0550837 0.0907077
2 0.036432 0.719335 0.0721527 0.139356
2 0.146325 0.897893 0.140625 0.200407
2 0.447398 0.437624 0.0344709 0.0571487
7 0.195624 0.422377 0.0660585 0.104023
2 0.420856 0.47582 0.0409067 0.0626268
2 0.360067 0.767283 0.0784756 0.103684
7 0.316082 0.90243 0.232703 0.187032
2 0.150175 0.755001 0.0955737 0.11564
2 0.0728721 0.630385 0.0766755 0.103405
0 0.072238 0.779364 0.0377606 0.108958
3 0.208445 0.642473 0.0232184 0.0582816
2 0.970874 0.827845 0.057032 0.149992
0 0.209079 0.615791 0.0218501 0.0749829
3 0.0725491 0.816385 0.035593 0.0776011
7 0.908325 0.560603 0.164829 0.307694
2 0.178144 0.498706 0.0491941 0.0675049
7 0.496058 0.498756 0.045574 0.128754
0 0.228735 0.510029 0.0167754 0.0735879
0 0.173663 0.623571 0.0284034 0.082063
3 0.166519 0.662999 0.0368935 0.0740472
2 0.274403 0.561157 0.05288 0.0833499
7 0.410689 0.370609 0.0276136 0.0462854
0 0.245684 0.598592 0.0208397 0.0879944
2 0.392481 0.332075 0.0218584 0.0356655
2 0.860206 0.671691 0.0503551 0.130669
0 0.110605 0.706991 0.0300364 0.103029
3 0.245892 0.599972 0.0208141 0.0844867
0 0.116437 0.620296 0.0219431 0.132579
0 0.222419 0.574039 0.019463 0.0877625
0 0.276843 0.492391 0.0180097 0.054206
0 0.192422 0.577717 0.0232763 0.0742976
0 0.390681 0.418064 0.0138871 0.0495655
2 0.753575 0.407014 0.0332914 0.0479538
0 0.938027 0.758121 0.0381142 0.124505
3 0.306296 0.432384 0.0126405 0.0516111
2 0.410243 0.370216 0.0277731 0.04655
0 0.81304 0.667422 0.0300632 0.137697
0 0.226365 0.531542 0.017482 0.0658051
3 0.391167 0.418792 0.0137276 0.0480103
7 0.392266 0.331136 0.0211572 0.0353397
2 0.693906 0.412182 0.0264395 0.0418722
0 0.937721 0.725135 0.0337797 0.0609931
3 0.170839 0.622888 0.0314894 0.0812442
7 0.178165 0.498815 0.0498016 0.0683902
3 0.93827 0.781841 0.0394119 0.0965886
7 0.753662 0.406704 0.0335338 0.0481103
0 0.321168 0.391738 0.0117138 0.0465897
0 0.345967 0.336879 0.00886784 0.0346903
0 0.308319 0.370458 0.0111842 0.0399452
0 0.546102 0.980208 0.0351645 0.0395835
2 0.803818 0.471146 0.0405571 0.0777606
2 0.639143 0.683345 0.0897695 0.169498
5 0.914272 0.488247 0.170705 0.254869
2 0.33799 0.934192 0.122351 0.130791
2 0.93414 0.653899 0.130944 0.153001
2 0.0654725 0.609989 0.126049 0.14702
5 0.767996 0.350639 0.185972 0.199628
2 0.522526 0.582763 0.0734922 0.150681
2 0.411893 0.57103 0.0635941 0.127921
2 0.53706 0.931708 0.114952 0.132546
2 0.293185 0.416998 0.0616292 0.0870595
5 0.287318 0.277499 0.075559 0.106353
2 0.578256 0.422452 0.0508962 0.0784711
2 0.195951 0.463658 0.0716105 0.0972112
2 0.251488 0.396055 0.0540643 0.0720227
5 0.0584938 0.838117 0.115959 0.311771
2 0.22253 0.520867 0.0965456 0.161945
2 0.436235 0.417111 0.0425581 0.0976323
2 0.446038 0.340016 0.0334179 0.0587537
5 0.650732 0.251116 0.0495243 0.0919254
2 0.551727 0.337698 0.0340555 0.0533836
2 0.327971 0.365893 0.0458936 0.06237
2 0.505395 0.397952 0.0450174 0.104007
0 0.442012 0.958535 0.0374245 0.0814433
2 0.281945 0.357211 0.0407862 0.0529199
2 0.14192 0.289184 0.0548745 0.0383881
5 0.324381 0.23561 0.0541446 0.0796014
0 0.112045 0.40118 0.0210191 0.10554
0 0.169721 0.358361 0.0137998 0.0581601
5 0.352662 0.307575 0.0433302 0.0907814
7 0.763085 0.934498 0.1445 0.126886
0 0.00499826 0.522444 0.00997038 0.0787899
2 0.763191 0.934496 0.1443 0.126219
2 0.502879 0.328901 0.0318771 0.0379758
0 0.869191 0.512948 0.0185097 0.0547541
2 0.220491 0.201623 0.0365412 0.0296098
5 0.640892 0.163634 0.0349876 0.035918
2 0.0766191 0.303033 0.0446591 0.0380345
2 0.544254 0.300992 0.0287954 0.0515009
0 0.0160863 0.493383 0.0224557 0.0980539
2 0.304715 0.3342 0.0322495 0.0642168
0 0.132902 0.376131 0.0138718 0.0691065
2 0.456128 0.307528 0.0299911 0.0462238
0 0.178972 0.333298 0.013474 0.0495372
2 0.391785 0.269796 0.0306489 0.0407663
2 0.497068 0.295449 0.0301544 0.0336153
0 0.0688019 0.457859 0.0196196 0.0994408
0 0.0633117 0.471524 0.0148671 0.0739213
0 0.0477964 0.439248 0.0166609 0.0736436
2 0.176532 0.202325 0.0296998 0.0223531
2 0.639143 0.683345 0.0897695 0.169498
5 0.914272 0.488247 0.170705 0.254869
2 0.33799 0.934192 0.122351 0.130791
2 0.93414 0.653899 0.130944 0.153001
2 0.0654725 0.609989 0.126049 0.14702
5 0.767996 0.350639 0.185972 0.199628
2 0.522526 0.582763 0.0734922 0.150681
2 0.411893 0.57103 0.0635941 0.127921
2 0.53706 0.931708 0.114952 0.132546
2 0.293185 0.416998 0.0616292 0.0870595
5 0.287318 0.277499 0.075559 0.106353
2 0.578256 0.422452 0.0508962 0.0784711
2 0.195951 0.463658 0.0716105 0.0972112
2 0.251488 0.396055 0.0540643 0.0720227
5 0.0584938 0.838117 0.115959 0.311771
2 0.22253 0.520867 0.0965456 0.161945
2 0.436235 0.417111 0.0425581 0.0976323
2 0.446038 0.340016 0.0334179 0.0587537
5 0.650732 0.251116 0.0495243 0.0919254
2 0.551727 0.337698 0.0340555 0.0533836
2 0.327971 0.365893 0.0458936 0.06237
2 0.505395 0.397952 0.0450174 0.104007
0 0.442012 0.958535 0.0374245 0.0814433
2 0.281945 0.357211 0.0407862 0.0529199
2 0.14192 0.289184 0.0548745 0.0383881
5 0.324381 0.23561 0.0541446 0.0796014
0 0.112045 0.40118 0.0210191 0.10554
0 0.169721 0.358361 0.0137998 0.0581601
5 0.352662 0.307575 0.0433302 0.0907814
7 0.763085 0.934498 0.1445 0.126886
0 0.00499826 0.522444 0.00997038 0.0787899
2 0.763191 0.934496 0.1443 0.126219
2 0.502879 0.328901 0.0318771 0.0379758
0 0.869191 0.512948 0.0185097 0.0547541
2 0.220491 0.201623 0.0365412 0.0296098
5 0.640892 0.163634 0.0349876 0.035918
2 0.0766191 0.303033 0.0446591 0.0380345
2 0.544254 0.300992 0.0287954 0.0515009
0 0.0160863 0.493383 0.0224557 0.0980539
2 0.304715 0.3342 0.0322495 0.0642168
0 0.132902 0.376131 0.0138718 0.0691065
2 0.456128 0.307528 0.0299911 0.0462238
0 0.178972 0.333298 0.013474 0.0495372
2 0.391785 0.269796 0.0306489 0.0407663
2 0.497068 0.295449 0.0301544 0.0336153
0 0.0688019 0.457859 0.0196196 0.0994408
0 0.0633117 0.471524 0.0148671 0.0739213
0 0.0477964 0.439248 0.0166609 0.0736436
2 0.176532 0.202325 0.0296998 0.0223531
2 0.639143 0.683345 0.0897695 0.169498
5 0.914272 0.488247 0.170705 0.254869
2 0.33799 0.934192 0.122351 0.130791
2 0.93414 0.653899 0.130944 0.153001
2 0.0654725 0.609989 0.126049 0.14702
5 0.767996 0.350639 0.185972 0.199628
2 0.522526 0.582763 0.0734922 0.150681
2 0.411893 0.57103 0.0635941 0.127921
2 0.53706 0.931708 0.114952 0.132546
2 0.293185 0.416998 0.0616292 0.0870595
5 0.287318 0.277499 0.075559 0.106353
2 0.578256 0.422452 0.0508962 0.0784711
2 0.195951 0.463658 0.0716105 0.0972112
2 0.251488 0.396055 0.0540643 0.0720227
5 0.0584938 0.838117 0.115959 0.311771
2 0.22253 0.520867 0.0965456 0.161945
2 0.436235 0.417111 0.0425581 0.0976323
2 0.446038 0.340016 0.0334179 0.0587537
5 0.650732 0.251116 0.0495243 0.0919254
2 0.551727 0.337698 0.0340555 0.0533836
2 0.327971 0.365893 0.0458936 0.06237
2 0.505395 0.397952 0.0450174 0.104007
0 0.442012 0.958535 0.0374245 0.0814433
2 0.281945 0.357211 0.0407862 0.0529199
2 0.14192 0.289184 0.0548745 0.0383881
5 0.324381 0.23561 0.0541446 0.0796014
0 0.112045 0.40118 0.0210191 0.10554
0 0.169721 0.358361 0.0137998 0.0581601
5 0.352662 0.307575 0.0433302 0.0907814
7 0.763085 0.934498 0.1445 0.126886
0 0.00499826 0.522444 0.00997038 0.0787899
2 0.763191 0.934496 0.1443 0.126219
2 0.502879 0.328901 0.0318771 0.0379758
0 0.869191 0.512948 0.0185097 0.0547541
2 0.220491 0.201623 0.0365412 0.0296098
5 0.640892 0.163634 0.0349876 0.035918
2 0.0766191 0.303033 0.0446591 0.0380345
2 0.544254 0.300992 0.0287954 0.0515009
0 0.0160863 0.493383 0.0224557 0.0980539
2 0.304715 0.3342 0.0322495 0.0642168
0 0.132902 0.376131 0.0138718 0.0691065
2 0.456128 0.307528 0.0299911 0.0462238
0 0.178972 0.333298 0.013474 0.0495372
2 0.391785 0.269796 0.0306489 0.0407663
2 0.497068 0.295449 0.0301544 0.0336153
0 0.0688019 0.457859 0.0196196 0.0994408
0 0.0633117 0.471524 0.0148671 0.0739213
0 0.0477964 0.439248 0.0166609 0.0736436
2 0.176532 0.202325 0.0296998 0.0223531
2 0.639143 0.683345 0.0897695 0.169498
5 0.914272 0.488247 0.170705 0.254869
2 0.33799 0.934192 0.122351 0.130791
2 0.93414 0.653899 0.130944 0.153001
2 0.0654725 0.609989 0.126049 0.14702
5 0.767996 0.350639 0.185972 0.199628
2 0.522526 0.582763 0.0734922 0.150681
2 0.411893 0.57103 0.0635941 0.127921
2 0.53706 0.931708 0.114952 0.132546
2 0.293185 0.416998 0.0616292 0.0870595
5 0.287318 0.277499 0.075559 0.106353
2 0.578256 0.422452 0.0508962 0.0784711
2 0.195951 0.463658 0.0716105 0.0972112
2 0.251488 0.396055 0.0540643 0.0720227
5 0.0584938 0.838117 0.115959 0.311771
2 0.22253 0.520867 0.0965456 0.161945
2 0.436235 0.417111 0.0425581 0.0976323
2 0.446038 0.340016 0.0334179 0.0587537
5 0.650732 0.251116 0.0495243 0.0919254
2 0.551727 0.337698 0.0340555 0.0533836
2 0.327971 0.365893 0.0458936 0.06237
2 0.505395 0.397952 0.0450174 0.104007
0 0.442012 0.958535 0.0374245 0.0814433
2 0.281945 0.357211 0.0407862 0.0529199
2 0.14192 0.289184 0.0548745 0.0383881
5 0.324381 0.23561 0.0541446 0.0796014
0 0.112045 0.40118 0.0210191 0.10554
0 0.169721 0.358361 0.0137998 0.0581601
5 0.352662 0.307575 0.0433302 0.0907814
7 0.763085 0.934498 0.1445 0.126886
0 0.00499826 0.522444 0.00997038 0.0787899
2 0.763191 0.934496 0.1443 0.126219
2 0.502879 0.328901 0.0318771 0.0379758
0 0.869191 0.512948 0.0185097 0.0547541
2 0.220491 0.201623 0.0365412 0.0296098
5 0.640892 0.163634 0.0349876 0.035918
2 0.0766191 0.303033 0.0446591 0.0380345
2 0.544254 0.300992 0.0287954 0.0515009
0 0.0160863 0.493383 0.0224557 0.0980539
2 0.304715 0.3342 0.0322495 0.0642168
0 0.132902 0.376131 0.0138718 0.0691065
2 0.456128 0.307528 0.0299911 0.0462238
0 0.178972 0.333298 0.013474 0.0495372
2 0.391785 0.269796 0.0306489 0.0407663
2 0.497068 0.295449 0.0301544 0.0336153
0 0.0688019 0.457859 0.0196196 0.0994408
0 0.0633117 0.471524 0.0148671 0.0739213
0 0.0477964 0.439248 0.0166609 0.0736436
2 0.176532 0.202325 0.0296998 0.0223531
2 0.639143 0.683345 0.0897695 0.169498
5 0.914272 0.488247 0.170705 0.254869
2 0.33799 0.934192 0.122351 0.130791
2 0.93414 0.653899 0.130944 0.153001
2 0.0654725 0.609989 0.126049 0.14702
5 0.767996 0.350639 0.185972 0.199628
2 0.522526 0.582763 0.0734922 0.150681
2 0.411893 0.57103 0.0635941 0.127921
2 0.53706 0.931708 0.114952 0.132546
2 0.293185 0.416998 0.0616292 0.0870595
5 0.287318 0.277499 0.075559 0.106353
2 0.578256 0.422452 0.0508962 0.0784711
2 0.195951 0.463658 0.0716105 0.0972112
2 0.251488 0.396055 0.0540643 0.0720227
5 0.0584938 0.838117 0.115959 0.311771
2 0.22253 0.520867 0.0965456 0.161945
2 0.436235 0.417111 0.0425581 0.0976323
2 0.446038 0.340016 0.0334179 0.0587537
5 0.650732 0.251116 0.0495243 0.0919254
2 0.551727 0.337698 0.0340555 0.0533836
2 0.327971 0.365893 0.0458936 0.06237
2 0.505395 0.397952 0.0450174 0.104007
0 0.442012 0.958535 0.0374245 0.0814433
2 0.281945 0.357211 0.0407862 0.0529199
2 0.14192 0.289184 0.0548745 0.0383881
5 0.324381 0.23561 0.0541446 0.0796014
0 0.112045 0.40118 0.0210191 0.10554
0 0.169721 0.358361 0.0137998 0.0581601
5 0.352662 0.307575 0.0433302 0.0907814
7 0.763085 0.934498 0.1445 0.126886
0 0.00499826 0.522444 0.00997038 0.0787899
2 0.763191 0.934496 0.1443 0.126219
2 0.502879 0.328901 0.0318771 0.0379758
0 0.869191 0.512948 0.0185097 0.0547541
2 0.220491 0.201623 0.0365412 0.0296098
5 0.640892 0.163634 0.0349876 0.035918
2 0.0766191 0.303033 0.0446591 0.0380345
2 0.544254 0.300992 0.0287954 0.0515009
0 0.0160863 0.493383 0.0224557 0.0980539
2 0.304715 0.3342 0.0322495 0.0642168
0 0.132902 0.376131 0.0138718 0.0691065
2 0.456128 0.307528 0.0299911 0.0462238
0 0.178972 0.333298 0.013474 0.0495372
2 0.391785 0.269796 0.0306489 0.0407663
2 0.497068 0.295449 0.0301544 0.0336153
0 0.0688019 0.457859 0.0196196 0.0994408
0 0.0633117 0.471524 0.0148671 0.0739213
0 0.0477964 0.439248 0.0166609 0.0736436
2 0.176532 0.202325 0.0296998 0.0223531
2 0.639143 0.683345 0.0897695 0.169498
5 0.914272 0.488247 0.170705 0.254869
2 0.33799 0.934192 0.122351 0.130791
2 0.93414 0.653899 0.130944 0.153001
2 0.0654725 0.609989 0.126049 0.14702
5 0.767996 0.350639 0.185972 0.199628
2 0.522526 0.582763 0.0734922 0.150681
2 0.411893 0.57103 0.0635941 0.127921
2 0.53706 0.931708 0.114952 0.132546
2 0.293185 0.416998 0.0616292 0.0870595
5 0.287318 0.277499 0.075559 0.106353
2 0.578256 0.422452 0.0508962 0.0784711
2 0.195951 0.463658 0.0716105 0.0972112
2 0.251488 0.396055 0.0540643 0.0720227
5 0.0584938 0.838117 0.115959 0.311771
2 0.22253 0.520867 0.0965456 0.161945
2 0.436235 0.417111 0.0425581 0.0976323
2 0.446038 0.340016 0.0334179 0.0587537
5 0.650732 0.251116 0.0495243 0.0919254
2 0.551727 0.337698 0.0340555 0.0533836
2 0.327971 0.365893 0.0458936 0.06237
2 0.505395 0.397952 0.0450174 0.104007
0 0.442012 0.958535 0.0374245 0.0814433
2 0.281945 0.357211 0.0407862 0.0529199
2 0.14192 0.289184 0.0548745 0.0383881
5 0.324381 0.23561 0.0541446 0.0796014
0 0.112045 0.40118 0.0210191 0.10554
0 0.169721 0.358361 0.0137998 0.0581601
5 0.352662 0.307575 0.0433302 0.0907814
7 0.763085 0.934498 0.1445 0.126886
0 0.00499826 0.522444 0.00997038 0.0787899
2 0.763191 0.934496 0.1443 0.126219
2 0.502879 0.328901 0.0318771 0.0379758
0 0.869191 0.512948 0.0185097 0.0547541
2 0.220491 0.201623 0.0365412 0.0296098
5 0.640892 0.163634 0.0349876 0.035918
2 0.0766191 0.303033 0.0446591 0.0380345
2 0.544254 0.300992 0.0287954 0.0515009
0 0.0160863 0.493383 0.0224557 0.0980539
2 0.304715 0.3342 0.0322495 0.0642168
0 0.132902 0.376131 0.0138718 0.0691065
2 0.456128 0.307528 0.0299911 0.0462238
0 0.178972 0.333298 0.013474 0.0495372
2 0.391785 0.269796 0.0306489 0.0407663
2 0.497068 0.295449 0.0301544 0.0336153
0 0.0688019 0.457859 0.0196196 0.0994408
0 0.0633117 0.471524 0.0148671 0.0739213
0 0.0477964 0.439248 0.0166609 0.0736436
2 0.176532 0.202325 0.0296998 0.0223531
2 0.639143 0.683345 0.0897695 0.169498
5 0.914272 0.488247 0.170705 0.254869
2 0.33799 0.934192 0.122351 0.130791
2 0.93414 0.653899 0.130944 0.153001
2 0.0654725 0.609989 0.126049 0.14702
5 0.767996 0.350639 0.185972 0.199628
2 0.522526 0.582763 0.0734922 0.150681
2 0.411893 0.57103 0.0635941 0.127921
2 0.53706 0.931708 0.114952 0.132546
2 0.293185 0.416998 0.0616292 0.0870595
5 0.287318 0.277499 0.075559 0.106353
2 0.578256 0.422452 0.0508962 0.0784711
2 0.195951 0.463658 0.0716105 0.0972112
2 0.251488 0.396055 0.0540643 0.0720227
5 0.0584938 0.838117 0.115959 0.311771
2 0.22253 0.520867 0.0965456 0.161945
2 0.436235 0.417111 0.0425581 0.0976323
2 0.446038 0.340016 0.0334179 0.0587537
5 0.650732 0.251116 0.0495243 0.0919254
2 0.551727 0.337698 0.0340555 0.0533836
2 0.327971 0.365893 0.0458936 0.06237
2 0.505395 0.397952 0.0450174 0.104007
0 0.442012 0.958535 0.0374245 0.0814433
2 0.281945 0.357211 0.0407862 0.0529199
2 0.14192 0.289184 0.0548745 0.0383881
5 0.324381 0.23561 0.0541446 0.0796014
0 0.112045 0.40118 0.0210191 0.10554
0 0.169721 0.358361 0.0137998 0.0581601
5 0.352662 0.307575 0.0433302 0.0907814
7 0.763085 0.934498 0.1445 0.126886
0 0.00499826 0.522444 0.00997038 0.0787899
2 0.763191 0.934496 0.1443 0.126219
2 0.502879 0.328901 0.0318771 0.0379758
0 0.869191 0.512948 0.0185097 0.0547541
2 0.220491 0.201623 0.0365412 0.0296098
5 0.640892 0.163634 0.0349876 0.035918
2 0.0766191 0.303033 0.0446591 0.0380345
2 0.544254 0.300992 0.0287954 0.0515009
0 0.0160863 0.493383 0.0224557 0.0980539
2 0.304715 0.3342 0.0322495 0.0642168
0 0.132902 0.376131 0.0138718 0.0691065
2 0.456128 0.307528 0.0299911 0.0462238
0 0.178972 0.333298 0.013474 0.0495372
2 0.391785 0.269796 0.0306489 0.0407663
2 0.497068 0.295449 0.0301544 0.0336153
0 0.0688019 0.457859 0.0196196 0.0994408
0 0.0633117 0.471524 0.0148671 0.0739213
0 0.0477964 0.439248 0.0166609 0.0736436
2 0.176532 0.202325 0.0296998 0.0223531
2 0.639143 0.683345 0.0897695 0.169498
5 0.914272 0.488247 0.170705 0.254869
2 0.33799 0.934192 0.122351 0.130791
2 0.93414 0.653899 0.130944 0.153001
2 0.0654725 0.609989 0.126049 0.14702
5 0.767996 0.350639 0.185972 0.199628
2 0.522526 0.582763 0.0734922 0.150681
2 0.411893 0.57103 0.0635941 0.127921
2 0.53706 0.931708 0.114952 0.132546
2 0.293185 0.416998 0.0616292 0.0870595
5 0.287318 0.277499 0.075559 0.106353
2 0.578256 0.422452 0.0508962 0.0784711
2 0.195951 0.463658 0.0716105 0.0972112
2 0.251488 0.396055 0.0540643 0.0720227
5 0.0584938 0.838117 0.115959 0.311771
2 0.22253 0.520867 0.0965456 0.161945
2 0.436235 0.417111 0.0425581 0.0976323
2 0.446038 0.340016 0.0334179 0.0587537
5 0.650732 0.251116 0.0495243 0.0919254
2 0.551727 0.337698 0.0340555 0.0533836
2 0.327971 0.365893 0.0458936 0.06237
2 0.505395 0.397952 0.0450174 0.104007
0 0.442012 0.958535 0.0374245 0.0814433
2 0.281945 0.357211 0.0407862 0.0529199
2 0.14192 0.289184 0.0548745 0.0383881
5 0.324381 0.23561 0.0541446 0.0796014
0 0.112045 0.40118 0.0210191 0.10554
0 0.169721 0.358361 0.0137998 0.0581601
5 0.352662 0.307575 0.0433302 0.0907814
7 0.763085 0.934498 0.1445 0.126886
0 0.00499826 0.522444 0.00997038 0.0787899
2 0.763191 0.934496 0.1443 0.126219
2 0.502879 0.328901 0.0318771 0.0379758
0 0.869191 0.512948 0.0185097 0.0547541
2 0.220491 0.201623 0.0365412 0.0296098
5 0.640892 0.163634 0.0349876 0.035918
2 0.0766191 0.303033 0.0446591 0.0380345
2 0.544254 0.300992 0.0287954 0.0515009
0 0.0160863 0.493383 0.0224557 0.0980539
2 0.304715 0.3342 0.0322495 0.0642168
0 0.132902 0.376131 0.0138718 0.0691065
2 0.456128 0.307528 0.0299911 0.0462238
0 0.178972 0.333298 0.013474 0.0495372
2 0.391785 0.269796 0.0306489 0.0407663
2 0.497068 0.295449 0.0301544 0.0336153
0 0.0688019 0.457859 0.0196196 0.0994408
0 0.0633117 0.471524 0.0148671 0.0739213
0 0.0477964 0.439248 0.0166609 0.0736436
2 0.176532 0.202325 0.0296998 0.0223531
2 0.639143 0.683345 0.0897695 0.169498
5 0.914272 0.488247 0.170705 0.254869
2 0.33799 0.934192 0.122351 0.130791
2 0.93414 0.653899 0.130944 0.153001
2 0.0654725 0.609989 0.126049 0.14702
5 0.767996 0.350639 0.185972 0.199628
2 0.522526 0.582763 0.0734922 0.150681
2 0.411893 0.57103 0.0635941 0.127921
2 0.53706 0.931708 0.114952 0.132546
2 0.293185 0.416998 0.0616292 0.0870595
5 0.287318 0.277499 0.075559 0.106353
2 0.578256 0.422452 0.0508962 0.0784711
2 0.195951 0.463658 0.0716105 0.0972112
2 0.251488 0.396055 0.0540643 0.0720227
5 0.0584938 0.838117 0.115959 0.311771
2 0.22253 0.520867 0.0965456 0.161945
2 0.436235 0.417111 0.0425581 0.0976323
2 0.446038 0.340016 0.0334179 0.0587537
5 0.650732 0.251116 0.0495243 0.0919254
2 0.551727 0.337698 0.0340555 0.0533836
2 0.327971 0.365893 0.0458936 0.06237
2 0.505395 0.397952 0.0450174 0.104007
0 0.442012 0.958535 0.0374245 0.0814433
2 0.281945 0.357211 0.0407862 0.0529199
2 0.14192 0.289184 0.0548745 0.0383881
5 0.324381 0.23561 0.0541446 0.0796014
0 0.112045 0.40118 0.0210191 0.10554
0 0.169721 0.358361 0.0137998 0.0581601
5 0.352662 0.307575 0.0433302 0.0907814
7 0.763085 0.934498 0.1445 0.126886
0 0.00499826 0.522444 0.00997038 0.0787899
2 0.763191 0.934496 0.1443 0.126219
2 0.502879 0.328901 0.0318771 0.0379758
0 0.869191 0.512948 0.0185097 0.0547541
2 0.220491 0.201623 0.0365412 0.0296098
5 0.640892 0.163634 0.0349876 0.035918
2 0.0766191 0.303033 0.0446591 0.0380345
2 0.544254 0.300992 0.0287954 0.0515009
0 0.0160863 0.493383 0.0224557 0.0980539
2 0.304715 0.3342 0.0322495 0.0642168
0 0.132902 0.376131 0.0138718 0.0691065
2 0.456128 0.307528 0.0299911 0.0462238
0 0.178972 0.333298 0.013474 0.0495372
2 0.391785 0.269796 0.0306489 0.0407663
2 0.497068 0.295449 0.0301544 0.0336153
0 0.0688019 0.457859 0.0196196 0.0994408
0 0.0633117 0.471524 0.0148671 0.0739213
0 0.0477964 0.439248 0.0166609 0.0736436
2 0.176532 0.202325 0.0296998 0.0223531
2 0.639143 0.683345 0.0897695 0.169498
5 0.914272 0.488247 0.170705 0.254869
2 0.33799 0.934192 0.122351 0.130791
2 0.93414 0.653899 0.130944 0.153001
2 0.0654725 0.609989 0.126049 0.14702
5 0.767996 0.350639 0.185972 0.199628
2 0.522526 0.582763 0.0734922 0.150681
2 0.411893 0.57103 0.0635941 0.127921
2 0.53706 0.931708 0.114952 0.132546
2 0.293185 0.416998 0.0616292 0.0870595
5 0.287318 0.277499 0.075559 0.106353
2 0.578256 0.422452 0.0508962 0.0784711
2 0.195951 0.463658 0.0716105 0.0972112
2 0.251488 0.396055 0.0540643 0.0720227
5 0.0584938 0.838117 0.115959 0.311771
2 0.22253 0.520867 0.0965456 0.161945
2 0.436235 0.417111 0.0425581 0.0976323
2 0.446038 0.340016 0.0334179 0.0587537
5 0.650732 0.251116 0.0495243 0.0919254
2 0.551727 0.337698 0.0340555 0.0533836
2 0.327971 0.365893 0.0458936 0.06237
2 0.505395 0.397952 0.0450174 0.104007
0 0.442012 0.958535 0.0374245 0.0814433
2 0.281945 0.357211 0.0407862 0.0529199
2 0.14192 0.289184 0.0548745 0.0383881
5 0.324381 0.23561 0.0541446 0.0796014
0 0.112045 0.40118 0.0210191 0.10554
0 0.169721 0.358361 0.0137998 0.0581601
5 0.352662 0.307575 0.0433302 0.0907814
7 0.763085 0.934498 0.1445 0.126886
0 0.00499826 0.522444 0.00997038 0.0787899
2 0.763191 0.934496 0.1443 0.126219
2 0.502879 0.328901 0.0318771 0.0379758
0 0.869191 0.512948 0.0185097 0.0547541
2 0.220491 0.201623 0.0365412 0.0296098
5 0.640892 0.163634 0.0349876 0.035918
2 0.0766191 0.303033 0.0446591 0.0380345
2 0.544254 0.300992 0.0287954 0.0515009
0 0.0160863 0.493383 0.0224557 0.0980539
2 0.304715 0.3342 0.0322495 0.0642168
0 0.132902 0.376131 0.0138718 0.0691065
2 0.456128 0.307528 0.0299911 0.0462238
0 0.178972 0.333298 0.013474 0.0495372
2 0.391785 0.269796 0.0306489 0.0407663
2 0.497068 0.295449 0.0301544 0.0336153
0 0.0688019 0.457859 0.0196196 0.0994408
0 0.0633117 0.471524 0.0148671 0.0739213
0 0.0477964 0.439248 0.0166609 0.0736436
2 0.176532 0.202325 0.0296998 0.0223531
2 0.639143 0.683345 0.0897695 0.169498
5 0.914272 0.488247 0.170705 0.254869
2 0.33799 0.934192 0.122351 0.130791
2 0.93414 0.653899 0.130944 0.153001
2 0.0654725 0.609989 0.126049 0.14702
5 0.767996 0.350639 0.185972 0.199628
2 0.522526 0.582763 0.0734922 0.150681
2 0.411893 0.57103 0.0635941 0.127921
2 0.53706 0.931708 0.114952 0.132546
2 0.293185 0.416998 0.0616292 0.0870595
5 0.287318 0.277499 0.075559 0.106353
2 0.578256 0.422452 0.0508962 0.0784711
2 0.195951 0.463658 0.0716105 0.0972112
2 0.251488 0.396055 0.0540643 0.0720227
5 0.0584938 0.838117 0.115959 0.311771
2 0.22253 0.520867 0.0965456 0.161945
2 0.436235 0.417111 0.0425581 0.0976323
2 0.446038 0.340016 0.0334179 0.0587537
5 0.650732 0.251116 0.0495243 0.0919254
2 0.551727 0.337698 0.0340555 0.0533836
2 0.327971 0.365893 0.0458936 0.06237
2 0.505395 0.397952 0.0450174 0.104007
0 0.442012 0.958535 0.0374245 0.0814433
2 0.281945 0.357211 0.0407862 0.0529199
2 0.14192 0.289184 0.0548745 0.0383881
5 0.324381 0.23561 0.0541446 0.0796014
0 0.112045 0.40118 0.0210191 0.10554
0 0.169721 0.358361 0.0137998 0.0581601
5 0.352662 0.307575 0.0433302 0.0907814
7 0.763085 0.934498 0.1445 0.126886
0 0.00499826 0.522444 0.00997038 0.0787899
2 0.763191 0.934496 0.1443 0.126219
2 0.502879 0.328901 0.0318771 0.0379758
0 0.869191 0.512948 0.0185097 0.0547541
2 0.220491 0.201623 0.0365412 0.0296098
5 0.640892 0.163634 0.0349876 0.035918
2 0.0766191 0.303033 0.0446591 0.0380345
2 0.544254 0.300992 0.0287954 0.0515009
0 0.0160863 0.493383 0.0224557 0.0980539
2 0.304715 0.3342 0.0322495 0.0642168
0 0.132902 0.376131 0.0138718 0.0691065
2 0.456128 0.307528 0.0299911 0.0462238
0 0.178972 0.333298 0.013474 0.0495372
2 0.391785 0.269796 0.0306489 0.0407663
2 0.497068 0.295449 0.0301544 0.0336153
0 0.0688019 0.457859 0.0196196 0.0994408
0 0.0633117 0.471524 0.0148671 0.0739213
0 0.0477964 0.439248 0.0166609 0.0736436
2 0.176532 0.202325 0.0296998 0.0223531
2 0.639143 0.683345 0.0897695 0.169498
5 0.914272 0.488247 0.170705 0.254869
2 0.33799 0.934192 0.122351 0.130791
2 0.93414 0.653899 0.130944 0.153001
2 0.0654725 0.609989 0.126049 0.14702
5 0.767996 0.350639 0.185972 0.199628
2 0.522526 0.582763 0.0734922 0.150681
2 0.411893 0.57103 0.0635941 0.127921
2 0.53706 0.931708 0.114952 0.132546
2 0.293185 0.416998 0.0616292 0.0870595
5 0.287318 0.277499 0.075559 0.106353
2 0.578256 0.422452 0.0508962 0.0784711
2 0.195951 0.463658 0.0716105 0.0972112
2 0.251488 0.396055 0.0540643 0.0720227
5 0.0584938 0.838117 0.115959 0.311771
2 0.22253 0.520867 0.0965456 0.161945
2 0.436235 0.417111 0.0425581 0.0976323
2 0.446038 0.340016 0.0334179 0.0587537
5 0.650732 0.251116 0.0495243 0.0919254
2 0.551727 0.337698 0.0340555 0.0533836
2 0.327971 0.365893 0.0458936 0.06237
2 0.505395 0.397952 0.0450174 0.104007
0 0.442012 0.958535 0.0374245 0.0814433
2 0.281945 0.357211 0.0407862 0.0529199
2 0.14192 0.289184 0.0548745 0.0383881
5 0.324381 0.23561 0.0541446 0.0796014
0 0.112045 0.40118 0.0210191 0.10554
0 0.169721 0.358361 0.0137998 0.0581601
5 0.352662 0.307575 0.0433302 0.0907814
7 0.763085 0.934498 0.1445 0.126886
0 0.00499826 0.522444 0.00997038 0.0787899
2 0.763191 0.934496 0.1443 0.126219
2 0.502879 0.328901 0.0318771 0.0379758
0 0.869191 0.512948 0.0185097 0.0547541
2 0.220491 0.201623 0.0365412 0.0296098
5 0.640892 0.163634 0.0349876 0.035918
2 0.0766191 0.303033 0.0446591 0.0380345
2 0.544254 0.300992 0.0287954 0.0515009
0 0.0160863 0.493383 0.0224557 0.0980539
2 0.304715 0.3342 0.0322495 0.0642168
0 0.132902 0.376131 0.0138718 0.0691065
2 0.456128 0.307528 0.0299911 0.0462238
0 0.178972 0.333298 0.013474 0.0495372
2 0.391785 0.269796 0.0306489 0.0407663
2 0.497068 0.295449 0.0301544 0.0336153
0 0.0688019 0.457859 0.0196196 0.0994408
0 0.0633117 0.471524 0.0148671 0.0739213
0 0.0477964 0.439248 0.0166609 0.0736436
2 0.176532 0.202325 0.0296998 0.0223531
2 0.639143 0.683345 0.0897695 0.169498
5 0.914272 0.488247 0.170705 0.254869
2 0.33799 0.934192 0.122351 0.130791
2 0.93414 0.653899 0.130944 0.153001
2 0.0654725 0.609989 0.126049 0.14702
5 0.767996 0.350639 0.185972 0.199628
2 0.522526 0.582763 0.0734922 0.150681
2 0.411893 0.57103 0.0635941 0.127921
2 0.53706 0.931708 0.114952 0.132546
2 0.293185 0.416998 0.0616292 0.0870595
5 0.287318 0.277499 0.075559 0.106353
2 0.578256 0.422452 0.0508962 0.0784711
2 0.195951 0.463658 0.0716105 0.0972112
2 0.251488 0.396055 0.0540643 0.0720227
5 0.0584938 0.838117 0.115959 0.311771
2 0.22253 0.520867 0.0965456 0.161945
2 0.436235 0.417111 0.0425581 0.0976323
2 0.446038 0.340016 0.0334179 0.0587537
5 0.650732 0.251116 0.0495243 0.0919254
2 0.551727 0.337698 0.0340555 0.0533836
2 0.327971 0.365893 0.0458936 0.06237
2 0.505395 0.397952 0.0450174 0.104007
0 0.442012 0.958535 0.0374245 0.0814433
2 0.281945 0.357211 0.0407862 0.0529199
2 0.14192 0.289184 0.0548745 0.0383881
5 0.324381 0.23561 0.0541446 0.0796014
0 0.112045 0.40118 0.0210191 0.10554
0 0.169721 0.358361 0.0137998 0.0581601
5 0.352662 0.307575 0.0433302 0.0907814
7 0.763085 0.934498 0.1445 0.126886
0 0.00499826 0.522444 0.00997038 0.0787899
2 0.763191 0.934496 0.1443 0.126219
2 0.502879 0.328901 0.0318771 0.0379758
0 0.869191 0.512948 0.0185097 0.0547541
2 0.220491 0.201623 0.0365412 0.0296098
5 0.640892 0.163634 0.0349876 0.035918
2 0.0766191 0.303033 0.0446591 0.0380345
2 0.544254 0.300992 0.0287954 0.0515009
0 0.0160863 0.493383 0.0224557 0.0980539
2 0.304715 0.3342 0.0322495 0.0642168
0 0.132902 0.376131 0.0138718 0.0691065
2 0.456128 0.307528 0.0299911 0.0462238
0 0.178972 0.333298 0.013474 0.0495372
2 0.391785 0.269796 0.0306489 0.0407663
2 0.497068 0.295449 0.0301544 0.0336153
0 0.0688019 0.457859 0.0196196 0.0994408
0 0.0633117 0.471524 0.0148671 0.0739213
0 0.0477964 0.439248 0.0166609 0.0736436
2 0.176532 0.202325 0.0296998 0.0223531
2 0.639143 0.683345 0.0897695 0.169498
5 0.914272 0.488247 0.170705 0.254869
2 0.33799 0.934192 0.122351 0.130791
2 0.93414 0.653899 0.130944 0.153001
2 0.0654725 0.609989 0.126049 0.14702
5 0.767996 0.350639 0.185972 0.199628
2 0.522526 0.582763 0.0734922 0.150681
2 0.411893 0.57103 0.0635941 0.127921
2 0.53706 0.931708 0.114952 0.132546
2 0.293185 0.416998 0.0616292 0.0870595
5 0.287318 0.277499 0.075559 0.106353
2 0.578256 0.422452 0.0508962 0.0784711
2 0.195951 0.463658 0.0716105 0.0972112
2 0.251488 0.396055 0.0540643 0.0720227
5 0.0584938 0.838117 0.115959 0.311771
2 0.22253 0.520867 0.0965456 0.161945
2 0.436235 0.417111 0.0425581 0.0976323
2 0.446038 0.340016 0.0334179 0.0587537
5 0.650732 0.251116 0.0495243 0.0919254
2 0.551727 0.337698 0.0340555 0.0533836
2 0.327971 0.365893 0.0458936 0.06237
2 0.505395 0.397952 0.0450174 0.104007
0 0.442012 0.958535 0.0374245 0.0814433
2 0.281945 0.357211 0.0407862 0.0529199
2 0.14192 0.289184 0.0548745 0.0383881
5 0.324381 0.23561 0.0541446 0.0796014
0 0.112045 0.40118 0.0210191 0.10554
0 0.169721 0.358361 0.0137998 0.0581601
5 0.352662 0.307575 0.0433302 0.0907814
7 0.763085 0.934498 0.1445 0.126886
0 0.00499826 0.522444 0.00997038 0.0787899
2 0.763191 0.934496 0.1443 0.126219
2 0.502879 0.328901 0.0318771 0.0379758
0 0.869191 0.512948 0.0185097 0.0547541
2 0.220491 0.201623 0.0365412 0.0296098
5 0.640892 0.163634 0.0349876 0.035918
2 0.0766191 0.303033 0.0446591 0.0380345
2 0.544254 0.300992 0.0287954 0.0515009
0 0.0160863 0.493383 0.0224557 0.0980539
2 0.304715 0.3342 0.0322495 0.0642168
0 0.132902 0.376131 0.0138718 0.0691065
2 0.456128 0.307528 0.0299911 0.0462238
0 0.178972 0.333298 0.013474 0.0495372
2 0.391785 0.269796 0.0306489 0.0407663
2 0.497068 0.295449 0.0301544 0.0336153
0 0.0688019 0.457859 0.0196196 0.0994408
0 0.0633117 0.471524 0.0148671 0.0739213
0 0.0477964 0.439248 0.0166609 0.0736436
2 0.176532 0.202325 0.0296998 0.0223531
2 0.639143 0.683345 0.0897695 0.169498
5 0.914272 0.488247 0.170705 0.254869
2 0.33799 0.934192 0.122351 0.130791
2 0.93414 0.653899 0.130944 0.153001
2 0.0654725 0.609989 0.126049 0.14702
5 0.767996 0.350639 0.185972 0.199628
2 0.522526 0.582763 0.0734922 0.150681
2 0.411893 0.57103 0.0635941 0.127921
2 0.53706 0.931708 0.114952 0.132546
2 0.293185 0.416998 0.0616292 0.0870595
5 0.287318 0.277499 0.075559 0.106353
2 0.578256 0.422452 0.0508962 0.0784711
2 0.195951 0.463658 0.0716105 0.0972112
2 0.251488 0.396055 0.0540643 0.0720227
5 0.0584938 0.838117 0.115959 0.311771
2 0.22253 0.520867 0.0965456 0.161945
2 0.436235 0.417111 0.0425581 0.0976323
2 0.446038 0.340016 0.0334179 0.0587537
5 0.650732 0.251116 0.0495243 0.0919254
2 0.551727 0.337698 0.0340555 0.0533836
2 0.327971 0.365893 0.0458936 0.06237
2 0.505395 0.397952 0.0450174 0.104007
0 0.442012 0.958535 0.0374245 0.0814433
2 0.281945 0.357211 0.0407862 0.0529199
2 0.14192 0.289184 0.0548745 0.0383881
5 0.324381 0.23561 0.0541446 0.0796014
0 0.112045 0.40118 0.0210191 0.10554
0 0.169721 0.358361 0.0137998 0.0581601
5 0.352662 0.307575 0.0433302 0.0907814
7 0.763085 0.934498 0.1445 0.126886
0 0.00499826 0.522444 0.00997038 0.0787899
2 0.763191 0.934496 0.1443 0.126219
2 0.502879 0.328901 0.0318771 0.0379758
0 0.869191 0.512948 0.0185097 0.0547541
2 0.220491 0.201623 0.0365412 0.0296098
5 0.640892 0.163634 0.0349876 0.035918
2 0.0766191 0.303033 0.0446591 0.0380345
2 0.544254 0.300992 0.0287954 0.0515009
0 0.0160863 0.493383 0.0224557 0.0980539
2 0.304715 0.3342 0.0322495 0.0642168
0 0.132902 0.376131 0.0138718 0.0691065
2 0.456128 0.307528 0.0299911 0.0462238
0 0.178972 0.333298 0.013474 0.0495372
2 0.391785 0.269796 0.0306489 0.0407663
2 0.497068 0.295449 0.0301544 0.0336153
0 0.0688019 0.457859 0.0196196 0.0994408
0 0.0633117 0.471524 0.0148671 0.0739213
0 0.0477964 0.439248 0.0166609 0.0736436
2 0.176532 0.202325 0.0296998 0.0223531
5 0.913742 0.485293 0.17171 0.251213
2 0.933883 0.652761 0.131342 0.156143
2 0.0656666 0.61024 0.125865 0.146896
2 0.639594 0.684186 0.0895738 0.170401
2 0.412278 0.571783 0.0649899 0.129861
2 0.523165 0.583772 0.0732292 0.150028
2 0.338373 0.933734 0.121433 0.130658
5 0.286996 0.276164 0.076351 0.107886
2 0.22224 0.522296 0.0975768 0.160053
2 0.578077 0.422562 0.0517155 0.0771047
2 0.195297 0.4631 0.0698171 0.0935111
2 0.436356 0.41793 0.0447855 0.0969611
2 0.763106 0.934961 0.141862 0.126934
5 0.766783 0.347618 0.185991 0.205101
0 0.444017 0.957809 0.0402218 0.0799571
2 0.537567 0.931354 0.115548 0.132997
2 0.293925 0.419579 0.0615913 0.0874995
2 0.252094 0.395546 0.053736 0.0725764
2 0.551443 0.334807 0.03367 0.0568549
2 0.446067 0.342087 0.0333704 0.0591554
0 0.17904 0.333202 0.0138599 0.050146
2 0.142109 0.289304 0.0547585 0.0367238
5 0.32419 0.230161 0.053481 0.0736031
0 0.112103 0.402081 0.021396 0.0985137
0 0.169621 0.360539 0.0130957 0.055268
5 0.913742 0.485293 0.17171 0.251213
2 0.933883 0.652761 0.131342 0.156143
2 0.0656666 0.61024 0.125865 0.146896
2 0.639594 0.684186 0.0895738 0.170401
2 0.412278 0.571783 0.0649899 0.129861
2 0.523165 0.583772 0.0732292 0.150028
2 0.338373 0.933734 0.121433 0.130658
5 0.286996 0.276164 0.076351 0.107886
2 0.22224 0.522296 0.0975768 0.160053
2 0.578077 0.422562 0.0517155 0.0771047
2 0.195297 0.4631 0.0698171 0.0935111
2 0.436356 0.41793 0.0447855 0.0969611
2 0.763106 0.934961 0.141862 0.126934
5 0.766783 0.347618 0.185991 0.205101
0 0.444017 0.957809 0.0402218 0.0799571
2 0.537567 0.931354 0.115548 0.132997
2 0.293925 0.419579 0.0615913 0.0874995
2 0.252094 0.395546 0.053736 0.0725764
2 0.551443 0.334807 0.03367 0.0568549
2 0.446067 0.342087 0.0333704 0.0591554
0 0.17904 0.333202 0.0138599 0.050146
2 0.142109 0.289304 0.0547585 0.0367238
5 0.32419 0.230161 0.053481 0.0736031
0 0.112103 0.402081 0.021396 0.0985137
0 0.169621 0.360539 0.0130957 0.055268
