2 0.622378 0.86778 0.114874 0.178037
7 0.318013 0.837294 0.100197 0.271606
2 0.135892 0.746301 0.0944843 0.126261
2 0.0357495 0.718845 0.0707523 0.13974
2 0.513759 0.684667 0.0693577 0.129124
2 0.446707 0.629196 0.0610071 0.107326
2 0.275729 0.706724 0.0714943 0.14042
2 0.378685 0.744982 0.0670255 0.143572
7 0.196602 0.421873 0.0643167 0.105728
0 0.1667 0.83108 0.0376642 0.120075
2 0.515859 0.588634 0.0639416 0.109036
2 0.421898 0.485529 0.0461007 0.081102
7 0.389879 0.394451 0.0431269 0.111782
3 0.107369 0.87617 0.0373864 0.0854116
0 0.112008 0.819547 0.0380595 0.109553
2 0.17837 0.496499 0.0490675 0.0691574
2 0.396589 0.461869 0.0321375 0.0639377
3 0.163814 0.889652 0.0329812 0.0849823
2 0.264285 0.504344 0.0410537 0.0792794
2 0.440213 0.551771 0.0470316 0.087961
2 0.342604 0.609504 0.0540428 0.12888
2 0.0751402 0.63058 0.0824391 0.107655
5 0.487368 0.465616 0.0421117 0.123267
5 0.344525 0.45682 0.0366423 0.111538
2 0.451552 0.441695 0.0305849 0.0562764
7 0.344543 0.457196 0.0368382 0.111735
7 0.935889 0.751436 0.121965 0.234613
7 0.562133 0.948702 0.128734 0.0960097
7 0.487253 0.46585 0.0421752 0.122116
2 0.293832 0.38206 0.0226574 0.0428372
0 0.367835 0.527256 0.019956 0.0737044
7 0.395728 0.294466 0.0318423 0.0688877
2 0.105543 0.590889 0.0662424 0.0984673
0 0.273633 0.429076 0.0136919 0.0492417
2 0.43709 0.418476 0.0289131 0.0550142
2 0.951403 0.506394 0.0657757 0.0794777
0 0.298437 0.470453 0.0153035 0.0575832
2 0.94868 0.788875 0.0550629 0.135322
2 0.875495 0.48789 0.06493 0.132045
