2 0.0357557 0.7142 0.0709743 0.140815
2 0.329232 0.724695 0.0734137 0.151836
2 0.451035 0.434974 0.0373932 0.0569116
2 0.192544 0.757278 0.0876574 0.182051
7 0.198447 0.421342 0.0587688 0.111878
2 0.0725902 0.626435 0.0807228 0.104874
2 0.287669 0.483107 0.0483725 0.0762472
2 0.509343 0.592565 0.0628151 0.097611
7 0.405638 0.451635 0.042153 0.117998
5 0.797512 0.425089 0.120126 0.1458
2 0.308893 0.417606 0.0334707 0.0494865
7 0.369012 0.595985 0.0754055 0.173809
0 0.184361 0.628982 0.0295694 0.0875133
2 0.179039 0.492373 0.0472736 0.0713874
7 0.364505 0.379893 0.0321434 0.0880069
0 0.224346 0.494373 0.0159805 0.063482
2 0.10556 0.585816 0.065341 0.094357
7 0.331057 0.959986 0.110773 0.0784444
2 0.702695 0.41477 0.0400299 0.0283512
2 0.67941 0.3751 0.0278494 0.0354165
2 0.300263 0.383019 0.0248477 0.0514787
7 0.428823 0.377048 0.0281148 0.0923786
2 0.339437 0.333363 0.017312 0.0309661
7 0.42267 0.370444 0.0391242 0.105816
2 0.0357557 0.7142 0.0709743 0.140815
2 0.329232 0.724695 0.0734137 0.151836
2 0.451035 0.434974 0.0373932 0.0569116
2 0.192544 0.757278 0.0876574 0.182051
7 0.198447 0.421342 0.0587688 0.111878
2 0.0725902 0.626435 0.0807228 0.104874
2 0.287669 0.483107 0.0483725 0.0762472
2 0.509343 0.592565 0.0628151 0.097611
7 0.405638 0.451635 0.042153 0.117998
5 0.797512 0.425089 0.120126 0.1458
2 0.308893 0.417606 0.0334707 0.0494865
7 0.369012 0.595985 0.0754055 0.173809
0 0.184361 0.628982 0.0295694 0.0875133
2 0.179039 0.492373 0.0472736 0.0713874
7 0.364505 0.379893 0.0321434 0.0880069
0 0.224346 0.494373 0.0159805 0.063482
2 0.10556 0.585816 0.065341 0.094357
7 0.331057 0.959986 0.110773 0.0784444
2 0.702695 0.41477 0.0400299 0.0283512
2 0.67941 0.3751 0.0278494 0.0354165
2 0.300263 0.383019 0.0248477 0.0514787
7 0.428823 0.377048 0.0281148 0.0923786
2 0.339437 0.333363 0.017312 0.0309661
7 0.42267 0.370444 0.0391242 0.105816
2 0.31178 0.30297 0.0160028 0.0326508
7 0.381927 0.326027 0.021909 0.0578864
2 0.404211 0.3149 0.0222893 0.039027
2 0.898212 0.716072 0.0490196 0.0509072
2 0.310557 0.337378 0.0137719 0.0334789
2 0.0357557 0.7142 0.0709743 0.140815
2 0.329232 0.724695 0.0734137 0.151836
2 0.451035 0.434974 0.0373932 0.0569116
2 0.192544 0.757278 0.0876574 0.182051
7 0.198447 0.421342 0.0587688 0.111878
2 0.0725902 0.626435 0.0807228 0.104874
2 0.287669 0.483107 0.0483725 0.0762472
2 0.509343 0.592565 0.0628151 0.097611
7 0.405638 0.451635 0.042153 0.117998
5 0.797512 0.425089 0.120126 0.1458
2 0.308893 0.417606 0.0334707 0.0494865
7 0.369012 0.595985 0.0754055 0.173809
0 0.184361 0.628982 0.0295694 0.0875133
2 0.179039 0.492373 0.0472736 0.0713874
7 0.364505 0.379893 0.0321434 0.0880069
0 0.224346 0.494373 0.0159805 0.063482
2 0.10556 0.585816 0.065341 0.094357
7 0.331057 0.959986 0.110773 0.0784444
2 0.702695 0.41477 0.0400299 0.0283512
2 0.67941 0.3751 0.0278494 0.0354165
2 0.300263 0.383019 0.0248477 0.0514787
7 0.428823 0.377048 0.0281148 0.0923786
2 0.339437 0.333363 0.017312 0.0309661
7 0.42267 0.370444 0.0391242 0.105816
2 0.31178 0.30297 0.0160028 0.0326508
7 0.381927 0.326027 0.021909 0.0578864
2 0.404211 0.3149 0.0222893 0.039027
2 0.898212 0.716072 0.0490196 0.0509072
2 0.310557 0.337378 0.0137719 0.0334789
2 0.0357557 0.7142 0.0709743 0.140815
2 0.329232 0.724695 0.0734137 0.151836
2 0.451035 0.434974 0.0373932 0.0569116
2 0.192544 0.757278 0.0876574 0.182051
7 0.198447 0.421342 0.0587688 0.111878
2 0.0725902 0.626435 0.0807228 0.104874
2 0.287669 0.483107 0.0483725 0.0762472
2 0.509343 0.592565 0.0628151 0.097611
7 0.405638 0.451635 0.042153 0.117998
5 0.797512 0.425089 0.120126 0.1458
2 0.308893 0.417606 0.0334707 0.0494865
7 0.369012 0.595985 0.0754055 0.173809
0 0.184361 0.628982 0.0295694 0.0875133
2 0.179039 0.492373 0.0472736 0.0713874
7 0.364505 0.379893 0.0321434 0.0880069
0 0.224346 0.494373 0.0159805 0.063482
2 0.10556 0.585816 0.065341 0.094357
7 0.331057 0.959986 0.110773 0.0784444
2 0.702695 0.41477 0.0400299 0.0283512
2 0.67941 0.3751 0.0278494 0.0354165
2 0.300263 0.383019 0.0248477 0.0514787
7 0.428823 0.377048 0.0281148 0.0923786
2 0.339437 0.333363 0.017312 0.0309661
7 0.42267 0.370444 0.0391242 0.105816
2 0.31178 0.30297 0.0160028 0.0326508
7 0.381927 0.326027 0.021909 0.0578864
2 0.404211 0.3149 0.0222893 0.039027
2 0.898212 0.716072 0.0490196 0.0509072
2 0.310557 0.337378 0.0137719 0.0334789
2 0.0357557 0.7142 0.0709743 0.140815
2 0.329232 0.724695 0.0734137 0.151836
2 0.451035 0.434974 0.0373932 0.0569116
2 0.192544 0.757278 0.0876574 0.182051
7 0.198447 0.421342 0.0587688 0.111878
2 0.0725902 0.626435 0.0807228 0.104874
2 0.287669 0.483107 0.0483725 0.0762472
2 0.509343 0.592565 0.0628151 0.097611
7 0.405638 0.451635 0.042153 0.117998
5 0.797512 0.425089 0.120126 0.1458
2 0.308893 0.417606 0.0334707 0.0494865
7 0.369012 0.595985 0.0754055 0.173809
0 0.184361 0.628982 0.0295694 0.0875133
2 0.179039 0.492373 0.0472736 0.0713874
7 0.364505 0.379893 0.0321434 0.0880069
0 0.224346 0.494373 0.0159805 0.063482
2 0.10556 0.585816 0.065341 0.094357
7 0.331057 0.959986 0.110773 0.0784444
2 0.702695 0.41477 0.0400299 0.0283512
2 0.67941 0.3751 0.0278494 0.0354165
2 0.300263 0.383019 0.0248477 0.0514787
7 0.428823 0.377048 0.0281148 0.0923786
2 0.339437 0.333363 0.017312 0.0309661
7 0.42267 0.370444 0.0391242 0.105816
2 0.31178 0.30297 0.0160028 0.0326508
7 0.381927 0.326027 0.021909 0.0578864
2 0.404211 0.3149 0.0222893 0.039027
2 0.898212 0.716072 0.0490196 0.0509072
2 0.310557 0.337378 0.0137719 0.0334789
2 0.0357557 0.7142 0.0709743 0.140815
2 0.329232 0.724695 0.0734137 0.151836
2 0.451035 0.434974 0.0373932 0.0569116
2 0.192544 0.757278 0.0876574 0.182051
7 0.198447 0.421342 0.0587688 0.111878
2 0.0725902 0.626435 0.0807228 0.104874
2 0.287669 0.483107 0.0483725 0.0762472
2 0.509343 0.592565 0.0628151 0.097611
7 0.405638 0.451635 0.042153 0.117998
5 0.797512 0.425089 0.120126 0.1458
2 0.308893 0.417606 0.0334707 0.0494865
7 0.369012 0.595985 0.0754055 0.173809
0 0.184361 0.628982 0.0295694 0.0875133
2 0.179039 0.492373 0.0472736 0.0713874
7 0.364505 0.379893 0.0321434 0.0880069
0 0.224346 0.494373 0.0159805 0.063482
2 0.10556 0.585816 0.065341 0.094357
7 0.331057 0.959986 0.110773 0.0784444
2 0.702695 0.41477 0.0400299 0.0283512
2 0.67941 0.3751 0.0278494 0.0354165
2 0.300263 0.383019 0.0248477 0.0514787
7 0.428823 0.377048 0.0281148 0.0923786
2 0.339437 0.333363 0.017312 0.0309661
7 0.42267 0.370444 0.0391242 0.105816
2 0.31178 0.30297 0.0160028 0.0326508
7 0.381927 0.326027 0.021909 0.0578864
2 0.404211 0.3149 0.0222893 0.039027
2 0.898212 0.716072 0.0490196 0.0509072
2 0.310557 0.337378 0.0137719 0.0334789
2 0.0357557 0.7142 0.0709743 0.140815
2 0.329232 0.724695 0.0734137 0.151836
2 0.451035 0.434974 0.0373932 0.0569116
2 0.192544 0.757278 0.0876574 0.182051
7 0.198447 0.421342 0.0587688 0.111878
2 0.0725902 0.626435 0.0807228 0.104874
2 0.287669 0.483107 0.0483725 0.0762472
2 0.509343 0.592565 0.0628151 0.097611
7 0.405638 0.451635 0.042153 0.117998
5 0.797512 0.425089 0.120126 0.1458
2 0.308893 0.417606 0.0334707 0.0494865
7 0.369012 0.595985 0.0754055 0.173809
0 0.184361 0.628982 0.0295694 0.0875133
2 0.179039 0.492373 0.0472736 0.0713874
7 0.364505 0.379893 0.0321434 0.0880069
0 0.224346 0.494373 0.0159805 0.063482
2 0.10556 0.585816 0.065341 0.094357
7 0.331057 0.959986 0.110773 0.0784444
2 0.702695 0.41477 0.0400299 0.0283512
2 0.67941 0.3751 0.0278494 0.0354165
2 0.300263 0.383019 0.0248477 0.0514787
7 0.428823 0.377048 0.0281148 0.0923786
2 0.339437 0.333363 0.017312 0.0309661
7 0.42267 0.370444 0.0391242 0.105816
2 0.31178 0.30297 0.0160028 0.0326508
7 0.381927 0.326027 0.021909 0.0578864
2 0.404211 0.3149 0.0222893 0.039027
2 0.898212 0.716072 0.0490196 0.0509072
2 0.310557 0.337378 0.0137719 0.0334789
2 0.0357557 0.7142 0.0709743 0.140815
2 0.329232 0.724695 0.0734137 0.151836
2 0.451035 0.434974 0.0373932 0.0569116
2 0.192544 0.757278 0.0876574 0.182051
7 0.198447 0.421342 0.0587688 0.111878
2 0.0725902 0.626435 0.0807228 0.104874
2 0.287669 0.483107 0.0483725 0.0762472
2 0.509343 0.592565 0.0628151 0.097611
7 0.405638 0.451635 0.042153 0.117998
5 0.797512 0.425089 0.120126 0.1458
2 0.308893 0.417606 0.0334707 0.0494865
7 0.369012 0.595985 0.0754055 0.173809
0 0.184361 0.628982 0.0295694 0.0875133
2 0.179039 0.492373 0.0472736 0.0713874
7 0.364505 0.379893 0.0321434 0.0880069
0 0.224346 0.494373 0.0159805 0.063482
2 0.10556 0.585816 0.065341 0.094357
7 0.331057 0.959986 0.110773 0.0784444
2 0.702695 0.41477 0.0400299 0.0283512
2 0.67941 0.3751 0.0278494 0.0354165
2 0.300263 0.383019 0.0248477 0.0514787
7 0.428823 0.377048 0.0281148 0.0923786
2 0.339437 0.333363 0.017312 0.0309661
7 0.42267 0.370444 0.0391242 0.105816
2 0.31178 0.30297 0.0160028 0.0326508
7 0.381927 0.326027 0.021909 0.0578864
2 0.404211 0.3149 0.0222893 0.039027
2 0.898212 0.716072 0.0490196 0.0509072
2 0.310557 0.337378 0.0137719 0.0334789
2 0.0357557 0.7142 0.0709743 0.140815
2 0.329232 0.724695 0.0734137 0.151836
2 0.451035 0.434974 0.0373932 0.0569116
2 0.192544 0.757278 0.0876574 0.182051
7 0.198447 0.421342 0.0587688 0.111878
2 0.0725902 0.626435 0.0807228 0.104874
2 0.287669 0.483107 0.0483725 0.0762472
2 0.509343 0.592565 0.0628151 0.097611
7 0.405638 0.451635 0.042153 0.117998
5 0.797512 0.425089 0.120126 0.1458
2 0.308893 0.417606 0.0334707 0.0494865
7 0.369012 0.595985 0.0754055 0.173809
0 0.184361 0.628982 0.0295694 0.0875133
2 0.179039 0.492373 0.0472736 0.0713874
7 0.364505 0.379893 0.0321434 0.0880069
0 0.224346 0.494373 0.0159805 0.063482
2 0.10556 0.585816 0.065341 0.094357
7 0.331057 0.959986 0.110773 0.0784444
2 0.702695 0.41477 0.0400299 0.0283512
2 0.67941 0.3751 0.0278494 0.0354165
2 0.300263 0.383019 0.0248477 0.0514787
7 0.428823 0.377048 0.0281148 0.0923786
2 0.339437 0.333363 0.017312 0.0309661
7 0.42267 0.370444 0.0391242 0.105816
2 0.31178 0.30297 0.0160028 0.0326508
7 0.381927 0.326027 0.021909 0.0578864
2 0.404211 0.3149 0.0222893 0.039027
2 0.898212 0.716072 0.0490196 0.0509072
2 0.310557 0.337378 0.0137719 0.0334789
2 0.0357557 0.7142 0.0709743 0.140815
2 0.329232 0.724695 0.0734137 0.151836
2 0.451035 0.434974 0.0373932 0.0569116
2 0.192544 0.757278 0.0876574 0.182051
7 0.198447 0.421342 0.0587688 0.111878
2 0.0725902 0.626435 0.0807228 0.104874
2 0.287669 0.483107 0.0483725 0.0762472
2 0.509343 0.592565 0.0628151 0.097611
7 0.405638 0.451635 0.042153 0.117998
5 0.797512 0.425089 0.120126 0.1458
2 0.308893 0.417606 0.0334707 0.0494865
7 0.369012 0.595985 0.0754055 0.173809
0 0.184361 0.628982 0.0295694 0.0875133
2 0.179039 0.492373 0.0472736 0.0713874
7 0.364505 0.379893 0.0321434 0.0880069
0 0.224346 0.494373 0.0159805 0.063482
2 0.10556 0.585816 0.065341 0.094357
7 0.331057 0.959986 0.110773 0.0784444
2 0.702695 0.41477 0.0400299 0.0283512
2 0.67941 0.3751 0.0278494 0.0354165
2 0.300263 0.383019 0.0248477 0.0514787
7 0.428823 0.377048 0.0281148 0.0923786
2 0.339437 0.333363 0.017312 0.0309661
7 0.42267 0.370444 0.0391242 0.105816
2 0.31178 0.30297 0.0160028 0.0326508
7 0.381927 0.326027 0.021909 0.0578864
2 0.404211 0.3149 0.0222893 0.039027
2 0.898212 0.716072 0.0490196 0.0509072
2 0.310557 0.337378 0.0137719 0.0334789
