7 0.385423 0.58059 0.0850075 0.222448
2 0.645031 0.840164 0.108781 0.183128
2 0.389988 0.831051 0.0855416 0.192084
7 0.278705 0.710195 0.0945159 0.279123
2 0.180421 0.736793 0.0988549 0.147231
2 0.503222 0.791131 0.0805807 0.159474
2 0.441853 0.944304 0.141388 0.106877
2 0.497075 0.638337 0.0689734 0.114609
7 0.196495 0.42469 0.0633262 0.110633
0 0.166889 0.901866 0.0465357 0.12596
2 0.0356627 0.71477 0.0710387 0.131326
3 0.161277 0.956552 0.0355756 0.0812073
2 0.0741239 0.632047 0.0800216 0.110367
0 0.137862 0.696839 0.0286315 0.11675
2 0.219142 0.570435 0.0531049 0.0956001
2 0.500919 0.530844 0.0496164 0.0994976
0 0.051107 0.808863 0.0394933 0.105805
7 0.438874 0.38078 0.0497149 0.113851
7 0.916315 0.699027 0.164232 0.268289
2 0.178078 0.496197 0.0483196 0.0680828
3 0.0455352 0.85717 0.0327648 0.072286
2 0.313476 0.380998 0.024818 0.0443268
2 0.284783 0.489097 0.035191 0.0654249
7 0.358802 0.402638 0.0324844 0.0817076
2 0.469042 0.459331 0.0343922 0.0670415
2 0.104244 0.589231 0.0660025 0.0960629
2 0.388992 0.38473 0.0278633 0.0448185
5 0.440918 0.382558 0.0466656 0.112007
0 0.271657 0.5518 0.0193847 0.0466395
2 0.339806 0.45723 0.0370166 0.0622562
3 0.0223268 0.97053 0.0445694 0.0568992
0 0.318898 0.293503 0.00730944 0.0325567
2 0.373356 0.45756 0.032056 0.030563
7 0.728141 0.397647 0.0593729 0.0726362
