0 0.0576082 0.703174 0.108708 0.133081
3 0.801121 0.483854 0.0837565 0.0886698
3 0.472714 0.479624 0.0864271 0.0811844
3 0.899511 0.591064 0.116469 0.103658
0 0.0641476 0.354095 0.0766811 0.0808874
2 0.657086 0.0893509 0.0689836 0.0361377
0 0.553907 0.317153 0.0623893 0.0735477
1 0.057365 0.757134 0.103558 0.113575
0 0.710608 0.275454 0.0584641 0.05526
3 0.554841 0.34066 0.0599692 0.0600446
3 0.0496255 0.374186 0.0502057 0.0566018
3 0.399776 0.165965 0.0298889 0.0269117
3 0.284391 0.30954 0.0559088 0.0537315
3 0.707985 0.296368 0.0525379 0.0516969
3 0.530141 0.147126 0.0291138 0.0264517
3 0.471241 0.223879 0.0353784 0.0383282
3 0.553822 0.110626 0.0291632 0.0252125
0 0.399079 0.149711 0.0282129 0.028257
0 0.896895 0.556309 0.113213 0.105368
0 0.798821 0.43299 0.0757385 0.043844
0 0.473003 0.455541 0.0862415 0.0919086
0 0.282113 0.288464 0.0588467 0.0510505
3 0.449178 0.0956528 0.0212704 0.0261625
0 0.469859 0.197077 0.0404763 0.0226827
0 0.472553 0.430488 0.0814084 0.0428467
0 0.47059 0.205208 0.0430277 0.0390927
0 0.894481 0.529524 0.0876602 0.0515014
2 0.596214 0.0314496 0.048262 0.0178677
3 0.510288 0.116085 0.0248006 0.0219751
0 0.79946 0.454574 0.0809082 0.0869381
0 0.0384788 0.277249 0.0427011 0.0655286
3 0.531195 0.141241 0.0279953 0.037899
0 0.710244 0.264179 0.0546929 0.0323725
3 0.569666 0.0733838 0.0295052 0.0234077
3 0.511646 0.0444329 0.0214975 0.0224652
0 0.283006 0.281383 0.0559166 0.0370601
0 0.530531 0.135179 0.0267658 0.0261405
0 0.0576082 0.703174 0.108708 0.133081
3 0.801121 0.483854 0.0837565 0.0886698
3 0.472714 0.479624 0.0864271 0.0811844
3 0.899511 0.591064 0.116469 0.103658
0 0.0641476 0.354095 0.0766811 0.0808874
2 0.657086 0.0893509 0.0689836 0.0361377
0 0.553907 0.317153 0.0623893 0.0735477
1 0.057365 0.757134 0.103558 0.113575
0 0.710608 0.275454 0.0584641 0.05526
3 0.554841 0.34066 0.0599692 0.0600446
3 0.0496255 0.374186 0.0502057 0.0566018
3 0.399776 0.165965 0.0298889 0.0269117
3 0.284391 0.30954 0.0559088 0.0537315
3 0.707985 0.296368 0.0525379 0.0516969
3 0.530141 0.147126 0.0291138 0.0264517
3 0.471241 0.223879 0.0353784 0.0383282
3 0.553822 0.110626 0.0291632 0.0252125
0 0.399079 0.149711 0.0282129 0.028257
0 0.896895 0.556309 0.113213 0.105368
0 0.798821 0.43299 0.0757385 0.043844
0 0.473003 0.455541 0.0862415 0.0919086
0 0.282113 0.288464 0.0588467 0.0510505
3 0.449178 0.0956528 0.0212704 0.0261625
0 0.469859 0.197077 0.0404763 0.0226827
0 0.472553 0.430488 0.0814084 0.0428467
0 0.47059 0.205208 0.0430277 0.0390927
0 0.894481 0.529524 0.0876602 0.0515014
2 0.596214 0.0314496 0.048262 0.0178677
3 0.510288 0.116085 0.0248006 0.0219751
0 0.79946 0.454574 0.0809082 0.0869381
0 0.0384788 0.277249 0.0427011 0.0655286
3 0.531195 0.141241 0.0279953 0.037899
0 0.710244 0.264179 0.0546929 0.0323725
3 0.569666 0.0733838 0.0295052 0.0234077
3 0.511646 0.0444329 0.0214975 0.0224652
0 0.283006 0.281383 0.0559166 0.0370601
0 0.530531 0.135179 0.0267658 0.0261405
