2 0.839982 0.802015 0.318709 0.327773
0 0.567934 0.503102 0.0905463 0.100022
3 0.636069 0.434335 0.0810971 0.0823915
3 0.169637 0.628533 0.098253 0.0971299
0 0.171083 0.58953 0.0983507 0.118342
0 0.135313 0.426844 0.0753302 0.0803098
3 0.558746 0.294419 0.0516242 0.0504785
3 0.462272 0.388474 0.0670895 0.0702229
3 0.573188 0.538114 0.0823663 0.0812194
0 0.557802 0.271372 0.0521464 0.0609411
0 0.0313587 0.363334 0.0627173 0.0816153
3 0.60286 0.242212 0.0506575 0.046073
3 0.134281 0.453904 0.0688965 0.0711605
3 0.704665 0.209908 0.0409454 0.034373
3 0.422917 0.523394 0.0876475 0.0734517
3 0.510468 0.197803 0.0452063 0.0324067
0 0.422639 0.496426 0.100988 0.0798266
3 0.469631 0.163107 0.0341828 0.028313
0 0.426949 0.460092 0.0662905 0.0358017
0 0.462498 0.351485 0.0706453 0.0482075
0 0.510278 0.187188 0.0407474 0.0460172
0 0.604167 0.222695 0.0526182 0.0448256
0 0.632912 0.389152 0.0655732 0.0354139
0 0.635201 0.207582 0.0440537 0.0427102
0 0.462465 0.365211 0.071112 0.0767914
3 0.414684 0.11322 0.0254876 0.0252522
0 0.702938 0.196231 0.0433231 0.0416684
3 0.015908 0.386235 0.0309583 0.0511226
3 0.637119 0.222707 0.0357658 0.0365387
3 0.52737 0.104849 0.034687 0.02549
3 0.498624 0.134946 0.026354 0.034393
0 0.636651 0.40427 0.076231 0.0662367
3 0.469724 0.154928 0.0343146 0.0380666
3 0.420233 0.11178 0.0392309 0.0287056
0 0.171995 0.560387 0.0950659 0.0614849
3 0.604775 0.223614 0.0571659 0.0427955
0 0.421203 0.0980621 0.0297488 0.0258074
3 0.523425 0.107729 0.0286479 0.0265986
2 0.839982 0.802015 0.318709 0.327773
0 0.567934 0.503102 0.0905463 0.100022
3 0.636069 0.434335 0.0810971 0.0823915
3 0.169637 0.628533 0.098253 0.0971299
0 0.171083 0.58953 0.0983507 0.118342
0 0.135313 0.426844 0.0753302 0.0803098
3 0.558746 0.294419 0.0516242 0.0504785
3 0.462272 0.388474 0.0670895 0.0702229
3 0.573188 0.538114 0.0823663 0.0812194
0 0.557802 0.271372 0.0521464 0.0609411
0 0.0313587 0.363334 0.0627173 0.0816153
3 0.60286 0.242212 0.0506575 0.046073
3 0.134281 0.453904 0.0688965 0.0711605
3 0.704665 0.209908 0.0409454 0.034373
3 0.422917 0.523394 0.0876475 0.0734517
3 0.510468 0.197803 0.0452063 0.0324067
0 0.422639 0.496426 0.100988 0.0798266
3 0.469631 0.163107 0.0341828 0.028313
0 0.426949 0.460092 0.0662905 0.0358017
0 0.462498 0.351485 0.0706453 0.0482075
0 0.510278 0.187188 0.0407474 0.0460172
0 0.604167 0.222695 0.0526182 0.0448256
0 0.632912 0.389152 0.0655732 0.0354139
0 0.635201 0.207582 0.0440537 0.0427102
0 0.462465 0.365211 0.071112 0.0767914
3 0.414684 0.11322 0.0254876 0.0252522
0 0.702938 0.196231 0.0433231 0.0416684
3 0.015908 0.386235 0.0309583 0.0511226
3 0.637119 0.222707 0.0357658 0.0365387
3 0.52737 0.104849 0.034687 0.02549
3 0.498624 0.134946 0.026354 0.034393
0 0.636651 0.40427 0.076231 0.0662367
3 0.469724 0.154928 0.0343146 0.0380666
3 0.420233 0.11178 0.0392309 0.0287056
0 0.171995 0.560387 0.0950659 0.0614849
3 0.604775 0.223614 0.0571659 0.0427955
0 0.421203 0.0980621 0.0297488 0.0258074
3 0.523425 0.107729 0.0286479 0.0265986
2 0.839982 0.802015 0.318709 0.327773
0 0.567934 0.503102 0.0905463 0.100022
3 0.636069 0.434335 0.0810971 0.0823915
3 0.169637 0.628533 0.098253 0.0971299
0 0.171083 0.58953 0.0983507 0.118342
0 0.135313 0.426844 0.0753302 0.0803098
3 0.558746 0.294419 0.0516242 0.0504785
3 0.462272 0.388474 0.0670895 0.0702229
3 0.573188 0.538114 0.0823663 0.0812194
0 0.557802 0.271372 0.0521464 0.0609411
0 0.0313587 0.363334 0.0627173 0.0816153
3 0.60286 0.242212 0.0506575 0.046073
3 0.134281 0.453904 0.0688965 0.0711605
3 0.704665 0.209908 0.0409454 0.034373
3 0.422917 0.523394 0.0876475 0.0734517
3 0.510468 0.197803 0.0452063 0.0324067
0 0.422639 0.496426 0.100988 0.0798266
3 0.469631 0.163107 0.0341828 0.028313
0 0.426949 0.460092 0.0662905 0.0358017
0 0.462498 0.351485 0.0706453 0.0482075
0 0.510278 0.187188 0.0407474 0.0460172
0 0.604167 0.222695 0.0526182 0.0448256
0 0.632912 0.389152 0.0655732 0.0354139
0 0.635201 0.207582 0.0440537 0.0427102
0 0.462465 0.365211 0.071112 0.0767914
3 0.414684 0.11322 0.0254876 0.0252522
0 0.702938 0.196231 0.0433231 0.0416684
3 0.015908 0.386235 0.0309583 0.0511226
3 0.637119 0.222707 0.0357658 0.0365387
3 0.52737 0.104849 0.034687 0.02549
3 0.498624 0.134946 0.026354 0.034393
0 0.636651 0.40427 0.076231 0.0662367
3 0.469724 0.154928 0.0343146 0.0380666
3 0.420233 0.11178 0.0392309 0.0287056
0 0.171995 0.560387 0.0950659 0.0614849
3 0.604775 0.223614 0.0571659 0.0427955
0 0.421203 0.0980621 0.0297488 0.0258074
3 0.523425 0.107729 0.0286479 0.0265986
2 0.839982 0.802015 0.318709 0.327773
0 0.567934 0.503102 0.0905463 0.100022
3 0.636069 0.434335 0.0810971 0.0823915
3 0.169637 0.628533 0.098253 0.0971299
0 0.171083 0.58953 0.0983507 0.118342
0 0.135313 0.426844 0.0753302 0.0803098
3 0.558746 0.294419 0.0516242 0.0504785
3 0.462272 0.388474 0.0670895 0.0702229
3 0.573188 0.538114 0.0823663 0.0812194
0 0.557802 0.271372 0.0521464 0.0609411
0 0.0313587 0.363334 0.0627173 0.0816153
3 0.60286 0.242212 0.0506575 0.046073
3 0.134281 0.453904 0.0688965 0.0711605
3 0.704665 0.209908 0.0409454 0.034373
3 0.422917 0.523394 0.0876475 0.0734517
3 0.510468 0.197803 0.0452063 0.0324067
0 0.422639 0.496426 0.100988 0.0798266
3 0.469631 0.163107 0.0341828 0.028313
0 0.426949 0.460092 0.0662905 0.0358017
0 0.462498 0.351485 0.0706453 0.0482075
0 0.510278 0.187188 0.0407474 0.0460172
0 0.604167 0.222695 0.0526182 0.0448256
0 0.632912 0.389152 0.0655732 0.0354139
0 0.635201 0.207582 0.0440537 0.0427102
0 0.462465 0.365211 0.071112 0.0767914
3 0.414684 0.11322 0.0254876 0.0252522
0 0.702938 0.196231 0.0433231 0.0416684
3 0.015908 0.386235 0.0309583 0.0511226
3 0.637119 0.222707 0.0357658 0.0365387
3 0.52737 0.104849 0.034687 0.02549
3 0.498624 0.134946 0.026354 0.034393
0 0.636651 0.40427 0.076231 0.0662367
3 0.469724 0.154928 0.0343146 0.0380666
3 0.420233 0.11178 0.0392309 0.0287056
0 0.171995 0.560387 0.0950659 0.0614849
3 0.604775 0.223614 0.0571659 0.0427955
0 0.421203 0.0980621 0.0297488 0.0258074
3 0.523425 0.107729 0.0286479 0.0265986
2 0.839982 0.802015 0.318709 0.327773
0 0.567934 0.503102 0.0905463 0.100022
3 0.636069 0.434335 0.0810971 0.0823915
3 0.169637 0.628533 0.098253 0.0971299
0 0.171083 0.58953 0.0983507 0.118342
0 0.135313 0.426844 0.0753302 0.0803098
3 0.558746 0.294419 0.0516242 0.0504785
3 0.462272 0.388474 0.0670895 0.0702229
3 0.573188 0.538114 0.0823663 0.0812194
0 0.557802 0.271372 0.0521464 0.0609411
0 0.0313587 0.363334 0.0627173 0.0816153
3 0.60286 0.242212 0.0506575 0.046073
3 0.134281 0.453904 0.0688965 0.0711605
3 0.704665 0.209908 0.0409454 0.034373
3 0.422917 0.523394 0.0876475 0.0734517
3 0.510468 0.197803 0.0452063 0.0324067
0 0.422639 0.496426 0.100988 0.0798266
3 0.469631 0.163107 0.0341828 0.028313
0 0.426949 0.460092 0.0662905 0.0358017
0 0.462498 0.351485 0.0706453 0.0482075
0 0.510278 0.187188 0.0407474 0.0460172
0 0.604167 0.222695 0.0526182 0.0448256
0 0.632912 0.389152 0.0655732 0.0354139
0 0.635201 0.207582 0.0440537 0.0427102
0 0.462465 0.365211 0.071112 0.0767914
3 0.414684 0.11322 0.0254876 0.0252522
0 0.702938 0.196231 0.0433231 0.0416684
3 0.015908 0.386235 0.0309583 0.0511226
3 0.637119 0.222707 0.0357658 0.0365387
3 0.52737 0.104849 0.034687 0.02549
3 0.498624 0.134946 0.026354 0.034393
0 0.636651 0.40427 0.076231 0.0662367
3 0.469724 0.154928 0.0343146 0.0380666
3 0.420233 0.11178 0.0392309 0.0287056
0 0.171995 0.560387 0.0950659 0.0614849
3 0.604775 0.223614 0.0571659 0.0427955
0 0.421203 0.0980621 0.0297488 0.0258074
3 0.523425 0.107729 0.0286479 0.0265986
2 0.839982 0.802015 0.318709 0.327773
0 0.567934 0.503102 0.0905463 0.100022
3 0.636069 0.434335 0.0810971 0.0823915
3 0.169637 0.628533 0.098253 0.0971299
0 0.171083 0.58953 0.0983507 0.118342
0 0.135313 0.426844 0.0753302 0.0803098
3 0.558746 0.294419 0.0516242 0.0504785
3 0.462272 0.388474 0.0670895 0.0702229
3 0.573188 0.538114 0.0823663 0.0812194
0 0.557802 0.271372 0.0521464 0.0609411
0 0.0313587 0.363334 0.0627173 0.0816153
3 0.60286 0.242212 0.0506575 0.046073
3 0.134281 0.453904 0.0688965 0.0711605
3 0.704665 0.209908 0.0409454 0.034373
3 0.422917 0.523394 0.0876475 0.0734517
3 0.510468 0.197803 0.0452063 0.0324067
0 0.422639 0.496426 0.100988 0.0798266
3 0.469631 0.163107 0.0341828 0.028313
0 0.426949 0.460092 0.0662905 0.0358017
0 0.462498 0.351485 0.0706453 0.0482075
0 0.510278 0.187188 0.0407474 0.0460172
0 0.604167 0.222695 0.0526182 0.0448256
0 0.632912 0.389152 0.0655732 0.0354139
0 0.635201 0.207582 0.0440537 0.0427102
0 0.462465 0.365211 0.071112 0.0767914
3 0.414684 0.11322 0.0254876 0.0252522
0 0.702938 0.196231 0.0433231 0.0416684
3 0.015908 0.386235 0.0309583 0.0511226
3 0.637119 0.222707 0.0357658 0.0365387
3 0.52737 0.104849 0.034687 0.02549
3 0.498624 0.134946 0.026354 0.034393
0 0.636651 0.40427 0.076231 0.0662367
3 0.469724 0.154928 0.0343146 0.0380666
3 0.420233 0.11178 0.0392309 0.0287056
0 0.171995 0.560387 0.0950659 0.0614849
3 0.604775 0.223614 0.0571659 0.0427955
0 0.421203 0.0980621 0.0297488 0.0258074
3 0.523425 0.107729 0.0286479 0.0265986
2 0.839982 0.802015 0.318709 0.327773
0 0.567934 0.503102 0.0905463 0.100022
3 0.636069 0.434335 0.0810971 0.0823915
3 0.169637 0.628533 0.098253 0.0971299
0 0.171083 0.58953 0.0983507 0.118342
0 0.135313 0.426844 0.0753302 0.0803098
3 0.558746 0.294419 0.0516242 0.0504785
3 0.462272 0.388474 0.0670895 0.0702229
3 0.573188 0.538114 0.0823663 0.0812194
0 0.557802 0.271372 0.0521464 0.0609411
0 0.0313587 0.363334 0.0627173 0.0816153
3 0.60286 0.242212 0.0506575 0.046073
3 0.134281 0.453904 0.0688965 0.0711605
3 0.704665 0.209908 0.0409454 0.034373
3 0.422917 0.523394 0.0876475 0.0734517
3 0.510468 0.197803 0.0452063 0.0324067
0 0.422639 0.496426 0.100988 0.0798266
3 0.469631 0.163107 0.0341828 0.028313
0 0.426949 0.460092 0.0662905 0.0358017
0 0.462498 0.351485 0.0706453 0.0482075
0 0.510278 0.187188 0.0407474 0.0460172
0 0.604167 0.222695 0.0526182 0.0448256
0 0.632912 0.389152 0.0655732 0.0354139
0 0.635201 0.207582 0.0440537 0.0427102
0 0.462465 0.365211 0.071112 0.0767914
3 0.414684 0.11322 0.0254876 0.0252522
0 0.702938 0.196231 0.0433231 0.0416684
3 0.015908 0.386235 0.0309583 0.0511226
3 0.637119 0.222707 0.0357658 0.0365387
3 0.52737 0.104849 0.034687 0.02549
3 0.498624 0.134946 0.026354 0.034393
0 0.636651 0.40427 0.076231 0.0662367
3 0.469724 0.154928 0.0343146 0.0380666
3 0.420233 0.11178 0.0392309 0.0287056
0 0.171995 0.560387 0.0950659 0.0614849
3 0.604775 0.223614 0.0571659 0.0427955
0 0.421203 0.0980621 0.0297488 0.0258074
3 0.523425 0.107729 0.0286479 0.0265986
2 0.839982 0.802015 0.318709 0.327773
0 0.567934 0.503102 0.0905463 0.100022
3 0.636069 0.434335 0.0810971 0.0823915
3 0.169637 0.628533 0.098253 0.0971299
0 0.171083 0.58953 0.0983507 0.118342
0 0.135313 0.426844 0.0753302 0.0803098
3 0.558746 0.294419 0.0516242 0.0504785
3 0.462272 0.388474 0.0670895 0.0702229
3 0.573188 0.538114 0.0823663 0.0812194
0 0.557802 0.271372 0.0521464 0.0609411
0 0.0313587 0.363334 0.0627173 0.0816153
3 0.60286 0.242212 0.0506575 0.046073
3 0.134281 0.453904 0.0688965 0.0711605
3 0.704665 0.209908 0.0409454 0.034373
3 0.422917 0.523394 0.0876475 0.0734517
3 0.510468 0.197803 0.0452063 0.0324067
0 0.422639 0.496426 0.100988 0.0798266
3 0.469631 0.163107 0.0341828 0.028313
0 0.426949 0.460092 0.0662905 0.0358017
0 0.462498 0.351485 0.0706453 0.0482075
0 0.510278 0.187188 0.0407474 0.0460172
0 0.604167 0.222695 0.0526182 0.0448256
0 0.632912 0.389152 0.0655732 0.0354139
0 0.635201 0.207582 0.0440537 0.0427102
0 0.462465 0.365211 0.071112 0.0767914
3 0.414684 0.11322 0.0254876 0.0252522
0 0.702938 0.196231 0.0433231 0.0416684
3 0.015908 0.386235 0.0309583 0.0511226
3 0.637119 0.222707 0.0357658 0.0365387
3 0.52737 0.104849 0.034687 0.02549
3 0.498624 0.134946 0.026354 0.034393
0 0.636651 0.40427 0.076231 0.0662367
3 0.469724 0.154928 0.0343146 0.0380666
3 0.420233 0.11178 0.0392309 0.0287056
0 0.171995 0.560387 0.0950659 0.0614849
3 0.604775 0.223614 0.0571659 0.0427955
0 0.421203 0.0980621 0.0297488 0.0258074
3 0.523425 0.107729 0.0286479 0.0265986
2 0.839982 0.802015 0.318709 0.327773
0 0.567934 0.503102 0.0905463 0.100022
3 0.636069 0.434335 0.0810971 0.0823915
3 0.169637 0.628533 0.098253 0.0971299
0 0.171083 0.58953 0.0983507 0.118342
0 0.135313 0.426844 0.0753302 0.0803098
3 0.558746 0.294419 0.0516242 0.0504785
3 0.462272 0.388474 0.0670895 0.0702229
3 0.573188 0.538114 0.0823663 0.0812194
0 0.557802 0.271372 0.0521464 0.0609411
0 0.0313587 0.363334 0.0627173 0.0816153
3 0.60286 0.242212 0.0506575 0.046073
3 0.134281 0.453904 0.0688965 0.0711605
3 0.704665 0.209908 0.0409454 0.034373
3 0.422917 0.523394 0.0876475 0.0734517
3 0.510468 0.197803 0.0452063 0.0324067
0 0.422639 0.496426 0.100988 0.0798266
3 0.469631 0.163107 0.0341828 0.028313
0 0.426949 0.460092 0.0662905 0.0358017
0 0.462498 0.351485 0.0706453 0.0482075
0 0.510278 0.187188 0.0407474 0.0460172
0 0.604167 0.222695 0.0526182 0.0448256
0 0.632912 0.389152 0.0655732 0.0354139
0 0.635201 0.207582 0.0440537 0.0427102
0 0.462465 0.365211 0.071112 0.0767914
3 0.414684 0.11322 0.0254876 0.0252522
0 0.702938 0.196231 0.0433231 0.0416684
3 0.015908 0.386235 0.0309583 0.0511226
3 0.637119 0.222707 0.0357658 0.0365387
3 0.52737 0.104849 0.034687 0.02549
3 0.498624 0.134946 0.026354 0.034393
0 0.636651 0.40427 0.076231 0.0662367
3 0.469724 0.154928 0.0343146 0.0380666
3 0.420233 0.11178 0.0392309 0.0287056
0 0.171995 0.560387 0.0950659 0.0614849
3 0.604775 0.223614 0.0571659 0.0427955
0 0.421203 0.0980621 0.0297488 0.0258074
3 0.523425 0.107729 0.0286479 0.0265986
2 0.83872 0.801347 0.319338 0.326542
0 0.566664 0.504161 0.0885725 0.100674
3 0.171503 0.628705 0.0936862 0.0946396
3 0.634471 0.433522 0.0821776 0.0830848
0 0.171418 0.588736 0.0965718 0.118097
3 0.421896 0.522632 0.09041 0.0721904
3 0.133157 0.451379 0.070269 0.0749235
3 0.569468 0.538624 0.0756733 0.0807598
3 0.460778 0.388254 0.0675864 0.0708467
0 0.424294 0.495026 0.0948042 0.0818081
3 0.557323 0.290721 0.0518999 0.0534168
0 0.134114 0.426487 0.0740025 0.0779654
3 0.602268 0.243059 0.048085 0.0436824
0 0.556728 0.271537 0.0517667 0.0598593
3 0.705351 0.209709 0.0412837 0.0360261
0 0.425955 0.461325 0.0689557 0.0370605
0 0.0315453 0.363868 0.0630905 0.0824873
2 0.83872 0.801347 0.319338 0.326542
0 0.566664 0.504161 0.0885725 0.100674
3 0.171503 0.628705 0.0936862 0.0946396
3 0.634471 0.433522 0.0821776 0.0830848
0 0.171418 0.588736 0.0965718 0.118097
3 0.421896 0.522632 0.09041 0.0721904
3 0.133157 0.451379 0.070269 0.0749235
3 0.569468 0.538624 0.0756733 0.0807598
3 0.460778 0.388254 0.0675864 0.0708467
0 0.424294 0.495026 0.0948042 0.0818081
3 0.557323 0.290721 0.0518999 0.0534168
0 0.134114 0.426487 0.0740025 0.0779654
3 0.602268 0.243059 0.048085 0.0436824
0 0.556728 0.271537 0.0517667 0.0598593
3 0.705351 0.209709 0.0412837 0.0360261
0 0.425955 0.461325 0.0689557 0.0370605
0 0.0315453 0.363868 0.0630905 0.0824873
2 0.83872 0.801347 0.319338 0.326542
0 0.566664 0.504161 0.0885725 0.100674
3 0.171503 0.628705 0.0936862 0.0946396
3 0.634471 0.433522 0.0821776 0.0830848
0 0.171418 0.588736 0.0965718 0.118097
3 0.421896 0.522632 0.09041 0.0721904
3 0.133157 0.451379 0.070269 0.0749235
3 0.569468 0.538624 0.0756733 0.0807598
3 0.460778 0.388254 0.0675864 0.0708467
0 0.424294 0.495026 0.0948042 0.0818081
3 0.557323 0.290721 0.0518999 0.0534168
0 0.134114 0.426487 0.0740025 0.0779654
3 0.602268 0.243059 0.048085 0.0436824
0 0.556728 0.271537 0.0517667 0.0598593
3 0.705351 0.209709 0.0412837 0.0360261
0 0.425955 0.461325 0.0689557 0.0370605
0 0.0315453 0.363868 0.0630905 0.0824873
2 0.83872 0.801347 0.319338 0.326542
0 0.566664 0.504161 0.0885725 0.100674
3 0.171503 0.628705 0.0936862 0.0946396
3 0.634471 0.433522 0.0821776 0.0830848
0 0.171418 0.588736 0.0965718 0.118097
3 0.421896 0.522632 0.09041 0.0721904
3 0.133157 0.451379 0.070269 0.0749235
3 0.569468 0.538624 0.0756733 0.0807598
3 0.460778 0.388254 0.0675864 0.0708467
0 0.424294 0.495026 0.0948042 0.0818081
3 0.557323 0.290721 0.0518999 0.0534168
0 0.134114 0.426487 0.0740025 0.0779654
3 0.602268 0.243059 0.048085 0.0436824
0 0.556728 0.271537 0.0517667 0.0598593
3 0.705351 0.209709 0.0412837 0.0360261
0 0.425955 0.461325 0.0689557 0.0370605
0 0.0315453 0.363868 0.0630905 0.0824873
2 0.83872 0.801347 0.319338 0.326542
0 0.566664 0.504161 0.0885725 0.100674
3 0.171503 0.628705 0.0936862 0.0946396
3 0.634471 0.433522 0.0821776 0.0830848
0 0.171418 0.588736 0.0965718 0.118097
3 0.421896 0.522632 0.09041 0.0721904
3 0.133157 0.451379 0.070269 0.0749235
3 0.569468 0.538624 0.0756733 0.0807598
3 0.460778 0.388254 0.0675864 0.0708467
0 0.424294 0.495026 0.0948042 0.0818081
3 0.557323 0.290721 0.0518999 0.0534168
0 0.134114 0.426487 0.0740025 0.0779654
3 0.602268 0.243059 0.048085 0.0436824
0 0.556728 0.271537 0.0517667 0.0598593
3 0.705351 0.209709 0.0412837 0.0360261
0 0.425955 0.461325 0.0689557 0.0370605
0 0.0315453 0.363868 0.0630905 0.0824873
2 0.83872 0.801347 0.319338 0.326542
0 0.566664 0.504161 0.0885725 0.100674
3 0.171503 0.628705 0.0936862 0.0946396
3 0.634471 0.433522 0.0821776 0.0830848
0 0.171418 0.588736 0.0965718 0.118097
3 0.421896 0.522632 0.09041 0.0721904
3 0.133157 0.451379 0.070269 0.0749235
3 0.569468 0.538624 0.0756733 0.0807598
3 0.460778 0.388254 0.0675864 0.0708467
0 0.424294 0.495026 0.0948042 0.0818081
3 0.557323 0.290721 0.0518999 0.0534168
0 0.134114 0.426487 0.0740025 0.0779654
3 0.602268 0.243059 0.048085 0.0436824
0 0.556728 0.271537 0.0517667 0.0598593
3 0.705351 0.209709 0.0412837 0.0360261
0 0.425955 0.461325 0.0689557 0.0370605
0 0.0315453 0.363868 0.0630905 0.0824873
2 0.83872 0.801347 0.319338 0.326542
0 0.566664 0.504161 0.0885725 0.100674
3 0.171503 0.628705 0.0936862 0.0946396
3 0.634471 0.433522 0.0821776 0.0830848
0 0.171418 0.588736 0.0965718 0.118097
3 0.421896 0.522632 0.09041 0.0721904
3 0.133157 0.451379 0.070269 0.0749235
3 0.569468 0.538624 0.0756733 0.0807598
3 0.460778 0.388254 0.0675864 0.0708467
0 0.424294 0.495026 0.0948042 0.0818081
3 0.557323 0.290721 0.0518999 0.0534168
0 0.134114 0.426487 0.0740025 0.0779654
3 0.602268 0.243059 0.048085 0.0436824
0 0.556728 0.271537 0.0517667 0.0598593
3 0.705351 0.209709 0.0412837 0.0360261
0 0.425955 0.461325 0.0689557 0.0370605
0 0.0315453 0.363868 0.0630905 0.0824873
2 0.83872 0.801347 0.319338 0.326542
0 0.566664 0.504161 0.0885725 0.100674
3 0.171503 0.628705 0.0936862 0.0946396
3 0.634471 0.433522 0.0821776 0.0830848
0 0.171418 0.588736 0.0965718 0.118097
3 0.421896 0.522632 0.09041 0.0721904
3 0.133157 0.451379 0.070269 0.0749235
3 0.569468 0.538624 0.0756733 0.0807598
3 0.460778 0.388254 0.0675864 0.0708467
0 0.424294 0.495026 0.0948042 0.0818081
3 0.557323 0.290721 0.0518999 0.0534168
0 0.134114 0.426487 0.0740025 0.0779654
3 0.602268 0.243059 0.048085 0.0436824
0 0.556728 0.271537 0.0517667 0.0598593
3 0.705351 0.209709 0.0412837 0.0360261
0 0.425955 0.461325 0.0689557 0.0370605
0 0.0315453 0.363868 0.0630905 0.0824873
3 0.509907 0.198303 0.0440221 0.0299076
0 0.461464 0.349365 0.0680778 0.0422892
3 0.0188582 0.384205 0.0374109 0.0564277
3 0.634778 0.222834 0.0372466 0.0386107
3 0.469746 0.164722 0.0330062 0.0255867
0 0.632469 0.389336 0.0592801 0.0358391
0 0.510044 0.187282 0.0398783 0.045861
