2 0.762408 0.40162 0.224303 0.141589
0 0.445807 0.752495 0.134404 0.151003
3 0.444114 0.803229 0.133526 0.142579
3 0.264972 0.534966 0.0963625 0.0935898
0 0.55785 0.285722 0.0540277 0.0587924
0 0.0353936 0.3621 0.0707871 0.0832909
3 0.557715 0.306299 0.0470033 0.0472692
3 0.264292 0.301921 0.047409 0.0511362
3 0.499024 0.252863 0.0459642 0.0465003
0 0.3703 0.316914 0.0624237 0.0685679
3 0.470411 0.320343 0.0553916 0.0565008
0 0.0210606 0.645604 0.0408362 0.115857
3 0.488477 0.537799 0.0970754 0.0935722
0 0.26234 0.286641 0.0543162 0.0569724
3 0.54962 0.196602 0.0401515 0.0388343
0 0.492301 0.497146 0.10202 0.0858786
0 0.473378 0.295874 0.0675076 0.0573223
3 0.598137 0.17212 0.038862 0.031831
3 0.375722 0.335848 0.0529207 0.0539022
0 0.605461 0.242995 0.0543416 0.0418756
0 0.485499 0.468825 0.0873529 0.055442
3 0.606273 0.263433 0.0438436 0.047599
0 0.273071 0.477921 0.0705192 0.0447548
3 0.516296 0.142848 0.0341682 0.0326941
0 0.549787 0.1805 0.0342641 0.035953
0 0.26552 0.503549 0.0940507 0.0967999
0 0.497261 0.228239 0.0439716 0.0299264
1 0.0233504 0.381009 0.0447614 0.0567327
0 0.627812 0.151692 0.0296367 0.0378564
3 0.48617 0.1228 0.0259732 0.0333628
3 0.443511 0.088929 0.0231423 0.0333846
0 0.516689 0.13806 0.0334068 0.0405464
3 0.672068 0.150095 0.0294975 0.022998
0 0.598657 0.15897 0.0386536 0.0374933
0 0.443393 0.0883339 0.0227522 0.0331774
3 0.626939 0.158785 0.0267549 0.0294529
0 0.0215115 0.284988 0.0397 0.0664435
0 0.448627 0.717155 0.105615 0.0685072
3 0.0584395 0.294187 0.0269691 0.039197
2 0.762408 0.40162 0.224303 0.141589
0 0.445807 0.752495 0.134404 0.151003
3 0.444114 0.803229 0.133526 0.142579
3 0.264972 0.534966 0.0963625 0.0935898
0 0.55785 0.285722 0.0540277 0.0587924
0 0.0353936 0.3621 0.0707871 0.0832909
3 0.557715 0.306299 0.0470033 0.0472692
3 0.264292 0.301921 0.047409 0.0511362
3 0.499024 0.252863 0.0459642 0.0465003
0 0.3703 0.316914 0.0624237 0.0685679
3 0.470411 0.320343 0.0553916 0.0565008
0 0.0210606 0.645604 0.0408362 0.115857
3 0.488477 0.537799 0.0970754 0.0935722
0 0.26234 0.286641 0.0543162 0.0569724
3 0.54962 0.196602 0.0401515 0.0388343
0 0.492301 0.497146 0.10202 0.0858786
0 0.473378 0.295874 0.0675076 0.0573223
3 0.598137 0.17212 0.038862 0.031831
3 0.375722 0.335848 0.0529207 0.0539022
0 0.605461 0.242995 0.0543416 0.0418756
0 0.485499 0.468825 0.0873529 0.055442
3 0.606273 0.263433 0.0438436 0.047599
0 0.273071 0.477921 0.0705192 0.0447548
3 0.516296 0.142848 0.0341682 0.0326941
0 0.549787 0.1805 0.0342641 0.035953
0 0.26552 0.503549 0.0940507 0.0967999
0 0.497261 0.228239 0.0439716 0.0299264
1 0.0233504 0.381009 0.0447614 0.0567327
0 0.627812 0.151692 0.0296367 0.0378564
3 0.48617 0.1228 0.0259732 0.0333628
3 0.443511 0.088929 0.0231423 0.0333846
0 0.516689 0.13806 0.0334068 0.0405464
3 0.672068 0.150095 0.0294975 0.022998
0 0.598657 0.15897 0.0386536 0.0374933
0 0.443393 0.0883339 0.0227522 0.0331774
3 0.626939 0.158785 0.0267549 0.0294529
0 0.0215115 0.284988 0.0397 0.0664435
0 0.448627 0.717155 0.105615 0.0685072
3 0.0584395 0.294187 0.0269691 0.039197
