0 0.543019 0.855287 0.146884 0.169084
0 0.537501 0.780608 0.113028 0.0609166
0 0.046212 0.364 0.0725776 0.0809144
2 0.649199 0.139402 0.0874371 0.0468449
0 0.343099 0.364264 0.062804 0.0743103
3 0.0708648 0.476748 0.100533 0.0762128
0 0.891942 0.713211 0.12943 0.13483
3 0.541213 0.910069 0.139218 0.144912
3 0.884709 0.763885 0.149021 0.129081
0 0.347511 0.214073 0.038785 0.0415209
3 0.488964 0.183126 0.0354363 0.0334797
3 0.526576 0.168706 0.0381063 0.0340606
3 0.34313 0.388046 0.0576189 0.0629385
0 0.0641347 0.445074 0.085599 0.0719751
0 0.518927 0.232865 0.0426639 0.0472559
3 0.552617 0.114227 0.0314844 0.0293242
3 0.349993 0.232838 0.0337519 0.0328126
2 0.636504 0.0533239 0.0435736 0.0187277
3 0.517466 0.250352 0.0382307 0.0400448
3 0.490338 0.0682585 0.0246958 0.0299587
3 0.40466 0.138697 0.0248274 0.0295893
3 0.889608 0.764579 0.104054 0.129804
0 0.0294811 0.289964 0.0378577 0.0625117
1 0.0306463 0.387022 0.0387966 0.0544619
0 0.618112 0.0768054 0.0178385 0.022964
0 0.483321 0.152814 0.0356033 0.0327039
0 0.587582 0.0822756 0.0231976 0.0279165
3 0.0289524 0.386283 0.0390569 0.0545189
2 0.684882 0.0529563 0.0399648 0.0146942
3 0.0687066 0.298419 0.0284212 0.0403225
3 0.514936 0.12783 0.0312953 0.0261827
3 0.487702 0.173201 0.0359258 0.0455499
0 0.890606 0.68091 0.121394 0.0697836
0 0.480097 0.1484 0.0344655 0.0304426
0 0.514732 0.124313 0.0317542 0.0277523
0 0.543019 0.855287 0.146884 0.169084
0 0.537501 0.780608 0.113028 0.0609166
0 0.046212 0.364 0.0725776 0.0809144
2 0.649199 0.139402 0.0874371 0.0468449
0 0.343099 0.364264 0.062804 0.0743103
3 0.0708648 0.476748 0.100533 0.0762128
0 0.891942 0.713211 0.12943 0.13483
3 0.541213 0.910069 0.139218 0.144912
3 0.884709 0.763885 0.149021 0.129081
0 0.347511 0.214073 0.038785 0.0415209
3 0.488964 0.183126 0.0354363 0.0334797
3 0.526576 0.168706 0.0381063 0.0340606
3 0.34313 0.388046 0.0576189 0.0629385
0 0.0641347 0.445074 0.085599 0.0719751
0 0.518927 0.232865 0.0426639 0.0472559
3 0.552617 0.114227 0.0314844 0.0293242
3 0.349993 0.232838 0.0337519 0.0328126
2 0.636504 0.0533239 0.0435736 0.0187277
3 0.517466 0.250352 0.0382307 0.0400448
3 0.490338 0.0682585 0.0246958 0.0299587
3 0.40466 0.138697 0.0248274 0.0295893
3 0.889608 0.764579 0.104054 0.129804
0 0.0294811 0.289964 0.0378577 0.0625117
1 0.0306463 0.387022 0.0387966 0.0544619
0 0.618112 0.0768054 0.0178385 0.022964
0 0.483321 0.152814 0.0356033 0.0327039
0 0.587582 0.0822756 0.0231976 0.0279165
3 0.0289524 0.386283 0.0390569 0.0545189
2 0.684882 0.0529563 0.0399648 0.0146942
3 0.0687066 0.298419 0.0284212 0.0403225
3 0.514936 0.12783 0.0312953 0.0261827
3 0.487702 0.173201 0.0359258 0.0455499
0 0.890606 0.68091 0.121394 0.0697836
0 0.480097 0.1484 0.0344655 0.0304426
0 0.514732 0.124313 0.0317542 0.0277523
0 0.543019 0.855287 0.146884 0.169084
0 0.537501 0.780608 0.113028 0.0609166
0 0.046212 0.364 0.0725776 0.0809144
2 0.649199 0.139402 0.0874371 0.0468449
0 0.343099 0.364264 0.062804 0.0743103
3 0.0708648 0.476748 0.100533 0.0762128
0 0.891942 0.713211 0.12943 0.13483
3 0.541213 0.910069 0.139218 0.144912
3 0.884709 0.763885 0.149021 0.129081
0 0.347511 0.214073 0.038785 0.0415209
3 0.488964 0.183126 0.0354363 0.0334797
3 0.526576 0.168706 0.0381063 0.0340606
3 0.34313 0.388046 0.0576189 0.0629385
0 0.0641347 0.445074 0.085599 0.0719751
0 0.518927 0.232865 0.0426639 0.0472559
3 0.552617 0.114227 0.0314844 0.0293242
3 0.349993 0.232838 0.0337519 0.0328126
2 0.636504 0.0533239 0.0435736 0.0187277
3 0.517466 0.250352 0.0382307 0.0400448
3 0.490338 0.0682585 0.0246958 0.0299587
3 0.40466 0.138697 0.0248274 0.0295893
3 0.889608 0.764579 0.104054 0.129804
0 0.0294811 0.289964 0.0378577 0.0625117
1 0.0306463 0.387022 0.0387966 0.0544619
0 0.618112 0.0768054 0.0178385 0.022964
0 0.483321 0.152814 0.0356033 0.0327039
0 0.587582 0.0822756 0.0231976 0.0279165
3 0.0289524 0.386283 0.0390569 0.0545189
2 0.684882 0.0529563 0.0399648 0.0146942
3 0.0687066 0.298419 0.0284212 0.0403225
3 0.514936 0.12783 0.0312953 0.0261827
3 0.487702 0.173201 0.0359258 0.0455499
0 0.890606 0.68091 0.121394 0.0697836
0 0.480097 0.1484 0.0344655 0.0304426
0 0.514732 0.124313 0.0317542 0.0277523
0 0.543019 0.855287 0.146884 0.169084
0 0.537501 0.780608 0.113028 0.0609166
0 0.046212 0.364 0.0725776 0.0809144
2 0.649199 0.139402 0.0874371 0.0468449
0 0.343099 0.364264 0.062804 0.0743103
3 0.0708648 0.476748 0.100533 0.0762128
0 0.891942 0.713211 0.12943 0.13483
3 0.541213 0.910069 0.139218 0.144912
3 0.884709 0.763885 0.149021 0.129081
0 0.347511 0.214073 0.038785 0.0415209
3 0.488964 0.183126 0.0354363 0.0334797
3 0.526576 0.168706 0.0381063 0.0340606
3 0.34313 0.388046 0.0576189 0.0629385
0 0.0641347 0.445074 0.085599 0.0719751
0 0.518927 0.232865 0.0426639 0.0472559
3 0.552617 0.114227 0.0314844 0.0293242
3 0.349993 0.232838 0.0337519 0.0328126
2 0.636504 0.0533239 0.0435736 0.0187277
3 0.517466 0.250352 0.0382307 0.0400448
3 0.490338 0.0682585 0.0246958 0.0299587
3 0.40466 0.138697 0.0248274 0.0295893
3 0.889608 0.764579 0.104054 0.129804
0 0.0294811 0.289964 0.0378577 0.0625117
1 0.0306463 0.387022 0.0387966 0.0544619
0 0.618112 0.0768054 0.0178385 0.022964
0 0.483321 0.152814 0.0356033 0.0327039
0 0.587582 0.0822756 0.0231976 0.0279165
3 0.0289524 0.386283 0.0390569 0.0545189
2 0.684882 0.0529563 0.0399648 0.0146942
3 0.0687066 0.298419 0.0284212 0.0403225
3 0.514936 0.12783 0.0312953 0.0261827
3 0.487702 0.173201 0.0359258 0.0455499
0 0.890606 0.68091 0.121394 0.0697836
0 0.480097 0.1484 0.0344655 0.0304426
0 0.514732 0.124313 0.0317542 0.0277523
0 0.543019 0.855287 0.146884 0.169084
0 0.537501 0.780608 0.113028 0.0609166
0 0.046212 0.364 0.0725776 0.0809144
2 0.649199 0.139402 0.0874371 0.0468449
0 0.343099 0.364264 0.062804 0.0743103
3 0.0708648 0.476748 0.100533 0.0762128
0 0.891942 0.713211 0.12943 0.13483
3 0.541213 0.910069 0.139218 0.144912
3 0.884709 0.763885 0.149021 0.129081
0 0.347511 0.214073 0.038785 0.0415209
3 0.488964 0.183126 0.0354363 0.0334797
3 0.526576 0.168706 0.0381063 0.0340606
3 0.34313 0.388046 0.0576189 0.0629385
0 0.0641347 0.445074 0.085599 0.0719751
0 0.518927 0.232865 0.0426639 0.0472559
3 0.552617 0.114227 0.0314844 0.0293242
3 0.349993 0.232838 0.0337519 0.0328126
2 0.636504 0.0533239 0.0435736 0.0187277
3 0.517466 0.250352 0.0382307 0.0400448
3 0.490338 0.0682585 0.0246958 0.0299587
3 0.40466 0.138697 0.0248274 0.0295893
3 0.889608 0.764579 0.104054 0.129804
0 0.0294811 0.289964 0.0378577 0.0625117
1 0.0306463 0.387022 0.0387966 0.0544619
0 0.618112 0.0768054 0.0178385 0.022964
0 0.483321 0.152814 0.0356033 0.0327039
0 0.587582 0.0822756 0.0231976 0.0279165
3 0.0289524 0.386283 0.0390569 0.0545189
2 0.684882 0.0529563 0.0399648 0.0146942
3 0.0687066 0.298419 0.0284212 0.0403225
3 0.514936 0.12783 0.0312953 0.0261827
3 0.487702 0.173201 0.0359258 0.0455499
0 0.890606 0.68091 0.121394 0.0697836
0 0.480097 0.1484 0.0344655 0.0304426
0 0.514732 0.124313 0.0317542 0.0277523
0 0.543019 0.855287 0.146884 0.169084
0 0.537501 0.780608 0.113028 0.0609166
0 0.046212 0.364 0.0725776 0.0809144
2 0.649199 0.139402 0.0874371 0.0468449
0 0.343099 0.364264 0.062804 0.0743103
3 0.0708648 0.476748 0.100533 0.0762128
0 0.891942 0.713211 0.12943 0.13483
3 0.541213 0.910069 0.139218 0.144912
3 0.884709 0.763885 0.149021 0.129081
0 0.347511 0.214073 0.038785 0.0415209
3 0.488964 0.183126 0.0354363 0.0334797
3 0.526576 0.168706 0.0381063 0.0340606
3 0.34313 0.388046 0.0576189 0.0629385
0 0.0641347 0.445074 0.085599 0.0719751
0 0.518927 0.232865 0.0426639 0.0472559
3 0.552617 0.114227 0.0314844 0.0293242
3 0.349993 0.232838 0.0337519 0.0328126
2 0.636504 0.0533239 0.0435736 0.0187277
3 0.517466 0.250352 0.0382307 0.0400448
3 0.490338 0.0682585 0.0246958 0.0299587
3 0.40466 0.138697 0.0248274 0.0295893
3 0.889608 0.764579 0.104054 0.129804
0 0.0294811 0.289964 0.0378577 0.0625117
1 0.0306463 0.387022 0.0387966 0.0544619
0 0.618112 0.0768054 0.0178385 0.022964
0 0.483321 0.152814 0.0356033 0.0327039
0 0.587582 0.0822756 0.0231976 0.0279165
3 0.0289524 0.386283 0.0390569 0.0545189
2 0.684882 0.0529563 0.0399648 0.0146942
3 0.0687066 0.298419 0.0284212 0.0403225
3 0.514936 0.12783 0.0312953 0.0261827
3 0.487702 0.173201 0.0359258 0.0455499
0 0.890606 0.68091 0.121394 0.0697836
0 0.480097 0.1484 0.0344655 0.0304426
0 0.514732 0.124313 0.0317542 0.0277523
