3 0.946347 0.920861 0.107307 0.15756
0 0.0515463 0.360088 0.0726879 0.0813955
3 0.439228 0.848966 0.138334 0.148926
3 0.550408 0.516635 0.083883 0.0830297
0 0.553581 0.487868 0.0879952 0.0984549
3 0.754476 0.442324 0.0812436 0.0750773
3 0.206733 0.385213 0.0720802 0.0633478
0 0.4409 0.791308 0.13752 0.133883
3 0.418621 0.2923 0.0437671 0.0484471
0 0.754898 0.416192 0.0797377 0.0854302
3 0.423156 0.118373 0.0232613 0.0257952
3 0.0380393 0.380168 0.0476494 0.0577363
0 0.945798 0.827731 0.106914 0.0810733
0 0.417845 0.272797 0.0509535 0.0563439
3 0.375994 0.195538 0.0372565 0.0310385
0 0.373346 0.180544 0.0348244 0.0361454
3 0.525452 0.190694 0.0338379 0.0307747
2 0.648079 0.113561 0.0764609 0.0413261
0 0.525294 0.172557 0.034265 0.031062
0 0.207751 0.347408 0.0607897 0.0387435
3 0.538243 0.138141 0.0325458 0.0288173
3 0.555075 0.0924188 0.0287316 0.0271801
0 0.0271743 0.283401 0.0413118 0.0644822
0 0.946168 0.858886 0.106814 0.143259
2 0.615448 0.0435185 0.0447978 0.018157
0 0.754404 0.394031 0.0715363 0.0411456
0 0.542218 0.443874 0.0578517 0.0353132
3 0.537658 0.133083 0.0363225 0.0350324
3 0.498487 0.0549226 0.0263536 0.0289974
0 0.205352 0.35826 0.0692502 0.0610507
3 0.497184 0.141335 0.0270675 0.0310869
2 0.593049 0.0308155 0.0473712 0.0178258
0 0.445123 0.759507 0.121704 0.0695723
3 0.596027 0.0686561 0.0209512 0.0221416
3 0.073445 0.293527 0.0313411 0.0418541
3 0.946347 0.920861 0.107307 0.15756
0 0.0515463 0.360088 0.0726879 0.0813955
3 0.439228 0.848966 0.138334 0.148926
3 0.550408 0.516635 0.083883 0.0830297
0 0.553581 0.487868 0.0879952 0.0984549
3 0.754476 0.442324 0.0812436 0.0750773
3 0.206733 0.385213 0.0720802 0.0633478
0 0.4409 0.791308 0.13752 0.133883
3 0.418621 0.2923 0.0437671 0.0484471
0 0.754898 0.416192 0.0797377 0.0854302
3 0.423156 0.118373 0.0232613 0.0257952
3 0.0380393 0.380168 0.0476494 0.0577363
0 0.945798 0.827731 0.106914 0.0810733
0 0.417845 0.272797 0.0509535 0.0563439
3 0.375994 0.195538 0.0372565 0.0310385
0 0.373346 0.180544 0.0348244 0.0361454
3 0.525452 0.190694 0.0338379 0.0307747
2 0.648079 0.113561 0.0764609 0.0413261
0 0.525294 0.172557 0.034265 0.031062
0 0.207751 0.347408 0.0607897 0.0387435
3 0.538243 0.138141 0.0325458 0.0288173
3 0.555075 0.0924188 0.0287316 0.0271801
0 0.0271743 0.283401 0.0413118 0.0644822
0 0.946168 0.858886 0.106814 0.143259
2 0.615448 0.0435185 0.0447978 0.018157
0 0.754404 0.394031 0.0715363 0.0411456
0 0.542218 0.443874 0.0578517 0.0353132
3 0.537658 0.133083 0.0363225 0.0350324
3 0.498487 0.0549226 0.0263536 0.0289974
0 0.205352 0.35826 0.0692502 0.0610507
3 0.497184 0.141335 0.0270675 0.0310869
2 0.593049 0.0308155 0.0473712 0.0178258
0 0.445123 0.759507 0.121704 0.0695723
3 0.596027 0.0686561 0.0209512 0.0221416
3 0.073445 0.293527 0.0313411 0.0418541
3 0.946347 0.920861 0.107307 0.15756
0 0.0515463 0.360088 0.0726879 0.0813955
3 0.439228 0.848966 0.138334 0.148926
3 0.550408 0.516635 0.083883 0.0830297
0 0.553581 0.487868 0.0879952 0.0984549
3 0.754476 0.442324 0.0812436 0.0750773
3 0.206733 0.385213 0.0720802 0.0633478
0 0.4409 0.791308 0.13752 0.133883
3 0.418621 0.2923 0.0437671 0.0484471
0 0.754898 0.416192 0.0797377 0.0854302
3 0.423156 0.118373 0.0232613 0.0257952
3 0.0380393 0.380168 0.0476494 0.0577363
0 0.945798 0.827731 0.106914 0.0810733
0 0.417845 0.272797 0.0509535 0.0563439
3 0.375994 0.195538 0.0372565 0.0310385
0 0.373346 0.180544 0.0348244 0.0361454
3 0.525452 0.190694 0.0338379 0.0307747
2 0.648079 0.113561 0.0764609 0.0413261
0 0.525294 0.172557 0.034265 0.031062
0 0.207751 0.347408 0.0607897 0.0387435
3 0.538243 0.138141 0.0325458 0.0288173
3 0.555075 0.0924188 0.0287316 0.0271801
0 0.0271743 0.283401 0.0413118 0.0644822
0 0.946168 0.858886 0.106814 0.143259
2 0.615448 0.0435185 0.0447978 0.018157
0 0.754404 0.394031 0.0715363 0.0411456
0 0.542218 0.443874 0.0578517 0.0353132
3 0.537658 0.133083 0.0363225 0.0350324
3 0.498487 0.0549226 0.0263536 0.0289974
0 0.205352 0.35826 0.0692502 0.0610507
3 0.497184 0.141335 0.0270675 0.0310869
2 0.593049 0.0308155 0.0473712 0.0178258
0 0.445123 0.759507 0.121704 0.0695723
3 0.596027 0.0686561 0.0209512 0.0221416
3 0.073445 0.293527 0.0313411 0.0418541
3 0.946347 0.920861 0.107307 0.15756
0 0.0515463 0.360088 0.0726879 0.0813955
3 0.439228 0.848966 0.138334 0.148926
3 0.550408 0.516635 0.083883 0.0830297
0 0.553581 0.487868 0.0879952 0.0984549
3 0.754476 0.442324 0.0812436 0.0750773
3 0.206733 0.385213 0.0720802 0.0633478
0 0.4409 0.791308 0.13752 0.133883
3 0.418621 0.2923 0.0437671 0.0484471
0 0.754898 0.416192 0.0797377 0.0854302
3 0.423156 0.118373 0.0232613 0.0257952
3 0.0380393 0.380168 0.0476494 0.0577363
0 0.945798 0.827731 0.106914 0.0810733
0 0.417845 0.272797 0.0509535 0.0563439
3 0.375994 0.195538 0.0372565 0.0310385
0 0.373346 0.180544 0.0348244 0.0361454
3 0.525452 0.190694 0.0338379 0.0307747
2 0.648079 0.113561 0.0764609 0.0413261
0 0.525294 0.172557 0.034265 0.031062
0 0.207751 0.347408 0.0607897 0.0387435
3 0.538243 0.138141 0.0325458 0.0288173
3 0.555075 0.0924188 0.0287316 0.0271801
0 0.0271743 0.283401 0.0413118 0.0644822
0 0.946168 0.858886 0.106814 0.143259
2 0.615448 0.0435185 0.0447978 0.018157
0 0.754404 0.394031 0.0715363 0.0411456
0 0.542218 0.443874 0.0578517 0.0353132
3 0.537658 0.133083 0.0363225 0.0350324
3 0.498487 0.0549226 0.0263536 0.0289974
0 0.205352 0.35826 0.0692502 0.0610507
3 0.497184 0.141335 0.0270675 0.0310869
2 0.593049 0.0308155 0.0473712 0.0178258
0 0.445123 0.759507 0.121704 0.0695723
3 0.596027 0.0686561 0.0209512 0.0221416
3 0.073445 0.293527 0.0313411 0.0418541
3 0.946347 0.920861 0.107307 0.15756
0 0.0515463 0.360088 0.0726879 0.0813955
3 0.439228 0.848966 0.138334 0.148926
3 0.550408 0.516635 0.083883 0.0830297
0 0.553581 0.487868 0.0879952 0.0984549
3 0.754476 0.442324 0.0812436 0.0750773
3 0.206733 0.385213 0.0720802 0.0633478
0 0.4409 0.791308 0.13752 0.133883
3 0.418621 0.2923 0.0437671 0.0484471
0 0.754898 0.416192 0.0797377 0.0854302
3 0.423156 0.118373 0.0232613 0.0257952
3 0.0380393 0.380168 0.0476494 0.0577363
0 0.945798 0.827731 0.106914 0.0810733
0 0.417845 0.272797 0.0509535 0.0563439
3 0.375994 0.195538 0.0372565 0.0310385
0 0.373346 0.180544 0.0348244 0.0361454
3 0.525452 0.190694 0.0338379 0.0307747
2 0.648079 0.113561 0.0764609 0.0413261
0 0.525294 0.172557 0.034265 0.031062
0 0.207751 0.347408 0.0607897 0.0387435
3 0.538243 0.138141 0.0325458 0.0288173
3 0.555075 0.0924188 0.0287316 0.0271801
0 0.0271743 0.283401 0.0413118 0.0644822
0 0.946168 0.858886 0.106814 0.143259
2 0.615448 0.0435185 0.0447978 0.018157
0 0.754404 0.394031 0.0715363 0.0411456
0 0.542218 0.443874 0.0578517 0.0353132
3 0.537658 0.133083 0.0363225 0.0350324
3 0.498487 0.0549226 0.0263536 0.0289974
0 0.205352 0.35826 0.0692502 0.0610507
3 0.497184 0.141335 0.0270675 0.0310869
2 0.593049 0.0308155 0.0473712 0.0178258
0 0.445123 0.759507 0.121704 0.0695723
3 0.596027 0.0686561 0.0209512 0.0221416
3 0.073445 0.293527 0.0313411 0.0418541
3 0.946347 0.920861 0.107307 0.15756
0 0.0515463 0.360088 0.0726879 0.0813955
3 0.439228 0.848966 0.138334 0.148926
3 0.550408 0.516635 0.083883 0.0830297
0 0.553581 0.487868 0.0879952 0.0984549
3 0.754476 0.442324 0.0812436 0.0750773
3 0.206733 0.385213 0.0720802 0.0633478
0 0.4409 0.791308 0.13752 0.133883
3 0.418621 0.2923 0.0437671 0.0484471
0 0.754898 0.416192 0.0797377 0.0854302
3 0.423156 0.118373 0.0232613 0.0257952
3 0.0380393 0.380168 0.0476494 0.0577363
0 0.945798 0.827731 0.106914 0.0810733
0 0.417845 0.272797 0.0509535 0.0563439
3 0.375994 0.195538 0.0372565 0.0310385
0 0.373346 0.180544 0.0348244 0.0361454
3 0.525452 0.190694 0.0338379 0.0307747
2 0.648079 0.113561 0.0764609 0.0413261
0 0.525294 0.172557 0.034265 0.031062
0 0.207751 0.347408 0.0607897 0.0387435
3 0.538243 0.138141 0.0325458 0.0288173
3 0.555075 0.0924188 0.0287316 0.0271801
0 0.0271743 0.283401 0.0413118 0.0644822
0 0.946168 0.858886 0.106814 0.143259
2 0.615448 0.0435185 0.0447978 0.018157
0 0.754404 0.394031 0.0715363 0.0411456
0 0.542218 0.443874 0.0578517 0.0353132
3 0.537658 0.133083 0.0363225 0.0350324
3 0.498487 0.0549226 0.0263536 0.0289974
0 0.205352 0.35826 0.0692502 0.0610507
3 0.497184 0.141335 0.0270675 0.0310869
2 0.593049 0.0308155 0.0473712 0.0178258
0 0.445123 0.759507 0.121704 0.0695723
3 0.596027 0.0686561 0.0209512 0.0221416
3 0.073445 0.293527 0.0313411 0.0418541
3 0.946347 0.920861 0.107307 0.15756
0 0.0515463 0.360088 0.0726879 0.0813955
3 0.439228 0.848966 0.138334 0.148926
3 0.550408 0.516635 0.083883 0.0830297
0 0.553581 0.487868 0.0879952 0.0984549
3 0.754476 0.442324 0.0812436 0.0750773
3 0.206733 0.385213 0.0720802 0.0633478
0 0.4409 0.791308 0.13752 0.133883
3 0.418621 0.2923 0.0437671 0.0484471
0 0.754898 0.416192 0.0797377 0.0854302
3 0.423156 0.118373 0.0232613 0.0257952
3 0.0380393 0.380168 0.0476494 0.0577363
0 0.945798 0.827731 0.106914 0.0810733
0 0.417845 0.272797 0.0509535 0.0563439
3 0.375994 0.195538 0.0372565 0.0310385
0 0.373346 0.180544 0.0348244 0.0361454
3 0.525452 0.190694 0.0338379 0.0307747
2 0.648079 0.113561 0.0764609 0.0413261
0 0.525294 0.172557 0.034265 0.031062
0 0.207751 0.347408 0.0607897 0.0387435
3 0.538243 0.138141 0.0325458 0.0288173
3 0.555075 0.0924188 0.0287316 0.0271801
0 0.0271743 0.283401 0.0413118 0.0644822
0 0.946168 0.858886 0.106814 0.143259
2 0.615448 0.0435185 0.0447978 0.018157
0 0.754404 0.394031 0.0715363 0.0411456
0 0.542218 0.443874 0.0578517 0.0353132
3 0.537658 0.133083 0.0363225 0.0350324
3 0.498487 0.0549226 0.0263536 0.0289974
0 0.205352 0.35826 0.0692502 0.0610507
3 0.497184 0.141335 0.0270675 0.0310869
2 0.593049 0.0308155 0.0473712 0.0178258
0 0.445123 0.759507 0.121704 0.0695723
3 0.596027 0.0686561 0.0209512 0.0221416
3 0.073445 0.293527 0.0313411 0.0418541
3 0.946347 0.920861 0.107307 0.15756
0 0.0515463 0.360088 0.0726879 0.0813955
3 0.439228 0.848966 0.138334 0.148926
3 0.550408 0.516635 0.083883 0.0830297
0 0.553581 0.487868 0.0879952 0.0984549
3 0.754476 0.442324 0.0812436 0.0750773
3 0.206733 0.385213 0.0720802 0.0633478
0 0.4409 0.791308 0.13752 0.133883
3 0.418621 0.2923 0.0437671 0.0484471
0 0.754898 0.416192 0.0797377 0.0854302
3 0.423156 0.118373 0.0232613 0.0257952
3 0.0380393 0.380168 0.0476494 0.0577363
0 0.945798 0.827731 0.106914 0.0810733
0 0.417845 0.272797 0.0509535 0.0563439
3 0.375994 0.195538 0.0372565 0.0310385
0 0.373346 0.180544 0.0348244 0.0361454
3 0.525452 0.190694 0.0338379 0.0307747
2 0.648079 0.113561 0.0764609 0.0413261
0 0.525294 0.172557 0.034265 0.031062
0 0.207751 0.347408 0.0607897 0.0387435
3 0.538243 0.138141 0.0325458 0.0288173
3 0.555075 0.0924188 0.0287316 0.0271801
0 0.0271743 0.283401 0.0413118 0.0644822
0 0.946168 0.858886 0.106814 0.143259
2 0.615448 0.0435185 0.0447978 0.018157
0 0.754404 0.394031 0.0715363 0.0411456
0 0.542218 0.443874 0.0578517 0.0353132
3 0.537658 0.133083 0.0363225 0.0350324
3 0.498487 0.0549226 0.0263536 0.0289974
0 0.205352 0.35826 0.0692502 0.0610507
3 0.497184 0.141335 0.0270675 0.0310869
2 0.593049 0.0308155 0.0473712 0.0178258
0 0.445123 0.759507 0.121704 0.0695723
3 0.596027 0.0686561 0.0209512 0.0221416
3 0.073445 0.293527 0.0313411 0.0418541
3 0.946347 0.920861 0.107307 0.15756
0 0.0515463 0.360088 0.0726879 0.0813955
3 0.439228 0.848966 0.138334 0.148926
3 0.550408 0.516635 0.083883 0.0830297
0 0.553581 0.487868 0.0879952 0.0984549
3 0.754476 0.442324 0.0812436 0.0750773
3 0.206733 0.385213 0.0720802 0.0633478
0 0.4409 0.791308 0.13752 0.133883
3 0.418621 0.2923 0.0437671 0.0484471
0 0.754898 0.416192 0.0797377 0.0854302
3 0.423156 0.118373 0.0232613 0.0257952
3 0.0380393 0.380168 0.0476494 0.0577363
0 0.945798 0.827731 0.106914 0.0810733
0 0.417845 0.272797 0.0509535 0.0563439
3 0.375994 0.195538 0.0372565 0.0310385
0 0.373346 0.180544 0.0348244 0.0361454
3 0.525452 0.190694 0.0338379 0.0307747
2 0.648079 0.113561 0.0764609 0.0413261
0 0.525294 0.172557 0.034265 0.031062
0 0.207751 0.347408 0.0607897 0.0387435
3 0.538243 0.138141 0.0325458 0.0288173
3 0.555075 0.0924188 0.0287316 0.0271801
0 0.0271743 0.283401 0.0413118 0.0644822
0 0.946168 0.858886 0.106814 0.143259
2 0.615448 0.0435185 0.0447978 0.018157
0 0.754404 0.394031 0.0715363 0.0411456
0 0.542218 0.443874 0.0578517 0.0353132
3 0.537658 0.133083 0.0363225 0.0350324
3 0.498487 0.0549226 0.0263536 0.0289974
0 0.205352 0.35826 0.0692502 0.0610507
3 0.497184 0.141335 0.0270675 0.0310869
2 0.593049 0.0308155 0.0473712 0.0178258
0 0.445123 0.759507 0.121704 0.0695723
3 0.596027 0.0686561 0.0209512 0.0221416
3 0.073445 0.293527 0.0313411 0.0418541
3 0.944363 0.92212 0.110425 0.153595
0 0.0527436 0.360413 0.0742718 0.0834882
3 0.754959 0.44221 0.0815526 0.0765479
3 0.439781 0.846874 0.143995 0.143753
0 0.753913 0.414449 0.0804737 0.082912
3 0.0403644 0.381028 0.0507948 0.0560431
3 0.207581 0.386107 0.0670289 0.0610725
3 0.418059 0.290283 0.0465652 0.0502335
0 0.4448 0.788458 0.129542 0.127654
3 0.549655 0.516548 0.0797902 0.0840384
0 0.553911 0.487871 0.0869668 0.10103
0 0.373544 0.180825 0.0348928 0.0372947
7 0.648062 0.11438 0.0757278 0.042065
3 0.375829 0.19706 0.0352606 0.0305493
3 0.524976 0.190096 0.0316461 0.032504
0 0.207758 0.357632 0.0647609 0.0597316
3 0.944363 0.92212 0.110425 0.153595
0 0.0527436 0.360413 0.0742718 0.0834882
3 0.754959 0.44221 0.0815526 0.0765479
3 0.439781 0.846874 0.143995 0.143753
0 0.753913 0.414449 0.0804737 0.082912
3 0.0403644 0.381028 0.0507948 0.0560431
3 0.207581 0.386107 0.0670289 0.0610725
3 0.418059 0.290283 0.0465652 0.0502335
0 0.4448 0.788458 0.129542 0.127654
3 0.549655 0.516548 0.0797902 0.0840384
0 0.553911 0.487871 0.0869668 0.10103
0 0.373544 0.180825 0.0348928 0.0372947
7 0.648062 0.11438 0.0757278 0.042065
3 0.375829 0.19706 0.0352606 0.0305493
3 0.524976 0.190096 0.0316461 0.032504
0 0.207758 0.357632 0.0647609 0.0597316
