0 0.0464959 0.366772 0.0722417 0.0822049
0 0.292352 0.429805 0.0746564 0.0843609
0 0.51793 0.271698 0.0478632 0.0554153
3 0.290467 0.457225 0.0727248 0.074125
0 0.336972 0.23534 0.0410851 0.0458613
3 0.488275 0.206461 0.0383345 0.0356899
3 0.524871 0.191169 0.0396714 0.0317526
3 0.517036 0.2908 0.0426982 0.0452884
2 0.656011 0.154616 0.091765 0.0497869
3 0.400283 0.15481 0.0279154 0.0288517
0 0.6213 0.0849985 0.0195925 0.0261169
2 0.648723 0.058082 0.0425296 0.0201745
3 0.658173 0.250322 0.0340443 0.0292331
3 0.489717 0.079816 0.0230696 0.0216897
0 0.0318558 0.292722 0.0385674 0.0610209
0 0.472616 0.165728 0.0346047 0.039046
3 0.560469 0.125867 0.0316367 0.0352851
0 0.524448 0.177226 0.0407617 0.0374455
3 0.338904 0.254629 0.0376772 0.0366013
0 0.657568 0.239153 0.0401418 0.0422102
3 0.524903 0.182856 0.040796 0.0424542
0 0.400589 0.15027 0.0270794 0.0338585
3 0.0296991 0.388008 0.0380196 0.0555938
2 0.699231 0.0578075 0.0516074 0.0159975
1 0.0323129 0.386509 0.0520231 0.0571988
3 0.502948 0.134575 0.0553556 0.0301394
1 0.338969 0.254083 0.0385077 0.0372003
0 0.47096 0.159951 0.0344581 0.0253747
3 0.487354 0.196076 0.0374156 0.044722
0 0.483845 0.191149 0.0419233 0.0452084
1 0.0324145 0.388679 0.0374988 0.054083
3 0.518997 0.138316 0.0280385 0.0254761
0 0.588748 0.0895549 0.0259979 0.0293037
3 0.588945 0.0901887 0.0251253 0.0289354
0 0.0464959 0.366772 0.0722417 0.0822049
0 0.292352 0.429805 0.0746564 0.0843609
0 0.51793 0.271698 0.0478632 0.0554153
3 0.290467 0.457225 0.0727248 0.074125
0 0.336972 0.23534 0.0410851 0.0458613
3 0.488275 0.206461 0.0383345 0.0356899
3 0.524871 0.191169 0.0396714 0.0317526
3 0.517036 0.2908 0.0426982 0.0452884
2 0.656011 0.154616 0.091765 0.0497869
3 0.400283 0.15481 0.0279154 0.0288517
0 0.6213 0.0849985 0.0195925 0.0261169
2 0.648723 0.058082 0.0425296 0.0201745
3 0.658173 0.250322 0.0340443 0.0292331
3 0.489717 0.079816 0.0230696 0.0216897
0 0.0318558 0.292722 0.0385674 0.0610209
0 0.472616 0.165728 0.0346047 0.039046
3 0.560469 0.125867 0.0316367 0.0352851
0 0.524448 0.177226 0.0407617 0.0374455
3 0.338904 0.254629 0.0376772 0.0366013
0 0.657568 0.239153 0.0401418 0.0422102
3 0.524903 0.182856 0.040796 0.0424542
0 0.400589 0.15027 0.0270794 0.0338585
3 0.0296991 0.388008 0.0380196 0.0555938
2 0.699231 0.0578075 0.0516074 0.0159975
1 0.0323129 0.386509 0.0520231 0.0571988
3 0.502948 0.134575 0.0553556 0.0301394
1 0.338969 0.254083 0.0385077 0.0372003
0 0.47096 0.159951 0.0344581 0.0253747
3 0.487354 0.196076 0.0374156 0.044722
0 0.483845 0.191149 0.0419233 0.0452084
1 0.0324145 0.388679 0.0374988 0.054083
3 0.518997 0.138316 0.0280385 0.0254761
0 0.588748 0.0895549 0.0259979 0.0293037
3 0.588945 0.0901887 0.0251253 0.0289354
