0 0.603555 0.789442 0.134311 0.150362
0 0.398502 0.7899 0.139786 0.150389
0 0.0763469 0.350251 0.0796707 0.0826878
3 0.684305 0.629297 0.112087 0.110415
3 0.602429 0.851984 0.132715 0.142913
3 0.394437 0.854199 0.11281 0.12851
0 0.213433 0.471136 0.0781498 0.0914576
0 0.680678 0.584226 0.106996 0.114932
0 0.428868 0.727571 0.0589511 0.0545967
3 0.777039 0.359066 0.0679638 0.0610684
2 0.671431 0.071287 0.0613202 0.0320636
3 0.214291 0.508913 0.069147 0.0764317
3 0.564837 0.244604 0.0495023 0.0442248
3 0.689232 0.212498 0.0397202 0.0369531
3 0.504376 0.173441 0.0324622 0.0332989
0 0.563711 0.227402 0.0478695 0.0533852
3 0.489338 0.320356 0.0549269 0.0554041
0 0.490648 0.303775 0.0624713 0.0639659
3 0.42028 0.141601 0.0284256 0.0260385
0 0.777378 0.336686 0.0652802 0.0696637
3 0.739565 0.306393 0.0533988 0.0539536
0 0.689642 0.19721 0.0414489 0.0432492
3 0.540639 0.113647 0.0241574 0.0256357
3 0.344931 0.250302 0.0374708 0.0405705
1 0.0635358 0.371015 0.0472632 0.0563093
0 0.5031 0.159014 0.0342116 0.0348413
3 0.571501 0.0888637 0.0272619 0.0235582
2 0.770504 0.0587953 0.051275 0.0273516
0 0.7414 0.280995 0.0576504 0.0403297
0 0.341388 0.229454 0.0465067 0.0424727
0 0.421144 0.125481 0.0263451 0.0235431
0 0.420435 0.130702 0.0269129 0.034348
0 0.503147 0.150377 0.0333688 0.0174187
0 0.342092 0.223064 0.0439865 0.0290887
0 0.397836 0.757634 0.13801 0.0864743
3 0.540255 0.108143 0.0254227 0.0350117
0 0.490833 0.294096 0.0612964 0.0439641
3 0.480383 0.0783546 0.0205568 0.0269547
3 0.624112 0.039179 0.0286227 0.0234252
3 0.537937 0.096279 0.0271664 0.0203522
0 0.678643 0.557696 0.0961908 0.0618423
3 0.0664609 0.280551 0.0924079 0.0515672
0 0.603555 0.789442 0.134311 0.150362
0 0.398502 0.7899 0.139786 0.150389
0 0.0763469 0.350251 0.0796707 0.0826878
3 0.684305 0.629297 0.112087 0.110415
3 0.602429 0.851984 0.132715 0.142913
3 0.394437 0.854199 0.11281 0.12851
0 0.213433 0.471136 0.0781498 0.0914576
0 0.680678 0.584226 0.106996 0.114932
0 0.428868 0.727571 0.0589511 0.0545967
3 0.777039 0.359066 0.0679638 0.0610684
2 0.671431 0.071287 0.0613202 0.0320636
3 0.214291 0.508913 0.069147 0.0764317
3 0.564837 0.244604 0.0495023 0.0442248
3 0.689232 0.212498 0.0397202 0.0369531
3 0.504376 0.173441 0.0324622 0.0332989
0 0.563711 0.227402 0.0478695 0.0533852
3 0.489338 0.320356 0.0549269 0.0554041
0 0.490648 0.303775 0.0624713 0.0639659
3 0.42028 0.141601 0.0284256 0.0260385
0 0.777378 0.336686 0.0652802 0.0696637
3 0.739565 0.306393 0.0533988 0.0539536
0 0.689642 0.19721 0.0414489 0.0432492
3 0.540639 0.113647 0.0241574 0.0256357
3 0.344931 0.250302 0.0374708 0.0405705
1 0.0635358 0.371015 0.0472632 0.0563093
0 0.5031 0.159014 0.0342116 0.0348413
3 0.571501 0.0888637 0.0272619 0.0235582
2 0.770504 0.0587953 0.051275 0.0273516
0 0.7414 0.280995 0.0576504 0.0403297
0 0.341388 0.229454 0.0465067 0.0424727
0 0.421144 0.125481 0.0263451 0.0235431
0 0.420435 0.130702 0.0269129 0.034348
0 0.503147 0.150377 0.0333688 0.0174187
0 0.342092 0.223064 0.0439865 0.0290887
0 0.397836 0.757634 0.13801 0.0864743
3 0.540255 0.108143 0.0254227 0.0350117
0 0.490833 0.294096 0.0612964 0.0439641
3 0.480383 0.0783546 0.0205568 0.0269547
3 0.624112 0.039179 0.0286227 0.0234252
3 0.537937 0.096279 0.0271664 0.0203522
0 0.678643 0.557696 0.0961908 0.0618423
3 0.0664609 0.280551 0.0924079 0.0515672
0 0.603555 0.789442 0.134311 0.150362
0 0.398502 0.7899 0.139786 0.150389
0 0.0763469 0.350251 0.0796707 0.0826878
3 0.684305 0.629297 0.112087 0.110415
3 0.602429 0.851984 0.132715 0.142913
3 0.394437 0.854199 0.11281 0.12851
0 0.213433 0.471136 0.0781498 0.0914576
0 0.680678 0.584226 0.106996 0.114932
0 0.428868 0.727571 0.0589511 0.0545967
3 0.777039 0.359066 0.0679638 0.0610684
2 0.671431 0.071287 0.0613202 0.0320636
3 0.214291 0.508913 0.069147 0.0764317
3 0.564837 0.244604 0.0495023 0.0442248
3 0.689232 0.212498 0.0397202 0.0369531
3 0.504376 0.173441 0.0324622 0.0332989
0 0.563711 0.227402 0.0478695 0.0533852
3 0.489338 0.320356 0.0549269 0.0554041
0 0.490648 0.303775 0.0624713 0.0639659
3 0.42028 0.141601 0.0284256 0.0260385
0 0.777378 0.336686 0.0652802 0.0696637
3 0.739565 0.306393 0.0533988 0.0539536
0 0.689642 0.19721 0.0414489 0.0432492
3 0.540639 0.113647 0.0241574 0.0256357
3 0.344931 0.250302 0.0374708 0.0405705
1 0.0635358 0.371015 0.0472632 0.0563093
0 0.5031 0.159014 0.0342116 0.0348413
3 0.571501 0.0888637 0.0272619 0.0235582
2 0.770504 0.0587953 0.051275 0.0273516
0 0.7414 0.280995 0.0576504 0.0403297
0 0.341388 0.229454 0.0465067 0.0424727
0 0.421144 0.125481 0.0263451 0.0235431
0 0.420435 0.130702 0.0269129 0.034348
0 0.503147 0.150377 0.0333688 0.0174187
0 0.342092 0.223064 0.0439865 0.0290887
0 0.397836 0.757634 0.13801 0.0864743
3 0.540255 0.108143 0.0254227 0.0350117
0 0.490833 0.294096 0.0612964 0.0439641
3 0.480383 0.0783546 0.0205568 0.0269547
3 0.624112 0.039179 0.0286227 0.0234252
3 0.537937 0.096279 0.0271664 0.0203522
0 0.678643 0.557696 0.0961908 0.0618423
3 0.0664609 0.280551 0.0924079 0.0515672
0 0.603555 0.789442 0.134311 0.150362
0 0.398502 0.7899 0.139786 0.150389
0 0.0763469 0.350251 0.0796707 0.0826878
3 0.684305 0.629297 0.112087 0.110415
3 0.602429 0.851984 0.132715 0.142913
3 0.394437 0.854199 0.11281 0.12851
0 0.213433 0.471136 0.0781498 0.0914576
0 0.680678 0.584226 0.106996 0.114932
0 0.428868 0.727571 0.0589511 0.0545967
3 0.777039 0.359066 0.0679638 0.0610684
2 0.671431 0.071287 0.0613202 0.0320636
3 0.214291 0.508913 0.069147 0.0764317
3 0.564837 0.244604 0.0495023 0.0442248
3 0.689232 0.212498 0.0397202 0.0369531
3 0.504376 0.173441 0.0324622 0.0332989
0 0.563711 0.227402 0.0478695 0.0533852
3 0.489338 0.320356 0.0549269 0.0554041
0 0.490648 0.303775 0.0624713 0.0639659
3 0.42028 0.141601 0.0284256 0.0260385
0 0.777378 0.336686 0.0652802 0.0696637
3 0.739565 0.306393 0.0533988 0.0539536
0 0.689642 0.19721 0.0414489 0.0432492
3 0.540639 0.113647 0.0241574 0.0256357
3 0.344931 0.250302 0.0374708 0.0405705
1 0.0635358 0.371015 0.0472632 0.0563093
0 0.5031 0.159014 0.0342116 0.0348413
3 0.571501 0.0888637 0.0272619 0.0235582
2 0.770504 0.0587953 0.051275 0.0273516
0 0.7414 0.280995 0.0576504 0.0403297
0 0.341388 0.229454 0.0465067 0.0424727
0 0.421144 0.125481 0.0263451 0.0235431
0 0.420435 0.130702 0.0269129 0.034348
0 0.503147 0.150377 0.0333688 0.0174187
0 0.342092 0.223064 0.0439865 0.0290887
0 0.397836 0.757634 0.13801 0.0864743
3 0.540255 0.108143 0.0254227 0.0350117
0 0.490833 0.294096 0.0612964 0.0439641
3 0.480383 0.0783546 0.0205568 0.0269547
3 0.624112 0.039179 0.0286227 0.0234252
3 0.537937 0.096279 0.0271664 0.0203522
0 0.678643 0.557696 0.0961908 0.0618423
3 0.0664609 0.280551 0.0924079 0.0515672
0 0.603555 0.789442 0.134311 0.150362
0 0.398502 0.7899 0.139786 0.150389
0 0.0763469 0.350251 0.0796707 0.0826878
3 0.684305 0.629297 0.112087 0.110415
3 0.602429 0.851984 0.132715 0.142913
3 0.394437 0.854199 0.11281 0.12851
0 0.213433 0.471136 0.0781498 0.0914576
0 0.680678 0.584226 0.106996 0.114932
0 0.428868 0.727571 0.0589511 0.0545967
3 0.777039 0.359066 0.0679638 0.0610684
2 0.671431 0.071287 0.0613202 0.0320636
3 0.214291 0.508913 0.069147 0.0764317
3 0.564837 0.244604 0.0495023 0.0442248
3 0.689232 0.212498 0.0397202 0.0369531
3 0.504376 0.173441 0.0324622 0.0332989
0 0.563711 0.227402 0.0478695 0.0533852
3 0.489338 0.320356 0.0549269 0.0554041
0 0.490648 0.303775 0.0624713 0.0639659
3 0.42028 0.141601 0.0284256 0.0260385
0 0.777378 0.336686 0.0652802 0.0696637
3 0.739565 0.306393 0.0533988 0.0539536
0 0.689642 0.19721 0.0414489 0.0432492
3 0.540639 0.113647 0.0241574 0.0256357
3 0.344931 0.250302 0.0374708 0.0405705
1 0.0635358 0.371015 0.0472632 0.0563093
0 0.5031 0.159014 0.0342116 0.0348413
3 0.571501 0.0888637 0.0272619 0.0235582
2 0.770504 0.0587953 0.051275 0.0273516
0 0.7414 0.280995 0.0576504 0.0403297
0 0.341388 0.229454 0.0465067 0.0424727
0 0.421144 0.125481 0.0263451 0.0235431
0 0.420435 0.130702 0.0269129 0.034348
0 0.503147 0.150377 0.0333688 0.0174187
0 0.342092 0.223064 0.0439865 0.0290887
0 0.397836 0.757634 0.13801 0.0864743
3 0.540255 0.108143 0.0254227 0.0350117
0 0.490833 0.294096 0.0612964 0.0439641
3 0.480383 0.0783546 0.0205568 0.0269547
3 0.624112 0.039179 0.0286227 0.0234252
3 0.537937 0.096279 0.0271664 0.0203522
0 0.678643 0.557696 0.0961908 0.0618423
3 0.0664609 0.280551 0.0924079 0.0515672
0 0.603555 0.789442 0.134311 0.150362
0 0.398502 0.7899 0.139786 0.150389
0 0.0763469 0.350251 0.0796707 0.0826878
3 0.684305 0.629297 0.112087 0.110415
3 0.602429 0.851984 0.132715 0.142913
3 0.394437 0.854199 0.11281 0.12851
0 0.213433 0.471136 0.0781498 0.0914576
0 0.680678 0.584226 0.106996 0.114932
0 0.428868 0.727571 0.0589511 0.0545967
3 0.777039 0.359066 0.0679638 0.0610684
2 0.671431 0.071287 0.0613202 0.0320636
3 0.214291 0.508913 0.069147 0.0764317
3 0.564837 0.244604 0.0495023 0.0442248
3 0.689232 0.212498 0.0397202 0.0369531
3 0.504376 0.173441 0.0324622 0.0332989
0 0.563711 0.227402 0.0478695 0.0533852
3 0.489338 0.320356 0.0549269 0.0554041
0 0.490648 0.303775 0.0624713 0.0639659
3 0.42028 0.141601 0.0284256 0.0260385
0 0.777378 0.336686 0.0652802 0.0696637
3 0.739565 0.306393 0.0533988 0.0539536
0 0.689642 0.19721 0.0414489 0.0432492
3 0.540639 0.113647 0.0241574 0.0256357
3 0.344931 0.250302 0.0374708 0.0405705
1 0.0635358 0.371015 0.0472632 0.0563093
0 0.5031 0.159014 0.0342116 0.0348413
3 0.571501 0.0888637 0.0272619 0.0235582
2 0.770504 0.0587953 0.051275 0.0273516
0 0.7414 0.280995 0.0576504 0.0403297
0 0.341388 0.229454 0.0465067 0.0424727
0 0.421144 0.125481 0.0263451 0.0235431
0 0.420435 0.130702 0.0269129 0.034348
0 0.503147 0.150377 0.0333688 0.0174187
0 0.342092 0.223064 0.0439865 0.0290887
0 0.397836 0.757634 0.13801 0.0864743
3 0.540255 0.108143 0.0254227 0.0350117
0 0.490833 0.294096 0.0612964 0.0439641
3 0.480383 0.0783546 0.0205568 0.0269547
3 0.624112 0.039179 0.0286227 0.0234252
3 0.537937 0.096279 0.0271664 0.0203522
0 0.678643 0.557696 0.0961908 0.0618423
3 0.0664609 0.280551 0.0924079 0.0515672
