2 0.596343 0.866198 0.0894383 0.156096
2 0.598677 0.675254 0.0593168 0.0910819
2 0.602475 0.765997 0.0704389 0.108029
2 0.501885 0.717283 0.0707898 0.111234
2 0.451101 0.957675 0.11446 0.0832241
2 0.451136 0.87813 0.089408 0.133426
2 0.497691 0.652493 0.067098 0.0766951
2 0.777542 0.511984 0.0401758 0.0511125
2 0.609921 0.978087 0.106036 0.040878
2 0.598889 0.616004 0.0534262 0.0717543
2 0.829154 0.509712 0.0402443 0.0742861
2 0.304194 0.788401 0.105617 0.170819
7 0.705653 0.729703 0.0784038 0.186073
5 0.705703 0.731873 0.0779642 0.181198
5 0.894281 0.687628 0.0708916 0.108483
2 0.597692 0.56924 0.0500994 0.0730143
2 0.510739 0.581707 0.0508598 0.0566209
2 0.894221 0.687539 0.0710632 0.107586
2 0.21091 0.566912 0.0476571 0.0763775
7 0.680951 0.558333 0.0588453 0.121239
2 0.528655 0.533522 0.0384607 0.0427002
2 0.69545 0.659809 0.0660656 0.103946
2 0.786021 0.987111 0.0840692 0.0246899
2 0.174257 0.599039 0.0509541 0.0969009
2 0.594073 0.456179 0.03428 0.0540049
5 0.12625 0.888576 0.252348 0.220481
7 0.539042 0.445696 0.0350871 0.0908147
7 0.126235 0.889767 0.252471 0.217907
5 0.0376863 0.688242 0.0750027 0.169324
5 0.664763 0.492615 0.0519428 0.146012
2 0.0451327 0.465964 0.0457231 0.0442483
2 0.511583 0.612851 0.0537023 0.0877104
5 0.372631 0.602097 0.120765 0.204252
2 0.126515 0.887361 0.251711 0.219262
2 0.735748 0.412631 0.0208855 0.0252462
5 0.157286 0.476888 0.0764774 0.165823
2 0.766261 0.4398 0.0309324 0.0333271
2 0.596343 0.866198 0.0894383 0.156096
2 0.598677 0.675254 0.0593168 0.0910819
2 0.602475 0.765997 0.0704389 0.108029
2 0.501885 0.717283 0.0707898 0.111234
2 0.451101 0.957675 0.11446 0.0832241
2 0.451136 0.87813 0.089408 0.133426
2 0.497691 0.652493 0.067098 0.0766951
2 0.777542 0.511984 0.0401758 0.0511125
2 0.609921 0.978087 0.106036 0.040878
2 0.598889 0.616004 0.0534262 0.0717543
2 0.829154 0.509712 0.0402443 0.0742861
2 0.304194 0.788401 0.105617 0.170819
7 0.705653 0.729703 0.0784038 0.186073
5 0.705703 0.731873 0.0779642 0.181198
5 0.894281 0.687628 0.0708916 0.108483
2 0.597692 0.56924 0.0500994 0.0730143
2 0.510739 0.581707 0.0508598 0.0566209
2 0.894221 0.687539 0.0710632 0.107586
2 0.21091 0.566912 0.0476571 0.0763775
7 0.680951 0.558333 0.0588453 0.121239
2 0.528655 0.533522 0.0384607 0.0427002
2 0.69545 0.659809 0.0660656 0.103946
2 0.786021 0.987111 0.0840692 0.0246899
2 0.174257 0.599039 0.0509541 0.0969009
2 0.594073 0.456179 0.03428 0.0540049
5 0.12625 0.888576 0.252348 0.220481
7 0.539042 0.445696 0.0350871 0.0908147
7 0.126235 0.889767 0.252471 0.217907
5 0.0376863 0.688242 0.0750027 0.169324
5 0.664763 0.492615 0.0519428 0.146012
2 0.0451327 0.465964 0.0457231 0.0442483
2 0.511583 0.612851 0.0537023 0.0877104
5 0.372631 0.602097 0.120765 0.204252
2 0.126515 0.887361 0.251711 0.219262
2 0.735748 0.412631 0.0208855 0.0252462
5 0.157286 0.476888 0.0764774 0.165823
2 0.766261 0.4398 0.0309324 0.0333271
2 0.596343 0.866198 0.0894383 0.156096
2 0.598677 0.675254 0.0593168 0.0910819
2 0.602475 0.765997 0.0704389 0.108029
2 0.501885 0.717283 0.0707898 0.111234
2 0.451101 0.957675 0.11446 0.0832241
2 0.451136 0.87813 0.089408 0.133426
2 0.497691 0.652493 0.067098 0.0766951
2 0.777542 0.511984 0.0401758 0.0511125
2 0.609921 0.978087 0.106036 0.040878
2 0.598889 0.616004 0.0534262 0.0717543
2 0.829154 0.509712 0.0402443 0.0742861
2 0.304194 0.788401 0.105617 0.170819
7 0.705653 0.729703 0.0784038 0.186073
5 0.705703 0.731873 0.0779642 0.181198
5 0.894281 0.687628 0.0708916 0.108483
2 0.597692 0.56924 0.0500994 0.0730143
2 0.510739 0.581707 0.0508598 0.0566209
2 0.894221 0.687539 0.0710632 0.107586
2 0.21091 0.566912 0.0476571 0.0763775
7 0.680951 0.558333 0.0588453 0.121239
2 0.528655 0.533522 0.0384607 0.0427002
2 0.69545 0.659809 0.0660656 0.103946
2 0.786021 0.987111 0.0840692 0.0246899
2 0.174257 0.599039 0.0509541 0.0969009
2 0.594073 0.456179 0.03428 0.0540049
5 0.12625 0.888576 0.252348 0.220481
7 0.539042 0.445696 0.0350871 0.0908147
7 0.126235 0.889767 0.252471 0.217907
5 0.0376863 0.688242 0.0750027 0.169324
5 0.664763 0.492615 0.0519428 0.146012
2 0.0451327 0.465964 0.0457231 0.0442483
2 0.511583 0.612851 0.0537023 0.0877104
5 0.372631 0.602097 0.120765 0.204252
2 0.126515 0.887361 0.251711 0.219262
2 0.735748 0.412631 0.0208855 0.0252462
5 0.157286 0.476888 0.0764774 0.165823
2 0.766261 0.4398 0.0309324 0.0333271
2 0.596343 0.866198 0.0894383 0.156096
2 0.598677 0.675254 0.0593168 0.0910819
2 0.602475 0.765997 0.0704389 0.108029
2 0.501885 0.717283 0.0707898 0.111234
2 0.451101 0.957675 0.11446 0.0832241
2 0.451136 0.87813 0.089408 0.133426
2 0.497691 0.652493 0.067098 0.0766951
2 0.777542 0.511984 0.0401758 0.0511125
2 0.609921 0.978087 0.106036 0.040878
2 0.598889 0.616004 0.0534262 0.0717543
2 0.829154 0.509712 0.0402443 0.0742861
2 0.304194 0.788401 0.105617 0.170819
7 0.705653 0.729703 0.0784038 0.186073
5 0.705703 0.731873 0.0779642 0.181198
5 0.894281 0.687628 0.0708916 0.108483
2 0.597692 0.56924 0.0500994 0.0730143
2 0.510739 0.581707 0.0508598 0.0566209
2 0.894221 0.687539 0.0710632 0.107586
2 0.21091 0.566912 0.0476571 0.0763775
7 0.680951 0.558333 0.0588453 0.121239
2 0.528655 0.533522 0.0384607 0.0427002
2 0.69545 0.659809 0.0660656 0.103946
2 0.786021 0.987111 0.0840692 0.0246899
2 0.174257 0.599039 0.0509541 0.0969009
2 0.594073 0.456179 0.03428 0.0540049
5 0.12625 0.888576 0.252348 0.220481
7 0.539042 0.445696 0.0350871 0.0908147
7 0.126235 0.889767 0.252471 0.217907
5 0.0376863 0.688242 0.0750027 0.169324
5 0.664763 0.492615 0.0519428 0.146012
2 0.0451327 0.465964 0.0457231 0.0442483
2 0.511583 0.612851 0.0537023 0.0877104
5 0.372631 0.602097 0.120765 0.204252
2 0.126515 0.887361 0.251711 0.219262
2 0.735748 0.412631 0.0208855 0.0252462
5 0.157286 0.476888 0.0764774 0.165823
2 0.766261 0.4398 0.0309324 0.0333271
2 0.596343 0.866198 0.0894383 0.156096
2 0.598677 0.675254 0.0593168 0.0910819
2 0.602475 0.765997 0.0704389 0.108029
2 0.501885 0.717283 0.0707898 0.111234
2 0.451101 0.957675 0.11446 0.0832241
2 0.451136 0.87813 0.089408 0.133426
2 0.497691 0.652493 0.067098 0.0766951
2 0.777542 0.511984 0.0401758 0.0511125
2 0.609921 0.978087 0.106036 0.040878
2 0.598889 0.616004 0.0534262 0.0717543
2 0.829154 0.509712 0.0402443 0.0742861
2 0.304194 0.788401 0.105617 0.170819
7 0.705653 0.729703 0.0784038 0.186073
5 0.705703 0.731873 0.0779642 0.181198
5 0.894281 0.687628 0.0708916 0.108483
2 0.597692 0.56924 0.0500994 0.0730143
2 0.510739 0.581707 0.0508598 0.0566209
2 0.894221 0.687539 0.0710632 0.107586
2 0.21091 0.566912 0.0476571 0.0763775
7 0.680951 0.558333 0.0588453 0.121239
2 0.528655 0.533522 0.0384607 0.0427002
2 0.69545 0.659809 0.0660656 0.103946
2 0.786021 0.987111 0.0840692 0.0246899
2 0.174257 0.599039 0.0509541 0.0969009
2 0.594073 0.456179 0.03428 0.0540049
5 0.12625 0.888576 0.252348 0.220481
7 0.539042 0.445696 0.0350871 0.0908147
7 0.126235 0.889767 0.252471 0.217907
5 0.0376863 0.688242 0.0750027 0.169324
5 0.664763 0.492615 0.0519428 0.146012
2 0.0451327 0.465964 0.0457231 0.0442483
2 0.511583 0.612851 0.0537023 0.0877104
5 0.372631 0.602097 0.120765 0.204252
2 0.126515 0.887361 0.251711 0.219262
2 0.735748 0.412631 0.0208855 0.0252462
5 0.157286 0.476888 0.0764774 0.165823
2 0.766261 0.4398 0.0309324 0.0333271
2 0.30528 0.791174 0.106365 0.179102
2 0.596232 0.865304 0.0904658 0.148033
2 0.894061 0.689598 0.0723566 0.106808
2 0.50063 0.717472 0.0676418 0.0988449
2 0.450682 0.880772 0.0918907 0.139735
2 0.603799 0.763401 0.0697455 0.101246
2 0.599 0.677418 0.0584662 0.0916969
2 0.452478 0.957856 0.112331 0.0806549
5 0.667068 0.468926 0.0482052 0.103146
5 0.372997 0.618146 0.120946 0.23397
2 0.827649 0.509778 0.0434193 0.0735431
7 0.706753 0.734168 0.0765249 0.175549
2 0.495886 0.654395 0.0632242 0.0740407
5 0.0381612 0.686664 0.0760439 0.164347
2 0.0446661 0.466302 0.0455623 0.0471358
2 0.30528 0.791174 0.106365 0.179102
2 0.596232 0.865304 0.0904658 0.148033
2 0.894061 0.689598 0.0723566 0.106808
2 0.50063 0.717472 0.0676418 0.0988449
2 0.450682 0.880772 0.0918907 0.139735
2 0.603799 0.763401 0.0697455 0.101246
2 0.599 0.677418 0.0584662 0.0916969
2 0.452478 0.957856 0.112331 0.0806549
5 0.667068 0.468926 0.0482052 0.103146
5 0.372997 0.618146 0.120946 0.23397
2 0.827649 0.509778 0.0434193 0.0735431
7 0.706753 0.734168 0.0765249 0.175549
2 0.495886 0.654395 0.0632242 0.0740407
5 0.0381612 0.686664 0.0760439 0.164347
2 0.0446661 0.466302 0.0455623 0.0471358
2 0.30528 0.791174 0.106365 0.179102
2 0.596232 0.865304 0.0904658 0.148033
2 0.894061 0.689598 0.0723566 0.106808
2 0.50063 0.717472 0.0676418 0.0988449
2 0.450682 0.880772 0.0918907 0.139735
2 0.603799 0.763401 0.0697455 0.101246
2 0.599 0.677418 0.0584662 0.0916969
2 0.452478 0.957856 0.112331 0.0806549
5 0.667068 0.468926 0.0482052 0.103146
5 0.372997 0.618146 0.120946 0.23397
2 0.827649 0.509778 0.0434193 0.0735431
7 0.706753 0.734168 0.0765249 0.175549
2 0.495886 0.654395 0.0632242 0.0740407
5 0.0381612 0.686664 0.0760439 0.164347
2 0.0446661 0.466302 0.0455623 0.0471358
2 0.30528 0.791174 0.106365 0.179102
2 0.596232 0.865304 0.0904658 0.148033
2 0.894061 0.689598 0.0723566 0.106808
2 0.50063 0.717472 0.0676418 0.0988449
2 0.450682 0.880772 0.0918907 0.139735
2 0.603799 0.763401 0.0697455 0.101246
2 0.599 0.677418 0.0584662 0.0916969
2 0.452478 0.957856 0.112331 0.0806549
5 0.667068 0.468926 0.0482052 0.103146
5 0.372997 0.618146 0.120946 0.23397
2 0.827649 0.509778 0.0434193 0.0735431
7 0.706753 0.734168 0.0765249 0.175549
2 0.495886 0.654395 0.0632242 0.0740407
5 0.0381612 0.686664 0.0760439 0.164347
2 0.0446661 0.466302 0.0455623 0.0471358
2 0.30528 0.791174 0.106365 0.179102
2 0.596232 0.865304 0.0904658 0.148033
2 0.894061 0.689598 0.0723566 0.106808
2 0.50063 0.717472 0.0676418 0.0988449
2 0.450682 0.880772 0.0918907 0.139735
2 0.603799 0.763401 0.0697455 0.101246
2 0.599 0.677418 0.0584662 0.0916969
2 0.452478 0.957856 0.112331 0.0806549
5 0.667068 0.468926 0.0482052 0.103146
5 0.372997 0.618146 0.120946 0.23397
2 0.827649 0.509778 0.0434193 0.0735431
7 0.706753 0.734168 0.0765249 0.175549
2 0.495886 0.654395 0.0632242 0.0740407
5 0.0381612 0.686664 0.0760439 0.164347
2 0.0446661 0.466302 0.0455623 0.0471358
2 0.30528 0.791174 0.106365 0.179102
2 0.596232 0.865304 0.0904658 0.148033
2 0.894061 0.689598 0.0723566 0.106808
2 0.50063 0.717472 0.0676418 0.0988449
2 0.450682 0.880772 0.0918907 0.139735
2 0.603799 0.763401 0.0697455 0.101246
2 0.599 0.677418 0.0584662 0.0916969
2 0.452478 0.957856 0.112331 0.0806549
5 0.667068 0.468926 0.0482052 0.103146
5 0.372997 0.618146 0.120946 0.23397
2 0.827649 0.509778 0.0434193 0.0735431
7 0.706753 0.734168 0.0765249 0.175549
2 0.495886 0.654395 0.0632242 0.0740407
5 0.0381612 0.686664 0.0760439 0.164347
2 0.0446661 0.466302 0.0455623 0.0471358
2 0.30528 0.791174 0.106365 0.179102
2 0.596232 0.865304 0.0904658 0.148033
2 0.894061 0.689598 0.0723566 0.106808
2 0.50063 0.717472 0.0676418 0.0988449
2 0.450682 0.880772 0.0918907 0.139735
2 0.603799 0.763401 0.0697455 0.101246
2 0.599 0.677418 0.0584662 0.0916969
2 0.452478 0.957856 0.112331 0.0806549
5 0.667068 0.468926 0.0482052 0.103146
5 0.372997 0.618146 0.120946 0.23397
2 0.827649 0.509778 0.0434193 0.0735431
7 0.706753 0.734168 0.0765249 0.175549
2 0.495886 0.654395 0.0632242 0.0740407
5 0.0381612 0.686664 0.0760439 0.164347
2 0.0446661 0.466302 0.0455623 0.0471358
2 0.30528 0.791174 0.106365 0.179102
2 0.596232 0.865304 0.0904658 0.148033
2 0.894061 0.689598 0.0723566 0.106808
2 0.50063 0.717472 0.0676418 0.0988449
2 0.450682 0.880772 0.0918907 0.139735
2 0.603799 0.763401 0.0697455 0.101246
2 0.599 0.677418 0.0584662 0.0916969
2 0.452478 0.957856 0.112331 0.0806549
5 0.667068 0.468926 0.0482052 0.103146
5 0.372997 0.618146 0.120946 0.23397
2 0.827649 0.509778 0.0434193 0.0735431
7 0.706753 0.734168 0.0765249 0.175549
2 0.495886 0.654395 0.0632242 0.0740407
5 0.0381612 0.686664 0.0760439 0.164347
2 0.0446661 0.466302 0.0455623 0.0471358
2 0.609209 0.977931 0.105162 0.0431049
2 0.598979 0.615272 0.0509424 0.0742639
5 0.681943 0.559396 0.058941 0.122086
2 0.776856 0.509542 0.0444349 0.0496801
2 0.17417 0.601454 0.0535228 0.0955373
7 0.156599 0.492638 0.0794554 0.197582
5 0.640762 0.416945 0.0287241 0.0583328
7 0.126926 0.885781 0.252886 0.220043
5 0.156759 0.494362 0.0795024 0.198825
2 0.699578 0.63945 0.0581389 0.0649736
2 0.0490561 0.412355 0.0535819 0.0394938
