5 0.943577 0.610151 0.111928 0.185747
2 0.758664 0.929493 0.102449 0.135577
5 0.32743 0.679719 0.158238 0.294414
2 0.700713 0.741054 0.0756025 0.12273
2 0.45421 0.921803 0.105782 0.150829
2 0.595961 0.922301 0.101546 0.151998
2 0.45273 0.827862 0.0992619 0.139747
2 0.822678 0.611979 0.0616585 0.0911937
2 0.661836 0.541014 0.0412981 0.0597618
2 0.597306 0.661838 0.0575136 0.0848872
2 0.68992 0.653348 0.062096 0.106881
2 0.607143 0.812312 0.0773903 0.119492
2 0.496954 0.76886 0.0732517 0.121067
2 0.624705 0.589349 0.0544598 0.0725377
2 0.516544 0.564028 0.0445004 0.072536
2 0.843575 0.57839 0.0450226 0.066993
2 0.589056 0.507725 0.0387048 0.0635388
2 0.381072 0.977082 0.112797 0.0456926
5 0.849927 0.516557 0.0581593 0.110912
7 0.84977 0.51685 0.0585201 0.1126
5 0.414909 0.556626 0.0658473 0.192281
2 0.524007 0.504911 0.0401876 0.0571086
2 0.590308 0.562577 0.0475662 0.0672867
7 0.115476 0.876938 0.229725 0.235995
2 0.49541 0.677108 0.0605835 0.071582
2 0.151586 0.536337 0.0729588 0.0836309
2 0.849769 0.51595 0.0585651 0.109668
2 0.499387 0.621085 0.0529578 0.0690279
5 0.0401555 0.541612 0.0796175 0.238905
7 0.635869 0.432071 0.0443478 0.0866213
7 0.649849 0.489585 0.0408401 0.0867302
2 0.53401 0.457799 0.0344156 0.0528826
2 0.494489 0.692035 0.0593264 0.0737501
2 0.589675 0.460422 0.0302895 0.0378615
7 0.785701 0.505645 0.0487022 0.128992
2 0.496735 0.693533 0.0658829 0.0957621
5 0.943577 0.610151 0.111928 0.185747
2 0.758664 0.929493 0.102449 0.135577
5 0.32743 0.679719 0.158238 0.294414
2 0.700713 0.741054 0.0756025 0.12273
2 0.45421 0.921803 0.105782 0.150829
2 0.595961 0.922301 0.101546 0.151998
2 0.45273 0.827862 0.0992619 0.139747
2 0.822678 0.611979 0.0616585 0.0911937
2 0.661836 0.541014 0.0412981 0.0597618
2 0.597306 0.661838 0.0575136 0.0848872
2 0.68992 0.653348 0.062096 0.106881
2 0.607143 0.812312 0.0773903 0.119492
2 0.496954 0.76886 0.0732517 0.121067
2 0.624705 0.589349 0.0544598 0.0725377
2 0.516544 0.564028 0.0445004 0.072536
2 0.843575 0.57839 0.0450226 0.066993
2 0.589056 0.507725 0.0387048 0.0635388
2 0.381072 0.977082 0.112797 0.0456926
5 0.849927 0.516557 0.0581593 0.110912
7 0.84977 0.51685 0.0585201 0.1126
5 0.414909 0.556626 0.0658473 0.192281
2 0.524007 0.504911 0.0401876 0.0571086
2 0.590308 0.562577 0.0475662 0.0672867
7 0.115476 0.876938 0.229725 0.235995
2 0.49541 0.677108 0.0605835 0.071582
2 0.151586 0.536337 0.0729588 0.0836309
2 0.849769 0.51595 0.0585651 0.109668
2 0.499387 0.621085 0.0529578 0.0690279
5 0.0401555 0.541612 0.0796175 0.238905
7 0.635869 0.432071 0.0443478 0.0866213
7 0.649849 0.489585 0.0408401 0.0867302
2 0.53401 0.457799 0.0344156 0.0528826
2 0.494489 0.692035 0.0593264 0.0737501
2 0.589675 0.460422 0.0302895 0.0378615
7 0.785701 0.505645 0.0487022 0.128992
2 0.496735 0.693533 0.0658829 0.0957621
5 0.943577 0.610151 0.111928 0.185747
2 0.758664 0.929493 0.102449 0.135577
5 0.32743 0.679719 0.158238 0.294414
2 0.700713 0.741054 0.0756025 0.12273
2 0.45421 0.921803 0.105782 0.150829
2 0.595961 0.922301 0.101546 0.151998
2 0.45273 0.827862 0.0992619 0.139747
2 0.822678 0.611979 0.0616585 0.0911937
2 0.661836 0.541014 0.0412981 0.0597618
2 0.597306 0.661838 0.0575136 0.0848872
2 0.68992 0.653348 0.062096 0.106881
2 0.607143 0.812312 0.0773903 0.119492
2 0.496954 0.76886 0.0732517 0.121067
2 0.624705 0.589349 0.0544598 0.0725377
2 0.516544 0.564028 0.0445004 0.072536
2 0.843575 0.57839 0.0450226 0.066993
2 0.589056 0.507725 0.0387048 0.0635388
2 0.381072 0.977082 0.112797 0.0456926
5 0.849927 0.516557 0.0581593 0.110912
7 0.84977 0.51685 0.0585201 0.1126
5 0.414909 0.556626 0.0658473 0.192281
2 0.524007 0.504911 0.0401876 0.0571086
2 0.590308 0.562577 0.0475662 0.0672867
7 0.115476 0.876938 0.229725 0.235995
2 0.49541 0.677108 0.0605835 0.071582
2 0.151586 0.536337 0.0729588 0.0836309
2 0.849769 0.51595 0.0585651 0.109668
2 0.499387 0.621085 0.0529578 0.0690279
5 0.0401555 0.541612 0.0796175 0.238905
7 0.635869 0.432071 0.0443478 0.0866213
7 0.649849 0.489585 0.0408401 0.0867302
2 0.53401 0.457799 0.0344156 0.0528826
2 0.494489 0.692035 0.0593264 0.0737501
2 0.589675 0.460422 0.0302895 0.0378615
7 0.785701 0.505645 0.0487022 0.128992
2 0.496735 0.693533 0.0658829 0.0957621
5 0.943577 0.610151 0.111928 0.185747
2 0.758664 0.929493 0.102449 0.135577
5 0.32743 0.679719 0.158238 0.294414
2 0.700713 0.741054 0.0756025 0.12273
2 0.45421 0.921803 0.105782 0.150829
2 0.595961 0.922301 0.101546 0.151998
2 0.45273 0.827862 0.0992619 0.139747
2 0.822678 0.611979 0.0616585 0.0911937
2 0.661836 0.541014 0.0412981 0.0597618
2 0.597306 0.661838 0.0575136 0.0848872
2 0.68992 0.653348 0.062096 0.106881
2 0.607143 0.812312 0.0773903 0.119492
2 0.496954 0.76886 0.0732517 0.121067
2 0.624705 0.589349 0.0544598 0.0725377
2 0.516544 0.564028 0.0445004 0.072536
2 0.843575 0.57839 0.0450226 0.066993
2 0.589056 0.507725 0.0387048 0.0635388
2 0.381072 0.977082 0.112797 0.0456926
5 0.849927 0.516557 0.0581593 0.110912
7 0.84977 0.51685 0.0585201 0.1126
5 0.414909 0.556626 0.0658473 0.192281
2 0.524007 0.504911 0.0401876 0.0571086
2 0.590308 0.562577 0.0475662 0.0672867
7 0.115476 0.876938 0.229725 0.235995
2 0.49541 0.677108 0.0605835 0.071582
2 0.151586 0.536337 0.0729588 0.0836309
2 0.849769 0.51595 0.0585651 0.109668
2 0.499387 0.621085 0.0529578 0.0690279
5 0.0401555 0.541612 0.0796175 0.238905
7 0.635869 0.432071 0.0443478 0.0866213
7 0.649849 0.489585 0.0408401 0.0867302
2 0.53401 0.457799 0.0344156 0.0528826
2 0.494489 0.692035 0.0593264 0.0737501
2 0.589675 0.460422 0.0302895 0.0378615
7 0.785701 0.505645 0.0487022 0.128992
2 0.496735 0.693533 0.0658829 0.0957621
5 0.943577 0.610151 0.111928 0.185747
2 0.758664 0.929493 0.102449 0.135577
5 0.32743 0.679719 0.158238 0.294414
2 0.700713 0.741054 0.0756025 0.12273
2 0.45421 0.921803 0.105782 0.150829
2 0.595961 0.922301 0.101546 0.151998
2 0.45273 0.827862 0.0992619 0.139747
2 0.822678 0.611979 0.0616585 0.0911937
2 0.661836 0.541014 0.0412981 0.0597618
2 0.597306 0.661838 0.0575136 0.0848872
2 0.68992 0.653348 0.062096 0.106881
2 0.607143 0.812312 0.0773903 0.119492
2 0.496954 0.76886 0.0732517 0.121067
2 0.624705 0.589349 0.0544598 0.0725377
2 0.516544 0.564028 0.0445004 0.072536
2 0.843575 0.57839 0.0450226 0.066993
2 0.589056 0.507725 0.0387048 0.0635388
2 0.381072 0.977082 0.112797 0.0456926
5 0.849927 0.516557 0.0581593 0.110912
7 0.84977 0.51685 0.0585201 0.1126
5 0.414909 0.556626 0.0658473 0.192281
2 0.524007 0.504911 0.0401876 0.0571086
2 0.590308 0.562577 0.0475662 0.0672867
7 0.115476 0.876938 0.229725 0.235995
2 0.49541 0.677108 0.0605835 0.071582
2 0.151586 0.536337 0.0729588 0.0836309
2 0.849769 0.51595 0.0585651 0.109668
2 0.499387 0.621085 0.0529578 0.0690279
5 0.0401555 0.541612 0.0796175 0.238905
7 0.635869 0.432071 0.0443478 0.0866213
7 0.649849 0.489585 0.0408401 0.0867302
2 0.53401 0.457799 0.0344156 0.0528826
2 0.494489 0.692035 0.0593264 0.0737501
2 0.589675 0.460422 0.0302895 0.0378615
7 0.785701 0.505645 0.0487022 0.128992
2 0.496735 0.693533 0.0658829 0.0957621
5 0.943673 0.610558 0.111854 0.186075
5 0.326338 0.681522 0.157443 0.293017
2 0.757683 0.929808 0.102485 0.135209
2 0.595783 0.922082 0.101858 0.151354
5 0.115313 0.87233 0.230109 0.248526
2 0.700721 0.740219 0.0740379 0.114243
2 0.453466 0.92195 0.105304 0.150885
2 0.451538 0.828699 0.0965282 0.139507
2 0.822643 0.609325 0.0615965 0.090421
2 0.597168 0.660721 0.0568074 0.0819315
2 0.497583 0.768356 0.0713017 0.118956
2 0.689801 0.654053 0.0617252 0.110218
2 0.662118 0.541344 0.0413259 0.0593179
2 0.382471 0.976893 0.107301 0.0437368
2 0.607504 0.810781 0.0757732 0.115721
2 0.152915 0.538386 0.0711387 0.0849903
5 0.943673 0.610558 0.111854 0.186075
5 0.326338 0.681522 0.157443 0.293017
2 0.757683 0.929808 0.102485 0.135209
2 0.595783 0.922082 0.101858 0.151354
5 0.115313 0.87233 0.230109 0.248526
2 0.700721 0.740219 0.0740379 0.114243
2 0.453466 0.92195 0.105304 0.150885
2 0.451538 0.828699 0.0965282 0.139507
2 0.822643 0.609325 0.0615965 0.090421
2 0.597168 0.660721 0.0568074 0.0819315
2 0.497583 0.768356 0.0713017 0.118956
2 0.689801 0.654053 0.0617252 0.110218
2 0.662118 0.541344 0.0413259 0.0593179
2 0.382471 0.976893 0.107301 0.0437368
2 0.607504 0.810781 0.0757732 0.115721
2 0.152915 0.538386 0.0711387 0.0849903
5 0.943673 0.610558 0.111854 0.186075
5 0.326338 0.681522 0.157443 0.293017
2 0.757683 0.929808 0.102485 0.135209
2 0.595783 0.922082 0.101858 0.151354
5 0.115313 0.87233 0.230109 0.248526
2 0.700721 0.740219 0.0740379 0.114243
2 0.453466 0.92195 0.105304 0.150885
2 0.451538 0.828699 0.0965282 0.139507
2 0.822643 0.609325 0.0615965 0.090421
2 0.597168 0.660721 0.0568074 0.0819315
2 0.497583 0.768356 0.0713017 0.118956
2 0.689801 0.654053 0.0617252 0.110218
2 0.662118 0.541344 0.0413259 0.0593179
2 0.382471 0.976893 0.107301 0.0437368
2 0.607504 0.810781 0.0757732 0.115721
2 0.152915 0.538386 0.0711387 0.0849903
5 0.943673 0.610558 0.111854 0.186075
5 0.326338 0.681522 0.157443 0.293017
2 0.757683 0.929808 0.102485 0.135209
2 0.595783 0.922082 0.101858 0.151354
5 0.115313 0.87233 0.230109 0.248526
2 0.700721 0.740219 0.0740379 0.114243
2 0.453466 0.92195 0.105304 0.150885
2 0.451538 0.828699 0.0965282 0.139507
2 0.822643 0.609325 0.0615965 0.090421
2 0.597168 0.660721 0.0568074 0.0819315
2 0.497583 0.768356 0.0713017 0.118956
2 0.689801 0.654053 0.0617252 0.110218
2 0.662118 0.541344 0.0413259 0.0593179
2 0.382471 0.976893 0.107301 0.0437368
2 0.607504 0.810781 0.0757732 0.115721
2 0.152915 0.538386 0.0711387 0.0849903
5 0.943673 0.610558 0.111854 0.186075
5 0.326338 0.681522 0.157443 0.293017
2 0.757683 0.929808 0.102485 0.135209
2 0.595783 0.922082 0.101858 0.151354
5 0.115313 0.87233 0.230109 0.248526
2 0.700721 0.740219 0.0740379 0.114243
2 0.453466 0.92195 0.105304 0.150885
2 0.451538 0.828699 0.0965282 0.139507
2 0.822643 0.609325 0.0615965 0.090421
2 0.597168 0.660721 0.0568074 0.0819315
2 0.497583 0.768356 0.0713017 0.118956
2 0.689801 0.654053 0.0617252 0.110218
2 0.662118 0.541344 0.0413259 0.0593179
2 0.382471 0.976893 0.107301 0.0437368
2 0.607504 0.810781 0.0757732 0.115721
2 0.152915 0.538386 0.0711387 0.0849903
5 0.943673 0.610558 0.111854 0.186075
5 0.326338 0.681522 0.157443 0.293017
2 0.757683 0.929808 0.102485 0.135209
2 0.595783 0.922082 0.101858 0.151354
5 0.115313 0.87233 0.230109 0.248526
2 0.700721 0.740219 0.0740379 0.114243
2 0.453466 0.92195 0.105304 0.150885
2 0.451538 0.828699 0.0965282 0.139507
2 0.822643 0.609325 0.0615965 0.090421
2 0.597168 0.660721 0.0568074 0.0819315
2 0.497583 0.768356 0.0713017 0.118956
2 0.689801 0.654053 0.0617252 0.110218
2 0.662118 0.541344 0.0413259 0.0593179
2 0.382471 0.976893 0.107301 0.0437368
2 0.607504 0.810781 0.0757732 0.115721
2 0.152915 0.538386 0.0711387 0.0849903
5 0.943673 0.610558 0.111854 0.186075
5 0.326338 0.681522 0.157443 0.293017
2 0.757683 0.929808 0.102485 0.135209
2 0.595783 0.922082 0.101858 0.151354
5 0.115313 0.87233 0.230109 0.248526
2 0.700721 0.740219 0.0740379 0.114243
2 0.453466 0.92195 0.105304 0.150885
2 0.451538 0.828699 0.0965282 0.139507
2 0.822643 0.609325 0.0615965 0.090421
2 0.597168 0.660721 0.0568074 0.0819315
2 0.497583 0.768356 0.0713017 0.118956
2 0.689801 0.654053 0.0617252 0.110218
2 0.662118 0.541344 0.0413259 0.0593179
2 0.382471 0.976893 0.107301 0.0437368
2 0.607504 0.810781 0.0757732 0.115721
2 0.152915 0.538386 0.0711387 0.0849903
5 0.943673 0.610558 0.111854 0.186075
5 0.326338 0.681522 0.157443 0.293017
2 0.757683 0.929808 0.102485 0.135209
2 0.595783 0.922082 0.101858 0.151354
5 0.115313 0.87233 0.230109 0.248526
2 0.700721 0.740219 0.0740379 0.114243
2 0.453466 0.92195 0.105304 0.150885
2 0.451538 0.828699 0.0965282 0.139507
2 0.822643 0.609325 0.0615965 0.090421
2 0.597168 0.660721 0.0568074 0.0819315
2 0.497583 0.768356 0.0713017 0.118956
2 0.689801 0.654053 0.0617252 0.110218
2 0.662118 0.541344 0.0413259 0.0593179
2 0.382471 0.976893 0.107301 0.0437368
2 0.607504 0.810781 0.0757732 0.115721
2 0.152915 0.538386 0.0711387 0.0849903
5 0.127653 0.459038 0.0865641 0.128903
7 0.0386475 0.570677 0.0732104 0.170746
2 0.627345 0.587717 0.0549339 0.0713008
5 0.850129 0.517054 0.0580448 0.113471
2 0.494926 0.682066 0.0595123 0.0808906
2 0.843142 0.577428 0.0428204 0.0681471
2 0.599026 0.745055 0.0603413 0.0791546
7 0.650614 0.496137 0.0395222 0.0970308
5 0.0383912 0.570796 0.0739953 0.16925
2 0.849923 0.517032 0.0583797 0.113399
5 0.404353 0.529664 0.0833104 0.141375
2 0.516585 0.561906 0.0442844 0.0640272
2 0.500907 0.628385 0.0557303 0.0815245
2 0.590045 0.56562 0.0462033 0.0624442
