5 0.310054 0.761618 0.174393 0.318521
7 0.776411 0.87258 0.112094 0.231084
2 0.614026 0.725231 0.0580985 0.101039
2 0.8475 0.547018 0.0447319 0.0678792
2 0.462067 0.95661 0.11127 0.0844354
2 0.616011 0.851141 0.0801315 0.138347
2 0.0663724 0.721146 0.0807862 0.118411
5 0.777111 0.436443 0.0404272 0.0777419
2 0.0860167 0.628077 0.0779508 0.0885049
5 0.415457 0.578102 0.0845383 0.16919
2 0.724188 0.791641 0.0697109 0.124928
2 0.628191 0.972005 0.0893883 0.0541694
5 0.143529 0.896751 0.285003 0.202029
5 0.0689348 0.5582 0.106346 0.195194
2 0.682825 0.616549 0.0579194 0.0987114
2 0.770406 0.513417 0.0315725 0.0469315
2 0.479264 0.785777 0.0748822 0.14138
2 0.5182 0.703755 0.071787 0.15693
7 0.479122 0.787275 0.0746355 0.140062
2 0.613973 0.609188 0.0508929 0.0817719
2 0.709248 0.434139 0.0255573 0.0379188
2 0.542128 0.556635 0.0395447 0.0686369
2 0.132585 0.582391 0.0738011 0.109172
2 0.604678 0.488735 0.0341095 0.0398822
2 0.143082 0.896099 0.284465 0.201672
2 0.545434 0.633942 0.0554302 0.0809537
2 0.542444 0.567601 0.0370604 0.0447384
2 0.612775 0.66551 0.0515678 0.0684681
2 0.697242 0.734572 0.0672171 0.196278
2 0.542132 0.531473 0.0346246 0.0333098
7 0.69716 0.732899 0.0663423 0.194458
7 0.143423 0.896281 0.284613 0.201767
2 0.670483 0.570911 0.0459198 0.0608032
2 0.021768 0.735748 0.0433988 0.15096
2 0.0217043 0.709949 0.0431936 0.102426
2 0.599329 0.440388 0.0280154 0.0446767
2 0.981476 0.911359 0.0361904 0.165748
5 0.310054 0.761618 0.174393 0.318521
7 0.776411 0.87258 0.112094 0.231084
2 0.614026 0.725231 0.0580985 0.101039
2 0.8475 0.547018 0.0447319 0.0678792
2 0.462067 0.95661 0.11127 0.0844354
2 0.616011 0.851141 0.0801315 0.138347
2 0.0663724 0.721146 0.0807862 0.118411
5 0.777111 0.436443 0.0404272 0.0777419
2 0.0860167 0.628077 0.0779508 0.0885049
5 0.415457 0.578102 0.0845383 0.16919
2 0.724188 0.791641 0.0697109 0.124928
2 0.628191 0.972005 0.0893883 0.0541694
5 0.143529 0.896751 0.285003 0.202029
5 0.0689348 0.5582 0.106346 0.195194
2 0.682825 0.616549 0.0579194 0.0987114
2 0.770406 0.513417 0.0315725 0.0469315
2 0.479264 0.785777 0.0748822 0.14138
2 0.5182 0.703755 0.071787 0.15693
7 0.479122 0.787275 0.0746355 0.140062
2 0.613973 0.609188 0.0508929 0.0817719
2 0.709248 0.434139 0.0255573 0.0379188
2 0.542128 0.556635 0.0395447 0.0686369
2 0.132585 0.582391 0.0738011 0.109172
2 0.604678 0.488735 0.0341095 0.0398822
2 0.143082 0.896099 0.284465 0.201672
2 0.545434 0.633942 0.0554302 0.0809537
2 0.542444 0.567601 0.0370604 0.0447384
2 0.612775 0.66551 0.0515678 0.0684681
2 0.697242 0.734572 0.0672171 0.196278
2 0.542132 0.531473 0.0346246 0.0333098
7 0.69716 0.732899 0.0663423 0.194458
7 0.143423 0.896281 0.284613 0.201767
2 0.670483 0.570911 0.0459198 0.0608032
2 0.021768 0.735748 0.0433988 0.15096
2 0.0217043 0.709949 0.0431936 0.102426
2 0.599329 0.440388 0.0280154 0.0446767
2 0.981476 0.911359 0.0361904 0.165748
5 0.310054 0.761618 0.174393 0.318521
7 0.776411 0.87258 0.112094 0.231084
2 0.614026 0.725231 0.0580985 0.101039
2 0.8475 0.547018 0.0447319 0.0678792
2 0.462067 0.95661 0.11127 0.0844354
2 0.616011 0.851141 0.0801315 0.138347
2 0.0663724 0.721146 0.0807862 0.118411
5 0.777111 0.436443 0.0404272 0.0777419
2 0.0860167 0.628077 0.0779508 0.0885049
5 0.415457 0.578102 0.0845383 0.16919
2 0.724188 0.791641 0.0697109 0.124928
2 0.628191 0.972005 0.0893883 0.0541694
5 0.143529 0.896751 0.285003 0.202029
5 0.0689348 0.5582 0.106346 0.195194
2 0.682825 0.616549 0.0579194 0.0987114
2 0.770406 0.513417 0.0315725 0.0469315
2 0.479264 0.785777 0.0748822 0.14138
2 0.5182 0.703755 0.071787 0.15693
7 0.479122 0.787275 0.0746355 0.140062
2 0.613973 0.609188 0.0508929 0.0817719
2 0.709248 0.434139 0.0255573 0.0379188
2 0.542128 0.556635 0.0395447 0.0686369
2 0.132585 0.582391 0.0738011 0.109172
2 0.604678 0.488735 0.0341095 0.0398822
2 0.143082 0.896099 0.284465 0.201672
2 0.545434 0.633942 0.0554302 0.0809537
2 0.542444 0.567601 0.0370604 0.0447384
2 0.612775 0.66551 0.0515678 0.0684681
2 0.697242 0.734572 0.0672171 0.196278
2 0.542132 0.531473 0.0346246 0.0333098
7 0.69716 0.732899 0.0663423 0.194458
7 0.143423 0.896281 0.284613 0.201767
2 0.670483 0.570911 0.0459198 0.0608032
2 0.021768 0.735748 0.0433988 0.15096
2 0.0217043 0.709949 0.0431936 0.102426
2 0.599329 0.440388 0.0280154 0.0446767
2 0.981476 0.911359 0.0361904 0.165748
5 0.310054 0.761618 0.174393 0.318521
7 0.776411 0.87258 0.112094 0.231084
2 0.614026 0.725231 0.0580985 0.101039
2 0.8475 0.547018 0.0447319 0.0678792
2 0.462067 0.95661 0.11127 0.0844354
2 0.616011 0.851141 0.0801315 0.138347
2 0.0663724 0.721146 0.0807862 0.118411
5 0.777111 0.436443 0.0404272 0.0777419
2 0.0860167 0.628077 0.0779508 0.0885049
5 0.415457 0.578102 0.0845383 0.16919
2 0.724188 0.791641 0.0697109 0.124928
2 0.628191 0.972005 0.0893883 0.0541694
5 0.143529 0.896751 0.285003 0.202029
5 0.0689348 0.5582 0.106346 0.195194
2 0.682825 0.616549 0.0579194 0.0987114
2 0.770406 0.513417 0.0315725 0.0469315
2 0.479264 0.785777 0.0748822 0.14138
2 0.5182 0.703755 0.071787 0.15693
7 0.479122 0.787275 0.0746355 0.140062
2 0.613973 0.609188 0.0508929 0.0817719
2 0.709248 0.434139 0.0255573 0.0379188
2 0.542128 0.556635 0.0395447 0.0686369
2 0.132585 0.582391 0.0738011 0.109172
2 0.604678 0.488735 0.0341095 0.0398822
2 0.143082 0.896099 0.284465 0.201672
2 0.545434 0.633942 0.0554302 0.0809537
2 0.542444 0.567601 0.0370604 0.0447384
2 0.612775 0.66551 0.0515678 0.0684681
2 0.697242 0.734572 0.0672171 0.196278
2 0.542132 0.531473 0.0346246 0.0333098
7 0.69716 0.732899 0.0663423 0.194458
7 0.143423 0.896281 0.284613 0.201767
2 0.670483 0.570911 0.0459198 0.0608032
2 0.021768 0.735748 0.0433988 0.15096
2 0.0217043 0.709949 0.0431936 0.102426
2 0.599329 0.440388 0.0280154 0.0446767
2 0.981476 0.911359 0.0361904 0.165748
5 0.310054 0.761618 0.174393 0.318521
7 0.776411 0.87258 0.112094 0.231084
2 0.614026 0.725231 0.0580985 0.101039
2 0.8475 0.547018 0.0447319 0.0678792
2 0.462067 0.95661 0.11127 0.0844354
2 0.616011 0.851141 0.0801315 0.138347
2 0.0663724 0.721146 0.0807862 0.118411
5 0.777111 0.436443 0.0404272 0.0777419
2 0.0860167 0.628077 0.0779508 0.0885049
5 0.415457 0.578102 0.0845383 0.16919
2 0.724188 0.791641 0.0697109 0.124928
2 0.628191 0.972005 0.0893883 0.0541694
5 0.143529 0.896751 0.285003 0.202029
5 0.0689348 0.5582 0.106346 0.195194
2 0.682825 0.616549 0.0579194 0.0987114
2 0.770406 0.513417 0.0315725 0.0469315
2 0.479264 0.785777 0.0748822 0.14138
2 0.5182 0.703755 0.071787 0.15693
7 0.479122 0.787275 0.0746355 0.140062
2 0.613973 0.609188 0.0508929 0.0817719
2 0.709248 0.434139 0.0255573 0.0379188
2 0.542128 0.556635 0.0395447 0.0686369
2 0.132585 0.582391 0.0738011 0.109172
2 0.604678 0.488735 0.0341095 0.0398822
2 0.143082 0.896099 0.284465 0.201672
2 0.545434 0.633942 0.0554302 0.0809537
2 0.542444 0.567601 0.0370604 0.0447384
2 0.612775 0.66551 0.0515678 0.0684681
2 0.697242 0.734572 0.0672171 0.196278
2 0.542132 0.531473 0.0346246 0.0333098
7 0.69716 0.732899 0.0663423 0.194458
7 0.143423 0.896281 0.284613 0.201767
2 0.670483 0.570911 0.0459198 0.0608032
2 0.021768 0.735748 0.0433988 0.15096
2 0.0217043 0.709949 0.0431936 0.102426
2 0.599329 0.440388 0.0280154 0.0446767
2 0.981476 0.911359 0.0361904 0.165748
5 0.309824 0.772046 0.175816 0.336755
2 0.616325 0.851777 0.0799335 0.132299
5 0.416704 0.581451 0.0871689 0.174416
2 0.61422 0.723076 0.0590416 0.0982577
7 0.776553 0.874868 0.111125 0.235611
2 0.0645379 0.728111 0.084307 0.128578
2 0.463529 0.957738 0.107885 0.0832489
2 0.478604 0.786437 0.0763916 0.137783
2 0.5187 0.724158 0.0693409 0.108741
2 0.0860012 0.627834 0.0783116 0.0911324
2 0.981521 0.912671 0.0361156 0.167385
2 0.516589 0.664554 0.0640245 0.0781232
2 0.847646 0.545648 0.0453152 0.0647595
5 0.144994 0.896309 0.285371 0.202263
2 0.195113 0.568429 0.0586122 0.0803654
5 0.309824 0.772046 0.175816 0.336755
2 0.616325 0.851777 0.0799335 0.132299
5 0.416704 0.581451 0.0871689 0.174416
2 0.61422 0.723076 0.0590416 0.0982577
7 0.776553 0.874868 0.111125 0.235611
2 0.0645379 0.728111 0.084307 0.128578
2 0.463529 0.957738 0.107885 0.0832489
2 0.478604 0.786437 0.0763916 0.137783
2 0.5187 0.724158 0.0693409 0.108741
2 0.0860012 0.627834 0.0783116 0.0911324
2 0.981521 0.912671 0.0361156 0.167385
2 0.516589 0.664554 0.0640245 0.0781232
2 0.847646 0.545648 0.0453152 0.0647595
5 0.144994 0.896309 0.285371 0.202263
2 0.195113 0.568429 0.0586122 0.0803654
