2 0.946191 0.682755 0.0714516 0.104087
2 0.732786 0.884497 0.0860243 0.148693
2 0.701123 0.714121 0.0623306 0.0926028
2 0.838874 0.640698 0.0533646 0.0742872
2 0.599441 0.909197 0.0823919 0.149605
5 0.217988 0.837299 0.269941 0.311021
2 0.48358 0.850876 0.0868137 0.138167
5 0.433443 0.546561 0.0740427 0.146991
2 0.431728 0.92099 0.0987421 0.156298
2 0.482457 0.764725 0.0822586 0.100775
2 0.598616 0.757582 0.0707849 0.112133
5 0.820288 0.507529 0.0688843 0.105897
2 0.519157 0.712722 0.0661028 0.107008
2 0.675951 0.628043 0.0489485 0.0761993
2 0.0565997 0.628457 0.0622801 0.0974667
5 0.35765 0.65998 0.125642 0.217793
2 0.196654 0.610234 0.0494704 0.0765603
5 0.76508 0.445366 0.0281344 0.0602788
2 0.5164 0.632844 0.0506201 0.0696574
2 0.607407 0.680671 0.0528243 0.0962146
2 0.594435 0.538047 0.0383152 0.0483276
2 0.210224 0.543754 0.0474713 0.0657822
7 0.631172 0.429836 0.0303099 0.0595924
5 0.0264302 0.517304 0.0528603 0.136665
2 0.0778595 0.69703 0.0649395 0.107761
7 0.645046 0.484286 0.0369213 0.0802437
2 0.59261 0.486734 0.0360727 0.0646708
5 0.736054 0.434846 0.0330448 0.0578669
2 0.772217 0.494084 0.0307629 0.0570496
2 0.601353 0.586005 0.0469947 0.0667197
2 0.609352 0.700026 0.0480203 0.0665195
5 0.770758 0.493623 0.034866 0.060752
2 0.656347 0.534862 0.0472875 0.0787489
2 0.601182 0.596439 0.0450132 0.0646383
2 0.534265 0.514213 0.0370983 0.067558
2 0.670711 0.584456 0.0468437 0.0800868
2 0.589896 0.471244 0.0296711 0.0464684
2 0.606244 0.667561 0.0492143 0.0680759
2 0.524039 0.592581 0.0438847 0.0659356
2 0.593517 0.503651 0.0362785 0.033797
2 0.534198 0.527444 0.0362101 0.0485432
2 0.70516 0.44619 0.0212195 0.0311091
2 0.687207 0.410281 0.028194 0.0424727
2 0.946191 0.682755 0.0714516 0.104087
2 0.732786 0.884497 0.0860243 0.148693
2 0.701123 0.714121 0.0623306 0.0926028
2 0.838874 0.640698 0.0533646 0.0742872
2 0.599441 0.909197 0.0823919 0.149605
5 0.217988 0.837299 0.269941 0.311021
2 0.48358 0.850876 0.0868137 0.138167
5 0.433443 0.546561 0.0740427 0.146991
2 0.431728 0.92099 0.0987421 0.156298
2 0.482457 0.764725 0.0822586 0.100775
2 0.598616 0.757582 0.0707849 0.112133
5 0.820288 0.507529 0.0688843 0.105897
2 0.519157 0.712722 0.0661028 0.107008
2 0.675951 0.628043 0.0489485 0.0761993
2 0.0565997 0.628457 0.0622801 0.0974667
5 0.35765 0.65998 0.125642 0.217793
2 0.196654 0.610234 0.0494704 0.0765603
5 0.76508 0.445366 0.0281344 0.0602788
2 0.5164 0.632844 0.0506201 0.0696574
2 0.607407 0.680671 0.0528243 0.0962146
2 0.594435 0.538047 0.0383152 0.0483276
2 0.210224 0.543754 0.0474713 0.0657822
7 0.631172 0.429836 0.0303099 0.0595924
5 0.0264302 0.517304 0.0528603 0.136665
2 0.0778595 0.69703 0.0649395 0.107761
7 0.645046 0.484286 0.0369213 0.0802437
2 0.59261 0.486734 0.0360727 0.0646708
5 0.736054 0.434846 0.0330448 0.0578669
2 0.772217 0.494084 0.0307629 0.0570496
2 0.601353 0.586005 0.0469947 0.0667197
2 0.609352 0.700026 0.0480203 0.0665195
5 0.770758 0.493623 0.034866 0.060752
2 0.656347 0.534862 0.0472875 0.0787489
2 0.601182 0.596439 0.0450132 0.0646383
2 0.534265 0.514213 0.0370983 0.067558
2 0.670711 0.584456 0.0468437 0.0800868
2 0.589896 0.471244 0.0296711 0.0464684
2 0.606244 0.667561 0.0492143 0.0680759
2 0.524039 0.592581 0.0438847 0.0659356
2 0.593517 0.503651 0.0362785 0.033797
2 0.534198 0.527444 0.0362101 0.0485432
2 0.70516 0.44619 0.0212195 0.0311091
2 0.687207 0.410281 0.028194 0.0424727
2 0.946191 0.682755 0.0714516 0.104087
2 0.732786 0.884497 0.0860243 0.148693
2 0.701123 0.714121 0.0623306 0.0926028
2 0.838874 0.640698 0.0533646 0.0742872
2 0.599441 0.909197 0.0823919 0.149605
5 0.217988 0.837299 0.269941 0.311021
2 0.48358 0.850876 0.0868137 0.138167
5 0.433443 0.546561 0.0740427 0.146991
2 0.431728 0.92099 0.0987421 0.156298
2 0.482457 0.764725 0.0822586 0.100775
2 0.598616 0.757582 0.0707849 0.112133
5 0.820288 0.507529 0.0688843 0.105897
2 0.519157 0.712722 0.0661028 0.107008
2 0.675951 0.628043 0.0489485 0.0761993
2 0.0565997 0.628457 0.0622801 0.0974667
5 0.35765 0.65998 0.125642 0.217793
2 0.196654 0.610234 0.0494704 0.0765603
5 0.76508 0.445366 0.0281344 0.0602788
2 0.5164 0.632844 0.0506201 0.0696574
2 0.607407 0.680671 0.0528243 0.0962146
2 0.594435 0.538047 0.0383152 0.0483276
2 0.210224 0.543754 0.0474713 0.0657822
7 0.631172 0.429836 0.0303099 0.0595924
5 0.0264302 0.517304 0.0528603 0.136665
2 0.0778595 0.69703 0.0649395 0.107761
7 0.645046 0.484286 0.0369213 0.0802437
2 0.59261 0.486734 0.0360727 0.0646708
5 0.736054 0.434846 0.0330448 0.0578669
2 0.772217 0.494084 0.0307629 0.0570496
2 0.601353 0.586005 0.0469947 0.0667197
2 0.609352 0.700026 0.0480203 0.0665195
5 0.770758 0.493623 0.034866 0.060752
2 0.656347 0.534862 0.0472875 0.0787489
2 0.601182 0.596439 0.0450132 0.0646383
2 0.534265 0.514213 0.0370983 0.067558
2 0.670711 0.584456 0.0468437 0.0800868
2 0.589896 0.471244 0.0296711 0.0464684
2 0.606244 0.667561 0.0492143 0.0680759
2 0.524039 0.592581 0.0438847 0.0659356
2 0.593517 0.503651 0.0362785 0.033797
2 0.534198 0.527444 0.0362101 0.0485432
2 0.70516 0.44619 0.0212195 0.0311091
2 0.687207 0.410281 0.028194 0.0424727
2 0.946191 0.682755 0.0714516 0.104087
2 0.732786 0.884497 0.0860243 0.148693
2 0.701123 0.714121 0.0623306 0.0926028
2 0.838874 0.640698 0.0533646 0.0742872
2 0.599441 0.909197 0.0823919 0.149605
5 0.217988 0.837299 0.269941 0.311021
2 0.48358 0.850876 0.0868137 0.138167
5 0.433443 0.546561 0.0740427 0.146991
2 0.431728 0.92099 0.0987421 0.156298
2 0.482457 0.764725 0.0822586 0.100775
2 0.598616 0.757582 0.0707849 0.112133
5 0.820288 0.507529 0.0688843 0.105897
2 0.519157 0.712722 0.0661028 0.107008
2 0.675951 0.628043 0.0489485 0.0761993
2 0.0565997 0.628457 0.0622801 0.0974667
5 0.35765 0.65998 0.125642 0.217793
2 0.196654 0.610234 0.0494704 0.0765603
5 0.76508 0.445366 0.0281344 0.0602788
2 0.5164 0.632844 0.0506201 0.0696574
2 0.607407 0.680671 0.0528243 0.0962146
2 0.594435 0.538047 0.0383152 0.0483276
2 0.210224 0.543754 0.0474713 0.0657822
7 0.631172 0.429836 0.0303099 0.0595924
5 0.0264302 0.517304 0.0528603 0.136665
2 0.0778595 0.69703 0.0649395 0.107761
7 0.645046 0.484286 0.0369213 0.0802437
2 0.59261 0.486734 0.0360727 0.0646708
5 0.736054 0.434846 0.0330448 0.0578669
2 0.772217 0.494084 0.0307629 0.0570496
2 0.601353 0.586005 0.0469947 0.0667197
2 0.609352 0.700026 0.0480203 0.0665195
5 0.770758 0.493623 0.034866 0.060752
2 0.656347 0.534862 0.0472875 0.0787489
2 0.601182 0.596439 0.0450132 0.0646383
2 0.534265 0.514213 0.0370983 0.067558
2 0.670711 0.584456 0.0468437 0.0800868
2 0.589896 0.471244 0.0296711 0.0464684
2 0.606244 0.667561 0.0492143 0.0680759
2 0.524039 0.592581 0.0438847 0.0659356
2 0.593517 0.503651 0.0362785 0.033797
2 0.534198 0.527444 0.0362101 0.0485432
2 0.70516 0.44619 0.0212195 0.0311091
2 0.687207 0.410281 0.028194 0.0424727
2 0.946191 0.682755 0.0714516 0.104087
2 0.732786 0.884497 0.0860243 0.148693
2 0.701123 0.714121 0.0623306 0.0926028
2 0.838874 0.640698 0.0533646 0.0742872
2 0.599441 0.909197 0.0823919 0.149605
5 0.217988 0.837299 0.269941 0.311021
2 0.48358 0.850876 0.0868137 0.138167
5 0.433443 0.546561 0.0740427 0.146991
2 0.431728 0.92099 0.0987421 0.156298
2 0.482457 0.764725 0.0822586 0.100775
2 0.598616 0.757582 0.0707849 0.112133
5 0.820288 0.507529 0.0688843 0.105897
2 0.519157 0.712722 0.0661028 0.107008
2 0.675951 0.628043 0.0489485 0.0761993
2 0.0565997 0.628457 0.0622801 0.0974667
5 0.35765 0.65998 0.125642 0.217793
2 0.196654 0.610234 0.0494704 0.0765603
5 0.76508 0.445366 0.0281344 0.0602788
2 0.5164 0.632844 0.0506201 0.0696574
2 0.607407 0.680671 0.0528243 0.0962146
2 0.594435 0.538047 0.0383152 0.0483276
2 0.210224 0.543754 0.0474713 0.0657822
7 0.631172 0.429836 0.0303099 0.0595924
5 0.0264302 0.517304 0.0528603 0.136665
2 0.0778595 0.69703 0.0649395 0.107761
7 0.645046 0.484286 0.0369213 0.0802437
2 0.59261 0.486734 0.0360727 0.0646708
5 0.736054 0.434846 0.0330448 0.0578669
2 0.772217 0.494084 0.0307629 0.0570496
2 0.601353 0.586005 0.0469947 0.0667197
2 0.609352 0.700026 0.0480203 0.0665195
5 0.770758 0.493623 0.034866 0.060752
2 0.656347 0.534862 0.0472875 0.0787489
2 0.601182 0.596439 0.0450132 0.0646383
2 0.534265 0.514213 0.0370983 0.067558
2 0.670711 0.584456 0.0468437 0.0800868
2 0.589896 0.471244 0.0296711 0.0464684
2 0.606244 0.667561 0.0492143 0.0680759
2 0.524039 0.592581 0.0438847 0.0659356
2 0.593517 0.503651 0.0362785 0.033797
2 0.534198 0.527444 0.0362101 0.0485432
2 0.70516 0.44619 0.0212195 0.0311091
2 0.687207 0.410281 0.028194 0.0424727
5 0.216762 0.837943 0.269479 0.310958
2 0.946706 0.680117 0.0728592 0.104323
2 0.837991 0.64084 0.0547358 0.073675
2 0.732573 0.882741 0.0876495 0.143222
5 0.433821 0.54837 0.0748243 0.155211
2 0.598561 0.764516 0.0714344 0.120294
2 0.430736 0.920185 0.0988703 0.154198
2 0.598623 0.907831 0.0843514 0.147387
2 0.701158 0.713273 0.0621494 0.0910797
2 0.48416 0.84833 0.0854368 0.132765
5 0.820089 0.506883 0.0698252 0.107882
5 0.356996 0.67867 0.125216 0.253617
2 0.481234 0.76598 0.0816214 0.101804
5 0.027553 0.526968 0.0549714 0.136977
2 0.675398 0.624329 0.0508768 0.0768053
5 0.216762 0.837943 0.269479 0.310958
2 0.946706 0.680117 0.0728592 0.104323
2 0.837991 0.64084 0.0547358 0.073675
2 0.732573 0.882741 0.0876495 0.143222
5 0.433821 0.54837 0.0748243 0.155211
2 0.598561 0.764516 0.0714344 0.120294
2 0.430736 0.920185 0.0988703 0.154198
2 0.598623 0.907831 0.0843514 0.147387
2 0.701158 0.713273 0.0621494 0.0910797
2 0.48416 0.84833 0.0854368 0.132765
5 0.820089 0.506883 0.0698252 0.107882
5 0.356996 0.67867 0.125216 0.253617
2 0.481234 0.76598 0.0816214 0.101804
5 0.027553 0.526968 0.0549714 0.136977
2 0.675398 0.624329 0.0508768 0.0768053
5 0.216762 0.837943 0.269479 0.310958
2 0.946706 0.680117 0.0728592 0.104323
2 0.837991 0.64084 0.0547358 0.073675
2 0.732573 0.882741 0.0876495 0.143222
5 0.433821 0.54837 0.0748243 0.155211
2 0.598561 0.764516 0.0714344 0.120294
2 0.430736 0.920185 0.0988703 0.154198
2 0.598623 0.907831 0.0843514 0.147387
2 0.701158 0.713273 0.0621494 0.0910797
2 0.48416 0.84833 0.0854368 0.132765
5 0.820089 0.506883 0.0698252 0.107882
5 0.356996 0.67867 0.125216 0.253617
2 0.481234 0.76598 0.0816214 0.101804
5 0.027553 0.526968 0.0549714 0.136977
2 0.675398 0.624329 0.0508768 0.0768053
5 0.216762 0.837943 0.269479 0.310958
2 0.946706 0.680117 0.0728592 0.104323
2 0.837991 0.64084 0.0547358 0.073675
2 0.732573 0.882741 0.0876495 0.143222
5 0.433821 0.54837 0.0748243 0.155211
2 0.598561 0.764516 0.0714344 0.120294
2 0.430736 0.920185 0.0988703 0.154198
2 0.598623 0.907831 0.0843514 0.147387
2 0.701158 0.713273 0.0621494 0.0910797
2 0.48416 0.84833 0.0854368 0.132765
5 0.820089 0.506883 0.0698252 0.107882
5 0.356996 0.67867 0.125216 0.253617
2 0.481234 0.76598 0.0816214 0.101804
5 0.027553 0.526968 0.0549714 0.136977
2 0.675398 0.624329 0.0508768 0.0768053
5 0.216762 0.837943 0.269479 0.310958
2 0.946706 0.680117 0.0728592 0.104323
2 0.837991 0.64084 0.0547358 0.073675
2 0.732573 0.882741 0.0876495 0.143222
5 0.433821 0.54837 0.0748243 0.155211
2 0.598561 0.764516 0.0714344 0.120294
2 0.430736 0.920185 0.0988703 0.154198
2 0.598623 0.907831 0.0843514 0.147387
2 0.701158 0.713273 0.0621494 0.0910797
2 0.48416 0.84833 0.0854368 0.132765
5 0.820089 0.506883 0.0698252 0.107882
5 0.356996 0.67867 0.125216 0.253617
2 0.481234 0.76598 0.0816214 0.101804
5 0.027553 0.526968 0.0549714 0.136977
2 0.675398 0.624329 0.0508768 0.0768053
5 0.216762 0.837943 0.269479 0.310958
2 0.946706 0.680117 0.0728592 0.104323
2 0.837991 0.64084 0.0547358 0.073675
2 0.732573 0.882741 0.0876495 0.143222
5 0.433821 0.54837 0.0748243 0.155211
2 0.598561 0.764516 0.0714344 0.120294
2 0.430736 0.920185 0.0988703 0.154198
2 0.598623 0.907831 0.0843514 0.147387
2 0.701158 0.713273 0.0621494 0.0910797
2 0.48416 0.84833 0.0854368 0.132765
5 0.820089 0.506883 0.0698252 0.107882
5 0.356996 0.67867 0.125216 0.253617
2 0.481234 0.76598 0.0816214 0.101804
5 0.027553 0.526968 0.0549714 0.136977
2 0.675398 0.624329 0.0508768 0.0768053
5 0.216762 0.837943 0.269479 0.310958
2 0.946706 0.680117 0.0728592 0.104323
2 0.837991 0.64084 0.0547358 0.073675
2 0.732573 0.882741 0.0876495 0.143222
5 0.433821 0.54837 0.0748243 0.155211
2 0.598561 0.764516 0.0714344 0.120294
2 0.430736 0.920185 0.0988703 0.154198
2 0.598623 0.907831 0.0843514 0.147387
2 0.701158 0.713273 0.0621494 0.0910797
2 0.48416 0.84833 0.0854368 0.132765
5 0.820089 0.506883 0.0698252 0.107882
5 0.356996 0.67867 0.125216 0.253617
2 0.481234 0.76598 0.0816214 0.101804
5 0.027553 0.526968 0.0549714 0.136977
2 0.675398 0.624329 0.0508768 0.0768053
5 0.216762 0.837943 0.269479 0.310958
2 0.946706 0.680117 0.0728592 0.104323
2 0.837991 0.64084 0.0547358 0.073675
2 0.732573 0.882741 0.0876495 0.143222
5 0.433821 0.54837 0.0748243 0.155211
2 0.598561 0.764516 0.0714344 0.120294
2 0.430736 0.920185 0.0988703 0.154198
2 0.598623 0.907831 0.0843514 0.147387
2 0.701158 0.713273 0.0621494 0.0910797
2 0.48416 0.84833 0.0854368 0.132765
5 0.820089 0.506883 0.0698252 0.107882
5 0.356996 0.67867 0.125216 0.253617
2 0.481234 0.76598 0.0816214 0.101804
5 0.027553 0.526968 0.0549714 0.136977
2 0.675398 0.624329 0.0508768 0.0768053
2 0.517133 0.635539 0.0521141 0.0732809
2 0.0778299 0.692876 0.0650437 0.0983924
2 0.518209 0.714905 0.0639204 0.1024
2 0.212405 0.546731 0.0501162 0.0712825
2 0.600605 0.590102 0.0503126 0.0751858
7 0.645443 0.483264 0.0372515 0.0774446
2 0.605228 0.670092 0.0564199 0.0804275
2 0.524133 0.594094 0.0448389 0.064523
