2 0.971357 0.707895 0.0565056 0.110551
5 0.833958 0.513426 0.0802797 0.11979
2 0.862452 0.680423 0.0616489 0.0942349
2 0.742179 0.92554 0.0987058 0.143169
2 0.703137 0.735847 0.0687976 0.107498
2 0.472361 0.856475 0.0910801 0.140389
2 0.592916 0.925621 0.0883734 0.142801
2 0.469214 0.77469 0.0850767 0.119003
2 0.674914 0.634595 0.0527903 0.0836288
2 0.591444 0.788359 0.0768212 0.127622
5 0.363211 0.608995 0.116762 0.178073
5 0.248615 0.815907 0.250495 0.359616
2 0.505397 0.63537 0.0558332 0.0832297
5 0.431267 0.512911 0.0709617 0.136673
2 0.0785168 0.677733 0.0596334 0.115773
2 0.415561 0.924545 0.103536 0.147508
2 0.505056 0.716537 0.0738605 0.105122
2 0.595566 0.585543 0.0519251 0.0710675
2 0.525855 0.513876 0.0364073 0.0640801
2 0.653829 0.52935 0.0446445 0.0697964
2 0.669631 0.588921 0.0544315 0.0951089
2 0.513618 0.584525 0.0480375 0.0642156
2 0.600643 0.718025 0.0539181 0.0761509
5 0.7717 0.444372 0.0375187 0.0657198
2 0.588388 0.530777 0.0419406 0.0451616
2 0.0242423 0.743109 0.0483456 0.112739
7 0.64264 0.466979 0.03214 0.0697033
2 0.191117 0.589321 0.0513088 0.0760256
2 0.599975 0.699937 0.0550432 0.0944943
2 0.587401 0.486952 0.0360726 0.0540599
2 0.771952 0.499432 0.0368263 0.0607225
5 0.623773 0.420926 0.0366323 0.0653405
2 0.58852 0.519187 0.0406165 0.0661713
5 0.735557 0.446572 0.0404701 0.0958116
2 0.599451 0.685403 0.0523904 0.0823313
2 0.507244 0.701187 0.0677824 0.0767015
2 0.0632276 0.605403 0.0658391 0.112617
2 0.971357 0.707895 0.0565056 0.110551
5 0.833958 0.513426 0.0802797 0.11979
2 0.862452 0.680423 0.0616489 0.0942349
2 0.742179 0.92554 0.0987058 0.143169
2 0.703137 0.735847 0.0687976 0.107498
2 0.472361 0.856475 0.0910801 0.140389
2 0.592916 0.925621 0.0883734 0.142801
2 0.469214 0.77469 0.0850767 0.119003
2 0.674914 0.634595 0.0527903 0.0836288
2 0.591444 0.788359 0.0768212 0.127622
5 0.363211 0.608995 0.116762 0.178073
5 0.248615 0.815907 0.250495 0.359616
2 0.505397 0.63537 0.0558332 0.0832297
5 0.431267 0.512911 0.0709617 0.136673
2 0.0785168 0.677733 0.0596334 0.115773
2 0.415561 0.924545 0.103536 0.147508
2 0.505056 0.716537 0.0738605 0.105122
2 0.595566 0.585543 0.0519251 0.0710675
2 0.525855 0.513876 0.0364073 0.0640801
2 0.653829 0.52935 0.0446445 0.0697964
2 0.669631 0.588921 0.0544315 0.0951089
2 0.513618 0.584525 0.0480375 0.0642156
2 0.600643 0.718025 0.0539181 0.0761509
5 0.7717 0.444372 0.0375187 0.0657198
2 0.588388 0.530777 0.0419406 0.0451616
2 0.0242423 0.743109 0.0483456 0.112739
7 0.64264 0.466979 0.03214 0.0697033
2 0.191117 0.589321 0.0513088 0.0760256
2 0.599975 0.699937 0.0550432 0.0944943
2 0.587401 0.486952 0.0360726 0.0540599
2 0.771952 0.499432 0.0368263 0.0607225
5 0.623773 0.420926 0.0366323 0.0653405
2 0.58852 0.519187 0.0406165 0.0661713
5 0.735557 0.446572 0.0404701 0.0958116
2 0.599451 0.685403 0.0523904 0.0823313
2 0.507244 0.701187 0.0677824 0.0767015
2 0.0632276 0.605403 0.0658391 0.112617
2 0.971357 0.707895 0.0565056 0.110551
5 0.833958 0.513426 0.0802797 0.11979
2 0.862452 0.680423 0.0616489 0.0942349
2 0.742179 0.92554 0.0987058 0.143169
2 0.703137 0.735847 0.0687976 0.107498
2 0.472361 0.856475 0.0910801 0.140389
2 0.592916 0.925621 0.0883734 0.142801
2 0.469214 0.77469 0.0850767 0.119003
2 0.674914 0.634595 0.0527903 0.0836288
2 0.591444 0.788359 0.0768212 0.127622
5 0.363211 0.608995 0.116762 0.178073
5 0.248615 0.815907 0.250495 0.359616
2 0.505397 0.63537 0.0558332 0.0832297
5 0.431267 0.512911 0.0709617 0.136673
2 0.0785168 0.677733 0.0596334 0.115773
2 0.415561 0.924545 0.103536 0.147508
2 0.505056 0.716537 0.0738605 0.105122
2 0.595566 0.585543 0.0519251 0.0710675
2 0.525855 0.513876 0.0364073 0.0640801
2 0.653829 0.52935 0.0446445 0.0697964
2 0.669631 0.588921 0.0544315 0.0951089
2 0.513618 0.584525 0.0480375 0.0642156
2 0.600643 0.718025 0.0539181 0.0761509
5 0.7717 0.444372 0.0375187 0.0657198
2 0.588388 0.530777 0.0419406 0.0451616
2 0.0242423 0.743109 0.0483456 0.112739
7 0.64264 0.466979 0.03214 0.0697033
2 0.191117 0.589321 0.0513088 0.0760256
2 0.599975 0.699937 0.0550432 0.0944943
2 0.587401 0.486952 0.0360726 0.0540599
2 0.771952 0.499432 0.0368263 0.0607225
5 0.623773 0.420926 0.0366323 0.0653405
2 0.58852 0.519187 0.0406165 0.0661713
5 0.735557 0.446572 0.0404701 0.0958116
2 0.599451 0.685403 0.0523904 0.0823313
2 0.507244 0.701187 0.0677824 0.0767015
2 0.0632276 0.605403 0.0658391 0.112617
2 0.971357 0.707895 0.0565056 0.110551
5 0.833958 0.513426 0.0802797 0.11979
2 0.862452 0.680423 0.0616489 0.0942349
2 0.742179 0.92554 0.0987058 0.143169
2 0.703137 0.735847 0.0687976 0.107498
2 0.472361 0.856475 0.0910801 0.140389
2 0.592916 0.925621 0.0883734 0.142801
2 0.469214 0.77469 0.0850767 0.119003
2 0.674914 0.634595 0.0527903 0.0836288
2 0.591444 0.788359 0.0768212 0.127622
5 0.363211 0.608995 0.116762 0.178073
5 0.248615 0.815907 0.250495 0.359616
2 0.505397 0.63537 0.0558332 0.0832297
5 0.431267 0.512911 0.0709617 0.136673
2 0.0785168 0.677733 0.0596334 0.115773
2 0.415561 0.924545 0.103536 0.147508
2 0.505056 0.716537 0.0738605 0.105122
2 0.595566 0.585543 0.0519251 0.0710675
2 0.525855 0.513876 0.0364073 0.0640801
2 0.653829 0.52935 0.0446445 0.0697964
2 0.669631 0.588921 0.0544315 0.0951089
2 0.513618 0.584525 0.0480375 0.0642156
2 0.600643 0.718025 0.0539181 0.0761509
5 0.7717 0.444372 0.0375187 0.0657198
2 0.588388 0.530777 0.0419406 0.0451616
2 0.0242423 0.743109 0.0483456 0.112739
7 0.64264 0.466979 0.03214 0.0697033
2 0.191117 0.589321 0.0513088 0.0760256
2 0.599975 0.699937 0.0550432 0.0944943
2 0.587401 0.486952 0.0360726 0.0540599
2 0.771952 0.499432 0.0368263 0.0607225
5 0.623773 0.420926 0.0366323 0.0653405
2 0.58852 0.519187 0.0406165 0.0661713
5 0.735557 0.446572 0.0404701 0.0958116
2 0.599451 0.685403 0.0523904 0.0823313
2 0.507244 0.701187 0.0677824 0.0767015
2 0.0632276 0.605403 0.0658391 0.112617
2 0.971357 0.707895 0.0565056 0.110551
5 0.833958 0.513426 0.0802797 0.11979
2 0.862452 0.680423 0.0616489 0.0942349
2 0.742179 0.92554 0.0987058 0.143169
2 0.703137 0.735847 0.0687976 0.107498
2 0.472361 0.856475 0.0910801 0.140389
2 0.592916 0.925621 0.0883734 0.142801
2 0.469214 0.77469 0.0850767 0.119003
2 0.674914 0.634595 0.0527903 0.0836288
2 0.591444 0.788359 0.0768212 0.127622
5 0.363211 0.608995 0.116762 0.178073
5 0.248615 0.815907 0.250495 0.359616
2 0.505397 0.63537 0.0558332 0.0832297
5 0.431267 0.512911 0.0709617 0.136673
2 0.0785168 0.677733 0.0596334 0.115773
2 0.415561 0.924545 0.103536 0.147508
2 0.505056 0.716537 0.0738605 0.105122
2 0.595566 0.585543 0.0519251 0.0710675
2 0.525855 0.513876 0.0364073 0.0640801
2 0.653829 0.52935 0.0446445 0.0697964
2 0.669631 0.588921 0.0544315 0.0951089
2 0.513618 0.584525 0.0480375 0.0642156
2 0.600643 0.718025 0.0539181 0.0761509
5 0.7717 0.444372 0.0375187 0.0657198
2 0.588388 0.530777 0.0419406 0.0451616
2 0.0242423 0.743109 0.0483456 0.112739
7 0.64264 0.466979 0.03214 0.0697033
2 0.191117 0.589321 0.0513088 0.0760256
2 0.599975 0.699937 0.0550432 0.0944943
2 0.587401 0.486952 0.0360726 0.0540599
2 0.771952 0.499432 0.0368263 0.0607225
5 0.623773 0.420926 0.0366323 0.0653405
2 0.58852 0.519187 0.0406165 0.0661713
5 0.735557 0.446572 0.0404701 0.0958116
2 0.599451 0.685403 0.0523904 0.0823313
2 0.507244 0.701187 0.0677824 0.0767015
2 0.0632276 0.605403 0.0658391 0.112617
5 0.240175 0.813694 0.23379 0.36146
5 0.833337 0.514249 0.0800268 0.119807
2 0.703516 0.736502 0.0687138 0.106222
2 0.861421 0.677018 0.0635799 0.0892426
2 0.592459 0.926567 0.0911652 0.141978
2 0.971324 0.708423 0.0564873 0.109763
2 0.59163 0.790689 0.0773673 0.127107
2 0.0627765 0.605642 0.0660424 0.107892
2 0.74172 0.924616 0.0982146 0.141731
5 0.431874 0.515498 0.0706369 0.14148
2 0.472668 0.855712 0.0887538 0.136632
5 0.362826 0.60926 0.114329 0.178833
2 0.506997 0.715973 0.065612 0.105299
2 0.673817 0.63249 0.0541817 0.079297
2 0.085958 0.671488 0.074244 0.101215
5 0.240175 0.813694 0.23379 0.36146
5 0.833337 0.514249 0.0800268 0.119807
2 0.703516 0.736502 0.0687138 0.106222
2 0.861421 0.677018 0.0635799 0.0892426
2 0.592459 0.926567 0.0911652 0.141978
2 0.971324 0.708423 0.0564873 0.109763
2 0.59163 0.790689 0.0773673 0.127107
2 0.0627765 0.605642 0.0660424 0.107892
2 0.74172 0.924616 0.0982146 0.141731
5 0.431874 0.515498 0.0706369 0.14148
2 0.472668 0.855712 0.0887538 0.136632
5 0.362826 0.60926 0.114329 0.178833
2 0.506997 0.715973 0.065612 0.105299
2 0.673817 0.63249 0.0541817 0.079297
2 0.085958 0.671488 0.074244 0.101215
