5 0.319525 0.74928 0.17026 0.309093
2 0.858912 0.557535 0.0471336 0.0647771
2 0.617711 0.883253 0.0841551 0.15264
2 0.614668 0.743373 0.0591984 0.100854
7 0.786636 0.891284 0.118567 0.212373
2 0.0721532 0.722332 0.0837305 0.129133
5 0.785644 0.445667 0.0402733 0.0797789
2 0.614855 0.628766 0.0515417 0.0717472
2 0.157639 0.888175 0.279613 0.213579
2 0.516851 0.74147 0.0708679 0.112698
2 0.732696 0.816469 0.0750238 0.123669
2 0.464798 0.96699 0.105721 0.0637329
2 0.515238 0.681461 0.0662975 0.091233
2 0.705076 0.702142 0.0642715 0.104002
2 0.690964 0.619475 0.0506495 0.083784
5 0.155835 0.889452 0.281944 0.215692
5 0.421509 0.574141 0.0840087 0.16312
2 0.0255618 0.695031 0.0510351 0.0780668
7 0.475584 0.809207 0.0786318 0.152235
2 0.542411 0.567603 0.0399197 0.0657528
2 0.542696 0.642162 0.0495806 0.0795439
2 0.0893635 0.628123 0.0728201 0.0911853
7 0.0730692 0.557626 0.102823 0.193925
2 0.617164 0.577644 0.0374004 0.0620576
2 0.475616 0.806739 0.0783806 0.148533
2 0.676334 0.56119 0.0431564 0.0645129
2 0.778663 0.523891 0.0325666 0.0482034
7 0.0735956 0.526558 0.102155 0.132535
2 0.6152 0.678041 0.0512857 0.0650486
2 0.560461 0.420232 0.023632 0.0258681
5 0.138672 0.580736 0.0738174 0.115304
2 0.556837 0.448054 0.0246114 0.0244091
2 0.606375 0.4931 0.0339121 0.03679
2 0.612673 0.538837 0.0379786 0.0518684
5 0.753637 0.434772 0.0286678 0.0607229
2 0.663939 0.523089 0.035417 0.0523983
5 0.737765 0.407981 0.0239624 0.0647592
2 0.603234 0.462618 0.0286919 0.0317551
2 0.543129 0.535282 0.0327268 0.0367598
2 0.62795 0.988646 0.0776028 0.0227076
2 0.184586 0.644429 0.0521889 0.0689184
2 0.554082 0.479534 0.0273726 0.0314455
5 0.319525 0.74928 0.17026 0.309093
2 0.858912 0.557535 0.0471336 0.0647771
2 0.617711 0.883253 0.0841551 0.15264
2 0.614668 0.743373 0.0591984 0.100854
7 0.786636 0.891284 0.118567 0.212373
2 0.0721532 0.722332 0.0837305 0.129133
5 0.785644 0.445667 0.0402733 0.0797789
2 0.614855 0.628766 0.0515417 0.0717472
2 0.157639 0.888175 0.279613 0.213579
2 0.516851 0.74147 0.0708679 0.112698
2 0.732696 0.816469 0.0750238 0.123669
2 0.464798 0.96699 0.105721 0.0637329
2 0.515238 0.681461 0.0662975 0.091233
2 0.705076 0.702142 0.0642715 0.104002
2 0.690964 0.619475 0.0506495 0.083784
5 0.155835 0.889452 0.281944 0.215692
5 0.421509 0.574141 0.0840087 0.16312
2 0.0255618 0.695031 0.0510351 0.0780668
7 0.475584 0.809207 0.0786318 0.152235
2 0.542411 0.567603 0.0399197 0.0657528
2 0.542696 0.642162 0.0495806 0.0795439
2 0.0893635 0.628123 0.0728201 0.0911853
7 0.0730692 0.557626 0.102823 0.193925
2 0.617164 0.577644 0.0374004 0.0620576
2 0.475616 0.806739 0.0783806 0.148533
2 0.676334 0.56119 0.0431564 0.0645129
2 0.778663 0.523891 0.0325666 0.0482034
7 0.0735956 0.526558 0.102155 0.132535
2 0.6152 0.678041 0.0512857 0.0650486
2 0.560461 0.420232 0.023632 0.0258681
5 0.138672 0.580736 0.0738174 0.115304
2 0.556837 0.448054 0.0246114 0.0244091
2 0.606375 0.4931 0.0339121 0.03679
2 0.612673 0.538837 0.0379786 0.0518684
5 0.753637 0.434772 0.0286678 0.0607229
2 0.663939 0.523089 0.035417 0.0523983
5 0.737765 0.407981 0.0239624 0.0647592
2 0.603234 0.462618 0.0286919 0.0317551
2 0.543129 0.535282 0.0327268 0.0367598
2 0.62795 0.988646 0.0776028 0.0227076
2 0.184586 0.644429 0.0521889 0.0689184
2 0.554082 0.479534 0.0273726 0.0314455
5 0.319525 0.74928 0.17026 0.309093
2 0.858912 0.557535 0.0471336 0.0647771
2 0.617711 0.883253 0.0841551 0.15264
2 0.614668 0.743373 0.0591984 0.100854
7 0.786636 0.891284 0.118567 0.212373
2 0.0721532 0.722332 0.0837305 0.129133
5 0.785644 0.445667 0.0402733 0.0797789
2 0.614855 0.628766 0.0515417 0.0717472
2 0.157639 0.888175 0.279613 0.213579
2 0.516851 0.74147 0.0708679 0.112698
2 0.732696 0.816469 0.0750238 0.123669
2 0.464798 0.96699 0.105721 0.0637329
2 0.515238 0.681461 0.0662975 0.091233
2 0.705076 0.702142 0.0642715 0.104002
2 0.690964 0.619475 0.0506495 0.083784
5 0.155835 0.889452 0.281944 0.215692
5 0.421509 0.574141 0.0840087 0.16312
2 0.0255618 0.695031 0.0510351 0.0780668
7 0.475584 0.809207 0.0786318 0.152235
2 0.542411 0.567603 0.0399197 0.0657528
2 0.542696 0.642162 0.0495806 0.0795439
2 0.0893635 0.628123 0.0728201 0.0911853
7 0.0730692 0.557626 0.102823 0.193925
2 0.617164 0.577644 0.0374004 0.0620576
2 0.475616 0.806739 0.0783806 0.148533
2 0.676334 0.56119 0.0431564 0.0645129
2 0.778663 0.523891 0.0325666 0.0482034
7 0.0735956 0.526558 0.102155 0.132535
2 0.6152 0.678041 0.0512857 0.0650486
2 0.560461 0.420232 0.023632 0.0258681
5 0.138672 0.580736 0.0738174 0.115304
2 0.556837 0.448054 0.0246114 0.0244091
2 0.606375 0.4931 0.0339121 0.03679
2 0.612673 0.538837 0.0379786 0.0518684
5 0.753637 0.434772 0.0286678 0.0607229
2 0.663939 0.523089 0.035417 0.0523983
5 0.737765 0.407981 0.0239624 0.0647592
2 0.603234 0.462618 0.0286919 0.0317551
2 0.543129 0.535282 0.0327268 0.0367598
2 0.62795 0.988646 0.0776028 0.0227076
2 0.184586 0.644429 0.0521889 0.0689184
2 0.554082 0.479534 0.0273726 0.0314455
5 0.319525 0.74928 0.17026 0.309093
2 0.858912 0.557535 0.0471336 0.0647771
2 0.617711 0.883253 0.0841551 0.15264
2 0.614668 0.743373 0.0591984 0.100854
7 0.786636 0.891284 0.118567 0.212373
2 0.0721532 0.722332 0.0837305 0.129133
5 0.785644 0.445667 0.0402733 0.0797789
2 0.614855 0.628766 0.0515417 0.0717472
2 0.157639 0.888175 0.279613 0.213579
2 0.516851 0.74147 0.0708679 0.112698
2 0.732696 0.816469 0.0750238 0.123669
2 0.464798 0.96699 0.105721 0.0637329
2 0.515238 0.681461 0.0662975 0.091233
2 0.705076 0.702142 0.0642715 0.104002
2 0.690964 0.619475 0.0506495 0.083784
5 0.155835 0.889452 0.281944 0.215692
5 0.421509 0.574141 0.0840087 0.16312
2 0.0255618 0.695031 0.0510351 0.0780668
7 0.475584 0.809207 0.0786318 0.152235
2 0.542411 0.567603 0.0399197 0.0657528
2 0.542696 0.642162 0.0495806 0.0795439
2 0.0893635 0.628123 0.0728201 0.0911853
7 0.0730692 0.557626 0.102823 0.193925
2 0.617164 0.577644 0.0374004 0.0620576
2 0.475616 0.806739 0.0783806 0.148533
2 0.676334 0.56119 0.0431564 0.0645129
2 0.778663 0.523891 0.0325666 0.0482034
7 0.0735956 0.526558 0.102155 0.132535
2 0.6152 0.678041 0.0512857 0.0650486
2 0.560461 0.420232 0.023632 0.0258681
5 0.138672 0.580736 0.0738174 0.115304
2 0.556837 0.448054 0.0246114 0.0244091
2 0.606375 0.4931 0.0339121 0.03679
2 0.612673 0.538837 0.0379786 0.0518684
5 0.753637 0.434772 0.0286678 0.0607229
2 0.663939 0.523089 0.035417 0.0523983
5 0.737765 0.407981 0.0239624 0.0647592
2 0.603234 0.462618 0.0286919 0.0317551
2 0.543129 0.535282 0.0327268 0.0367598
2 0.62795 0.988646 0.0776028 0.0227076
2 0.184586 0.644429 0.0521889 0.0689184
2 0.554082 0.479534 0.0273726 0.0314455
5 0.319525 0.74928 0.17026 0.309093
2 0.858912 0.557535 0.0471336 0.0647771
2 0.617711 0.883253 0.0841551 0.15264
2 0.614668 0.743373 0.0591984 0.100854
7 0.786636 0.891284 0.118567 0.212373
2 0.0721532 0.722332 0.0837305 0.129133
5 0.785644 0.445667 0.0402733 0.0797789
2 0.614855 0.628766 0.0515417 0.0717472
2 0.157639 0.888175 0.279613 0.213579
2 0.516851 0.74147 0.0708679 0.112698
2 0.732696 0.816469 0.0750238 0.123669
2 0.464798 0.96699 0.105721 0.0637329
2 0.515238 0.681461 0.0662975 0.091233
2 0.705076 0.702142 0.0642715 0.104002
2 0.690964 0.619475 0.0506495 0.083784
5 0.155835 0.889452 0.281944 0.215692
5 0.421509 0.574141 0.0840087 0.16312
2 0.0255618 0.695031 0.0510351 0.0780668
7 0.475584 0.809207 0.0786318 0.152235
2 0.542411 0.567603 0.0399197 0.0657528
2 0.542696 0.642162 0.0495806 0.0795439
2 0.0893635 0.628123 0.0728201 0.0911853
7 0.0730692 0.557626 0.102823 0.193925
2 0.617164 0.577644 0.0374004 0.0620576
2 0.475616 0.806739 0.0783806 0.148533
2 0.676334 0.56119 0.0431564 0.0645129
2 0.778663 0.523891 0.0325666 0.0482034
7 0.0735956 0.526558 0.102155 0.132535
2 0.6152 0.678041 0.0512857 0.0650486
2 0.560461 0.420232 0.023632 0.0258681
5 0.138672 0.580736 0.0738174 0.115304
2 0.556837 0.448054 0.0246114 0.0244091
2 0.606375 0.4931 0.0339121 0.03679
2 0.612673 0.538837 0.0379786 0.0518684
5 0.753637 0.434772 0.0286678 0.0607229
2 0.663939 0.523089 0.035417 0.0523983
5 0.737765 0.407981 0.0239624 0.0647592
2 0.603234 0.462618 0.0286919 0.0317551
2 0.543129 0.535282 0.0327268 0.0367598
2 0.62795 0.988646 0.0776028 0.0227076
2 0.184586 0.644429 0.0521889 0.0689184
2 0.554082 0.479534 0.0273726 0.0314455
5 0.320285 0.758554 0.171602 0.317613
2 0.85907 0.556962 0.0473059 0.0637262
5 0.153836 0.888727 0.287714 0.214678
2 0.475821 0.807156 0.0792475 0.147
2 0.617759 0.877501 0.0833183 0.13645
2 0.517865 0.740342 0.0678873 0.104695
5 0.425795 0.578105 0.092457 0.16987
2 0.61451 0.742408 0.0614157 0.103942
2 0.514002 0.676315 0.0645821 0.0794605
5 0.780286 0.445136 0.0504568 0.0789946
7 0.0732985 0.553545 0.101365 0.188378
2 0.071777 0.725611 0.0835422 0.12762
2 0.705669 0.700822 0.0619286 0.0984704
2 0.461581 0.966701 0.110165 0.0636875
5 0.320285 0.758554 0.171602 0.317613
2 0.85907 0.556962 0.0473059 0.0637262
5 0.153836 0.888727 0.287714 0.214678
2 0.475821 0.807156 0.0792475 0.147
2 0.617759 0.877501 0.0833183 0.13645
2 0.517865 0.740342 0.0678873 0.104695
5 0.425795 0.578105 0.092457 0.16987
2 0.61451 0.742408 0.0614157 0.103942
2 0.514002 0.676315 0.0645821 0.0794605
5 0.780286 0.445136 0.0504568 0.0789946
7 0.0732985 0.553545 0.101365 0.188378
2 0.071777 0.725611 0.0835422 0.12762
2 0.705669 0.700822 0.0619286 0.0984704
2 0.461581 0.966701 0.110165 0.0636875
