2 0.89266 0.595038 0.0557571 0.0782505
2 0.617086 0.941335 0.097431 0.117295
2 0.702182 0.644842 0.0551335 0.0815161
2 0.611921 0.805505 0.0683799 0.124156
5 0.163187 0.863087 0.324242 0.259448
7 0.816081 0.934959 0.135429 0.126816
5 0.340133 0.715511 0.147476 0.281175
2 0.506601 0.779051 0.07735 0.119581
5 0.804151 0.465364 0.0466393 0.0900746
2 0.680178 0.582261 0.0447457 0.0741125
2 0.805186 0.560689 0.0392075 0.0563817
2 0.612498 0.672523 0.0582744 0.0822254
2 0.459024 0.861358 0.0868713 0.160489
2 0.505794 0.714621 0.0734238 0.0999345
5 0.440445 0.554922 0.0761043 0.153857
2 0.75619 0.917804 0.0903536 0.152361
2 0.538006 0.669576 0.0597995 0.092945
2 0.617881 0.610297 0.0456247 0.0669826
2 0.720325 0.761683 0.0695572 0.112429
2 0.190748 0.637626 0.0436419 0.0662076
2 0.611795 0.553397 0.0448595 0.0685861
2 0.536601 0.602335 0.0430085 0.0502324
5 0.75106 0.408802 0.0242066 0.049794
7 0.0869909 0.521558 0.0717782 0.120085
2 0.536647 0.657401 0.0560364 0.0695988
2 0.606665 0.507242 0.0369896 0.0400004
2 0.0837689 0.702834 0.070628 0.110469
2 0.761865 0.452512 0.0226936 0.0419261
2 0.207123 0.609016 0.0511194 0.0745116
2 0.611983 0.724771 0.0563274 0.0689033
2 0.558292 0.426261 0.0253732 0.031312
2 0.723569 0.449492 0.0290268 0.0322305
5 0.492957 0.439443 0.034621 0.0754144
7 0.637952 0.411982 0.0315025 0.0571528
2 0.670258 0.538633 0.0386034 0.0640775
5 0.636971 0.412055 0.033029 0.0573051
2 0.539818 0.554856 0.035725 0.0393855
2 0.605561 0.495427 0.0372404 0.0650986
7 0.65382 0.455343 0.0283796 0.0636364
2 0.89266 0.595038 0.0557571 0.0782505
2 0.617086 0.941335 0.097431 0.117295
2 0.702182 0.644842 0.0551335 0.0815161
2 0.611921 0.805505 0.0683799 0.124156
5 0.163187 0.863087 0.324242 0.259448
7 0.816081 0.934959 0.135429 0.126816
5 0.340133 0.715511 0.147476 0.281175
2 0.506601 0.779051 0.07735 0.119581
5 0.804151 0.465364 0.0466393 0.0900746
2 0.680178 0.582261 0.0447457 0.0741125
2 0.805186 0.560689 0.0392075 0.0563817
2 0.612498 0.672523 0.0582744 0.0822254
2 0.459024 0.861358 0.0868713 0.160489
2 0.505794 0.714621 0.0734238 0.0999345
5 0.440445 0.554922 0.0761043 0.153857
2 0.75619 0.917804 0.0903536 0.152361
2 0.538006 0.669576 0.0597995 0.092945
2 0.617881 0.610297 0.0456247 0.0669826
2 0.720325 0.761683 0.0695572 0.112429
2 0.190748 0.637626 0.0436419 0.0662076
2 0.611795 0.553397 0.0448595 0.0685861
2 0.536601 0.602335 0.0430085 0.0502324
5 0.75106 0.408802 0.0242066 0.049794
7 0.0869909 0.521558 0.0717782 0.120085
2 0.536647 0.657401 0.0560364 0.0695988
2 0.606665 0.507242 0.0369896 0.0400004
2 0.0837689 0.702834 0.070628 0.110469
2 0.761865 0.452512 0.0226936 0.0419261
2 0.207123 0.609016 0.0511194 0.0745116
2 0.611983 0.724771 0.0563274 0.0689033
2 0.558292 0.426261 0.0253732 0.031312
2 0.723569 0.449492 0.0290268 0.0322305
5 0.492957 0.439443 0.034621 0.0754144
7 0.637952 0.411982 0.0315025 0.0571528
2 0.670258 0.538633 0.0386034 0.0640775
5 0.636971 0.412055 0.033029 0.0573051
2 0.539818 0.554856 0.035725 0.0393855
2 0.605561 0.495427 0.0372404 0.0650986
7 0.65382 0.455343 0.0283796 0.0636364
2 0.89266 0.595038 0.0557571 0.0782505
2 0.617086 0.941335 0.097431 0.117295
2 0.702182 0.644842 0.0551335 0.0815161
2 0.611921 0.805505 0.0683799 0.124156
5 0.163187 0.863087 0.324242 0.259448
7 0.816081 0.934959 0.135429 0.126816
5 0.340133 0.715511 0.147476 0.281175
2 0.506601 0.779051 0.07735 0.119581
5 0.804151 0.465364 0.0466393 0.0900746
2 0.680178 0.582261 0.0447457 0.0741125
2 0.805186 0.560689 0.0392075 0.0563817
2 0.612498 0.672523 0.0582744 0.0822254
2 0.459024 0.861358 0.0868713 0.160489
2 0.505794 0.714621 0.0734238 0.0999345
5 0.440445 0.554922 0.0761043 0.153857
2 0.75619 0.917804 0.0903536 0.152361
2 0.538006 0.669576 0.0597995 0.092945
2 0.617881 0.610297 0.0456247 0.0669826
2 0.720325 0.761683 0.0695572 0.112429
2 0.190748 0.637626 0.0436419 0.0662076
2 0.611795 0.553397 0.0448595 0.0685861
2 0.536601 0.602335 0.0430085 0.0502324
5 0.75106 0.408802 0.0242066 0.049794
7 0.0869909 0.521558 0.0717782 0.120085
2 0.536647 0.657401 0.0560364 0.0695988
2 0.606665 0.507242 0.0369896 0.0400004
2 0.0837689 0.702834 0.070628 0.110469
2 0.761865 0.452512 0.0226936 0.0419261
2 0.207123 0.609016 0.0511194 0.0745116
2 0.611983 0.724771 0.0563274 0.0689033
2 0.558292 0.426261 0.0253732 0.031312
2 0.723569 0.449492 0.0290268 0.0322305
5 0.492957 0.439443 0.034621 0.0754144
7 0.637952 0.411982 0.0315025 0.0571528
2 0.670258 0.538633 0.0386034 0.0640775
5 0.636971 0.412055 0.033029 0.0573051
2 0.539818 0.554856 0.035725 0.0393855
2 0.605561 0.495427 0.0372404 0.0650986
7 0.65382 0.455343 0.0283796 0.0636364
2 0.89266 0.595038 0.0557571 0.0782505
2 0.617086 0.941335 0.097431 0.117295
2 0.702182 0.644842 0.0551335 0.0815161
2 0.611921 0.805505 0.0683799 0.124156
5 0.163187 0.863087 0.324242 0.259448
7 0.816081 0.934959 0.135429 0.126816
5 0.340133 0.715511 0.147476 0.281175
2 0.506601 0.779051 0.07735 0.119581
5 0.804151 0.465364 0.0466393 0.0900746
2 0.680178 0.582261 0.0447457 0.0741125
2 0.805186 0.560689 0.0392075 0.0563817
2 0.612498 0.672523 0.0582744 0.0822254
2 0.459024 0.861358 0.0868713 0.160489
2 0.505794 0.714621 0.0734238 0.0999345
5 0.440445 0.554922 0.0761043 0.153857
2 0.75619 0.917804 0.0903536 0.152361
2 0.538006 0.669576 0.0597995 0.092945
2 0.617881 0.610297 0.0456247 0.0669826
2 0.720325 0.761683 0.0695572 0.112429
2 0.190748 0.637626 0.0436419 0.0662076
2 0.611795 0.553397 0.0448595 0.0685861
2 0.536601 0.602335 0.0430085 0.0502324
5 0.75106 0.408802 0.0242066 0.049794
7 0.0869909 0.521558 0.0717782 0.120085
2 0.536647 0.657401 0.0560364 0.0695988
2 0.606665 0.507242 0.0369896 0.0400004
2 0.0837689 0.702834 0.070628 0.110469
2 0.761865 0.452512 0.0226936 0.0419261
2 0.207123 0.609016 0.0511194 0.0745116
2 0.611983 0.724771 0.0563274 0.0689033
2 0.558292 0.426261 0.0253732 0.031312
2 0.723569 0.449492 0.0290268 0.0322305
5 0.492957 0.439443 0.034621 0.0754144
7 0.637952 0.411982 0.0315025 0.0571528
2 0.670258 0.538633 0.0386034 0.0640775
5 0.636971 0.412055 0.033029 0.0573051
2 0.539818 0.554856 0.035725 0.0393855
2 0.605561 0.495427 0.0372404 0.0650986
7 0.65382 0.455343 0.0283796 0.0636364
2 0.89266 0.595038 0.0557571 0.0782505
2 0.617086 0.941335 0.097431 0.117295
2 0.702182 0.644842 0.0551335 0.0815161
2 0.611921 0.805505 0.0683799 0.124156
5 0.163187 0.863087 0.324242 0.259448
7 0.816081 0.934959 0.135429 0.126816
5 0.340133 0.715511 0.147476 0.281175
2 0.506601 0.779051 0.07735 0.119581
5 0.804151 0.465364 0.0466393 0.0900746
2 0.680178 0.582261 0.0447457 0.0741125
2 0.805186 0.560689 0.0392075 0.0563817
2 0.612498 0.672523 0.0582744 0.0822254
2 0.459024 0.861358 0.0868713 0.160489
2 0.505794 0.714621 0.0734238 0.0999345
5 0.440445 0.554922 0.0761043 0.153857
2 0.75619 0.917804 0.0903536 0.152361
2 0.538006 0.669576 0.0597995 0.092945
2 0.617881 0.610297 0.0456247 0.0669826
2 0.720325 0.761683 0.0695572 0.112429
2 0.190748 0.637626 0.0436419 0.0662076
2 0.611795 0.553397 0.0448595 0.0685861
2 0.536601 0.602335 0.0430085 0.0502324
5 0.75106 0.408802 0.0242066 0.049794
7 0.0869909 0.521558 0.0717782 0.120085
2 0.536647 0.657401 0.0560364 0.0695988
2 0.606665 0.507242 0.0369896 0.0400004
2 0.0837689 0.702834 0.070628 0.110469
2 0.761865 0.452512 0.0226936 0.0419261
2 0.207123 0.609016 0.0511194 0.0745116
2 0.611983 0.724771 0.0563274 0.0689033
2 0.558292 0.426261 0.0253732 0.031312
2 0.723569 0.449492 0.0290268 0.0322305
5 0.492957 0.439443 0.034621 0.0754144
7 0.637952 0.411982 0.0315025 0.0571528
2 0.670258 0.538633 0.0386034 0.0640775
5 0.636971 0.412055 0.033029 0.0573051
2 0.539818 0.554856 0.035725 0.0393855
2 0.605561 0.495427 0.0372404 0.0650986
7 0.65382 0.455343 0.0283796 0.0636364
5 0.163632 0.862276 0.326367 0.26033
5 0.33989 0.720293 0.146225 0.289389
2 0.892606 0.595257 0.0555492 0.0764715
5 0.436254 0.56313 0.0872492 0.171083
2 0.506947 0.779328 0.0744011 0.114226
2 0.720168 0.761367 0.0694653 0.112341
5 0.799176 0.463758 0.0568824 0.0900669
2 0.611638 0.805725 0.0702975 0.122296
2 0.702226 0.64624 0.0554809 0.0836823
2 0.505079 0.709843 0.0720384 0.0844923
2 0.617885 0.941475 0.0954527 0.113035
2 0.612672 0.68085 0.0592031 0.0966862
2 0.0798236 0.700987 0.0742326 0.102204
5 0.163632 0.862276 0.326367 0.26033
5 0.33989 0.720293 0.146225 0.289389
2 0.892606 0.595257 0.0555492 0.0764715
5 0.436254 0.56313 0.0872492 0.171083
2 0.506947 0.779328 0.0744011 0.114226
2 0.720168 0.761367 0.0694653 0.112341
5 0.799176 0.463758 0.0568824 0.0900669
2 0.611638 0.805725 0.0702975 0.122296
2 0.702226 0.64624 0.0554809 0.0836823
2 0.505079 0.709843 0.0720384 0.0844923
2 0.617885 0.941475 0.0954527 0.113035
2 0.612672 0.68085 0.0592031 0.0966862
2 0.0798236 0.700987 0.0742326 0.102204
5 0.163632 0.862276 0.326367 0.26033
5 0.33989 0.720293 0.146225 0.289389
2 0.892606 0.595257 0.0555492 0.0764715
5 0.436254 0.56313 0.0872492 0.171083
2 0.506947 0.779328 0.0744011 0.114226
2 0.720168 0.761367 0.0694653 0.112341
5 0.799176 0.463758 0.0568824 0.0900669
2 0.611638 0.805725 0.0702975 0.122296
2 0.702226 0.64624 0.0554809 0.0836823
2 0.505079 0.709843 0.0720384 0.0844923
2 0.617885 0.941475 0.0954527 0.113035
2 0.612672 0.68085 0.0592031 0.0966862
2 0.0798236 0.700987 0.0742326 0.102204
5 0.163632 0.862276 0.326367 0.26033
5 0.33989 0.720293 0.146225 0.289389
2 0.892606 0.595257 0.0555492 0.0764715
5 0.436254 0.56313 0.0872492 0.171083
2 0.506947 0.779328 0.0744011 0.114226
2 0.720168 0.761367 0.0694653 0.112341
5 0.799176 0.463758 0.0568824 0.0900669
2 0.611638 0.805725 0.0702975 0.122296
2 0.702226 0.64624 0.0554809 0.0836823
2 0.505079 0.709843 0.0720384 0.0844923
2 0.617885 0.941475 0.0954527 0.113035
2 0.612672 0.68085 0.0592031 0.0966862
2 0.0798236 0.700987 0.0742326 0.102204
5 0.163632 0.862276 0.326367 0.26033
5 0.33989 0.720293 0.146225 0.289389
2 0.892606 0.595257 0.0555492 0.0764715
5 0.436254 0.56313 0.0872492 0.171083
2 0.506947 0.779328 0.0744011 0.114226
2 0.720168 0.761367 0.0694653 0.112341
5 0.799176 0.463758 0.0568824 0.0900669
2 0.611638 0.805725 0.0702975 0.122296
2 0.702226 0.64624 0.0554809 0.0836823
2 0.505079 0.709843 0.0720384 0.0844923
2 0.617885 0.941475 0.0954527 0.113035
2 0.612672 0.68085 0.0592031 0.0966862
2 0.0798236 0.700987 0.0742326 0.102204
5 0.163632 0.862276 0.326367 0.26033
5 0.33989 0.720293 0.146225 0.289389
2 0.892606 0.595257 0.0555492 0.0764715
5 0.436254 0.56313 0.0872492 0.171083
2 0.506947 0.779328 0.0744011 0.114226
2 0.720168 0.761367 0.0694653 0.112341
5 0.799176 0.463758 0.0568824 0.0900669
2 0.611638 0.805725 0.0702975 0.122296
2 0.702226 0.64624 0.0554809 0.0836823
2 0.505079 0.709843 0.0720384 0.0844923
2 0.617885 0.941475 0.0954527 0.113035
2 0.612672 0.68085 0.0592031 0.0966862
2 0.0798236 0.700987 0.0742326 0.102204
5 0.163632 0.862276 0.326367 0.26033
5 0.33989 0.720293 0.146225 0.289389
2 0.892606 0.595257 0.0555492 0.0764715
5 0.436254 0.56313 0.0872492 0.171083
2 0.506947 0.779328 0.0744011 0.114226
2 0.720168 0.761367 0.0694653 0.112341
5 0.799176 0.463758 0.0568824 0.0900669
2 0.611638 0.805725 0.0702975 0.122296
2 0.702226 0.64624 0.0554809 0.0836823
2 0.505079 0.709843 0.0720384 0.0844923
2 0.617885 0.941475 0.0954527 0.113035
2 0.612672 0.68085 0.0592031 0.0966862
2 0.0798236 0.700987 0.0742326 0.102204
5 0.163632 0.862276 0.326367 0.26033
5 0.33989 0.720293 0.146225 0.289389
2 0.892606 0.595257 0.0555492 0.0764715
5 0.436254 0.56313 0.0872492 0.171083
2 0.506947 0.779328 0.0744011 0.114226
2 0.720168 0.761367 0.0694653 0.112341
5 0.799176 0.463758 0.0568824 0.0900669
2 0.611638 0.805725 0.0702975 0.122296
2 0.702226 0.64624 0.0554809 0.0836823
2 0.505079 0.709843 0.0720384 0.0844923
2 0.617885 0.941475 0.0954527 0.113035
2 0.612672 0.68085 0.0592031 0.0966862
2 0.0798236 0.700987 0.0742326 0.102204
2 0.459129 0.863277 0.08783 0.162042
2 0.680238 0.582412 0.0442929 0.0697273
2 0.535451 0.667475 0.0594862 0.0895266
2 0.805168 0.553421 0.0417414 0.0700168
7 0.815379 0.935295 0.135699 0.126471
2 0.537059 0.595967 0.0453375 0.0671989
2 0.618671 0.615442 0.045846 0.071572
2 0.108301 0.614633 0.0737171 0.0861313
2 0.20738 0.60811 0.0537867 0.075358
2 0.755752 0.914444 0.0913877 0.144888
2 0.188606 0.641095 0.0516506 0.0723472
2 0.612577 0.551602 0.0443684 0.069173
