2 0.962463 0.69758 0.0748928 0.109543
5 0.825737 0.510179 0.0740482 0.114169
2 0.849102 0.660427 0.0572546 0.0865612
2 0.701022 0.726647 0.0648672 0.101401
5 0.236423 0.826231 0.23258 0.334418
2 0.736149 0.908535 0.0923482 0.155221
2 0.478037 0.855683 0.0893179 0.139321
2 0.595197 0.920372 0.0821985 0.147751
2 0.475001 0.773521 0.0854022 0.11694
5 0.359083 0.654177 0.119589 0.23489
2 0.674781 0.631886 0.0502212 0.0799194
2 0.773585 0.495798 0.0333918 0.0589136
2 0.5111 0.632843 0.0511286 0.0736215
2 0.422212 0.921507 0.100528 0.154825
5 0.431229 0.529427 0.0703224 0.134085
2 0.594402 0.772074 0.0737127 0.113506
2 0.52904 0.514572 0.0379035 0.0684502
2 0.515651 0.737291 0.0586945 0.0677333
2 0.597001 0.588227 0.0491432 0.0716778
2 0.604677 0.705197 0.0536188 0.0631631
5 0.768492 0.44554 0.0302851 0.0646877
2 0.59 0.528535 0.0405484 0.0556164
2 0.5998 0.67788 0.0545933 0.0788813
7 0.64371 0.472603 0.0322321 0.0656418
2 0.654636 0.531081 0.0458555 0.0839028
2 0.669239 0.586457 0.0493765 0.0840746
2 0.599955 0.670926 0.0485561 0.061292
2 0.514768 0.710326 0.0751944 0.101953
7 0.626851 0.426978 0.0318522 0.063386
2 0.685701 0.407917 0.0270506 0.044724
2 0.704564 0.400675 0.0170724 0.028536
2 0.519703 0.582116 0.0415329 0.0553404
2 0.593817 0.753302 0.0710735 0.0765862
2 0.587608 0.491115 0.0319125 0.052402
2 0.193791 0.605558 0.0488567 0.0830961
2 0.0559039 0.604256 0.0574748 0.0767814
2 0.598565 0.60641 0.0485802 0.0802664
2 0.590966 0.509314 0.0375454 0.0424897
2 0.593415 0.818037 0.0656724 0.0716676
2 0.704126 0.443214 0.0204835 0.028831
2 0.540936 0.440371 0.0308499 0.0478336
2 0.962463 0.69758 0.0748928 0.109543
5 0.825737 0.510179 0.0740482 0.114169
2 0.849102 0.660427 0.0572546 0.0865612
2 0.701022 0.726647 0.0648672 0.101401
5 0.236423 0.826231 0.23258 0.334418
2 0.736149 0.908535 0.0923482 0.155221
2 0.478037 0.855683 0.0893179 0.139321
2 0.595197 0.920372 0.0821985 0.147751
2 0.475001 0.773521 0.0854022 0.11694
5 0.359083 0.654177 0.119589 0.23489
2 0.674781 0.631886 0.0502212 0.0799194
2 0.773585 0.495798 0.0333918 0.0589136
2 0.5111 0.632843 0.0511286 0.0736215
2 0.422212 0.921507 0.100528 0.154825
5 0.431229 0.529427 0.0703224 0.134085
2 0.594402 0.772074 0.0737127 0.113506
2 0.52904 0.514572 0.0379035 0.0684502
2 0.515651 0.737291 0.0586945 0.0677333
2 0.597001 0.588227 0.0491432 0.0716778
2 0.604677 0.705197 0.0536188 0.0631631
5 0.768492 0.44554 0.0302851 0.0646877
2 0.59 0.528535 0.0405484 0.0556164
2 0.5998 0.67788 0.0545933 0.0788813
7 0.64371 0.472603 0.0322321 0.0656418
2 0.654636 0.531081 0.0458555 0.0839028
2 0.669239 0.586457 0.0493765 0.0840746
2 0.599955 0.670926 0.0485561 0.061292
2 0.514768 0.710326 0.0751944 0.101953
7 0.626851 0.426978 0.0318522 0.063386
2 0.685701 0.407917 0.0270506 0.044724
2 0.704564 0.400675 0.0170724 0.028536
2 0.519703 0.582116 0.0415329 0.0553404
2 0.593817 0.753302 0.0710735 0.0765862
2 0.587608 0.491115 0.0319125 0.052402
2 0.193791 0.605558 0.0488567 0.0830961
2 0.0559039 0.604256 0.0574748 0.0767814
2 0.598565 0.60641 0.0485802 0.0802664
2 0.590966 0.509314 0.0375454 0.0424897
2 0.593415 0.818037 0.0656724 0.0716676
2 0.704126 0.443214 0.0204835 0.028831
2 0.540936 0.440371 0.0308499 0.0478336
2 0.962463 0.69758 0.0748928 0.109543
5 0.825737 0.510179 0.0740482 0.114169
2 0.849102 0.660427 0.0572546 0.0865612
2 0.701022 0.726647 0.0648672 0.101401
5 0.236423 0.826231 0.23258 0.334418
2 0.736149 0.908535 0.0923482 0.155221
2 0.478037 0.855683 0.0893179 0.139321
2 0.595197 0.920372 0.0821985 0.147751
2 0.475001 0.773521 0.0854022 0.11694
5 0.359083 0.654177 0.119589 0.23489
2 0.674781 0.631886 0.0502212 0.0799194
2 0.773585 0.495798 0.0333918 0.0589136
2 0.5111 0.632843 0.0511286 0.0736215
2 0.422212 0.921507 0.100528 0.154825
5 0.431229 0.529427 0.0703224 0.134085
2 0.594402 0.772074 0.0737127 0.113506
2 0.52904 0.514572 0.0379035 0.0684502
2 0.515651 0.737291 0.0586945 0.0677333
2 0.597001 0.588227 0.0491432 0.0716778
2 0.604677 0.705197 0.0536188 0.0631631
5 0.768492 0.44554 0.0302851 0.0646877
2 0.59 0.528535 0.0405484 0.0556164
2 0.5998 0.67788 0.0545933 0.0788813
7 0.64371 0.472603 0.0322321 0.0656418
2 0.654636 0.531081 0.0458555 0.0839028
2 0.669239 0.586457 0.0493765 0.0840746
2 0.599955 0.670926 0.0485561 0.061292
2 0.514768 0.710326 0.0751944 0.101953
7 0.626851 0.426978 0.0318522 0.063386
2 0.685701 0.407917 0.0270506 0.044724
2 0.704564 0.400675 0.0170724 0.028536
2 0.519703 0.582116 0.0415329 0.0553404
2 0.593817 0.753302 0.0710735 0.0765862
2 0.587608 0.491115 0.0319125 0.052402
2 0.193791 0.605558 0.0488567 0.0830961
2 0.0559039 0.604256 0.0574748 0.0767814
2 0.598565 0.60641 0.0485802 0.0802664
2 0.590966 0.509314 0.0375454 0.0424897
2 0.593415 0.818037 0.0656724 0.0716676
2 0.704126 0.443214 0.0204835 0.028831
2 0.540936 0.440371 0.0308499 0.0478336
2 0.962463 0.69758 0.0748928 0.109543
5 0.825737 0.510179 0.0740482 0.114169
2 0.849102 0.660427 0.0572546 0.0865612
2 0.701022 0.726647 0.0648672 0.101401
5 0.236423 0.826231 0.23258 0.334418
2 0.736149 0.908535 0.0923482 0.155221
2 0.478037 0.855683 0.0893179 0.139321
2 0.595197 0.920372 0.0821985 0.147751
2 0.475001 0.773521 0.0854022 0.11694
5 0.359083 0.654177 0.119589 0.23489
2 0.674781 0.631886 0.0502212 0.0799194
2 0.773585 0.495798 0.0333918 0.0589136
2 0.5111 0.632843 0.0511286 0.0736215
2 0.422212 0.921507 0.100528 0.154825
5 0.431229 0.529427 0.0703224 0.134085
2 0.594402 0.772074 0.0737127 0.113506
2 0.52904 0.514572 0.0379035 0.0684502
2 0.515651 0.737291 0.0586945 0.0677333
2 0.597001 0.588227 0.0491432 0.0716778
2 0.604677 0.705197 0.0536188 0.0631631
5 0.768492 0.44554 0.0302851 0.0646877
2 0.59 0.528535 0.0405484 0.0556164
2 0.5998 0.67788 0.0545933 0.0788813
7 0.64371 0.472603 0.0322321 0.0656418
2 0.654636 0.531081 0.0458555 0.0839028
2 0.669239 0.586457 0.0493765 0.0840746
2 0.599955 0.670926 0.0485561 0.061292
2 0.514768 0.710326 0.0751944 0.101953
7 0.626851 0.426978 0.0318522 0.063386
2 0.685701 0.407917 0.0270506 0.044724
2 0.704564 0.400675 0.0170724 0.028536
2 0.519703 0.582116 0.0415329 0.0553404
2 0.593817 0.753302 0.0710735 0.0765862
2 0.587608 0.491115 0.0319125 0.052402
2 0.193791 0.605558 0.0488567 0.0830961
2 0.0559039 0.604256 0.0574748 0.0767814
2 0.598565 0.60641 0.0485802 0.0802664
2 0.590966 0.509314 0.0375454 0.0424897
2 0.593415 0.818037 0.0656724 0.0716676
2 0.704126 0.443214 0.0204835 0.028831
2 0.540936 0.440371 0.0308499 0.0478336
2 0.962463 0.69758 0.0748928 0.109543
5 0.825737 0.510179 0.0740482 0.114169
2 0.849102 0.660427 0.0572546 0.0865612
2 0.701022 0.726647 0.0648672 0.101401
5 0.236423 0.826231 0.23258 0.334418
2 0.736149 0.908535 0.0923482 0.155221
2 0.478037 0.855683 0.0893179 0.139321
2 0.595197 0.920372 0.0821985 0.147751
2 0.475001 0.773521 0.0854022 0.11694
5 0.359083 0.654177 0.119589 0.23489
2 0.674781 0.631886 0.0502212 0.0799194
2 0.773585 0.495798 0.0333918 0.0589136
2 0.5111 0.632843 0.0511286 0.0736215
2 0.422212 0.921507 0.100528 0.154825
5 0.431229 0.529427 0.0703224 0.134085
2 0.594402 0.772074 0.0737127 0.113506
2 0.52904 0.514572 0.0379035 0.0684502
2 0.515651 0.737291 0.0586945 0.0677333
2 0.597001 0.588227 0.0491432 0.0716778
2 0.604677 0.705197 0.0536188 0.0631631
5 0.768492 0.44554 0.0302851 0.0646877
2 0.59 0.528535 0.0405484 0.0556164
2 0.5998 0.67788 0.0545933 0.0788813
7 0.64371 0.472603 0.0322321 0.0656418
2 0.654636 0.531081 0.0458555 0.0839028
2 0.669239 0.586457 0.0493765 0.0840746
2 0.599955 0.670926 0.0485561 0.061292
2 0.514768 0.710326 0.0751944 0.101953
7 0.626851 0.426978 0.0318522 0.063386
2 0.685701 0.407917 0.0270506 0.044724
2 0.704564 0.400675 0.0170724 0.028536
2 0.519703 0.582116 0.0415329 0.0553404
2 0.593817 0.753302 0.0710735 0.0765862
2 0.587608 0.491115 0.0319125 0.052402
2 0.193791 0.605558 0.0488567 0.0830961
2 0.0559039 0.604256 0.0574748 0.0767814
2 0.598565 0.60641 0.0485802 0.0802664
2 0.590966 0.509314 0.0375454 0.0424897
2 0.593415 0.818037 0.0656724 0.0716676
2 0.704126 0.443214 0.0204835 0.028831
2 0.540936 0.440371 0.0308499 0.0478336
5 0.23533 0.825644 0.232888 0.331471
5 0.825913 0.5108 0.0736752 0.118066
2 0.962249 0.700755 0.0749176 0.112222
2 0.700634 0.725364 0.0665249 0.0990657
5 0.430803 0.529018 0.0715902 0.139039
2 0.848352 0.657787 0.0588165 0.0833869
2 0.735993 0.906296 0.0928337 0.146626
2 0.595444 0.920911 0.0865173 0.147635
2 0.477193 0.854549 0.0868601 0.134936
2 0.47472 0.767119 0.0830536 0.10175
2 0.422338 0.923142 0.10149 0.150018
5 0.359611 0.664376 0.119938 0.25177
2 0.510434 0.635352 0.0511873 0.0721522
2 0.673954 0.629013 0.052844 0.0762563
5 0.23533 0.825644 0.232888 0.331471
5 0.825913 0.5108 0.0736752 0.118066
2 0.962249 0.700755 0.0749176 0.112222
2 0.700634 0.725364 0.0665249 0.0990657
5 0.430803 0.529018 0.0715902 0.139039
2 0.848352 0.657787 0.0588165 0.0833869
2 0.735993 0.906296 0.0928337 0.146626
2 0.595444 0.920911 0.0865173 0.147635
2 0.477193 0.854549 0.0868601 0.134936
2 0.47472 0.767119 0.0830536 0.10175
2 0.422338 0.923142 0.10149 0.150018
5 0.359611 0.664376 0.119938 0.25177
2 0.510434 0.635352 0.0511873 0.0721522
2 0.673954 0.629013 0.052844 0.0762563
5 0.23533 0.825644 0.232888 0.331471
5 0.825913 0.5108 0.0736752 0.118066
2 0.962249 0.700755 0.0749176 0.112222
2 0.700634 0.725364 0.0665249 0.0990657
5 0.430803 0.529018 0.0715902 0.139039
2 0.848352 0.657787 0.0588165 0.0833869
2 0.735993 0.906296 0.0928337 0.146626
2 0.595444 0.920911 0.0865173 0.147635
2 0.477193 0.854549 0.0868601 0.134936
2 0.47472 0.767119 0.0830536 0.10175
2 0.422338 0.923142 0.10149 0.150018
5 0.359611 0.664376 0.119938 0.25177
2 0.510434 0.635352 0.0511873 0.0721522
2 0.673954 0.629013 0.052844 0.0762563
5 0.23533 0.825644 0.232888 0.331471
5 0.825913 0.5108 0.0736752 0.118066
2 0.962249 0.700755 0.0749176 0.112222
2 0.700634 0.725364 0.0665249 0.0990657
5 0.430803 0.529018 0.0715902 0.139039
2 0.848352 0.657787 0.0588165 0.0833869
2 0.735993 0.906296 0.0928337 0.146626
2 0.595444 0.920911 0.0865173 0.147635
2 0.477193 0.854549 0.0868601 0.134936
2 0.47472 0.767119 0.0830536 0.10175
2 0.422338 0.923142 0.10149 0.150018
5 0.359611 0.664376 0.119938 0.25177
2 0.510434 0.635352 0.0511873 0.0721522
2 0.673954 0.629013 0.052844 0.0762563
5 0.23533 0.825644 0.232888 0.331471
5 0.825913 0.5108 0.0736752 0.118066
2 0.962249 0.700755 0.0749176 0.112222
2 0.700634 0.725364 0.0665249 0.0990657
5 0.430803 0.529018 0.0715902 0.139039
2 0.848352 0.657787 0.0588165 0.0833869
2 0.735993 0.906296 0.0928337 0.146626
2 0.595444 0.920911 0.0865173 0.147635
2 0.477193 0.854549 0.0868601 0.134936
2 0.47472 0.767119 0.0830536 0.10175
2 0.422338 0.923142 0.10149 0.150018
5 0.359611 0.664376 0.119938 0.25177
2 0.510434 0.635352 0.0511873 0.0721522
2 0.673954 0.629013 0.052844 0.0762563
5 0.23533 0.825644 0.232888 0.331471
5 0.825913 0.5108 0.0736752 0.118066
2 0.962249 0.700755 0.0749176 0.112222
2 0.700634 0.725364 0.0665249 0.0990657
5 0.430803 0.529018 0.0715902 0.139039
2 0.848352 0.657787 0.0588165 0.0833869
2 0.735993 0.906296 0.0928337 0.146626
2 0.595444 0.920911 0.0865173 0.147635
2 0.477193 0.854549 0.0868601 0.134936
2 0.47472 0.767119 0.0830536 0.10175
2 0.422338 0.923142 0.10149 0.150018
5 0.359611 0.664376 0.119938 0.25177
2 0.510434 0.635352 0.0511873 0.0721522
2 0.673954 0.629013 0.052844 0.0762563
