5 0.584677 0.82548 0.103872 0.199146
2 0.143891 0.86021 0.0577603 0.0800225
2 0.427905 0.824493 0.0614956 0.0686257
2 0.89418 0.958279 0.106332 0.0775562
7 0.677809 0.73024 0.0796692 0.0819977
5 0.869239 0.868009 0.238057 0.210189
2 0.171276 0.742639 0.0336018 0.0467034
2 0.517288 0.796541 0.0408925 0.0756107
2 0.523986 0.902932 0.055827 0.0986877
2 0.678952 0.9566 0.0800046 0.0848855
2 0.541699 0.972521 0.0682765 0.0519135
2 0.100614 0.959867 0.0794832 0.0773748
2 0.462336 0.709931 0.0488703 0.0394328
2 0.38574 0.69033 0.0367491 0.03354
2 0.252611 0.689872 0.0315579 0.0345785
0 0.706845 0.811245 0.0156755 0.0644591
0 0.897679 0.870816 0.0178844 0.0607227
2 0.339168 0.686845 0.0342423 0.0397477
7 0.305603 0.688285 0.0351556 0.0456773
0 0.916713 0.86337 0.0150391 0.0576246
5 0.991657 0.775825 0.014241 0.418986
0 0.0780596 0.761225 0.0119654 0.048269
2 0.993837 0.975978 0.0117287 0.0472366
0 0.709945 0.818835 0.0170748 0.0523105
2 0.208414 0.684282 0.024684 0.0294843
5 0.584677 0.82548 0.103872 0.199146
2 0.143891 0.86021 0.0577603 0.0800225
2 0.427905 0.824493 0.0614956 0.0686257
2 0.89418 0.958279 0.106332 0.0775562
7 0.677809 0.73024 0.0796692 0.0819977
5 0.869239 0.868009 0.238057 0.210189
2 0.171276 0.742639 0.0336018 0.0467034
2 0.517288 0.796541 0.0408925 0.0756107
2 0.523986 0.902932 0.055827 0.0986877
2 0.678952 0.9566 0.0800046 0.0848855
2 0.541699 0.972521 0.0682765 0.0519135
2 0.100614 0.959867 0.0794832 0.0773748
2 0.462336 0.709931 0.0488703 0.0394328
2 0.38574 0.69033 0.0367491 0.03354
2 0.252611 0.689872 0.0315579 0.0345785
0 0.706845 0.811245 0.0156755 0.0644591
0 0.897679 0.870816 0.0178844 0.0607227
2 0.339168 0.686845 0.0342423 0.0397477
7 0.305603 0.688285 0.0351556 0.0456773
0 0.916713 0.86337 0.0150391 0.0576246
5 0.991657 0.775825 0.014241 0.418986
0 0.0780596 0.761225 0.0119654 0.048269
2 0.993837 0.975978 0.0117287 0.0472366
0 0.709945 0.818835 0.0170748 0.0523105
2 0.208414 0.684282 0.024684 0.0294843
5 0.584677 0.82548 0.103872 0.199146
2 0.143891 0.86021 0.0577603 0.0800225
2 0.427905 0.824493 0.0614956 0.0686257
2 0.89418 0.958279 0.106332 0.0775562
7 0.677809 0.73024 0.0796692 0.0819977
5 0.869239 0.868009 0.238057 0.210189
2 0.171276 0.742639 0.0336018 0.0467034
2 0.517288 0.796541 0.0408925 0.0756107
2 0.523986 0.902932 0.055827 0.0986877
2 0.678952 0.9566 0.0800046 0.0848855
2 0.541699 0.972521 0.0682765 0.0519135
2 0.100614 0.959867 0.0794832 0.0773748
2 0.462336 0.709931 0.0488703 0.0394328
2 0.38574 0.69033 0.0367491 0.03354
2 0.252611 0.689872 0.0315579 0.0345785
0 0.706845 0.811245 0.0156755 0.0644591
0 0.897679 0.870816 0.0178844 0.0607227
2 0.339168 0.686845 0.0342423 0.0397477
7 0.305603 0.688285 0.0351556 0.0456773
0 0.916713 0.86337 0.0150391 0.0576246
5 0.991657 0.775825 0.014241 0.418986
0 0.0780596 0.761225 0.0119654 0.048269
2 0.993837 0.975978 0.0117287 0.0472366
0 0.709945 0.818835 0.0170748 0.0523105
2 0.208414 0.684282 0.024684 0.0294843
5 0.584677 0.82548 0.103872 0.199146
2 0.143891 0.86021 0.0577603 0.0800225
2 0.427905 0.824493 0.0614956 0.0686257
2 0.89418 0.958279 0.106332 0.0775562
7 0.677809 0.73024 0.0796692 0.0819977
5 0.869239 0.868009 0.238057 0.210189
2 0.171276 0.742639 0.0336018 0.0467034
2 0.517288 0.796541 0.0408925 0.0756107
2 0.523986 0.902932 0.055827 0.0986877
2 0.678952 0.9566 0.0800046 0.0848855
2 0.541699 0.972521 0.0682765 0.0519135
2 0.100614 0.959867 0.0794832 0.0773748
2 0.462336 0.709931 0.0488703 0.0394328
2 0.38574 0.69033 0.0367491 0.03354
2 0.252611 0.689872 0.0315579 0.0345785
0 0.706845 0.811245 0.0156755 0.0644591
0 0.897679 0.870816 0.0178844 0.0607227
2 0.339168 0.686845 0.0342423 0.0397477
7 0.305603 0.688285 0.0351556 0.0456773
0 0.916713 0.86337 0.0150391 0.0576246
5 0.991657 0.775825 0.014241 0.418986
0 0.0780596 0.761225 0.0119654 0.048269
2 0.993837 0.975978 0.0117287 0.0472366
0 0.709945 0.818835 0.0170748 0.0523105
2 0.208414 0.684282 0.024684 0.0294843
5 0.584677 0.82548 0.103872 0.199146
2 0.143891 0.86021 0.0577603 0.0800225
2 0.427905 0.824493 0.0614956 0.0686257
2 0.89418 0.958279 0.106332 0.0775562
7 0.677809 0.73024 0.0796692 0.0819977
5 0.869239 0.868009 0.238057 0.210189
2 0.171276 0.742639 0.0336018 0.0467034
2 0.517288 0.796541 0.0408925 0.0756107
2 0.523986 0.902932 0.055827 0.0986877
2 0.678952 0.9566 0.0800046 0.0848855
2 0.541699 0.972521 0.0682765 0.0519135
2 0.100614 0.959867 0.0794832 0.0773748
2 0.462336 0.709931 0.0488703 0.0394328
2 0.38574 0.69033 0.0367491 0.03354
2 0.252611 0.689872 0.0315579 0.0345785
0 0.706845 0.811245 0.0156755 0.0644591
0 0.897679 0.870816 0.0178844 0.0607227
2 0.339168 0.686845 0.0342423 0.0397477
7 0.305603 0.688285 0.0351556 0.0456773
0 0.916713 0.86337 0.0150391 0.0576246
5 0.991657 0.775825 0.014241 0.418986
0 0.0780596 0.761225 0.0119654 0.048269
2 0.993837 0.975978 0.0117287 0.0472366
0 0.709945 0.818835 0.0170748 0.0523105
2 0.208414 0.684282 0.024684 0.0294843
5 0.584677 0.82548 0.103872 0.199146
2 0.143891 0.86021 0.0577603 0.0800225
2 0.427905 0.824493 0.0614956 0.0686257
2 0.89418 0.958279 0.106332 0.0775562
7 0.677809 0.73024 0.0796692 0.0819977
5 0.869239 0.868009 0.238057 0.210189
2 0.171276 0.742639 0.0336018 0.0467034
2 0.517288 0.796541 0.0408925 0.0756107
2 0.523986 0.902932 0.055827 0.0986877
2 0.678952 0.9566 0.0800046 0.0848855
2 0.541699 0.972521 0.0682765 0.0519135
2 0.100614 0.959867 0.0794832 0.0773748
2 0.462336 0.709931 0.0488703 0.0394328
2 0.38574 0.69033 0.0367491 0.03354
2 0.252611 0.689872 0.0315579 0.0345785
0 0.706845 0.811245 0.0156755 0.0644591
0 0.897679 0.870816 0.0178844 0.0607227
2 0.339168 0.686845 0.0342423 0.0397477
7 0.305603 0.688285 0.0351556 0.0456773
0 0.916713 0.86337 0.0150391 0.0576246
5 0.991657 0.775825 0.014241 0.418986
0 0.0780596 0.761225 0.0119654 0.048269
2 0.993837 0.975978 0.0117287 0.0472366
0 0.709945 0.818835 0.0170748 0.0523105
2 0.208414 0.684282 0.024684 0.0294843
5 0.584609 0.825952 0.101911 0.207024
5 0.869851 0.865475 0.238743 0.215533
2 0.428387 0.824374 0.0609014 0.0690745
2 0.52505 0.903374 0.0578141 0.0981123
7 0.677786 0.730926 0.078973 0.0777959
2 0.171166 0.742401 0.0334477 0.0453376
2 0.144001 0.860321 0.0571526 0.0776293
2 0.51763 0.797028 0.0422258 0.0743025
2 0.893237 0.959083 0.106775 0.0787033
2 0.101056 0.96036 0.0778081 0.0774628
2 0.678819 0.955733 0.0807898 0.0865428
2 0.462197 0.711105 0.0486029 0.0370356
2 0.541501 0.973128 0.0671738 0.052395
2 0.252678 0.690189 0.0317829 0.0343745
2 0.383265 0.690754 0.032104 0.0306761
2 0.338351 0.686829 0.0352272 0.0415423
5 0.584609 0.825952 0.101911 0.207024
5 0.869851 0.865475 0.238743 0.215533
2 0.428387 0.824374 0.0609014 0.0690745
2 0.52505 0.903374 0.0578141 0.0981123
7 0.677786 0.730926 0.078973 0.0777959
2 0.171166 0.742401 0.0334477 0.0453376
2 0.144001 0.860321 0.0571526 0.0776293
2 0.51763 0.797028 0.0422258 0.0743025
2 0.893237 0.959083 0.106775 0.0787033
2 0.101056 0.96036 0.0778081 0.0774628
2 0.678819 0.955733 0.0807898 0.0865428
2 0.462197 0.711105 0.0486029 0.0370356
2 0.541501 0.973128 0.0671738 0.052395
2 0.252678 0.690189 0.0317829 0.0343745
2 0.383265 0.690754 0.032104 0.0306761
2 0.338351 0.686829 0.0352272 0.0415423
5 0.584609 0.825952 0.101911 0.207024
5 0.869851 0.865475 0.238743 0.215533
2 0.428387 0.824374 0.0609014 0.0690745
2 0.52505 0.903374 0.0578141 0.0981123
7 0.677786 0.730926 0.078973 0.0777959
2 0.171166 0.742401 0.0334477 0.0453376
2 0.144001 0.860321 0.0571526 0.0776293
2 0.51763 0.797028 0.0422258 0.0743025
2 0.893237 0.959083 0.106775 0.0787033
2 0.101056 0.96036 0.0778081 0.0774628
2 0.678819 0.955733 0.0807898 0.0865428
2 0.462197 0.711105 0.0486029 0.0370356
2 0.541501 0.973128 0.0671738 0.052395
2 0.252678 0.690189 0.0317829 0.0343745
2 0.383265 0.690754 0.032104 0.0306761
2 0.338351 0.686829 0.0352272 0.0415423
5 0.584609 0.825952 0.101911 0.207024
5 0.869851 0.865475 0.238743 0.215533
2 0.428387 0.824374 0.0609014 0.0690745
2 0.52505 0.903374 0.0578141 0.0981123
7 0.677786 0.730926 0.078973 0.0777959
2 0.171166 0.742401 0.0334477 0.0453376
2 0.144001 0.860321 0.0571526 0.0776293
2 0.51763 0.797028 0.0422258 0.0743025
2 0.893237 0.959083 0.106775 0.0787033
2 0.101056 0.96036 0.0778081 0.0774628
2 0.678819 0.955733 0.0807898 0.0865428
2 0.462197 0.711105 0.0486029 0.0370356
2 0.541501 0.973128 0.0671738 0.052395
2 0.252678 0.690189 0.0317829 0.0343745
2 0.383265 0.690754 0.032104 0.0306761
2 0.338351 0.686829 0.0352272 0.0415423
5 0.584609 0.825952 0.101911 0.207024
5 0.869851 0.865475 0.238743 0.215533
2 0.428387 0.824374 0.0609014 0.0690745
2 0.52505 0.903374 0.0578141 0.0981123
7 0.677786 0.730926 0.078973 0.0777959
2 0.171166 0.742401 0.0334477 0.0453376
2 0.144001 0.860321 0.0571526 0.0776293
2 0.51763 0.797028 0.0422258 0.0743025
2 0.893237 0.959083 0.106775 0.0787033
2 0.101056 0.96036 0.0778081 0.0774628
2 0.678819 0.955733 0.0807898 0.0865428
2 0.462197 0.711105 0.0486029 0.0370356
2 0.541501 0.973128 0.0671738 0.052395
2 0.252678 0.690189 0.0317829 0.0343745
2 0.383265 0.690754 0.032104 0.0306761
2 0.338351 0.686829 0.0352272 0.0415423
5 0.584609 0.825952 0.101911 0.207024
5 0.869851 0.865475 0.238743 0.215533
2 0.428387 0.824374 0.0609014 0.0690745
2 0.52505 0.903374 0.0578141 0.0981123
7 0.677786 0.730926 0.078973 0.0777959
2 0.171166 0.742401 0.0334477 0.0453376
2 0.144001 0.860321 0.0571526 0.0776293
2 0.51763 0.797028 0.0422258 0.0743025
2 0.893237 0.959083 0.106775 0.0787033
2 0.101056 0.96036 0.0778081 0.0774628
2 0.678819 0.955733 0.0807898 0.0865428
2 0.462197 0.711105 0.0486029 0.0370356
2 0.541501 0.973128 0.0671738 0.052395
2 0.252678 0.690189 0.0317829 0.0343745
2 0.383265 0.690754 0.032104 0.0306761
2 0.338351 0.686829 0.0352272 0.0415423
5 0.584609 0.825952 0.101911 0.207024
5 0.869851 0.865475 0.238743 0.215533
2 0.428387 0.824374 0.0609014 0.0690745
2 0.52505 0.903374 0.0578141 0.0981123
7 0.677786 0.730926 0.078973 0.0777959
2 0.171166 0.742401 0.0334477 0.0453376
2 0.144001 0.860321 0.0571526 0.0776293
2 0.51763 0.797028 0.0422258 0.0743025
2 0.893237 0.959083 0.106775 0.0787033
2 0.101056 0.96036 0.0778081 0.0774628
2 0.678819 0.955733 0.0807898 0.0865428
2 0.462197 0.711105 0.0486029 0.0370356
2 0.541501 0.973128 0.0671738 0.052395
2 0.252678 0.690189 0.0317829 0.0343745
2 0.383265 0.690754 0.032104 0.0306761
2 0.338351 0.686829 0.0352272 0.0415423
5 0.584609 0.825952 0.101911 0.207024
5 0.869851 0.865475 0.238743 0.215533
2 0.428387 0.824374 0.0609014 0.0690745
2 0.52505 0.903374 0.0578141 0.0981123
7 0.677786 0.730926 0.078973 0.0777959
2 0.171166 0.742401 0.0334477 0.0453376
2 0.144001 0.860321 0.0571526 0.0776293
2 0.51763 0.797028 0.0422258 0.0743025
2 0.893237 0.959083 0.106775 0.0787033
2 0.101056 0.96036 0.0778081 0.0774628
2 0.678819 0.955733 0.0807898 0.0865428
2 0.462197 0.711105 0.0486029 0.0370356
2 0.541501 0.973128 0.0671738 0.052395
2 0.252678 0.690189 0.0317829 0.0343745
2 0.383265 0.690754 0.032104 0.0306761
2 0.338351 0.686829 0.0352272 0.0415423
0 0.507709 0.763102 0.00966511 0.0420939
0 0.077983 0.761551 0.0113821 0.0463264
2 0.281827 0.685053 0.0250063 0.0327237
7 0.305249 0.695101 0.0335431 0.0343925
0 0.518252 0.751633 0.0168568 0.0382
5 0.992167 0.778143 0.0148252 0.426018
0 0.707945 0.811688 0.0178558 0.0603972
