2 0.0355768 0.724159 0.0706462 0.145208
0 0.0787608 0.720972 0.0287556 0.131366
7 0.198971 0.426661 0.0734426 0.109075
2 0.17818 0.500463 0.0493008 0.0672548
2 0.0731142 0.632955 0.0795248 0.103253
2 0.940452 0.78957 0.0710833 0.176932
2 0.103645 0.592838 0.0700728 0.0941896
2 0.958238 0.675689 0.0687477 0.0640494
3 0.290505 0.529331 0.0172094 0.0690247
0 0.296959 0.366872 0.0107208 0.0410527
0 0.290252 0.526893 0.0166416 0.0692909
2 0.97264 0.52657 0.0505375 0.0596928
0 0.78431 0.461133 0.0182049 0.0441628
2 0.296522 0.316152 0.0158177 0.0319657
2 0.92865 0.725599 0.132852 0.17171
2 0.903307 0.74678 0.0609276 0.139828
2 0.0355768 0.724159 0.0706462 0.145208
0 0.0787608 0.720972 0.0287556 0.131366
7 0.198971 0.426661 0.0734426 0.109075
2 0.17818 0.500463 0.0493008 0.0672548
2 0.0731142 0.632955 0.0795248 0.103253
2 0.940452 0.78957 0.0710833 0.176932
2 0.103645 0.592838 0.0700728 0.0941896
2 0.958238 0.675689 0.0687477 0.0640494
3 0.290505 0.529331 0.0172094 0.0690247
0 0.296959 0.366872 0.0107208 0.0410527
0 0.290252 0.526893 0.0166416 0.0692909
2 0.97264 0.52657 0.0505375 0.0596928
0 0.78431 0.461133 0.0182049 0.0441628
2 0.296522 0.316152 0.0158177 0.0319657
2 0.92865 0.725599 0.132852 0.17171
2 0.903307 0.74678 0.0609276 0.139828
2 0.0355768 0.724159 0.0706462 0.145208
0 0.0787608 0.720972 0.0287556 0.131366
7 0.198971 0.426661 0.0734426 0.109075
2 0.17818 0.500463 0.0493008 0.0672548
2 0.0731142 0.632955 0.0795248 0.103253
2 0.940452 0.78957 0.0710833 0.176932
2 0.103645 0.592838 0.0700728 0.0941896
2 0.958238 0.675689 0.0687477 0.0640494
3 0.290505 0.529331 0.0172094 0.0690247
0 0.296959 0.366872 0.0107208 0.0410527
0 0.290252 0.526893 0.0166416 0.0692909
2 0.97264 0.52657 0.0505375 0.0596928
0 0.78431 0.461133 0.0182049 0.0441628
2 0.296522 0.316152 0.0158177 0.0319657
2 0.92865 0.725599 0.132852 0.17171
2 0.903307 0.74678 0.0609276 0.139828
2 0.0355768 0.724159 0.0706462 0.145208
0 0.0787608 0.720972 0.0287556 0.131366
7 0.198971 0.426661 0.0734426 0.109075
2 0.17818 0.500463 0.0493008 0.0672548
2 0.0731142 0.632955 0.0795248 0.103253
2 0.940452 0.78957 0.0710833 0.176932
2 0.103645 0.592838 0.0700728 0.0941896
2 0.958238 0.675689 0.0687477 0.0640494
3 0.290505 0.529331 0.0172094 0.0690247
0 0.296959 0.366872 0.0107208 0.0410527
0 0.290252 0.526893 0.0166416 0.0692909
2 0.97264 0.52657 0.0505375 0.0596928
0 0.78431 0.461133 0.0182049 0.0441628
2 0.296522 0.316152 0.0158177 0.0319657
2 0.92865 0.725599 0.132852 0.17171
2 0.903307 0.74678 0.0609276 0.139828
2 0.0355768 0.724159 0.0706462 0.145208
0 0.0787608 0.720972 0.0287556 0.131366
7 0.198971 0.426661 0.0734426 0.109075
2 0.17818 0.500463 0.0493008 0.0672548
2 0.0731142 0.632955 0.0795248 0.103253
2 0.940452 0.78957 0.0710833 0.176932
2 0.103645 0.592838 0.0700728 0.0941896
2 0.958238 0.675689 0.0687477 0.0640494
3 0.290505 0.529331 0.0172094 0.0690247
0 0.296959 0.366872 0.0107208 0.0410527
0 0.290252 0.526893 0.0166416 0.0692909
2 0.97264 0.52657 0.0505375 0.0596928
0 0.78431 0.461133 0.0182049 0.0441628
2 0.296522 0.316152 0.0158177 0.0319657
2 0.92865 0.725599 0.132852 0.17171
2 0.903307 0.74678 0.0609276 0.139828
2 0.0355768 0.724159 0.0706462 0.145208
0 0.0787608 0.720972 0.0287556 0.131366
7 0.198971 0.426661 0.0734426 0.109075
2 0.17818 0.500463 0.0493008 0.0672548
2 0.0731142 0.632955 0.0795248 0.103253
2 0.940452 0.78957 0.0710833 0.176932
2 0.103645 0.592838 0.0700728 0.0941896
2 0.958238 0.675689 0.0687477 0.0640494
3 0.290505 0.529331 0.0172094 0.0690247
0 0.296959 0.366872 0.0107208 0.0410527
0 0.290252 0.526893 0.0166416 0.0692909
2 0.97264 0.52657 0.0505375 0.0596928
0 0.78431 0.461133 0.0182049 0.0441628
2 0.296522 0.316152 0.0158177 0.0319657
2 0.92865 0.725599 0.132852 0.17171
2 0.903307 0.74678 0.0609276 0.139828
2 0.0355768 0.724159 0.0706462 0.145208
0 0.0787608 0.720972 0.0287556 0.131366
7 0.198971 0.426661 0.0734426 0.109075
2 0.17818 0.500463 0.0493008 0.0672548
2 0.0731142 0.632955 0.0795248 0.103253
2 0.940452 0.78957 0.0710833 0.176932
2 0.103645 0.592838 0.0700728 0.0941896
2 0.958238 0.675689 0.0687477 0.0640494
3 0.290505 0.529331 0.0172094 0.0690247
0 0.296959 0.366872 0.0107208 0.0410527
0 0.290252 0.526893 0.0166416 0.0692909
2 0.97264 0.52657 0.0505375 0.0596928
0 0.78431 0.461133 0.0182049 0.0441628
2 0.296522 0.316152 0.0158177 0.0319657
2 0.92865 0.725599 0.132852 0.17171
2 0.903307 0.74678 0.0609276 0.139828
2 0.0739932 0.633745 0.0777574 0.103402
2 0.0364503 0.722547 0.07259 0.140622
0 0.0786883 0.72102 0.0293163 0.130622
2 0.178074 0.498894 0.0478664 0.0678242
2 0.103714 0.592429 0.0691081 0.096286
2 0.959305 0.677388 0.0700207 0.0659757
0 0.296731 0.366547 0.0108782 0.0405741
7 0.196626 0.427194 0.0604518 0.106549
0 0.784136 0.460398 0.0191182 0.0452432
2 0.296587 0.316369 0.0160342 0.0328428
2 0.0739932 0.633745 0.0777574 0.103402
2 0.0364503 0.722547 0.07259 0.140622
0 0.0786883 0.72102 0.0293163 0.130622
2 0.178074 0.498894 0.0478664 0.0678242
2 0.103714 0.592429 0.0691081 0.096286
2 0.959305 0.677388 0.0700207 0.0659757
0 0.296731 0.366547 0.0108782 0.0405741
7 0.196626 0.427194 0.0604518 0.106549
0 0.784136 0.460398 0.0191182 0.0452432
2 0.296587 0.316369 0.0160342 0.0328428
2 0.0739932 0.633745 0.0777574 0.103402
2 0.0364503 0.722547 0.07259 0.140622
0 0.0786883 0.72102 0.0293163 0.130622
2 0.178074 0.498894 0.0478664 0.0678242
2 0.103714 0.592429 0.0691081 0.096286
2 0.959305 0.677388 0.0700207 0.0659757
0 0.296731 0.366547 0.0108782 0.0405741
7 0.196626 0.427194 0.0604518 0.106549
0 0.784136 0.460398 0.0191182 0.0452432
2 0.296587 0.316369 0.0160342 0.0328428
2 0.0739932 0.633745 0.0777574 0.103402
2 0.0364503 0.722547 0.07259 0.140622
0 0.0786883 0.72102 0.0293163 0.130622
2 0.178074 0.498894 0.0478664 0.0678242
2 0.103714 0.592429 0.0691081 0.096286
2 0.959305 0.677388 0.0700207 0.0659757
0 0.296731 0.366547 0.0108782 0.0405741
7 0.196626 0.427194 0.0604518 0.106549
0 0.784136 0.460398 0.0191182 0.0452432
2 0.296587 0.316369 0.0160342 0.0328428
2 0.0739932 0.633745 0.0777574 0.103402
2 0.0364503 0.722547 0.07259 0.140622
0 0.0786883 0.72102 0.0293163 0.130622
2 0.178074 0.498894 0.0478664 0.0678242
2 0.103714 0.592429 0.0691081 0.096286
2 0.959305 0.677388 0.0700207 0.0659757
0 0.296731 0.366547 0.0108782 0.0405741
7 0.196626 0.427194 0.0604518 0.106549
0 0.784136 0.460398 0.0191182 0.0452432
2 0.296587 0.316369 0.0160342 0.0328428
2 0.0739932 0.633745 0.0777574 0.103402
2 0.0364503 0.722547 0.07259 0.140622
0 0.0786883 0.72102 0.0293163 0.130622
2 0.178074 0.498894 0.0478664 0.0678242
2 0.103714 0.592429 0.0691081 0.096286
2 0.959305 0.677388 0.0700207 0.0659757
0 0.296731 0.366547 0.0108782 0.0405741
7 0.196626 0.427194 0.0604518 0.106549
0 0.784136 0.460398 0.0191182 0.0452432
2 0.296587 0.316369 0.0160342 0.0328428
2 0.0739932 0.633745 0.0777574 0.103402
2 0.0364503 0.722547 0.07259 0.140622
0 0.0786883 0.72102 0.0293163 0.130622
2 0.178074 0.498894 0.0478664 0.0678242
2 0.103714 0.592429 0.0691081 0.096286
2 0.959305 0.677388 0.0700207 0.0659757
0 0.296731 0.366547 0.0108782 0.0405741
7 0.196626 0.427194 0.0604518 0.106549
0 0.784136 0.460398 0.0191182 0.0452432
2 0.296587 0.316369 0.0160342 0.0328428
2 0.0739932 0.633745 0.0777574 0.103402
2 0.0364503 0.722547 0.07259 0.140622
0 0.0786883 0.72102 0.0293163 0.130622
2 0.178074 0.498894 0.0478664 0.0678242
2 0.103714 0.592429 0.0691081 0.096286
2 0.959305 0.677388 0.0700207 0.0659757
0 0.296731 0.366547 0.0108782 0.0405741
7 0.196626 0.427194 0.0604518 0.106549
0 0.784136 0.460398 0.0191182 0.0452432
2 0.296587 0.316369 0.0160342 0.0328428
5 0.196497 0.427059 0.0610035 0.107029
2 0.953837 0.792763 0.0921219 0.187365
5 0.692038 0.389324 0.090901 0.0924724
2 0.22956 0.417587 0.0141108 0.0457117
2 0.899308 0.711992 0.0722694 0.0952294
2 0.933687 0.577674 0.0287189 0.0367566
2 0.943471 0.78485 0.0672096 0.169672
