2 0.592921 0.784698 0.0998211 0.146797
7 0.330077 0.767288 0.0883514 0.240597
2 0.0357653 0.71954 0.0708103 0.141576
2 0.440917 0.595224 0.0563747 0.0987849
2 0.160129 0.711654 0.0834824 0.122231
2 0.510805 0.642793 0.0643623 0.111712
2 0.284754 0.663613 0.0634709 0.129866
5 0.478084 0.448395 0.0384327 0.113414
7 0.197408 0.420786 0.0655866 0.105213
0 0.208832 0.762092 0.0368422 0.108141
2 0.380415 0.693952 0.0591533 0.136573
2 0.0751709 0.631725 0.0829557 0.110653
2 0.178539 0.496948 0.0490786 0.0687737
0 0.149963 0.761789 0.0385681 0.103836
2 0.435075 0.524206 0.0435246 0.0744283
2 0.269918 0.484721 0.0378971 0.0741267
7 0.387148 0.381796 0.0431471 0.100318
3 0.205665 0.806512 0.0284665 0.0765662
3 0.149547 0.805759 0.0339109 0.0818827
2 0.418523 0.468195 0.0433703 0.0736772
5 0.345099 0.443873 0.035688 0.102775
2 0.391793 0.448614 0.0294997 0.0568584
2 0.342099 0.577902 0.0506388 0.118948
2 0.497825 0.539923 0.0489747 0.0744187
7 0.345009 0.443702 0.0355803 0.102814
2 0.503482 0.56433 0.0490648 0.0672819
7 0.394445 0.294399 0.030723 0.0736714
2 0.104854 0.589789 0.0642894 0.0986425
2 0.29487 0.373103 0.0230023 0.039916
2 0.445191 0.429195 0.0266617 0.0570133
2 0.501409 0.552169 0.0537745 0.0828405
7 0.72382 0.403375 0.0801487 0.0975001
5 0.723397 0.394348 0.0792296 0.0805834
0 0.303369 0.455369 0.0159105 0.0542202
2 0.980126 0.526079 0.0389883 0.100948
2 0.353406 0.380619 0.0258619 0.0288979
2 0.867801 0.604 0.0440344 0.0955396
2 0.35431 0.340344 0.0241254 0.0409794
2 0.416324 0.342234 0.0205347 0.0399475
2 0.862197 0.660848 0.0545746 0.13136
3 0.207308 0.790448 0.0322544 0.102474
7 0.540603 0.895652 0.110577 0.20426
5 0.445208 0.429703 0.0264841 0.0578712
2 0.592921 0.784698 0.0998211 0.146797
7 0.330077 0.767288 0.0883514 0.240597
2 0.0357653 0.71954 0.0708103 0.141576
2 0.440917 0.595224 0.0563747 0.0987849
2 0.160129 0.711654 0.0834824 0.122231
2 0.510805 0.642793 0.0643623 0.111712
2 0.284754 0.663613 0.0634709 0.129866
5 0.478084 0.448395 0.0384327 0.113414
7 0.197408 0.420786 0.0655866 0.105213
0 0.208832 0.762092 0.0368422 0.108141
2 0.380415 0.693952 0.0591533 0.136573
2 0.0751709 0.631725 0.0829557 0.110653
2 0.178539 0.496948 0.0490786 0.0687737
0 0.149963 0.761789 0.0385681 0.103836
2 0.435075 0.524206 0.0435246 0.0744283
2 0.269918 0.484721 0.0378971 0.0741267
7 0.387148 0.381796 0.0431471 0.100318
3 0.205665 0.806512 0.0284665 0.0765662
3 0.149547 0.805759 0.0339109 0.0818827
2 0.418523 0.468195 0.0433703 0.0736772
5 0.345099 0.443873 0.035688 0.102775
2 0.391793 0.448614 0.0294997 0.0568584
2 0.342099 0.577902 0.0506388 0.118948
2 0.497825 0.539923 0.0489747 0.0744187
7 0.345009 0.443702 0.0355803 0.102814
2 0.503482 0.56433 0.0490648 0.0672819
7 0.394445 0.294399 0.030723 0.0736714
2 0.104854 0.589789 0.0642894 0.0986425
2 0.29487 0.373103 0.0230023 0.039916
2 0.445191 0.429195 0.0266617 0.0570133
2 0.501409 0.552169 0.0537745 0.0828405
7 0.72382 0.403375 0.0801487 0.0975001
5 0.723397 0.394348 0.0792296 0.0805834
0 0.303369 0.455369 0.0159105 0.0542202
2 0.980126 0.526079 0.0389883 0.100948
2 0.353406 0.380619 0.0258619 0.0288979
2 0.867801 0.604 0.0440344 0.0955396
2 0.35431 0.340344 0.0241254 0.0409794
2 0.416324 0.342234 0.0205347 0.0399475
2 0.862197 0.660848 0.0545746 0.13136
3 0.207308 0.790448 0.0322544 0.102474
7 0.540603 0.895652 0.110577 0.20426
5 0.445208 0.429703 0.0264841 0.0578712
2 0.592921 0.784698 0.0998211 0.146797
7 0.330077 0.767288 0.0883514 0.240597
2 0.0357653 0.71954 0.0708103 0.141576
2 0.440917 0.595224 0.0563747 0.0987849
2 0.160129 0.711654 0.0834824 0.122231
2 0.510805 0.642793 0.0643623 0.111712
2 0.284754 0.663613 0.0634709 0.129866
5 0.478084 0.448395 0.0384327 0.113414
7 0.197408 0.420786 0.0655866 0.105213
0 0.208832 0.762092 0.0368422 0.108141
2 0.380415 0.693952 0.0591533 0.136573
2 0.0751709 0.631725 0.0829557 0.110653
2 0.178539 0.496948 0.0490786 0.0687737
0 0.149963 0.761789 0.0385681 0.103836
2 0.435075 0.524206 0.0435246 0.0744283
2 0.269918 0.484721 0.0378971 0.0741267
7 0.387148 0.381796 0.0431471 0.100318
3 0.205665 0.806512 0.0284665 0.0765662
3 0.149547 0.805759 0.0339109 0.0818827
2 0.418523 0.468195 0.0433703 0.0736772
5 0.345099 0.443873 0.035688 0.102775
2 0.391793 0.448614 0.0294997 0.0568584
2 0.342099 0.577902 0.0506388 0.118948
2 0.497825 0.539923 0.0489747 0.0744187
7 0.345009 0.443702 0.0355803 0.102814
2 0.503482 0.56433 0.0490648 0.0672819
7 0.394445 0.294399 0.030723 0.0736714
2 0.104854 0.589789 0.0642894 0.0986425
2 0.29487 0.373103 0.0230023 0.039916
2 0.445191 0.429195 0.0266617 0.0570133
2 0.501409 0.552169 0.0537745 0.0828405
7 0.72382 0.403375 0.0801487 0.0975001
5 0.723397 0.394348 0.0792296 0.0805834
0 0.303369 0.455369 0.0159105 0.0542202
2 0.980126 0.526079 0.0389883 0.100948
2 0.353406 0.380619 0.0258619 0.0288979
2 0.867801 0.604 0.0440344 0.0955396
2 0.35431 0.340344 0.0241254 0.0409794
2 0.416324 0.342234 0.0205347 0.0399475
2 0.862197 0.660848 0.0545746 0.13136
3 0.207308 0.790448 0.0322544 0.102474
7 0.540603 0.895652 0.110577 0.20426
5 0.445208 0.429703 0.0264841 0.0578712
2 0.592921 0.784698 0.0998211 0.146797
7 0.330077 0.767288 0.0883514 0.240597
2 0.0357653 0.71954 0.0708103 0.141576
2 0.440917 0.595224 0.0563747 0.0987849
2 0.160129 0.711654 0.0834824 0.122231
2 0.510805 0.642793 0.0643623 0.111712
2 0.284754 0.663613 0.0634709 0.129866
5 0.478084 0.448395 0.0384327 0.113414
7 0.197408 0.420786 0.0655866 0.105213
0 0.208832 0.762092 0.0368422 0.108141
2 0.380415 0.693952 0.0591533 0.136573
2 0.0751709 0.631725 0.0829557 0.110653
2 0.178539 0.496948 0.0490786 0.0687737
0 0.149963 0.761789 0.0385681 0.103836
2 0.435075 0.524206 0.0435246 0.0744283
2 0.269918 0.484721 0.0378971 0.0741267
7 0.387148 0.381796 0.0431471 0.100318
3 0.205665 0.806512 0.0284665 0.0765662
3 0.149547 0.805759 0.0339109 0.0818827
2 0.418523 0.468195 0.0433703 0.0736772
5 0.345099 0.443873 0.035688 0.102775
2 0.391793 0.448614 0.0294997 0.0568584
2 0.342099 0.577902 0.0506388 0.118948
2 0.497825 0.539923 0.0489747 0.0744187
7 0.345009 0.443702 0.0355803 0.102814
2 0.503482 0.56433 0.0490648 0.0672819
7 0.394445 0.294399 0.030723 0.0736714
2 0.104854 0.589789 0.0642894 0.0986425
2 0.29487 0.373103 0.0230023 0.039916
2 0.445191 0.429195 0.0266617 0.0570133
2 0.501409 0.552169 0.0537745 0.0828405
7 0.72382 0.403375 0.0801487 0.0975001
5 0.723397 0.394348 0.0792296 0.0805834
0 0.303369 0.455369 0.0159105 0.0542202
2 0.980126 0.526079 0.0389883 0.100948
2 0.353406 0.380619 0.0258619 0.0288979
2 0.867801 0.604 0.0440344 0.0955396
2 0.35431 0.340344 0.0241254 0.0409794
2 0.416324 0.342234 0.0205347 0.0399475
2 0.862197 0.660848 0.0545746 0.13136
3 0.207308 0.790448 0.0322544 0.102474
7 0.540603 0.895652 0.110577 0.20426
5 0.445208 0.429703 0.0264841 0.0578712
2 0.592921 0.784698 0.0998211 0.146797
7 0.330077 0.767288 0.0883514 0.240597
2 0.0357653 0.71954 0.0708103 0.141576
2 0.440917 0.595224 0.0563747 0.0987849
2 0.160129 0.711654 0.0834824 0.122231
2 0.510805 0.642793 0.0643623 0.111712
2 0.284754 0.663613 0.0634709 0.129866
5 0.478084 0.448395 0.0384327 0.113414
7 0.197408 0.420786 0.0655866 0.105213
0 0.208832 0.762092 0.0368422 0.108141
2 0.380415 0.693952 0.0591533 0.136573
2 0.0751709 0.631725 0.0829557 0.110653
2 0.178539 0.496948 0.0490786 0.0687737
0 0.149963 0.761789 0.0385681 0.103836
2 0.435075 0.524206 0.0435246 0.0744283
2 0.269918 0.484721 0.0378971 0.0741267
7 0.387148 0.381796 0.0431471 0.100318
3 0.205665 0.806512 0.0284665 0.0765662
3 0.149547 0.805759 0.0339109 0.0818827
2 0.418523 0.468195 0.0433703 0.0736772
5 0.345099 0.443873 0.035688 0.102775
2 0.391793 0.448614 0.0294997 0.0568584
2 0.342099 0.577902 0.0506388 0.118948
2 0.497825 0.539923 0.0489747 0.0744187
7 0.345009 0.443702 0.0355803 0.102814
2 0.503482 0.56433 0.0490648 0.0672819
7 0.394445 0.294399 0.030723 0.0736714
2 0.104854 0.589789 0.0642894 0.0986425
2 0.29487 0.373103 0.0230023 0.039916
2 0.445191 0.429195 0.0266617 0.0570133
2 0.501409 0.552169 0.0537745 0.0828405
7 0.72382 0.403375 0.0801487 0.0975001
5 0.723397 0.394348 0.0792296 0.0805834
0 0.303369 0.455369 0.0159105 0.0542202
2 0.980126 0.526079 0.0389883 0.100948
2 0.353406 0.380619 0.0258619 0.0288979
2 0.867801 0.604 0.0440344 0.0955396
2 0.35431 0.340344 0.0241254 0.0409794
2 0.416324 0.342234 0.0205347 0.0399475
2 0.862197 0.660848 0.0545746 0.13136
3 0.207308 0.790448 0.0322544 0.102474
7 0.540603 0.895652 0.110577 0.20426
5 0.445208 0.429703 0.0264841 0.0578712
2 0.592921 0.784698 0.0998211 0.146797
7 0.330077 0.767288 0.0883514 0.240597
2 0.0357653 0.71954 0.0708103 0.141576
2 0.440917 0.595224 0.0563747 0.0987849
2 0.160129 0.711654 0.0834824 0.122231
2 0.510805 0.642793 0.0643623 0.111712
2 0.284754 0.663613 0.0634709 0.129866
5 0.478084 0.448395 0.0384327 0.113414
7 0.197408 0.420786 0.0655866 0.105213
0 0.208832 0.762092 0.0368422 0.108141
2 0.380415 0.693952 0.0591533 0.136573
2 0.0751709 0.631725 0.0829557 0.110653
2 0.178539 0.496948 0.0490786 0.0687737
0 0.149963 0.761789 0.0385681 0.103836
2 0.435075 0.524206 0.0435246 0.0744283
2 0.269918 0.484721 0.0378971 0.0741267
7 0.387148 0.381796 0.0431471 0.100318
3 0.205665 0.806512 0.0284665 0.0765662
3 0.149547 0.805759 0.0339109 0.0818827
2 0.418523 0.468195 0.0433703 0.0736772
5 0.345099 0.443873 0.035688 0.102775
2 0.391793 0.448614 0.0294997 0.0568584
2 0.342099 0.577902 0.0506388 0.118948
2 0.497825 0.539923 0.0489747 0.0744187
7 0.345009 0.443702 0.0355803 0.102814
2 0.503482 0.56433 0.0490648 0.0672819
7 0.394445 0.294399 0.030723 0.0736714
2 0.104854 0.589789 0.0642894 0.0986425
2 0.29487 0.373103 0.0230023 0.039916
2 0.445191 0.429195 0.0266617 0.0570133
2 0.501409 0.552169 0.0537745 0.0828405
7 0.72382 0.403375 0.0801487 0.0975001
5 0.723397 0.394348 0.0792296 0.0805834
0 0.303369 0.455369 0.0159105 0.0542202
2 0.980126 0.526079 0.0389883 0.100948
2 0.353406 0.380619 0.0258619 0.0288979
2 0.867801 0.604 0.0440344 0.0955396
2 0.35431 0.340344 0.0241254 0.0409794
2 0.416324 0.342234 0.0205347 0.0399475
2 0.862197 0.660848 0.0545746 0.13136
3 0.207308 0.790448 0.0322544 0.102474
7 0.540603 0.895652 0.110577 0.20426
5 0.445208 0.429703 0.0264841 0.0578712
2 0.592921 0.784698 0.0998211 0.146797
7 0.330077 0.767288 0.0883514 0.240597
2 0.0357653 0.71954 0.0708103 0.141576
2 0.440917 0.595224 0.0563747 0.0987849
2 0.160129 0.711654 0.0834824 0.122231
2 0.510805 0.642793 0.0643623 0.111712
2 0.284754 0.663613 0.0634709 0.129866
5 0.478084 0.448395 0.0384327 0.113414
7 0.197408 0.420786 0.0655866 0.105213
0 0.208832 0.762092 0.0368422 0.108141
2 0.380415 0.693952 0.0591533 0.136573
2 0.0751709 0.631725 0.0829557 0.110653
2 0.178539 0.496948 0.0490786 0.0687737
0 0.149963 0.761789 0.0385681 0.103836
2 0.435075 0.524206 0.0435246 0.0744283
2 0.269918 0.484721 0.0378971 0.0741267
7 0.387148 0.381796 0.0431471 0.100318
3 0.205665 0.806512 0.0284665 0.0765662
3 0.149547 0.805759 0.0339109 0.0818827
2 0.418523 0.468195 0.0433703 0.0736772
5 0.345099 0.443873 0.035688 0.102775
2 0.391793 0.448614 0.0294997 0.0568584
2 0.342099 0.577902 0.0506388 0.118948
2 0.497825 0.539923 0.0489747 0.0744187
7 0.345009 0.443702 0.0355803 0.102814
2 0.503482 0.56433 0.0490648 0.0672819
7 0.394445 0.294399 0.030723 0.0736714
2 0.104854 0.589789 0.0642894 0.0986425
2 0.29487 0.373103 0.0230023 0.039916
2 0.445191 0.429195 0.0266617 0.0570133
2 0.501409 0.552169 0.0537745 0.0828405
7 0.72382 0.403375 0.0801487 0.0975001
5 0.723397 0.394348 0.0792296 0.0805834
0 0.303369 0.455369 0.0159105 0.0542202
2 0.980126 0.526079 0.0389883 0.100948
2 0.353406 0.380619 0.0258619 0.0288979
2 0.867801 0.604 0.0440344 0.0955396
2 0.35431 0.340344 0.0241254 0.0409794
2 0.416324 0.342234 0.0205347 0.0399475
2 0.862197 0.660848 0.0545746 0.13136
3 0.207308 0.790448 0.0322544 0.102474
7 0.540603 0.895652 0.110577 0.20426
5 0.445208 0.429703 0.0264841 0.0578712
7 0.32971 0.767487 0.0888367 0.245855
2 0.593011 0.784738 0.0993016 0.145949
2 0.0352035 0.719344 0.0699671 0.138762
2 0.160034 0.714489 0.0827183 0.124372
7 0.386409 0.384478 0.0448174 0.107234
2 0.440256 0.594515 0.0569168 0.099138
2 0.510916 0.640297 0.0630122 0.115894
2 0.285066 0.665631 0.0639465 0.119877
2 0.500561 0.548961 0.054854 0.0909567
0 0.207691 0.757868 0.032771 0.100847
2 0.380469 0.689094 0.0592565 0.125182
0 0.150548 0.761073 0.0379998 0.0976919
2 0.0759264 0.630669 0.0806457 0.104615
5 0.196503 0.421837 0.0610485 0.106329
7 0.477752 0.447506 0.0397303 0.114435
3 0.149722 0.807 0.0339231 0.0742944
2 0.434767 0.526028 0.0424372 0.0703139
7 0.541046 0.893857 0.108762 0.203443
5 0.345737 0.444172 0.0360364 0.100252
5 0.725246 0.40071 0.0832556 0.0938759
2 0.269778 0.484388 0.0379039 0.0724179
2 0.868663 0.602212 0.0409155 0.0819894
2 0.342186 0.576981 0.0499269 0.112227
3 0.207203 0.785138 0.0323359 0.112559
3 0.205675 0.807245 0.0279934 0.0687622
7 0.32971 0.767487 0.0888367 0.245855
2 0.593011 0.784738 0.0993016 0.145949
2 0.0352035 0.719344 0.0699671 0.138762
2 0.160034 0.714489 0.0827183 0.124372
7 0.386409 0.384478 0.0448174 0.107234
2 0.440256 0.594515 0.0569168 0.099138
2 0.510916 0.640297 0.0630122 0.115894
2 0.285066 0.665631 0.0639465 0.119877
2 0.500561 0.548961 0.054854 0.0909567
0 0.207691 0.757868 0.032771 0.100847
2 0.380469 0.689094 0.0592565 0.125182
0 0.150548 0.761073 0.0379998 0.0976919
2 0.0759264 0.630669 0.0806457 0.104615
5 0.196503 0.421837 0.0610485 0.106329
7 0.477752 0.447506 0.0397303 0.114435
3 0.149722 0.807 0.0339231 0.0742944
2 0.434767 0.526028 0.0424372 0.0703139
7 0.541046 0.893857 0.108762 0.203443
5 0.345737 0.444172 0.0360364 0.100252
5 0.725246 0.40071 0.0832556 0.0938759
2 0.269778 0.484388 0.0379039 0.0724179
2 0.868663 0.602212 0.0409155 0.0819894
2 0.342186 0.576981 0.0499269 0.112227
3 0.207203 0.785138 0.0323359 0.112559
3 0.205675 0.807245 0.0279934 0.0687622
7 0.32971 0.767487 0.0888367 0.245855
2 0.593011 0.784738 0.0993016 0.145949
2 0.0352035 0.719344 0.0699671 0.138762
2 0.160034 0.714489 0.0827183 0.124372
7 0.386409 0.384478 0.0448174 0.107234
2 0.440256 0.594515 0.0569168 0.099138
2 0.510916 0.640297 0.0630122 0.115894
2 0.285066 0.665631 0.0639465 0.119877
2 0.500561 0.548961 0.054854 0.0909567
0 0.207691 0.757868 0.032771 0.100847
2 0.380469 0.689094 0.0592565 0.125182
0 0.150548 0.761073 0.0379998 0.0976919
2 0.0759264 0.630669 0.0806457 0.104615
5 0.196503 0.421837 0.0610485 0.106329
7 0.477752 0.447506 0.0397303 0.114435
3 0.149722 0.807 0.0339231 0.0742944
2 0.434767 0.526028 0.0424372 0.0703139
7 0.541046 0.893857 0.108762 0.203443
5 0.345737 0.444172 0.0360364 0.100252
5 0.725246 0.40071 0.0832556 0.0938759
2 0.269778 0.484388 0.0379039 0.0724179
2 0.868663 0.602212 0.0409155 0.0819894
2 0.342186 0.576981 0.0499269 0.112227
3 0.207203 0.785138 0.0323359 0.112559
3 0.205675 0.807245 0.0279934 0.0687622
7 0.32971 0.767487 0.0888367 0.245855
2 0.593011 0.784738 0.0993016 0.145949
2 0.0352035 0.719344 0.0699671 0.138762
2 0.160034 0.714489 0.0827183 0.124372
7 0.386409 0.384478 0.0448174 0.107234
2 0.440256 0.594515 0.0569168 0.099138
2 0.510916 0.640297 0.0630122 0.115894
2 0.285066 0.665631 0.0639465 0.119877
2 0.500561 0.548961 0.054854 0.0909567
0 0.207691 0.757868 0.032771 0.100847
2 0.380469 0.689094 0.0592565 0.125182
0 0.150548 0.761073 0.0379998 0.0976919
2 0.0759264 0.630669 0.0806457 0.104615
5 0.196503 0.421837 0.0610485 0.106329
7 0.477752 0.447506 0.0397303 0.114435
3 0.149722 0.807 0.0339231 0.0742944
2 0.434767 0.526028 0.0424372 0.0703139
7 0.541046 0.893857 0.108762 0.203443
5 0.345737 0.444172 0.0360364 0.100252
5 0.725246 0.40071 0.0832556 0.0938759
2 0.269778 0.484388 0.0379039 0.0724179
2 0.868663 0.602212 0.0409155 0.0819894
2 0.342186 0.576981 0.0499269 0.112227
3 0.207203 0.785138 0.0323359 0.112559
3 0.205675 0.807245 0.0279934 0.0687622
7 0.32971 0.767487 0.0888367 0.245855
2 0.593011 0.784738 0.0993016 0.145949
2 0.0352035 0.719344 0.0699671 0.138762
2 0.160034 0.714489 0.0827183 0.124372
7 0.386409 0.384478 0.0448174 0.107234
2 0.440256 0.594515 0.0569168 0.099138
2 0.510916 0.640297 0.0630122 0.115894
2 0.285066 0.665631 0.0639465 0.119877
2 0.500561 0.548961 0.054854 0.0909567
0 0.207691 0.757868 0.032771 0.100847
2 0.380469 0.689094 0.0592565 0.125182
0 0.150548 0.761073 0.0379998 0.0976919
2 0.0759264 0.630669 0.0806457 0.104615
5 0.196503 0.421837 0.0610485 0.106329
7 0.477752 0.447506 0.0397303 0.114435
3 0.149722 0.807 0.0339231 0.0742944
2 0.434767 0.526028 0.0424372 0.0703139
7 0.541046 0.893857 0.108762 0.203443
5 0.345737 0.444172 0.0360364 0.100252
5 0.725246 0.40071 0.0832556 0.0938759
2 0.269778 0.484388 0.0379039 0.0724179
2 0.868663 0.602212 0.0409155 0.0819894
2 0.342186 0.576981 0.0499269 0.112227
3 0.207203 0.785138 0.0323359 0.112559
3 0.205675 0.807245 0.0279934 0.0687622
7 0.32971 0.767487 0.0888367 0.245855
2 0.593011 0.784738 0.0993016 0.145949
2 0.0352035 0.719344 0.0699671 0.138762
2 0.160034 0.714489 0.0827183 0.124372
7 0.386409 0.384478 0.0448174 0.107234
2 0.440256 0.594515 0.0569168 0.099138
2 0.510916 0.640297 0.0630122 0.115894
2 0.285066 0.665631 0.0639465 0.119877
2 0.500561 0.548961 0.054854 0.0909567
0 0.207691 0.757868 0.032771 0.100847
2 0.380469 0.689094 0.0592565 0.125182
0 0.150548 0.761073 0.0379998 0.0976919
2 0.0759264 0.630669 0.0806457 0.104615
5 0.196503 0.421837 0.0610485 0.106329
7 0.477752 0.447506 0.0397303 0.114435
3 0.149722 0.807 0.0339231 0.0742944
2 0.434767 0.526028 0.0424372 0.0703139
7 0.541046 0.893857 0.108762 0.203443
5 0.345737 0.444172 0.0360364 0.100252
5 0.725246 0.40071 0.0832556 0.0938759
2 0.269778 0.484388 0.0379039 0.0724179
2 0.868663 0.602212 0.0409155 0.0819894
2 0.342186 0.576981 0.0499269 0.112227
3 0.207203 0.785138 0.0323359 0.112559
3 0.205675 0.807245 0.0279934 0.0687622
7 0.32971 0.767487 0.0888367 0.245855
2 0.593011 0.784738 0.0993016 0.145949
2 0.0352035 0.719344 0.0699671 0.138762
2 0.160034 0.714489 0.0827183 0.124372
7 0.386409 0.384478 0.0448174 0.107234
2 0.440256 0.594515 0.0569168 0.099138
2 0.510916 0.640297 0.0630122 0.115894
2 0.285066 0.665631 0.0639465 0.119877
2 0.500561 0.548961 0.054854 0.0909567
0 0.207691 0.757868 0.032771 0.100847
2 0.380469 0.689094 0.0592565 0.125182
0 0.150548 0.761073 0.0379998 0.0976919
2 0.0759264 0.630669 0.0806457 0.104615
5 0.196503 0.421837 0.0610485 0.106329
7 0.477752 0.447506 0.0397303 0.114435
3 0.149722 0.807 0.0339231 0.0742944
2 0.434767 0.526028 0.0424372 0.0703139
7 0.541046 0.893857 0.108762 0.203443
5 0.345737 0.444172 0.0360364 0.100252
5 0.725246 0.40071 0.0832556 0.0938759
2 0.269778 0.484388 0.0379039 0.0724179
2 0.868663 0.602212 0.0409155 0.0819894
2 0.342186 0.576981 0.0499269 0.112227
3 0.207203 0.785138 0.0323359 0.112559
3 0.205675 0.807245 0.0279934 0.0687622
7 0.32971 0.767487 0.0888367 0.245855
2 0.593011 0.784738 0.0993016 0.145949
2 0.0352035 0.719344 0.0699671 0.138762
2 0.160034 0.714489 0.0827183 0.124372
7 0.386409 0.384478 0.0448174 0.107234
2 0.440256 0.594515 0.0569168 0.099138
2 0.510916 0.640297 0.0630122 0.115894
2 0.285066 0.665631 0.0639465 0.119877
2 0.500561 0.548961 0.054854 0.0909567
0 0.207691 0.757868 0.032771 0.100847
2 0.380469 0.689094 0.0592565 0.125182
0 0.150548 0.761073 0.0379998 0.0976919
2 0.0759264 0.630669 0.0806457 0.104615
5 0.196503 0.421837 0.0610485 0.106329
7 0.477752 0.447506 0.0397303 0.114435
3 0.149722 0.807 0.0339231 0.0742944
2 0.434767 0.526028 0.0424372 0.0703139
7 0.541046 0.893857 0.108762 0.203443
5 0.345737 0.444172 0.0360364 0.100252
5 0.725246 0.40071 0.0832556 0.0938759
2 0.269778 0.484388 0.0379039 0.0724179
2 0.868663 0.602212 0.0409155 0.0819894
2 0.342186 0.576981 0.0499269 0.112227
3 0.207203 0.785138 0.0323359 0.112559
3 0.205675 0.807245 0.0279934 0.0687622
2 0.845869 0.662488 0.0902039 0.128921
2 0.445595 0.427556 0.0269888 0.0542308
2 0.41884 0.467625 0.0439515 0.071816
0 0.367868 0.500488 0.0180231 0.0658218
2 0.295139 0.372313 0.022791 0.0419327
2 0.864037 0.535975 0.0536579 0.0697296
2 0.104227 0.588328 0.0683573 0.095146
2 0.391806 0.447729 0.0303893 0.0590274
2 0.980734 0.525934 0.0377205 0.102023
2 0.178321 0.496407 0.0484425 0.0678744
2 0.863331 0.665048 0.0561687 0.124415
5 0.394505 0.286352 0.0289779 0.0552773
0 0.303632 0.455116 0.0155073 0.0545741
