7 0.199249 0.426455 0.074034 0.109802
2 0.178134 0.501063 0.0497739 0.067946
2 0.0732552 0.63017 0.0795215 0.098373
2 0.628336 0.366199 0.0320442 0.0330854
2 0.0299943 0.723347 0.0599886 0.144553
2 0.102927 0.592985 0.0714457 0.0956706
5 0.767851 0.408643 0.108749 0.0852971
0 0.332916 0.414066 0.0114075 0.0497964
2 0.958869 0.692928 0.0690929 0.100084
0 0.0645958 0.70873 0.037615 0.114623
2 0.900135 0.714143 0.078915 0.159993
2 0.963756 0.806773 0.0715645 0.174424
2 0.904139 0.733598 0.0722061 0.126247
2 0.981274 0.535321 0.0363636 0.0741972
5 0.957871 0.537735 0.081226 0.11028
7 0.899281 0.715892 0.0814995 0.200666
0 0.0151399 0.788911 0.0267143 0.127846
2 0.951369 0.801486 0.0476185 0.161154
7 0.199249 0.426455 0.074034 0.109802
2 0.178134 0.501063 0.0497739 0.067946
2 0.0732552 0.63017 0.0795215 0.098373
2 0.628336 0.366199 0.0320442 0.0330854
2 0.0299943 0.723347 0.0599886 0.144553
2 0.102927 0.592985 0.0714457 0.0956706
5 0.767851 0.408643 0.108749 0.0852971
0 0.332916 0.414066 0.0114075 0.0497964
2 0.958869 0.692928 0.0690929 0.100084
0 0.0645958 0.70873 0.037615 0.114623
2 0.900135 0.714143 0.078915 0.159993
2 0.963756 0.806773 0.0715645 0.174424
2 0.904139 0.733598 0.0722061 0.126247
2 0.981274 0.535321 0.0363636 0.0741972
5 0.957871 0.537735 0.081226 0.11028
7 0.899281 0.715892 0.0814995 0.200666
0 0.0151399 0.788911 0.0267143 0.127846
2 0.951369 0.801486 0.0476185 0.161154
7 0.199249 0.426455 0.074034 0.109802
2 0.178134 0.501063 0.0497739 0.067946
2 0.0732552 0.63017 0.0795215 0.098373
2 0.628336 0.366199 0.0320442 0.0330854
2 0.0299943 0.723347 0.0599886 0.144553
2 0.102927 0.592985 0.0714457 0.0956706
5 0.767851 0.408643 0.108749 0.0852971
0 0.332916 0.414066 0.0114075 0.0497964
2 0.958869 0.692928 0.0690929 0.100084
0 0.0645958 0.70873 0.037615 0.114623
2 0.900135 0.714143 0.078915 0.159993
2 0.963756 0.806773 0.0715645 0.174424
2 0.904139 0.733598 0.0722061 0.126247
2 0.981274 0.535321 0.0363636 0.0741972
5 0.957871 0.537735 0.081226 0.11028
7 0.899281 0.715892 0.0814995 0.200666
0 0.0151399 0.788911 0.0267143 0.127846
2 0.951369 0.801486 0.0476185 0.161154
7 0.199249 0.426455 0.074034 0.109802
2 0.178134 0.501063 0.0497739 0.067946
2 0.0732552 0.63017 0.0795215 0.098373
2 0.628336 0.366199 0.0320442 0.0330854
2 0.0299943 0.723347 0.0599886 0.144553
2 0.102927 0.592985 0.0714457 0.0956706
5 0.767851 0.408643 0.108749 0.0852971
0 0.332916 0.414066 0.0114075 0.0497964
2 0.958869 0.692928 0.0690929 0.100084
0 0.0645958 0.70873 0.037615 0.114623
2 0.900135 0.714143 0.078915 0.159993
2 0.963756 0.806773 0.0715645 0.174424
2 0.904139 0.733598 0.0722061 0.126247
2 0.981274 0.535321 0.0363636 0.0741972
5 0.957871 0.537735 0.081226 0.11028
7 0.899281 0.715892 0.0814995 0.200666
0 0.0151399 0.788911 0.0267143 0.127846
2 0.951369 0.801486 0.0476185 0.161154
7 0.199249 0.426455 0.074034 0.109802
2 0.178134 0.501063 0.0497739 0.067946
2 0.0732552 0.63017 0.0795215 0.098373
2 0.628336 0.366199 0.0320442 0.0330854
2 0.0299943 0.723347 0.0599886 0.144553
2 0.102927 0.592985 0.0714457 0.0956706
5 0.767851 0.408643 0.108749 0.0852971
0 0.332916 0.414066 0.0114075 0.0497964
2 0.958869 0.692928 0.0690929 0.100084
0 0.0645958 0.70873 0.037615 0.114623
2 0.900135 0.714143 0.078915 0.159993
2 0.963756 0.806773 0.0715645 0.174424
2 0.904139 0.733598 0.0722061 0.126247
2 0.981274 0.535321 0.0363636 0.0741972
5 0.957871 0.537735 0.081226 0.11028
7 0.899281 0.715892 0.0814995 0.200666
0 0.0151399 0.788911 0.0267143 0.127846
2 0.951369 0.801486 0.0476185 0.161154
7 0.199249 0.426455 0.074034 0.109802
2 0.178134 0.501063 0.0497739 0.067946
2 0.0732552 0.63017 0.0795215 0.098373
2 0.628336 0.366199 0.0320442 0.0330854
2 0.0299943 0.723347 0.0599886 0.144553
2 0.102927 0.592985 0.0714457 0.0956706
5 0.767851 0.408643 0.108749 0.0852971
0 0.332916 0.414066 0.0114075 0.0497964
2 0.958869 0.692928 0.0690929 0.100084
0 0.0645958 0.70873 0.037615 0.114623
2 0.900135 0.714143 0.078915 0.159993
2 0.963756 0.806773 0.0715645 0.174424
2 0.904139 0.733598 0.0722061 0.126247
2 0.981274 0.535321 0.0363636 0.0741972
5 0.957871 0.537735 0.081226 0.11028
7 0.899281 0.715892 0.0814995 0.200666
0 0.0151399 0.788911 0.0267143 0.127846
2 0.951369 0.801486 0.0476185 0.161154
7 0.199249 0.426455 0.074034 0.109802
2 0.178134 0.501063 0.0497739 0.067946
2 0.0732552 0.63017 0.0795215 0.098373
2 0.628336 0.366199 0.0320442 0.0330854
2 0.0299943 0.723347 0.0599886 0.144553
2 0.102927 0.592985 0.0714457 0.0956706
5 0.767851 0.408643 0.108749 0.0852971
0 0.332916 0.414066 0.0114075 0.0497964
2 0.958869 0.692928 0.0690929 0.100084
0 0.0645958 0.70873 0.037615 0.114623
2 0.900135 0.714143 0.078915 0.159993
2 0.963756 0.806773 0.0715645 0.174424
2 0.904139 0.733598 0.0722061 0.126247
2 0.981274 0.535321 0.0363636 0.0741972
5 0.957871 0.537735 0.081226 0.11028
7 0.899281 0.715892 0.0814995 0.200666
0 0.0151399 0.788911 0.0267143 0.127846
2 0.951369 0.801486 0.0476185 0.161154
2 0.0744549 0.628858 0.0772969 0.0942502
2 0.178 0.498992 0.0484667 0.0686993
0 0.0172974 0.793699 0.026644 0.12231
2 0.0305339 0.730637 0.0606908 0.156631
0 0.0667301 0.711722 0.0317861 0.118821
2 0.10324 0.592316 0.0706363 0.0959825
2 0.959295 0.693632 0.0694733 0.098577
7 0.196733 0.426601 0.060824 0.105015
2 0.902334 0.737705 0.0749016 0.148576
0 0.332973 0.414639 0.0113101 0.0477036
2 0.627653 0.366318 0.0315484 0.0316978
2 0.0744549 0.628858 0.0772969 0.0942502
2 0.178 0.498992 0.0484667 0.0686993
0 0.0172974 0.793699 0.026644 0.12231
2 0.0305339 0.730637 0.0606908 0.156631
0 0.0667301 0.711722 0.0317861 0.118821
2 0.10324 0.592316 0.0706363 0.0959825
2 0.959295 0.693632 0.0694733 0.098577
7 0.196733 0.426601 0.060824 0.105015
2 0.902334 0.737705 0.0749016 0.148576
0 0.332973 0.414639 0.0113101 0.0477036
2 0.627653 0.366318 0.0315484 0.0316978
2 0.0744549 0.628858 0.0772969 0.0942502
2 0.178 0.498992 0.0484667 0.0686993
0 0.0172974 0.793699 0.026644 0.12231
2 0.0305339 0.730637 0.0606908 0.156631
0 0.0667301 0.711722 0.0317861 0.118821
2 0.10324 0.592316 0.0706363 0.0959825
2 0.959295 0.693632 0.0694733 0.098577
7 0.196733 0.426601 0.060824 0.105015
2 0.902334 0.737705 0.0749016 0.148576
0 0.332973 0.414639 0.0113101 0.0477036
2 0.627653 0.366318 0.0315484 0.0316978
2 0.0744549 0.628858 0.0772969 0.0942502
2 0.178 0.498992 0.0484667 0.0686993
0 0.0172974 0.793699 0.026644 0.12231
2 0.0305339 0.730637 0.0606908 0.156631
0 0.0667301 0.711722 0.0317861 0.118821
2 0.10324 0.592316 0.0706363 0.0959825
2 0.959295 0.693632 0.0694733 0.098577
7 0.196733 0.426601 0.060824 0.105015
2 0.902334 0.737705 0.0749016 0.148576
0 0.332973 0.414639 0.0113101 0.0477036
2 0.627653 0.366318 0.0315484 0.0316978
2 0.0744549 0.628858 0.0772969 0.0942502
2 0.178 0.498992 0.0484667 0.0686993
0 0.0172974 0.793699 0.026644 0.12231
2 0.0305339 0.730637 0.0606908 0.156631
0 0.0667301 0.711722 0.0317861 0.118821
2 0.10324 0.592316 0.0706363 0.0959825
2 0.959295 0.693632 0.0694733 0.098577
7 0.196733 0.426601 0.060824 0.105015
2 0.902334 0.737705 0.0749016 0.148576
0 0.332973 0.414639 0.0113101 0.0477036
2 0.627653 0.366318 0.0315484 0.0316978
2 0.0744549 0.628858 0.0772969 0.0942502
2 0.178 0.498992 0.0484667 0.0686993
0 0.0172974 0.793699 0.026644 0.12231
2 0.0305339 0.730637 0.0606908 0.156631
0 0.0667301 0.711722 0.0317861 0.118821
2 0.10324 0.592316 0.0706363 0.0959825
2 0.959295 0.693632 0.0694733 0.098577
7 0.196733 0.426601 0.060824 0.105015
2 0.902334 0.737705 0.0749016 0.148576
0 0.332973 0.414639 0.0113101 0.0477036
2 0.627653 0.366318 0.0315484 0.0316978
2 0.0744549 0.628858 0.0772969 0.0942502
2 0.178 0.498992 0.0484667 0.0686993
0 0.0172974 0.793699 0.026644 0.12231
2 0.0305339 0.730637 0.0606908 0.156631
0 0.0667301 0.711722 0.0317861 0.118821
2 0.10324 0.592316 0.0706363 0.0959825
2 0.959295 0.693632 0.0694733 0.098577
7 0.196733 0.426601 0.060824 0.105015
2 0.902334 0.737705 0.0749016 0.148576
0 0.332973 0.414639 0.0113101 0.0477036
2 0.627653 0.366318 0.0315484 0.0316978
2 0.0744549 0.628858 0.0772969 0.0942502
2 0.178 0.498992 0.0484667 0.0686993
0 0.0172974 0.793699 0.026644 0.12231
2 0.0305339 0.730637 0.0606908 0.156631
0 0.0667301 0.711722 0.0317861 0.118821
2 0.10324 0.592316 0.0706363 0.0959825
2 0.959295 0.693632 0.0694733 0.098577
7 0.196733 0.426601 0.060824 0.105015
2 0.902334 0.737705 0.0749016 0.148576
0 0.332973 0.414639 0.0113101 0.0477036
2 0.627653 0.366318 0.0315484 0.0316978
2 0.301928 0.295195 0.0127693 0.0241812
2 0.933894 0.580052 0.0289837 0.0305951
5 0.958431 0.536499 0.0822727 0.108945
5 0.768668 0.433477 0.109785 0.132399
0 0.302619 0.331171 0.00845675 0.0315843
