2 0.87846 0.638125 0.141975 0.308896
2 0.900287 0.393708 0.103301 0.197574
2 0.946365 0.257321 0.0913366 0.148021
2 0.350757 0.203044 0.124244 0.100298
3 0.179194 0.896084 0.108368 0.207832
2 0.973428 0.143039 0.052327 0.126115
0 0.400628 0.921261 0.0695813 0.156487
0 0.313972 0.927847 0.0693898 0.141405
0 0.177399 0.87066 0.0751887 0.1861
3 0.584582 0.230538 0.0390045 0.0809373
3 0.589462 0.605068 0.0562819 0.122725
3 0.376847 0.644825 0.0605374 0.13329
3 0.46202 0.312212 0.034086 0.090256
3 0.040558 0.286966 0.0576046 0.0697729
3 0.827341 0.184167 0.0263782 0.0699866
3 0.525485 0.551373 0.0398508 0.0924627
0 0.77773 0.260218 0.0295893 0.0957302
3 0.516717 0.0896663 0.0395515 0.0464412
3 0.810323 0.508039 0.0390076 0.119148
3 0.506891 0.438169 0.0416874 0.0975149
3 0.590317 0.418201 0.0373219 0.0741023
3 0.305875 0.55533 0.0593021 0.114222
3 0.775236 0.294316 0.0317262 0.0827347
0 0.728596 0.271324 0.0308279 0.0939639
0 0.416415 0.728985 0.0540161 0.126633
0 0.812592 0.465967 0.0428743 0.1183
0 0.596458 0.550421 0.0436884 0.103757
2 0.0425221 0.137318 0.0844613 0.0490633
3 0.623307 0.259551 0.0258043 0.0709916
3 0.866552 0.25556 0.0256504 0.0734963
0 0.243786 0.680678 0.057657 0.138251
0 0.50739 0.39897 0.0344906 0.0961117
0 0.305056 0.514603 0.0418661 0.105067
3 0.896585 0.0902243 0.0185516 0.0526435
0 0.527283 0.500765 0.0354333 0.100734
2 0.0876703 0.0944842 0.0538776 0.0504371
3 0.538056 0.313034 0.035211 0.0802706
3 0.938518 0.0488287 0.0228926 0.0576122
0 0.869115 0.21252 0.027261 0.0737997
3 0.726718 0.2988 0.0312069 0.0818955
0 0.59883 0.369028 0.0338282 0.110831
0 0.37595 0.618626 0.0444189 0.12105
3 0.379781 0.345327 0.0407791 0.0840171
0 0.828021 0.162422 0.0265388 0.0780767
0 0.367023 0.536075 0.0563877 0.147524
0 0.62545 0.228376 0.0272674 0.0830307
0 0.238238 0.503815 0.0441973 0.113694
3 0.311347 0.951268 0.0894523 0.0973122
3 0.414056 0.766419 0.0637018 0.185259
0 0.255197 0.676013 0.0452618 0.136614
3 0.529734 0.302949 0.054874 0.0976915
3 0.239014 0.521784 0.0528666 0.0887599
0 0.898485 0.0572884 0.0210175 0.0452094
0 0.58485 0.202054 0.03088 0.0746671
3 0.989895 0.0481343 0.0196442 0.0656239
3 0.252007 0.692852 0.0756479 0.15685
0 0.461782 0.291184 0.0338955 0.0935105
0 0.379746 0.321155 0.0377307 0.0897781
0 0.358275 0.423203 0.0509196 0.120636
0 0.210749 0.600536 0.0510391 0.0946277
3 0.367683 0.542088 0.0591312 0.133569
3 0.358017 0.426802 0.0513644 0.112159
0 0.523597 0.182439 0.0271358 0.0851367
3 0.170163 0.942591 0.0894179 0.112994
3 0.197764 0.669475 0.0396833 0.0783905
0 0.0373495 0.270759 0.0326932 0.0703495
0 0.868476 0.225876 0.0289906 0.100506
3 0.49834 0.243054 0.0371909 0.0797122
3 0.938897 0.0391875 0.0234829 0.0608446
0 0.237268 0.486653 0.0396624 0.0805746
0 0.425694 0.929086 0.0375273 0.13952
3 0.23134 0.660791 0.102498 0.0947427
3 0.896562 0.0788003 0.0201878 0.0660378
3 0.413923 0.794372 0.0629804 0.1283
3 0.270895 0.660131 0.0321997 0.0882092
2 0.87846 0.638125 0.141975 0.308896
2 0.900287 0.393708 0.103301 0.197574
2 0.946365 0.257321 0.0913366 0.148021
2 0.350757 0.203044 0.124244 0.100298
3 0.179194 0.896084 0.108368 0.207832
2 0.973428 0.143039 0.052327 0.126115
0 0.400628 0.921261 0.0695813 0.156487
0 0.313972 0.927847 0.0693898 0.141405
0 0.177399 0.87066 0.0751887 0.1861
3 0.584582 0.230538 0.0390045 0.0809373
3 0.589462 0.605068 0.0562819 0.122725
3 0.376847 0.644825 0.0605374 0.13329
3 0.46202 0.312212 0.034086 0.090256
3 0.040558 0.286966 0.0576046 0.0697729
3 0.827341 0.184167 0.0263782 0.0699866
3 0.525485 0.551373 0.0398508 0.0924627
0 0.77773 0.260218 0.0295893 0.0957302
3 0.516717 0.0896663 0.0395515 0.0464412
3 0.810323 0.508039 0.0390076 0.119148
3 0.506891 0.438169 0.0416874 0.0975149
3 0.590317 0.418201 0.0373219 0.0741023
3 0.305875 0.55533 0.0593021 0.114222
3 0.775236 0.294316 0.0317262 0.0827347
0 0.728596 0.271324 0.0308279 0.0939639
0 0.416415 0.728985 0.0540161 0.126633
0 0.812592 0.465967 0.0428743 0.1183
0 0.596458 0.550421 0.0436884 0.103757
2 0.0425221 0.137318 0.0844613 0.0490633
3 0.623307 0.259551 0.0258043 0.0709916
3 0.866552 0.25556 0.0256504 0.0734963
0 0.243786 0.680678 0.057657 0.138251
0 0.50739 0.39897 0.0344906 0.0961117
0 0.305056 0.514603 0.0418661 0.105067
3 0.896585 0.0902243 0.0185516 0.0526435
0 0.527283 0.500765 0.0354333 0.100734
2 0.0876703 0.0944842 0.0538776 0.0504371
3 0.538056 0.313034 0.035211 0.0802706
3 0.938518 0.0488287 0.0228926 0.0576122
0 0.869115 0.21252 0.027261 0.0737997
3 0.726718 0.2988 0.0312069 0.0818955
0 0.59883 0.369028 0.0338282 0.110831
0 0.37595 0.618626 0.0444189 0.12105
3 0.379781 0.345327 0.0407791 0.0840171
0 0.828021 0.162422 0.0265388 0.0780767
0 0.367023 0.536075 0.0563877 0.147524
0 0.62545 0.228376 0.0272674 0.0830307
0 0.238238 0.503815 0.0441973 0.113694
3 0.311347 0.951268 0.0894523 0.0973122
3 0.414056 0.766419 0.0637018 0.185259
0 0.255197 0.676013 0.0452618 0.136614
3 0.529734 0.302949 0.054874 0.0976915
3 0.239014 0.521784 0.0528666 0.0887599
0 0.898485 0.0572884 0.0210175 0.0452094
0 0.58485 0.202054 0.03088 0.0746671
3 0.989895 0.0481343 0.0196442 0.0656239
3 0.252007 0.692852 0.0756479 0.15685
0 0.461782 0.291184 0.0338955 0.0935105
0 0.379746 0.321155 0.0377307 0.0897781
0 0.358275 0.423203 0.0509196 0.120636
0 0.210749 0.600536 0.0510391 0.0946277
3 0.367683 0.542088 0.0591312 0.133569
3 0.358017 0.426802 0.0513644 0.112159
0 0.523597 0.182439 0.0271358 0.0851367
3 0.170163 0.942591 0.0894179 0.112994
3 0.197764 0.669475 0.0396833 0.0783905
0 0.0373495 0.270759 0.0326932 0.0703495
0 0.868476 0.225876 0.0289906 0.100506
3 0.49834 0.243054 0.0371909 0.0797122
3 0.938897 0.0391875 0.0234829 0.0608446
0 0.237268 0.486653 0.0396624 0.0805746
0 0.425694 0.929086 0.0375273 0.13952
3 0.23134 0.660791 0.102498 0.0947427
3 0.896562 0.0788003 0.0201878 0.0660378
3 0.413923 0.794372 0.0629804 0.1283
3 0.270895 0.660131 0.0321997 0.0882092
2 0.87846 0.638125 0.141975 0.308896
2 0.900287 0.393708 0.103301 0.197574
2 0.946365 0.257321 0.0913366 0.148021
2 0.350757 0.203044 0.124244 0.100298
3 0.179194 0.896084 0.108368 0.207832
2 0.973428 0.143039 0.052327 0.126115
0 0.400628 0.921261 0.0695813 0.156487
0 0.313972 0.927847 0.0693898 0.141405
0 0.177399 0.87066 0.0751887 0.1861
3 0.584582 0.230538 0.0390045 0.0809373
3 0.589462 0.605068 0.0562819 0.122725
3 0.376847 0.644825 0.0605374 0.13329
3 0.46202 0.312212 0.034086 0.090256
3 0.040558 0.286966 0.0576046 0.0697729
3 0.827341 0.184167 0.0263782 0.0699866
3 0.525485 0.551373 0.0398508 0.0924627
0 0.77773 0.260218 0.0295893 0.0957302
3 0.516717 0.0896663 0.0395515 0.0464412
3 0.810323 0.508039 0.0390076 0.119148
3 0.506891 0.438169 0.0416874 0.0975149
3 0.590317 0.418201 0.0373219 0.0741023
3 0.305875 0.55533 0.0593021 0.114222
3 0.775236 0.294316 0.0317262 0.0827347
0 0.728596 0.271324 0.0308279 0.0939639
0 0.416415 0.728985 0.0540161 0.126633
0 0.812592 0.465967 0.0428743 0.1183
0 0.596458 0.550421 0.0436884 0.103757
2 0.0425221 0.137318 0.0844613 0.0490633
3 0.623307 0.259551 0.0258043 0.0709916
3 0.866552 0.25556 0.0256504 0.0734963
0 0.243786 0.680678 0.057657 0.138251
0 0.50739 0.39897 0.0344906 0.0961117
0 0.305056 0.514603 0.0418661 0.105067
3 0.896585 0.0902243 0.0185516 0.0526435
0 0.527283 0.500765 0.0354333 0.100734
2 0.0876703 0.0944842 0.0538776 0.0504371
3 0.538056 0.313034 0.035211 0.0802706
3 0.938518 0.0488287 0.0228926 0.0576122
0 0.869115 0.21252 0.027261 0.0737997
3 0.726718 0.2988 0.0312069 0.0818955
0 0.59883 0.369028 0.0338282 0.110831
0 0.37595 0.618626 0.0444189 0.12105
3 0.379781 0.345327 0.0407791 0.0840171
0 0.828021 0.162422 0.0265388 0.0780767
0 0.367023 0.536075 0.0563877 0.147524
0 0.62545 0.228376 0.0272674 0.0830307
0 0.238238 0.503815 0.0441973 0.113694
3 0.311347 0.951268 0.0894523 0.0973122
3 0.414056 0.766419 0.0637018 0.185259
0 0.255197 0.676013 0.0452618 0.136614
3 0.529734 0.302949 0.054874 0.0976915
3 0.239014 0.521784 0.0528666 0.0887599
0 0.898485 0.0572884 0.0210175 0.0452094
0 0.58485 0.202054 0.03088 0.0746671
3 0.989895 0.0481343 0.0196442 0.0656239
3 0.252007 0.692852 0.0756479 0.15685
0 0.461782 0.291184 0.0338955 0.0935105
0 0.379746 0.321155 0.0377307 0.0897781
0 0.358275 0.423203 0.0509196 0.120636
0 0.210749 0.600536 0.0510391 0.0946277
3 0.367683 0.542088 0.0591312 0.133569
3 0.358017 0.426802 0.0513644 0.112159
0 0.523597 0.182439 0.0271358 0.0851367
3 0.170163 0.942591 0.0894179 0.112994
3 0.197764 0.669475 0.0396833 0.0783905
0 0.0373495 0.270759 0.0326932 0.0703495
0 0.868476 0.225876 0.0289906 0.100506
3 0.49834 0.243054 0.0371909 0.0797122
3 0.938897 0.0391875 0.0234829 0.0608446
0 0.237268 0.486653 0.0396624 0.0805746
0 0.425694 0.929086 0.0375273 0.13952
3 0.23134 0.660791 0.102498 0.0947427
3 0.896562 0.0788003 0.0201878 0.0660378
3 0.413923 0.794372 0.0629804 0.1283
3 0.270895 0.660131 0.0321997 0.0882092
