7 0.499802 0.824622 0.100711 0.301088
7 0.323642 0.773616 0.100364 0.26425
2 0.035785 0.718341 0.0708039 0.140533
2 0.417616 0.506423 0.0488992 0.0766303
2 0.0734122 0.628781 0.0786402 0.104509
2 0.355706 0.497086 0.0436429 0.0728756
2 0.355807 0.599313 0.0597387 0.0989709
2 0.457863 0.444912 0.0353691 0.0568275
7 0.522624 0.555643 0.0594291 0.147083
7 0.19796 0.421059 0.062068 0.106987
5 0.669884 0.355347 0.0588516 0.0836569
2 0.307119 0.432143 0.0303625 0.0497928
2 0.546164 0.686371 0.0806376 0.137394
2 0.178623 0.495319 0.0488173 0.0708006
2 0.438627 0.407871 0.0289413 0.0488579
7 0.384538 0.404817 0.0352939 0.0872155
7 0.408655 0.428399 0.0316836 0.0867971
2 0.726756 0.41094 0.0377874 0.047923
3 0.268959 0.458888 0.0165607 0.0531009
2 0.340573 0.40552 0.0258567 0.0492728
3 0.299103 0.464172 0.0165116 0.0526377
2 0.100071 0.589087 0.0555342 0.0982863
7 0.347513 0.350471 0.0267721 0.0652902
0 0.147338 0.594104 0.0174325 0.0824402
7 0.317554 0.372327 0.0236281 0.0513787
2 0.424944 0.369755 0.0262585 0.0435675
2 0.540697 0.643473 0.0647943 0.0581944
0 0.269937 0.456198 0.0176215 0.0580186
2 0.411466 0.337761 0.0227423 0.0404142
2 0.898585 0.72004 0.0487789 0.048475
7 0.341048 0.405656 0.0268797 0.0505513
7 0.366447 0.316628 0.0292708 0.0744656
7 0.499802 0.824622 0.100711 0.301088
7 0.323642 0.773616 0.100364 0.26425
2 0.035785 0.718341 0.0708039 0.140533
2 0.417616 0.506423 0.0488992 0.0766303
2 0.0734122 0.628781 0.0786402 0.104509
2 0.355706 0.497086 0.0436429 0.0728756
2 0.355807 0.599313 0.0597387 0.0989709
2 0.457863 0.444912 0.0353691 0.0568275
7 0.522624 0.555643 0.0594291 0.147083
7 0.19796 0.421059 0.062068 0.106987
5 0.669884 0.355347 0.0588516 0.0836569
2 0.307119 0.432143 0.0303625 0.0497928
2 0.546164 0.686371 0.0806376 0.137394
2 0.178623 0.495319 0.0488173 0.0708006
2 0.438627 0.407871 0.0289413 0.0488579
7 0.384538 0.404817 0.0352939 0.0872155
7 0.408655 0.428399 0.0316836 0.0867971
2 0.726756 0.41094 0.0377874 0.047923
3 0.268959 0.458888 0.0165607 0.0531009
2 0.340573 0.40552 0.0258567 0.0492728
3 0.299103 0.464172 0.0165116 0.0526377
2 0.100071 0.589087 0.0555342 0.0982863
7 0.347513 0.350471 0.0267721 0.0652902
0 0.147338 0.594104 0.0174325 0.0824402
7 0.317554 0.372327 0.0236281 0.0513787
2 0.424944 0.369755 0.0262585 0.0435675
2 0.540697 0.643473 0.0647943 0.0581944
0 0.269937 0.456198 0.0176215 0.0580186
2 0.411466 0.337761 0.0227423 0.0404142
2 0.898585 0.72004 0.0487789 0.048475
7 0.341048 0.405656 0.0268797 0.0505513
7 0.366447 0.316628 0.0292708 0.0744656
7 0.499802 0.824622 0.100711 0.301088
7 0.323642 0.773616 0.100364 0.26425
2 0.035785 0.718341 0.0708039 0.140533
2 0.417616 0.506423 0.0488992 0.0766303
2 0.0734122 0.628781 0.0786402 0.104509
2 0.355706 0.497086 0.0436429 0.0728756
2 0.355807 0.599313 0.0597387 0.0989709
2 0.457863 0.444912 0.0353691 0.0568275
7 0.522624 0.555643 0.0594291 0.147083
7 0.19796 0.421059 0.062068 0.106987
5 0.669884 0.355347 0.0588516 0.0836569
2 0.307119 0.432143 0.0303625 0.0497928
2 0.546164 0.686371 0.0806376 0.137394
2 0.178623 0.495319 0.0488173 0.0708006
2 0.438627 0.407871 0.0289413 0.0488579
7 0.384538 0.404817 0.0352939 0.0872155
7 0.408655 0.428399 0.0316836 0.0867971
2 0.726756 0.41094 0.0377874 0.047923
3 0.268959 0.458888 0.0165607 0.0531009
2 0.340573 0.40552 0.0258567 0.0492728
3 0.299103 0.464172 0.0165116 0.0526377
2 0.100071 0.589087 0.0555342 0.0982863
7 0.347513 0.350471 0.0267721 0.0652902
0 0.147338 0.594104 0.0174325 0.0824402
7 0.317554 0.372327 0.0236281 0.0513787
2 0.424944 0.369755 0.0262585 0.0435675
2 0.540697 0.643473 0.0647943 0.0581944
0 0.269937 0.456198 0.0176215 0.0580186
2 0.411466 0.337761 0.0227423 0.0404142
2 0.898585 0.72004 0.0487789 0.048475
7 0.341048 0.405656 0.0268797 0.0505513
7 0.366447 0.316628 0.0292708 0.0744656
7 0.499802 0.824622 0.100711 0.301088
7 0.323642 0.773616 0.100364 0.26425
2 0.035785 0.718341 0.0708039 0.140533
2 0.417616 0.506423 0.0488992 0.0766303
2 0.0734122 0.628781 0.0786402 0.104509
2 0.355706 0.497086 0.0436429 0.0728756
2 0.355807 0.599313 0.0597387 0.0989709
2 0.457863 0.444912 0.0353691 0.0568275
7 0.522624 0.555643 0.0594291 0.147083
7 0.19796 0.421059 0.062068 0.106987
5 0.669884 0.355347 0.0588516 0.0836569
2 0.307119 0.432143 0.0303625 0.0497928
2 0.546164 0.686371 0.0806376 0.137394
2 0.178623 0.495319 0.0488173 0.0708006
2 0.438627 0.407871 0.0289413 0.0488579
7 0.384538 0.404817 0.0352939 0.0872155
7 0.408655 0.428399 0.0316836 0.0867971
2 0.726756 0.41094 0.0377874 0.047923
3 0.268959 0.458888 0.0165607 0.0531009
2 0.340573 0.40552 0.0258567 0.0492728
3 0.299103 0.464172 0.0165116 0.0526377
2 0.100071 0.589087 0.0555342 0.0982863
7 0.347513 0.350471 0.0267721 0.0652902
0 0.147338 0.594104 0.0174325 0.0824402
7 0.317554 0.372327 0.0236281 0.0513787
2 0.424944 0.369755 0.0262585 0.0435675
2 0.540697 0.643473 0.0647943 0.0581944
0 0.269937 0.456198 0.0176215 0.0580186
2 0.411466 0.337761 0.0227423 0.0404142
2 0.898585 0.72004 0.0487789 0.048475
7 0.341048 0.405656 0.0268797 0.0505513
7 0.366447 0.316628 0.0292708 0.0744656
7 0.499802 0.824622 0.100711 0.301088
7 0.323642 0.773616 0.100364 0.26425
2 0.035785 0.718341 0.0708039 0.140533
2 0.417616 0.506423 0.0488992 0.0766303
2 0.0734122 0.628781 0.0786402 0.104509
2 0.355706 0.497086 0.0436429 0.0728756
2 0.355807 0.599313 0.0597387 0.0989709
2 0.457863 0.444912 0.0353691 0.0568275
7 0.522624 0.555643 0.0594291 0.147083
7 0.19796 0.421059 0.062068 0.106987
5 0.669884 0.355347 0.0588516 0.0836569
2 0.307119 0.432143 0.0303625 0.0497928
2 0.546164 0.686371 0.0806376 0.137394
2 0.178623 0.495319 0.0488173 0.0708006
2 0.438627 0.407871 0.0289413 0.0488579
7 0.384538 0.404817 0.0352939 0.0872155
7 0.408655 0.428399 0.0316836 0.0867971
2 0.726756 0.41094 0.0377874 0.047923
3 0.268959 0.458888 0.0165607 0.0531009
2 0.340573 0.40552 0.0258567 0.0492728
3 0.299103 0.464172 0.0165116 0.0526377
2 0.100071 0.589087 0.0555342 0.0982863
7 0.347513 0.350471 0.0267721 0.0652902
0 0.147338 0.594104 0.0174325 0.0824402
7 0.317554 0.372327 0.0236281 0.0513787
2 0.424944 0.369755 0.0262585 0.0435675
2 0.540697 0.643473 0.0647943 0.0581944
0 0.269937 0.456198 0.0176215 0.0580186
2 0.411466 0.337761 0.0227423 0.0404142
2 0.898585 0.72004 0.0487789 0.048475
7 0.341048 0.405656 0.0268797 0.0505513
7 0.366447 0.316628 0.0292708 0.0744656
7 0.499802 0.824622 0.100711 0.301088
7 0.323642 0.773616 0.100364 0.26425
2 0.035785 0.718341 0.0708039 0.140533
2 0.417616 0.506423 0.0488992 0.0766303
2 0.0734122 0.628781 0.0786402 0.104509
2 0.355706 0.497086 0.0436429 0.0728756
2 0.355807 0.599313 0.0597387 0.0989709
2 0.457863 0.444912 0.0353691 0.0568275
7 0.522624 0.555643 0.0594291 0.147083
7 0.19796 0.421059 0.062068 0.106987
5 0.669884 0.355347 0.0588516 0.0836569
2 0.307119 0.432143 0.0303625 0.0497928
2 0.546164 0.686371 0.0806376 0.137394
2 0.178623 0.495319 0.0488173 0.0708006
2 0.438627 0.407871 0.0289413 0.0488579
7 0.384538 0.404817 0.0352939 0.0872155
7 0.408655 0.428399 0.0316836 0.0867971
2 0.726756 0.41094 0.0377874 0.047923
3 0.268959 0.458888 0.0165607 0.0531009
2 0.340573 0.40552 0.0258567 0.0492728
3 0.299103 0.464172 0.0165116 0.0526377
2 0.100071 0.589087 0.0555342 0.0982863
7 0.347513 0.350471 0.0267721 0.0652902
0 0.147338 0.594104 0.0174325 0.0824402
7 0.317554 0.372327 0.0236281 0.0513787
2 0.424944 0.369755 0.0262585 0.0435675
2 0.540697 0.643473 0.0647943 0.0581944
0 0.269937 0.456198 0.0176215 0.0580186
2 0.411466 0.337761 0.0227423 0.0404142
2 0.898585 0.72004 0.0487789 0.048475
7 0.341048 0.405656 0.0268797 0.0505513
7 0.366447 0.316628 0.0292708 0.0744656
7 0.499802 0.824622 0.100711 0.301088
7 0.323642 0.773616 0.100364 0.26425
2 0.035785 0.718341 0.0708039 0.140533
2 0.417616 0.506423 0.0488992 0.0766303
2 0.0734122 0.628781 0.0786402 0.104509
2 0.355706 0.497086 0.0436429 0.0728756
2 0.355807 0.599313 0.0597387 0.0989709
2 0.457863 0.444912 0.0353691 0.0568275
7 0.522624 0.555643 0.0594291 0.147083
7 0.19796 0.421059 0.062068 0.106987
5 0.669884 0.355347 0.0588516 0.0836569
2 0.307119 0.432143 0.0303625 0.0497928
2 0.546164 0.686371 0.0806376 0.137394
2 0.178623 0.495319 0.0488173 0.0708006
2 0.438627 0.407871 0.0289413 0.0488579
7 0.384538 0.404817 0.0352939 0.0872155
7 0.408655 0.428399 0.0316836 0.0867971
2 0.726756 0.41094 0.0377874 0.047923
3 0.268959 0.458888 0.0165607 0.0531009
2 0.340573 0.40552 0.0258567 0.0492728
3 0.299103 0.464172 0.0165116 0.0526377
2 0.100071 0.589087 0.0555342 0.0982863
7 0.347513 0.350471 0.0267721 0.0652902
0 0.147338 0.594104 0.0174325 0.0824402
7 0.317554 0.372327 0.0236281 0.0513787
2 0.424944 0.369755 0.0262585 0.0435675
2 0.540697 0.643473 0.0647943 0.0581944
0 0.269937 0.456198 0.0176215 0.0580186
2 0.411466 0.337761 0.0227423 0.0404142
2 0.898585 0.72004 0.0487789 0.048475
7 0.341048 0.405656 0.0268797 0.0505513
7 0.366447 0.316628 0.0292708 0.0744656
7 0.499761 0.824096 0.0996054 0.302264
7 0.323357 0.779654 0.100644 0.276951
2 0.0352586 0.718521 0.0700133 0.140581
7 0.523099 0.556184 0.0591627 0.14404
2 0.0742095 0.628663 0.076981 0.101834
2 0.417533 0.506324 0.0485697 0.0756273
2 0.355714 0.49669 0.0431745 0.0699673
2 0.353931 0.59827 0.060403 0.0970545
5 0.670285 0.357874 0.0590261 0.0872932
2 0.458072 0.444833 0.0354368 0.0564007
0 0.14583 0.594323 0.0210223 0.0833527
5 0.196624 0.421373 0.0613137 0.105853
2 0.307025 0.432751 0.0297467 0.0492903
2 0.103992 0.587116 0.0660168 0.0951092
7 0.384571 0.403815 0.0346128 0.0878515
2 0.17818 0.495805 0.0488486 0.0695013
7 0.408253 0.428597 0.0307429 0.0850758
3 0.298893 0.463081 0.0160069 0.0527137
2 0.340227 0.407023 0.0258975 0.0467463
7 0.366547 0.32028 0.0282078 0.0808164
2 0.439318 0.407719 0.0294106 0.047543
2 0.546838 0.684909 0.0796524 0.137194
3 0.268082 0.461506 0.0135898 0.0495531
7 0.347633 0.349379 0.026465 0.0638326
7 0.499761 0.824096 0.0996054 0.302264
7 0.323357 0.779654 0.100644 0.276951
2 0.0352586 0.718521 0.0700133 0.140581
7 0.523099 0.556184 0.0591627 0.14404
2 0.0742095 0.628663 0.076981 0.101834
2 0.417533 0.506324 0.0485697 0.0756273
2 0.355714 0.49669 0.0431745 0.0699673
2 0.353931 0.59827 0.060403 0.0970545
5 0.670285 0.357874 0.0590261 0.0872932
2 0.458072 0.444833 0.0354368 0.0564007
0 0.14583 0.594323 0.0210223 0.0833527
5 0.196624 0.421373 0.0613137 0.105853
2 0.307025 0.432751 0.0297467 0.0492903
2 0.103992 0.587116 0.0660168 0.0951092
7 0.384571 0.403815 0.0346128 0.0878515
2 0.17818 0.495805 0.0488486 0.0695013
7 0.408253 0.428597 0.0307429 0.0850758
3 0.298893 0.463081 0.0160069 0.0527137
2 0.340227 0.407023 0.0258975 0.0467463
7 0.366547 0.32028 0.0282078 0.0808164
2 0.439318 0.407719 0.0294106 0.047543
2 0.546838 0.684909 0.0796524 0.137194
3 0.268082 0.461506 0.0135898 0.0495531
7 0.347633 0.349379 0.026465 0.0638326
