2 0.387471 0.883847 0.111494 0.202982
7 0.199041 0.42708 0.0710637 0.109004
2 0.178066 0.501718 0.0497842 0.0680432
0 0.281742 0.801661 0.0373672 0.0965864
2 0.0731871 0.633089 0.0782366 0.104073
7 0.899523 0.722771 0.123334 0.212141
2 0.0301796 0.716216 0.0601408 0.126875
3 0.279631 0.865414 0.0329051 0.0795732
0 0.0447633 0.769978 0.0276918 0.122205
2 0.0604089 0.695328 0.0505305 0.0948424
0 0.195331 0.889813 0.0418323 0.118345
7 0.559876 0.94529 0.134697 0.106093
3 0.194313 0.948876 0.0386246 0.0925062
2 0.560066 0.945674 0.133811 0.105988
2 0.1015 0.594428 0.0730064 0.0953543
5 0.773783 0.414809 0.10939 0.0959598
0 0.30459 0.318597 0.00760779 0.0313035
2 0.967457 0.732108 0.0521044 0.16535
0 0.343943 0.378578 0.00963841 0.0425667
5 0.958218 0.539086 0.0828737 0.115402
5 0.774924 0.440208 0.112836 0.147053
2 0.320855 0.245125 0.0173663 0.026181
2 0.958538 0.539214 0.0818361 0.114108
3 0.195391 0.92865 0.041322 0.136471
2 0.387471 0.883847 0.111494 0.202982
7 0.199041 0.42708 0.0710637 0.109004
2 0.178066 0.501718 0.0497842 0.0680432
0 0.281742 0.801661 0.0373672 0.0965864
2 0.0731871 0.633089 0.0782366 0.104073
7 0.899523 0.722771 0.123334 0.212141
2 0.0301796 0.716216 0.0601408 0.126875
3 0.279631 0.865414 0.0329051 0.0795732
0 0.0447633 0.769978 0.0276918 0.122205
2 0.0604089 0.695328 0.0505305 0.0948424
0 0.195331 0.889813 0.0418323 0.118345
7 0.559876 0.94529 0.134697 0.106093
3 0.194313 0.948876 0.0386246 0.0925062
2 0.560066 0.945674 0.133811 0.105988
2 0.1015 0.594428 0.0730064 0.0953543
5 0.773783 0.414809 0.10939 0.0959598
0 0.30459 0.318597 0.00760779 0.0313035
2 0.967457 0.732108 0.0521044 0.16535
0 0.343943 0.378578 0.00963841 0.0425667
5 0.958218 0.539086 0.0828737 0.115402
5 0.774924 0.440208 0.112836 0.147053
2 0.320855 0.245125 0.0173663 0.026181
2 0.958538 0.539214 0.0818361 0.114108
3 0.195391 0.92865 0.041322 0.136471
2 0.387471 0.883847 0.111494 0.202982
7 0.199041 0.42708 0.0710637 0.109004
2 0.178066 0.501718 0.0497842 0.0680432
0 0.281742 0.801661 0.0373672 0.0965864
2 0.0731871 0.633089 0.0782366 0.104073
7 0.899523 0.722771 0.123334 0.212141
2 0.0301796 0.716216 0.0601408 0.126875
3 0.279631 0.865414 0.0329051 0.0795732
0 0.0447633 0.769978 0.0276918 0.122205
2 0.0604089 0.695328 0.0505305 0.0948424
0 0.195331 0.889813 0.0418323 0.118345
7 0.559876 0.94529 0.134697 0.106093
3 0.194313 0.948876 0.0386246 0.0925062
2 0.560066 0.945674 0.133811 0.105988
2 0.1015 0.594428 0.0730064 0.0953543
5 0.773783 0.414809 0.10939 0.0959598
0 0.30459 0.318597 0.00760779 0.0313035
2 0.967457 0.732108 0.0521044 0.16535
0 0.343943 0.378578 0.00963841 0.0425667
5 0.958218 0.539086 0.0828737 0.115402
5 0.774924 0.440208 0.112836 0.147053
2 0.320855 0.245125 0.0173663 0.026181
2 0.958538 0.539214 0.0818361 0.114108
3 0.195391 0.92865 0.041322 0.136471
2 0.387471 0.883847 0.111494 0.202982
7 0.199041 0.42708 0.0710637 0.109004
2 0.178066 0.501718 0.0497842 0.0680432
0 0.281742 0.801661 0.0373672 0.0965864
2 0.0731871 0.633089 0.0782366 0.104073
7 0.899523 0.722771 0.123334 0.212141
2 0.0301796 0.716216 0.0601408 0.126875
3 0.279631 0.865414 0.0329051 0.0795732
0 0.0447633 0.769978 0.0276918 0.122205
2 0.0604089 0.695328 0.0505305 0.0948424
0 0.195331 0.889813 0.0418323 0.118345
7 0.559876 0.94529 0.134697 0.106093
3 0.194313 0.948876 0.0386246 0.0925062
2 0.560066 0.945674 0.133811 0.105988
2 0.1015 0.594428 0.0730064 0.0953543
5 0.773783 0.414809 0.10939 0.0959598
0 0.30459 0.318597 0.00760779 0.0313035
2 0.967457 0.732108 0.0521044 0.16535
0 0.343943 0.378578 0.00963841 0.0425667
5 0.958218 0.539086 0.0828737 0.115402
5 0.774924 0.440208 0.112836 0.147053
2 0.320855 0.245125 0.0173663 0.026181
2 0.958538 0.539214 0.0818361 0.114108
3 0.195391 0.92865 0.041322 0.136471
2 0.387471 0.883847 0.111494 0.202982
7 0.199041 0.42708 0.0710637 0.109004
2 0.178066 0.501718 0.0497842 0.0680432
0 0.281742 0.801661 0.0373672 0.0965864
2 0.0731871 0.633089 0.0782366 0.104073
7 0.899523 0.722771 0.123334 0.212141
2 0.0301796 0.716216 0.0601408 0.126875
3 0.279631 0.865414 0.0329051 0.0795732
0 0.0447633 0.769978 0.0276918 0.122205
2 0.0604089 0.695328 0.0505305 0.0948424
0 0.195331 0.889813 0.0418323 0.118345
7 0.559876 0.94529 0.134697 0.106093
3 0.194313 0.948876 0.0386246 0.0925062
2 0.560066 0.945674 0.133811 0.105988
2 0.1015 0.594428 0.0730064 0.0953543
5 0.773783 0.414809 0.10939 0.0959598
0 0.30459 0.318597 0.00760779 0.0313035
2 0.967457 0.732108 0.0521044 0.16535
0 0.343943 0.378578 0.00963841 0.0425667
5 0.958218 0.539086 0.0828737 0.115402
5 0.774924 0.440208 0.112836 0.147053
2 0.320855 0.245125 0.0173663 0.026181
2 0.958538 0.539214 0.0818361 0.114108
3 0.195391 0.92865 0.041322 0.136471
2 0.387471 0.883847 0.111494 0.202982
7 0.199041 0.42708 0.0710637 0.109004
2 0.178066 0.501718 0.0497842 0.0680432
0 0.281742 0.801661 0.0373672 0.0965864
2 0.0731871 0.633089 0.0782366 0.104073
7 0.899523 0.722771 0.123334 0.212141
2 0.0301796 0.716216 0.0601408 0.126875
3 0.279631 0.865414 0.0329051 0.0795732
0 0.0447633 0.769978 0.0276918 0.122205
2 0.0604089 0.695328 0.0505305 0.0948424
0 0.195331 0.889813 0.0418323 0.118345
7 0.559876 0.94529 0.134697 0.106093
3 0.194313 0.948876 0.0386246 0.0925062
2 0.560066 0.945674 0.133811 0.105988
2 0.1015 0.594428 0.0730064 0.0953543
5 0.773783 0.414809 0.10939 0.0959598
0 0.30459 0.318597 0.00760779 0.0313035
2 0.967457 0.732108 0.0521044 0.16535
0 0.343943 0.378578 0.00963841 0.0425667
5 0.958218 0.539086 0.0828737 0.115402
5 0.774924 0.440208 0.112836 0.147053
2 0.320855 0.245125 0.0173663 0.026181
2 0.958538 0.539214 0.0818361 0.114108
3 0.195391 0.92865 0.041322 0.136471
2 0.387471 0.883847 0.111494 0.202982
7 0.199041 0.42708 0.0710637 0.109004
2 0.178066 0.501718 0.0497842 0.0680432
0 0.281742 0.801661 0.0373672 0.0965864
2 0.0731871 0.633089 0.0782366 0.104073
7 0.899523 0.722771 0.123334 0.212141
2 0.0301796 0.716216 0.0601408 0.126875
3 0.279631 0.865414 0.0329051 0.0795732
0 0.0447633 0.769978 0.0276918 0.122205
2 0.0604089 0.695328 0.0505305 0.0948424
0 0.195331 0.889813 0.0418323 0.118345
7 0.559876 0.94529 0.134697 0.106093
3 0.194313 0.948876 0.0386246 0.0925062
2 0.560066 0.945674 0.133811 0.105988
2 0.1015 0.594428 0.0730064 0.0953543
5 0.773783 0.414809 0.10939 0.0959598
0 0.30459 0.318597 0.00760779 0.0313035
2 0.967457 0.732108 0.0521044 0.16535
0 0.343943 0.378578 0.00963841 0.0425667
5 0.958218 0.539086 0.0828737 0.115402
5 0.774924 0.440208 0.112836 0.147053
2 0.320855 0.245125 0.0173663 0.026181
2 0.958538 0.539214 0.0818361 0.114108
3 0.195391 0.92865 0.041322 0.136471
2 0.38705 0.885707 0.109928 0.206891
2 0.0740917 0.634746 0.077319 0.104679
2 0.177829 0.49969 0.0486446 0.0694938
2 0.0307477 0.717374 0.0610363 0.127748
0 0.281749 0.801277 0.0380143 0.0941237
3 0.279666 0.863214 0.0334174 0.0731493
7 0.196099 0.427207 0.0622917 0.10616
0 0.0447458 0.770215 0.0274115 0.121354
2 0.104131 0.59301 0.0683342 0.0958779
2 0.56087 0.945846 0.134423 0.103455
3 0.193186 0.948849 0.0362577 0.0772612
5 0.949982 0.525599 0.0684347 0.0883208
7 0.560811 0.945686 0.134771 0.103085
0 0.195031 0.889339 0.0420861 0.113379
2 0.38705 0.885707 0.109928 0.206891
2 0.0740917 0.634746 0.077319 0.104679
2 0.177829 0.49969 0.0486446 0.0694938
2 0.0307477 0.717374 0.0610363 0.127748
0 0.281749 0.801277 0.0380143 0.0941237
3 0.279666 0.863214 0.0334174 0.0731493
7 0.196099 0.427207 0.0622917 0.10616
0 0.0447458 0.770215 0.0274115 0.121354
2 0.104131 0.59301 0.0683342 0.0958779
2 0.56087 0.945846 0.134423 0.103455
3 0.193186 0.948849 0.0362577 0.0772612
5 0.949982 0.525599 0.0684347 0.0883208
7 0.560811 0.945686 0.134771 0.103085
0 0.195031 0.889339 0.0420861 0.113379
