7 0.638867 0.827586 0.110702 0.271005
2 0.330002 0.874823 0.101185 0.183594
2 0.0357327 0.720675 0.0710329 0.144917
2 0.444897 0.635747 0.0703695 0.110428
2 0.499376 0.54144 0.0524443 0.0812149
2 0.34738 0.630563 0.0626638 0.107608
2 0.0733785 0.629205 0.0794617 0.104605
2 0.469087 0.473571 0.0410942 0.0631702
7 0.378633 0.470116 0.040764 0.112979
7 0.425329 0.503134 0.0418124 0.11894
3 0.289415 0.558592 0.0231967 0.065933
7 0.198718 0.421429 0.0728458 0.107255
2 0.178629 0.496843 0.0489954 0.0697084
2 0.444532 0.42863 0.0318218 0.0577723
2 0.331447 0.461397 0.0348748 0.0611251
0 0.238758 0.557756 0.0205539 0.0795247
0 0.346824 0.541869 0.0226222 0.0725466
7 0.374034 0.335221 0.0331448 0.0851746
2 0.909513 0.732555 0.11283 0.173357
7 0.344077 0.369043 0.0351137 0.0794819
3 0.346591 0.542213 0.0224507 0.0713784
3 0.23999 0.576264 0.0217801 0.0526252
2 0.943303 0.575917 0.0718622 0.145121
2 0.276765 0.494646 0.0371328 0.0676336
0 0.288453 0.533433 0.0223619 0.0925222
7 0.909319 0.732857 0.111993 0.17448
2 0.298893 0.373964 0.0233948 0.0435616
2 0.432558 0.393552 0.0307455 0.0510391
7 0.90656 0.527627 0.150213 0.231892
3 0.25795 0.364551 0.0169761 0.044819
2 0.1013 0.591456 0.0596585 0.100359
0 0.308482 0.481847 0.0161143 0.0617191
2 0.327164 0.408502 0.0272039 0.056627
0 0.288344 0.515374 0.0212226 0.0648862
7 0.425461 0.341442 0.0254715 0.0510259
2 0.308943 0.315289 0.0193755 0.0435776
2 0.404457 0.378693 0.0305586 0.0491514
2 0.308194 0.481583 0.0152283 0.0616765
2 0.401088 0.427433 0.0269917 0.0584468
3 0.346425 0.554339 0.0221468 0.0502533
7 0.638867 0.827586 0.110702 0.271005
2 0.330002 0.874823 0.101185 0.183594
2 0.0357327 0.720675 0.0710329 0.144917
2 0.444897 0.635747 0.0703695 0.110428
2 0.499376 0.54144 0.0524443 0.0812149
2 0.34738 0.630563 0.0626638 0.107608
2 0.0733785 0.629205 0.0794617 0.104605
2 0.469087 0.473571 0.0410942 0.0631702
7 0.378633 0.470116 0.040764 0.112979
7 0.425329 0.503134 0.0418124 0.11894
3 0.289415 0.558592 0.0231967 0.065933
7 0.198718 0.421429 0.0728458 0.107255
2 0.178629 0.496843 0.0489954 0.0697084
2 0.444532 0.42863 0.0318218 0.0577723
2 0.331447 0.461397 0.0348748 0.0611251
0 0.238758 0.557756 0.0205539 0.0795247
0 0.346824 0.541869 0.0226222 0.0725466
7 0.374034 0.335221 0.0331448 0.0851746
2 0.909513 0.732555 0.11283 0.173357
7 0.344077 0.369043 0.0351137 0.0794819
3 0.346591 0.542213 0.0224507 0.0713784
3 0.23999 0.576264 0.0217801 0.0526252
2 0.943303 0.575917 0.0718622 0.145121
2 0.276765 0.494646 0.0371328 0.0676336
0 0.288453 0.533433 0.0223619 0.0925222
7 0.909319 0.732857 0.111993 0.17448
2 0.298893 0.373964 0.0233948 0.0435616
2 0.432558 0.393552 0.0307455 0.0510391
7 0.90656 0.527627 0.150213 0.231892
3 0.25795 0.364551 0.0169761 0.044819
2 0.1013 0.591456 0.0596585 0.100359
0 0.308482 0.481847 0.0161143 0.0617191
2 0.327164 0.408502 0.0272039 0.056627
0 0.288344 0.515374 0.0212226 0.0648862
7 0.425461 0.341442 0.0254715 0.0510259
2 0.308943 0.315289 0.0193755 0.0435776
2 0.404457 0.378693 0.0305586 0.0491514
2 0.308194 0.481583 0.0152283 0.0616765
2 0.401088 0.427433 0.0269917 0.0584468
3 0.346425 0.554339 0.0221468 0.0502533
7 0.638867 0.827586 0.110702 0.271005
2 0.330002 0.874823 0.101185 0.183594
2 0.0357327 0.720675 0.0710329 0.144917
2 0.444897 0.635747 0.0703695 0.110428
2 0.499376 0.54144 0.0524443 0.0812149
2 0.34738 0.630563 0.0626638 0.107608
2 0.0733785 0.629205 0.0794617 0.104605
2 0.469087 0.473571 0.0410942 0.0631702
7 0.378633 0.470116 0.040764 0.112979
7 0.425329 0.503134 0.0418124 0.11894
3 0.289415 0.558592 0.0231967 0.065933
7 0.198718 0.421429 0.0728458 0.107255
2 0.178629 0.496843 0.0489954 0.0697084
2 0.444532 0.42863 0.0318218 0.0577723
2 0.331447 0.461397 0.0348748 0.0611251
0 0.238758 0.557756 0.0205539 0.0795247
0 0.346824 0.541869 0.0226222 0.0725466
7 0.374034 0.335221 0.0331448 0.0851746
2 0.909513 0.732555 0.11283 0.173357
7 0.344077 0.369043 0.0351137 0.0794819
3 0.346591 0.542213 0.0224507 0.0713784
3 0.23999 0.576264 0.0217801 0.0526252
2 0.943303 0.575917 0.0718622 0.145121
2 0.276765 0.494646 0.0371328 0.0676336
0 0.288453 0.533433 0.0223619 0.0925222
7 0.909319 0.732857 0.111993 0.17448
2 0.298893 0.373964 0.0233948 0.0435616
2 0.432558 0.393552 0.0307455 0.0510391
7 0.90656 0.527627 0.150213 0.231892
3 0.25795 0.364551 0.0169761 0.044819
2 0.1013 0.591456 0.0596585 0.100359
0 0.308482 0.481847 0.0161143 0.0617191
2 0.327164 0.408502 0.0272039 0.056627
0 0.288344 0.515374 0.0212226 0.0648862
7 0.425461 0.341442 0.0254715 0.0510259
2 0.308943 0.315289 0.0193755 0.0435776
2 0.404457 0.378693 0.0305586 0.0491514
2 0.308194 0.481583 0.0152283 0.0616765
2 0.401088 0.427433 0.0269917 0.0584468
3 0.346425 0.554339 0.0221468 0.0502533
7 0.638867 0.827586 0.110702 0.271005
2 0.330002 0.874823 0.101185 0.183594
2 0.0357327 0.720675 0.0710329 0.144917
2 0.444897 0.635747 0.0703695 0.110428
2 0.499376 0.54144 0.0524443 0.0812149
2 0.34738 0.630563 0.0626638 0.107608
2 0.0733785 0.629205 0.0794617 0.104605
2 0.469087 0.473571 0.0410942 0.0631702
7 0.378633 0.470116 0.040764 0.112979
7 0.425329 0.503134 0.0418124 0.11894
3 0.289415 0.558592 0.0231967 0.065933
7 0.198718 0.421429 0.0728458 0.107255
2 0.178629 0.496843 0.0489954 0.0697084
2 0.444532 0.42863 0.0318218 0.0577723
2 0.331447 0.461397 0.0348748 0.0611251
0 0.238758 0.557756 0.0205539 0.0795247
0 0.346824 0.541869 0.0226222 0.0725466
7 0.374034 0.335221 0.0331448 0.0851746
2 0.909513 0.732555 0.11283 0.173357
7 0.344077 0.369043 0.0351137 0.0794819
3 0.346591 0.542213 0.0224507 0.0713784
3 0.23999 0.576264 0.0217801 0.0526252
2 0.943303 0.575917 0.0718622 0.145121
2 0.276765 0.494646 0.0371328 0.0676336
0 0.288453 0.533433 0.0223619 0.0925222
7 0.909319 0.732857 0.111993 0.17448
2 0.298893 0.373964 0.0233948 0.0435616
2 0.432558 0.393552 0.0307455 0.0510391
7 0.90656 0.527627 0.150213 0.231892
3 0.25795 0.364551 0.0169761 0.044819
2 0.1013 0.591456 0.0596585 0.100359
0 0.308482 0.481847 0.0161143 0.0617191
2 0.327164 0.408502 0.0272039 0.056627
0 0.288344 0.515374 0.0212226 0.0648862
7 0.425461 0.341442 0.0254715 0.0510259
2 0.308943 0.315289 0.0193755 0.0435776
2 0.404457 0.378693 0.0305586 0.0491514
2 0.308194 0.481583 0.0152283 0.0616765
2 0.401088 0.427433 0.0269917 0.0584468
3 0.346425 0.554339 0.0221468 0.0502533
7 0.638867 0.827586 0.110702 0.271005
2 0.330002 0.874823 0.101185 0.183594
2 0.0357327 0.720675 0.0710329 0.144917
2 0.444897 0.635747 0.0703695 0.110428
2 0.499376 0.54144 0.0524443 0.0812149
2 0.34738 0.630563 0.0626638 0.107608
2 0.0733785 0.629205 0.0794617 0.104605
2 0.469087 0.473571 0.0410942 0.0631702
7 0.378633 0.470116 0.040764 0.112979
7 0.425329 0.503134 0.0418124 0.11894
3 0.289415 0.558592 0.0231967 0.065933
7 0.198718 0.421429 0.0728458 0.107255
2 0.178629 0.496843 0.0489954 0.0697084
2 0.444532 0.42863 0.0318218 0.0577723
2 0.331447 0.461397 0.0348748 0.0611251
0 0.238758 0.557756 0.0205539 0.0795247
0 0.346824 0.541869 0.0226222 0.0725466
7 0.374034 0.335221 0.0331448 0.0851746
2 0.909513 0.732555 0.11283 0.173357
7 0.344077 0.369043 0.0351137 0.0794819
3 0.346591 0.542213 0.0224507 0.0713784
3 0.23999 0.576264 0.0217801 0.0526252
2 0.943303 0.575917 0.0718622 0.145121
2 0.276765 0.494646 0.0371328 0.0676336
0 0.288453 0.533433 0.0223619 0.0925222
7 0.909319 0.732857 0.111993 0.17448
2 0.298893 0.373964 0.0233948 0.0435616
2 0.432558 0.393552 0.0307455 0.0510391
7 0.90656 0.527627 0.150213 0.231892
3 0.25795 0.364551 0.0169761 0.044819
2 0.1013 0.591456 0.0596585 0.100359
0 0.308482 0.481847 0.0161143 0.0617191
2 0.327164 0.408502 0.0272039 0.056627
0 0.288344 0.515374 0.0212226 0.0648862
7 0.425461 0.341442 0.0254715 0.0510259
2 0.308943 0.315289 0.0193755 0.0435776
2 0.404457 0.378693 0.0305586 0.0491514
2 0.308194 0.481583 0.0152283 0.0616765
2 0.401088 0.427433 0.0269917 0.0584468
3 0.346425 0.554339 0.0221468 0.0502533
7 0.638867 0.827586 0.110702 0.271005
2 0.330002 0.874823 0.101185 0.183594
2 0.0357327 0.720675 0.0710329 0.144917
2 0.444897 0.635747 0.0703695 0.110428
2 0.499376 0.54144 0.0524443 0.0812149
2 0.34738 0.630563 0.0626638 0.107608
2 0.0733785 0.629205 0.0794617 0.104605
2 0.469087 0.473571 0.0410942 0.0631702
7 0.378633 0.470116 0.040764 0.112979
7 0.425329 0.503134 0.0418124 0.11894
3 0.289415 0.558592 0.0231967 0.065933
7 0.198718 0.421429 0.0728458 0.107255
2 0.178629 0.496843 0.0489954 0.0697084
2 0.444532 0.42863 0.0318218 0.0577723
2 0.331447 0.461397 0.0348748 0.0611251
0 0.238758 0.557756 0.0205539 0.0795247
0 0.346824 0.541869 0.0226222 0.0725466
7 0.374034 0.335221 0.0331448 0.0851746
2 0.909513 0.732555 0.11283 0.173357
7 0.344077 0.369043 0.0351137 0.0794819
3 0.346591 0.542213 0.0224507 0.0713784
3 0.23999 0.576264 0.0217801 0.0526252
2 0.943303 0.575917 0.0718622 0.145121
2 0.276765 0.494646 0.0371328 0.0676336
0 0.288453 0.533433 0.0223619 0.0925222
7 0.909319 0.732857 0.111993 0.17448
2 0.298893 0.373964 0.0233948 0.0435616
2 0.432558 0.393552 0.0307455 0.0510391
7 0.90656 0.527627 0.150213 0.231892
3 0.25795 0.364551 0.0169761 0.044819
2 0.1013 0.591456 0.0596585 0.100359
0 0.308482 0.481847 0.0161143 0.0617191
2 0.327164 0.408502 0.0272039 0.056627
0 0.288344 0.515374 0.0212226 0.0648862
7 0.425461 0.341442 0.0254715 0.0510259
2 0.308943 0.315289 0.0193755 0.0435776
2 0.404457 0.378693 0.0305586 0.0491514
2 0.308194 0.481583 0.0152283 0.0616765
2 0.401088 0.427433 0.0269917 0.0584468
3 0.346425 0.554339 0.0221468 0.0502533
7 0.638867 0.827586 0.110702 0.271005
2 0.330002 0.874823 0.101185 0.183594
2 0.0357327 0.720675 0.0710329 0.144917
2 0.444897 0.635747 0.0703695 0.110428
2 0.499376 0.54144 0.0524443 0.0812149
2 0.34738 0.630563 0.0626638 0.107608
2 0.0733785 0.629205 0.0794617 0.104605
2 0.469087 0.473571 0.0410942 0.0631702
7 0.378633 0.470116 0.040764 0.112979
7 0.425329 0.503134 0.0418124 0.11894
3 0.289415 0.558592 0.0231967 0.065933
7 0.198718 0.421429 0.0728458 0.107255
2 0.178629 0.496843 0.0489954 0.0697084
2 0.444532 0.42863 0.0318218 0.0577723
2 0.331447 0.461397 0.0348748 0.0611251
0 0.238758 0.557756 0.0205539 0.0795247
0 0.346824 0.541869 0.0226222 0.0725466
7 0.374034 0.335221 0.0331448 0.0851746
2 0.909513 0.732555 0.11283 0.173357
7 0.344077 0.369043 0.0351137 0.0794819
3 0.346591 0.542213 0.0224507 0.0713784
3 0.23999 0.576264 0.0217801 0.0526252
2 0.943303 0.575917 0.0718622 0.145121
2 0.276765 0.494646 0.0371328 0.0676336
0 0.288453 0.533433 0.0223619 0.0925222
7 0.909319 0.732857 0.111993 0.17448
2 0.298893 0.373964 0.0233948 0.0435616
2 0.432558 0.393552 0.0307455 0.0510391
7 0.90656 0.527627 0.150213 0.231892
3 0.25795 0.364551 0.0169761 0.044819
2 0.1013 0.591456 0.0596585 0.100359
0 0.308482 0.481847 0.0161143 0.0617191
2 0.327164 0.408502 0.0272039 0.056627
0 0.288344 0.515374 0.0212226 0.0648862
7 0.425461 0.341442 0.0254715 0.0510259
2 0.308943 0.315289 0.0193755 0.0435776
2 0.404457 0.378693 0.0305586 0.0491514
2 0.308194 0.481583 0.0152283 0.0616765
2 0.401088 0.427433 0.0269917 0.0584468
3 0.346425 0.554339 0.0221468 0.0502533
2 0.330435 0.871873 0.101653 0.177008
2 0.0352569 0.719289 0.0700041 0.138599
7 0.425319 0.500567 0.0406366 0.115308
2 0.444868 0.637531 0.0688633 0.11039
2 0.4992 0.541246 0.053774 0.0814731
2 0.347393 0.630143 0.0615673 0.104332
2 0.0742557 0.629615 0.0778238 0.102657
7 0.639592 0.829086 0.10947 0.273801
7 0.374191 0.337456 0.0337064 0.0861648
2 0.909746 0.729277 0.111227 0.166634
2 0.469243 0.473454 0.0407455 0.062591
0 0.238874 0.552312 0.0198845 0.0680164
7 0.378832 0.469364 0.0393462 0.107598
2 0.332086 0.460035 0.035243 0.0615347
3 0.347276 0.5572 0.020944 0.0428162
5 0.196852 0.421687 0.0614661 0.105412
0 0.346609 0.529658 0.0216703 0.0463231
3 0.239493 0.579301 0.0182566 0.0448495
2 0.445008 0.427807 0.032393 0.0609196
2 0.330435 0.871873 0.101653 0.177008
2 0.0352569 0.719289 0.0700041 0.138599
7 0.425319 0.500567 0.0406366 0.115308
2 0.444868 0.637531 0.0688633 0.11039
2 0.4992 0.541246 0.053774 0.0814731
2 0.347393 0.630143 0.0615673 0.104332
2 0.0742557 0.629615 0.0778238 0.102657
7 0.639592 0.829086 0.10947 0.273801
7 0.374191 0.337456 0.0337064 0.0861648
2 0.909746 0.729277 0.111227 0.166634
2 0.469243 0.473454 0.0407455 0.062591
0 0.238874 0.552312 0.0198845 0.0680164
7 0.378832 0.469364 0.0393462 0.107598
2 0.332086 0.460035 0.035243 0.0615347
3 0.347276 0.5572 0.020944 0.0428162
5 0.196852 0.421687 0.0614661 0.105412
0 0.346609 0.529658 0.0216703 0.0463231
3 0.239493 0.579301 0.0182566 0.0448495
2 0.445008 0.427807 0.032393 0.0609196
2 0.330435 0.871873 0.101653 0.177008
2 0.0352569 0.719289 0.0700041 0.138599
7 0.425319 0.500567 0.0406366 0.115308
2 0.444868 0.637531 0.0688633 0.11039
2 0.4992 0.541246 0.053774 0.0814731
2 0.347393 0.630143 0.0615673 0.104332
2 0.0742557 0.629615 0.0778238 0.102657
7 0.639592 0.829086 0.10947 0.273801
7 0.374191 0.337456 0.0337064 0.0861648
2 0.909746 0.729277 0.111227 0.166634
2 0.469243 0.473454 0.0407455 0.062591
0 0.238874 0.552312 0.0198845 0.0680164
7 0.378832 0.469364 0.0393462 0.107598
2 0.332086 0.460035 0.035243 0.0615347
3 0.347276 0.5572 0.020944 0.0428162
5 0.196852 0.421687 0.0614661 0.105412
0 0.346609 0.529658 0.0216703 0.0463231
3 0.239493 0.579301 0.0182566 0.0448495
2 0.445008 0.427807 0.032393 0.0609196
