2 0.379395 0.92895 0.126273 0.137375
7 0.199085 0.427105 0.0726812 0.109997
2 0.0730949 0.633742 0.0798404 0.104372
0 0.176931 0.959749 0.048758 0.0800456
2 0.178039 0.501422 0.0497033 0.0672045
0 0.26209 0.893505 0.0395074 0.120414
3 0.259617 0.958944 0.0393589 0.0771837
2 0.908378 0.739481 0.0755535 0.134085
2 0.0314856 0.733482 0.0621057 0.162067
2 0.100108 0.594152 0.0776089 0.0958399
2 0.960868 0.727704 0.0654858 0.169546
0 0.30401 0.321646 0.00841894 0.0341326
0 0.341443 0.389282 0.0104481 0.0434114
5 0.772744 0.414025 0.109807 0.0934925
2 0.0614706 0.695801 0.045313 0.0936904
2 0.644691 0.34658 0.0273907 0.0365686
5 0.957888 0.537894 0.0831154 0.11171
5 0.773239 0.438489 0.111656 0.142258
2 0.905792 0.724219 0.0830677 0.195506
2 0.64841 0.34394 0.0359139 0.0418538
2 0.318288 0.246235 0.0189291 0.0238139
2 0.379395 0.92895 0.126273 0.137375
7 0.199085 0.427105 0.0726812 0.109997
2 0.0730949 0.633742 0.0798404 0.104372
0 0.176931 0.959749 0.048758 0.0800456
2 0.178039 0.501422 0.0497033 0.0672045
0 0.26209 0.893505 0.0395074 0.120414
3 0.259617 0.958944 0.0393589 0.0771837
2 0.908378 0.739481 0.0755535 0.134085
2 0.0314856 0.733482 0.0621057 0.162067
2 0.100108 0.594152 0.0776089 0.0958399
2 0.960868 0.727704 0.0654858 0.169546
0 0.30401 0.321646 0.00841894 0.0341326
0 0.341443 0.389282 0.0104481 0.0434114
5 0.772744 0.414025 0.109807 0.0934925
2 0.0614706 0.695801 0.045313 0.0936904
2 0.644691 0.34658 0.0273907 0.0365686
5 0.957888 0.537894 0.0831154 0.11171
5 0.773239 0.438489 0.111656 0.142258
2 0.905792 0.724219 0.0830677 0.195506
2 0.64841 0.34394 0.0359139 0.0418538
2 0.318288 0.246235 0.0189291 0.0238139
2 0.379395 0.92895 0.126273 0.137375
7 0.199085 0.427105 0.0726812 0.109997
2 0.0730949 0.633742 0.0798404 0.104372
0 0.176931 0.959749 0.048758 0.0800456
2 0.178039 0.501422 0.0497033 0.0672045
0 0.26209 0.893505 0.0395074 0.120414
3 0.259617 0.958944 0.0393589 0.0771837
2 0.908378 0.739481 0.0755535 0.134085
2 0.0314856 0.733482 0.0621057 0.162067
2 0.100108 0.594152 0.0776089 0.0958399
2 0.960868 0.727704 0.0654858 0.169546
0 0.30401 0.321646 0.00841894 0.0341326
0 0.341443 0.389282 0.0104481 0.0434114
5 0.772744 0.414025 0.109807 0.0934925
2 0.0614706 0.695801 0.045313 0.0936904
2 0.644691 0.34658 0.0273907 0.0365686
5 0.957888 0.537894 0.0831154 0.11171
5 0.773239 0.438489 0.111656 0.142258
2 0.905792 0.724219 0.0830677 0.195506
2 0.64841 0.34394 0.0359139 0.0418538
2 0.318288 0.246235 0.0189291 0.0238139
2 0.379395 0.92895 0.126273 0.137375
7 0.199085 0.427105 0.0726812 0.109997
2 0.0730949 0.633742 0.0798404 0.104372
0 0.176931 0.959749 0.048758 0.0800456
2 0.178039 0.501422 0.0497033 0.0672045
0 0.26209 0.893505 0.0395074 0.120414
3 0.259617 0.958944 0.0393589 0.0771837
2 0.908378 0.739481 0.0755535 0.134085
2 0.0314856 0.733482 0.0621057 0.162067
2 0.100108 0.594152 0.0776089 0.0958399
2 0.960868 0.727704 0.0654858 0.169546
0 0.30401 0.321646 0.00841894 0.0341326
0 0.341443 0.389282 0.0104481 0.0434114
5 0.772744 0.414025 0.109807 0.0934925
2 0.0614706 0.695801 0.045313 0.0936904
2 0.644691 0.34658 0.0273907 0.0365686
5 0.957888 0.537894 0.0831154 0.11171
5 0.773239 0.438489 0.111656 0.142258
2 0.905792 0.724219 0.0830677 0.195506
2 0.64841 0.34394 0.0359139 0.0418538
2 0.318288 0.246235 0.0189291 0.0238139
