5 0.138084 0.826486 0.274028 0.326768
2 0.507607 0.871324 0.0995165 0.19418
2 0.415495 0.756198 0.0865588 0.143643
2 0.516519 0.645871 0.0703182 0.112375
2 0.0353772 0.71255 0.0701826 0.137023
2 0.073802 0.626558 0.0790823 0.104241
2 0.430184 0.415958 0.0330232 0.0512756
7 0.198443 0.4173 0.063154 0.104114
2 0.1801 0.492116 0.0516095 0.0717294
7 0.367364 0.476123 0.0399608 0.115458
0 0.422345 0.496509 0.019531 0.0627502
3 0.424003 0.520276 0.0187784 0.0493986
2 0.104817 0.585879 0.066718 0.0954885
2 0.29952 0.470677 0.0358791 0.0673917
5 0.63034 0.335573 0.0511473 0.077319
5 0.916629 0.679031 0.16237 0.290607
2 0.292784 0.323518 0.0215932 0.0333313
2 0.419089 0.366788 0.024642 0.0406592
7 0.383923 0.330416 0.0216484 0.0669316
0 0.71538 0.397533 0.0136857 0.0462351
3 0.318233 0.511292 0.0202875 0.0660079
7 0.362085 0.317403 0.0247396 0.0567936
0 0.318026 0.510267 0.0194612 0.066625
5 0.664814 0.365114 0.0563913 0.0763838
2 0.368083 0.401226 0.0291875 0.0388557
2 0.32181 0.369738 0.0223008 0.0452308
0 0.860163 0.494559 0.0194504 0.0689013
0 0.260463 0.381811 0.00904655 0.0407131
2 0.345526 0.356958 0.02035 0.0352197
2 0.41538 0.337396 0.0258972 0.0295505
0 0.874505 0.462988 0.0180609 0.0573612
7 0.321803 0.368629 0.0234491 0.0455707
7 0.406921 0.312447 0.0187206 0.049818
2 0.318349 0.511113 0.0203251 0.0648405
7 0.416606 0.351813 0.0278688 0.05316
5 0.138084 0.826486 0.274028 0.326768
2 0.507607 0.871324 0.0995165 0.19418
2 0.415495 0.756198 0.0865588 0.143643
2 0.516519 0.645871 0.0703182 0.112375
2 0.0353772 0.71255 0.0701826 0.137023
2 0.073802 0.626558 0.0790823 0.104241
2 0.430184 0.415958 0.0330232 0.0512756
7 0.198443 0.4173 0.063154 0.104114
2 0.1801 0.492116 0.0516095 0.0717294
7 0.367364 0.476123 0.0399608 0.115458
0 0.422345 0.496509 0.019531 0.0627502
3 0.424003 0.520276 0.0187784 0.0493986
2 0.104817 0.585879 0.066718 0.0954885
2 0.29952 0.470677 0.0358791 0.0673917
5 0.63034 0.335573 0.0511473 0.077319
5 0.916629 0.679031 0.16237 0.290607
2 0.292784 0.323518 0.0215932 0.0333313
2 0.419089 0.366788 0.024642 0.0406592
7 0.383923 0.330416 0.0216484 0.0669316
0 0.71538 0.397533 0.0136857 0.0462351
3 0.318233 0.511292 0.0202875 0.0660079
7 0.362085 0.317403 0.0247396 0.0567936
0 0.318026 0.510267 0.0194612 0.066625
5 0.664814 0.365114 0.0563913 0.0763838
2 0.368083 0.401226 0.0291875 0.0388557
2 0.32181 0.369738 0.0223008 0.0452308
0 0.860163 0.494559 0.0194504 0.0689013
0 0.260463 0.381811 0.00904655 0.0407131
2 0.345526 0.356958 0.02035 0.0352197
2 0.41538 0.337396 0.0258972 0.0295505
0 0.874505 0.462988 0.0180609 0.0573612
7 0.321803 0.368629 0.0234491 0.0455707
7 0.406921 0.312447 0.0187206 0.049818
2 0.318349 0.511113 0.0203251 0.0648405
7 0.416606 0.351813 0.0278688 0.05316
5 0.138084 0.826486 0.274028 0.326768
2 0.507607 0.871324 0.0995165 0.19418
2 0.415495 0.756198 0.0865588 0.143643
2 0.516519 0.645871 0.0703182 0.112375
2 0.0353772 0.71255 0.0701826 0.137023
2 0.073802 0.626558 0.0790823 0.104241
2 0.430184 0.415958 0.0330232 0.0512756
7 0.198443 0.4173 0.063154 0.104114
2 0.1801 0.492116 0.0516095 0.0717294
7 0.367364 0.476123 0.0399608 0.115458
0 0.422345 0.496509 0.019531 0.0627502
3 0.424003 0.520276 0.0187784 0.0493986
2 0.104817 0.585879 0.066718 0.0954885
2 0.29952 0.470677 0.0358791 0.0673917
5 0.63034 0.335573 0.0511473 0.077319
5 0.916629 0.679031 0.16237 0.290607
2 0.292784 0.323518 0.0215932 0.0333313
2 0.419089 0.366788 0.024642 0.0406592
7 0.383923 0.330416 0.0216484 0.0669316
0 0.71538 0.397533 0.0136857 0.0462351
3 0.318233 0.511292 0.0202875 0.0660079
7 0.362085 0.317403 0.0247396 0.0567936
0 0.318026 0.510267 0.0194612 0.066625
5 0.664814 0.365114 0.0563913 0.0763838
2 0.368083 0.401226 0.0291875 0.0388557
2 0.32181 0.369738 0.0223008 0.0452308
0 0.860163 0.494559 0.0194504 0.0689013
0 0.260463 0.381811 0.00904655 0.0407131
2 0.345526 0.356958 0.02035 0.0352197
2 0.41538 0.337396 0.0258972 0.0295505
0 0.874505 0.462988 0.0180609 0.0573612
7 0.321803 0.368629 0.0234491 0.0455707
7 0.406921 0.312447 0.0187206 0.049818
2 0.318349 0.511113 0.0203251 0.0648405
7 0.416606 0.351813 0.0278688 0.05316
5 0.138084 0.826486 0.274028 0.326768
2 0.507607 0.871324 0.0995165 0.19418
2 0.415495 0.756198 0.0865588 0.143643
2 0.516519 0.645871 0.0703182 0.112375
2 0.0353772 0.71255 0.0701826 0.137023
2 0.073802 0.626558 0.0790823 0.104241
2 0.430184 0.415958 0.0330232 0.0512756
7 0.198443 0.4173 0.063154 0.104114
2 0.1801 0.492116 0.0516095 0.0717294
7 0.367364 0.476123 0.0399608 0.115458
0 0.422345 0.496509 0.019531 0.0627502
3 0.424003 0.520276 0.0187784 0.0493986
2 0.104817 0.585879 0.066718 0.0954885
2 0.29952 0.470677 0.0358791 0.0673917
5 0.63034 0.335573 0.0511473 0.077319
5 0.916629 0.679031 0.16237 0.290607
2 0.292784 0.323518 0.0215932 0.0333313
2 0.419089 0.366788 0.024642 0.0406592
7 0.383923 0.330416 0.0216484 0.0669316
0 0.71538 0.397533 0.0136857 0.0462351
3 0.318233 0.511292 0.0202875 0.0660079
7 0.362085 0.317403 0.0247396 0.0567936
0 0.318026 0.510267 0.0194612 0.066625
5 0.664814 0.365114 0.0563913 0.0763838
2 0.368083 0.401226 0.0291875 0.0388557
2 0.32181 0.369738 0.0223008 0.0452308
0 0.860163 0.494559 0.0194504 0.0689013
0 0.260463 0.381811 0.00904655 0.0407131
2 0.345526 0.356958 0.02035 0.0352197
2 0.41538 0.337396 0.0258972 0.0295505
0 0.874505 0.462988 0.0180609 0.0573612
7 0.321803 0.368629 0.0234491 0.0455707
7 0.406921 0.312447 0.0187206 0.049818
2 0.318349 0.511113 0.0203251 0.0648405
7 0.416606 0.351813 0.0278688 0.05316
5 0.138084 0.826486 0.274028 0.326768
2 0.507607 0.871324 0.0995165 0.19418
2 0.415495 0.756198 0.0865588 0.143643
2 0.516519 0.645871 0.0703182 0.112375
2 0.0353772 0.71255 0.0701826 0.137023
2 0.073802 0.626558 0.0790823 0.104241
2 0.430184 0.415958 0.0330232 0.0512756
7 0.198443 0.4173 0.063154 0.104114
2 0.1801 0.492116 0.0516095 0.0717294
7 0.367364 0.476123 0.0399608 0.115458
0 0.422345 0.496509 0.019531 0.0627502
3 0.424003 0.520276 0.0187784 0.0493986
2 0.104817 0.585879 0.066718 0.0954885
2 0.29952 0.470677 0.0358791 0.0673917
5 0.63034 0.335573 0.0511473 0.077319
5 0.916629 0.679031 0.16237 0.290607
2 0.292784 0.323518 0.0215932 0.0333313
2 0.419089 0.366788 0.024642 0.0406592
7 0.383923 0.330416 0.0216484 0.0669316
0 0.71538 0.397533 0.0136857 0.0462351
3 0.318233 0.511292 0.0202875 0.0660079
7 0.362085 0.317403 0.0247396 0.0567936
0 0.318026 0.510267 0.0194612 0.066625
5 0.664814 0.365114 0.0563913 0.0763838
2 0.368083 0.401226 0.0291875 0.0388557
2 0.32181 0.369738 0.0223008 0.0452308
0 0.860163 0.494559 0.0194504 0.0689013
0 0.260463 0.381811 0.00904655 0.0407131
2 0.345526 0.356958 0.02035 0.0352197
2 0.41538 0.337396 0.0258972 0.0295505
0 0.874505 0.462988 0.0180609 0.0573612
7 0.321803 0.368629 0.0234491 0.0455707
7 0.406921 0.312447 0.0187206 0.049818
2 0.318349 0.511113 0.0203251 0.0648405
7 0.416606 0.351813 0.0278688 0.05316
5 0.138084 0.826486 0.274028 0.326768
2 0.507607 0.871324 0.0995165 0.19418
2 0.415495 0.756198 0.0865588 0.143643
2 0.516519 0.645871 0.0703182 0.112375
2 0.0353772 0.71255 0.0701826 0.137023
2 0.073802 0.626558 0.0790823 0.104241
2 0.430184 0.415958 0.0330232 0.0512756
7 0.198443 0.4173 0.063154 0.104114
2 0.1801 0.492116 0.0516095 0.0717294
7 0.367364 0.476123 0.0399608 0.115458
0 0.422345 0.496509 0.019531 0.0627502
3 0.424003 0.520276 0.0187784 0.0493986
2 0.104817 0.585879 0.066718 0.0954885
2 0.29952 0.470677 0.0358791 0.0673917
5 0.63034 0.335573 0.0511473 0.077319
5 0.916629 0.679031 0.16237 0.290607
2 0.292784 0.323518 0.0215932 0.0333313
2 0.419089 0.366788 0.024642 0.0406592
7 0.383923 0.330416 0.0216484 0.0669316
0 0.71538 0.397533 0.0136857 0.0462351
3 0.318233 0.511292 0.0202875 0.0660079
7 0.362085 0.317403 0.0247396 0.0567936
0 0.318026 0.510267 0.0194612 0.066625
5 0.664814 0.365114 0.0563913 0.0763838
2 0.368083 0.401226 0.0291875 0.0388557
2 0.32181 0.369738 0.0223008 0.0452308
0 0.860163 0.494559 0.0194504 0.0689013
0 0.260463 0.381811 0.00904655 0.0407131
2 0.345526 0.356958 0.02035 0.0352197
2 0.41538 0.337396 0.0258972 0.0295505
0 0.874505 0.462988 0.0180609 0.0573612
7 0.321803 0.368629 0.0234491 0.0455707
7 0.406921 0.312447 0.0187206 0.049818
2 0.318349 0.511113 0.0203251 0.0648405
7 0.416606 0.351813 0.0278688 0.05316
5 0.138084 0.826486 0.274028 0.326768
2 0.507607 0.871324 0.0995165 0.19418
2 0.415495 0.756198 0.0865588 0.143643
2 0.516519 0.645871 0.0703182 0.112375
2 0.0353772 0.71255 0.0701826 0.137023
2 0.073802 0.626558 0.0790823 0.104241
2 0.430184 0.415958 0.0330232 0.0512756
7 0.198443 0.4173 0.063154 0.104114
2 0.1801 0.492116 0.0516095 0.0717294
7 0.367364 0.476123 0.0399608 0.115458
0 0.422345 0.496509 0.019531 0.0627502
3 0.424003 0.520276 0.0187784 0.0493986
2 0.104817 0.585879 0.066718 0.0954885
2 0.29952 0.470677 0.0358791 0.0673917
5 0.63034 0.335573 0.0511473 0.077319
5 0.916629 0.679031 0.16237 0.290607
2 0.292784 0.323518 0.0215932 0.0333313
2 0.419089 0.366788 0.024642 0.0406592
7 0.383923 0.330416 0.0216484 0.0669316
0 0.71538 0.397533 0.0136857 0.0462351
3 0.318233 0.511292 0.0202875 0.0660079
7 0.362085 0.317403 0.0247396 0.0567936
0 0.318026 0.510267 0.0194612 0.066625
5 0.664814 0.365114 0.0563913 0.0763838
2 0.368083 0.401226 0.0291875 0.0388557
2 0.32181 0.369738 0.0223008 0.0452308
0 0.860163 0.494559 0.0194504 0.0689013
0 0.260463 0.381811 0.00904655 0.0407131
2 0.345526 0.356958 0.02035 0.0352197
2 0.41538 0.337396 0.0258972 0.0295505
0 0.874505 0.462988 0.0180609 0.0573612
7 0.321803 0.368629 0.0234491 0.0455707
7 0.406921 0.312447 0.0187206 0.049818
2 0.318349 0.511113 0.0203251 0.0648405
7 0.416606 0.351813 0.0278688 0.05316
5 0.138095 0.82483 0.274826 0.32439
5 0.916629 0.680977 0.165213 0.288049
2 0.516753 0.64772 0.0697224 0.114795
2 0.415638 0.757362 0.0861424 0.144731
2 0.506297 0.867745 0.103763 0.18382
2 0.0352677 0.714124 0.0700874 0.135719
2 0.074131 0.626586 0.076596 0.102698
2 0.430644 0.414649 0.0343758 0.0514631
0 0.422616 0.496651 0.0192898 0.0624529
7 0.362272 0.318059 0.0230668 0.0535327
2 0.345595 0.357818 0.0214516 0.0328509
2 0.300357 0.468602 0.0361513 0.0678394
2 0.419795 0.367271 0.0240612 0.0420646
2 0.179723 0.493805 0.0517791 0.0729897
3 0.424181 0.520787 0.0184362 0.0493117
2 0.104442 0.586119 0.0667468 0.0971822
5 0.196775 0.418079 0.0604014 0.103237
2 0.366737 0.400788 0.0277002 0.0382336
0 0.71551 0.397222 0.0130455 0.0448111
2 0.321832 0.369849 0.0237257 0.0441096
2 0.414465 0.340057 0.0206491 0.0373006
5 0.138095 0.82483 0.274826 0.32439
5 0.916629 0.680977 0.165213 0.288049
2 0.516753 0.64772 0.0697224 0.114795
2 0.415638 0.757362 0.0861424 0.144731
2 0.506297 0.867745 0.103763 0.18382
2 0.0352677 0.714124 0.0700874 0.135719
2 0.074131 0.626586 0.076596 0.102698
2 0.430644 0.414649 0.0343758 0.0514631
0 0.422616 0.496651 0.0192898 0.0624529
7 0.362272 0.318059 0.0230668 0.0535327
2 0.345595 0.357818 0.0214516 0.0328509
2 0.300357 0.468602 0.0361513 0.0678394
2 0.419795 0.367271 0.0240612 0.0420646
2 0.179723 0.493805 0.0517791 0.0729897
3 0.424181 0.520787 0.0184362 0.0493117
2 0.104442 0.586119 0.0667468 0.0971822
5 0.196775 0.418079 0.0604014 0.103237
2 0.366737 0.400788 0.0277002 0.0382336
0 0.71551 0.397222 0.0130455 0.0448111
2 0.321832 0.369849 0.0237257 0.0441096
2 0.414465 0.340057 0.0206491 0.0373006
