0 0.0150942 0.785698 0.0296243 0.140587
2 0.0735355 0.631098 0.0792478 0.105708
2 0.178635 0.498702 0.0495832 0.0675434
2 0.035627 0.722477 0.0706881 0.145902
0 0.0860407 0.861262 0.0417821 0.11539
2 0.939799 0.786599 0.0721083 0.175103
7 0.197078 0.424844 0.0739482 0.108194
0 0.272373 0.448127 0.0139467 0.05635
2 0.102735 0.592752 0.071652 0.0973651
3 0.0804531 0.913263 0.0486003 0.0941284
7 0.839195 0.460039 0.0994761 0.163724
2 0.861278 0.486198 0.0545948 0.100293
2 0.959432 0.67377 0.0689014 0.0667803
0 0.258723 0.360186 0.0116891 0.0496165
2 0.904078 0.75223 0.0583126 0.124917
2 0.973015 0.523328 0.0492086 0.0613096
2 0.291768 0.349633 0.0189903 0.0412336
0 0.715242 0.410602 0.0188526 0.0451687
0 0.957912 0.428684 0.0136211 0.0764553
2 0.904887 0.72894 0.0637184 0.118281
0 0.733634 0.417038 0.0124136 0.0336141
0 0.0150942 0.785698 0.0296243 0.140587
2 0.0735355 0.631098 0.0792478 0.105708
2 0.178635 0.498702 0.0495832 0.0675434
2 0.035627 0.722477 0.0706881 0.145902
0 0.0860407 0.861262 0.0417821 0.11539
2 0.939799 0.786599 0.0721083 0.175103
7 0.197078 0.424844 0.0739482 0.108194
0 0.272373 0.448127 0.0139467 0.05635
2 0.102735 0.592752 0.071652 0.0973651
3 0.0804531 0.913263 0.0486003 0.0941284
7 0.839195 0.460039 0.0994761 0.163724
2 0.861278 0.486198 0.0545948 0.100293
2 0.959432 0.67377 0.0689014 0.0667803
0 0.258723 0.360186 0.0116891 0.0496165
2 0.904078 0.75223 0.0583126 0.124917
2 0.973015 0.523328 0.0492086 0.0613096
2 0.291768 0.349633 0.0189903 0.0412336
0 0.715242 0.410602 0.0188526 0.0451687
0 0.957912 0.428684 0.0136211 0.0764553
2 0.904887 0.72894 0.0637184 0.118281
0 0.733634 0.417038 0.0124136 0.0336141
0 0.0150942 0.785698 0.0296243 0.140587
2 0.0735355 0.631098 0.0792478 0.105708
2 0.178635 0.498702 0.0495832 0.0675434
2 0.035627 0.722477 0.0706881 0.145902
0 0.0860407 0.861262 0.0417821 0.11539
2 0.939799 0.786599 0.0721083 0.175103
7 0.197078 0.424844 0.0739482 0.108194
0 0.272373 0.448127 0.0139467 0.05635
2 0.102735 0.592752 0.071652 0.0973651
3 0.0804531 0.913263 0.0486003 0.0941284
7 0.839195 0.460039 0.0994761 0.163724
2 0.861278 0.486198 0.0545948 0.100293
2 0.959432 0.67377 0.0689014 0.0667803
0 0.258723 0.360186 0.0116891 0.0496165
2 0.904078 0.75223 0.0583126 0.124917
2 0.973015 0.523328 0.0492086 0.0613096
2 0.291768 0.349633 0.0189903 0.0412336
0 0.715242 0.410602 0.0188526 0.0451687
0 0.957912 0.428684 0.0136211 0.0764553
2 0.904887 0.72894 0.0637184 0.118281
0 0.733634 0.417038 0.0124136 0.0336141
0 0.0150942 0.785698 0.0296243 0.140587
2 0.0735355 0.631098 0.0792478 0.105708
2 0.178635 0.498702 0.0495832 0.0675434
2 0.035627 0.722477 0.0706881 0.145902
0 0.0860407 0.861262 0.0417821 0.11539
2 0.939799 0.786599 0.0721083 0.175103
7 0.197078 0.424844 0.0739482 0.108194
0 0.272373 0.448127 0.0139467 0.05635
2 0.102735 0.592752 0.071652 0.0973651
3 0.0804531 0.913263 0.0486003 0.0941284
7 0.839195 0.460039 0.0994761 0.163724
2 0.861278 0.486198 0.0545948 0.100293
2 0.959432 0.67377 0.0689014 0.0667803
0 0.258723 0.360186 0.0116891 0.0496165
2 0.904078 0.75223 0.0583126 0.124917
2 0.973015 0.523328 0.0492086 0.0613096
2 0.291768 0.349633 0.0189903 0.0412336
0 0.715242 0.410602 0.0188526 0.0451687
0 0.957912 0.428684 0.0136211 0.0764553
2 0.904887 0.72894 0.0637184 0.118281
0 0.733634 0.417038 0.0124136 0.0336141
0 0.0150942 0.785698 0.0296243 0.140587
2 0.0735355 0.631098 0.0792478 0.105708
2 0.178635 0.498702 0.0495832 0.0675434
2 0.035627 0.722477 0.0706881 0.145902
0 0.0860407 0.861262 0.0417821 0.11539
2 0.939799 0.786599 0.0721083 0.175103
7 0.197078 0.424844 0.0739482 0.108194
0 0.272373 0.448127 0.0139467 0.05635
2 0.102735 0.592752 0.071652 0.0973651
3 0.0804531 0.913263 0.0486003 0.0941284
7 0.839195 0.460039 0.0994761 0.163724
2 0.861278 0.486198 0.0545948 0.100293
2 0.959432 0.67377 0.0689014 0.0667803
0 0.258723 0.360186 0.0116891 0.0496165
2 0.904078 0.75223 0.0583126 0.124917
2 0.973015 0.523328 0.0492086 0.0613096
2 0.291768 0.349633 0.0189903 0.0412336
0 0.715242 0.410602 0.0188526 0.0451687
0 0.957912 0.428684 0.0136211 0.0764553
2 0.904887 0.72894 0.0637184 0.118281
0 0.733634 0.417038 0.0124136 0.0336141
0 0.0150942 0.785698 0.0296243 0.140587
2 0.0735355 0.631098 0.0792478 0.105708
2 0.178635 0.498702 0.0495832 0.0675434
2 0.035627 0.722477 0.0706881 0.145902
0 0.0860407 0.861262 0.0417821 0.11539
2 0.939799 0.786599 0.0721083 0.175103
7 0.197078 0.424844 0.0739482 0.108194
0 0.272373 0.448127 0.0139467 0.05635
2 0.102735 0.592752 0.071652 0.0973651
3 0.0804531 0.913263 0.0486003 0.0941284
7 0.839195 0.460039 0.0994761 0.163724
2 0.861278 0.486198 0.0545948 0.100293
2 0.959432 0.67377 0.0689014 0.0667803
0 0.258723 0.360186 0.0116891 0.0496165
2 0.904078 0.75223 0.0583126 0.124917
2 0.973015 0.523328 0.0492086 0.0613096
2 0.291768 0.349633 0.0189903 0.0412336
0 0.715242 0.410602 0.0188526 0.0451687
0 0.957912 0.428684 0.0136211 0.0764553
2 0.904887 0.72894 0.0637184 0.118281
0 0.733634 0.417038 0.0124136 0.0336141
0 0.0150942 0.785698 0.0296243 0.140587
2 0.0735355 0.631098 0.0792478 0.105708
2 0.178635 0.498702 0.0495832 0.0675434
2 0.035627 0.722477 0.0706881 0.145902
0 0.0860407 0.861262 0.0417821 0.11539
2 0.939799 0.786599 0.0721083 0.175103
7 0.197078 0.424844 0.0739482 0.108194
0 0.272373 0.448127 0.0139467 0.05635
2 0.102735 0.592752 0.071652 0.0973651
3 0.0804531 0.913263 0.0486003 0.0941284
7 0.839195 0.460039 0.0994761 0.163724
2 0.861278 0.486198 0.0545948 0.100293
2 0.959432 0.67377 0.0689014 0.0667803
0 0.258723 0.360186 0.0116891 0.0496165
2 0.904078 0.75223 0.0583126 0.124917
2 0.973015 0.523328 0.0492086 0.0613096
2 0.291768 0.349633 0.0189903 0.0412336
0 0.715242 0.410602 0.0188526 0.0451687
0 0.957912 0.428684 0.0136211 0.0764553
2 0.904887 0.72894 0.0637184 0.118281
0 0.733634 0.417038 0.0124136 0.0336141
