5 0.943329 0.81671 0.112545 0.1953
2 0.438153 0.889789 0.0838182 0.107473
2 0.628927 0.916239 0.0674298 0.125757
2 0.269143 0.818312 0.0560314 0.0841631
2 0.974415 0.935185 0.0502523 0.123959
2 0.610841 0.824446 0.0528775 0.0893175
5 0.673864 0.766943 0.111123 0.195087
7 0.563617 0.702322 0.0790173 0.103777
3 0.0681029 0.817278 0.0482733 0.0478895
2 0.776516 0.926417 0.0904271 0.143803
2 0.208347 0.650758 0.0250275 0.0423131
2 0.672301 0.981311 0.0668741 0.0342202
2 0.486911 0.948115 0.0908152 0.0986145
2 0.251346 0.639473 0.027321 0.041541
7 0.481223 0.729206 0.0407546 0.068543
3 0.440948 0.775317 0.0207635 0.0453142
0 0.0678784 0.796394 0.0110433 0.0582136
3 0.846937 0.763196 0.0433441 0.0508986
2 0.348381 0.628893 0.0295489 0.0328339
2 0.483286 0.640064 0.0372728 0.0393785
0 0.0411575 0.981766 0.029732 0.0357507
3 0.712433 0.690133 0.0335708 0.046816
0 0.441356 0.764815 0.0203918 0.0592411
7 0.673595 0.767188 0.111602 0.194307
2 0.430634 0.627308 0.036133 0.0417877
3 0.803521 0.689464 0.0294067 0.0389776
3 0.0725832 0.814527 0.036231 0.0505951
2 0.377541 0.624116 0.0259943 0.0312826
3 0.715684 0.692201 0.0271063 0.0370608
2 0.398257 0.636005 0.0324987 0.0323142
2 0.456954 0.622601 0.029398 0.0309096
3 0.712232 0.700665 0.0345366 0.0484005
5 0.943329 0.81671 0.112545 0.1953
2 0.438153 0.889789 0.0838182 0.107473
2 0.628927 0.916239 0.0674298 0.125757
2 0.269143 0.818312 0.0560314 0.0841631
2 0.974415 0.935185 0.0502523 0.123959
2 0.610841 0.824446 0.0528775 0.0893175
5 0.673864 0.766943 0.111123 0.195087
7 0.563617 0.702322 0.0790173 0.103777
3 0.0681029 0.817278 0.0482733 0.0478895
2 0.776516 0.926417 0.0904271 0.143803
2 0.208347 0.650758 0.0250275 0.0423131
2 0.672301 0.981311 0.0668741 0.0342202
2 0.486911 0.948115 0.0908152 0.0986145
2 0.251346 0.639473 0.027321 0.041541
7 0.481223 0.729206 0.0407546 0.068543
3 0.440948 0.775317 0.0207635 0.0453142
0 0.0678784 0.796394 0.0110433 0.0582136
3 0.846937 0.763196 0.0433441 0.0508986
2 0.348381 0.628893 0.0295489 0.0328339
2 0.483286 0.640064 0.0372728 0.0393785
0 0.0411575 0.981766 0.029732 0.0357507
3 0.712433 0.690133 0.0335708 0.046816
0 0.441356 0.764815 0.0203918 0.0592411
7 0.673595 0.767188 0.111602 0.194307
2 0.430634 0.627308 0.036133 0.0417877
3 0.803521 0.689464 0.0294067 0.0389776
3 0.0725832 0.814527 0.036231 0.0505951
2 0.377541 0.624116 0.0259943 0.0312826
3 0.715684 0.692201 0.0271063 0.0370608
2 0.398257 0.636005 0.0324987 0.0323142
2 0.456954 0.622601 0.029398 0.0309096
3 0.712232 0.700665 0.0345366 0.0484005
5 0.943329 0.81671 0.112545 0.1953
2 0.438153 0.889789 0.0838182 0.107473
2 0.628927 0.916239 0.0674298 0.125757
2 0.269143 0.818312 0.0560314 0.0841631
2 0.974415 0.935185 0.0502523 0.123959
2 0.610841 0.824446 0.0528775 0.0893175
5 0.673864 0.766943 0.111123 0.195087
7 0.563617 0.702322 0.0790173 0.103777
3 0.0681029 0.817278 0.0482733 0.0478895
2 0.776516 0.926417 0.0904271 0.143803
2 0.208347 0.650758 0.0250275 0.0423131
2 0.672301 0.981311 0.0668741 0.0342202
2 0.486911 0.948115 0.0908152 0.0986145
2 0.251346 0.639473 0.027321 0.041541
7 0.481223 0.729206 0.0407546 0.068543
3 0.440948 0.775317 0.0207635 0.0453142
0 0.0678784 0.796394 0.0110433 0.0582136
3 0.846937 0.763196 0.0433441 0.0508986
2 0.348381 0.628893 0.0295489 0.0328339
2 0.483286 0.640064 0.0372728 0.0393785
0 0.0411575 0.981766 0.029732 0.0357507
3 0.712433 0.690133 0.0335708 0.046816
0 0.441356 0.764815 0.0203918 0.0592411
7 0.673595 0.767188 0.111602 0.194307
2 0.430634 0.627308 0.036133 0.0417877
3 0.803521 0.689464 0.0294067 0.0389776
3 0.0725832 0.814527 0.036231 0.0505951
2 0.377541 0.624116 0.0259943 0.0312826
3 0.715684 0.692201 0.0271063 0.0370608
2 0.398257 0.636005 0.0324987 0.0323142
2 0.456954 0.622601 0.029398 0.0309096
3 0.712232 0.700665 0.0345366 0.0484005
5 0.943329 0.81671 0.112545 0.1953
2 0.438153 0.889789 0.0838182 0.107473
2 0.628927 0.916239 0.0674298 0.125757
2 0.269143 0.818312 0.0560314 0.0841631
2 0.974415 0.935185 0.0502523 0.123959
2 0.610841 0.824446 0.0528775 0.0893175
5 0.673864 0.766943 0.111123 0.195087
7 0.563617 0.702322 0.0790173 0.103777
3 0.0681029 0.817278 0.0482733 0.0478895
2 0.776516 0.926417 0.0904271 0.143803
2 0.208347 0.650758 0.0250275 0.0423131
2 0.672301 0.981311 0.0668741 0.0342202
2 0.486911 0.948115 0.0908152 0.0986145
2 0.251346 0.639473 0.027321 0.041541
7 0.481223 0.729206 0.0407546 0.068543
3 0.440948 0.775317 0.0207635 0.0453142
0 0.0678784 0.796394 0.0110433 0.0582136
3 0.846937 0.763196 0.0433441 0.0508986
2 0.348381 0.628893 0.0295489 0.0328339
2 0.483286 0.640064 0.0372728 0.0393785
0 0.0411575 0.981766 0.029732 0.0357507
3 0.712433 0.690133 0.0335708 0.046816
0 0.441356 0.764815 0.0203918 0.0592411
7 0.673595 0.767188 0.111602 0.194307
2 0.430634 0.627308 0.036133 0.0417877
3 0.803521 0.689464 0.0294067 0.0389776
3 0.0725832 0.814527 0.036231 0.0505951
2 0.377541 0.624116 0.0259943 0.0312826
3 0.715684 0.692201 0.0271063 0.0370608
2 0.398257 0.636005 0.0324987 0.0323142
2 0.456954 0.622601 0.029398 0.0309096
3 0.712232 0.700665 0.0345366 0.0484005
5 0.943329 0.81671 0.112545 0.1953
2 0.438153 0.889789 0.0838182 0.107473
2 0.628927 0.916239 0.0674298 0.125757
2 0.269143 0.818312 0.0560314 0.0841631
2 0.974415 0.935185 0.0502523 0.123959
2 0.610841 0.824446 0.0528775 0.0893175
5 0.673864 0.766943 0.111123 0.195087
7 0.563617 0.702322 0.0790173 0.103777
3 0.0681029 0.817278 0.0482733 0.0478895
2 0.776516 0.926417 0.0904271 0.143803
2 0.208347 0.650758 0.0250275 0.0423131
2 0.672301 0.981311 0.0668741 0.0342202
2 0.486911 0.948115 0.0908152 0.0986145
2 0.251346 0.639473 0.027321 0.041541
7 0.481223 0.729206 0.0407546 0.068543
3 0.440948 0.775317 0.0207635 0.0453142
0 0.0678784 0.796394 0.0110433 0.0582136
3 0.846937 0.763196 0.0433441 0.0508986
2 0.348381 0.628893 0.0295489 0.0328339
2 0.483286 0.640064 0.0372728 0.0393785
0 0.0411575 0.981766 0.029732 0.0357507
3 0.712433 0.690133 0.0335708 0.046816
0 0.441356 0.764815 0.0203918 0.0592411
7 0.673595 0.767188 0.111602 0.194307
2 0.430634 0.627308 0.036133 0.0417877
3 0.803521 0.689464 0.0294067 0.0389776
3 0.0725832 0.814527 0.036231 0.0505951
2 0.377541 0.624116 0.0259943 0.0312826
3 0.715684 0.692201 0.0271063 0.0370608
2 0.398257 0.636005 0.0324987 0.0323142
2 0.456954 0.622601 0.029398 0.0309096
3 0.712232 0.700665 0.0345366 0.0484005
5 0.943329 0.81671 0.112545 0.1953
2 0.438153 0.889789 0.0838182 0.107473
2 0.628927 0.916239 0.0674298 0.125757
2 0.269143 0.818312 0.0560314 0.0841631
2 0.974415 0.935185 0.0502523 0.123959
2 0.610841 0.824446 0.0528775 0.0893175
5 0.673864 0.766943 0.111123 0.195087
7 0.563617 0.702322 0.0790173 0.103777
3 0.0681029 0.817278 0.0482733 0.0478895
2 0.776516 0.926417 0.0904271 0.143803
2 0.208347 0.650758 0.0250275 0.0423131
2 0.672301 0.981311 0.0668741 0.0342202
2 0.486911 0.948115 0.0908152 0.0986145
2 0.251346 0.639473 0.027321 0.041541
7 0.481223 0.729206 0.0407546 0.068543
3 0.440948 0.775317 0.0207635 0.0453142
0 0.0678784 0.796394 0.0110433 0.0582136
3 0.846937 0.763196 0.0433441 0.0508986
2 0.348381 0.628893 0.0295489 0.0328339
2 0.483286 0.640064 0.0372728 0.0393785
0 0.0411575 0.981766 0.029732 0.0357507
3 0.712433 0.690133 0.0335708 0.046816
0 0.441356 0.764815 0.0203918 0.0592411
7 0.673595 0.767188 0.111602 0.194307
2 0.430634 0.627308 0.036133 0.0417877
3 0.803521 0.689464 0.0294067 0.0389776
3 0.0725832 0.814527 0.036231 0.0505951
2 0.377541 0.624116 0.0259943 0.0312826
3 0.715684 0.692201 0.0271063 0.0370608
2 0.398257 0.636005 0.0324987 0.0323142
2 0.456954 0.622601 0.029398 0.0309096
3 0.712232 0.700665 0.0345366 0.0484005
5 0.942927 0.816988 0.113237 0.19133
2 0.437609 0.889034 0.0815875 0.105688
5 0.674031 0.768398 0.110022 0.197105
2 0.628602 0.916408 0.0663578 0.125615
2 0.974627 0.935826 0.0498753 0.12488
7 0.564104 0.702758 0.079528 0.102621
2 0.26836 0.818946 0.0555193 0.0858858
2 0.208537 0.650607 0.024191 0.0420139
2 0.776035 0.926942 0.0898329 0.142929
2 0.251472 0.640334 0.0275351 0.0408875
2 0.611116 0.824679 0.0537598 0.0905377
3 0.0677124 0.814645 0.0482419 0.0526496
2 0.486617 0.949885 0.0899691 0.0968214
3 0.441032 0.775408 0.0203106 0.0414569
2 0.398398 0.635451 0.0332373 0.0328386
0 0.0686257 0.802903 0.0154174 0.0680077
2 0.430387 0.627384 0.0355391 0.0418506
0 0.441738 0.761401 0.0203283 0.0524365
3 0.803459 0.689578 0.0303261 0.0406754
5 0.942927 0.816988 0.113237 0.19133
2 0.437609 0.889034 0.0815875 0.105688
5 0.674031 0.768398 0.110022 0.197105
2 0.628602 0.916408 0.0663578 0.125615
2 0.974627 0.935826 0.0498753 0.12488
7 0.564104 0.702758 0.079528 0.102621
2 0.26836 0.818946 0.0555193 0.0858858
2 0.208537 0.650607 0.024191 0.0420139
2 0.776035 0.926942 0.0898329 0.142929
2 0.251472 0.640334 0.0275351 0.0408875
2 0.611116 0.824679 0.0537598 0.0905377
3 0.0677124 0.814645 0.0482419 0.0526496
2 0.486617 0.949885 0.0899691 0.0968214
3 0.441032 0.775408 0.0203106 0.0414569
2 0.398398 0.635451 0.0332373 0.0328386
0 0.0686257 0.802903 0.0154174 0.0680077
2 0.430387 0.627384 0.0355391 0.0418506
0 0.441738 0.761401 0.0203283 0.0524365
3 0.803459 0.689578 0.0303261 0.0406754
5 0.942927 0.816988 0.113237 0.19133
2 0.437609 0.889034 0.0815875 0.105688
5 0.674031 0.768398 0.110022 0.197105
2 0.628602 0.916408 0.0663578 0.125615
2 0.974627 0.935826 0.0498753 0.12488
7 0.564104 0.702758 0.079528 0.102621
2 0.26836 0.818946 0.0555193 0.0858858
2 0.208537 0.650607 0.024191 0.0420139
2 0.776035 0.926942 0.0898329 0.142929
2 0.251472 0.640334 0.0275351 0.0408875
2 0.611116 0.824679 0.0537598 0.0905377
3 0.0677124 0.814645 0.0482419 0.0526496
2 0.486617 0.949885 0.0899691 0.0968214
3 0.441032 0.775408 0.0203106 0.0414569
2 0.398398 0.635451 0.0332373 0.0328386
0 0.0686257 0.802903 0.0154174 0.0680077
2 0.430387 0.627384 0.0355391 0.0418506
0 0.441738 0.761401 0.0203283 0.0524365
3 0.803459 0.689578 0.0303261 0.0406754
5 0.942927 0.816988 0.113237 0.19133
2 0.437609 0.889034 0.0815875 0.105688
5 0.674031 0.768398 0.110022 0.197105
2 0.628602 0.916408 0.0663578 0.125615
2 0.974627 0.935826 0.0498753 0.12488
7 0.564104 0.702758 0.079528 0.102621
2 0.26836 0.818946 0.0555193 0.0858858
2 0.208537 0.650607 0.024191 0.0420139
2 0.776035 0.926942 0.0898329 0.142929
2 0.251472 0.640334 0.0275351 0.0408875
2 0.611116 0.824679 0.0537598 0.0905377
3 0.0677124 0.814645 0.0482419 0.0526496
2 0.486617 0.949885 0.0899691 0.0968214
3 0.441032 0.775408 0.0203106 0.0414569
2 0.398398 0.635451 0.0332373 0.0328386
0 0.0686257 0.802903 0.0154174 0.0680077
2 0.430387 0.627384 0.0355391 0.0418506
0 0.441738 0.761401 0.0203283 0.0524365
3 0.803459 0.689578 0.0303261 0.0406754
5 0.942927 0.816988 0.113237 0.19133
2 0.437609 0.889034 0.0815875 0.105688
5 0.674031 0.768398 0.110022 0.197105
2 0.628602 0.916408 0.0663578 0.125615
2 0.974627 0.935826 0.0498753 0.12488
7 0.564104 0.702758 0.079528 0.102621
2 0.26836 0.818946 0.0555193 0.0858858
2 0.208537 0.650607 0.024191 0.0420139
2 0.776035 0.926942 0.0898329 0.142929
2 0.251472 0.640334 0.0275351 0.0408875
2 0.611116 0.824679 0.0537598 0.0905377
3 0.0677124 0.814645 0.0482419 0.0526496
2 0.486617 0.949885 0.0899691 0.0968214
3 0.441032 0.775408 0.0203106 0.0414569
2 0.398398 0.635451 0.0332373 0.0328386
0 0.0686257 0.802903 0.0154174 0.0680077
2 0.430387 0.627384 0.0355391 0.0418506
0 0.441738 0.761401 0.0203283 0.0524365
3 0.803459 0.689578 0.0303261 0.0406754
5 0.942927 0.816988 0.113237 0.19133
2 0.437609 0.889034 0.0815875 0.105688
5 0.674031 0.768398 0.110022 0.197105
2 0.628602 0.916408 0.0663578 0.125615
2 0.974627 0.935826 0.0498753 0.12488
7 0.564104 0.702758 0.079528 0.102621
2 0.26836 0.818946 0.0555193 0.0858858
2 0.208537 0.650607 0.024191 0.0420139
2 0.776035 0.926942 0.0898329 0.142929
2 0.251472 0.640334 0.0275351 0.0408875
2 0.611116 0.824679 0.0537598 0.0905377
3 0.0677124 0.814645 0.0482419 0.0526496
2 0.486617 0.949885 0.0899691 0.0968214
3 0.441032 0.775408 0.0203106 0.0414569
2 0.398398 0.635451 0.0332373 0.0328386
0 0.0686257 0.802903 0.0154174 0.0680077
2 0.430387 0.627384 0.0355391 0.0418506
0 0.441738 0.761401 0.0203283 0.0524365
3 0.803459 0.689578 0.0303261 0.0406754
5 0.942927 0.816988 0.113237 0.19133
2 0.437609 0.889034 0.0815875 0.105688
5 0.674031 0.768398 0.110022 0.197105
2 0.628602 0.916408 0.0663578 0.125615
2 0.974627 0.935826 0.0498753 0.12488
7 0.564104 0.702758 0.079528 0.102621
2 0.26836 0.818946 0.0555193 0.0858858
2 0.208537 0.650607 0.024191 0.0420139
2 0.776035 0.926942 0.0898329 0.142929
2 0.251472 0.640334 0.0275351 0.0408875
2 0.611116 0.824679 0.0537598 0.0905377
3 0.0677124 0.814645 0.0482419 0.0526496
2 0.486617 0.949885 0.0899691 0.0968214
3 0.441032 0.775408 0.0203106 0.0414569
2 0.398398 0.635451 0.0332373 0.0328386
0 0.0686257 0.802903 0.0154174 0.0680077
2 0.430387 0.627384 0.0355391 0.0418506
0 0.441738 0.761401 0.0203283 0.0524365
3 0.803459 0.689578 0.0303261 0.0406754
5 0.942927 0.816988 0.113237 0.19133
2 0.437609 0.889034 0.0815875 0.105688
5 0.674031 0.768398 0.110022 0.197105
2 0.628602 0.916408 0.0663578 0.125615
2 0.974627 0.935826 0.0498753 0.12488
7 0.564104 0.702758 0.079528 0.102621
2 0.26836 0.818946 0.0555193 0.0858858
2 0.208537 0.650607 0.024191 0.0420139
2 0.776035 0.926942 0.0898329 0.142929
2 0.251472 0.640334 0.0275351 0.0408875
2 0.611116 0.824679 0.0537598 0.0905377
3 0.0677124 0.814645 0.0482419 0.0526496
2 0.486617 0.949885 0.0899691 0.0968214
3 0.441032 0.775408 0.0203106 0.0414569
2 0.398398 0.635451 0.0332373 0.0328386
0 0.0686257 0.802903 0.0154174 0.0680077
2 0.430387 0.627384 0.0355391 0.0418506
0 0.441738 0.761401 0.0203283 0.0524365
3 0.803459 0.689578 0.0303261 0.0406754
3 0.846868 0.767015 0.0426888 0.047201
2 0.347898 0.628031 0.0300838 0.0335137
2 0.671934 0.981029 0.0677175 0.0367176
3 0.717609 0.692854 0.0228958 0.0393946
0 0.0416768 0.981909 0.0293267 0.0354111
2 0.481493 0.729973 0.0392174 0.0685157
2 0.483368 0.637222 0.0373652 0.0366991
