2 0.0357139 0.714578 0.0706182 0.138056
2 0.629057 0.893746 0.109863 0.207881
2 0.354955 0.495852 0.0439508 0.0696616
2 0.0236199 0.896812 0.0469029 0.171422
2 0.876348 0.481395 0.0556187 0.0723533
2 0.0741286 0.627079 0.0794642 0.103525
2 0.797019 0.440973 0.0493742 0.0644965
2 0.523384 0.591197 0.058289 0.110735
2 0.886821 0.71661 0.101613 0.157478
2 0.17867 0.493963 0.0497001 0.072377
2 0.391579 0.416257 0.0293706 0.0528666
2 0.723756 0.417117 0.0412456 0.0309665
2 0.445424 0.481171 0.0395762 0.06633
5 0.308021 0.807017 0.147323 0.348026
3 0.255401 0.616833 0.0234726 0.0844179
2 0.411605 0.455936 0.0349788 0.0602681
2 0.376401 0.373238 0.0272485 0.0539681
2 0.674395 0.36723 0.0299735 0.0459118
7 0.437112 0.384359 0.0294502 0.0811493
0 0.281661 0.430003 0.0128986 0.0485947
3 0.311852 0.427858 0.0128808 0.0487924
2 0.105177 0.586682 0.0671622 0.0950087
2 0.387099 0.335491 0.0237628 0.0353885
3 0.416031 0.618549 0.0209852 0.0674051
0 0.982988 0.654 0.0205067 0.0887832
0 0.414842 0.589935 0.0230062 0.0650436
2 0.346631 0.324893 0.0190067 0.0359158
0 0.955713 0.685548 0.0287018 0.0738037
7 0.197047 0.423396 0.0671006 0.104959
2 0.377276 0.307461 0.0257415 0.0365836
2 0.404665 0.313954 0.0176626 0.028438
7 0.317434 0.285722 0.0254199 0.0550879
0 0.370817 0.613118 0.0270728 0.0648942
0 0.304369 0.386268 0.012529 0.0448783
7 0.308406 0.807532 0.147892 0.348551
2 0.956801 0.737537 0.0365911 0.0927243
3 0.373858 0.653488 0.0222766 0.0699553
0 0.250159 0.54678 0.0190108 0.0672004
0 0.24993 0.538192 0.0175342 0.0490382
3 0.956002 0.734726 0.0351833 0.0992093
3 0.414938 0.599961 0.0224624 0.0808389
2 0.418163 0.509071 0.0216834 0.0652109
0 0.983569 0.688725 0.0225807 0.160638
2 0.400226 0.308097 0.0213044 0.0319746
0 0.371476 0.627756 0.0274654 0.100884
3 0.418404 0.507674 0.0218613 0.0654227
0 0.253997 0.567386 0.0264461 0.108407
2 0.0357139 0.714578 0.0706182 0.138056
2 0.629057 0.893746 0.109863 0.207881
2 0.354955 0.495852 0.0439508 0.0696616
2 0.0236199 0.896812 0.0469029 0.171422
2 0.876348 0.481395 0.0556187 0.0723533
2 0.0741286 0.627079 0.0794642 0.103525
2 0.797019 0.440973 0.0493742 0.0644965
2 0.523384 0.591197 0.058289 0.110735
2 0.886821 0.71661 0.101613 0.157478
2 0.17867 0.493963 0.0497001 0.072377
2 0.391579 0.416257 0.0293706 0.0528666
2 0.723756 0.417117 0.0412456 0.0309665
2 0.445424 0.481171 0.0395762 0.06633
5 0.308021 0.807017 0.147323 0.348026
3 0.255401 0.616833 0.0234726 0.0844179
2 0.411605 0.455936 0.0349788 0.0602681
2 0.376401 0.373238 0.0272485 0.0539681
2 0.674395 0.36723 0.0299735 0.0459118
7 0.437112 0.384359 0.0294502 0.0811493
0 0.281661 0.430003 0.0128986 0.0485947
3 0.311852 0.427858 0.0128808 0.0487924
2 0.105177 0.586682 0.0671622 0.0950087
2 0.387099 0.335491 0.0237628 0.0353885
3 0.416031 0.618549 0.0209852 0.0674051
0 0.982988 0.654 0.0205067 0.0887832
0 0.414842 0.589935 0.0230062 0.0650436
2 0.346631 0.324893 0.0190067 0.0359158
0 0.955713 0.685548 0.0287018 0.0738037
7 0.197047 0.423396 0.0671006 0.104959
2 0.377276 0.307461 0.0257415 0.0365836
2 0.404665 0.313954 0.0176626 0.028438
7 0.317434 0.285722 0.0254199 0.0550879
0 0.370817 0.613118 0.0270728 0.0648942
0 0.304369 0.386268 0.012529 0.0448783
7 0.308406 0.807532 0.147892 0.348551
2 0.956801 0.737537 0.0365911 0.0927243
3 0.373858 0.653488 0.0222766 0.0699553
0 0.250159 0.54678 0.0190108 0.0672004
0 0.24993 0.538192 0.0175342 0.0490382
3 0.956002 0.734726 0.0351833 0.0992093
3 0.414938 0.599961 0.0224624 0.0808389
2 0.418163 0.509071 0.0216834 0.0652109
0 0.983569 0.688725 0.0225807 0.160638
2 0.400226 0.308097 0.0213044 0.0319746
0 0.371476 0.627756 0.0274654 0.100884
3 0.418404 0.507674 0.0218613 0.0654227
0 0.253997 0.567386 0.0264461 0.108407
2 0.0357139 0.714578 0.0706182 0.138056
2 0.629057 0.893746 0.109863 0.207881
2 0.354955 0.495852 0.0439508 0.0696616
2 0.0236199 0.896812 0.0469029 0.171422
2 0.876348 0.481395 0.0556187 0.0723533
2 0.0741286 0.627079 0.0794642 0.103525
2 0.797019 0.440973 0.0493742 0.0644965
2 0.523384 0.591197 0.058289 0.110735
2 0.886821 0.71661 0.101613 0.157478
2 0.17867 0.493963 0.0497001 0.072377
2 0.391579 0.416257 0.0293706 0.0528666
2 0.723756 0.417117 0.0412456 0.0309665
2 0.445424 0.481171 0.0395762 0.06633
5 0.308021 0.807017 0.147323 0.348026
3 0.255401 0.616833 0.0234726 0.0844179
2 0.411605 0.455936 0.0349788 0.0602681
2 0.376401 0.373238 0.0272485 0.0539681
2 0.674395 0.36723 0.0299735 0.0459118
7 0.437112 0.384359 0.0294502 0.0811493
0 0.281661 0.430003 0.0128986 0.0485947
3 0.311852 0.427858 0.0128808 0.0487924
2 0.105177 0.586682 0.0671622 0.0950087
2 0.387099 0.335491 0.0237628 0.0353885
3 0.416031 0.618549 0.0209852 0.0674051
0 0.982988 0.654 0.0205067 0.0887832
0 0.414842 0.589935 0.0230062 0.0650436
2 0.346631 0.324893 0.0190067 0.0359158
0 0.955713 0.685548 0.0287018 0.0738037
7 0.197047 0.423396 0.0671006 0.104959
2 0.377276 0.307461 0.0257415 0.0365836
2 0.404665 0.313954 0.0176626 0.028438
7 0.317434 0.285722 0.0254199 0.0550879
0 0.370817 0.613118 0.0270728 0.0648942
0 0.304369 0.386268 0.012529 0.0448783
7 0.308406 0.807532 0.147892 0.348551
2 0.956801 0.737537 0.0365911 0.0927243
3 0.373858 0.653488 0.0222766 0.0699553
0 0.250159 0.54678 0.0190108 0.0672004
0 0.24993 0.538192 0.0175342 0.0490382
3 0.956002 0.734726 0.0351833 0.0992093
3 0.414938 0.599961 0.0224624 0.0808389
2 0.418163 0.509071 0.0216834 0.0652109
0 0.983569 0.688725 0.0225807 0.160638
2 0.400226 0.308097 0.0213044 0.0319746
0 0.371476 0.627756 0.0274654 0.100884
3 0.418404 0.507674 0.0218613 0.0654227
0 0.253997 0.567386 0.0264461 0.108407
2 0.0357139 0.714578 0.0706182 0.138056
2 0.629057 0.893746 0.109863 0.207881
2 0.354955 0.495852 0.0439508 0.0696616
2 0.0236199 0.896812 0.0469029 0.171422
2 0.876348 0.481395 0.0556187 0.0723533
2 0.0741286 0.627079 0.0794642 0.103525
2 0.797019 0.440973 0.0493742 0.0644965
2 0.523384 0.591197 0.058289 0.110735
2 0.886821 0.71661 0.101613 0.157478
2 0.17867 0.493963 0.0497001 0.072377
2 0.391579 0.416257 0.0293706 0.0528666
2 0.723756 0.417117 0.0412456 0.0309665
2 0.445424 0.481171 0.0395762 0.06633
5 0.308021 0.807017 0.147323 0.348026
3 0.255401 0.616833 0.0234726 0.0844179
2 0.411605 0.455936 0.0349788 0.0602681
2 0.376401 0.373238 0.0272485 0.0539681
2 0.674395 0.36723 0.0299735 0.0459118
7 0.437112 0.384359 0.0294502 0.0811493
0 0.281661 0.430003 0.0128986 0.0485947
3 0.311852 0.427858 0.0128808 0.0487924
2 0.105177 0.586682 0.0671622 0.0950087
2 0.387099 0.335491 0.0237628 0.0353885
3 0.416031 0.618549 0.0209852 0.0674051
0 0.982988 0.654 0.0205067 0.0887832
0 0.414842 0.589935 0.0230062 0.0650436
2 0.346631 0.324893 0.0190067 0.0359158
0 0.955713 0.685548 0.0287018 0.0738037
7 0.197047 0.423396 0.0671006 0.104959
2 0.377276 0.307461 0.0257415 0.0365836
2 0.404665 0.313954 0.0176626 0.028438
7 0.317434 0.285722 0.0254199 0.0550879
0 0.370817 0.613118 0.0270728 0.0648942
0 0.304369 0.386268 0.012529 0.0448783
7 0.308406 0.807532 0.147892 0.348551
2 0.956801 0.737537 0.0365911 0.0927243
3 0.373858 0.653488 0.0222766 0.0699553
0 0.250159 0.54678 0.0190108 0.0672004
0 0.24993 0.538192 0.0175342 0.0490382
3 0.956002 0.734726 0.0351833 0.0992093
3 0.414938 0.599961 0.0224624 0.0808389
2 0.418163 0.509071 0.0216834 0.0652109
0 0.983569 0.688725 0.0225807 0.160638
2 0.400226 0.308097 0.0213044 0.0319746
0 0.371476 0.627756 0.0274654 0.100884
3 0.418404 0.507674 0.0218613 0.0654227
0 0.253997 0.567386 0.0264461 0.108407
2 0.0357139 0.714578 0.0706182 0.138056
2 0.629057 0.893746 0.109863 0.207881
2 0.354955 0.495852 0.0439508 0.0696616
2 0.0236199 0.896812 0.0469029 0.171422
2 0.876348 0.481395 0.0556187 0.0723533
2 0.0741286 0.627079 0.0794642 0.103525
2 0.797019 0.440973 0.0493742 0.0644965
2 0.523384 0.591197 0.058289 0.110735
2 0.886821 0.71661 0.101613 0.157478
2 0.17867 0.493963 0.0497001 0.072377
2 0.391579 0.416257 0.0293706 0.0528666
2 0.723756 0.417117 0.0412456 0.0309665
2 0.445424 0.481171 0.0395762 0.06633
5 0.308021 0.807017 0.147323 0.348026
3 0.255401 0.616833 0.0234726 0.0844179
2 0.411605 0.455936 0.0349788 0.0602681
2 0.376401 0.373238 0.0272485 0.0539681
2 0.674395 0.36723 0.0299735 0.0459118
7 0.437112 0.384359 0.0294502 0.0811493
0 0.281661 0.430003 0.0128986 0.0485947
3 0.311852 0.427858 0.0128808 0.0487924
2 0.105177 0.586682 0.0671622 0.0950087
2 0.387099 0.335491 0.0237628 0.0353885
3 0.416031 0.618549 0.0209852 0.0674051
0 0.982988 0.654 0.0205067 0.0887832
0 0.414842 0.589935 0.0230062 0.0650436
2 0.346631 0.324893 0.0190067 0.0359158
0 0.955713 0.685548 0.0287018 0.0738037
7 0.197047 0.423396 0.0671006 0.104959
2 0.377276 0.307461 0.0257415 0.0365836
2 0.404665 0.313954 0.0176626 0.028438
7 0.317434 0.285722 0.0254199 0.0550879
0 0.370817 0.613118 0.0270728 0.0648942
0 0.304369 0.386268 0.012529 0.0448783
7 0.308406 0.807532 0.147892 0.348551
2 0.956801 0.737537 0.0365911 0.0927243
3 0.373858 0.653488 0.0222766 0.0699553
0 0.250159 0.54678 0.0190108 0.0672004
0 0.24993 0.538192 0.0175342 0.0490382
3 0.956002 0.734726 0.0351833 0.0992093
3 0.414938 0.599961 0.0224624 0.0808389
2 0.418163 0.509071 0.0216834 0.0652109
0 0.983569 0.688725 0.0225807 0.160638
2 0.400226 0.308097 0.0213044 0.0319746
0 0.371476 0.627756 0.0274654 0.100884
3 0.418404 0.507674 0.0218613 0.0654227
0 0.253997 0.567386 0.0264461 0.108407
2 0.0357139 0.714578 0.0706182 0.138056
2 0.629057 0.893746 0.109863 0.207881
2 0.354955 0.495852 0.0439508 0.0696616
2 0.0236199 0.896812 0.0469029 0.171422
2 0.876348 0.481395 0.0556187 0.0723533
2 0.0741286 0.627079 0.0794642 0.103525
2 0.797019 0.440973 0.0493742 0.0644965
2 0.523384 0.591197 0.058289 0.110735
2 0.886821 0.71661 0.101613 0.157478
2 0.17867 0.493963 0.0497001 0.072377
2 0.391579 0.416257 0.0293706 0.0528666
2 0.723756 0.417117 0.0412456 0.0309665
2 0.445424 0.481171 0.0395762 0.06633
5 0.308021 0.807017 0.147323 0.348026
3 0.255401 0.616833 0.0234726 0.0844179
2 0.411605 0.455936 0.0349788 0.0602681
2 0.376401 0.373238 0.0272485 0.0539681
2 0.674395 0.36723 0.0299735 0.0459118
7 0.437112 0.384359 0.0294502 0.0811493
0 0.281661 0.430003 0.0128986 0.0485947
3 0.311852 0.427858 0.0128808 0.0487924
2 0.105177 0.586682 0.0671622 0.0950087
2 0.387099 0.335491 0.0237628 0.0353885
3 0.416031 0.618549 0.0209852 0.0674051
0 0.982988 0.654 0.0205067 0.0887832
0 0.414842 0.589935 0.0230062 0.0650436
2 0.346631 0.324893 0.0190067 0.0359158
0 0.955713 0.685548 0.0287018 0.0738037
7 0.197047 0.423396 0.0671006 0.104959
2 0.377276 0.307461 0.0257415 0.0365836
2 0.404665 0.313954 0.0176626 0.028438
7 0.317434 0.285722 0.0254199 0.0550879
0 0.370817 0.613118 0.0270728 0.0648942
0 0.304369 0.386268 0.012529 0.0448783
7 0.308406 0.807532 0.147892 0.348551
2 0.956801 0.737537 0.0365911 0.0927243
3 0.373858 0.653488 0.0222766 0.0699553
0 0.250159 0.54678 0.0190108 0.0672004
0 0.24993 0.538192 0.0175342 0.0490382
3 0.956002 0.734726 0.0351833 0.0992093
3 0.414938 0.599961 0.0224624 0.0808389
2 0.418163 0.509071 0.0216834 0.0652109
0 0.983569 0.688725 0.0225807 0.160638
2 0.400226 0.308097 0.0213044 0.0319746
0 0.371476 0.627756 0.0274654 0.100884
3 0.418404 0.507674 0.0218613 0.0654227
0 0.253997 0.567386 0.0264461 0.108407
2 0.0357139 0.714578 0.0706182 0.138056
2 0.629057 0.893746 0.109863 0.207881
2 0.354955 0.495852 0.0439508 0.0696616
2 0.0236199 0.896812 0.0469029 0.171422
2 0.876348 0.481395 0.0556187 0.0723533
2 0.0741286 0.627079 0.0794642 0.103525
2 0.797019 0.440973 0.0493742 0.0644965
2 0.523384 0.591197 0.058289 0.110735
2 0.886821 0.71661 0.101613 0.157478
2 0.17867 0.493963 0.0497001 0.072377
2 0.391579 0.416257 0.0293706 0.0528666
2 0.723756 0.417117 0.0412456 0.0309665
2 0.445424 0.481171 0.0395762 0.06633
5 0.308021 0.807017 0.147323 0.348026
3 0.255401 0.616833 0.0234726 0.0844179
2 0.411605 0.455936 0.0349788 0.0602681
2 0.376401 0.373238 0.0272485 0.0539681
2 0.674395 0.36723 0.0299735 0.0459118
7 0.437112 0.384359 0.0294502 0.0811493
0 0.281661 0.430003 0.0128986 0.0485947
3 0.311852 0.427858 0.0128808 0.0487924
2 0.105177 0.586682 0.0671622 0.0950087
2 0.387099 0.335491 0.0237628 0.0353885
3 0.416031 0.618549 0.0209852 0.0674051
0 0.982988 0.654 0.0205067 0.0887832
0 0.414842 0.589935 0.0230062 0.0650436
2 0.346631 0.324893 0.0190067 0.0359158
0 0.955713 0.685548 0.0287018 0.0738037
7 0.197047 0.423396 0.0671006 0.104959
2 0.377276 0.307461 0.0257415 0.0365836
2 0.404665 0.313954 0.0176626 0.028438
7 0.317434 0.285722 0.0254199 0.0550879
0 0.370817 0.613118 0.0270728 0.0648942
0 0.304369 0.386268 0.012529 0.0448783
7 0.308406 0.807532 0.147892 0.348551
2 0.956801 0.737537 0.0365911 0.0927243
3 0.373858 0.653488 0.0222766 0.0699553
0 0.250159 0.54678 0.0190108 0.0672004
0 0.24993 0.538192 0.0175342 0.0490382
3 0.956002 0.734726 0.0351833 0.0992093
3 0.414938 0.599961 0.0224624 0.0808389
2 0.418163 0.509071 0.0216834 0.0652109
0 0.983569 0.688725 0.0225807 0.160638
2 0.400226 0.308097 0.0213044 0.0319746
0 0.371476 0.627756 0.0274654 0.100884
3 0.418404 0.507674 0.0218613 0.0654227
0 0.253997 0.567386 0.0264461 0.108407
2 0.035416 0.716947 0.0703486 0.138766
2 0.628973 0.89382 0.108599 0.205767
2 0.523702 0.590251 0.0585068 0.112282
2 0.074765 0.627124 0.0768485 0.10319
2 0.354893 0.494807 0.0439539 0.0674785
2 0.876286 0.480047 0.0561554 0.0747302
2 0.885615 0.71608 0.103975 0.152799
2 0.797197 0.440678 0.0489912 0.0656075
7 0.437375 0.384338 0.030057 0.0809202
2 0.444737 0.479814 0.0404881 0.0654755
5 0.308167 0.808072 0.147962 0.348793
2 0.0236295 0.898488 0.0468197 0.160407
2 0.178422 0.494221 0.0489649 0.0688115
2 0.411777 0.455339 0.0358382 0.0583204
2 0.391629 0.416029 0.0279644 0.0535136
2 0.346606 0.32613 0.0191574 0.032486
0 0.249612 0.54444 0.0182817 0.0618786
3 0.25514 0.6249 0.0218721 0.0581504
2 0.387452 0.336055 0.0230841 0.0371339
2 0.105411 0.586547 0.0665242 0.0966501
2 0.376968 0.373167 0.0272861 0.0520735
0 0.37126 0.612781 0.0266056 0.0670073
0 0.255679 0.600685 0.0244767 0.0593172
0 0.281567 0.427576 0.0131522 0.0468324
7 0.198482 0.421671 0.0655633 0.107875
3 0.281895 0.437086 0.0128448 0.0372013
3 0.416486 0.624593 0.0205725 0.0564326
2 0.406341 0.315236 0.0171924 0.0297778
3 0.312161 0.428199 0.0120777 0.0467318
0 0.415242 0.589074 0.0227417 0.0605055
2 0.674843 0.36703 0.0288206 0.0462118
2 0.724709 0.419254 0.0436506 0.0348333
0 0.982608 0.654583 0.0206642 0.0909676
3 0.956611 0.734528 0.0380127 0.0999712
2 0.035416 0.716947 0.0703486 0.138766
2 0.628973 0.89382 0.108599 0.205767
2 0.523702 0.590251 0.0585068 0.112282
2 0.074765 0.627124 0.0768485 0.10319
2 0.354893 0.494807 0.0439539 0.0674785
2 0.876286 0.480047 0.0561554 0.0747302
2 0.885615 0.71608 0.103975 0.152799
2 0.797197 0.440678 0.0489912 0.0656075
7 0.437375 0.384338 0.030057 0.0809202
2 0.444737 0.479814 0.0404881 0.0654755
5 0.308167 0.808072 0.147962 0.348793
2 0.0236295 0.898488 0.0468197 0.160407
2 0.178422 0.494221 0.0489649 0.0688115
2 0.411777 0.455339 0.0358382 0.0583204
2 0.391629 0.416029 0.0279644 0.0535136
2 0.346606 0.32613 0.0191574 0.032486
0 0.249612 0.54444 0.0182817 0.0618786
3 0.25514 0.6249 0.0218721 0.0581504
2 0.387452 0.336055 0.0230841 0.0371339
2 0.105411 0.586547 0.0665242 0.0966501
2 0.376968 0.373167 0.0272861 0.0520735
0 0.37126 0.612781 0.0266056 0.0670073
0 0.255679 0.600685 0.0244767 0.0593172
0 0.281567 0.427576 0.0131522 0.0468324
7 0.198482 0.421671 0.0655633 0.107875
3 0.281895 0.437086 0.0128448 0.0372013
3 0.416486 0.624593 0.0205725 0.0564326
2 0.406341 0.315236 0.0171924 0.0297778
3 0.312161 0.428199 0.0120777 0.0467318
0 0.415242 0.589074 0.0227417 0.0605055
2 0.674843 0.36703 0.0288206 0.0462118
2 0.724709 0.419254 0.0436506 0.0348333
0 0.982608 0.654583 0.0206642 0.0909676
3 0.956611 0.734528 0.0380127 0.0999712
