2 0.622378 0.86778 0.114874 0.178037
7 0.318013 0.837294 0.100197 0.271606
2 0.135892 0.746301 0.0944843 0.126261
2 0.0357495 0.718845 0.0707523 0.13974
2 0.513759 0.684667 0.0693577 0.129124
2 0.446707 0.629196 0.0610071 0.107326
2 0.275729 0.706724 0.0714943 0.14042
2 0.378685 0.744982 0.0670255 0.143572
7 0.196602 0.421873 0.0643167 0.105728
0 0.1667 0.83108 0.0376642 0.120075
2 0.515859 0.588634 0.0639416 0.109036
2 0.421898 0.485529 0.0461007 0.081102
7 0.389879 0.394451 0.0431269 0.111782
3 0.107369 0.87617 0.0373864 0.0854116
0 0.112008 0.819547 0.0380595 0.109553
2 0.17837 0.496499 0.0490675 0.0691574
2 0.396589 0.461869 0.0321375 0.0639377
3 0.163814 0.889652 0.0329812 0.0849823
2 0.264285 0.504344 0.0410537 0.0792794
2 0.440213 0.551771 0.0470316 0.087961
2 0.342604 0.609504 0.0540428 0.12888
2 0.0751402 0.63058 0.0824391 0.107655
5 0.487368 0.465616 0.0421117 0.123267
5 0.344525 0.45682 0.0366423 0.111538
2 0.451552 0.441695 0.0305849 0.0562764
7 0.344543 0.457196 0.0368382 0.111735
7 0.935889 0.751436 0.121965 0.234613
7 0.562133 0.948702 0.128734 0.0960097
7 0.487253 0.46585 0.0421752 0.122116
2 0.293832 0.38206 0.0226574 0.0428372
0 0.367835 0.527256 0.019956 0.0737044
7 0.395728 0.294466 0.0318423 0.0688877
2 0.105543 0.590889 0.0662424 0.0984673
0 0.273633 0.429076 0.0136919 0.0492417
2 0.43709 0.418476 0.0289131 0.0550142
2 0.951403 0.506394 0.0657757 0.0794777
0 0.298437 0.470453 0.0153035 0.0575832
2 0.94868 0.788875 0.0550629 0.135322
2 0.875495 0.48789 0.06493 0.132045
5 0.714962 0.39784 0.0821451 0.0944253
2 0.857952 0.606682 0.0409195 0.0618551
7 0.719328 0.39842 0.0919754 0.0978048
7 0.954402 0.745838 0.0790131 0.225026
2 0.318095 0.431129 0.0231702 0.0597053
2 0.622378 0.86778 0.114874 0.178037
7 0.318013 0.837294 0.100197 0.271606
2 0.135892 0.746301 0.0944843 0.126261
2 0.0357495 0.718845 0.0707523 0.13974
2 0.513759 0.684667 0.0693577 0.129124
2 0.446707 0.629196 0.0610071 0.107326
2 0.275729 0.706724 0.0714943 0.14042
2 0.378685 0.744982 0.0670255 0.143572
7 0.196602 0.421873 0.0643167 0.105728
0 0.1667 0.83108 0.0376642 0.120075
2 0.515859 0.588634 0.0639416 0.109036
2 0.421898 0.485529 0.0461007 0.081102
7 0.389879 0.394451 0.0431269 0.111782
3 0.107369 0.87617 0.0373864 0.0854116
0 0.112008 0.819547 0.0380595 0.109553
2 0.17837 0.496499 0.0490675 0.0691574
2 0.396589 0.461869 0.0321375 0.0639377
3 0.163814 0.889652 0.0329812 0.0849823
2 0.264285 0.504344 0.0410537 0.0792794
2 0.440213 0.551771 0.0470316 0.087961
2 0.342604 0.609504 0.0540428 0.12888
2 0.0751402 0.63058 0.0824391 0.107655
5 0.487368 0.465616 0.0421117 0.123267
5 0.344525 0.45682 0.0366423 0.111538
2 0.451552 0.441695 0.0305849 0.0562764
7 0.344543 0.457196 0.0368382 0.111735
7 0.935889 0.751436 0.121965 0.234613
7 0.562133 0.948702 0.128734 0.0960097
7 0.487253 0.46585 0.0421752 0.122116
2 0.293832 0.38206 0.0226574 0.0428372
0 0.367835 0.527256 0.019956 0.0737044
7 0.395728 0.294466 0.0318423 0.0688877
2 0.105543 0.590889 0.0662424 0.0984673
0 0.273633 0.429076 0.0136919 0.0492417
2 0.43709 0.418476 0.0289131 0.0550142
2 0.951403 0.506394 0.0657757 0.0794777
0 0.298437 0.470453 0.0153035 0.0575832
2 0.94868 0.788875 0.0550629 0.135322
2 0.875495 0.48789 0.06493 0.132045
5 0.714962 0.39784 0.0821451 0.0944253
2 0.857952 0.606682 0.0409195 0.0618551
7 0.719328 0.39842 0.0919754 0.0978048
7 0.954402 0.745838 0.0790131 0.225026
2 0.318095 0.431129 0.0231702 0.0597053
2 0.622378 0.86778 0.114874 0.178037
7 0.318013 0.837294 0.100197 0.271606
2 0.135892 0.746301 0.0944843 0.126261
2 0.0357495 0.718845 0.0707523 0.13974
2 0.513759 0.684667 0.0693577 0.129124
2 0.446707 0.629196 0.0610071 0.107326
2 0.275729 0.706724 0.0714943 0.14042
2 0.378685 0.744982 0.0670255 0.143572
7 0.196602 0.421873 0.0643167 0.105728
0 0.1667 0.83108 0.0376642 0.120075
2 0.515859 0.588634 0.0639416 0.109036
2 0.421898 0.485529 0.0461007 0.081102
7 0.389879 0.394451 0.0431269 0.111782
3 0.107369 0.87617 0.0373864 0.0854116
0 0.112008 0.819547 0.0380595 0.109553
2 0.17837 0.496499 0.0490675 0.0691574
2 0.396589 0.461869 0.0321375 0.0639377
3 0.163814 0.889652 0.0329812 0.0849823
2 0.264285 0.504344 0.0410537 0.0792794
2 0.440213 0.551771 0.0470316 0.087961
2 0.342604 0.609504 0.0540428 0.12888
2 0.0751402 0.63058 0.0824391 0.107655
5 0.487368 0.465616 0.0421117 0.123267
5 0.344525 0.45682 0.0366423 0.111538
2 0.451552 0.441695 0.0305849 0.0562764
7 0.344543 0.457196 0.0368382 0.111735
7 0.935889 0.751436 0.121965 0.234613
7 0.562133 0.948702 0.128734 0.0960097
7 0.487253 0.46585 0.0421752 0.122116
2 0.293832 0.38206 0.0226574 0.0428372
0 0.367835 0.527256 0.019956 0.0737044
7 0.395728 0.294466 0.0318423 0.0688877
2 0.105543 0.590889 0.0662424 0.0984673
0 0.273633 0.429076 0.0136919 0.0492417
2 0.43709 0.418476 0.0289131 0.0550142
2 0.951403 0.506394 0.0657757 0.0794777
0 0.298437 0.470453 0.0153035 0.0575832
2 0.94868 0.788875 0.0550629 0.135322
2 0.875495 0.48789 0.06493 0.132045
5 0.714962 0.39784 0.0821451 0.0944253
2 0.857952 0.606682 0.0409195 0.0618551
7 0.719328 0.39842 0.0919754 0.0978048
7 0.954402 0.745838 0.0790131 0.225026
2 0.318095 0.431129 0.0231702 0.0597053
2 0.622378 0.86778 0.114874 0.178037
7 0.318013 0.837294 0.100197 0.271606
2 0.135892 0.746301 0.0944843 0.126261
2 0.0357495 0.718845 0.0707523 0.13974
2 0.513759 0.684667 0.0693577 0.129124
2 0.446707 0.629196 0.0610071 0.107326
2 0.275729 0.706724 0.0714943 0.14042
2 0.378685 0.744982 0.0670255 0.143572
7 0.196602 0.421873 0.0643167 0.105728
0 0.1667 0.83108 0.0376642 0.120075
2 0.515859 0.588634 0.0639416 0.109036
2 0.421898 0.485529 0.0461007 0.081102
7 0.389879 0.394451 0.0431269 0.111782
3 0.107369 0.87617 0.0373864 0.0854116
0 0.112008 0.819547 0.0380595 0.109553
2 0.17837 0.496499 0.0490675 0.0691574
2 0.396589 0.461869 0.0321375 0.0639377
3 0.163814 0.889652 0.0329812 0.0849823
2 0.264285 0.504344 0.0410537 0.0792794
2 0.440213 0.551771 0.0470316 0.087961
2 0.342604 0.609504 0.0540428 0.12888
2 0.0751402 0.63058 0.0824391 0.107655
5 0.487368 0.465616 0.0421117 0.123267
5 0.344525 0.45682 0.0366423 0.111538
2 0.451552 0.441695 0.0305849 0.0562764
7 0.344543 0.457196 0.0368382 0.111735
7 0.935889 0.751436 0.121965 0.234613
7 0.562133 0.948702 0.128734 0.0960097
7 0.487253 0.46585 0.0421752 0.122116
2 0.293832 0.38206 0.0226574 0.0428372
0 0.367835 0.527256 0.019956 0.0737044
7 0.395728 0.294466 0.0318423 0.0688877
2 0.105543 0.590889 0.0662424 0.0984673
0 0.273633 0.429076 0.0136919 0.0492417
2 0.43709 0.418476 0.0289131 0.0550142
2 0.951403 0.506394 0.0657757 0.0794777
0 0.298437 0.470453 0.0153035 0.0575832
2 0.94868 0.788875 0.0550629 0.135322
2 0.875495 0.48789 0.06493 0.132045
5 0.714962 0.39784 0.0821451 0.0944253
2 0.857952 0.606682 0.0409195 0.0618551
7 0.719328 0.39842 0.0919754 0.0978048
7 0.954402 0.745838 0.0790131 0.225026
2 0.318095 0.431129 0.0231702 0.0597053
2 0.622378 0.86778 0.114874 0.178037
7 0.318013 0.837294 0.100197 0.271606
2 0.135892 0.746301 0.0944843 0.126261
2 0.0357495 0.718845 0.0707523 0.13974
2 0.513759 0.684667 0.0693577 0.129124
2 0.446707 0.629196 0.0610071 0.107326
2 0.275729 0.706724 0.0714943 0.14042
2 0.378685 0.744982 0.0670255 0.143572
7 0.196602 0.421873 0.0643167 0.105728
0 0.1667 0.83108 0.0376642 0.120075
2 0.515859 0.588634 0.0639416 0.109036
2 0.421898 0.485529 0.0461007 0.081102
7 0.389879 0.394451 0.0431269 0.111782
3 0.107369 0.87617 0.0373864 0.0854116
0 0.112008 0.819547 0.0380595 0.109553
2 0.17837 0.496499 0.0490675 0.0691574
2 0.396589 0.461869 0.0321375 0.0639377
3 0.163814 0.889652 0.0329812 0.0849823
2 0.264285 0.504344 0.0410537 0.0792794
2 0.440213 0.551771 0.0470316 0.087961
2 0.342604 0.609504 0.0540428 0.12888
2 0.0751402 0.63058 0.0824391 0.107655
5 0.487368 0.465616 0.0421117 0.123267
5 0.344525 0.45682 0.0366423 0.111538
2 0.451552 0.441695 0.0305849 0.0562764
7 0.344543 0.457196 0.0368382 0.111735
7 0.935889 0.751436 0.121965 0.234613
7 0.562133 0.948702 0.128734 0.0960097
7 0.487253 0.46585 0.0421752 0.122116
2 0.293832 0.38206 0.0226574 0.0428372
0 0.367835 0.527256 0.019956 0.0737044
7 0.395728 0.294466 0.0318423 0.0688877
2 0.105543 0.590889 0.0662424 0.0984673
0 0.273633 0.429076 0.0136919 0.0492417
2 0.43709 0.418476 0.0289131 0.0550142
2 0.951403 0.506394 0.0657757 0.0794777
0 0.298437 0.470453 0.0153035 0.0575832
2 0.94868 0.788875 0.0550629 0.135322
2 0.875495 0.48789 0.06493 0.132045
5 0.714962 0.39784 0.0821451 0.0944253
2 0.857952 0.606682 0.0409195 0.0618551
7 0.719328 0.39842 0.0919754 0.0978048
7 0.954402 0.745838 0.0790131 0.225026
2 0.318095 0.431129 0.0231702 0.0597053
2 0.622378 0.86778 0.114874 0.178037
7 0.318013 0.837294 0.100197 0.271606
2 0.135892 0.746301 0.0944843 0.126261
2 0.0357495 0.718845 0.0707523 0.13974
2 0.513759 0.684667 0.0693577 0.129124
2 0.446707 0.629196 0.0610071 0.107326
2 0.275729 0.706724 0.0714943 0.14042
2 0.378685 0.744982 0.0670255 0.143572
7 0.196602 0.421873 0.0643167 0.105728
0 0.1667 0.83108 0.0376642 0.120075
2 0.515859 0.588634 0.0639416 0.109036
2 0.421898 0.485529 0.0461007 0.081102
7 0.389879 0.394451 0.0431269 0.111782
3 0.107369 0.87617 0.0373864 0.0854116
0 0.112008 0.819547 0.0380595 0.109553
2 0.17837 0.496499 0.0490675 0.0691574
2 0.396589 0.461869 0.0321375 0.0639377
3 0.163814 0.889652 0.0329812 0.0849823
2 0.264285 0.504344 0.0410537 0.0792794
2 0.440213 0.551771 0.0470316 0.087961
2 0.342604 0.609504 0.0540428 0.12888
2 0.0751402 0.63058 0.0824391 0.107655
5 0.487368 0.465616 0.0421117 0.123267
5 0.344525 0.45682 0.0366423 0.111538
2 0.451552 0.441695 0.0305849 0.0562764
7 0.344543 0.457196 0.0368382 0.111735
7 0.935889 0.751436 0.121965 0.234613
7 0.562133 0.948702 0.128734 0.0960097
7 0.487253 0.46585 0.0421752 0.122116
2 0.293832 0.38206 0.0226574 0.0428372
0 0.367835 0.527256 0.019956 0.0737044
7 0.395728 0.294466 0.0318423 0.0688877
2 0.105543 0.590889 0.0662424 0.0984673
0 0.273633 0.429076 0.0136919 0.0492417
2 0.43709 0.418476 0.0289131 0.0550142
2 0.951403 0.506394 0.0657757 0.0794777
0 0.298437 0.470453 0.0153035 0.0575832
2 0.94868 0.788875 0.0550629 0.135322
2 0.875495 0.48789 0.06493 0.132045
5 0.714962 0.39784 0.0821451 0.0944253
2 0.857952 0.606682 0.0409195 0.0618551
7 0.719328 0.39842 0.0919754 0.0978048
7 0.954402 0.745838 0.0790131 0.225026
2 0.318095 0.431129 0.0231702 0.0597053
2 0.622378 0.86778 0.114874 0.178037
7 0.318013 0.837294 0.100197 0.271606
2 0.135892 0.746301 0.0944843 0.126261
2 0.0357495 0.718845 0.0707523 0.13974
2 0.513759 0.684667 0.0693577 0.129124
2 0.446707 0.629196 0.0610071 0.107326
2 0.275729 0.706724 0.0714943 0.14042
2 0.378685 0.744982 0.0670255 0.143572
7 0.196602 0.421873 0.0643167 0.105728
0 0.1667 0.83108 0.0376642 0.120075
2 0.515859 0.588634 0.0639416 0.109036
2 0.421898 0.485529 0.0461007 0.081102
7 0.389879 0.394451 0.0431269 0.111782
3 0.107369 0.87617 0.0373864 0.0854116
0 0.112008 0.819547 0.0380595 0.109553
2 0.17837 0.496499 0.0490675 0.0691574
2 0.396589 0.461869 0.0321375 0.0639377
3 0.163814 0.889652 0.0329812 0.0849823
2 0.264285 0.504344 0.0410537 0.0792794
2 0.440213 0.551771 0.0470316 0.087961
2 0.342604 0.609504 0.0540428 0.12888
2 0.0751402 0.63058 0.0824391 0.107655
5 0.487368 0.465616 0.0421117 0.123267
5 0.344525 0.45682 0.0366423 0.111538
2 0.451552 0.441695 0.0305849 0.0562764
7 0.344543 0.457196 0.0368382 0.111735
7 0.935889 0.751436 0.121965 0.234613
7 0.562133 0.948702 0.128734 0.0960097
7 0.487253 0.46585 0.0421752 0.122116
2 0.293832 0.38206 0.0226574 0.0428372
0 0.367835 0.527256 0.019956 0.0737044
7 0.395728 0.294466 0.0318423 0.0688877
2 0.105543 0.590889 0.0662424 0.0984673
0 0.273633 0.429076 0.0136919 0.0492417
2 0.43709 0.418476 0.0289131 0.0550142
2 0.951403 0.506394 0.0657757 0.0794777
0 0.298437 0.470453 0.0153035 0.0575832
2 0.94868 0.788875 0.0550629 0.135322
2 0.875495 0.48789 0.06493 0.132045
5 0.714962 0.39784 0.0821451 0.0944253
2 0.857952 0.606682 0.0409195 0.0618551
7 0.719328 0.39842 0.0919754 0.0978048
7 0.954402 0.745838 0.0790131 0.225026
2 0.318095 0.431129 0.0231702 0.0597053
7 0.317551 0.84027 0.10029 0.277643
2 0.622372 0.866798 0.115447 0.175419
2 0.0352452 0.719501 0.0700373 0.138604
2 0.134889 0.745649 0.0942249 0.124203
7 0.38722 0.39537 0.0481283 0.116369
2 0.446226 0.624173 0.0619475 0.105872
2 0.512624 0.683741 0.0703625 0.131106
2 0.275408 0.707672 0.0715417 0.13996
2 0.377761 0.74567 0.0680504 0.144955
0 0.167275 0.8279 0.0378643 0.112152
7 0.486962 0.464049 0.0438463 0.121861
2 0.0753696 0.631071 0.0801872 0.104517
0 0.112575 0.818902 0.0388718 0.105318
5 0.196275 0.422125 0.0614364 0.106355
2 0.264862 0.502699 0.0416838 0.0783925
2 0.516112 0.583424 0.0613627 0.102147
7 0.562679 0.949252 0.129508 0.0974767
3 0.16333 0.885926 0.032096 0.095923
3 0.10609 0.876696 0.0358259 0.0809518
2 0.342597 0.604992 0.0547578 0.118276
5 0.344299 0.455894 0.0368174 0.108566
7 0.344315 0.455843 0.0367221 0.108864
7 0.714385 0.395948 0.0809755 0.0912767
2 0.950354 0.50649 0.0668629 0.0821432
2 0.422035 0.483475 0.0463952 0.0789625
7 0.317551 0.84027 0.10029 0.277643
2 0.622372 0.866798 0.115447 0.175419
2 0.0352452 0.719501 0.0700373 0.138604
2 0.134889 0.745649 0.0942249 0.124203
7 0.38722 0.39537 0.0481283 0.116369
2 0.446226 0.624173 0.0619475 0.105872
2 0.512624 0.683741 0.0703625 0.131106
2 0.275408 0.707672 0.0715417 0.13996
2 0.377761 0.74567 0.0680504 0.144955
0 0.167275 0.8279 0.0378643 0.112152
7 0.486962 0.464049 0.0438463 0.121861
2 0.0753696 0.631071 0.0801872 0.104517
0 0.112575 0.818902 0.0388718 0.105318
5 0.196275 0.422125 0.0614364 0.106355
2 0.264862 0.502699 0.0416838 0.0783925
2 0.516112 0.583424 0.0613627 0.102147
7 0.562679 0.949252 0.129508 0.0974767
3 0.16333 0.885926 0.032096 0.095923
3 0.10609 0.876696 0.0358259 0.0809518
2 0.342597 0.604992 0.0547578 0.118276
5 0.344299 0.455894 0.0368174 0.108566
7 0.344315 0.455843 0.0367221 0.108864
7 0.714385 0.395948 0.0809755 0.0912767
2 0.950354 0.50649 0.0668629 0.0821432
2 0.422035 0.483475 0.0463952 0.0789625
7 0.317551 0.84027 0.10029 0.277643
2 0.622372 0.866798 0.115447 0.175419
2 0.0352452 0.719501 0.0700373 0.138604
2 0.134889 0.745649 0.0942249 0.124203
7 0.38722 0.39537 0.0481283 0.116369
2 0.446226 0.624173 0.0619475 0.105872
2 0.512624 0.683741 0.0703625 0.131106
2 0.275408 0.707672 0.0715417 0.13996
2 0.377761 0.74567 0.0680504 0.144955
0 0.167275 0.8279 0.0378643 0.112152
7 0.486962 0.464049 0.0438463 0.121861
2 0.0753696 0.631071 0.0801872 0.104517
0 0.112575 0.818902 0.0388718 0.105318
5 0.196275 0.422125 0.0614364 0.106355
2 0.264862 0.502699 0.0416838 0.0783925
2 0.516112 0.583424 0.0613627 0.102147
7 0.562679 0.949252 0.129508 0.0974767
3 0.16333 0.885926 0.032096 0.095923
3 0.10609 0.876696 0.0358259 0.0809518
2 0.342597 0.604992 0.0547578 0.118276
5 0.344299 0.455894 0.0368174 0.108566
7 0.344315 0.455843 0.0367221 0.108864
7 0.714385 0.395948 0.0809755 0.0912767
2 0.950354 0.50649 0.0668629 0.0821432
2 0.422035 0.483475 0.0463952 0.0789625
7 0.317551 0.84027 0.10029 0.277643
2 0.622372 0.866798 0.115447 0.175419
2 0.0352452 0.719501 0.0700373 0.138604
2 0.134889 0.745649 0.0942249 0.124203
7 0.38722 0.39537 0.0481283 0.116369
2 0.446226 0.624173 0.0619475 0.105872
2 0.512624 0.683741 0.0703625 0.131106
2 0.275408 0.707672 0.0715417 0.13996
2 0.377761 0.74567 0.0680504 0.144955
0 0.167275 0.8279 0.0378643 0.112152
7 0.486962 0.464049 0.0438463 0.121861
2 0.0753696 0.631071 0.0801872 0.104517
0 0.112575 0.818902 0.0388718 0.105318
5 0.196275 0.422125 0.0614364 0.106355
2 0.264862 0.502699 0.0416838 0.0783925
2 0.516112 0.583424 0.0613627 0.102147
7 0.562679 0.949252 0.129508 0.0974767
3 0.16333 0.885926 0.032096 0.095923
3 0.10609 0.876696 0.0358259 0.0809518
2 0.342597 0.604992 0.0547578 0.118276
5 0.344299 0.455894 0.0368174 0.108566
7 0.344315 0.455843 0.0367221 0.108864
7 0.714385 0.395948 0.0809755 0.0912767
2 0.950354 0.50649 0.0668629 0.0821432
2 0.422035 0.483475 0.0463952 0.0789625
7 0.317551 0.84027 0.10029 0.277643
2 0.622372 0.866798 0.115447 0.175419
2 0.0352452 0.719501 0.0700373 0.138604
2 0.134889 0.745649 0.0942249 0.124203
7 0.38722 0.39537 0.0481283 0.116369
2 0.446226 0.624173 0.0619475 0.105872
2 0.512624 0.683741 0.0703625 0.131106
2 0.275408 0.707672 0.0715417 0.13996
2 0.377761 0.74567 0.0680504 0.144955
0 0.167275 0.8279 0.0378643 0.112152
7 0.486962 0.464049 0.0438463 0.121861
2 0.0753696 0.631071 0.0801872 0.104517
0 0.112575 0.818902 0.0388718 0.105318
5 0.196275 0.422125 0.0614364 0.106355
2 0.264862 0.502699 0.0416838 0.0783925
2 0.516112 0.583424 0.0613627 0.102147
7 0.562679 0.949252 0.129508 0.0974767
3 0.16333 0.885926 0.032096 0.095923
3 0.10609 0.876696 0.0358259 0.0809518
2 0.342597 0.604992 0.0547578 0.118276
5 0.344299 0.455894 0.0368174 0.108566
7 0.344315 0.455843 0.0367221 0.108864
7 0.714385 0.395948 0.0809755 0.0912767
2 0.950354 0.50649 0.0668629 0.0821432
2 0.422035 0.483475 0.0463952 0.0789625
7 0.317551 0.84027 0.10029 0.277643
2 0.622372 0.866798 0.115447 0.175419
2 0.0352452 0.719501 0.0700373 0.138604
2 0.134889 0.745649 0.0942249 0.124203
7 0.38722 0.39537 0.0481283 0.116369
2 0.446226 0.624173 0.0619475 0.105872
2 0.512624 0.683741 0.0703625 0.131106
2 0.275408 0.707672 0.0715417 0.13996
2 0.377761 0.74567 0.0680504 0.144955
0 0.167275 0.8279 0.0378643 0.112152
7 0.486962 0.464049 0.0438463 0.121861
2 0.0753696 0.631071 0.0801872 0.104517
0 0.112575 0.818902 0.0388718 0.105318
5 0.196275 0.422125 0.0614364 0.106355
2 0.264862 0.502699 0.0416838 0.0783925
2 0.516112 0.583424 0.0613627 0.102147
7 0.562679 0.949252 0.129508 0.0974767
3 0.16333 0.885926 0.032096 0.095923
3 0.10609 0.876696 0.0358259 0.0809518
2 0.342597 0.604992 0.0547578 0.118276
5 0.344299 0.455894 0.0368174 0.108566
7 0.344315 0.455843 0.0367221 0.108864
7 0.714385 0.395948 0.0809755 0.0912767
2 0.950354 0.50649 0.0668629 0.0821432
2 0.422035 0.483475 0.0463952 0.0789625
7 0.317551 0.84027 0.10029 0.277643
2 0.622372 0.866798 0.115447 0.175419
2 0.0352452 0.719501 0.0700373 0.138604
2 0.134889 0.745649 0.0942249 0.124203
7 0.38722 0.39537 0.0481283 0.116369
2 0.446226 0.624173 0.0619475 0.105872
2 0.512624 0.683741 0.0703625 0.131106
2 0.275408 0.707672 0.0715417 0.13996
2 0.377761 0.74567 0.0680504 0.144955
0 0.167275 0.8279 0.0378643 0.112152
7 0.486962 0.464049 0.0438463 0.121861
2 0.0753696 0.631071 0.0801872 0.104517
0 0.112575 0.818902 0.0388718 0.105318
5 0.196275 0.422125 0.0614364 0.106355
2 0.264862 0.502699 0.0416838 0.0783925
2 0.516112 0.583424 0.0613627 0.102147
7 0.562679 0.949252 0.129508 0.0974767
3 0.16333 0.885926 0.032096 0.095923
3 0.10609 0.876696 0.0358259 0.0809518
2 0.342597 0.604992 0.0547578 0.118276
5 0.344299 0.455894 0.0368174 0.108566
7 0.344315 0.455843 0.0367221 0.108864
7 0.714385 0.395948 0.0809755 0.0912767
2 0.950354 0.50649 0.0668629 0.0821432
2 0.422035 0.483475 0.0463952 0.0789625
7 0.317551 0.84027 0.10029 0.277643
2 0.622372 0.866798 0.115447 0.175419
2 0.0352452 0.719501 0.0700373 0.138604
2 0.134889 0.745649 0.0942249 0.124203
7 0.38722 0.39537 0.0481283 0.116369
2 0.446226 0.624173 0.0619475 0.105872
2 0.512624 0.683741 0.0703625 0.131106
2 0.275408 0.707672 0.0715417 0.13996
2 0.377761 0.74567 0.0680504 0.144955
0 0.167275 0.8279 0.0378643 0.112152
7 0.486962 0.464049 0.0438463 0.121861
2 0.0753696 0.631071 0.0801872 0.104517
0 0.112575 0.818902 0.0388718 0.105318
5 0.196275 0.422125 0.0614364 0.106355
2 0.264862 0.502699 0.0416838 0.0783925
2 0.516112 0.583424 0.0613627 0.102147
7 0.562679 0.949252 0.129508 0.0974767
3 0.16333 0.885926 0.032096 0.095923
3 0.10609 0.876696 0.0358259 0.0809518
2 0.342597 0.604992 0.0547578 0.118276
5 0.344299 0.455894 0.0368174 0.108566
7 0.344315 0.455843 0.0367221 0.108864
7 0.714385 0.395948 0.0809755 0.0912767
2 0.950354 0.50649 0.0668629 0.0821432
2 0.422035 0.483475 0.0463952 0.0789625
2 0.439894 0.548419 0.0469134 0.0849035
0 0.106186 0.64441 0.0191183 0.0859609
7 0.935311 0.737685 0.121232 0.262796
2 0.104697 0.588325 0.0677806 0.0947751
0 0.36727 0.524082 0.0203211 0.0743152
2 0.29413 0.38172 0.0235216 0.0421221
5 0.396866 0.289544 0.029283 0.0567485
2 0.451378 0.439504 0.0294818 0.0559301
2 0.396807 0.460053 0.0330528 0.0641939
2 0.178279 0.495967 0.0483263 0.067738
0 0.27348 0.428302 0.0142621 0.0489793
