2 0.0357217 0.714503 0.070707 0.141919
0 0.438228 0.855286 0.0441647 0.135704
2 0.564367 0.959409 0.126893 0.073656
2 0.0733382 0.625964 0.0796219 0.104555
2 0.473406 0.49666 0.0455784 0.0720334
7 0.198149 0.419991 0.0582587 0.110253
0 0.565044 0.827556 0.0410933 0.115295
2 0.354504 0.709416 0.0692201 0.145419
7 0.396975 0.401045 0.0360599 0.104858
2 0.436543 0.401516 0.0304114 0.0486679
2 0.35907 0.55069 0.0452484 0.0896423
2 0.258008 0.576785 0.0578596 0.118332
2 0.296372 0.419524 0.0355523 0.0612371
2 0.179017 0.491506 0.0472456 0.0707582
3 0.568632 0.87654 0.0378131 0.0926917
7 0.365277 0.360079 0.029241 0.0727568
0 0.232669 0.524156 0.0202101 0.0797923
2 0.739608 0.407957 0.0374653 0.0562155
2 0.312928 0.377864 0.0270556 0.0412211
2 0.104407 0.585812 0.067684 0.0970713
7 0.355106 0.47436 0.0498944 0.119661
3 0.440173 0.911844 0.0282683 0.0952769
7 0.429339 0.355349 0.0248095 0.0658168
0 0.238922 0.458341 0.0132882 0.0551537
5 0.926637 0.477572 0.145576 0.201791
0 0.169492 0.530466 0.0165195 0.0637663
2 0.303645 0.349688 0.0194782 0.0360007
7 0.889385 0.559322 0.112033 0.210145
5 0.891294 0.558905 0.115695 0.209391
7 0.296302 0.419537 0.0354431 0.0611108
5 0.967889 0.500351 0.06341 0.145028
2 0.343338 0.322796 0.0185534 0.0301821
2 0.924883 0.417874 0.122208 0.0822018
7 0.412442 0.329525 0.0283525 0.0526427
7 0.381012 0.313889 0.0268781 0.0525852
5 0.924587 0.517214 0.149705 0.279038
3 0.437585 0.889686 0.0384739 0.114226
5 0.905284 0.595387 0.0782879 0.140656
7 0.362637 0.275321 0.0212911 0.0473475
2 0.0357217 0.714503 0.070707 0.141919
0 0.438228 0.855286 0.0441647 0.135704
2 0.564367 0.959409 0.126893 0.073656
2 0.0733382 0.625964 0.0796219 0.104555
2 0.473406 0.49666 0.0455784 0.0720334
7 0.198149 0.419991 0.0582587 0.110253
0 0.565044 0.827556 0.0410933 0.115295
2 0.354504 0.709416 0.0692201 0.145419
7 0.396975 0.401045 0.0360599 0.104858
2 0.436543 0.401516 0.0304114 0.0486679
2 0.35907 0.55069 0.0452484 0.0896423
2 0.258008 0.576785 0.0578596 0.118332
2 0.296372 0.419524 0.0355523 0.0612371
2 0.179017 0.491506 0.0472456 0.0707582
3 0.568632 0.87654 0.0378131 0.0926917
7 0.365277 0.360079 0.029241 0.0727568
0 0.232669 0.524156 0.0202101 0.0797923
2 0.739608 0.407957 0.0374653 0.0562155
2 0.312928 0.377864 0.0270556 0.0412211
2 0.104407 0.585812 0.067684 0.0970713
7 0.355106 0.47436 0.0498944 0.119661
3 0.440173 0.911844 0.0282683 0.0952769
7 0.429339 0.355349 0.0248095 0.0658168
0 0.238922 0.458341 0.0132882 0.0551537
5 0.926637 0.477572 0.145576 0.201791
0 0.169492 0.530466 0.0165195 0.0637663
2 0.303645 0.349688 0.0194782 0.0360007
7 0.889385 0.559322 0.112033 0.210145
5 0.891294 0.558905 0.115695 0.209391
7 0.296302 0.419537 0.0354431 0.0611108
5 0.967889 0.500351 0.06341 0.145028
2 0.343338 0.322796 0.0185534 0.0301821
2 0.924883 0.417874 0.122208 0.0822018
7 0.412442 0.329525 0.0283525 0.0526427
7 0.381012 0.313889 0.0268781 0.0525852
5 0.924587 0.517214 0.149705 0.279038
3 0.437585 0.889686 0.0384739 0.114226
5 0.905284 0.595387 0.0782879 0.140656
7 0.362637 0.275321 0.0212911 0.0473475
2 0.0357217 0.714503 0.070707 0.141919
0 0.438228 0.855286 0.0441647 0.135704
2 0.564367 0.959409 0.126893 0.073656
2 0.0733382 0.625964 0.0796219 0.104555
2 0.473406 0.49666 0.0455784 0.0720334
7 0.198149 0.419991 0.0582587 0.110253
0 0.565044 0.827556 0.0410933 0.115295
2 0.354504 0.709416 0.0692201 0.145419
7 0.396975 0.401045 0.0360599 0.104858
2 0.436543 0.401516 0.0304114 0.0486679
2 0.35907 0.55069 0.0452484 0.0896423
2 0.258008 0.576785 0.0578596 0.118332
2 0.296372 0.419524 0.0355523 0.0612371
2 0.179017 0.491506 0.0472456 0.0707582
3 0.568632 0.87654 0.0378131 0.0926917
7 0.365277 0.360079 0.029241 0.0727568
0 0.232669 0.524156 0.0202101 0.0797923
2 0.739608 0.407957 0.0374653 0.0562155
2 0.312928 0.377864 0.0270556 0.0412211
2 0.104407 0.585812 0.067684 0.0970713
7 0.355106 0.47436 0.0498944 0.119661
3 0.440173 0.911844 0.0282683 0.0952769
7 0.429339 0.355349 0.0248095 0.0658168
0 0.238922 0.458341 0.0132882 0.0551537
5 0.926637 0.477572 0.145576 0.201791
0 0.169492 0.530466 0.0165195 0.0637663
2 0.303645 0.349688 0.0194782 0.0360007
7 0.889385 0.559322 0.112033 0.210145
5 0.891294 0.558905 0.115695 0.209391
7 0.296302 0.419537 0.0354431 0.0611108
5 0.967889 0.500351 0.06341 0.145028
2 0.343338 0.322796 0.0185534 0.0301821
2 0.924883 0.417874 0.122208 0.0822018
7 0.412442 0.329525 0.0283525 0.0526427
7 0.381012 0.313889 0.0268781 0.0525852
5 0.924587 0.517214 0.149705 0.279038
3 0.437585 0.889686 0.0384739 0.114226
5 0.905284 0.595387 0.0782879 0.140656
7 0.362637 0.275321 0.0212911 0.0473475
2 0.0357217 0.714503 0.070707 0.141919
0 0.438228 0.855286 0.0441647 0.135704
2 0.564367 0.959409 0.126893 0.073656
2 0.0733382 0.625964 0.0796219 0.104555
2 0.473406 0.49666 0.0455784 0.0720334
7 0.198149 0.419991 0.0582587 0.110253
0 0.565044 0.827556 0.0410933 0.115295
2 0.354504 0.709416 0.0692201 0.145419
7 0.396975 0.401045 0.0360599 0.104858
2 0.436543 0.401516 0.0304114 0.0486679
2 0.35907 0.55069 0.0452484 0.0896423
2 0.258008 0.576785 0.0578596 0.118332
2 0.296372 0.419524 0.0355523 0.0612371
2 0.179017 0.491506 0.0472456 0.0707582
3 0.568632 0.87654 0.0378131 0.0926917
7 0.365277 0.360079 0.029241 0.0727568
0 0.232669 0.524156 0.0202101 0.0797923
2 0.739608 0.407957 0.0374653 0.0562155
2 0.312928 0.377864 0.0270556 0.0412211
2 0.104407 0.585812 0.067684 0.0970713
7 0.355106 0.47436 0.0498944 0.119661
3 0.440173 0.911844 0.0282683 0.0952769
7 0.429339 0.355349 0.0248095 0.0658168
0 0.238922 0.458341 0.0132882 0.0551537
5 0.926637 0.477572 0.145576 0.201791
0 0.169492 0.530466 0.0165195 0.0637663
2 0.303645 0.349688 0.0194782 0.0360007
7 0.889385 0.559322 0.112033 0.210145
5 0.891294 0.558905 0.115695 0.209391
7 0.296302 0.419537 0.0354431 0.0611108
5 0.967889 0.500351 0.06341 0.145028
2 0.343338 0.322796 0.0185534 0.0301821
2 0.924883 0.417874 0.122208 0.0822018
7 0.412442 0.329525 0.0283525 0.0526427
7 0.381012 0.313889 0.0268781 0.0525852
5 0.924587 0.517214 0.149705 0.279038
3 0.437585 0.889686 0.0384739 0.114226
5 0.905284 0.595387 0.0782879 0.140656
7 0.362637 0.275321 0.0212911 0.0473475
2 0.0357217 0.714503 0.070707 0.141919
0 0.438228 0.855286 0.0441647 0.135704
2 0.564367 0.959409 0.126893 0.073656
2 0.0733382 0.625964 0.0796219 0.104555
2 0.473406 0.49666 0.0455784 0.0720334
7 0.198149 0.419991 0.0582587 0.110253
0 0.565044 0.827556 0.0410933 0.115295
2 0.354504 0.709416 0.0692201 0.145419
7 0.396975 0.401045 0.0360599 0.104858
2 0.436543 0.401516 0.0304114 0.0486679
2 0.35907 0.55069 0.0452484 0.0896423
2 0.258008 0.576785 0.0578596 0.118332
2 0.296372 0.419524 0.0355523 0.0612371
2 0.179017 0.491506 0.0472456 0.0707582
3 0.568632 0.87654 0.0378131 0.0926917
7 0.365277 0.360079 0.029241 0.0727568
0 0.232669 0.524156 0.0202101 0.0797923
2 0.739608 0.407957 0.0374653 0.0562155
2 0.312928 0.377864 0.0270556 0.0412211
2 0.104407 0.585812 0.067684 0.0970713
7 0.355106 0.47436 0.0498944 0.119661
3 0.440173 0.911844 0.0282683 0.0952769
7 0.429339 0.355349 0.0248095 0.0658168
0 0.238922 0.458341 0.0132882 0.0551537
5 0.926637 0.477572 0.145576 0.201791
0 0.169492 0.530466 0.0165195 0.0637663
2 0.303645 0.349688 0.0194782 0.0360007
7 0.889385 0.559322 0.112033 0.210145
5 0.891294 0.558905 0.115695 0.209391
7 0.296302 0.419537 0.0354431 0.0611108
5 0.967889 0.500351 0.06341 0.145028
2 0.343338 0.322796 0.0185534 0.0301821
2 0.924883 0.417874 0.122208 0.0822018
7 0.412442 0.329525 0.0283525 0.0526427
7 0.381012 0.313889 0.0268781 0.0525852
5 0.924587 0.517214 0.149705 0.279038
3 0.437585 0.889686 0.0384739 0.114226
5 0.905284 0.595387 0.0782879 0.140656
7 0.362637 0.275321 0.0212911 0.0473475
2 0.0357217 0.714503 0.070707 0.141919
0 0.438228 0.855286 0.0441647 0.135704
2 0.564367 0.959409 0.126893 0.073656
2 0.0733382 0.625964 0.0796219 0.104555
2 0.473406 0.49666 0.0455784 0.0720334
7 0.198149 0.419991 0.0582587 0.110253
0 0.565044 0.827556 0.0410933 0.115295
2 0.354504 0.709416 0.0692201 0.145419
7 0.396975 0.401045 0.0360599 0.104858
2 0.436543 0.401516 0.0304114 0.0486679
2 0.35907 0.55069 0.0452484 0.0896423
2 0.258008 0.576785 0.0578596 0.118332
2 0.296372 0.419524 0.0355523 0.0612371
2 0.179017 0.491506 0.0472456 0.0707582
3 0.568632 0.87654 0.0378131 0.0926917
7 0.365277 0.360079 0.029241 0.0727568
0 0.232669 0.524156 0.0202101 0.0797923
2 0.739608 0.407957 0.0374653 0.0562155
2 0.312928 0.377864 0.0270556 0.0412211
2 0.104407 0.585812 0.067684 0.0970713
7 0.355106 0.47436 0.0498944 0.119661
3 0.440173 0.911844 0.0282683 0.0952769
7 0.429339 0.355349 0.0248095 0.0658168
0 0.238922 0.458341 0.0132882 0.0551537
5 0.926637 0.477572 0.145576 0.201791
0 0.169492 0.530466 0.0165195 0.0637663
2 0.303645 0.349688 0.0194782 0.0360007
7 0.889385 0.559322 0.112033 0.210145
5 0.891294 0.558905 0.115695 0.209391
7 0.296302 0.419537 0.0354431 0.0611108
5 0.967889 0.500351 0.06341 0.145028
2 0.343338 0.322796 0.0185534 0.0301821
2 0.924883 0.417874 0.122208 0.0822018
7 0.412442 0.329525 0.0283525 0.0526427
7 0.381012 0.313889 0.0268781 0.0525852
5 0.924587 0.517214 0.149705 0.279038
3 0.437585 0.889686 0.0384739 0.114226
5 0.905284 0.595387 0.0782879 0.140656
7 0.362637 0.275321 0.0212911 0.0473475
2 0.0357217 0.714503 0.070707 0.141919
0 0.438228 0.855286 0.0441647 0.135704
2 0.564367 0.959409 0.126893 0.073656
2 0.0733382 0.625964 0.0796219 0.104555
2 0.473406 0.49666 0.0455784 0.0720334
7 0.198149 0.419991 0.0582587 0.110253
0 0.565044 0.827556 0.0410933 0.115295
2 0.354504 0.709416 0.0692201 0.145419
7 0.396975 0.401045 0.0360599 0.104858
2 0.436543 0.401516 0.0304114 0.0486679
2 0.35907 0.55069 0.0452484 0.0896423
2 0.258008 0.576785 0.0578596 0.118332
2 0.296372 0.419524 0.0355523 0.0612371
2 0.179017 0.491506 0.0472456 0.0707582
3 0.568632 0.87654 0.0378131 0.0926917
7 0.365277 0.360079 0.029241 0.0727568
0 0.232669 0.524156 0.0202101 0.0797923
2 0.739608 0.407957 0.0374653 0.0562155
2 0.312928 0.377864 0.0270556 0.0412211
2 0.104407 0.585812 0.067684 0.0970713
7 0.355106 0.47436 0.0498944 0.119661
3 0.440173 0.911844 0.0282683 0.0952769
7 0.429339 0.355349 0.0248095 0.0658168
0 0.238922 0.458341 0.0132882 0.0551537
5 0.926637 0.477572 0.145576 0.201791
0 0.169492 0.530466 0.0165195 0.0637663
2 0.303645 0.349688 0.0194782 0.0360007
7 0.889385 0.559322 0.112033 0.210145
5 0.891294 0.558905 0.115695 0.209391
7 0.296302 0.419537 0.0354431 0.0611108
5 0.967889 0.500351 0.06341 0.145028
2 0.343338 0.322796 0.0185534 0.0301821
2 0.924883 0.417874 0.122208 0.0822018
7 0.412442 0.329525 0.0283525 0.0526427
7 0.381012 0.313889 0.0268781 0.0525852
5 0.924587 0.517214 0.149705 0.279038
3 0.437585 0.889686 0.0384739 0.114226
5 0.905284 0.595387 0.0782879 0.140656
7 0.362637 0.275321 0.0212911 0.0473475
2 0.0353669 0.715296 0.0702912 0.140342
2 0.354228 0.708683 0.0687705 0.145481
2 0.473064 0.497486 0.0467197 0.071775
0 0.565407 0.830362 0.0411186 0.118629
2 0.074133 0.625573 0.076938 0.102599
2 0.564352 0.960845 0.125789 0.0766027
2 0.256956 0.573756 0.0579083 0.113808
0 0.437806 0.854763 0.0435873 0.133527
5 0.920549 0.488135 0.158616 0.219483
2 0.296391 0.420666 0.0367147 0.0592244
7 0.397252 0.40423 0.0338362 0.0952683
2 0.36046 0.551092 0.0472358 0.0852278
7 0.365219 0.359479 0.0293918 0.074373
0 0.232561 0.520828 0.0203028 0.072664
3 0.441412 0.914996 0.0305098 0.0912547
7 0.949386 0.740826 0.0943214 0.232314
3 0.569109 0.886863 0.0372742 0.0719343
2 0.739479 0.406145 0.0375683 0.055798
2 0.437191 0.400886 0.0313345 0.0503916
0 0.23856 0.458425 0.0140955 0.0557675
0 0.168965 0.529886 0.0171552 0.066401
2 0.104747 0.584982 0.0675873 0.0963193
7 0.196625 0.41912 0.0612798 0.106648
2 0.312422 0.377732 0.0278921 0.0419479
7 0.37861 0.315147 0.0216939 0.0546036
2 0.0353669 0.715296 0.0702912 0.140342
2 0.354228 0.708683 0.0687705 0.145481
2 0.473064 0.497486 0.0467197 0.071775
0 0.565407 0.830362 0.0411186 0.118629
2 0.074133 0.625573 0.076938 0.102599
2 0.564352 0.960845 0.125789 0.0766027
2 0.256956 0.573756 0.0579083 0.113808
0 0.437806 0.854763 0.0435873 0.133527
5 0.920549 0.488135 0.158616 0.219483
2 0.296391 0.420666 0.0367147 0.0592244
7 0.397252 0.40423 0.0338362 0.0952683
2 0.36046 0.551092 0.0472358 0.0852278
7 0.365219 0.359479 0.0293918 0.074373
0 0.232561 0.520828 0.0203028 0.072664
3 0.441412 0.914996 0.0305098 0.0912547
7 0.949386 0.740826 0.0943214 0.232314
3 0.569109 0.886863 0.0372742 0.0719343
2 0.739479 0.406145 0.0375683 0.055798
2 0.437191 0.400886 0.0313345 0.0503916
0 0.23856 0.458425 0.0140955 0.0557675
0 0.168965 0.529886 0.0171552 0.066401
2 0.104747 0.584982 0.0675873 0.0963193
7 0.196625 0.41912 0.0612798 0.106648
2 0.312422 0.377732 0.0278921 0.0419479
7 0.37861 0.315147 0.0216939 0.0546036
