2 0.565402 0.704793 0.0815887 0.128892
2 0.477659 0.846993 0.103422 0.178085
2 0.334718 0.865984 0.0993484 0.181293
2 0.035903 0.720918 0.0710389 0.1438
7 0.451606 0.620686 0.0597279 0.16727
2 0.317435 0.526716 0.0418292 0.0807753
2 0.506323 0.56462 0.0591281 0.0877051
7 0.196364 0.422614 0.0644728 0.107425
0 0.289985 0.722592 0.036524 0.0955407
2 0.243313 0.570466 0.0506905 0.0862946
7 0.367923 0.556532 0.0563732 0.145957
0 0.190567 0.711351 0.0312899 0.0843301
2 0.178375 0.497551 0.0493155 0.0688463
2 0.476108 0.497336 0.0440771 0.0757519
2 0.41458 0.483996 0.0385125 0.0703773
3 0.290599 0.771493 0.0298228 0.0869222
2 0.0825055 0.630043 0.097961 0.105662
3 0.190407 0.755402 0.0277496 0.0673506
0 0.266376 0.684822 0.0302695 0.0876107
3 0.258056 0.596759 0.0241898 0.0826038
2 0.289875 0.414172 0.0285496 0.0535196
7 0.341757 0.397161 0.0426107 0.089414
7 0.380855 0.350462 0.0340595 0.0890259
0 0.258258 0.593996 0.0250349 0.0818909
0 0.289889 0.566893 0.0194405 0.0817133
2 0.458061 0.446375 0.0359261 0.0625707
7 0.444287 0.385321 0.0294476 0.0907145
2 0.863956 0.690287 0.0578463 0.130611
3 0.290562 0.586075 0.0181993 0.0484088
2 0.33448 0.466055 0.0351459 0.0779787
2 0.403746 0.410336 0.0346557 0.0573541
7 0.334336 0.464316 0.0355161 0.0766183
0 0.869148 0.496743 0.021557 0.0731918
2 0.977146 0.819047 0.0446957 0.163323
2 0.396386 0.530712 0.0151277 0.0875214
2 0.105089 0.581608 0.0655751 0.0776511
7 0.387746 0.272646 0.0247779 0.0688294
2 0.416298 0.438588 0.0308929 0.0548806
2 0.820492 0.47623 0.0617138 0.077178
3 0.266314 0.729867 0.0254249 0.0530707
7 0.821074 0.476176 0.061194 0.0765321
7 0.799216 0.449579 0.105306 0.133185
2 0.101466 0.572633 0.0571458 0.0623352
2 0.565402 0.704793 0.0815887 0.128892
2 0.477659 0.846993 0.103422 0.178085
2 0.334718 0.865984 0.0993484 0.181293
2 0.035903 0.720918 0.0710389 0.1438
7 0.451606 0.620686 0.0597279 0.16727
2 0.317435 0.526716 0.0418292 0.0807753
2 0.506323 0.56462 0.0591281 0.0877051
7 0.196364 0.422614 0.0644728 0.107425
0 0.289985 0.722592 0.036524 0.0955407
2 0.243313 0.570466 0.0506905 0.0862946
7 0.367923 0.556532 0.0563732 0.145957
0 0.190567 0.711351 0.0312899 0.0843301
2 0.178375 0.497551 0.0493155 0.0688463
2 0.476108 0.497336 0.0440771 0.0757519
2 0.41458 0.483996 0.0385125 0.0703773
3 0.290599 0.771493 0.0298228 0.0869222
2 0.0825055 0.630043 0.097961 0.105662
3 0.190407 0.755402 0.0277496 0.0673506
0 0.266376 0.684822 0.0302695 0.0876107
3 0.258056 0.596759 0.0241898 0.0826038
2 0.289875 0.414172 0.0285496 0.0535196
7 0.341757 0.397161 0.0426107 0.089414
7 0.380855 0.350462 0.0340595 0.0890259
0 0.258258 0.593996 0.0250349 0.0818909
0 0.289889 0.566893 0.0194405 0.0817133
2 0.458061 0.446375 0.0359261 0.0625707
7 0.444287 0.385321 0.0294476 0.0907145
2 0.863956 0.690287 0.0578463 0.130611
3 0.290562 0.586075 0.0181993 0.0484088
2 0.33448 0.466055 0.0351459 0.0779787
2 0.403746 0.410336 0.0346557 0.0573541
7 0.334336 0.464316 0.0355161 0.0766183
0 0.869148 0.496743 0.021557 0.0731918
2 0.977146 0.819047 0.0446957 0.163323
2 0.396386 0.530712 0.0151277 0.0875214
2 0.105089 0.581608 0.0655751 0.0776511
7 0.387746 0.272646 0.0247779 0.0688294
2 0.416298 0.438588 0.0308929 0.0548806
2 0.820492 0.47623 0.0617138 0.077178
3 0.266314 0.729867 0.0254249 0.0530707
7 0.821074 0.476176 0.061194 0.0765321
7 0.799216 0.449579 0.105306 0.133185
2 0.101466 0.572633 0.0571458 0.0623352
2 0.565402 0.704793 0.0815887 0.128892
2 0.477659 0.846993 0.103422 0.178085
2 0.334718 0.865984 0.0993484 0.181293
2 0.035903 0.720918 0.0710389 0.1438
7 0.451606 0.620686 0.0597279 0.16727
2 0.317435 0.526716 0.0418292 0.0807753
2 0.506323 0.56462 0.0591281 0.0877051
7 0.196364 0.422614 0.0644728 0.107425
0 0.289985 0.722592 0.036524 0.0955407
2 0.243313 0.570466 0.0506905 0.0862946
7 0.367923 0.556532 0.0563732 0.145957
0 0.190567 0.711351 0.0312899 0.0843301
2 0.178375 0.497551 0.0493155 0.0688463
2 0.476108 0.497336 0.0440771 0.0757519
2 0.41458 0.483996 0.0385125 0.0703773
3 0.290599 0.771493 0.0298228 0.0869222
2 0.0825055 0.630043 0.097961 0.105662
3 0.190407 0.755402 0.0277496 0.0673506
0 0.266376 0.684822 0.0302695 0.0876107
3 0.258056 0.596759 0.0241898 0.0826038
2 0.289875 0.414172 0.0285496 0.0535196
7 0.341757 0.397161 0.0426107 0.089414
7 0.380855 0.350462 0.0340595 0.0890259
0 0.258258 0.593996 0.0250349 0.0818909
0 0.289889 0.566893 0.0194405 0.0817133
2 0.458061 0.446375 0.0359261 0.0625707
7 0.444287 0.385321 0.0294476 0.0907145
2 0.863956 0.690287 0.0578463 0.130611
3 0.290562 0.586075 0.0181993 0.0484088
2 0.33448 0.466055 0.0351459 0.0779787
2 0.403746 0.410336 0.0346557 0.0573541
7 0.334336 0.464316 0.0355161 0.0766183
0 0.869148 0.496743 0.021557 0.0731918
2 0.977146 0.819047 0.0446957 0.163323
2 0.396386 0.530712 0.0151277 0.0875214
2 0.105089 0.581608 0.0655751 0.0776511
7 0.387746 0.272646 0.0247779 0.0688294
2 0.416298 0.438588 0.0308929 0.0548806
2 0.820492 0.47623 0.0617138 0.077178
3 0.266314 0.729867 0.0254249 0.0530707
7 0.821074 0.476176 0.061194 0.0765321
7 0.799216 0.449579 0.105306 0.133185
2 0.101466 0.572633 0.0571458 0.0623352
2 0.565402 0.704793 0.0815887 0.128892
2 0.477659 0.846993 0.103422 0.178085
2 0.334718 0.865984 0.0993484 0.181293
2 0.035903 0.720918 0.0710389 0.1438
7 0.451606 0.620686 0.0597279 0.16727
2 0.317435 0.526716 0.0418292 0.0807753
2 0.506323 0.56462 0.0591281 0.0877051
7 0.196364 0.422614 0.0644728 0.107425
0 0.289985 0.722592 0.036524 0.0955407
2 0.243313 0.570466 0.0506905 0.0862946
7 0.367923 0.556532 0.0563732 0.145957
0 0.190567 0.711351 0.0312899 0.0843301
2 0.178375 0.497551 0.0493155 0.0688463
2 0.476108 0.497336 0.0440771 0.0757519
2 0.41458 0.483996 0.0385125 0.0703773
3 0.290599 0.771493 0.0298228 0.0869222
2 0.0825055 0.630043 0.097961 0.105662
3 0.190407 0.755402 0.0277496 0.0673506
0 0.266376 0.684822 0.0302695 0.0876107
3 0.258056 0.596759 0.0241898 0.0826038
2 0.289875 0.414172 0.0285496 0.0535196
7 0.341757 0.397161 0.0426107 0.089414
7 0.380855 0.350462 0.0340595 0.0890259
0 0.258258 0.593996 0.0250349 0.0818909
0 0.289889 0.566893 0.0194405 0.0817133
2 0.458061 0.446375 0.0359261 0.0625707
7 0.444287 0.385321 0.0294476 0.0907145
2 0.863956 0.690287 0.0578463 0.130611
3 0.290562 0.586075 0.0181993 0.0484088
2 0.33448 0.466055 0.0351459 0.0779787
2 0.403746 0.410336 0.0346557 0.0573541
7 0.334336 0.464316 0.0355161 0.0766183
0 0.869148 0.496743 0.021557 0.0731918
2 0.977146 0.819047 0.0446957 0.163323
2 0.396386 0.530712 0.0151277 0.0875214
2 0.105089 0.581608 0.0655751 0.0776511
7 0.387746 0.272646 0.0247779 0.0688294
2 0.416298 0.438588 0.0308929 0.0548806
2 0.820492 0.47623 0.0617138 0.077178
3 0.266314 0.729867 0.0254249 0.0530707
7 0.821074 0.476176 0.061194 0.0765321
7 0.799216 0.449579 0.105306 0.133185
2 0.101466 0.572633 0.0571458 0.0623352
2 0.565402 0.704793 0.0815887 0.128892
2 0.477659 0.846993 0.103422 0.178085
2 0.334718 0.865984 0.0993484 0.181293
2 0.035903 0.720918 0.0710389 0.1438
7 0.451606 0.620686 0.0597279 0.16727
2 0.317435 0.526716 0.0418292 0.0807753
2 0.506323 0.56462 0.0591281 0.0877051
7 0.196364 0.422614 0.0644728 0.107425
0 0.289985 0.722592 0.036524 0.0955407
2 0.243313 0.570466 0.0506905 0.0862946
7 0.367923 0.556532 0.0563732 0.145957
0 0.190567 0.711351 0.0312899 0.0843301
2 0.178375 0.497551 0.0493155 0.0688463
2 0.476108 0.497336 0.0440771 0.0757519
2 0.41458 0.483996 0.0385125 0.0703773
3 0.290599 0.771493 0.0298228 0.0869222
2 0.0825055 0.630043 0.097961 0.105662
3 0.190407 0.755402 0.0277496 0.0673506
0 0.266376 0.684822 0.0302695 0.0876107
3 0.258056 0.596759 0.0241898 0.0826038
2 0.289875 0.414172 0.0285496 0.0535196
7 0.341757 0.397161 0.0426107 0.089414
7 0.380855 0.350462 0.0340595 0.0890259
0 0.258258 0.593996 0.0250349 0.0818909
0 0.289889 0.566893 0.0194405 0.0817133
2 0.458061 0.446375 0.0359261 0.0625707
7 0.444287 0.385321 0.0294476 0.0907145
2 0.863956 0.690287 0.0578463 0.130611
3 0.290562 0.586075 0.0181993 0.0484088
2 0.33448 0.466055 0.0351459 0.0779787
2 0.403746 0.410336 0.0346557 0.0573541
7 0.334336 0.464316 0.0355161 0.0766183
0 0.869148 0.496743 0.021557 0.0731918
2 0.977146 0.819047 0.0446957 0.163323
2 0.396386 0.530712 0.0151277 0.0875214
2 0.105089 0.581608 0.0655751 0.0776511
7 0.387746 0.272646 0.0247779 0.0688294
2 0.416298 0.438588 0.0308929 0.0548806
2 0.820492 0.47623 0.0617138 0.077178
3 0.266314 0.729867 0.0254249 0.0530707
7 0.821074 0.476176 0.061194 0.0765321
7 0.799216 0.449579 0.105306 0.133185
2 0.101466 0.572633 0.0571458 0.0623352
2 0.565402 0.704793 0.0815887 0.128892
2 0.477659 0.846993 0.103422 0.178085
2 0.334718 0.865984 0.0993484 0.181293
2 0.035903 0.720918 0.0710389 0.1438
7 0.451606 0.620686 0.0597279 0.16727
2 0.317435 0.526716 0.0418292 0.0807753
2 0.506323 0.56462 0.0591281 0.0877051
7 0.196364 0.422614 0.0644728 0.107425
0 0.289985 0.722592 0.036524 0.0955407
2 0.243313 0.570466 0.0506905 0.0862946
7 0.367923 0.556532 0.0563732 0.145957
0 0.190567 0.711351 0.0312899 0.0843301
2 0.178375 0.497551 0.0493155 0.0688463
2 0.476108 0.497336 0.0440771 0.0757519
2 0.41458 0.483996 0.0385125 0.0703773
3 0.290599 0.771493 0.0298228 0.0869222
2 0.0825055 0.630043 0.097961 0.105662
3 0.190407 0.755402 0.0277496 0.0673506
0 0.266376 0.684822 0.0302695 0.0876107
3 0.258056 0.596759 0.0241898 0.0826038
2 0.289875 0.414172 0.0285496 0.0535196
7 0.341757 0.397161 0.0426107 0.089414
7 0.380855 0.350462 0.0340595 0.0890259
0 0.258258 0.593996 0.0250349 0.0818909
0 0.289889 0.566893 0.0194405 0.0817133
2 0.458061 0.446375 0.0359261 0.0625707
7 0.444287 0.385321 0.0294476 0.0907145
2 0.863956 0.690287 0.0578463 0.130611
3 0.290562 0.586075 0.0181993 0.0484088
2 0.33448 0.466055 0.0351459 0.0779787
2 0.403746 0.410336 0.0346557 0.0573541
7 0.334336 0.464316 0.0355161 0.0766183
0 0.869148 0.496743 0.021557 0.0731918
2 0.977146 0.819047 0.0446957 0.163323
2 0.396386 0.530712 0.0151277 0.0875214
2 0.105089 0.581608 0.0655751 0.0776511
7 0.387746 0.272646 0.0247779 0.0688294
2 0.416298 0.438588 0.0308929 0.0548806
2 0.820492 0.47623 0.0617138 0.077178
3 0.266314 0.729867 0.0254249 0.0530707
7 0.821074 0.476176 0.061194 0.0765321
7 0.799216 0.449579 0.105306 0.133185
2 0.101466 0.572633 0.0571458 0.0623352
2 0.565402 0.704793 0.0815887 0.128892
2 0.477659 0.846993 0.103422 0.178085
2 0.334718 0.865984 0.0993484 0.181293
2 0.035903 0.720918 0.0710389 0.1438
7 0.451606 0.620686 0.0597279 0.16727
2 0.317435 0.526716 0.0418292 0.0807753
2 0.506323 0.56462 0.0591281 0.0877051
7 0.196364 0.422614 0.0644728 0.107425
0 0.289985 0.722592 0.036524 0.0955407
2 0.243313 0.570466 0.0506905 0.0862946
7 0.367923 0.556532 0.0563732 0.145957
0 0.190567 0.711351 0.0312899 0.0843301
2 0.178375 0.497551 0.0493155 0.0688463
2 0.476108 0.497336 0.0440771 0.0757519
2 0.41458 0.483996 0.0385125 0.0703773
3 0.290599 0.771493 0.0298228 0.0869222
2 0.0825055 0.630043 0.097961 0.105662
3 0.190407 0.755402 0.0277496 0.0673506
0 0.266376 0.684822 0.0302695 0.0876107
3 0.258056 0.596759 0.0241898 0.0826038
2 0.289875 0.414172 0.0285496 0.0535196
7 0.341757 0.397161 0.0426107 0.089414
7 0.380855 0.350462 0.0340595 0.0890259
0 0.258258 0.593996 0.0250349 0.0818909
0 0.289889 0.566893 0.0194405 0.0817133
2 0.458061 0.446375 0.0359261 0.0625707
7 0.444287 0.385321 0.0294476 0.0907145
2 0.863956 0.690287 0.0578463 0.130611
3 0.290562 0.586075 0.0181993 0.0484088
2 0.33448 0.466055 0.0351459 0.0779787
2 0.403746 0.410336 0.0346557 0.0573541
7 0.334336 0.464316 0.0355161 0.0766183
0 0.869148 0.496743 0.021557 0.0731918
2 0.977146 0.819047 0.0446957 0.163323
2 0.396386 0.530712 0.0151277 0.0875214
2 0.105089 0.581608 0.0655751 0.0776511
7 0.387746 0.272646 0.0247779 0.0688294
2 0.416298 0.438588 0.0308929 0.0548806
2 0.820492 0.47623 0.0617138 0.077178
3 0.266314 0.729867 0.0254249 0.0530707
7 0.821074 0.476176 0.061194 0.0765321
7 0.799216 0.449579 0.105306 0.133185
2 0.101466 0.572633 0.0571458 0.0623352
7 0.450701 0.618103 0.0583925 0.16035
2 0.477683 0.848219 0.102958 0.180507
2 0.334551 0.864472 0.100108 0.178509
2 0.0352465 0.719932 0.0699817 0.138971
2 0.565011 0.70405 0.0824553 0.127351
2 0.506075 0.564015 0.0585054 0.0885628
7 0.367105 0.555949 0.0531628 0.142535
2 0.0739907 0.629888 0.0767863 0.102197
0 0.290514 0.720055 0.0350264 0.0945529
2 0.475746 0.494834 0.0429918 0.0753031
7 0.380206 0.349467 0.0357155 0.0884391
3 0.190807 0.754861 0.0273049 0.0611304
2 0.317348 0.5244 0.0421172 0.0777785
0 0.266171 0.681472 0.0312715 0.0826333
2 0.243307 0.56973 0.0509669 0.0884939
3 0.290394 0.772794 0.0284922 0.0868752
3 0.291388 0.582392 0.0197694 0.0553545
2 0.289564 0.413615 0.0280621 0.0526923
0 0.190115 0.710661 0.0310214 0.0838238
7 0.347652 0.397388 0.0295588 0.0835098
2 0.413035 0.483353 0.0403394 0.0688071
0 0.118967 0.634518 0.0229917 0.0913255
5 0.196398 0.422068 0.0608957 0.104945
0 0.29041 0.560397 0.0217594 0.0688409
3 0.257516 0.604689 0.0225833 0.0662738
2 0.458214 0.444506 0.0348146 0.0613029
5 0.444287 0.383418 0.0285912 0.0849248
2 0.977234 0.816328 0.0446198 0.1717
2 0.862835 0.690873 0.0564922 0.126702
7 0.450701 0.618103 0.0583925 0.16035
2 0.477683 0.848219 0.102958 0.180507
2 0.334551 0.864472 0.100108 0.178509
2 0.0352465 0.719932 0.0699817 0.138971
2 0.565011 0.70405 0.0824553 0.127351
2 0.506075 0.564015 0.0585054 0.0885628
7 0.367105 0.555949 0.0531628 0.142535
2 0.0739907 0.629888 0.0767863 0.102197
0 0.290514 0.720055 0.0350264 0.0945529
2 0.475746 0.494834 0.0429918 0.0753031
7 0.380206 0.349467 0.0357155 0.0884391
3 0.190807 0.754861 0.0273049 0.0611304
2 0.317348 0.5244 0.0421172 0.0777785
0 0.266171 0.681472 0.0312715 0.0826333
2 0.243307 0.56973 0.0509669 0.0884939
3 0.290394 0.772794 0.0284922 0.0868752
3 0.291388 0.582392 0.0197694 0.0553545
2 0.289564 0.413615 0.0280621 0.0526923
0 0.190115 0.710661 0.0310214 0.0838238
7 0.347652 0.397388 0.0295588 0.0835098
2 0.413035 0.483353 0.0403394 0.0688071
0 0.118967 0.634518 0.0229917 0.0913255
5 0.196398 0.422068 0.0608957 0.104945
0 0.29041 0.560397 0.0217594 0.0688409
3 0.257516 0.604689 0.0225833 0.0662738
2 0.458214 0.444506 0.0348146 0.0613029
5 0.444287 0.383418 0.0285912 0.0849248
2 0.977234 0.816328 0.0446198 0.1717
2 0.862835 0.690873 0.0564922 0.126702
