2 0.748342 0.879692 0.157615 0.228437
2 0.699012 0.649763 0.0995884 0.216614
7 0.465019 0.406202 0.0931681 0.169188
5 0.738314 0.299647 0.107539 0.186961
2 0.91459 0.861913 0.162706 0.267274
2 0.729914 0.511362 0.0744978 0.136759
2 0.57777 0.606663 0.0931436 0.18758
2 0.677307 0.394158 0.0569674 0.100151
2 0.263319 0.336099 0.0498892 0.0728786
2 0.25174 0.924455 0.179651 0.142872
2 0.549204 0.912497 0.140678 0.171902
7 0.284157 0.586866 0.0799473 0.158788
2 0.327236 0.349278 0.0547977 0.0934103
3 0.487202 0.702929 0.0387152 0.119499
2 0.835346 0.464428 0.088295 0.13714
2 0.56978 0.434316 0.066741 0.134326
3 0.186465 0.82398 0.0634156 0.141625
0 0.19316 0.782373 0.0426626 0.105409
3 0.147056 0.355642 0.0449788 0.0468796
2 0.663528 0.326804 0.0456677 0.0771883
0 0.488075 0.654735 0.0391174 0.0949994
3 0.921154 0.573791 0.0383095 0.104567
3 0.566058 0.296976 0.0198559 0.0565709
2 0.853198 0.630902 0.123884 0.261427
3 0.643321 0.547078 0.0272434 0.0865827
3 0.916611 0.31302 0.04025 0.0487979
3 0.209576 0.323248 0.0178608 0.0604752
3 0.446664 0.930112 0.0496376 0.134134
0 0.284608 0.268088 0.0140133 0.0507751
7 0.963836 0.218513 0.0715992 0.116647
3 0.82173 0.239179 0.0277405 0.0361679
0 0.920193 0.537687 0.0361111 0.0987912
3 0.615907 0.285401 0.0208099 0.0450925
0 0.965107 0.783305 0.0431402 0.166928
0 0.961696 0.652635 0.0315643 0.0792175
0 0.145771 0.340122 0.0139832 0.0620349
0 0.261249 0.262297 0.0141388 0.0469424
0 0.532588 0.308036 0.0160919 0.0596233
3 0.966197 0.811691 0.0437309 0.112224
0 0.643264 0.526908 0.0272308 0.116091
3 0.532183 0.319131 0.0163422 0.0456171
2 0.491915 0.176467 0.0356527 0.0406061
3 0.517296 0.313676 0.018914 0.0327341
0 0.312147 0.196422 0.00854106 0.0350328
0 0.446723 0.882666 0.0491711 0.14276
0 0.480734 0.3072 0.0180494 0.03676
0 0.593504 0.219254 0.0119373 0.0433714
7 0.963422 0.240491 0.0723288 0.166077
0 0.455993 0.812093 0.0289495 0.0552951
0 0.616874 0.462421 0.0231298 0.063606
3 0.616146 0.505508 0.0209902 0.0847756
0 0.517396 0.29791 0.0179585 0.0567866
0 0.965094 0.756988 0.0395109 0.112538
3 0.64284 0.529626 0.0283419 0.117395
2 0.748342 0.879692 0.157615 0.228437
2 0.699012 0.649763 0.0995884 0.216614
7 0.465019 0.406202 0.0931681 0.169188
5 0.738314 0.299647 0.107539 0.186961
2 0.91459 0.861913 0.162706 0.267274
2 0.729914 0.511362 0.0744978 0.136759
2 0.57777 0.606663 0.0931436 0.18758
2 0.677307 0.394158 0.0569674 0.100151
2 0.263319 0.336099 0.0498892 0.0728786
2 0.25174 0.924455 0.179651 0.142872
2 0.549204 0.912497 0.140678 0.171902
7 0.284157 0.586866 0.0799473 0.158788
2 0.327236 0.349278 0.0547977 0.0934103
3 0.487202 0.702929 0.0387152 0.119499
2 0.835346 0.464428 0.088295 0.13714
2 0.56978 0.434316 0.066741 0.134326
3 0.186465 0.82398 0.0634156 0.141625
0 0.19316 0.782373 0.0426626 0.105409
3 0.147056 0.355642 0.0449788 0.0468796
2 0.663528 0.326804 0.0456677 0.0771883
0 0.488075 0.654735 0.0391174 0.0949994
3 0.921154 0.573791 0.0383095 0.104567
3 0.566058 0.296976 0.0198559 0.0565709
2 0.853198 0.630902 0.123884 0.261427
3 0.643321 0.547078 0.0272434 0.0865827
3 0.916611 0.31302 0.04025 0.0487979
3 0.209576 0.323248 0.0178608 0.0604752
3 0.446664 0.930112 0.0496376 0.134134
0 0.284608 0.268088 0.0140133 0.0507751
7 0.963836 0.218513 0.0715992 0.116647
3 0.82173 0.239179 0.0277405 0.0361679
0 0.920193 0.537687 0.0361111 0.0987912
3 0.615907 0.285401 0.0208099 0.0450925
0 0.965107 0.783305 0.0431402 0.166928
0 0.961696 0.652635 0.0315643 0.0792175
0 0.145771 0.340122 0.0139832 0.0620349
0 0.261249 0.262297 0.0141388 0.0469424
0 0.532588 0.308036 0.0160919 0.0596233
3 0.966197 0.811691 0.0437309 0.112224
0 0.643264 0.526908 0.0272308 0.116091
3 0.532183 0.319131 0.0163422 0.0456171
2 0.491915 0.176467 0.0356527 0.0406061
3 0.517296 0.313676 0.018914 0.0327341
0 0.312147 0.196422 0.00854106 0.0350328
0 0.446723 0.882666 0.0491711 0.14276
0 0.480734 0.3072 0.0180494 0.03676
0 0.593504 0.219254 0.0119373 0.0433714
7 0.963422 0.240491 0.0723288 0.166077
0 0.455993 0.812093 0.0289495 0.0552951
0 0.616874 0.462421 0.0231298 0.063606
3 0.616146 0.505508 0.0209902 0.0847756
0 0.517396 0.29791 0.0179585 0.0567866
0 0.965094 0.756988 0.0395109 0.112538
3 0.64284 0.529626 0.0283419 0.117395
2 0.748342 0.879692 0.157615 0.228437
2 0.699012 0.649763 0.0995884 0.216614
7 0.465019 0.406202 0.0931681 0.169188
5 0.738314 0.299647 0.107539 0.186961
2 0.91459 0.861913 0.162706 0.267274
2 0.729914 0.511362 0.0744978 0.136759
2 0.57777 0.606663 0.0931436 0.18758
2 0.677307 0.394158 0.0569674 0.100151
2 0.263319 0.336099 0.0498892 0.0728786
2 0.25174 0.924455 0.179651 0.142872
2 0.549204 0.912497 0.140678 0.171902
7 0.284157 0.586866 0.0799473 0.158788
2 0.327236 0.349278 0.0547977 0.0934103
3 0.487202 0.702929 0.0387152 0.119499
2 0.835346 0.464428 0.088295 0.13714
2 0.56978 0.434316 0.066741 0.134326
3 0.186465 0.82398 0.0634156 0.141625
0 0.19316 0.782373 0.0426626 0.105409
3 0.147056 0.355642 0.0449788 0.0468796
2 0.663528 0.326804 0.0456677 0.0771883
0 0.488075 0.654735 0.0391174 0.0949994
3 0.921154 0.573791 0.0383095 0.104567
3 0.566058 0.296976 0.0198559 0.0565709
2 0.853198 0.630902 0.123884 0.261427
3 0.643321 0.547078 0.0272434 0.0865827
3 0.916611 0.31302 0.04025 0.0487979
3 0.209576 0.323248 0.0178608 0.0604752
3 0.446664 0.930112 0.0496376 0.134134
0 0.284608 0.268088 0.0140133 0.0507751
7 0.963836 0.218513 0.0715992 0.116647
3 0.82173 0.239179 0.0277405 0.0361679
0 0.920193 0.537687 0.0361111 0.0987912
3 0.615907 0.285401 0.0208099 0.0450925
0 0.965107 0.783305 0.0431402 0.166928
0 0.961696 0.652635 0.0315643 0.0792175
0 0.145771 0.340122 0.0139832 0.0620349
0 0.261249 0.262297 0.0141388 0.0469424
0 0.532588 0.308036 0.0160919 0.0596233
3 0.966197 0.811691 0.0437309 0.112224
0 0.643264 0.526908 0.0272308 0.116091
3 0.532183 0.319131 0.0163422 0.0456171
2 0.491915 0.176467 0.0356527 0.0406061
3 0.517296 0.313676 0.018914 0.0327341
0 0.312147 0.196422 0.00854106 0.0350328
0 0.446723 0.882666 0.0491711 0.14276
0 0.480734 0.3072 0.0180494 0.03676
0 0.593504 0.219254 0.0119373 0.0433714
7 0.963422 0.240491 0.0723288 0.166077
0 0.455993 0.812093 0.0289495 0.0552951
0 0.616874 0.462421 0.0231298 0.063606
3 0.616146 0.505508 0.0209902 0.0847756
0 0.517396 0.29791 0.0179585 0.0567866
0 0.965094 0.756988 0.0395109 0.112538
3 0.64284 0.529626 0.0283419 0.117395
2 0.748342 0.879692 0.157615 0.228437
2 0.699012 0.649763 0.0995884 0.216614
7 0.465019 0.406202 0.0931681 0.169188
5 0.738314 0.299647 0.107539 0.186961
2 0.91459 0.861913 0.162706 0.267274
2 0.729914 0.511362 0.0744978 0.136759
2 0.57777 0.606663 0.0931436 0.18758
2 0.677307 0.394158 0.0569674 0.100151
2 0.263319 0.336099 0.0498892 0.0728786
2 0.25174 0.924455 0.179651 0.142872
2 0.549204 0.912497 0.140678 0.171902
7 0.284157 0.586866 0.0799473 0.158788
2 0.327236 0.349278 0.0547977 0.0934103
3 0.487202 0.702929 0.0387152 0.119499
2 0.835346 0.464428 0.088295 0.13714
2 0.56978 0.434316 0.066741 0.134326
3 0.186465 0.82398 0.0634156 0.141625
0 0.19316 0.782373 0.0426626 0.105409
3 0.147056 0.355642 0.0449788 0.0468796
2 0.663528 0.326804 0.0456677 0.0771883
0 0.488075 0.654735 0.0391174 0.0949994
3 0.921154 0.573791 0.0383095 0.104567
3 0.566058 0.296976 0.0198559 0.0565709
2 0.853198 0.630902 0.123884 0.261427
3 0.643321 0.547078 0.0272434 0.0865827
3 0.916611 0.31302 0.04025 0.0487979
3 0.209576 0.323248 0.0178608 0.0604752
3 0.446664 0.930112 0.0496376 0.134134
0 0.284608 0.268088 0.0140133 0.0507751
7 0.963836 0.218513 0.0715992 0.116647
3 0.82173 0.239179 0.0277405 0.0361679
0 0.920193 0.537687 0.0361111 0.0987912
3 0.615907 0.285401 0.0208099 0.0450925
0 0.965107 0.783305 0.0431402 0.166928
0 0.961696 0.652635 0.0315643 0.0792175
0 0.145771 0.340122 0.0139832 0.0620349
0 0.261249 0.262297 0.0141388 0.0469424
0 0.532588 0.308036 0.0160919 0.0596233
3 0.966197 0.811691 0.0437309 0.112224
0 0.643264 0.526908 0.0272308 0.116091
3 0.532183 0.319131 0.0163422 0.0456171
2 0.491915 0.176467 0.0356527 0.0406061
3 0.517296 0.313676 0.018914 0.0327341
0 0.312147 0.196422 0.00854106 0.0350328
0 0.446723 0.882666 0.0491711 0.14276
0 0.480734 0.3072 0.0180494 0.03676
0 0.593504 0.219254 0.0119373 0.0433714
7 0.963422 0.240491 0.0723288 0.166077
0 0.455993 0.812093 0.0289495 0.0552951
0 0.616874 0.462421 0.0231298 0.063606
3 0.616146 0.505508 0.0209902 0.0847756
0 0.517396 0.29791 0.0179585 0.0567866
0 0.965094 0.756988 0.0395109 0.112538
3 0.64284 0.529626 0.0283419 0.117395
2 0.748342 0.879692 0.157615 0.228437
2 0.699012 0.649763 0.0995884 0.216614
7 0.465019 0.406202 0.0931681 0.169188
5 0.738314 0.299647 0.107539 0.186961
2 0.91459 0.861913 0.162706 0.267274
2 0.729914 0.511362 0.0744978 0.136759
2 0.57777 0.606663 0.0931436 0.18758
2 0.677307 0.394158 0.0569674 0.100151
2 0.263319 0.336099 0.0498892 0.0728786
2 0.25174 0.924455 0.179651 0.142872
2 0.549204 0.912497 0.140678 0.171902
7 0.284157 0.586866 0.0799473 0.158788
2 0.327236 0.349278 0.0547977 0.0934103
3 0.487202 0.702929 0.0387152 0.119499
2 0.835346 0.464428 0.088295 0.13714
2 0.56978 0.434316 0.066741 0.134326
3 0.186465 0.82398 0.0634156 0.141625
0 0.19316 0.782373 0.0426626 0.105409
3 0.147056 0.355642 0.0449788 0.0468796
2 0.663528 0.326804 0.0456677 0.0771883
0 0.488075 0.654735 0.0391174 0.0949994
3 0.921154 0.573791 0.0383095 0.104567
3 0.566058 0.296976 0.0198559 0.0565709
2 0.853198 0.630902 0.123884 0.261427
3 0.643321 0.547078 0.0272434 0.0865827
3 0.916611 0.31302 0.04025 0.0487979
3 0.209576 0.323248 0.0178608 0.0604752
3 0.446664 0.930112 0.0496376 0.134134
0 0.284608 0.268088 0.0140133 0.0507751
7 0.963836 0.218513 0.0715992 0.116647
3 0.82173 0.239179 0.0277405 0.0361679
0 0.920193 0.537687 0.0361111 0.0987912
3 0.615907 0.285401 0.0208099 0.0450925
0 0.965107 0.783305 0.0431402 0.166928
0 0.961696 0.652635 0.0315643 0.0792175
0 0.145771 0.340122 0.0139832 0.0620349
0 0.261249 0.262297 0.0141388 0.0469424
0 0.532588 0.308036 0.0160919 0.0596233
3 0.966197 0.811691 0.0437309 0.112224
0 0.643264 0.526908 0.0272308 0.116091
3 0.532183 0.319131 0.0163422 0.0456171
2 0.491915 0.176467 0.0356527 0.0406061
3 0.517296 0.313676 0.018914 0.0327341
0 0.312147 0.196422 0.00854106 0.0350328
0 0.446723 0.882666 0.0491711 0.14276
0 0.480734 0.3072 0.0180494 0.03676
0 0.593504 0.219254 0.0119373 0.0433714
7 0.963422 0.240491 0.0723288 0.166077
0 0.455993 0.812093 0.0289495 0.0552951
0 0.616874 0.462421 0.0231298 0.063606
3 0.616146 0.505508 0.0209902 0.0847756
0 0.517396 0.29791 0.0179585 0.0567866
0 0.965094 0.756988 0.0395109 0.112538
3 0.64284 0.529626 0.0283419 0.117395
2 0.748342 0.879692 0.157615 0.228437
2 0.699012 0.649763 0.0995884 0.216614
7 0.465019 0.406202 0.0931681 0.169188
5 0.738314 0.299647 0.107539 0.186961
2 0.91459 0.861913 0.162706 0.267274
2 0.729914 0.511362 0.0744978 0.136759
2 0.57777 0.606663 0.0931436 0.18758
2 0.677307 0.394158 0.0569674 0.100151
2 0.263319 0.336099 0.0498892 0.0728786
2 0.25174 0.924455 0.179651 0.142872
2 0.549204 0.912497 0.140678 0.171902
7 0.284157 0.586866 0.0799473 0.158788
2 0.327236 0.349278 0.0547977 0.0934103
3 0.487202 0.702929 0.0387152 0.119499
2 0.835346 0.464428 0.088295 0.13714
2 0.56978 0.434316 0.066741 0.134326
3 0.186465 0.82398 0.0634156 0.141625
0 0.19316 0.782373 0.0426626 0.105409
3 0.147056 0.355642 0.0449788 0.0468796
2 0.663528 0.326804 0.0456677 0.0771883
0 0.488075 0.654735 0.0391174 0.0949994
3 0.921154 0.573791 0.0383095 0.104567
3 0.566058 0.296976 0.0198559 0.0565709
2 0.853198 0.630902 0.123884 0.261427
3 0.643321 0.547078 0.0272434 0.0865827
3 0.916611 0.31302 0.04025 0.0487979
3 0.209576 0.323248 0.0178608 0.0604752
3 0.446664 0.930112 0.0496376 0.134134
0 0.284608 0.268088 0.0140133 0.0507751
7 0.963836 0.218513 0.0715992 0.116647
3 0.82173 0.239179 0.0277405 0.0361679
0 0.920193 0.537687 0.0361111 0.0987912
3 0.615907 0.285401 0.0208099 0.0450925
0 0.965107 0.783305 0.0431402 0.166928
0 0.961696 0.652635 0.0315643 0.0792175
0 0.145771 0.340122 0.0139832 0.0620349
0 0.261249 0.262297 0.0141388 0.0469424
0 0.532588 0.308036 0.0160919 0.0596233
3 0.966197 0.811691 0.0437309 0.112224
0 0.643264 0.526908 0.0272308 0.116091
3 0.532183 0.319131 0.0163422 0.0456171
2 0.491915 0.176467 0.0356527 0.0406061
3 0.517296 0.313676 0.018914 0.0327341
0 0.312147 0.196422 0.00854106 0.0350328
0 0.446723 0.882666 0.0491711 0.14276
0 0.480734 0.3072 0.0180494 0.03676
0 0.593504 0.219254 0.0119373 0.0433714
7 0.963422 0.240491 0.0723288 0.166077
0 0.455993 0.812093 0.0289495 0.0552951
0 0.616874 0.462421 0.0231298 0.063606
3 0.616146 0.505508 0.0209902 0.0847756
0 0.517396 0.29791 0.0179585 0.0567866
0 0.965094 0.756988 0.0395109 0.112538
3 0.64284 0.529626 0.0283419 0.117395
7 0.464644 0.406583 0.0919287 0.168879
2 0.748647 0.881201 0.157057 0.230958
2 0.578001 0.607633 0.0934459 0.186233
2 0.91218 0.862465 0.161832 0.268471
2 0.698646 0.650348 0.0973393 0.215096
5 0.736924 0.298672 0.107832 0.188949
2 0.25473 0.924782 0.174179 0.14466
2 0.729884 0.512498 0.0750134 0.1381
2 0.834706 0.466052 0.0879581 0.139287
2 0.852684 0.632431 0.122787 0.264048
2 0.262928 0.334484 0.0502481 0.070163
3 0.486186 0.704556 0.0392122 0.114284
2 0.551487 0.911553 0.122762 0.171287
3 0.185853 0.818602 0.0641157 0.15069
7 0.284017 0.586166 0.0807498 0.158758
3 0.445677 0.938416 0.0463328 0.11841
3 0.920806 0.573467 0.0380848 0.101862
2 0.676979 0.395004 0.0559732 0.100393
2 0.568706 0.433809 0.0674135 0.129453
3 0.641612 0.545278 0.0258682 0.0836305
3 0.146725 0.352901 0.0447031 0.0535516
2 0.327342 0.347828 0.0541741 0.0909498
3 0.966787 0.806858 0.044997 0.125811
0 0.964388 0.741066 0.0390308 0.0838462
0 0.961261 0.650573 0.0319057 0.073987
0 0.920807 0.540615 0.0374918 0.100457
0 0.487631 0.644792 0.0373197 0.0753033
7 0.464644 0.406583 0.0919287 0.168879
2 0.748647 0.881201 0.157057 0.230958
2 0.578001 0.607633 0.0934459 0.186233
2 0.91218 0.862465 0.161832 0.268471
2 0.698646 0.650348 0.0973393 0.215096
5 0.736924 0.298672 0.107832 0.188949
2 0.25473 0.924782 0.174179 0.14466
2 0.729884 0.512498 0.0750134 0.1381
2 0.834706 0.466052 0.0879581 0.139287
2 0.852684 0.632431 0.122787 0.264048
2 0.262928 0.334484 0.0502481 0.070163
3 0.486186 0.704556 0.0392122 0.114284
2 0.551487 0.911553 0.122762 0.171287
3 0.185853 0.818602 0.0641157 0.15069
7 0.284017 0.586166 0.0807498 0.158758
3 0.445677 0.938416 0.0463328 0.11841
3 0.920806 0.573467 0.0380848 0.101862
2 0.676979 0.395004 0.0559732 0.100393
2 0.568706 0.433809 0.0674135 0.129453
3 0.641612 0.545278 0.0258682 0.0836305
3 0.146725 0.352901 0.0447031 0.0535516
2 0.327342 0.347828 0.0541741 0.0909498
3 0.966787 0.806858 0.044997 0.125811
0 0.964388 0.741066 0.0390308 0.0838462
0 0.961261 0.650573 0.0319057 0.073987
0 0.920807 0.540615 0.0374918 0.100457
0 0.487631 0.644792 0.0373197 0.0753033
