2 0.839709 0.780792 0.157128 0.380713
2 0.871579 0.443019 0.105509 0.208348
2 0.918511 0.294923 0.0917343 0.15614
2 0.131735 0.253064 0.138645 0.101676
0 0.431018 0.725111 0.0534281 0.173727
3 0.277243 0.732847 0.0794881 0.167705
2 0.957185 0.176194 0.0786076 0.136882
3 0.424973 0.764459 0.0761369 0.150217
0 0.525106 0.888253 0.0626406 0.195492
0 0.463794 0.594467 0.0462963 0.116314
3 0.415941 0.46336 0.0365968 0.0885364
0 0.536692 0.640152 0.0468956 0.118171
0 0.412829 0.429644 0.0368197 0.106102
0 0.798773 0.177131 0.0264748 0.0906541
3 0.634002 0.471453 0.047536 0.097132
3 0.48206 0.466141 0.0432215 0.101328
3 0.530389 0.696451 0.0613392 0.138051
3 0.314326 0.418503 0.0478931 0.0982373
2 0.0297131 0.134385 0.0591468 0.0758731
3 0.660767 0.288463 0.035276 0.0724603
3 0.815132 0.353043 0.0297897 0.0854085
0 0.270462 0.688995 0.0494156 0.125439
3 0.371073 0.436669 0.0425475 0.0957658
0 0.755472 0.182718 0.0242622 0.0840229
3 0.870814 0.172013 0.023761 0.0675524
0 0.285697 0.513115 0.0451612 0.130299
0 0.310485 0.567529 0.0501577 0.131961
3 0.832152 0.143614 0.020009 0.0480791
0 0.573314 0.339809 0.0265474 0.0823941
3 0.494083 0.101633 0.0388483 0.0463022
3 0.904777 0.105068 0.0266079 0.0809388
3 0.775794 0.604416 0.0381268 0.117351
3 0.492463 0.242821 0.0244123 0.0621606
3 0.572999 0.369209 0.0290254 0.0935048
3 0.75534 0.204314 0.0237556 0.0709283
3 0.602949 0.155812 0.0198771 0.0552391
2 0.938569 0.0281955 0.0509644 0.0528529
3 0.42382 0.78554 0.0722852 0.109641
0 0.479033 0.435896 0.03349 0.0940406
3 0.800178 0.205516 0.0320887 0.0642009
0 0.31336 0.391119 0.031534 0.0968943
0 0.779457 0.541213 0.0467057 0.13377
0 0.215733 0.951868 0.0561422 0.0962643
3 0.434576 0.318874 0.0371564 0.0841326
0 0.638277 0.430027 0.0371836 0.100795
3 0.779792 0.584465 0.0455614 0.15685
3 0.647402 0.148438 0.0184245 0.0557584
3 0.583665 0.274718 0.0278557 0.0926955
0 0.834812 0.118157 0.0233006 0.0717875
0 0.663561 0.253765 0.0335433 0.0953763
3 0.369506 0.449248 0.0403259 0.071419
3 0.460371 0.648613 0.0448689 0.0902891
0 0.647182 0.119234 0.0208414 0.0589712
0 0.36832 0.394806 0.0290276 0.0727802
0 0.604182 0.126066 0.0251602 0.0650114
0 0.871593 0.142972 0.0249619 0.071784
3 0.537448 0.212211 0.0275246 0.0756627
3 0.253518 0.955825 0.0504141 0.0883501
0 0.432035 0.293282 0.0317273 0.0855251
3 0.46298 0.628388 0.048778 0.123618
3 0.434058 0.24763 0.0332083 0.0683733
0 0.492795 0.0798794 0.011869 0.051009
0 0.540004 0.814835 0.0435779 0.0868829
3 0.530886 0.935498 0.0597349 0.121132
0 0.49135 0.220467 0.0288058 0.0939432
2 0.993124 0.108986 0.012999 0.0967008
3 0.88227 0.0267511 0.0184071 0.0535022
0 0.815602 0.301691 0.0307758 0.0773945
0 0.634338 0.43857 0.0461325 0.117919
0 0.586502 0.192745 0.0230309 0.0788163
3 0.538808 0.193636 0.0261034 0.0873965
0 0.822998 0.308481 0.045546 0.0900223
3 0.534559 0.22352 0.0317629 0.0523956
2 0.0604847 0.103088 0.0579427 0.0521248
3 0.491473 0.23409 0.0286257 0.0797828
3 0.662594 0.270428 0.0349211 0.0815719
3 0.312388 0.574133 0.0573342 0.128147
7 0.0551019 0.087739 0.067736 0.0809533
3 0.455696 0.655618 0.0362387 0.0769416
3 0.531682 0.715768 0.052668 0.100411
3 0.586185 0.217472 0.0244918 0.063852
0 0.541641 0.835556 0.0471666 0.124466
2 0.839709 0.780792 0.157128 0.380713
2 0.871579 0.443019 0.105509 0.208348
2 0.918511 0.294923 0.0917343 0.15614
2 0.131735 0.253064 0.138645 0.101676
0 0.431018 0.725111 0.0534281 0.173727
3 0.277243 0.732847 0.0794881 0.167705
2 0.957185 0.176194 0.0786076 0.136882
3 0.424973 0.764459 0.0761369 0.150217
0 0.525106 0.888253 0.0626406 0.195492
0 0.463794 0.594467 0.0462963 0.116314
3 0.415941 0.46336 0.0365968 0.0885364
0 0.536692 0.640152 0.0468956 0.118171
0 0.412829 0.429644 0.0368197 0.106102
0 0.798773 0.177131 0.0264748 0.0906541
3 0.634002 0.471453 0.047536 0.097132
3 0.48206 0.466141 0.0432215 0.101328
3 0.530389 0.696451 0.0613392 0.138051
3 0.314326 0.418503 0.0478931 0.0982373
2 0.0297131 0.134385 0.0591468 0.0758731
3 0.660767 0.288463 0.035276 0.0724603
3 0.815132 0.353043 0.0297897 0.0854085
0 0.270462 0.688995 0.0494156 0.125439
3 0.371073 0.436669 0.0425475 0.0957658
0 0.755472 0.182718 0.0242622 0.0840229
3 0.870814 0.172013 0.023761 0.0675524
0 0.285697 0.513115 0.0451612 0.130299
0 0.310485 0.567529 0.0501577 0.131961
3 0.832152 0.143614 0.020009 0.0480791
0 0.573314 0.339809 0.0265474 0.0823941
3 0.494083 0.101633 0.0388483 0.0463022
3 0.904777 0.105068 0.0266079 0.0809388
3 0.775794 0.604416 0.0381268 0.117351
3 0.492463 0.242821 0.0244123 0.0621606
3 0.572999 0.369209 0.0290254 0.0935048
3 0.75534 0.204314 0.0237556 0.0709283
3 0.602949 0.155812 0.0198771 0.0552391
2 0.938569 0.0281955 0.0509644 0.0528529
3 0.42382 0.78554 0.0722852 0.109641
0 0.479033 0.435896 0.03349 0.0940406
3 0.800178 0.205516 0.0320887 0.0642009
0 0.31336 0.391119 0.031534 0.0968943
0 0.779457 0.541213 0.0467057 0.13377
0 0.215733 0.951868 0.0561422 0.0962643
3 0.434576 0.318874 0.0371564 0.0841326
0 0.638277 0.430027 0.0371836 0.100795
3 0.779792 0.584465 0.0455614 0.15685
3 0.647402 0.148438 0.0184245 0.0557584
3 0.583665 0.274718 0.0278557 0.0926955
0 0.834812 0.118157 0.0233006 0.0717875
0 0.663561 0.253765 0.0335433 0.0953763
3 0.369506 0.449248 0.0403259 0.071419
3 0.460371 0.648613 0.0448689 0.0902891
0 0.647182 0.119234 0.0208414 0.0589712
0 0.36832 0.394806 0.0290276 0.0727802
0 0.604182 0.126066 0.0251602 0.0650114
0 0.871593 0.142972 0.0249619 0.071784
3 0.537448 0.212211 0.0275246 0.0756627
3 0.253518 0.955825 0.0504141 0.0883501
0 0.432035 0.293282 0.0317273 0.0855251
3 0.46298 0.628388 0.048778 0.123618
3 0.434058 0.24763 0.0332083 0.0683733
0 0.492795 0.0798794 0.011869 0.051009
0 0.540004 0.814835 0.0435779 0.0868829
3 0.530886 0.935498 0.0597349 0.121132
0 0.49135 0.220467 0.0288058 0.0939432
2 0.993124 0.108986 0.012999 0.0967008
3 0.88227 0.0267511 0.0184071 0.0535022
0 0.815602 0.301691 0.0307758 0.0773945
0 0.634338 0.43857 0.0461325 0.117919
0 0.586502 0.192745 0.0230309 0.0788163
3 0.538808 0.193636 0.0261034 0.0873965
0 0.822998 0.308481 0.045546 0.0900223
3 0.534559 0.22352 0.0317629 0.0523956
2 0.0604847 0.103088 0.0579427 0.0521248
3 0.491473 0.23409 0.0286257 0.0797828
3 0.662594 0.270428 0.0349211 0.0815719
3 0.312388 0.574133 0.0573342 0.128147
7 0.0551019 0.087739 0.067736 0.0809533
3 0.455696 0.655618 0.0362387 0.0769416
3 0.531682 0.715768 0.052668 0.100411
3 0.586185 0.217472 0.0244918 0.063852
0 0.541641 0.835556 0.0471666 0.124466
2 0.839709 0.780792 0.157128 0.380713
2 0.871579 0.443019 0.105509 0.208348
2 0.918511 0.294923 0.0917343 0.15614
2 0.131735 0.253064 0.138645 0.101676
0 0.431018 0.725111 0.0534281 0.173727
3 0.277243 0.732847 0.0794881 0.167705
2 0.957185 0.176194 0.0786076 0.136882
3 0.424973 0.764459 0.0761369 0.150217
0 0.525106 0.888253 0.0626406 0.195492
0 0.463794 0.594467 0.0462963 0.116314
3 0.415941 0.46336 0.0365968 0.0885364
0 0.536692 0.640152 0.0468956 0.118171
0 0.412829 0.429644 0.0368197 0.106102
0 0.798773 0.177131 0.0264748 0.0906541
3 0.634002 0.471453 0.047536 0.097132
3 0.48206 0.466141 0.0432215 0.101328
3 0.530389 0.696451 0.0613392 0.138051
3 0.314326 0.418503 0.0478931 0.0982373
2 0.0297131 0.134385 0.0591468 0.0758731
3 0.660767 0.288463 0.035276 0.0724603
3 0.815132 0.353043 0.0297897 0.0854085
0 0.270462 0.688995 0.0494156 0.125439
3 0.371073 0.436669 0.0425475 0.0957658
0 0.755472 0.182718 0.0242622 0.0840229
3 0.870814 0.172013 0.023761 0.0675524
0 0.285697 0.513115 0.0451612 0.130299
0 0.310485 0.567529 0.0501577 0.131961
3 0.832152 0.143614 0.020009 0.0480791
0 0.573314 0.339809 0.0265474 0.0823941
3 0.494083 0.101633 0.0388483 0.0463022
3 0.904777 0.105068 0.0266079 0.0809388
3 0.775794 0.604416 0.0381268 0.117351
3 0.492463 0.242821 0.0244123 0.0621606
3 0.572999 0.369209 0.0290254 0.0935048
3 0.75534 0.204314 0.0237556 0.0709283
3 0.602949 0.155812 0.0198771 0.0552391
2 0.938569 0.0281955 0.0509644 0.0528529
3 0.42382 0.78554 0.0722852 0.109641
0 0.479033 0.435896 0.03349 0.0940406
3 0.800178 0.205516 0.0320887 0.0642009
0 0.31336 0.391119 0.031534 0.0968943
0 0.779457 0.541213 0.0467057 0.13377
0 0.215733 0.951868 0.0561422 0.0962643
3 0.434576 0.318874 0.0371564 0.0841326
0 0.638277 0.430027 0.0371836 0.100795
3 0.779792 0.584465 0.0455614 0.15685
3 0.647402 0.148438 0.0184245 0.0557584
3 0.583665 0.274718 0.0278557 0.0926955
0 0.834812 0.118157 0.0233006 0.0717875
0 0.663561 0.253765 0.0335433 0.0953763
3 0.369506 0.449248 0.0403259 0.071419
3 0.460371 0.648613 0.0448689 0.0902891
0 0.647182 0.119234 0.0208414 0.0589712
0 0.36832 0.394806 0.0290276 0.0727802
0 0.604182 0.126066 0.0251602 0.0650114
0 0.871593 0.142972 0.0249619 0.071784
3 0.537448 0.212211 0.0275246 0.0756627
3 0.253518 0.955825 0.0504141 0.0883501
0 0.432035 0.293282 0.0317273 0.0855251
3 0.46298 0.628388 0.048778 0.123618
3 0.434058 0.24763 0.0332083 0.0683733
0 0.492795 0.0798794 0.011869 0.051009
0 0.540004 0.814835 0.0435779 0.0868829
3 0.530886 0.935498 0.0597349 0.121132
0 0.49135 0.220467 0.0288058 0.0939432
2 0.993124 0.108986 0.012999 0.0967008
3 0.88227 0.0267511 0.0184071 0.0535022
0 0.815602 0.301691 0.0307758 0.0773945
0 0.634338 0.43857 0.0461325 0.117919
0 0.586502 0.192745 0.0230309 0.0788163
3 0.538808 0.193636 0.0261034 0.0873965
0 0.822998 0.308481 0.045546 0.0900223
3 0.534559 0.22352 0.0317629 0.0523956
2 0.0604847 0.103088 0.0579427 0.0521248
3 0.491473 0.23409 0.0286257 0.0797828
3 0.662594 0.270428 0.0349211 0.0815719
3 0.312388 0.574133 0.0573342 0.128147
7 0.0551019 0.087739 0.067736 0.0809533
3 0.455696 0.655618 0.0362387 0.0769416
3 0.531682 0.715768 0.052668 0.100411
3 0.586185 0.217472 0.0244918 0.063852
0 0.541641 0.835556 0.0471666 0.124466
2 0.839709 0.780792 0.157128 0.380713
2 0.871579 0.443019 0.105509 0.208348
2 0.918511 0.294923 0.0917343 0.15614
2 0.131735 0.253064 0.138645 0.101676
0 0.431018 0.725111 0.0534281 0.173727
3 0.277243 0.732847 0.0794881 0.167705
2 0.957185 0.176194 0.0786076 0.136882
3 0.424973 0.764459 0.0761369 0.150217
0 0.525106 0.888253 0.0626406 0.195492
0 0.463794 0.594467 0.0462963 0.116314
3 0.415941 0.46336 0.0365968 0.0885364
0 0.536692 0.640152 0.0468956 0.118171
0 0.412829 0.429644 0.0368197 0.106102
0 0.798773 0.177131 0.0264748 0.0906541
3 0.634002 0.471453 0.047536 0.097132
3 0.48206 0.466141 0.0432215 0.101328
3 0.530389 0.696451 0.0613392 0.138051
3 0.314326 0.418503 0.0478931 0.0982373
2 0.0297131 0.134385 0.0591468 0.0758731
3 0.660767 0.288463 0.035276 0.0724603
3 0.815132 0.353043 0.0297897 0.0854085
0 0.270462 0.688995 0.0494156 0.125439
3 0.371073 0.436669 0.0425475 0.0957658
0 0.755472 0.182718 0.0242622 0.0840229
3 0.870814 0.172013 0.023761 0.0675524
0 0.285697 0.513115 0.0451612 0.130299
0 0.310485 0.567529 0.0501577 0.131961
3 0.832152 0.143614 0.020009 0.0480791
0 0.573314 0.339809 0.0265474 0.0823941
3 0.494083 0.101633 0.0388483 0.0463022
3 0.904777 0.105068 0.0266079 0.0809388
3 0.775794 0.604416 0.0381268 0.117351
3 0.492463 0.242821 0.0244123 0.0621606
3 0.572999 0.369209 0.0290254 0.0935048
3 0.75534 0.204314 0.0237556 0.0709283
3 0.602949 0.155812 0.0198771 0.0552391
2 0.938569 0.0281955 0.0509644 0.0528529
3 0.42382 0.78554 0.0722852 0.109641
0 0.479033 0.435896 0.03349 0.0940406
3 0.800178 0.205516 0.0320887 0.0642009
0 0.31336 0.391119 0.031534 0.0968943
0 0.779457 0.541213 0.0467057 0.13377
0 0.215733 0.951868 0.0561422 0.0962643
3 0.434576 0.318874 0.0371564 0.0841326
0 0.638277 0.430027 0.0371836 0.100795
3 0.779792 0.584465 0.0455614 0.15685
3 0.647402 0.148438 0.0184245 0.0557584
3 0.583665 0.274718 0.0278557 0.0926955
0 0.834812 0.118157 0.0233006 0.0717875
0 0.663561 0.253765 0.0335433 0.0953763
3 0.369506 0.449248 0.0403259 0.071419
3 0.460371 0.648613 0.0448689 0.0902891
0 0.647182 0.119234 0.0208414 0.0589712
0 0.36832 0.394806 0.0290276 0.0727802
0 0.604182 0.126066 0.0251602 0.0650114
0 0.871593 0.142972 0.0249619 0.071784
3 0.537448 0.212211 0.0275246 0.0756627
3 0.253518 0.955825 0.0504141 0.0883501
0 0.432035 0.293282 0.0317273 0.0855251
3 0.46298 0.628388 0.048778 0.123618
3 0.434058 0.24763 0.0332083 0.0683733
0 0.492795 0.0798794 0.011869 0.051009
0 0.540004 0.814835 0.0435779 0.0868829
3 0.530886 0.935498 0.0597349 0.121132
0 0.49135 0.220467 0.0288058 0.0939432
2 0.993124 0.108986 0.012999 0.0967008
3 0.88227 0.0267511 0.0184071 0.0535022
0 0.815602 0.301691 0.0307758 0.0773945
0 0.634338 0.43857 0.0461325 0.117919
0 0.586502 0.192745 0.0230309 0.0788163
3 0.538808 0.193636 0.0261034 0.0873965
0 0.822998 0.308481 0.045546 0.0900223
3 0.534559 0.22352 0.0317629 0.0523956
2 0.0604847 0.103088 0.0579427 0.0521248
3 0.491473 0.23409 0.0286257 0.0797828
3 0.662594 0.270428 0.0349211 0.0815719
3 0.312388 0.574133 0.0573342 0.128147
7 0.0551019 0.087739 0.067736 0.0809533
3 0.455696 0.655618 0.0362387 0.0769416
3 0.531682 0.715768 0.052668 0.100411
3 0.586185 0.217472 0.0244918 0.063852
0 0.541641 0.835556 0.0471666 0.124466
2 0.839709 0.780792 0.157128 0.380713
2 0.871579 0.443019 0.105509 0.208348
2 0.918511 0.294923 0.0917343 0.15614
2 0.131735 0.253064 0.138645 0.101676
0 0.431018 0.725111 0.0534281 0.173727
3 0.277243 0.732847 0.0794881 0.167705
2 0.957185 0.176194 0.0786076 0.136882
3 0.424973 0.764459 0.0761369 0.150217
0 0.525106 0.888253 0.0626406 0.195492
0 0.463794 0.594467 0.0462963 0.116314
3 0.415941 0.46336 0.0365968 0.0885364
0 0.536692 0.640152 0.0468956 0.118171
0 0.412829 0.429644 0.0368197 0.106102
0 0.798773 0.177131 0.0264748 0.0906541
3 0.634002 0.471453 0.047536 0.097132
3 0.48206 0.466141 0.0432215 0.101328
3 0.530389 0.696451 0.0613392 0.138051
3 0.314326 0.418503 0.0478931 0.0982373
2 0.0297131 0.134385 0.0591468 0.0758731
3 0.660767 0.288463 0.035276 0.0724603
3 0.815132 0.353043 0.0297897 0.0854085
0 0.270462 0.688995 0.0494156 0.125439
3 0.371073 0.436669 0.0425475 0.0957658
0 0.755472 0.182718 0.0242622 0.0840229
3 0.870814 0.172013 0.023761 0.0675524
0 0.285697 0.513115 0.0451612 0.130299
0 0.310485 0.567529 0.0501577 0.131961
3 0.832152 0.143614 0.020009 0.0480791
0 0.573314 0.339809 0.0265474 0.0823941
3 0.494083 0.101633 0.0388483 0.0463022
3 0.904777 0.105068 0.0266079 0.0809388
3 0.775794 0.604416 0.0381268 0.117351
3 0.492463 0.242821 0.0244123 0.0621606
3 0.572999 0.369209 0.0290254 0.0935048
3 0.75534 0.204314 0.0237556 0.0709283
3 0.602949 0.155812 0.0198771 0.0552391
2 0.938569 0.0281955 0.0509644 0.0528529
3 0.42382 0.78554 0.0722852 0.109641
0 0.479033 0.435896 0.03349 0.0940406
3 0.800178 0.205516 0.0320887 0.0642009
0 0.31336 0.391119 0.031534 0.0968943
0 0.779457 0.541213 0.0467057 0.13377
0 0.215733 0.951868 0.0561422 0.0962643
3 0.434576 0.318874 0.0371564 0.0841326
0 0.638277 0.430027 0.0371836 0.100795
3 0.779792 0.584465 0.0455614 0.15685
3 0.647402 0.148438 0.0184245 0.0557584
3 0.583665 0.274718 0.0278557 0.0926955
0 0.834812 0.118157 0.0233006 0.0717875
0 0.663561 0.253765 0.0335433 0.0953763
3 0.369506 0.449248 0.0403259 0.071419
3 0.460371 0.648613 0.0448689 0.0902891
0 0.647182 0.119234 0.0208414 0.0589712
0 0.36832 0.394806 0.0290276 0.0727802
0 0.604182 0.126066 0.0251602 0.0650114
0 0.871593 0.142972 0.0249619 0.071784
3 0.537448 0.212211 0.0275246 0.0756627
3 0.253518 0.955825 0.0504141 0.0883501
0 0.432035 0.293282 0.0317273 0.0855251
3 0.46298 0.628388 0.048778 0.123618
3 0.434058 0.24763 0.0332083 0.0683733
0 0.492795 0.0798794 0.011869 0.051009
0 0.540004 0.814835 0.0435779 0.0868829
3 0.530886 0.935498 0.0597349 0.121132
0 0.49135 0.220467 0.0288058 0.0939432
2 0.993124 0.108986 0.012999 0.0967008
3 0.88227 0.0267511 0.0184071 0.0535022
0 0.815602 0.301691 0.0307758 0.0773945
0 0.634338 0.43857 0.0461325 0.117919
0 0.586502 0.192745 0.0230309 0.0788163
3 0.538808 0.193636 0.0261034 0.0873965
0 0.822998 0.308481 0.045546 0.0900223
3 0.534559 0.22352 0.0317629 0.0523956
2 0.0604847 0.103088 0.0579427 0.0521248
3 0.491473 0.23409 0.0286257 0.0797828
3 0.662594 0.270428 0.0349211 0.0815719
3 0.312388 0.574133 0.0573342 0.128147
7 0.0551019 0.087739 0.067736 0.0809533
3 0.455696 0.655618 0.0362387 0.0769416
3 0.531682 0.715768 0.052668 0.100411
3 0.586185 0.217472 0.0244918 0.063852
0 0.541641 0.835556 0.0471666 0.124466
2 0.839709 0.780792 0.157128 0.380713
2 0.871579 0.443019 0.105509 0.208348
2 0.918511 0.294923 0.0917343 0.15614
2 0.131735 0.253064 0.138645 0.101676
0 0.431018 0.725111 0.0534281 0.173727
3 0.277243 0.732847 0.0794881 0.167705
2 0.957185 0.176194 0.0786076 0.136882
3 0.424973 0.764459 0.0761369 0.150217
0 0.525106 0.888253 0.0626406 0.195492
0 0.463794 0.594467 0.0462963 0.116314
3 0.415941 0.46336 0.0365968 0.0885364
0 0.536692 0.640152 0.0468956 0.118171
0 0.412829 0.429644 0.0368197 0.106102
0 0.798773 0.177131 0.0264748 0.0906541
3 0.634002 0.471453 0.047536 0.097132
3 0.48206 0.466141 0.0432215 0.101328
3 0.530389 0.696451 0.0613392 0.138051
3 0.314326 0.418503 0.0478931 0.0982373
2 0.0297131 0.134385 0.0591468 0.0758731
3 0.660767 0.288463 0.035276 0.0724603
3 0.815132 0.353043 0.0297897 0.0854085
0 0.270462 0.688995 0.0494156 0.125439
3 0.371073 0.436669 0.0425475 0.0957658
0 0.755472 0.182718 0.0242622 0.0840229
3 0.870814 0.172013 0.023761 0.0675524
0 0.285697 0.513115 0.0451612 0.130299
0 0.310485 0.567529 0.0501577 0.131961
3 0.832152 0.143614 0.020009 0.0480791
0 0.573314 0.339809 0.0265474 0.0823941
3 0.494083 0.101633 0.0388483 0.0463022
3 0.904777 0.105068 0.0266079 0.0809388
3 0.775794 0.604416 0.0381268 0.117351
3 0.492463 0.242821 0.0244123 0.0621606
3 0.572999 0.369209 0.0290254 0.0935048
3 0.75534 0.204314 0.0237556 0.0709283
3 0.602949 0.155812 0.0198771 0.0552391
2 0.938569 0.0281955 0.0509644 0.0528529
3 0.42382 0.78554 0.0722852 0.109641
0 0.479033 0.435896 0.03349 0.0940406
3 0.800178 0.205516 0.0320887 0.0642009
0 0.31336 0.391119 0.031534 0.0968943
0 0.779457 0.541213 0.0467057 0.13377
0 0.215733 0.951868 0.0561422 0.0962643
3 0.434576 0.318874 0.0371564 0.0841326
0 0.638277 0.430027 0.0371836 0.100795
3 0.779792 0.584465 0.0455614 0.15685
3 0.647402 0.148438 0.0184245 0.0557584
3 0.583665 0.274718 0.0278557 0.0926955
0 0.834812 0.118157 0.0233006 0.0717875
0 0.663561 0.253765 0.0335433 0.0953763
3 0.369506 0.449248 0.0403259 0.071419
3 0.460371 0.648613 0.0448689 0.0902891
0 0.647182 0.119234 0.0208414 0.0589712
0 0.36832 0.394806 0.0290276 0.0727802
0 0.604182 0.126066 0.0251602 0.0650114
0 0.871593 0.142972 0.0249619 0.071784
3 0.537448 0.212211 0.0275246 0.0756627
3 0.253518 0.955825 0.0504141 0.0883501
0 0.432035 0.293282 0.0317273 0.0855251
3 0.46298 0.628388 0.048778 0.123618
3 0.434058 0.24763 0.0332083 0.0683733
0 0.492795 0.0798794 0.011869 0.051009
0 0.540004 0.814835 0.0435779 0.0868829
3 0.530886 0.935498 0.0597349 0.121132
0 0.49135 0.220467 0.0288058 0.0939432
2 0.993124 0.108986 0.012999 0.0967008
3 0.88227 0.0267511 0.0184071 0.0535022
0 0.815602 0.301691 0.0307758 0.0773945
0 0.634338 0.43857 0.0461325 0.117919
0 0.586502 0.192745 0.0230309 0.0788163
3 0.538808 0.193636 0.0261034 0.0873965
0 0.822998 0.308481 0.045546 0.0900223
3 0.534559 0.22352 0.0317629 0.0523956
2 0.0604847 0.103088 0.0579427 0.0521248
3 0.491473 0.23409 0.0286257 0.0797828
3 0.662594 0.270428 0.0349211 0.0815719
3 0.312388 0.574133 0.0573342 0.128147
7 0.0551019 0.087739 0.067736 0.0809533
3 0.455696 0.655618 0.0362387 0.0769416
3 0.531682 0.715768 0.052668 0.100411
3 0.586185 0.217472 0.0244918 0.063852
0 0.541641 0.835556 0.0471666 0.124466
2 0.839424 0.782036 0.157281 0.386203
2 0.871493 0.444714 0.105652 0.209173
0 0.431005 0.727993 0.0529234 0.176525
2 0.13157 0.253585 0.136186 0.101253
2 0.919289 0.295414 0.0906647 0.157479
2 0.957273 0.177468 0.0780869 0.139466
3 0.276438 0.729247 0.0800549 0.17472
0 0.536582 0.643566 0.0464922 0.122255
3 0.425221 0.763202 0.0772345 0.149759
0 0.27223 0.687068 0.0537767 0.120695
3 0.815464 0.352443 0.0294632 0.0845767
0 0.310201 0.563473 0.0517063 0.12164
0 0.219979 0.950756 0.0645831 0.0972088
3 0.481273 0.461396 0.0429737 0.10873
3 0.434681 0.308292 0.0368204 0.102456
0 0.46352 0.594388 0.0446846 0.114925
0 0.778425 0.545195 0.0465739 0.136252
3 0.774822 0.599845 0.0399894 0.125807
3 0.870732 0.173171 0.0224197 0.0669877
0 0.412155 0.428495 0.0356492 0.102181
3 0.658823 0.286182 0.0315067 0.0774121
0 0.815484 0.314542 0.0326815 0.100505
3 0.415919 0.455376 0.039498 0.099064
3 0.633278 0.471026 0.0464229 0.0989468
3 0.313448 0.422951 0.0494996 0.096055
3 0.572074 0.374373 0.028965 0.0808233
3 0.301806 0.547668 0.0837036 0.0714169
3 0.754833 0.203726 0.0255699 0.0715452
0 0.799287 0.172155 0.0247494 0.0802699
3 0.832931 0.139375 0.0208588 0.0573804
0 0.481058 0.435264 0.0358494 0.0907119
0 0.541103 0.815111 0.044581 0.092789
2 0.839424 0.782036 0.157281 0.386203
2 0.871493 0.444714 0.105652 0.209173
0 0.431005 0.727993 0.0529234 0.176525
2 0.13157 0.253585 0.136186 0.101253
2 0.919289 0.295414 0.0906647 0.157479
2 0.957273 0.177468 0.0780869 0.139466
3 0.276438 0.729247 0.0800549 0.17472
0 0.536582 0.643566 0.0464922 0.122255
3 0.425221 0.763202 0.0772345 0.149759
0 0.27223 0.687068 0.0537767 0.120695
3 0.815464 0.352443 0.0294632 0.0845767
0 0.310201 0.563473 0.0517063 0.12164
0 0.219979 0.950756 0.0645831 0.0972088
3 0.481273 0.461396 0.0429737 0.10873
3 0.434681 0.308292 0.0368204 0.102456
0 0.46352 0.594388 0.0446846 0.114925
0 0.778425 0.545195 0.0465739 0.136252
3 0.774822 0.599845 0.0399894 0.125807
3 0.870732 0.173171 0.0224197 0.0669877
0 0.412155 0.428495 0.0356492 0.102181
3 0.658823 0.286182 0.0315067 0.0774121
0 0.815484 0.314542 0.0326815 0.100505
3 0.415919 0.455376 0.039498 0.099064
3 0.633278 0.471026 0.0464229 0.0989468
3 0.313448 0.422951 0.0494996 0.096055
3 0.572074 0.374373 0.028965 0.0808233
3 0.301806 0.547668 0.0837036 0.0714169
3 0.754833 0.203726 0.0255699 0.0715452
0 0.799287 0.172155 0.0247494 0.0802699
3 0.832931 0.139375 0.0208588 0.0573804
0 0.481058 0.435264 0.0358494 0.0907119
0 0.541103 0.815111 0.044581 0.092789
2 0.839424 0.782036 0.157281 0.386203
2 0.871493 0.444714 0.105652 0.209173
0 0.431005 0.727993 0.0529234 0.176525
2 0.13157 0.253585 0.136186 0.101253
2 0.919289 0.295414 0.0906647 0.157479
2 0.957273 0.177468 0.0780869 0.139466
3 0.276438 0.729247 0.0800549 0.17472
0 0.536582 0.643566 0.0464922 0.122255
3 0.425221 0.763202 0.0772345 0.149759
0 0.27223 0.687068 0.0537767 0.120695
3 0.815464 0.352443 0.0294632 0.0845767
0 0.310201 0.563473 0.0517063 0.12164
0 0.219979 0.950756 0.0645831 0.0972088
3 0.481273 0.461396 0.0429737 0.10873
3 0.434681 0.308292 0.0368204 0.102456
0 0.46352 0.594388 0.0446846 0.114925
0 0.778425 0.545195 0.0465739 0.136252
3 0.774822 0.599845 0.0399894 0.125807
3 0.870732 0.173171 0.0224197 0.0669877
0 0.412155 0.428495 0.0356492 0.102181
3 0.658823 0.286182 0.0315067 0.0774121
0 0.815484 0.314542 0.0326815 0.100505
3 0.415919 0.455376 0.039498 0.099064
3 0.633278 0.471026 0.0464229 0.0989468
3 0.313448 0.422951 0.0494996 0.096055
3 0.572074 0.374373 0.028965 0.0808233
3 0.301806 0.547668 0.0837036 0.0714169
3 0.754833 0.203726 0.0255699 0.0715452
0 0.799287 0.172155 0.0247494 0.0802699
3 0.832931 0.139375 0.0208588 0.0573804
0 0.481058 0.435264 0.0358494 0.0907119
0 0.541103 0.815111 0.044581 0.092789
2 0.839424 0.782036 0.157281 0.386203
2 0.871493 0.444714 0.105652 0.209173
0 0.431005 0.727993 0.0529234 0.176525
2 0.13157 0.253585 0.136186 0.101253
2 0.919289 0.295414 0.0906647 0.157479
2 0.957273 0.177468 0.0780869 0.139466
3 0.276438 0.729247 0.0800549 0.17472
0 0.536582 0.643566 0.0464922 0.122255
3 0.425221 0.763202 0.0772345 0.149759
0 0.27223 0.687068 0.0537767 0.120695
3 0.815464 0.352443 0.0294632 0.0845767
0 0.310201 0.563473 0.0517063 0.12164
0 0.219979 0.950756 0.0645831 0.0972088
3 0.481273 0.461396 0.0429737 0.10873
3 0.434681 0.308292 0.0368204 0.102456
0 0.46352 0.594388 0.0446846 0.114925
0 0.778425 0.545195 0.0465739 0.136252
3 0.774822 0.599845 0.0399894 0.125807
3 0.870732 0.173171 0.0224197 0.0669877
0 0.412155 0.428495 0.0356492 0.102181
3 0.658823 0.286182 0.0315067 0.0774121
0 0.815484 0.314542 0.0326815 0.100505
3 0.415919 0.455376 0.039498 0.099064
3 0.633278 0.471026 0.0464229 0.0989468
3 0.313448 0.422951 0.0494996 0.096055
3 0.572074 0.374373 0.028965 0.0808233
3 0.301806 0.547668 0.0837036 0.0714169
3 0.754833 0.203726 0.0255699 0.0715452
0 0.799287 0.172155 0.0247494 0.0802699
3 0.832931 0.139375 0.0208588 0.0573804
0 0.481058 0.435264 0.0358494 0.0907119
0 0.541103 0.815111 0.044581 0.092789
2 0.839424 0.782036 0.157281 0.386203
2 0.871493 0.444714 0.105652 0.209173
0 0.431005 0.727993 0.0529234 0.176525
2 0.13157 0.253585 0.136186 0.101253
2 0.919289 0.295414 0.0906647 0.157479
2 0.957273 0.177468 0.0780869 0.139466
3 0.276438 0.729247 0.0800549 0.17472
0 0.536582 0.643566 0.0464922 0.122255
3 0.425221 0.763202 0.0772345 0.149759
0 0.27223 0.687068 0.0537767 0.120695
3 0.815464 0.352443 0.0294632 0.0845767
0 0.310201 0.563473 0.0517063 0.12164
0 0.219979 0.950756 0.0645831 0.0972088
3 0.481273 0.461396 0.0429737 0.10873
3 0.434681 0.308292 0.0368204 0.102456
0 0.46352 0.594388 0.0446846 0.114925
0 0.778425 0.545195 0.0465739 0.136252
3 0.774822 0.599845 0.0399894 0.125807
3 0.870732 0.173171 0.0224197 0.0669877
0 0.412155 0.428495 0.0356492 0.102181
3 0.658823 0.286182 0.0315067 0.0774121
0 0.815484 0.314542 0.0326815 0.100505
3 0.415919 0.455376 0.039498 0.099064
3 0.633278 0.471026 0.0464229 0.0989468
3 0.313448 0.422951 0.0494996 0.096055
3 0.572074 0.374373 0.028965 0.0808233
3 0.301806 0.547668 0.0837036 0.0714169
3 0.754833 0.203726 0.0255699 0.0715452
0 0.799287 0.172155 0.0247494 0.0802699
3 0.832931 0.139375 0.0208588 0.0573804
0 0.481058 0.435264 0.0358494 0.0907119
0 0.541103 0.815111 0.044581 0.092789
2 0.839424 0.782036 0.157281 0.386203
2 0.871493 0.444714 0.105652 0.209173
0 0.431005 0.727993 0.0529234 0.176525
2 0.13157 0.253585 0.136186 0.101253
2 0.919289 0.295414 0.0906647 0.157479
2 0.957273 0.177468 0.0780869 0.139466
3 0.276438 0.729247 0.0800549 0.17472
0 0.536582 0.643566 0.0464922 0.122255
3 0.425221 0.763202 0.0772345 0.149759
0 0.27223 0.687068 0.0537767 0.120695
3 0.815464 0.352443 0.0294632 0.0845767
0 0.310201 0.563473 0.0517063 0.12164
0 0.219979 0.950756 0.0645831 0.0972088
3 0.481273 0.461396 0.0429737 0.10873
3 0.434681 0.308292 0.0368204 0.102456
0 0.46352 0.594388 0.0446846 0.114925
0 0.778425 0.545195 0.0465739 0.136252
3 0.774822 0.599845 0.0399894 0.125807
3 0.870732 0.173171 0.0224197 0.0669877
0 0.412155 0.428495 0.0356492 0.102181
3 0.658823 0.286182 0.0315067 0.0774121
0 0.815484 0.314542 0.0326815 0.100505
3 0.415919 0.455376 0.039498 0.099064
3 0.633278 0.471026 0.0464229 0.0989468
3 0.313448 0.422951 0.0494996 0.096055
3 0.572074 0.374373 0.028965 0.0808233
3 0.301806 0.547668 0.0837036 0.0714169
3 0.754833 0.203726 0.0255699 0.0715452
0 0.799287 0.172155 0.0247494 0.0802699
3 0.832931 0.139375 0.0208588 0.0573804
0 0.481058 0.435264 0.0358494 0.0907119
0 0.541103 0.815111 0.044581 0.092789
2 0.839424 0.782036 0.157281 0.386203
2 0.871493 0.444714 0.105652 0.209173
0 0.431005 0.727993 0.0529234 0.176525
2 0.13157 0.253585 0.136186 0.101253
2 0.919289 0.295414 0.0906647 0.157479
2 0.957273 0.177468 0.0780869 0.139466
3 0.276438 0.729247 0.0800549 0.17472
0 0.536582 0.643566 0.0464922 0.122255
3 0.425221 0.763202 0.0772345 0.149759
0 0.27223 0.687068 0.0537767 0.120695
3 0.815464 0.352443 0.0294632 0.0845767
0 0.310201 0.563473 0.0517063 0.12164
0 0.219979 0.950756 0.0645831 0.0972088
3 0.481273 0.461396 0.0429737 0.10873
3 0.434681 0.308292 0.0368204 0.102456
0 0.46352 0.594388 0.0446846 0.114925
0 0.778425 0.545195 0.0465739 0.136252
3 0.774822 0.599845 0.0399894 0.125807
3 0.870732 0.173171 0.0224197 0.0669877
0 0.412155 0.428495 0.0356492 0.102181
3 0.658823 0.286182 0.0315067 0.0774121
0 0.815484 0.314542 0.0326815 0.100505
3 0.415919 0.455376 0.039498 0.099064
3 0.633278 0.471026 0.0464229 0.0989468
3 0.313448 0.422951 0.0494996 0.096055
3 0.572074 0.374373 0.028965 0.0808233
3 0.301806 0.547668 0.0837036 0.0714169
3 0.754833 0.203726 0.0255699 0.0715452
0 0.799287 0.172155 0.0247494 0.0802699
3 0.832931 0.139375 0.0208588 0.0573804
0 0.481058 0.435264 0.0358494 0.0907119
0 0.541103 0.815111 0.044581 0.092789
2 0.839424 0.782036 0.157281 0.386203
2 0.871493 0.444714 0.105652 0.209173
0 0.431005 0.727993 0.0529234 0.176525
2 0.13157 0.253585 0.136186 0.101253
2 0.919289 0.295414 0.0906647 0.157479
2 0.957273 0.177468 0.0780869 0.139466
3 0.276438 0.729247 0.0800549 0.17472
0 0.536582 0.643566 0.0464922 0.122255
3 0.425221 0.763202 0.0772345 0.149759
0 0.27223 0.687068 0.0537767 0.120695
3 0.815464 0.352443 0.0294632 0.0845767
0 0.310201 0.563473 0.0517063 0.12164
0 0.219979 0.950756 0.0645831 0.0972088
3 0.481273 0.461396 0.0429737 0.10873
3 0.434681 0.308292 0.0368204 0.102456
0 0.46352 0.594388 0.0446846 0.114925
0 0.778425 0.545195 0.0465739 0.136252
3 0.774822 0.599845 0.0399894 0.125807
3 0.870732 0.173171 0.0224197 0.0669877
0 0.412155 0.428495 0.0356492 0.102181
3 0.658823 0.286182 0.0315067 0.0774121
0 0.815484 0.314542 0.0326815 0.100505
3 0.415919 0.455376 0.039498 0.099064
3 0.633278 0.471026 0.0464229 0.0989468
3 0.313448 0.422951 0.0494996 0.096055
3 0.572074 0.374373 0.028965 0.0808233
3 0.301806 0.547668 0.0837036 0.0714169
3 0.754833 0.203726 0.0255699 0.0715452
0 0.799287 0.172155 0.0247494 0.0802699
3 0.832931 0.139375 0.0208588 0.0573804
0 0.481058 0.435264 0.0358494 0.0907119
0 0.541103 0.815111 0.044581 0.092789
3 0.797959 0.20019 0.0289222 0.0733491
3 0.902972 0.111993 0.0228333 0.0657162
0 0.66361 0.254803 0.0329145 0.0983987
3 0.490967 0.235966 0.0261633 0.0748355
3 0.372082 0.430844 0.0433809 0.104613
0 0.755672 0.178503 0.0228034 0.0728106
3 0.45364 0.654716 0.0367617 0.0740292
0 0.313984 0.39189 0.0324903 0.0976507
0 0.573492 0.338371 0.0277194 0.0887706
0 0.636956 0.430198 0.0405832 0.103638
0 0.284782 0.488842 0.039166 0.0785932
0 0.521423 0.849447 0.0551962 0.117909
3 0.530383 0.687779 0.0618519 0.152303
3 0.494246 0.0996824 0.0399921 0.0481895
3 0.603746 0.148598 0.0226817 0.0650007
3 0.527043 0.712687 0.0456974 0.103146
0 0.371813 0.403855 0.0354708 0.0897062
3 0.648255 0.14302 0.0203585 0.0576352
0 0.524908 0.879744 0.0623634 0.17771
2 0.938224 0.0262205 0.0521288 0.0524411
3 0.434552 0.244561 0.0350058 0.0751579
0 0.542472 0.835271 0.0472057 0.134242
0 0.647515 0.121346 0.0213151 0.0625206
0 0.639297 0.418776 0.0365088 0.0786263
3 0.582799 0.27905 0.0302739 0.075325
3 0.195017 0.132064 0.0566094 0.0631414
2 0.0297822 0.134721 0.0593613 0.0771653
