2 0.699501 0.935893 0.126301 0.124422
2 0.347943 0.702178 0.0765677 0.124275
2 0.0362862 0.717586 0.0718093 0.140705
2 0.488643 0.62135 0.0659239 0.1037
2 0.415862 0.573592 0.0536007 0.0933858
2 0.0754005 0.62861 0.0784567 0.103783
2 0.7097 0.397006 0.0372958 0.050919
2 0.179384 0.49656 0.0486906 0.0687119
0 0.377818 0.919152 0.0465726 0.13623
7 0.453321 0.453466 0.0415459 0.111616
2 0.402315 0.499265 0.0377545 0.0747435
7 0.200179 0.424759 0.0723077 0.112508
0 0.194211 0.724757 0.0329003 0.0977044
3 0.267888 0.518841 0.0159083 0.048774
2 0.375625 0.416174 0.0296517 0.0494737
2 0.751237 0.418819 0.0388987 0.0530085
2 0.346575 0.358514 0.0236851 0.043001
0 0.123629 0.932042 0.0470893 0.122738
0 0.453304 0.648065 0.0282085 0.0891094
0 0.481138 0.901344 0.0426027 0.118255
3 0.484159 0.959771 0.0378273 0.0804589
3 0.380096 0.956803 0.0414842 0.0863741
3 0.193408 0.765723 0.0295897 0.0838243
3 0.455186 0.68058 0.0301001 0.064035
3 0.293488 0.524019 0.0183056 0.0686163
2 0.381756 0.330823 0.0275974 0.0392587
3 0.293525 0.534978 0.0177423 0.0510659
2 0.402466 0.315048 0.0190478 0.0290338
7 0.320614 0.309186 0.0288703 0.060224
2 0.386497 0.374835 0.0271304 0.0465273
2 0.415674 0.343204 0.0199223 0.0344787
0 0.267527 0.503942 0.017146 0.061849
2 0.102044 0.59088 0.0583227 0.101327
3 0.293318 0.441592 0.015462 0.0536117
0 0.293491 0.522262 0.0181814 0.0663088
0 0.39863 0.433998 0.014745 0.0499515
3 0.120585 0.965421 0.0426013 0.0683684
3 0.123518 0.945891 0.049174 0.105456
0 0.293323 0.440905 0.0153682 0.0533341
2 0.81132 0.409085 0.0367931 0.0506592
3 0.482206 0.940455 0.0416867 0.115171
2 0.401339 0.311459 0.0215586 0.0242874
2 0.785505 0.39263 0.0224902 0.0331723
2 0.699501 0.935893 0.126301 0.124422
2 0.347943 0.702178 0.0765677 0.124275
2 0.0362862 0.717586 0.0718093 0.140705
2 0.488643 0.62135 0.0659239 0.1037
2 0.415862 0.573592 0.0536007 0.0933858
2 0.0754005 0.62861 0.0784567 0.103783
2 0.7097 0.397006 0.0372958 0.050919
2 0.179384 0.49656 0.0486906 0.0687119
0 0.377818 0.919152 0.0465726 0.13623
7 0.453321 0.453466 0.0415459 0.111616
2 0.402315 0.499265 0.0377545 0.0747435
7 0.200179 0.424759 0.0723077 0.112508
0 0.194211 0.724757 0.0329003 0.0977044
3 0.267888 0.518841 0.0159083 0.048774
2 0.375625 0.416174 0.0296517 0.0494737
2 0.751237 0.418819 0.0388987 0.0530085
2 0.346575 0.358514 0.0236851 0.043001
0 0.123629 0.932042 0.0470893 0.122738
0 0.453304 0.648065 0.0282085 0.0891094
0 0.481138 0.901344 0.0426027 0.118255
3 0.484159 0.959771 0.0378273 0.0804589
3 0.380096 0.956803 0.0414842 0.0863741
3 0.193408 0.765723 0.0295897 0.0838243
3 0.455186 0.68058 0.0301001 0.064035
3 0.293488 0.524019 0.0183056 0.0686163
2 0.381756 0.330823 0.0275974 0.0392587
3 0.293525 0.534978 0.0177423 0.0510659
2 0.402466 0.315048 0.0190478 0.0290338
7 0.320614 0.309186 0.0288703 0.060224
2 0.386497 0.374835 0.0271304 0.0465273
2 0.415674 0.343204 0.0199223 0.0344787
0 0.267527 0.503942 0.017146 0.061849
2 0.102044 0.59088 0.0583227 0.101327
3 0.293318 0.441592 0.015462 0.0536117
0 0.293491 0.522262 0.0181814 0.0663088
0 0.39863 0.433998 0.014745 0.0499515
3 0.120585 0.965421 0.0426013 0.0683684
3 0.123518 0.945891 0.049174 0.105456
0 0.293323 0.440905 0.0153682 0.0533341
2 0.81132 0.409085 0.0367931 0.0506592
3 0.482206 0.940455 0.0416867 0.115171
2 0.401339 0.311459 0.0215586 0.0242874
2 0.785505 0.39263 0.0224902 0.0331723
2 0.699501 0.935893 0.126301 0.124422
2 0.347943 0.702178 0.0765677 0.124275
2 0.0362862 0.717586 0.0718093 0.140705
2 0.488643 0.62135 0.0659239 0.1037
2 0.415862 0.573592 0.0536007 0.0933858
2 0.0754005 0.62861 0.0784567 0.103783
2 0.7097 0.397006 0.0372958 0.050919
2 0.179384 0.49656 0.0486906 0.0687119
0 0.377818 0.919152 0.0465726 0.13623
7 0.453321 0.453466 0.0415459 0.111616
2 0.402315 0.499265 0.0377545 0.0747435
7 0.200179 0.424759 0.0723077 0.112508
0 0.194211 0.724757 0.0329003 0.0977044
3 0.267888 0.518841 0.0159083 0.048774
2 0.375625 0.416174 0.0296517 0.0494737
2 0.751237 0.418819 0.0388987 0.0530085
2 0.346575 0.358514 0.0236851 0.043001
0 0.123629 0.932042 0.0470893 0.122738
0 0.453304 0.648065 0.0282085 0.0891094
0 0.481138 0.901344 0.0426027 0.118255
3 0.484159 0.959771 0.0378273 0.0804589
3 0.380096 0.956803 0.0414842 0.0863741
3 0.193408 0.765723 0.0295897 0.0838243
3 0.455186 0.68058 0.0301001 0.064035
3 0.293488 0.524019 0.0183056 0.0686163
2 0.381756 0.330823 0.0275974 0.0392587
3 0.293525 0.534978 0.0177423 0.0510659
2 0.402466 0.315048 0.0190478 0.0290338
7 0.320614 0.309186 0.0288703 0.060224
2 0.386497 0.374835 0.0271304 0.0465273
2 0.415674 0.343204 0.0199223 0.0344787
0 0.267527 0.503942 0.017146 0.061849
2 0.102044 0.59088 0.0583227 0.101327
3 0.293318 0.441592 0.015462 0.0536117
0 0.293491 0.522262 0.0181814 0.0663088
0 0.39863 0.433998 0.014745 0.0499515
3 0.120585 0.965421 0.0426013 0.0683684
3 0.123518 0.945891 0.049174 0.105456
0 0.293323 0.440905 0.0153682 0.0533341
2 0.81132 0.409085 0.0367931 0.0506592
3 0.482206 0.940455 0.0416867 0.115171
2 0.401339 0.311459 0.0215586 0.0242874
2 0.785505 0.39263 0.0224902 0.0331723
2 0.699501 0.935893 0.126301 0.124422
2 0.347943 0.702178 0.0765677 0.124275
2 0.0362862 0.717586 0.0718093 0.140705
2 0.488643 0.62135 0.0659239 0.1037
2 0.415862 0.573592 0.0536007 0.0933858
2 0.0754005 0.62861 0.0784567 0.103783
2 0.7097 0.397006 0.0372958 0.050919
2 0.179384 0.49656 0.0486906 0.0687119
0 0.377818 0.919152 0.0465726 0.13623
7 0.453321 0.453466 0.0415459 0.111616
2 0.402315 0.499265 0.0377545 0.0747435
7 0.200179 0.424759 0.0723077 0.112508
0 0.194211 0.724757 0.0329003 0.0977044
3 0.267888 0.518841 0.0159083 0.048774
2 0.375625 0.416174 0.0296517 0.0494737
2 0.751237 0.418819 0.0388987 0.0530085
2 0.346575 0.358514 0.0236851 0.043001
0 0.123629 0.932042 0.0470893 0.122738
0 0.453304 0.648065 0.0282085 0.0891094
0 0.481138 0.901344 0.0426027 0.118255
3 0.484159 0.959771 0.0378273 0.0804589
3 0.380096 0.956803 0.0414842 0.0863741
3 0.193408 0.765723 0.0295897 0.0838243
3 0.455186 0.68058 0.0301001 0.064035
3 0.293488 0.524019 0.0183056 0.0686163
2 0.381756 0.330823 0.0275974 0.0392587
3 0.293525 0.534978 0.0177423 0.0510659
2 0.402466 0.315048 0.0190478 0.0290338
7 0.320614 0.309186 0.0288703 0.060224
2 0.386497 0.374835 0.0271304 0.0465273
2 0.415674 0.343204 0.0199223 0.0344787
0 0.267527 0.503942 0.017146 0.061849
2 0.102044 0.59088 0.0583227 0.101327
3 0.293318 0.441592 0.015462 0.0536117
0 0.293491 0.522262 0.0181814 0.0663088
0 0.39863 0.433998 0.014745 0.0499515
3 0.120585 0.965421 0.0426013 0.0683684
3 0.123518 0.945891 0.049174 0.105456
0 0.293323 0.440905 0.0153682 0.0533341
2 0.81132 0.409085 0.0367931 0.0506592
3 0.482206 0.940455 0.0416867 0.115171
2 0.401339 0.311459 0.0215586 0.0242874
2 0.785505 0.39263 0.0224902 0.0331723
2 0.699501 0.935893 0.126301 0.124422
2 0.347943 0.702178 0.0765677 0.124275
2 0.0362862 0.717586 0.0718093 0.140705
2 0.488643 0.62135 0.0659239 0.1037
2 0.415862 0.573592 0.0536007 0.0933858
2 0.0754005 0.62861 0.0784567 0.103783
2 0.7097 0.397006 0.0372958 0.050919
2 0.179384 0.49656 0.0486906 0.0687119
0 0.377818 0.919152 0.0465726 0.13623
7 0.453321 0.453466 0.0415459 0.111616
2 0.402315 0.499265 0.0377545 0.0747435
7 0.200179 0.424759 0.0723077 0.112508
0 0.194211 0.724757 0.0329003 0.0977044
3 0.267888 0.518841 0.0159083 0.048774
2 0.375625 0.416174 0.0296517 0.0494737
2 0.751237 0.418819 0.0388987 0.0530085
2 0.346575 0.358514 0.0236851 0.043001
0 0.123629 0.932042 0.0470893 0.122738
0 0.453304 0.648065 0.0282085 0.0891094
0 0.481138 0.901344 0.0426027 0.118255
3 0.484159 0.959771 0.0378273 0.0804589
3 0.380096 0.956803 0.0414842 0.0863741
3 0.193408 0.765723 0.0295897 0.0838243
3 0.455186 0.68058 0.0301001 0.064035
3 0.293488 0.524019 0.0183056 0.0686163
2 0.381756 0.330823 0.0275974 0.0392587
3 0.293525 0.534978 0.0177423 0.0510659
2 0.402466 0.315048 0.0190478 0.0290338
7 0.320614 0.309186 0.0288703 0.060224
2 0.386497 0.374835 0.0271304 0.0465273
2 0.415674 0.343204 0.0199223 0.0344787
0 0.267527 0.503942 0.017146 0.061849
2 0.102044 0.59088 0.0583227 0.101327
3 0.293318 0.441592 0.015462 0.0536117
0 0.293491 0.522262 0.0181814 0.0663088
0 0.39863 0.433998 0.014745 0.0499515
3 0.120585 0.965421 0.0426013 0.0683684
3 0.123518 0.945891 0.049174 0.105456
0 0.293323 0.440905 0.0153682 0.0533341
2 0.81132 0.409085 0.0367931 0.0506592
3 0.482206 0.940455 0.0416867 0.115171
2 0.401339 0.311459 0.0215586 0.0242874
2 0.785505 0.39263 0.0224902 0.0331723
2 0.699501 0.935893 0.126301 0.124422
2 0.347943 0.702178 0.0765677 0.124275
2 0.0362862 0.717586 0.0718093 0.140705
2 0.488643 0.62135 0.0659239 0.1037
2 0.415862 0.573592 0.0536007 0.0933858
2 0.0754005 0.62861 0.0784567 0.103783
2 0.7097 0.397006 0.0372958 0.050919
2 0.179384 0.49656 0.0486906 0.0687119
0 0.377818 0.919152 0.0465726 0.13623
7 0.453321 0.453466 0.0415459 0.111616
2 0.402315 0.499265 0.0377545 0.0747435
7 0.200179 0.424759 0.0723077 0.112508
0 0.194211 0.724757 0.0329003 0.0977044
3 0.267888 0.518841 0.0159083 0.048774
2 0.375625 0.416174 0.0296517 0.0494737
2 0.751237 0.418819 0.0388987 0.0530085
2 0.346575 0.358514 0.0236851 0.043001
0 0.123629 0.932042 0.0470893 0.122738
0 0.453304 0.648065 0.0282085 0.0891094
0 0.481138 0.901344 0.0426027 0.118255
3 0.484159 0.959771 0.0378273 0.0804589
3 0.380096 0.956803 0.0414842 0.0863741
3 0.193408 0.765723 0.0295897 0.0838243
3 0.455186 0.68058 0.0301001 0.064035
3 0.293488 0.524019 0.0183056 0.0686163
2 0.381756 0.330823 0.0275974 0.0392587
3 0.293525 0.534978 0.0177423 0.0510659
2 0.402466 0.315048 0.0190478 0.0290338
7 0.320614 0.309186 0.0288703 0.060224
2 0.386497 0.374835 0.0271304 0.0465273
2 0.415674 0.343204 0.0199223 0.0344787
0 0.267527 0.503942 0.017146 0.061849
2 0.102044 0.59088 0.0583227 0.101327
3 0.293318 0.441592 0.015462 0.0536117
0 0.293491 0.522262 0.0181814 0.0663088
0 0.39863 0.433998 0.014745 0.0499515
3 0.120585 0.965421 0.0426013 0.0683684
3 0.123518 0.945891 0.049174 0.105456
0 0.293323 0.440905 0.0153682 0.0533341
2 0.81132 0.409085 0.0367931 0.0506592
3 0.482206 0.940455 0.0416867 0.115171
2 0.401339 0.311459 0.0215586 0.0242874
2 0.785505 0.39263 0.0224902 0.0331723
2 0.699501 0.935893 0.126301 0.124422
2 0.347943 0.702178 0.0765677 0.124275
2 0.0362862 0.717586 0.0718093 0.140705
2 0.488643 0.62135 0.0659239 0.1037
2 0.415862 0.573592 0.0536007 0.0933858
2 0.0754005 0.62861 0.0784567 0.103783
2 0.7097 0.397006 0.0372958 0.050919
2 0.179384 0.49656 0.0486906 0.0687119
0 0.377818 0.919152 0.0465726 0.13623
7 0.453321 0.453466 0.0415459 0.111616
2 0.402315 0.499265 0.0377545 0.0747435
7 0.200179 0.424759 0.0723077 0.112508
0 0.194211 0.724757 0.0329003 0.0977044
3 0.267888 0.518841 0.0159083 0.048774
2 0.375625 0.416174 0.0296517 0.0494737
2 0.751237 0.418819 0.0388987 0.0530085
2 0.346575 0.358514 0.0236851 0.043001
0 0.123629 0.932042 0.0470893 0.122738
0 0.453304 0.648065 0.0282085 0.0891094
0 0.481138 0.901344 0.0426027 0.118255
3 0.484159 0.959771 0.0378273 0.0804589
3 0.380096 0.956803 0.0414842 0.0863741
3 0.193408 0.765723 0.0295897 0.0838243
3 0.455186 0.68058 0.0301001 0.064035
3 0.293488 0.524019 0.0183056 0.0686163
2 0.381756 0.330823 0.0275974 0.0392587
3 0.293525 0.534978 0.0177423 0.0510659
2 0.402466 0.315048 0.0190478 0.0290338
7 0.320614 0.309186 0.0288703 0.060224
2 0.386497 0.374835 0.0271304 0.0465273
2 0.415674 0.343204 0.0199223 0.0344787
0 0.267527 0.503942 0.017146 0.061849
2 0.102044 0.59088 0.0583227 0.101327
3 0.293318 0.441592 0.015462 0.0536117
0 0.293491 0.522262 0.0181814 0.0663088
0 0.39863 0.433998 0.014745 0.0499515
3 0.120585 0.965421 0.0426013 0.0683684
3 0.123518 0.945891 0.049174 0.105456
0 0.293323 0.440905 0.0153682 0.0533341
2 0.81132 0.409085 0.0367931 0.0506592
3 0.482206 0.940455 0.0416867 0.115171
2 0.401339 0.311459 0.0215586 0.0242874
2 0.785505 0.39263 0.0224902 0.0331723
2 0.347167 0.70141 0.0758389 0.1252
2 0.0356998 0.717723 0.0708963 0.13836
2 0.488275 0.619608 0.0652306 0.100007
2 0.0751839 0.629312 0.0772048 0.102712
2 0.699937 0.935881 0.12634 0.124661
2 0.416041 0.569816 0.055381 0.0856728
7 0.453527 0.452553 0.0413622 0.111473
0 0.377407 0.920423 0.0450779 0.139342
0 0.481213 0.906048 0.0425344 0.126018
2 0.70971 0.396655 0.0375857 0.0518411
2 0.402453 0.496924 0.0374556 0.0766877
3 0.485109 0.962736 0.035229 0.0725325
0 0.19422 0.722378 0.0322297 0.0951831
2 0.179301 0.495621 0.0485993 0.0697839
3 0.194365 0.767212 0.0271886 0.0847065
0 0.124083 0.933031 0.0468508 0.120063
2 0.346592 0.358075 0.02454 0.0455972
0 0.453401 0.644743 0.0274257 0.0826747
3 0.453858 0.679986 0.0257708 0.0626399
7 0.198415 0.42263 0.0629987 0.110383
2 0.376859 0.415991 0.0313717 0.0489521
2 0.105551 0.588585 0.0689822 0.0969784
3 0.293094 0.442586 0.0145055 0.0516581
3 0.380239 0.967965 0.0362627 0.0640698
3 0.268338 0.520058 0.0166008 0.0485545
3 0.293022 0.539856 0.0168473 0.0413877
2 0.382731 0.330479 0.0245146 0.0350536
0 0.267492 0.502438 0.0165814 0.0582041
2 0.347167 0.70141 0.0758389 0.1252
2 0.0356998 0.717723 0.0708963 0.13836
2 0.488275 0.619608 0.0652306 0.100007
2 0.0751839 0.629312 0.0772048 0.102712
2 0.699937 0.935881 0.12634 0.124661
2 0.416041 0.569816 0.055381 0.0856728
7 0.453527 0.452553 0.0413622 0.111473
0 0.377407 0.920423 0.0450779 0.139342
0 0.481213 0.906048 0.0425344 0.126018
2 0.70971 0.396655 0.0375857 0.0518411
2 0.402453 0.496924 0.0374556 0.0766877
3 0.485109 0.962736 0.035229 0.0725325
0 0.19422 0.722378 0.0322297 0.0951831
2 0.179301 0.495621 0.0485993 0.0697839
3 0.194365 0.767212 0.0271886 0.0847065
0 0.124083 0.933031 0.0468508 0.120063
2 0.346592 0.358075 0.02454 0.0455972
0 0.453401 0.644743 0.0274257 0.0826747
3 0.453858 0.679986 0.0257708 0.0626399
7 0.198415 0.42263 0.0629987 0.110383
2 0.376859 0.415991 0.0313717 0.0489521
2 0.105551 0.588585 0.0689822 0.0969784
3 0.293094 0.442586 0.0145055 0.0516581
3 0.380239 0.967965 0.0362627 0.0640698
3 0.268338 0.520058 0.0166008 0.0485545
3 0.293022 0.539856 0.0168473 0.0413877
2 0.382731 0.330479 0.0245146 0.0350536
0 0.267492 0.502438 0.0165814 0.0582041
2 0.347167 0.70141 0.0758389 0.1252
2 0.0356998 0.717723 0.0708963 0.13836
2 0.488275 0.619608 0.0652306 0.100007
2 0.0751839 0.629312 0.0772048 0.102712
2 0.699937 0.935881 0.12634 0.124661
2 0.416041 0.569816 0.055381 0.0856728
7 0.453527 0.452553 0.0413622 0.111473
0 0.377407 0.920423 0.0450779 0.139342
0 0.481213 0.906048 0.0425344 0.126018
2 0.70971 0.396655 0.0375857 0.0518411
2 0.402453 0.496924 0.0374556 0.0766877
3 0.485109 0.962736 0.035229 0.0725325
0 0.19422 0.722378 0.0322297 0.0951831
2 0.179301 0.495621 0.0485993 0.0697839
3 0.194365 0.767212 0.0271886 0.0847065
0 0.124083 0.933031 0.0468508 0.120063
2 0.346592 0.358075 0.02454 0.0455972
0 0.453401 0.644743 0.0274257 0.0826747
3 0.453858 0.679986 0.0257708 0.0626399
7 0.198415 0.42263 0.0629987 0.110383
2 0.376859 0.415991 0.0313717 0.0489521
2 0.105551 0.588585 0.0689822 0.0969784
3 0.293094 0.442586 0.0145055 0.0516581
3 0.380239 0.967965 0.0362627 0.0640698
3 0.268338 0.520058 0.0166008 0.0485545
3 0.293022 0.539856 0.0168473 0.0413877
2 0.382731 0.330479 0.0245146 0.0350536
0 0.267492 0.502438 0.0165814 0.0582041
2 0.347167 0.70141 0.0758389 0.1252
2 0.0356998 0.717723 0.0708963 0.13836
2 0.488275 0.619608 0.0652306 0.100007
2 0.0751839 0.629312 0.0772048 0.102712
2 0.699937 0.935881 0.12634 0.124661
2 0.416041 0.569816 0.055381 0.0856728
7 0.453527 0.452553 0.0413622 0.111473
0 0.377407 0.920423 0.0450779 0.139342
0 0.481213 0.906048 0.0425344 0.126018
2 0.70971 0.396655 0.0375857 0.0518411
2 0.402453 0.496924 0.0374556 0.0766877
3 0.485109 0.962736 0.035229 0.0725325
0 0.19422 0.722378 0.0322297 0.0951831
2 0.179301 0.495621 0.0485993 0.0697839
3 0.194365 0.767212 0.0271886 0.0847065
0 0.124083 0.933031 0.0468508 0.120063
2 0.346592 0.358075 0.02454 0.0455972
0 0.453401 0.644743 0.0274257 0.0826747
3 0.453858 0.679986 0.0257708 0.0626399
7 0.198415 0.42263 0.0629987 0.110383
2 0.376859 0.415991 0.0313717 0.0489521
2 0.105551 0.588585 0.0689822 0.0969784
3 0.293094 0.442586 0.0145055 0.0516581
3 0.380239 0.967965 0.0362627 0.0640698
3 0.268338 0.520058 0.0166008 0.0485545
3 0.293022 0.539856 0.0168473 0.0413877
2 0.382731 0.330479 0.0245146 0.0350536
0 0.267492 0.502438 0.0165814 0.0582041
2 0.347167 0.70141 0.0758389 0.1252
2 0.0356998 0.717723 0.0708963 0.13836
2 0.488275 0.619608 0.0652306 0.100007
2 0.0751839 0.629312 0.0772048 0.102712
2 0.699937 0.935881 0.12634 0.124661
2 0.416041 0.569816 0.055381 0.0856728
7 0.453527 0.452553 0.0413622 0.111473
0 0.377407 0.920423 0.0450779 0.139342
0 0.481213 0.906048 0.0425344 0.126018
2 0.70971 0.396655 0.0375857 0.0518411
2 0.402453 0.496924 0.0374556 0.0766877
3 0.485109 0.962736 0.035229 0.0725325
0 0.19422 0.722378 0.0322297 0.0951831
2 0.179301 0.495621 0.0485993 0.0697839
3 0.194365 0.767212 0.0271886 0.0847065
0 0.124083 0.933031 0.0468508 0.120063
2 0.346592 0.358075 0.02454 0.0455972
0 0.453401 0.644743 0.0274257 0.0826747
3 0.453858 0.679986 0.0257708 0.0626399
7 0.198415 0.42263 0.0629987 0.110383
2 0.376859 0.415991 0.0313717 0.0489521
2 0.105551 0.588585 0.0689822 0.0969784
3 0.293094 0.442586 0.0145055 0.0516581
3 0.380239 0.967965 0.0362627 0.0640698
3 0.268338 0.520058 0.0166008 0.0485545
3 0.293022 0.539856 0.0168473 0.0413877
2 0.382731 0.330479 0.0245146 0.0350536
0 0.267492 0.502438 0.0165814 0.0582041
2 0.347167 0.70141 0.0758389 0.1252
2 0.0356998 0.717723 0.0708963 0.13836
2 0.488275 0.619608 0.0652306 0.100007
2 0.0751839 0.629312 0.0772048 0.102712
2 0.699937 0.935881 0.12634 0.124661
2 0.416041 0.569816 0.055381 0.0856728
7 0.453527 0.452553 0.0413622 0.111473
0 0.377407 0.920423 0.0450779 0.139342
0 0.481213 0.906048 0.0425344 0.126018
2 0.70971 0.396655 0.0375857 0.0518411
2 0.402453 0.496924 0.0374556 0.0766877
3 0.485109 0.962736 0.035229 0.0725325
0 0.19422 0.722378 0.0322297 0.0951831
2 0.179301 0.495621 0.0485993 0.0697839
3 0.194365 0.767212 0.0271886 0.0847065
0 0.124083 0.933031 0.0468508 0.120063
2 0.346592 0.358075 0.02454 0.0455972
0 0.453401 0.644743 0.0274257 0.0826747
3 0.453858 0.679986 0.0257708 0.0626399
7 0.198415 0.42263 0.0629987 0.110383
2 0.376859 0.415991 0.0313717 0.0489521
2 0.105551 0.588585 0.0689822 0.0969784
3 0.293094 0.442586 0.0145055 0.0516581
3 0.380239 0.967965 0.0362627 0.0640698
3 0.268338 0.520058 0.0166008 0.0485545
3 0.293022 0.539856 0.0168473 0.0413877
2 0.382731 0.330479 0.0245146 0.0350536
0 0.267492 0.502438 0.0165814 0.0582041
2 0.347167 0.70141 0.0758389 0.1252
2 0.0356998 0.717723 0.0708963 0.13836
2 0.488275 0.619608 0.0652306 0.100007
2 0.0751839 0.629312 0.0772048 0.102712
2 0.699937 0.935881 0.12634 0.124661
2 0.416041 0.569816 0.055381 0.0856728
7 0.453527 0.452553 0.0413622 0.111473
0 0.377407 0.920423 0.0450779 0.139342
0 0.481213 0.906048 0.0425344 0.126018
2 0.70971 0.396655 0.0375857 0.0518411
2 0.402453 0.496924 0.0374556 0.0766877
3 0.485109 0.962736 0.035229 0.0725325
0 0.19422 0.722378 0.0322297 0.0951831
2 0.179301 0.495621 0.0485993 0.0697839
3 0.194365 0.767212 0.0271886 0.0847065
0 0.124083 0.933031 0.0468508 0.120063
2 0.346592 0.358075 0.02454 0.0455972
0 0.453401 0.644743 0.0274257 0.0826747
3 0.453858 0.679986 0.0257708 0.0626399
7 0.198415 0.42263 0.0629987 0.110383
2 0.376859 0.415991 0.0313717 0.0489521
2 0.105551 0.588585 0.0689822 0.0969784
3 0.293094 0.442586 0.0145055 0.0516581
3 0.380239 0.967965 0.0362627 0.0640698
3 0.268338 0.520058 0.0166008 0.0485545
3 0.293022 0.539856 0.0168473 0.0413877
2 0.382731 0.330479 0.0245146 0.0350536
0 0.267492 0.502438 0.0165814 0.0582041
2 0.347167 0.70141 0.0758389 0.1252
2 0.0356998 0.717723 0.0708963 0.13836
2 0.488275 0.619608 0.0652306 0.100007
2 0.0751839 0.629312 0.0772048 0.102712
2 0.699937 0.935881 0.12634 0.124661
2 0.416041 0.569816 0.055381 0.0856728
7 0.453527 0.452553 0.0413622 0.111473
0 0.377407 0.920423 0.0450779 0.139342
0 0.481213 0.906048 0.0425344 0.126018
2 0.70971 0.396655 0.0375857 0.0518411
2 0.402453 0.496924 0.0374556 0.0766877
3 0.485109 0.962736 0.035229 0.0725325
0 0.19422 0.722378 0.0322297 0.0951831
2 0.179301 0.495621 0.0485993 0.0697839
3 0.194365 0.767212 0.0271886 0.0847065
0 0.124083 0.933031 0.0468508 0.120063
2 0.346592 0.358075 0.02454 0.0455972
0 0.453401 0.644743 0.0274257 0.0826747
3 0.453858 0.679986 0.0257708 0.0626399
7 0.198415 0.42263 0.0629987 0.110383
2 0.376859 0.415991 0.0313717 0.0489521
2 0.105551 0.588585 0.0689822 0.0969784
3 0.293094 0.442586 0.0145055 0.0516581
3 0.380239 0.967965 0.0362627 0.0640698
3 0.268338 0.520058 0.0166008 0.0485545
3 0.293022 0.539856 0.0168473 0.0413877
2 0.382731 0.330479 0.0245146 0.0350536
0 0.267492 0.502438 0.0165814 0.0582041
3 0.123129 0.954331 0.0493473 0.0889623
0 0.399194 0.43407 0.0137863 0.0458711
2 0.751307 0.417042 0.0383974 0.052299
7 0.32165 0.309133 0.0285566 0.0604652
2 0.41616 0.343606 0.019475 0.0340031
2 0.386912 0.37293 0.026536 0.04028
2 0.407558 0.326223 0.0168859 0.0299177
