7 0.199962 0.42657 0.0721098 0.109546
0 0.244317 0.963351 0.04394 0.0718189
2 0.0731647 0.632132 0.0786377 0.103019
2 0.17806 0.501197 0.0497607 0.0681497
5 0.770728 0.412768 0.10949 0.0909602
0 0.0275621 0.785356 0.0302276 0.129101
0 0.337457 0.400786 0.0122191 0.0465083
2 0.372576 0.970748 0.141883 0.0545983
2 0.10087 0.593949 0.0751767 0.0958901
2 0.958269 0.718534 0.0703802 0.152086
7 0.0461964 0.72513 0.0918549 0.151976
2 0.640164 0.369823 0.0310381 0.0211634
2 0.900128 0.719851 0.0803833 0.14452
0 0.303167 0.327344 0.00859265 0.0324834
5 0.957311 0.536933 0.0801352 0.110969
2 0.0316085 0.724259 0.0630856 0.14457
0 0.30295 0.323749 0.0107209 0.0408546
7 0.199962 0.42657 0.0721098 0.109546
0 0.244317 0.963351 0.04394 0.0718189
2 0.0731647 0.632132 0.0786377 0.103019
2 0.17806 0.501197 0.0497607 0.0681497
5 0.770728 0.412768 0.10949 0.0909602
0 0.0275621 0.785356 0.0302276 0.129101
0 0.337457 0.400786 0.0122191 0.0465083
2 0.372576 0.970748 0.141883 0.0545983
2 0.10087 0.593949 0.0751767 0.0958901
2 0.958269 0.718534 0.0703802 0.152086
7 0.0461964 0.72513 0.0918549 0.151976
2 0.640164 0.369823 0.0310381 0.0211634
2 0.900128 0.719851 0.0803833 0.14452
0 0.303167 0.327344 0.00859265 0.0324834
5 0.957311 0.536933 0.0801352 0.110969
2 0.0316085 0.724259 0.0630856 0.14457
0 0.30295 0.323749 0.0107209 0.0408546
7 0.199962 0.42657 0.0721098 0.109546
0 0.244317 0.963351 0.04394 0.0718189
2 0.0731647 0.632132 0.0786377 0.103019
2 0.17806 0.501197 0.0497607 0.0681497
5 0.770728 0.412768 0.10949 0.0909602
0 0.0275621 0.785356 0.0302276 0.129101
0 0.337457 0.400786 0.0122191 0.0465083
2 0.372576 0.970748 0.141883 0.0545983
2 0.10087 0.593949 0.0751767 0.0958901
2 0.958269 0.718534 0.0703802 0.152086
7 0.0461964 0.72513 0.0918549 0.151976
2 0.640164 0.369823 0.0310381 0.0211634
2 0.900128 0.719851 0.0803833 0.14452
0 0.303167 0.327344 0.00859265 0.0324834
5 0.957311 0.536933 0.0801352 0.110969
2 0.0316085 0.724259 0.0630856 0.14457
0 0.30295 0.323749 0.0107209 0.0408546
7 0.199962 0.42657 0.0721098 0.109546
0 0.244317 0.963351 0.04394 0.0718189
2 0.0731647 0.632132 0.0786377 0.103019
2 0.17806 0.501197 0.0497607 0.0681497
5 0.770728 0.412768 0.10949 0.0909602
0 0.0275621 0.785356 0.0302276 0.129101
0 0.337457 0.400786 0.0122191 0.0465083
2 0.372576 0.970748 0.141883 0.0545983
2 0.10087 0.593949 0.0751767 0.0958901
2 0.958269 0.718534 0.0703802 0.152086
7 0.0461964 0.72513 0.0918549 0.151976
2 0.640164 0.369823 0.0310381 0.0211634
2 0.900128 0.719851 0.0803833 0.14452
0 0.303167 0.327344 0.00859265 0.0324834
5 0.957311 0.536933 0.0801352 0.110969
2 0.0316085 0.724259 0.0630856 0.14457
0 0.30295 0.323749 0.0107209 0.0408546
7 0.199962 0.42657 0.0721098 0.109546
0 0.244317 0.963351 0.04394 0.0718189
2 0.0731647 0.632132 0.0786377 0.103019
2 0.17806 0.501197 0.0497607 0.0681497
5 0.770728 0.412768 0.10949 0.0909602
0 0.0275621 0.785356 0.0302276 0.129101
0 0.337457 0.400786 0.0122191 0.0465083
2 0.372576 0.970748 0.141883 0.0545983
2 0.10087 0.593949 0.0751767 0.0958901
2 0.958269 0.718534 0.0703802 0.152086
7 0.0461964 0.72513 0.0918549 0.151976
2 0.640164 0.369823 0.0310381 0.0211634
2 0.900128 0.719851 0.0803833 0.14452
0 0.303167 0.327344 0.00859265 0.0324834
5 0.957311 0.536933 0.0801352 0.110969
2 0.0316085 0.724259 0.0630856 0.14457
0 0.30295 0.323749 0.0107209 0.0408546
7 0.199962 0.42657 0.0721098 0.109546
0 0.244317 0.963351 0.04394 0.0718189
2 0.0731647 0.632132 0.0786377 0.103019
2 0.17806 0.501197 0.0497607 0.0681497
5 0.770728 0.412768 0.10949 0.0909602
0 0.0275621 0.785356 0.0302276 0.129101
0 0.337457 0.400786 0.0122191 0.0465083
2 0.372576 0.970748 0.141883 0.0545983
2 0.10087 0.593949 0.0751767 0.0958901
2 0.958269 0.718534 0.0703802 0.152086
7 0.0461964 0.72513 0.0918549 0.151976
2 0.640164 0.369823 0.0310381 0.0211634
2 0.900128 0.719851 0.0803833 0.14452
0 0.303167 0.327344 0.00859265 0.0324834
5 0.957311 0.536933 0.0801352 0.110969
2 0.0316085 0.724259 0.0630856 0.14457
0 0.30295 0.323749 0.0107209 0.0408546
7 0.199962 0.42657 0.0721098 0.109546
0 0.244317 0.963351 0.04394 0.0718189
2 0.0731647 0.632132 0.0786377 0.103019
2 0.17806 0.501197 0.0497607 0.0681497
5 0.770728 0.412768 0.10949 0.0909602
0 0.0275621 0.785356 0.0302276 0.129101
0 0.337457 0.400786 0.0122191 0.0465083
2 0.372576 0.970748 0.141883 0.0545983
2 0.10087 0.593949 0.0751767 0.0958901
2 0.958269 0.718534 0.0703802 0.152086
7 0.0461964 0.72513 0.0918549 0.151976
2 0.640164 0.369823 0.0310381 0.0211634
2 0.900128 0.719851 0.0803833 0.14452
0 0.303167 0.327344 0.00859265 0.0324834
5 0.957311 0.536933 0.0801352 0.110969
2 0.0316085 0.724259 0.0630856 0.14457
0 0.30295 0.323749 0.0107209 0.0408546
2 0.0738627 0.632874 0.0767938 0.10348
0 0.243355 0.962198 0.0440541 0.0740882
2 0.177979 0.499243 0.0484637 0.0683454
0 0.0269498 0.785059 0.0310596 0.119886
2 0.103433 0.592944 0.0696503 0.0956777
2 0.37301 0.972399 0.139887 0.0534268
7 0.197064 0.426402 0.0606251 0.107788
2 0.959335 0.715127 0.0697718 0.142688
5 0.771179 0.43381 0.111421 0.129739
2 0.90578 0.734727 0.0696838 0.145544
0 0.337305 0.401344 0.0108902 0.0442497
2 0.640162 0.370376 0.032045 0.0244676
2 0.0313145 0.725523 0.0622654 0.145614
0 0.303276 0.326874 0.00781174 0.0347394
2 0.0738627 0.632874 0.0767938 0.10348
0 0.243355 0.962198 0.0440541 0.0740882
2 0.177979 0.499243 0.0484637 0.0683454
0 0.0269498 0.785059 0.0310596 0.119886
2 0.103433 0.592944 0.0696503 0.0956777
2 0.37301 0.972399 0.139887 0.0534268
7 0.197064 0.426402 0.0606251 0.107788
2 0.959335 0.715127 0.0697718 0.142688
5 0.771179 0.43381 0.111421 0.129739
2 0.90578 0.734727 0.0696838 0.145544
0 0.337305 0.401344 0.0108902 0.0442497
2 0.640162 0.370376 0.032045 0.0244676
2 0.0313145 0.725523 0.0622654 0.145614
0 0.303276 0.326874 0.00781174 0.0347394
