2 0.393408 0.80019 0.097434 0.172273
2 0.178102 0.501826 0.0499087 0.068021
7 0.198583 0.42757 0.0746684 0.109871
2 0.0344374 0.730306 0.0686312 0.153334
2 0.0727337 0.633376 0.0789198 0.104321
2 0.546694 0.904459 0.124039 0.1867
0 0.296179 0.735218 0.0350011 0.0906445
0 0.21292 0.81055 0.038969 0.105636
7 0.917107 0.716274 0.124059 0.22977
3 0.210034 0.863118 0.0335776 0.0854801
3 0.29591 0.78287 0.0291864 0.0776903
5 0.774527 0.415137 0.110572 0.0952649
0 0.345814 0.367729 0.00896764 0.0384204
2 0.0952761 0.594166 0.0866818 0.0947449
2 0.0601799 0.697116 0.0495782 0.0956041
0 0.305108 0.313741 0.00752811 0.029953
0 0.870216 0.461114 0.0140316 0.0656363
2 0.957434 0.537033 0.0838415 0.110046
2 0.0672415 0.697176 0.0371808 0.0926926
0 0.0546942 0.757227 0.0266218 0.131302
2 0.393408 0.80019 0.097434 0.172273
2 0.178102 0.501826 0.0499087 0.068021
7 0.198583 0.42757 0.0746684 0.109871
2 0.0344374 0.730306 0.0686312 0.153334
2 0.0727337 0.633376 0.0789198 0.104321
2 0.546694 0.904459 0.124039 0.1867
0 0.296179 0.735218 0.0350011 0.0906445
0 0.21292 0.81055 0.038969 0.105636
7 0.917107 0.716274 0.124059 0.22977
3 0.210034 0.863118 0.0335776 0.0854801
3 0.29591 0.78287 0.0291864 0.0776903
5 0.774527 0.415137 0.110572 0.0952649
0 0.345814 0.367729 0.00896764 0.0384204
2 0.0952761 0.594166 0.0866818 0.0947449
2 0.0601799 0.697116 0.0495782 0.0956041
0 0.305108 0.313741 0.00752811 0.029953
0 0.870216 0.461114 0.0140316 0.0656363
2 0.957434 0.537033 0.0838415 0.110046
2 0.0672415 0.697176 0.0371808 0.0926926
0 0.0546942 0.757227 0.0266218 0.131302
2 0.393408 0.80019 0.097434 0.172273
2 0.178102 0.501826 0.0499087 0.068021
7 0.198583 0.42757 0.0746684 0.109871
2 0.0344374 0.730306 0.0686312 0.153334
2 0.0727337 0.633376 0.0789198 0.104321
2 0.546694 0.904459 0.124039 0.1867
0 0.296179 0.735218 0.0350011 0.0906445
0 0.21292 0.81055 0.038969 0.105636
7 0.917107 0.716274 0.124059 0.22977
3 0.210034 0.863118 0.0335776 0.0854801
3 0.29591 0.78287 0.0291864 0.0776903
5 0.774527 0.415137 0.110572 0.0952649
0 0.345814 0.367729 0.00896764 0.0384204
2 0.0952761 0.594166 0.0866818 0.0947449
2 0.0601799 0.697116 0.0495782 0.0956041
0 0.305108 0.313741 0.00752811 0.029953
0 0.870216 0.461114 0.0140316 0.0656363
2 0.957434 0.537033 0.0838415 0.110046
2 0.0672415 0.697176 0.0371808 0.0926926
0 0.0546942 0.757227 0.0266218 0.131302
2 0.393408 0.80019 0.097434 0.172273
2 0.178102 0.501826 0.0499087 0.068021
7 0.198583 0.42757 0.0746684 0.109871
2 0.0344374 0.730306 0.0686312 0.153334
2 0.0727337 0.633376 0.0789198 0.104321
2 0.546694 0.904459 0.124039 0.1867
0 0.296179 0.735218 0.0350011 0.0906445
0 0.21292 0.81055 0.038969 0.105636
7 0.917107 0.716274 0.124059 0.22977
3 0.210034 0.863118 0.0335776 0.0854801
3 0.29591 0.78287 0.0291864 0.0776903
5 0.774527 0.415137 0.110572 0.0952649
0 0.345814 0.367729 0.00896764 0.0384204
2 0.0952761 0.594166 0.0866818 0.0947449
2 0.0601799 0.697116 0.0495782 0.0956041
0 0.305108 0.313741 0.00752811 0.029953
0 0.870216 0.461114 0.0140316 0.0656363
2 0.957434 0.537033 0.0838415 0.110046
2 0.0672415 0.697176 0.0371808 0.0926926
0 0.0546942 0.757227 0.0266218 0.131302
2 0.393408 0.80019 0.097434 0.172273
2 0.178102 0.501826 0.0499087 0.068021
7 0.198583 0.42757 0.0746684 0.109871
2 0.0344374 0.730306 0.0686312 0.153334
2 0.0727337 0.633376 0.0789198 0.104321
2 0.546694 0.904459 0.124039 0.1867
0 0.296179 0.735218 0.0350011 0.0906445
0 0.21292 0.81055 0.038969 0.105636
7 0.917107 0.716274 0.124059 0.22977
3 0.210034 0.863118 0.0335776 0.0854801
3 0.29591 0.78287 0.0291864 0.0776903
5 0.774527 0.415137 0.110572 0.0952649
0 0.345814 0.367729 0.00896764 0.0384204
2 0.0952761 0.594166 0.0866818 0.0947449
2 0.0601799 0.697116 0.0495782 0.0956041
0 0.305108 0.313741 0.00752811 0.029953
0 0.870216 0.461114 0.0140316 0.0656363
2 0.957434 0.537033 0.0838415 0.110046
2 0.0672415 0.697176 0.0371808 0.0926926
0 0.0546942 0.757227 0.0266218 0.131302
2 0.393408 0.80019 0.097434 0.172273
2 0.178102 0.501826 0.0499087 0.068021
7 0.198583 0.42757 0.0746684 0.109871
2 0.0344374 0.730306 0.0686312 0.153334
2 0.0727337 0.633376 0.0789198 0.104321
2 0.546694 0.904459 0.124039 0.1867
0 0.296179 0.735218 0.0350011 0.0906445
0 0.21292 0.81055 0.038969 0.105636
7 0.917107 0.716274 0.124059 0.22977
3 0.210034 0.863118 0.0335776 0.0854801
3 0.29591 0.78287 0.0291864 0.0776903
5 0.774527 0.415137 0.110572 0.0952649
0 0.345814 0.367729 0.00896764 0.0384204
2 0.0952761 0.594166 0.0866818 0.0947449
2 0.0601799 0.697116 0.0495782 0.0956041
0 0.305108 0.313741 0.00752811 0.029953
0 0.870216 0.461114 0.0140316 0.0656363
2 0.957434 0.537033 0.0838415 0.110046
2 0.0672415 0.697176 0.0371808 0.0926926
0 0.0546942 0.757227 0.0266218 0.131302
2 0.393408 0.80019 0.097434 0.172273
2 0.178102 0.501826 0.0499087 0.068021
7 0.198583 0.42757 0.0746684 0.109871
2 0.0344374 0.730306 0.0686312 0.153334
2 0.0727337 0.633376 0.0789198 0.104321
2 0.546694 0.904459 0.124039 0.1867
0 0.296179 0.735218 0.0350011 0.0906445
0 0.21292 0.81055 0.038969 0.105636
7 0.917107 0.716274 0.124059 0.22977
3 0.210034 0.863118 0.0335776 0.0854801
3 0.29591 0.78287 0.0291864 0.0776903
5 0.774527 0.415137 0.110572 0.0952649
0 0.345814 0.367729 0.00896764 0.0384204
2 0.0952761 0.594166 0.0866818 0.0947449
2 0.0601799 0.697116 0.0495782 0.0956041
0 0.305108 0.313741 0.00752811 0.029953
0 0.870216 0.461114 0.0140316 0.0656363
2 0.957434 0.537033 0.0838415 0.110046
2 0.0672415 0.697176 0.0371808 0.0926926
0 0.0546942 0.757227 0.0266218 0.131302
2 0.546227 0.90443 0.123606 0.184595
2 0.393346 0.802175 0.0966444 0.175673
2 0.0740632 0.6343 0.0773691 0.103518
2 0.177874 0.499708 0.0488262 0.0692793
2 0.0345712 0.72398 0.0689262 0.141092
0 0.296451 0.733123 0.0326201 0.0860223
3 0.295855 0.784918 0.0287619 0.0691216
7 0.196113 0.427738 0.0613857 0.105557
2 0.10396 0.59331 0.0688388 0.0956848
3 0.209328 0.859987 0.0312307 0.0757385
0 0.345285 0.367215 0.00886202 0.0374086
0 0.212404 0.810274 0.0365725 0.102849
7 0.916936 0.719082 0.12076 0.231923
2 0.546227 0.90443 0.123606 0.184595
2 0.393346 0.802175 0.0966444 0.175673
2 0.0740632 0.6343 0.0773691 0.103518
2 0.177874 0.499708 0.0488262 0.0692793
2 0.0345712 0.72398 0.0689262 0.141092
0 0.296451 0.733123 0.0326201 0.0860223
3 0.295855 0.784918 0.0287619 0.0691216
7 0.196113 0.427738 0.0613857 0.105557
2 0.10396 0.59331 0.0688388 0.0956848
3 0.209328 0.859987 0.0312307 0.0757385
0 0.345285 0.367215 0.00886202 0.0374086
0 0.212404 0.810274 0.0365725 0.102849
7 0.916936 0.719082 0.12076 0.231923
