2 0.738536 0.608441 0.121046 0.280556
2 0.92359 0.795907 0.151769 0.395046
2 0.794257 0.350709 0.0949083 0.163485
2 0.0724901 0.832464 0.143981 0.238175
2 0.824511 0.216546 0.0733332 0.144354
2 0.93507 0.262993 0.0855551 0.15369
2 0.980612 0.168152 0.0380909 0.0964307
3 0.686144 0.474514 0.0326898 0.101559
0 0.414656 0.519715 0.0388378 0.0929203
3 0.50553 0.38102 0.0312475 0.0935684
0 0.556067 0.355462 0.0328802 0.108871
3 0.416249 0.562596 0.0471456 0.130081
2 0.954214 0.483994 0.0906319 0.194029
3 0.599436 0.318354 0.0260132 0.0770898
0 0.506246 0.347669 0.0288789 0.0857628
2 0.112458 0.917504 0.223146 0.156988
3 0.359704 0.358826 0.0347718 0.0884802
3 0.420696 0.356899 0.0344132 0.0917384
0 0.503139 0.527628 0.0388168 0.0994693
3 0.657634 0.15951 0.0279539 0.0690259
3 0.557024 0.394943 0.0319416 0.0670694
5 0.965059 0.0623128 0.0690041 0.124006
3 0.454761 0.147498 0.0215178 0.0686594
3 0.647184 0.280522 0.040221 0.0573569
3 0.498267 0.569847 0.0333437 0.11877
3 0.670608 0.91359 0.0392228 0.113122
0 0.687463 0.414171 0.0349345 0.0865328
3 0.712775 0.335979 0.0283722 0.0907191
3 0.77777 0.153052 0.0204933 0.0616878
0 0.59874 0.282889 0.0290047 0.0871007
0 0.580865 0.448329 0.0365959 0.119805
3 0.72654 0.108188 0.0210507 0.0508876
0 0.66837 0.840887 0.0576159 0.168101
2 0.913408 0.107234 0.0627071 0.0909251
2 0.951293 0.391726 0.0966927 0.145987
3 0.380574 0.121267 0.0399222 0.0449261
3 0.492948 0.213373 0.0188275 0.0608267
3 0.756539 0.0815975 0.0173478 0.0431894
3 0.745318 0.244801 0.0285692 0.0820753
0 0.647458 0.251675 0.0312304 0.0906641
0 0.713899 0.29328 0.0296361 0.079955
3 0.584407 0.484471 0.0293517 0.0767197
2 0.370684 0.943863 0.14029 0.108608
0 0.876761 0.17722 0.0242567 0.0976408
7 0.82293 0.0789614 0.0550009 0.0998502
0 0.357325 0.334742 0.0296109 0.088791
2 0.822911 0.0786222 0.0550361 0.0989581
3 0.881057 0.203691 0.0236721 0.0624549
3 0.691522 0.109973 0.0184105 0.0516858
3 0.527416 0.145719 0.0161491 0.0442208
0 0.419429 0.253279 0.0268162 0.07846
0 0.660546 0.125897 0.0213953 0.0685726
2 0.259279 0.929067 0.102201 0.0719998
0 0.7472 0.199089 0.0258274 0.0819472
2 0.94825 0.449042 0.102948 0.262106
2 0.703138 0.982555 0.127434 0.0310713
3 0.757063 0.0744374 0.02043 0.0551574
0 0.492044 0.18663 0.0212157 0.0590225
0 0.527032 0.118101 0.0162098 0.0496617
0 0.421253 0.32335 0.0319162 0.0897599
2 0.898303 0.0478459 0.0557442 0.0673019
2 0.225098 0.952734 0.238318 0.0898743
0 0.728864 0.0764514 0.018516 0.0423376
3 0.778249 0.141016 0.0227992 0.0837384
0 0.562991 0.0726523 0.0146429 0.063564
0 0.687504 0.447307 0.0353449 0.152461
3 0.510237 0.0663663 0.0156107 0.0447282
3 0.581561 0.468743 0.0357557 0.104189
2 0.738536 0.608441 0.121046 0.280556
2 0.92359 0.795907 0.151769 0.395046
2 0.794257 0.350709 0.0949083 0.163485
2 0.0724901 0.832464 0.143981 0.238175
2 0.824511 0.216546 0.0733332 0.144354
2 0.93507 0.262993 0.0855551 0.15369
2 0.980612 0.168152 0.0380909 0.0964307
3 0.686144 0.474514 0.0326898 0.101559
0 0.414656 0.519715 0.0388378 0.0929203
3 0.50553 0.38102 0.0312475 0.0935684
0 0.556067 0.355462 0.0328802 0.108871
3 0.416249 0.562596 0.0471456 0.130081
2 0.954214 0.483994 0.0906319 0.194029
3 0.599436 0.318354 0.0260132 0.0770898
0 0.506246 0.347669 0.0288789 0.0857628
2 0.112458 0.917504 0.223146 0.156988
3 0.359704 0.358826 0.0347718 0.0884802
3 0.420696 0.356899 0.0344132 0.0917384
0 0.503139 0.527628 0.0388168 0.0994693
3 0.657634 0.15951 0.0279539 0.0690259
3 0.557024 0.394943 0.0319416 0.0670694
5 0.965059 0.0623128 0.0690041 0.124006
3 0.454761 0.147498 0.0215178 0.0686594
3 0.647184 0.280522 0.040221 0.0573569
3 0.498267 0.569847 0.0333437 0.11877
3 0.670608 0.91359 0.0392228 0.113122
0 0.687463 0.414171 0.0349345 0.0865328
3 0.712775 0.335979 0.0283722 0.0907191
3 0.77777 0.153052 0.0204933 0.0616878
0 0.59874 0.282889 0.0290047 0.0871007
0 0.580865 0.448329 0.0365959 0.119805
3 0.72654 0.108188 0.0210507 0.0508876
0 0.66837 0.840887 0.0576159 0.168101
2 0.913408 0.107234 0.0627071 0.0909251
2 0.951293 0.391726 0.0966927 0.145987
3 0.380574 0.121267 0.0399222 0.0449261
3 0.492948 0.213373 0.0188275 0.0608267
3 0.756539 0.0815975 0.0173478 0.0431894
3 0.745318 0.244801 0.0285692 0.0820753
0 0.647458 0.251675 0.0312304 0.0906641
0 0.713899 0.29328 0.0296361 0.079955
3 0.584407 0.484471 0.0293517 0.0767197
2 0.370684 0.943863 0.14029 0.108608
0 0.876761 0.17722 0.0242567 0.0976408
7 0.82293 0.0789614 0.0550009 0.0998502
0 0.357325 0.334742 0.0296109 0.088791
2 0.822911 0.0786222 0.0550361 0.0989581
3 0.881057 0.203691 0.0236721 0.0624549
3 0.691522 0.109973 0.0184105 0.0516858
3 0.527416 0.145719 0.0161491 0.0442208
0 0.419429 0.253279 0.0268162 0.07846
0 0.660546 0.125897 0.0213953 0.0685726
2 0.259279 0.929067 0.102201 0.0719998
0 0.7472 0.199089 0.0258274 0.0819472
2 0.94825 0.449042 0.102948 0.262106
2 0.703138 0.982555 0.127434 0.0310713
3 0.757063 0.0744374 0.02043 0.0551574
0 0.492044 0.18663 0.0212157 0.0590225
0 0.527032 0.118101 0.0162098 0.0496617
0 0.421253 0.32335 0.0319162 0.0897599
2 0.898303 0.0478459 0.0557442 0.0673019
2 0.225098 0.952734 0.238318 0.0898743
0 0.728864 0.0764514 0.018516 0.0423376
3 0.778249 0.141016 0.0227992 0.0837384
0 0.562991 0.0726523 0.0146429 0.063564
0 0.687504 0.447307 0.0353449 0.152461
3 0.510237 0.0663663 0.0156107 0.0447282
3 0.581561 0.468743 0.0357557 0.104189
2 0.738536 0.608441 0.121046 0.280556
2 0.92359 0.795907 0.151769 0.395046
2 0.794257 0.350709 0.0949083 0.163485
2 0.0724901 0.832464 0.143981 0.238175
2 0.824511 0.216546 0.0733332 0.144354
2 0.93507 0.262993 0.0855551 0.15369
2 0.980612 0.168152 0.0380909 0.0964307
3 0.686144 0.474514 0.0326898 0.101559
0 0.414656 0.519715 0.0388378 0.0929203
3 0.50553 0.38102 0.0312475 0.0935684
0 0.556067 0.355462 0.0328802 0.108871
3 0.416249 0.562596 0.0471456 0.130081
2 0.954214 0.483994 0.0906319 0.194029
3 0.599436 0.318354 0.0260132 0.0770898
0 0.506246 0.347669 0.0288789 0.0857628
2 0.112458 0.917504 0.223146 0.156988
3 0.359704 0.358826 0.0347718 0.0884802
3 0.420696 0.356899 0.0344132 0.0917384
0 0.503139 0.527628 0.0388168 0.0994693
3 0.657634 0.15951 0.0279539 0.0690259
3 0.557024 0.394943 0.0319416 0.0670694
5 0.965059 0.0623128 0.0690041 0.124006
3 0.454761 0.147498 0.0215178 0.0686594
3 0.647184 0.280522 0.040221 0.0573569
3 0.498267 0.569847 0.0333437 0.11877
3 0.670608 0.91359 0.0392228 0.113122
0 0.687463 0.414171 0.0349345 0.0865328
3 0.712775 0.335979 0.0283722 0.0907191
3 0.77777 0.153052 0.0204933 0.0616878
0 0.59874 0.282889 0.0290047 0.0871007
0 0.580865 0.448329 0.0365959 0.119805
3 0.72654 0.108188 0.0210507 0.0508876
0 0.66837 0.840887 0.0576159 0.168101
2 0.913408 0.107234 0.0627071 0.0909251
2 0.951293 0.391726 0.0966927 0.145987
3 0.380574 0.121267 0.0399222 0.0449261
3 0.492948 0.213373 0.0188275 0.0608267
3 0.756539 0.0815975 0.0173478 0.0431894
3 0.745318 0.244801 0.0285692 0.0820753
0 0.647458 0.251675 0.0312304 0.0906641
0 0.713899 0.29328 0.0296361 0.079955
3 0.584407 0.484471 0.0293517 0.0767197
2 0.370684 0.943863 0.14029 0.108608
0 0.876761 0.17722 0.0242567 0.0976408
7 0.82293 0.0789614 0.0550009 0.0998502
0 0.357325 0.334742 0.0296109 0.088791
2 0.822911 0.0786222 0.0550361 0.0989581
3 0.881057 0.203691 0.0236721 0.0624549
3 0.691522 0.109973 0.0184105 0.0516858
3 0.527416 0.145719 0.0161491 0.0442208
0 0.419429 0.253279 0.0268162 0.07846
0 0.660546 0.125897 0.0213953 0.0685726
2 0.259279 0.929067 0.102201 0.0719998
0 0.7472 0.199089 0.0258274 0.0819472
2 0.94825 0.449042 0.102948 0.262106
2 0.703138 0.982555 0.127434 0.0310713
3 0.757063 0.0744374 0.02043 0.0551574
0 0.492044 0.18663 0.0212157 0.0590225
0 0.527032 0.118101 0.0162098 0.0496617
0 0.421253 0.32335 0.0319162 0.0897599
2 0.898303 0.0478459 0.0557442 0.0673019
2 0.225098 0.952734 0.238318 0.0898743
0 0.728864 0.0764514 0.018516 0.0423376
3 0.778249 0.141016 0.0227992 0.0837384
0 0.562991 0.0726523 0.0146429 0.063564
0 0.687504 0.447307 0.0353449 0.152461
3 0.510237 0.0663663 0.0156107 0.0447282
3 0.581561 0.468743 0.0357557 0.104189
2 0.738536 0.608441 0.121046 0.280556
2 0.92359 0.795907 0.151769 0.395046
2 0.794257 0.350709 0.0949083 0.163485
2 0.0724901 0.832464 0.143981 0.238175
2 0.824511 0.216546 0.0733332 0.144354
2 0.93507 0.262993 0.0855551 0.15369
2 0.980612 0.168152 0.0380909 0.0964307
3 0.686144 0.474514 0.0326898 0.101559
0 0.414656 0.519715 0.0388378 0.0929203
3 0.50553 0.38102 0.0312475 0.0935684
0 0.556067 0.355462 0.0328802 0.108871
3 0.416249 0.562596 0.0471456 0.130081
2 0.954214 0.483994 0.0906319 0.194029
3 0.599436 0.318354 0.0260132 0.0770898
0 0.506246 0.347669 0.0288789 0.0857628
2 0.112458 0.917504 0.223146 0.156988
3 0.359704 0.358826 0.0347718 0.0884802
3 0.420696 0.356899 0.0344132 0.0917384
0 0.503139 0.527628 0.0388168 0.0994693
3 0.657634 0.15951 0.0279539 0.0690259
3 0.557024 0.394943 0.0319416 0.0670694
5 0.965059 0.0623128 0.0690041 0.124006
3 0.454761 0.147498 0.0215178 0.0686594
3 0.647184 0.280522 0.040221 0.0573569
3 0.498267 0.569847 0.0333437 0.11877
3 0.670608 0.91359 0.0392228 0.113122
0 0.687463 0.414171 0.0349345 0.0865328
3 0.712775 0.335979 0.0283722 0.0907191
3 0.77777 0.153052 0.0204933 0.0616878
0 0.59874 0.282889 0.0290047 0.0871007
0 0.580865 0.448329 0.0365959 0.119805
3 0.72654 0.108188 0.0210507 0.0508876
0 0.66837 0.840887 0.0576159 0.168101
2 0.913408 0.107234 0.0627071 0.0909251
2 0.951293 0.391726 0.0966927 0.145987
3 0.380574 0.121267 0.0399222 0.0449261
3 0.492948 0.213373 0.0188275 0.0608267
3 0.756539 0.0815975 0.0173478 0.0431894
3 0.745318 0.244801 0.0285692 0.0820753
0 0.647458 0.251675 0.0312304 0.0906641
0 0.713899 0.29328 0.0296361 0.079955
3 0.584407 0.484471 0.0293517 0.0767197
2 0.370684 0.943863 0.14029 0.108608
0 0.876761 0.17722 0.0242567 0.0976408
7 0.82293 0.0789614 0.0550009 0.0998502
0 0.357325 0.334742 0.0296109 0.088791
2 0.822911 0.0786222 0.0550361 0.0989581
3 0.881057 0.203691 0.0236721 0.0624549
3 0.691522 0.109973 0.0184105 0.0516858
3 0.527416 0.145719 0.0161491 0.0442208
0 0.419429 0.253279 0.0268162 0.07846
0 0.660546 0.125897 0.0213953 0.0685726
2 0.259279 0.929067 0.102201 0.0719998
0 0.7472 0.199089 0.0258274 0.0819472
2 0.94825 0.449042 0.102948 0.262106
2 0.703138 0.982555 0.127434 0.0310713
3 0.757063 0.0744374 0.02043 0.0551574
0 0.492044 0.18663 0.0212157 0.0590225
0 0.527032 0.118101 0.0162098 0.0496617
0 0.421253 0.32335 0.0319162 0.0897599
2 0.898303 0.0478459 0.0557442 0.0673019
2 0.225098 0.952734 0.238318 0.0898743
0 0.728864 0.0764514 0.018516 0.0423376
3 0.778249 0.141016 0.0227992 0.0837384
0 0.562991 0.0726523 0.0146429 0.063564
0 0.687504 0.447307 0.0353449 0.152461
3 0.510237 0.0663663 0.0156107 0.0447282
3 0.581561 0.468743 0.0357557 0.104189
2 0.738536 0.608441 0.121046 0.280556
2 0.92359 0.795907 0.151769 0.395046
2 0.794257 0.350709 0.0949083 0.163485
2 0.0724901 0.832464 0.143981 0.238175
2 0.824511 0.216546 0.0733332 0.144354
2 0.93507 0.262993 0.0855551 0.15369
2 0.980612 0.168152 0.0380909 0.0964307
3 0.686144 0.474514 0.0326898 0.101559
0 0.414656 0.519715 0.0388378 0.0929203
3 0.50553 0.38102 0.0312475 0.0935684
0 0.556067 0.355462 0.0328802 0.108871
3 0.416249 0.562596 0.0471456 0.130081
2 0.954214 0.483994 0.0906319 0.194029
3 0.599436 0.318354 0.0260132 0.0770898
0 0.506246 0.347669 0.0288789 0.0857628
2 0.112458 0.917504 0.223146 0.156988
3 0.359704 0.358826 0.0347718 0.0884802
3 0.420696 0.356899 0.0344132 0.0917384
0 0.503139 0.527628 0.0388168 0.0994693
3 0.657634 0.15951 0.0279539 0.0690259
3 0.557024 0.394943 0.0319416 0.0670694
5 0.965059 0.0623128 0.0690041 0.124006
3 0.454761 0.147498 0.0215178 0.0686594
3 0.647184 0.280522 0.040221 0.0573569
3 0.498267 0.569847 0.0333437 0.11877
3 0.670608 0.91359 0.0392228 0.113122
0 0.687463 0.414171 0.0349345 0.0865328
3 0.712775 0.335979 0.0283722 0.0907191
3 0.77777 0.153052 0.0204933 0.0616878
0 0.59874 0.282889 0.0290047 0.0871007
0 0.580865 0.448329 0.0365959 0.119805
3 0.72654 0.108188 0.0210507 0.0508876
0 0.66837 0.840887 0.0576159 0.168101
2 0.913408 0.107234 0.0627071 0.0909251
2 0.951293 0.391726 0.0966927 0.145987
3 0.380574 0.121267 0.0399222 0.0449261
3 0.492948 0.213373 0.0188275 0.0608267
3 0.756539 0.0815975 0.0173478 0.0431894
3 0.745318 0.244801 0.0285692 0.0820753
0 0.647458 0.251675 0.0312304 0.0906641
0 0.713899 0.29328 0.0296361 0.079955
3 0.584407 0.484471 0.0293517 0.0767197
2 0.370684 0.943863 0.14029 0.108608
0 0.876761 0.17722 0.0242567 0.0976408
7 0.82293 0.0789614 0.0550009 0.0998502
0 0.357325 0.334742 0.0296109 0.088791
2 0.822911 0.0786222 0.0550361 0.0989581
3 0.881057 0.203691 0.0236721 0.0624549
3 0.691522 0.109973 0.0184105 0.0516858
3 0.527416 0.145719 0.0161491 0.0442208
0 0.419429 0.253279 0.0268162 0.07846
0 0.660546 0.125897 0.0213953 0.0685726
2 0.259279 0.929067 0.102201 0.0719998
0 0.7472 0.199089 0.0258274 0.0819472
2 0.94825 0.449042 0.102948 0.262106
2 0.703138 0.982555 0.127434 0.0310713
3 0.757063 0.0744374 0.02043 0.0551574
0 0.492044 0.18663 0.0212157 0.0590225
0 0.527032 0.118101 0.0162098 0.0496617
0 0.421253 0.32335 0.0319162 0.0897599
2 0.898303 0.0478459 0.0557442 0.0673019
2 0.225098 0.952734 0.238318 0.0898743
0 0.728864 0.0764514 0.018516 0.0423376
3 0.778249 0.141016 0.0227992 0.0837384
0 0.562991 0.0726523 0.0146429 0.063564
0 0.687504 0.447307 0.0353449 0.152461
3 0.510237 0.0663663 0.0156107 0.0447282
3 0.581561 0.468743 0.0357557 0.104189
2 0.738536 0.608441 0.121046 0.280556
2 0.92359 0.795907 0.151769 0.395046
2 0.794257 0.350709 0.0949083 0.163485
2 0.0724901 0.832464 0.143981 0.238175
2 0.824511 0.216546 0.0733332 0.144354
2 0.93507 0.262993 0.0855551 0.15369
2 0.980612 0.168152 0.0380909 0.0964307
3 0.686144 0.474514 0.0326898 0.101559
0 0.414656 0.519715 0.0388378 0.0929203
3 0.50553 0.38102 0.0312475 0.0935684
0 0.556067 0.355462 0.0328802 0.108871
3 0.416249 0.562596 0.0471456 0.130081
2 0.954214 0.483994 0.0906319 0.194029
3 0.599436 0.318354 0.0260132 0.0770898
0 0.506246 0.347669 0.0288789 0.0857628
2 0.112458 0.917504 0.223146 0.156988
3 0.359704 0.358826 0.0347718 0.0884802
3 0.420696 0.356899 0.0344132 0.0917384
0 0.503139 0.527628 0.0388168 0.0994693
3 0.657634 0.15951 0.0279539 0.0690259
3 0.557024 0.394943 0.0319416 0.0670694
5 0.965059 0.0623128 0.0690041 0.124006
3 0.454761 0.147498 0.0215178 0.0686594
3 0.647184 0.280522 0.040221 0.0573569
3 0.498267 0.569847 0.0333437 0.11877
3 0.670608 0.91359 0.0392228 0.113122
0 0.687463 0.414171 0.0349345 0.0865328
3 0.712775 0.335979 0.0283722 0.0907191
3 0.77777 0.153052 0.0204933 0.0616878
0 0.59874 0.282889 0.0290047 0.0871007
0 0.580865 0.448329 0.0365959 0.119805
3 0.72654 0.108188 0.0210507 0.0508876
0 0.66837 0.840887 0.0576159 0.168101
2 0.913408 0.107234 0.0627071 0.0909251
2 0.951293 0.391726 0.0966927 0.145987
3 0.380574 0.121267 0.0399222 0.0449261
3 0.492948 0.213373 0.0188275 0.0608267
3 0.756539 0.0815975 0.0173478 0.0431894
3 0.745318 0.244801 0.0285692 0.0820753
0 0.647458 0.251675 0.0312304 0.0906641
0 0.713899 0.29328 0.0296361 0.079955
3 0.584407 0.484471 0.0293517 0.0767197
2 0.370684 0.943863 0.14029 0.108608
0 0.876761 0.17722 0.0242567 0.0976408
7 0.82293 0.0789614 0.0550009 0.0998502
0 0.357325 0.334742 0.0296109 0.088791
2 0.822911 0.0786222 0.0550361 0.0989581
3 0.881057 0.203691 0.0236721 0.0624549
3 0.691522 0.109973 0.0184105 0.0516858
3 0.527416 0.145719 0.0161491 0.0442208
0 0.419429 0.253279 0.0268162 0.07846
0 0.660546 0.125897 0.0213953 0.0685726
2 0.259279 0.929067 0.102201 0.0719998
0 0.7472 0.199089 0.0258274 0.0819472
2 0.94825 0.449042 0.102948 0.262106
2 0.703138 0.982555 0.127434 0.0310713
3 0.757063 0.0744374 0.02043 0.0551574
0 0.492044 0.18663 0.0212157 0.0590225
0 0.527032 0.118101 0.0162098 0.0496617
0 0.421253 0.32335 0.0319162 0.0897599
2 0.898303 0.0478459 0.0557442 0.0673019
2 0.225098 0.952734 0.238318 0.0898743
0 0.728864 0.0764514 0.018516 0.0423376
3 0.778249 0.141016 0.0227992 0.0837384
0 0.562991 0.0726523 0.0146429 0.063564
0 0.687504 0.447307 0.0353449 0.152461
3 0.510237 0.0663663 0.0156107 0.0447282
3 0.581561 0.468743 0.0357557 0.104189
2 0.0724277 0.832875 0.144613 0.240515
2 0.736942 0.611892 0.116478 0.282524
2 0.793275 0.352502 0.0888189 0.166735
2 0.113069 0.914127 0.225064 0.152194
2 0.935788 0.26528 0.0873787 0.15749
2 0.825337 0.219269 0.0758963 0.141209
3 0.685879 0.475045 0.0329742 0.0980964
3 0.416025 0.558414 0.0461935 0.135599
2 0.951066 0.448512 0.0970779 0.268483
3 0.67008 0.899672 0.0508095 0.142793
3 0.713045 0.337457 0.0291754 0.0851073
3 0.501932 0.564643 0.0414213 0.129645
2 0.980653 0.167533 0.0379372 0.100539
0 0.414413 0.518 0.0382421 0.08812
5 0.964539 0.0615274 0.0702171 0.123055
3 0.583732 0.480713 0.0346994 0.0833809
3 0.506011 0.380669 0.0313349 0.0910053
0 0.687354 0.408384 0.03557 0.074599
3 0.599533 0.321242 0.0252165 0.0726977
0 0.555889 0.355984 0.0318439 0.108855
3 0.359018 0.360702 0.0301898 0.0803035
2 0.923021 0.794773 0.153241 0.394858
0 0.580794 0.444763 0.035633 0.11107
0 0.502066 0.529089 0.038749 0.099947
2 0.0724277 0.832875 0.144613 0.240515
2 0.736942 0.611892 0.116478 0.282524
2 0.793275 0.352502 0.0888189 0.166735
2 0.113069 0.914127 0.225064 0.152194
2 0.935788 0.26528 0.0873787 0.15749
2 0.825337 0.219269 0.0758963 0.141209
3 0.685879 0.475045 0.0329742 0.0980964
3 0.416025 0.558414 0.0461935 0.135599
2 0.951066 0.448512 0.0970779 0.268483
3 0.67008 0.899672 0.0508095 0.142793
3 0.713045 0.337457 0.0291754 0.0851073
3 0.501932 0.564643 0.0414213 0.129645
2 0.980653 0.167533 0.0379372 0.100539
0 0.414413 0.518 0.0382421 0.08812
5 0.964539 0.0615274 0.0702171 0.123055
3 0.583732 0.480713 0.0346994 0.0833809
3 0.506011 0.380669 0.0313349 0.0910053
0 0.687354 0.408384 0.03557 0.074599
3 0.599533 0.321242 0.0252165 0.0726977
0 0.555889 0.355984 0.0318439 0.108855
3 0.359018 0.360702 0.0301898 0.0803035
2 0.923021 0.794773 0.153241 0.394858
0 0.580794 0.444763 0.035633 0.11107
0 0.502066 0.529089 0.038749 0.099947
