2 0.119813 0.752617 0.115075 0.13958
2 0.065776 0.691647 0.131328 0.142902
2 0.558162 0.714504 0.0846119 0.13425
2 0.259434 0.586795 0.0580518 0.105952
2 0.315657 0.958718 0.133148 0.0779833
7 0.202146 0.419446 0.0712097 0.103579
2 0.418159 0.35721 0.0208036 0.0363498
2 0.179037 0.494202 0.0493994 0.0719726
0 0.352516 0.6568 0.029204 0.0872715
2 0.973626 0.492587 0.0521667 0.0826246
2 0.0758676 0.605852 0.0719492 0.061636
7 0.434792 0.605349 0.0654471 0.20605
3 0.961185 0.666583 0.0338356 0.0821106
0 0.509048 0.575132 0.022961 0.0717702
3 0.353259 0.688638 0.0266211 0.0808119
2 0.291779 0.439861 0.0328353 0.0621865
0 0.961818 0.618855 0.0346752 0.0541959
5 0.355077 0.351631 0.0344129 0.0850823
2 0.104878 0.58322 0.0684036 0.0877326
3 0.510294 0.606178 0.0199952 0.0523421
3 0.389283 0.446876 0.0162697 0.0490712
7 0.465493 0.431644 0.0390839 0.102758
5 0.465301 0.431999 0.0390534 0.102677
0 0.355169 0.43849 0.0155826 0.0535809
3 0.330484 0.419654 0.0144318 0.0504067
7 0.355109 0.352351 0.0333793 0.0848384
0 0.330694 0.419158 0.014625 0.0504781
0 0.788063 0.452286 0.0168808 0.054117
2 0.407628 0.333579 0.0166716 0.0320223
3 0.876078 0.53628 0.026548 0.0828386
0 0.289401 0.359652 0.00865574 0.0388381
2 0.388824 0.325354 0.0183772 0.0277791
2 0.365741 0.293136 0.0200253 0.034827
3 0.38962 0.408776 0.0169996 0.0457681
2 0.362828 0.501547 0.0178494 0.0531815
2 0.389884 0.317897 0.0211427 0.0415368
0 0.961895 0.642532 0.0354767 0.0985629
3 0.367669 0.565315 0.0202351 0.0701265
0 0.25464 0.361106 0.00979757 0.0420085
0 0.391808 0.397848 0.0172586 0.049392
2 0.119813 0.752617 0.115075 0.13958
2 0.065776 0.691647 0.131328 0.142902
2 0.558162 0.714504 0.0846119 0.13425
2 0.259434 0.586795 0.0580518 0.105952
2 0.315657 0.958718 0.133148 0.0779833
7 0.202146 0.419446 0.0712097 0.103579
2 0.418159 0.35721 0.0208036 0.0363498
2 0.179037 0.494202 0.0493994 0.0719726
0 0.352516 0.6568 0.029204 0.0872715
2 0.973626 0.492587 0.0521667 0.0826246
2 0.0758676 0.605852 0.0719492 0.061636
7 0.434792 0.605349 0.0654471 0.20605
3 0.961185 0.666583 0.0338356 0.0821106
0 0.509048 0.575132 0.022961 0.0717702
3 0.353259 0.688638 0.0266211 0.0808119
2 0.291779 0.439861 0.0328353 0.0621865
0 0.961818 0.618855 0.0346752 0.0541959
5 0.355077 0.351631 0.0344129 0.0850823
2 0.104878 0.58322 0.0684036 0.0877326
3 0.510294 0.606178 0.0199952 0.0523421
3 0.389283 0.446876 0.0162697 0.0490712
7 0.465493 0.431644 0.0390839 0.102758
5 0.465301 0.431999 0.0390534 0.102677
0 0.355169 0.43849 0.0155826 0.0535809
3 0.330484 0.419654 0.0144318 0.0504067
7 0.355109 0.352351 0.0333793 0.0848384
0 0.330694 0.419158 0.014625 0.0504781
0 0.788063 0.452286 0.0168808 0.054117
2 0.407628 0.333579 0.0166716 0.0320223
3 0.876078 0.53628 0.026548 0.0828386
0 0.289401 0.359652 0.00865574 0.0388381
2 0.388824 0.325354 0.0183772 0.0277791
2 0.365741 0.293136 0.0200253 0.034827
3 0.38962 0.408776 0.0169996 0.0457681
2 0.362828 0.501547 0.0178494 0.0531815
2 0.389884 0.317897 0.0211427 0.0415368
0 0.961895 0.642532 0.0354767 0.0985629
3 0.367669 0.565315 0.0202351 0.0701265
0 0.25464 0.361106 0.00979757 0.0420085
0 0.391808 0.397848 0.0172586 0.049392
2 0.119813 0.752617 0.115075 0.13958
2 0.065776 0.691647 0.131328 0.142902
2 0.558162 0.714504 0.0846119 0.13425
2 0.259434 0.586795 0.0580518 0.105952
2 0.315657 0.958718 0.133148 0.0779833
7 0.202146 0.419446 0.0712097 0.103579
2 0.418159 0.35721 0.0208036 0.0363498
2 0.179037 0.494202 0.0493994 0.0719726
0 0.352516 0.6568 0.029204 0.0872715
2 0.973626 0.492587 0.0521667 0.0826246
2 0.0758676 0.605852 0.0719492 0.061636
7 0.434792 0.605349 0.0654471 0.20605
3 0.961185 0.666583 0.0338356 0.0821106
0 0.509048 0.575132 0.022961 0.0717702
3 0.353259 0.688638 0.0266211 0.0808119
2 0.291779 0.439861 0.0328353 0.0621865
0 0.961818 0.618855 0.0346752 0.0541959
5 0.355077 0.351631 0.0344129 0.0850823
2 0.104878 0.58322 0.0684036 0.0877326
3 0.510294 0.606178 0.0199952 0.0523421
3 0.389283 0.446876 0.0162697 0.0490712
7 0.465493 0.431644 0.0390839 0.102758
5 0.465301 0.431999 0.0390534 0.102677
0 0.355169 0.43849 0.0155826 0.0535809
3 0.330484 0.419654 0.0144318 0.0504067
7 0.355109 0.352351 0.0333793 0.0848384
0 0.330694 0.419158 0.014625 0.0504781
0 0.788063 0.452286 0.0168808 0.054117
2 0.407628 0.333579 0.0166716 0.0320223
3 0.876078 0.53628 0.026548 0.0828386
0 0.289401 0.359652 0.00865574 0.0388381
2 0.388824 0.325354 0.0183772 0.0277791
2 0.365741 0.293136 0.0200253 0.034827
3 0.38962 0.408776 0.0169996 0.0457681
2 0.362828 0.501547 0.0178494 0.0531815
2 0.389884 0.317897 0.0211427 0.0415368
0 0.961895 0.642532 0.0354767 0.0985629
3 0.367669 0.565315 0.0202351 0.0701265
0 0.25464 0.361106 0.00979757 0.0420085
0 0.391808 0.397848 0.0172586 0.049392
2 0.119813 0.752617 0.115075 0.13958
2 0.065776 0.691647 0.131328 0.142902
2 0.558162 0.714504 0.0846119 0.13425
2 0.259434 0.586795 0.0580518 0.105952
2 0.315657 0.958718 0.133148 0.0779833
7 0.202146 0.419446 0.0712097 0.103579
2 0.418159 0.35721 0.0208036 0.0363498
2 0.179037 0.494202 0.0493994 0.0719726
0 0.352516 0.6568 0.029204 0.0872715
2 0.973626 0.492587 0.0521667 0.0826246
2 0.0758676 0.605852 0.0719492 0.061636
7 0.434792 0.605349 0.0654471 0.20605
3 0.961185 0.666583 0.0338356 0.0821106
0 0.509048 0.575132 0.022961 0.0717702
3 0.353259 0.688638 0.0266211 0.0808119
2 0.291779 0.439861 0.0328353 0.0621865
0 0.961818 0.618855 0.0346752 0.0541959
5 0.355077 0.351631 0.0344129 0.0850823
2 0.104878 0.58322 0.0684036 0.0877326
3 0.510294 0.606178 0.0199952 0.0523421
3 0.389283 0.446876 0.0162697 0.0490712
7 0.465493 0.431644 0.0390839 0.102758
5 0.465301 0.431999 0.0390534 0.102677
0 0.355169 0.43849 0.0155826 0.0535809
3 0.330484 0.419654 0.0144318 0.0504067
7 0.355109 0.352351 0.0333793 0.0848384
0 0.330694 0.419158 0.014625 0.0504781
0 0.788063 0.452286 0.0168808 0.054117
2 0.407628 0.333579 0.0166716 0.0320223
3 0.876078 0.53628 0.026548 0.0828386
0 0.289401 0.359652 0.00865574 0.0388381
2 0.388824 0.325354 0.0183772 0.0277791
2 0.365741 0.293136 0.0200253 0.034827
3 0.38962 0.408776 0.0169996 0.0457681
2 0.362828 0.501547 0.0178494 0.0531815
2 0.389884 0.317897 0.0211427 0.0415368
0 0.961895 0.642532 0.0354767 0.0985629
3 0.367669 0.565315 0.0202351 0.0701265
0 0.25464 0.361106 0.00979757 0.0420085
0 0.391808 0.397848 0.0172586 0.049392
