2 0.0313229 0.722879 0.0626457 0.1412
2 0.0731639 0.634082 0.0797563 0.105273
7 0.199044 0.42708 0.0736469 0.109867
0 0.0672937 0.733023 0.0318215 0.135235
2 0.178136 0.501007 0.0496084 0.0677533
2 0.940116 0.788748 0.0704123 0.174574
2 0.101651 0.593456 0.075125 0.0958341
0 0.268148 0.583366 0.020317 0.0797758
2 0.958173 0.675588 0.0687347 0.0630222
0 0.292988 0.382869 0.0102263 0.0425258
2 0.809557 0.410874 0.036046 0.051502
2 0.952652 0.792051 0.0932934 0.185047
5 0.922926 0.499632 0.149002 0.185108
2 0.92841 0.728758 0.132454 0.171475
2 0.977355 0.523082 0.0424149 0.0630768
3 0.268571 0.606332 0.0203244 0.046328
2 0.295325 0.323794 0.0166363 0.0363607
2 0.0313229 0.722879 0.0626457 0.1412
2 0.0731639 0.634082 0.0797563 0.105273
7 0.199044 0.42708 0.0736469 0.109867
0 0.0672937 0.733023 0.0318215 0.135235
2 0.178136 0.501007 0.0496084 0.0677533
2 0.940116 0.788748 0.0704123 0.174574
2 0.101651 0.593456 0.075125 0.0958341
0 0.268148 0.583366 0.020317 0.0797758
2 0.958173 0.675588 0.0687347 0.0630222
0 0.292988 0.382869 0.0102263 0.0425258
2 0.809557 0.410874 0.036046 0.051502
2 0.952652 0.792051 0.0932934 0.185047
5 0.922926 0.499632 0.149002 0.185108
2 0.92841 0.728758 0.132454 0.171475
2 0.977355 0.523082 0.0424149 0.0630768
3 0.268571 0.606332 0.0203244 0.046328
2 0.295325 0.323794 0.0166363 0.0363607
2 0.0313229 0.722879 0.0626457 0.1412
2 0.0731639 0.634082 0.0797563 0.105273
7 0.199044 0.42708 0.0736469 0.109867
0 0.0672937 0.733023 0.0318215 0.135235
2 0.178136 0.501007 0.0496084 0.0677533
2 0.940116 0.788748 0.0704123 0.174574
2 0.101651 0.593456 0.075125 0.0958341
0 0.268148 0.583366 0.020317 0.0797758
2 0.958173 0.675588 0.0687347 0.0630222
0 0.292988 0.382869 0.0102263 0.0425258
2 0.809557 0.410874 0.036046 0.051502
2 0.952652 0.792051 0.0932934 0.185047
5 0.922926 0.499632 0.149002 0.185108
2 0.92841 0.728758 0.132454 0.171475
2 0.977355 0.523082 0.0424149 0.0630768
3 0.268571 0.606332 0.0203244 0.046328
2 0.295325 0.323794 0.0166363 0.0363607
2 0.0313229 0.722879 0.0626457 0.1412
2 0.0731639 0.634082 0.0797563 0.105273
7 0.199044 0.42708 0.0736469 0.109867
0 0.0672937 0.733023 0.0318215 0.135235
2 0.178136 0.501007 0.0496084 0.0677533
2 0.940116 0.788748 0.0704123 0.174574
2 0.101651 0.593456 0.075125 0.0958341
0 0.268148 0.583366 0.020317 0.0797758
2 0.958173 0.675588 0.0687347 0.0630222
0 0.292988 0.382869 0.0102263 0.0425258
2 0.809557 0.410874 0.036046 0.051502
2 0.952652 0.792051 0.0932934 0.185047
5 0.922926 0.499632 0.149002 0.185108
2 0.92841 0.728758 0.132454 0.171475
2 0.977355 0.523082 0.0424149 0.0630768
3 0.268571 0.606332 0.0203244 0.046328
2 0.295325 0.323794 0.0166363 0.0363607
2 0.0313229 0.722879 0.0626457 0.1412
2 0.0731639 0.634082 0.0797563 0.105273
7 0.199044 0.42708 0.0736469 0.109867
0 0.0672937 0.733023 0.0318215 0.135235
2 0.178136 0.501007 0.0496084 0.0677533
2 0.940116 0.788748 0.0704123 0.174574
2 0.101651 0.593456 0.075125 0.0958341
0 0.268148 0.583366 0.020317 0.0797758
2 0.958173 0.675588 0.0687347 0.0630222
0 0.292988 0.382869 0.0102263 0.0425258
2 0.809557 0.410874 0.036046 0.051502
2 0.952652 0.792051 0.0932934 0.185047
5 0.922926 0.499632 0.149002 0.185108
2 0.92841 0.728758 0.132454 0.171475
2 0.977355 0.523082 0.0424149 0.0630768
3 0.268571 0.606332 0.0203244 0.046328
2 0.295325 0.323794 0.0166363 0.0363607
2 0.0313229 0.722879 0.0626457 0.1412
2 0.0731639 0.634082 0.0797563 0.105273
7 0.199044 0.42708 0.0736469 0.109867
0 0.0672937 0.733023 0.0318215 0.135235
2 0.178136 0.501007 0.0496084 0.0677533
2 0.940116 0.788748 0.0704123 0.174574
2 0.101651 0.593456 0.075125 0.0958341
0 0.268148 0.583366 0.020317 0.0797758
2 0.958173 0.675588 0.0687347 0.0630222
0 0.292988 0.382869 0.0102263 0.0425258
2 0.809557 0.410874 0.036046 0.051502
2 0.952652 0.792051 0.0932934 0.185047
5 0.922926 0.499632 0.149002 0.185108
2 0.92841 0.728758 0.132454 0.171475
2 0.977355 0.523082 0.0424149 0.0630768
3 0.268571 0.606332 0.0203244 0.046328
2 0.295325 0.323794 0.0166363 0.0363607
2 0.0313229 0.722879 0.0626457 0.1412
2 0.0731639 0.634082 0.0797563 0.105273
7 0.199044 0.42708 0.0736469 0.109867
0 0.0672937 0.733023 0.0318215 0.135235
2 0.178136 0.501007 0.0496084 0.0677533
2 0.940116 0.788748 0.0704123 0.174574
2 0.101651 0.593456 0.075125 0.0958341
0 0.268148 0.583366 0.020317 0.0797758
2 0.958173 0.675588 0.0687347 0.0630222
0 0.292988 0.382869 0.0102263 0.0425258
2 0.809557 0.410874 0.036046 0.051502
2 0.952652 0.792051 0.0932934 0.185047
5 0.922926 0.499632 0.149002 0.185108
2 0.92841 0.728758 0.132454 0.171475
2 0.977355 0.523082 0.0424149 0.0630768
3 0.268571 0.606332 0.0203244 0.046328
2 0.295325 0.323794 0.0166363 0.0363607
2 0.0741609 0.634248 0.0775272 0.10363
2 0.0317361 0.722202 0.0630489 0.139414
0 0.0674892 0.733089 0.0311681 0.135587
2 0.177989 0.498954 0.0483386 0.068185
2 0.103699 0.592816 0.0693048 0.0962779
0 0.268216 0.575778 0.0208785 0.0655323
2 0.959068 0.677248 0.0701408 0.0658846
3 0.268372 0.602547 0.0179299 0.0541818
7 0.196652 0.426877 0.0611842 0.106106
2 0.294819 0.323071 0.0170865 0.0366553
0 0.293352 0.382526 0.0103185 0.0441213
5 0.196503 0.426649 0.0617233 0.106711
2 0.0741609 0.634248 0.0775272 0.10363
2 0.0317361 0.722202 0.0630489 0.139414
0 0.0674892 0.733089 0.0311681 0.135587
2 0.177989 0.498954 0.0483386 0.068185
2 0.103699 0.592816 0.0693048 0.0962779
0 0.268216 0.575778 0.0208785 0.0655323
2 0.959068 0.677248 0.0701408 0.0658846
3 0.268372 0.602547 0.0179299 0.0541818
7 0.196652 0.426877 0.0611842 0.106106
2 0.294819 0.323071 0.0170865 0.0366553
0 0.293352 0.382526 0.0103185 0.0441213
5 0.196503 0.426649 0.0617233 0.106711
2 0.0741609 0.634248 0.0775272 0.10363
2 0.0317361 0.722202 0.0630489 0.139414
0 0.0674892 0.733089 0.0311681 0.135587
2 0.177989 0.498954 0.0483386 0.068185
2 0.103699 0.592816 0.0693048 0.0962779
0 0.268216 0.575778 0.0208785 0.0655323
2 0.959068 0.677248 0.0701408 0.0658846
3 0.268372 0.602547 0.0179299 0.0541818
7 0.196652 0.426877 0.0611842 0.106106
2 0.294819 0.323071 0.0170865 0.0366553
0 0.293352 0.382526 0.0103185 0.0441213
5 0.196503 0.426649 0.0617233 0.106711
2 0.0741609 0.634248 0.0775272 0.10363
2 0.0317361 0.722202 0.0630489 0.139414
0 0.0674892 0.733089 0.0311681 0.135587
2 0.177989 0.498954 0.0483386 0.068185
2 0.103699 0.592816 0.0693048 0.0962779
0 0.268216 0.575778 0.0208785 0.0655323
2 0.959068 0.677248 0.0701408 0.0658846
3 0.268372 0.602547 0.0179299 0.0541818
7 0.196652 0.426877 0.0611842 0.106106
2 0.294819 0.323071 0.0170865 0.0366553
0 0.293352 0.382526 0.0103185 0.0441213
5 0.196503 0.426649 0.0617233 0.106711
2 0.0741609 0.634248 0.0775272 0.10363
2 0.0317361 0.722202 0.0630489 0.139414
0 0.0674892 0.733089 0.0311681 0.135587
2 0.177989 0.498954 0.0483386 0.068185
2 0.103699 0.592816 0.0693048 0.0962779
0 0.268216 0.575778 0.0208785 0.0655323
2 0.959068 0.677248 0.0701408 0.0658846
3 0.268372 0.602547 0.0179299 0.0541818
7 0.196652 0.426877 0.0611842 0.106106
2 0.294819 0.323071 0.0170865 0.0366553
0 0.293352 0.382526 0.0103185 0.0441213
5 0.196503 0.426649 0.0617233 0.106711
2 0.0741609 0.634248 0.0775272 0.10363
2 0.0317361 0.722202 0.0630489 0.139414
0 0.0674892 0.733089 0.0311681 0.135587
2 0.177989 0.498954 0.0483386 0.068185
2 0.103699 0.592816 0.0693048 0.0962779
0 0.268216 0.575778 0.0208785 0.0655323
2 0.959068 0.677248 0.0701408 0.0658846
3 0.268372 0.602547 0.0179299 0.0541818
7 0.196652 0.426877 0.0611842 0.106106
2 0.294819 0.323071 0.0170865 0.0366553
0 0.293352 0.382526 0.0103185 0.0441213
5 0.196503 0.426649 0.0617233 0.106711
2 0.0741609 0.634248 0.0775272 0.10363
2 0.0317361 0.722202 0.0630489 0.139414
0 0.0674892 0.733089 0.0311681 0.135587
2 0.177989 0.498954 0.0483386 0.068185
2 0.103699 0.592816 0.0693048 0.0962779
0 0.268216 0.575778 0.0208785 0.0655323
2 0.959068 0.677248 0.0701408 0.0658846
3 0.268372 0.602547 0.0179299 0.0541818
7 0.196652 0.426877 0.0611842 0.106106
2 0.294819 0.323071 0.0170865 0.0366553
0 0.293352 0.382526 0.0103185 0.0441213
5 0.196503 0.426649 0.0617233 0.106711
2 0.0741609 0.634248 0.0775272 0.10363
2 0.0317361 0.722202 0.0630489 0.139414
0 0.0674892 0.733089 0.0311681 0.135587
2 0.177989 0.498954 0.0483386 0.068185
2 0.103699 0.592816 0.0693048 0.0962779
0 0.268216 0.575778 0.0208785 0.0655323
2 0.959068 0.677248 0.0701408 0.0658846
3 0.268372 0.602547 0.0179299 0.0541818
7 0.196652 0.426877 0.0611842 0.106106
2 0.294819 0.323071 0.0170865 0.0366553
0 0.293352 0.382526 0.0103185 0.0441213
5 0.196503 0.426649 0.0617233 0.106711
2 0.953938 0.792759 0.0912052 0.18743
2 0.898051 0.714683 0.0732782 0.10334
2 0.229681 0.417608 0.0136135 0.045497
2 0.942905 0.787035 0.0682434 0.173846
3 0.293317 0.38299 0.0102792 0.0441432
5 0.656454 0.368614 0.0807714 0.0725369
