5 0.564562 0.8322 0.100655 0.195675
5 0.84446 0.871751 0.236693 0.20975
2 0.488945 0.81092 0.0574582 0.0802428
2 0.123564 0.865632 0.0509319 0.0754088
2 0.0942935 0.944285 0.0798348 0.104043
2 0.866216 0.963349 0.0934181 0.0686456
2 0.503498 0.722143 0.0558283 0.0403853
2 0.135869 0.799223 0.0392756 0.0564362
2 0.659101 0.960624 0.0830968 0.0747309
2 0.117106 0.71282 0.0295923 0.0398253
2 0.452032 0.801397 0.0563889 0.0621928
2 0.507996 0.924867 0.060421 0.106079
7 0.668837 0.730991 0.0366771 0.0445874
2 0.305686 0.957821 0.0806341 0.0815911
5 0.978649 0.790568 0.0418774 0.408976
2 0.385835 0.703665 0.0371277 0.0348728
2 0.315625 0.695413 0.0352272 0.039231
2 0.285482 0.984662 0.0673047 0.0288489
2 0.336131 0.689701 0.0290452 0.0297862
2 0.282155 0.695404 0.0355707 0.0460987
3 0.613741 0.751603 0.024412 0.0351161
3 0.435996 0.746013 0.0166016 0.0458386
2 0.229541 0.697519 0.0325836 0.0374695
0 0.869533 0.873314 0.0178434 0.0590573
2 0.00589873 0.976149 0.011778 0.0447196
0 0.848545 0.880647 0.0198278 0.0563544
5 0.564562 0.8322 0.100655 0.195675
5 0.84446 0.871751 0.236693 0.20975
2 0.488945 0.81092 0.0574582 0.0802428
2 0.123564 0.865632 0.0509319 0.0754088
2 0.0942935 0.944285 0.0798348 0.104043
2 0.866216 0.963349 0.0934181 0.0686456
2 0.503498 0.722143 0.0558283 0.0403853
2 0.135869 0.799223 0.0392756 0.0564362
2 0.659101 0.960624 0.0830968 0.0747309
2 0.117106 0.71282 0.0295923 0.0398253
2 0.452032 0.801397 0.0563889 0.0621928
2 0.507996 0.924867 0.060421 0.106079
7 0.668837 0.730991 0.0366771 0.0445874
2 0.305686 0.957821 0.0806341 0.0815911
5 0.978649 0.790568 0.0418774 0.408976
2 0.385835 0.703665 0.0371277 0.0348728
2 0.315625 0.695413 0.0352272 0.039231
2 0.285482 0.984662 0.0673047 0.0288489
2 0.336131 0.689701 0.0290452 0.0297862
2 0.282155 0.695404 0.0355707 0.0460987
3 0.613741 0.751603 0.024412 0.0351161
3 0.435996 0.746013 0.0166016 0.0458386
2 0.229541 0.697519 0.0325836 0.0374695
0 0.869533 0.873314 0.0178434 0.0590573
2 0.00589873 0.976149 0.011778 0.0447196
0 0.848545 0.880647 0.0198278 0.0563544
5 0.564562 0.8322 0.100655 0.195675
5 0.84446 0.871751 0.236693 0.20975
2 0.488945 0.81092 0.0574582 0.0802428
2 0.123564 0.865632 0.0509319 0.0754088
2 0.0942935 0.944285 0.0798348 0.104043
2 0.866216 0.963349 0.0934181 0.0686456
2 0.503498 0.722143 0.0558283 0.0403853
2 0.135869 0.799223 0.0392756 0.0564362
2 0.659101 0.960624 0.0830968 0.0747309
2 0.117106 0.71282 0.0295923 0.0398253
2 0.452032 0.801397 0.0563889 0.0621928
2 0.507996 0.924867 0.060421 0.106079
7 0.668837 0.730991 0.0366771 0.0445874
2 0.305686 0.957821 0.0806341 0.0815911
5 0.978649 0.790568 0.0418774 0.408976
2 0.385835 0.703665 0.0371277 0.0348728
2 0.315625 0.695413 0.0352272 0.039231
2 0.285482 0.984662 0.0673047 0.0288489
2 0.336131 0.689701 0.0290452 0.0297862
2 0.282155 0.695404 0.0355707 0.0460987
3 0.613741 0.751603 0.024412 0.0351161
3 0.435996 0.746013 0.0166016 0.0458386
2 0.229541 0.697519 0.0325836 0.0374695
0 0.869533 0.873314 0.0178434 0.0590573
2 0.00589873 0.976149 0.011778 0.0447196
0 0.848545 0.880647 0.0198278 0.0563544
5 0.564562 0.8322 0.100655 0.195675
5 0.84446 0.871751 0.236693 0.20975
2 0.488945 0.81092 0.0574582 0.0802428
2 0.123564 0.865632 0.0509319 0.0754088
2 0.0942935 0.944285 0.0798348 0.104043
2 0.866216 0.963349 0.0934181 0.0686456
2 0.503498 0.722143 0.0558283 0.0403853
2 0.135869 0.799223 0.0392756 0.0564362
2 0.659101 0.960624 0.0830968 0.0747309
2 0.117106 0.71282 0.0295923 0.0398253
2 0.452032 0.801397 0.0563889 0.0621928
2 0.507996 0.924867 0.060421 0.106079
7 0.668837 0.730991 0.0366771 0.0445874
2 0.305686 0.957821 0.0806341 0.0815911
5 0.978649 0.790568 0.0418774 0.408976
2 0.385835 0.703665 0.0371277 0.0348728
2 0.315625 0.695413 0.0352272 0.039231
2 0.285482 0.984662 0.0673047 0.0288489
2 0.336131 0.689701 0.0290452 0.0297862
2 0.282155 0.695404 0.0355707 0.0460987
3 0.613741 0.751603 0.024412 0.0351161
3 0.435996 0.746013 0.0166016 0.0458386
2 0.229541 0.697519 0.0325836 0.0374695
0 0.869533 0.873314 0.0178434 0.0590573
2 0.00589873 0.976149 0.011778 0.0447196
0 0.848545 0.880647 0.0198278 0.0563544
5 0.564562 0.8322 0.100655 0.195675
5 0.84446 0.871751 0.236693 0.20975
2 0.488945 0.81092 0.0574582 0.0802428
2 0.123564 0.865632 0.0509319 0.0754088
2 0.0942935 0.944285 0.0798348 0.104043
2 0.866216 0.963349 0.0934181 0.0686456
2 0.503498 0.722143 0.0558283 0.0403853
2 0.135869 0.799223 0.0392756 0.0564362
2 0.659101 0.960624 0.0830968 0.0747309
2 0.117106 0.71282 0.0295923 0.0398253
2 0.452032 0.801397 0.0563889 0.0621928
2 0.507996 0.924867 0.060421 0.106079
7 0.668837 0.730991 0.0366771 0.0445874
2 0.305686 0.957821 0.0806341 0.0815911
5 0.978649 0.790568 0.0418774 0.408976
2 0.385835 0.703665 0.0371277 0.0348728
2 0.315625 0.695413 0.0352272 0.039231
2 0.285482 0.984662 0.0673047 0.0288489
2 0.336131 0.689701 0.0290452 0.0297862
2 0.282155 0.695404 0.0355707 0.0460987
3 0.613741 0.751603 0.024412 0.0351161
3 0.435996 0.746013 0.0166016 0.0458386
2 0.229541 0.697519 0.0325836 0.0374695
0 0.869533 0.873314 0.0178434 0.0590573
2 0.00589873 0.976149 0.011778 0.0447196
0 0.848545 0.880647 0.0198278 0.0563544
5 0.564562 0.8322 0.100655 0.195675
5 0.84446 0.871751 0.236693 0.20975
2 0.488945 0.81092 0.0574582 0.0802428
2 0.123564 0.865632 0.0509319 0.0754088
2 0.0942935 0.944285 0.0798348 0.104043
2 0.866216 0.963349 0.0934181 0.0686456
2 0.503498 0.722143 0.0558283 0.0403853
2 0.135869 0.799223 0.0392756 0.0564362
2 0.659101 0.960624 0.0830968 0.0747309
2 0.117106 0.71282 0.0295923 0.0398253
2 0.452032 0.801397 0.0563889 0.0621928
2 0.507996 0.924867 0.060421 0.106079
7 0.668837 0.730991 0.0366771 0.0445874
2 0.305686 0.957821 0.0806341 0.0815911
5 0.978649 0.790568 0.0418774 0.408976
2 0.385835 0.703665 0.0371277 0.0348728
2 0.315625 0.695413 0.0352272 0.039231
2 0.285482 0.984662 0.0673047 0.0288489
2 0.336131 0.689701 0.0290452 0.0297862
2 0.282155 0.695404 0.0355707 0.0460987
3 0.613741 0.751603 0.024412 0.0351161
3 0.435996 0.746013 0.0166016 0.0458386
2 0.229541 0.697519 0.0325836 0.0374695
0 0.869533 0.873314 0.0178434 0.0590573
2 0.00589873 0.976149 0.011778 0.0447196
0 0.848545 0.880647 0.0198278 0.0563544
