2 0.0436555 0.850842 0.0868108 0.178077
2 0.826648 0.455164 0.0549819 0.065398
2 0.501697 0.547009 0.0509026 0.0956072
2 0.580004 0.763599 0.0854885 0.167694
2 0.0360516 0.709898 0.0717676 0.126683
2 0.179307 0.495423 0.0489686 0.068917
0 0.198619 0.886819 0.0405859 0.120619
2 0.074946 0.627936 0.0792539 0.104304
2 0.358459 0.468231 0.0404241 0.0629155
2 0.439115 0.461404 0.0370546 0.0615294
2 0.388733 0.400527 0.0264598 0.0525582
5 0.326026 0.698475 0.120476 0.277716
2 0.37524 0.363216 0.0268815 0.0513151
2 0.409471 0.43703 0.0334957 0.0555327
2 0.752944 0.44227 0.0481439 0.0546861
3 0.270973 0.573429 0.0204829 0.0752323
0 0.257884 0.527412 0.0174563 0.0734995
7 0.196951 0.422003 0.0655015 0.105559
0 0.532499 0.895685 0.0211003 0.132626
0 0.405746 0.563819 0.0213456 0.0810542
2 0.346975 0.320831 0.0181552 0.0334919
2 0.691788 0.374869 0.027544 0.0439243
2 0.922773 0.504143 0.0633141 0.0821609
3 0.199575 0.953575 0.0336174 0.0836497
0 0.514565 0.893498 0.0296031 0.127582
7 0.432884 0.371696 0.0284323 0.0791086
0 0.2847 0.415275 0.0122515 0.0498086
2 0.376288 0.303827 0.0246439 0.0344182
2 0.938418 0.758457 0.0752153 0.15378
2 0.105279 0.589514 0.0634489 0.0985609
2 0.403014 0.310632 0.0162319 0.0274734
2 0.388476 0.330847 0.0216171 0.0353355
3 0.40605 0.566767 0.0215811 0.0779061
0 0.314274 0.40895 0.0131808 0.0466636
3 0.314236 0.408982 0.0129261 0.0459974
2 0.318286 0.285107 0.0235633 0.0450147
0 0.270431 0.566632 0.0205358 0.0781374
3 0.51496 0.934183 0.0467185 0.124685
2 0.411633 0.483772 0.0215825 0.0547156
0 0.412083 0.484127 0.0199955 0.0557766
2 0.392212 0.291712 0.0218811 0.0315876
0 0.306188 0.374232 0.0113711 0.039882
2 0.0436555 0.850842 0.0868108 0.178077
2 0.826648 0.455164 0.0549819 0.065398
2 0.501697 0.547009 0.0509026 0.0956072
2 0.580004 0.763599 0.0854885 0.167694
2 0.0360516 0.709898 0.0717676 0.126683
2 0.179307 0.495423 0.0489686 0.068917
0 0.198619 0.886819 0.0405859 0.120619
2 0.074946 0.627936 0.0792539 0.104304
2 0.358459 0.468231 0.0404241 0.0629155
2 0.439115 0.461404 0.0370546 0.0615294
2 0.388733 0.400527 0.0264598 0.0525582
5 0.326026 0.698475 0.120476 0.277716
2 0.37524 0.363216 0.0268815 0.0513151
2 0.409471 0.43703 0.0334957 0.0555327
2 0.752944 0.44227 0.0481439 0.0546861
3 0.270973 0.573429 0.0204829 0.0752323
0 0.257884 0.527412 0.0174563 0.0734995
7 0.196951 0.422003 0.0655015 0.105559
0 0.532499 0.895685 0.0211003 0.132626
0 0.405746 0.563819 0.0213456 0.0810542
2 0.346975 0.320831 0.0181552 0.0334919
2 0.691788 0.374869 0.027544 0.0439243
2 0.922773 0.504143 0.0633141 0.0821609
3 0.199575 0.953575 0.0336174 0.0836497
0 0.514565 0.893498 0.0296031 0.127582
7 0.432884 0.371696 0.0284323 0.0791086
0 0.2847 0.415275 0.0122515 0.0498086
2 0.376288 0.303827 0.0246439 0.0344182
2 0.938418 0.758457 0.0752153 0.15378
2 0.105279 0.589514 0.0634489 0.0985609
2 0.403014 0.310632 0.0162319 0.0274734
2 0.388476 0.330847 0.0216171 0.0353355
3 0.40605 0.566767 0.0215811 0.0779061
0 0.314274 0.40895 0.0131808 0.0466636
3 0.314236 0.408982 0.0129261 0.0459974
2 0.318286 0.285107 0.0235633 0.0450147
0 0.270431 0.566632 0.0205358 0.0781374
3 0.51496 0.934183 0.0467185 0.124685
2 0.411633 0.483772 0.0215825 0.0547156
0 0.412083 0.484127 0.0199955 0.0557766
2 0.392212 0.291712 0.0218811 0.0315876
0 0.306188 0.374232 0.0113711 0.039882
2 0.0436555 0.850842 0.0868108 0.178077
2 0.826648 0.455164 0.0549819 0.065398
2 0.501697 0.547009 0.0509026 0.0956072
2 0.580004 0.763599 0.0854885 0.167694
2 0.0360516 0.709898 0.0717676 0.126683
2 0.179307 0.495423 0.0489686 0.068917
0 0.198619 0.886819 0.0405859 0.120619
2 0.074946 0.627936 0.0792539 0.104304
2 0.358459 0.468231 0.0404241 0.0629155
2 0.439115 0.461404 0.0370546 0.0615294
2 0.388733 0.400527 0.0264598 0.0525582
5 0.326026 0.698475 0.120476 0.277716
2 0.37524 0.363216 0.0268815 0.0513151
2 0.409471 0.43703 0.0334957 0.0555327
2 0.752944 0.44227 0.0481439 0.0546861
3 0.270973 0.573429 0.0204829 0.0752323
0 0.257884 0.527412 0.0174563 0.0734995
7 0.196951 0.422003 0.0655015 0.105559
0 0.532499 0.895685 0.0211003 0.132626
0 0.405746 0.563819 0.0213456 0.0810542
2 0.346975 0.320831 0.0181552 0.0334919
2 0.691788 0.374869 0.027544 0.0439243
2 0.922773 0.504143 0.0633141 0.0821609
3 0.199575 0.953575 0.0336174 0.0836497
0 0.514565 0.893498 0.0296031 0.127582
7 0.432884 0.371696 0.0284323 0.0791086
0 0.2847 0.415275 0.0122515 0.0498086
2 0.376288 0.303827 0.0246439 0.0344182
2 0.938418 0.758457 0.0752153 0.15378
2 0.105279 0.589514 0.0634489 0.0985609
2 0.403014 0.310632 0.0162319 0.0274734
2 0.388476 0.330847 0.0216171 0.0353355
3 0.40605 0.566767 0.0215811 0.0779061
0 0.314274 0.40895 0.0131808 0.0466636
3 0.314236 0.408982 0.0129261 0.0459974
2 0.318286 0.285107 0.0235633 0.0450147
0 0.270431 0.566632 0.0205358 0.0781374
3 0.51496 0.934183 0.0467185 0.124685
2 0.411633 0.483772 0.0215825 0.0547156
0 0.412083 0.484127 0.0199955 0.0557766
2 0.392212 0.291712 0.0218811 0.0315876
0 0.306188 0.374232 0.0113711 0.039882
2 0.0436555 0.850842 0.0868108 0.178077
2 0.826648 0.455164 0.0549819 0.065398
2 0.501697 0.547009 0.0509026 0.0956072
2 0.580004 0.763599 0.0854885 0.167694
2 0.0360516 0.709898 0.0717676 0.126683
2 0.179307 0.495423 0.0489686 0.068917
0 0.198619 0.886819 0.0405859 0.120619
2 0.074946 0.627936 0.0792539 0.104304
2 0.358459 0.468231 0.0404241 0.0629155
2 0.439115 0.461404 0.0370546 0.0615294
2 0.388733 0.400527 0.0264598 0.0525582
5 0.326026 0.698475 0.120476 0.277716
2 0.37524 0.363216 0.0268815 0.0513151
2 0.409471 0.43703 0.0334957 0.0555327
2 0.752944 0.44227 0.0481439 0.0546861
3 0.270973 0.573429 0.0204829 0.0752323
0 0.257884 0.527412 0.0174563 0.0734995
7 0.196951 0.422003 0.0655015 0.105559
0 0.532499 0.895685 0.0211003 0.132626
0 0.405746 0.563819 0.0213456 0.0810542
2 0.346975 0.320831 0.0181552 0.0334919
2 0.691788 0.374869 0.027544 0.0439243
2 0.922773 0.504143 0.0633141 0.0821609
3 0.199575 0.953575 0.0336174 0.0836497
0 0.514565 0.893498 0.0296031 0.127582
7 0.432884 0.371696 0.0284323 0.0791086
0 0.2847 0.415275 0.0122515 0.0498086
2 0.376288 0.303827 0.0246439 0.0344182
2 0.938418 0.758457 0.0752153 0.15378
2 0.105279 0.589514 0.0634489 0.0985609
2 0.403014 0.310632 0.0162319 0.0274734
2 0.388476 0.330847 0.0216171 0.0353355
3 0.40605 0.566767 0.0215811 0.0779061
0 0.314274 0.40895 0.0131808 0.0466636
3 0.314236 0.408982 0.0129261 0.0459974
2 0.318286 0.285107 0.0235633 0.0450147
0 0.270431 0.566632 0.0205358 0.0781374
3 0.51496 0.934183 0.0467185 0.124685
2 0.411633 0.483772 0.0215825 0.0547156
0 0.412083 0.484127 0.0199955 0.0557766
2 0.392212 0.291712 0.0218811 0.0315876
0 0.306188 0.374232 0.0113711 0.039882
2 0.0436555 0.850842 0.0868108 0.178077
2 0.826648 0.455164 0.0549819 0.065398
2 0.501697 0.547009 0.0509026 0.0956072
2 0.580004 0.763599 0.0854885 0.167694
2 0.0360516 0.709898 0.0717676 0.126683
2 0.179307 0.495423 0.0489686 0.068917
0 0.198619 0.886819 0.0405859 0.120619
2 0.074946 0.627936 0.0792539 0.104304
2 0.358459 0.468231 0.0404241 0.0629155
2 0.439115 0.461404 0.0370546 0.0615294
2 0.388733 0.400527 0.0264598 0.0525582
5 0.326026 0.698475 0.120476 0.277716
2 0.37524 0.363216 0.0268815 0.0513151
2 0.409471 0.43703 0.0334957 0.0555327
2 0.752944 0.44227 0.0481439 0.0546861
3 0.270973 0.573429 0.0204829 0.0752323
0 0.257884 0.527412 0.0174563 0.0734995
7 0.196951 0.422003 0.0655015 0.105559
0 0.532499 0.895685 0.0211003 0.132626
0 0.405746 0.563819 0.0213456 0.0810542
2 0.346975 0.320831 0.0181552 0.0334919
2 0.691788 0.374869 0.027544 0.0439243
2 0.922773 0.504143 0.0633141 0.0821609
3 0.199575 0.953575 0.0336174 0.0836497
0 0.514565 0.893498 0.0296031 0.127582
7 0.432884 0.371696 0.0284323 0.0791086
0 0.2847 0.415275 0.0122515 0.0498086
2 0.376288 0.303827 0.0246439 0.0344182
2 0.938418 0.758457 0.0752153 0.15378
2 0.105279 0.589514 0.0634489 0.0985609
2 0.403014 0.310632 0.0162319 0.0274734
2 0.388476 0.330847 0.0216171 0.0353355
3 0.40605 0.566767 0.0215811 0.0779061
0 0.314274 0.40895 0.0131808 0.0466636
3 0.314236 0.408982 0.0129261 0.0459974
2 0.318286 0.285107 0.0235633 0.0450147
0 0.270431 0.566632 0.0205358 0.0781374
3 0.51496 0.934183 0.0467185 0.124685
2 0.411633 0.483772 0.0215825 0.0547156
0 0.412083 0.484127 0.0199955 0.0557766
2 0.392212 0.291712 0.0218811 0.0315876
0 0.306188 0.374232 0.0113711 0.039882
2 0.0436555 0.850842 0.0868108 0.178077
2 0.826648 0.455164 0.0549819 0.065398
2 0.501697 0.547009 0.0509026 0.0956072
2 0.580004 0.763599 0.0854885 0.167694
2 0.0360516 0.709898 0.0717676 0.126683
2 0.179307 0.495423 0.0489686 0.068917
0 0.198619 0.886819 0.0405859 0.120619
2 0.074946 0.627936 0.0792539 0.104304
2 0.358459 0.468231 0.0404241 0.0629155
2 0.439115 0.461404 0.0370546 0.0615294
2 0.388733 0.400527 0.0264598 0.0525582
5 0.326026 0.698475 0.120476 0.277716
2 0.37524 0.363216 0.0268815 0.0513151
2 0.409471 0.43703 0.0334957 0.0555327
2 0.752944 0.44227 0.0481439 0.0546861
3 0.270973 0.573429 0.0204829 0.0752323
0 0.257884 0.527412 0.0174563 0.0734995
7 0.196951 0.422003 0.0655015 0.105559
0 0.532499 0.895685 0.0211003 0.132626
0 0.405746 0.563819 0.0213456 0.0810542
2 0.346975 0.320831 0.0181552 0.0334919
2 0.691788 0.374869 0.027544 0.0439243
2 0.922773 0.504143 0.0633141 0.0821609
3 0.199575 0.953575 0.0336174 0.0836497
0 0.514565 0.893498 0.0296031 0.127582
7 0.432884 0.371696 0.0284323 0.0791086
0 0.2847 0.415275 0.0122515 0.0498086
2 0.376288 0.303827 0.0246439 0.0344182
2 0.938418 0.758457 0.0752153 0.15378
2 0.105279 0.589514 0.0634489 0.0985609
2 0.403014 0.310632 0.0162319 0.0274734
2 0.388476 0.330847 0.0216171 0.0353355
3 0.40605 0.566767 0.0215811 0.0779061
0 0.314274 0.40895 0.0131808 0.0466636
3 0.314236 0.408982 0.0129261 0.0459974
2 0.318286 0.285107 0.0235633 0.0450147
0 0.270431 0.566632 0.0205358 0.0781374
3 0.51496 0.934183 0.0467185 0.124685
2 0.411633 0.483772 0.0215825 0.0547156
0 0.412083 0.484127 0.0199955 0.0557766
2 0.392212 0.291712 0.0218811 0.0315876
0 0.306188 0.374232 0.0113711 0.039882
2 0.0436555 0.850842 0.0868108 0.178077
2 0.826648 0.455164 0.0549819 0.065398
2 0.501697 0.547009 0.0509026 0.0956072
2 0.580004 0.763599 0.0854885 0.167694
2 0.0360516 0.709898 0.0717676 0.126683
2 0.179307 0.495423 0.0489686 0.068917
0 0.198619 0.886819 0.0405859 0.120619
2 0.074946 0.627936 0.0792539 0.104304
2 0.358459 0.468231 0.0404241 0.0629155
2 0.439115 0.461404 0.0370546 0.0615294
2 0.388733 0.400527 0.0264598 0.0525582
5 0.326026 0.698475 0.120476 0.277716
2 0.37524 0.363216 0.0268815 0.0513151
2 0.409471 0.43703 0.0334957 0.0555327
2 0.752944 0.44227 0.0481439 0.0546861
3 0.270973 0.573429 0.0204829 0.0752323
0 0.257884 0.527412 0.0174563 0.0734995
7 0.196951 0.422003 0.0655015 0.105559
0 0.532499 0.895685 0.0211003 0.132626
0 0.405746 0.563819 0.0213456 0.0810542
2 0.346975 0.320831 0.0181552 0.0334919
2 0.691788 0.374869 0.027544 0.0439243
2 0.922773 0.504143 0.0633141 0.0821609
3 0.199575 0.953575 0.0336174 0.0836497
0 0.514565 0.893498 0.0296031 0.127582
7 0.432884 0.371696 0.0284323 0.0791086
0 0.2847 0.415275 0.0122515 0.0498086
2 0.376288 0.303827 0.0246439 0.0344182
2 0.938418 0.758457 0.0752153 0.15378
2 0.105279 0.589514 0.0634489 0.0985609
2 0.403014 0.310632 0.0162319 0.0274734
2 0.388476 0.330847 0.0216171 0.0353355
3 0.40605 0.566767 0.0215811 0.0779061
0 0.314274 0.40895 0.0131808 0.0466636
3 0.314236 0.408982 0.0129261 0.0459974
2 0.318286 0.285107 0.0235633 0.0450147
0 0.270431 0.566632 0.0205358 0.0781374
3 0.51496 0.934183 0.0467185 0.124685
2 0.411633 0.483772 0.0215825 0.0547156
0 0.412083 0.484127 0.0199955 0.0557766
2 0.392212 0.291712 0.0218811 0.0315876
0 0.306188 0.374232 0.0113711 0.039882
2 0.580021 0.764594 0.0857404 0.166984
2 0.0438315 0.849985 0.0871083 0.181265
2 0.501708 0.546737 0.0513336 0.0944867
2 0.0357653 0.7106 0.0711583 0.125398
5 0.32404 0.702445 0.114509 0.283714
2 0.358238 0.467358 0.0398493 0.0593787
2 0.0751355 0.628469 0.0774262 0.103716
0 0.199237 0.88371 0.0418641 0.113304
2 0.439207 0.460065 0.0377241 0.0604911
2 0.409628 0.437233 0.0333817 0.0552801
2 0.825928 0.456955 0.0543579 0.0668879
2 0.179008 0.495528 0.0490571 0.0692223
2 0.346762 0.320273 0.0189965 0.0322518
2 0.388911 0.400681 0.026457 0.0509657
2 0.922704 0.504225 0.0641661 0.0788249
0 0.516189 0.888949 0.0433513 0.119872
3 0.199984 0.943398 0.0343766 0.0702623
3 0.515767 0.926393 0.042847 0.122924
2 0.389215 0.332998 0.0210856 0.033036
7 0.198321 0.422383 0.0629939 0.109714
2 0.376342 0.36348 0.0283669 0.0518792
0 0.406003 0.550476 0.0199948 0.0574412
2 0.105584 0.586893 0.0681643 0.0943882
2 0.752739 0.440679 0.0476135 0.0519357
3 0.270181 0.583013 0.0175571 0.0557902
2 0.948936 0.781042 0.0540684 0.117398
2 0.869286 0.633393 0.0615166 0.11755
2 0.691004 0.374294 0.0287909 0.0470281
0 0.284748 0.415029 0.012596 0.04857
0 0.25778 0.518803 0.0170113 0.0556303
3 0.40675 0.579917 0.0187046 0.0517631
2 0.580021 0.764594 0.0857404 0.166984
2 0.0438315 0.849985 0.0871083 0.181265
2 0.501708 0.546737 0.0513336 0.0944867
2 0.0357653 0.7106 0.0711583 0.125398
5 0.32404 0.702445 0.114509 0.283714
2 0.358238 0.467358 0.0398493 0.0593787
2 0.0751355 0.628469 0.0774262 0.103716
0 0.199237 0.88371 0.0418641 0.113304
2 0.439207 0.460065 0.0377241 0.0604911
2 0.409628 0.437233 0.0333817 0.0552801
2 0.825928 0.456955 0.0543579 0.0668879
2 0.179008 0.495528 0.0490571 0.0692223
2 0.346762 0.320273 0.0189965 0.0322518
2 0.388911 0.400681 0.026457 0.0509657
2 0.922704 0.504225 0.0641661 0.0788249
0 0.516189 0.888949 0.0433513 0.119872
3 0.199984 0.943398 0.0343766 0.0702623
3 0.515767 0.926393 0.042847 0.122924
2 0.389215 0.332998 0.0210856 0.033036
7 0.198321 0.422383 0.0629939 0.109714
2 0.376342 0.36348 0.0283669 0.0518792
0 0.406003 0.550476 0.0199948 0.0574412
2 0.105584 0.586893 0.0681643 0.0943882
2 0.752739 0.440679 0.0476135 0.0519357
3 0.270181 0.583013 0.0175571 0.0557902
2 0.948936 0.781042 0.0540684 0.117398
2 0.869286 0.633393 0.0615166 0.11755
2 0.691004 0.374294 0.0287909 0.0470281
0 0.284748 0.415029 0.012596 0.04857
0 0.25778 0.518803 0.0170113 0.0556303
3 0.40675 0.579917 0.0187046 0.0517631
