2 0.272445 0.844346 0.0741121 0.110612
2 0.706857 0.930111 0.0849674 0.138137
5 0.970533 0.733924 0.0579945 0.191211
2 0.658626 0.825271 0.067062 0.119306
2 0.432369 0.883695 0.0924952 0.12602
2 0.245553 0.598513 0.0272227 0.0411969
7 0.551937 0.641474 0.0726546 0.114969
2 0.640576 0.741122 0.0525104 0.0866041
5 0.707663 0.685241 0.106256 0.19161
2 0.822578 0.942504 0.111655 0.111394
3 0.10877 0.740621 0.0462492 0.0468129
2 0.80688 0.846728 0.0890963 0.148279
0 0.909991 0.968709 0.0380878 0.0613427
3 0.42605 0.743319 0.0217953 0.0550946
7 0.466171 0.681847 0.0383869 0.0629235
3 0.880226 0.685542 0.0431042 0.0437171
0 0.10897 0.72369 0.0125545 0.060956
2 0.298757 0.59003 0.0296189 0.0449343
2 0.518983 0.902745 0.0870757 0.179157
2 0.376793 0.556342 0.027704 0.0333757
7 0.518655 0.90282 0.0873932 0.179642
0 0.907561 0.975473 0.0319475 0.0480484
2 0.461081 0.551266 0.0381096 0.0428672
0 0.991624 0.919237 0.0158897 0.159538
7 0.821969 0.941657 0.111132 0.111573
0 0.428402 0.724561 0.0176538 0.0563046
0 0.190357 0.620286 0.0121527 0.0412421
2 0.42835 0.560659 0.0325092 0.0362947
2 0.511215 0.560468 0.0331192 0.0360461
0 0.213931 0.604984 0.00909319 0.0320903
0 0.584053 0.920466 0.0259624 0.0651081
2 0.636265 0.63141 0.0232335 0.0467381
2 0.403748 0.550835 0.0239398 0.0272259
0 0.585056 0.963882 0.0278032 0.070852
3 0.7374 0.614336 0.0352419 0.0439593
0 0.584377 0.940086 0.0278982 0.102559
2 0.272445 0.844346 0.0741121 0.110612
2 0.706857 0.930111 0.0849674 0.138137
5 0.970533 0.733924 0.0579945 0.191211
2 0.658626 0.825271 0.067062 0.119306
2 0.432369 0.883695 0.0924952 0.12602
2 0.245553 0.598513 0.0272227 0.0411969
7 0.551937 0.641474 0.0726546 0.114969
2 0.640576 0.741122 0.0525104 0.0866041
5 0.707663 0.685241 0.106256 0.19161
2 0.822578 0.942504 0.111655 0.111394
3 0.10877 0.740621 0.0462492 0.0468129
2 0.80688 0.846728 0.0890963 0.148279
0 0.909991 0.968709 0.0380878 0.0613427
3 0.42605 0.743319 0.0217953 0.0550946
7 0.466171 0.681847 0.0383869 0.0629235
3 0.880226 0.685542 0.0431042 0.0437171
0 0.10897 0.72369 0.0125545 0.060956
2 0.298757 0.59003 0.0296189 0.0449343
2 0.518983 0.902745 0.0870757 0.179157
2 0.376793 0.556342 0.027704 0.0333757
7 0.518655 0.90282 0.0873932 0.179642
0 0.907561 0.975473 0.0319475 0.0480484
2 0.461081 0.551266 0.0381096 0.0428672
0 0.991624 0.919237 0.0158897 0.159538
7 0.821969 0.941657 0.111132 0.111573
0 0.428402 0.724561 0.0176538 0.0563046
0 0.190357 0.620286 0.0121527 0.0412421
2 0.42835 0.560659 0.0325092 0.0362947
2 0.511215 0.560468 0.0331192 0.0360461
0 0.213931 0.604984 0.00909319 0.0320903
0 0.584053 0.920466 0.0259624 0.0651081
2 0.636265 0.63141 0.0232335 0.0467381
2 0.403748 0.550835 0.0239398 0.0272259
0 0.585056 0.963882 0.0278032 0.070852
3 0.7374 0.614336 0.0352419 0.0439593
0 0.584377 0.940086 0.0278982 0.102559
2 0.272445 0.844346 0.0741121 0.110612
2 0.706857 0.930111 0.0849674 0.138137
5 0.970533 0.733924 0.0579945 0.191211
2 0.658626 0.825271 0.067062 0.119306
2 0.432369 0.883695 0.0924952 0.12602
2 0.245553 0.598513 0.0272227 0.0411969
7 0.551937 0.641474 0.0726546 0.114969
2 0.640576 0.741122 0.0525104 0.0866041
5 0.707663 0.685241 0.106256 0.19161
2 0.822578 0.942504 0.111655 0.111394
3 0.10877 0.740621 0.0462492 0.0468129
2 0.80688 0.846728 0.0890963 0.148279
0 0.909991 0.968709 0.0380878 0.0613427
3 0.42605 0.743319 0.0217953 0.0550946
7 0.466171 0.681847 0.0383869 0.0629235
3 0.880226 0.685542 0.0431042 0.0437171
0 0.10897 0.72369 0.0125545 0.060956
2 0.298757 0.59003 0.0296189 0.0449343
2 0.518983 0.902745 0.0870757 0.179157
2 0.376793 0.556342 0.027704 0.0333757
7 0.518655 0.90282 0.0873932 0.179642
0 0.907561 0.975473 0.0319475 0.0480484
2 0.461081 0.551266 0.0381096 0.0428672
0 0.991624 0.919237 0.0158897 0.159538
7 0.821969 0.941657 0.111132 0.111573
0 0.428402 0.724561 0.0176538 0.0563046
0 0.190357 0.620286 0.0121527 0.0412421
2 0.42835 0.560659 0.0325092 0.0362947
2 0.511215 0.560468 0.0331192 0.0360461
0 0.213931 0.604984 0.00909319 0.0320903
0 0.584053 0.920466 0.0259624 0.0651081
2 0.636265 0.63141 0.0232335 0.0467381
2 0.403748 0.550835 0.0239398 0.0272259
0 0.585056 0.963882 0.0278032 0.070852
3 0.7374 0.614336 0.0352419 0.0439593
0 0.584377 0.940086 0.0278982 0.102559
2 0.272445 0.844346 0.0741121 0.110612
2 0.706857 0.930111 0.0849674 0.138137
5 0.970533 0.733924 0.0579945 0.191211
2 0.658626 0.825271 0.067062 0.119306
2 0.432369 0.883695 0.0924952 0.12602
2 0.245553 0.598513 0.0272227 0.0411969
7 0.551937 0.641474 0.0726546 0.114969
2 0.640576 0.741122 0.0525104 0.0866041
5 0.707663 0.685241 0.106256 0.19161
2 0.822578 0.942504 0.111655 0.111394
3 0.10877 0.740621 0.0462492 0.0468129
2 0.80688 0.846728 0.0890963 0.148279
0 0.909991 0.968709 0.0380878 0.0613427
3 0.42605 0.743319 0.0217953 0.0550946
7 0.466171 0.681847 0.0383869 0.0629235
3 0.880226 0.685542 0.0431042 0.0437171
0 0.10897 0.72369 0.0125545 0.060956
2 0.298757 0.59003 0.0296189 0.0449343
2 0.518983 0.902745 0.0870757 0.179157
2 0.376793 0.556342 0.027704 0.0333757
7 0.518655 0.90282 0.0873932 0.179642
0 0.907561 0.975473 0.0319475 0.0480484
2 0.461081 0.551266 0.0381096 0.0428672
0 0.991624 0.919237 0.0158897 0.159538
7 0.821969 0.941657 0.111132 0.111573
0 0.428402 0.724561 0.0176538 0.0563046
0 0.190357 0.620286 0.0121527 0.0412421
2 0.42835 0.560659 0.0325092 0.0362947
2 0.511215 0.560468 0.0331192 0.0360461
0 0.213931 0.604984 0.00909319 0.0320903
0 0.584053 0.920466 0.0259624 0.0651081
2 0.636265 0.63141 0.0232335 0.0467381
2 0.403748 0.550835 0.0239398 0.0272259
0 0.585056 0.963882 0.0278032 0.070852
3 0.7374 0.614336 0.0352419 0.0439593
0 0.584377 0.940086 0.0278982 0.102559
2 0.272445 0.844346 0.0741121 0.110612
2 0.706857 0.930111 0.0849674 0.138137
5 0.970533 0.733924 0.0579945 0.191211
2 0.658626 0.825271 0.067062 0.119306
2 0.432369 0.883695 0.0924952 0.12602
2 0.245553 0.598513 0.0272227 0.0411969
7 0.551937 0.641474 0.0726546 0.114969
2 0.640576 0.741122 0.0525104 0.0866041
5 0.707663 0.685241 0.106256 0.19161
2 0.822578 0.942504 0.111655 0.111394
3 0.10877 0.740621 0.0462492 0.0468129
2 0.80688 0.846728 0.0890963 0.148279
0 0.909991 0.968709 0.0380878 0.0613427
3 0.42605 0.743319 0.0217953 0.0550946
7 0.466171 0.681847 0.0383869 0.0629235
3 0.880226 0.685542 0.0431042 0.0437171
0 0.10897 0.72369 0.0125545 0.060956
2 0.298757 0.59003 0.0296189 0.0449343
2 0.518983 0.902745 0.0870757 0.179157
2 0.376793 0.556342 0.027704 0.0333757
7 0.518655 0.90282 0.0873932 0.179642
0 0.907561 0.975473 0.0319475 0.0480484
2 0.461081 0.551266 0.0381096 0.0428672
0 0.991624 0.919237 0.0158897 0.159538
7 0.821969 0.941657 0.111132 0.111573
0 0.428402 0.724561 0.0176538 0.0563046
0 0.190357 0.620286 0.0121527 0.0412421
2 0.42835 0.560659 0.0325092 0.0362947
2 0.511215 0.560468 0.0331192 0.0360461
0 0.213931 0.604984 0.00909319 0.0320903
0 0.584053 0.920466 0.0259624 0.0651081
2 0.636265 0.63141 0.0232335 0.0467381
2 0.403748 0.550835 0.0239398 0.0272259
0 0.585056 0.963882 0.0278032 0.070852
3 0.7374 0.614336 0.0352419 0.0439593
0 0.584377 0.940086 0.0278982 0.102559
2 0.272445 0.844346 0.0741121 0.110612
2 0.706857 0.930111 0.0849674 0.138137
5 0.970533 0.733924 0.0579945 0.191211
2 0.658626 0.825271 0.067062 0.119306
2 0.432369 0.883695 0.0924952 0.12602
2 0.245553 0.598513 0.0272227 0.0411969
7 0.551937 0.641474 0.0726546 0.114969
2 0.640576 0.741122 0.0525104 0.0866041
5 0.707663 0.685241 0.106256 0.19161
2 0.822578 0.942504 0.111655 0.111394
3 0.10877 0.740621 0.0462492 0.0468129
2 0.80688 0.846728 0.0890963 0.148279
0 0.909991 0.968709 0.0380878 0.0613427
3 0.42605 0.743319 0.0217953 0.0550946
7 0.466171 0.681847 0.0383869 0.0629235
3 0.880226 0.685542 0.0431042 0.0437171
0 0.10897 0.72369 0.0125545 0.060956
2 0.298757 0.59003 0.0296189 0.0449343
2 0.518983 0.902745 0.0870757 0.179157
2 0.376793 0.556342 0.027704 0.0333757
7 0.518655 0.90282 0.0873932 0.179642
0 0.907561 0.975473 0.0319475 0.0480484
2 0.461081 0.551266 0.0381096 0.0428672
0 0.991624 0.919237 0.0158897 0.159538
7 0.821969 0.941657 0.111132 0.111573
0 0.428402 0.724561 0.0176538 0.0563046
0 0.190357 0.620286 0.0121527 0.0412421
2 0.42835 0.560659 0.0325092 0.0362947
2 0.511215 0.560468 0.0331192 0.0360461
0 0.213931 0.604984 0.00909319 0.0320903
0 0.584053 0.920466 0.0259624 0.0651081
2 0.636265 0.63141 0.0232335 0.0467381
2 0.403748 0.550835 0.0239398 0.0272259
0 0.585056 0.963882 0.0278032 0.070852
3 0.7374 0.614336 0.0352419 0.0439593
0 0.584377 0.940086 0.0278982 0.102559
2 0.27253 0.844467 0.0747633 0.112759
5 0.703997 0.685308 0.112893 0.192277
0 0.910366 0.970191 0.0403748 0.0583127
2 0.432004 0.881836 0.0925913 0.125243
2 0.657738 0.826129 0.0648327 0.119581
5 0.970439 0.733171 0.0584721 0.186725
7 0.518491 0.902364 0.087793 0.176066
2 0.807364 0.84697 0.0908421 0.147016
2 0.298411 0.590255 0.0301604 0.0464662
2 0.704779 0.930103 0.0840027 0.136118
2 0.245602 0.59836 0.0266758 0.0430834
7 0.553028 0.641854 0.0713478 0.111079
2 0.821459 0.942516 0.112476 0.11198
2 0.640496 0.741339 0.0516365 0.0860291
3 0.108515 0.741096 0.0463786 0.0488246
3 0.426587 0.737636 0.022109 0.0517914
0 0.42751 0.725309 0.0191355 0.0568383
0 0.10939 0.725933 0.0155221 0.0597207
0 0.585052 0.922897 0.0273539 0.0674354
0 0.610807 0.969134 0.0275093 0.0608987
3 0.881196 0.685194 0.0459377 0.0455239
3 0.585432 0.966865 0.0291092 0.0662347
2 0.27253 0.844467 0.0747633 0.112759
5 0.703997 0.685308 0.112893 0.192277
0 0.910366 0.970191 0.0403748 0.0583127
2 0.432004 0.881836 0.0925913 0.125243
2 0.657738 0.826129 0.0648327 0.119581
5 0.970439 0.733171 0.0584721 0.186725
7 0.518491 0.902364 0.087793 0.176066
2 0.807364 0.84697 0.0908421 0.147016
2 0.298411 0.590255 0.0301604 0.0464662
2 0.704779 0.930103 0.0840027 0.136118
2 0.245602 0.59836 0.0266758 0.0430834
7 0.553028 0.641854 0.0713478 0.111079
2 0.821459 0.942516 0.112476 0.11198
2 0.640496 0.741339 0.0516365 0.0860291
3 0.108515 0.741096 0.0463786 0.0488246
3 0.426587 0.737636 0.022109 0.0517914
0 0.42751 0.725309 0.0191355 0.0568383
0 0.10939 0.725933 0.0155221 0.0597207
0 0.585052 0.922897 0.0273539 0.0674354
0 0.610807 0.969134 0.0275093 0.0608987
3 0.881196 0.685194 0.0459377 0.0455239
3 0.585432 0.966865 0.0291092 0.0662347
2 0.27253 0.844467 0.0747633 0.112759
5 0.703997 0.685308 0.112893 0.192277
0 0.910366 0.970191 0.0403748 0.0583127
2 0.432004 0.881836 0.0925913 0.125243
2 0.657738 0.826129 0.0648327 0.119581
5 0.970439 0.733171 0.0584721 0.186725
7 0.518491 0.902364 0.087793 0.176066
2 0.807364 0.84697 0.0908421 0.147016
2 0.298411 0.590255 0.0301604 0.0464662
2 0.704779 0.930103 0.0840027 0.136118
2 0.245602 0.59836 0.0266758 0.0430834
7 0.553028 0.641854 0.0713478 0.111079
2 0.821459 0.942516 0.112476 0.11198
2 0.640496 0.741339 0.0516365 0.0860291
3 0.108515 0.741096 0.0463786 0.0488246
3 0.426587 0.737636 0.022109 0.0517914
0 0.42751 0.725309 0.0191355 0.0568383
0 0.10939 0.725933 0.0155221 0.0597207
0 0.585052 0.922897 0.0273539 0.0674354
0 0.610807 0.969134 0.0275093 0.0608987
3 0.881196 0.685194 0.0459377 0.0455239
3 0.585432 0.966865 0.0291092 0.0662347
2 0.27253 0.844467 0.0747633 0.112759
5 0.703997 0.685308 0.112893 0.192277
0 0.910366 0.970191 0.0403748 0.0583127
2 0.432004 0.881836 0.0925913 0.125243
2 0.657738 0.826129 0.0648327 0.119581
5 0.970439 0.733171 0.0584721 0.186725
7 0.518491 0.902364 0.087793 0.176066
2 0.807364 0.84697 0.0908421 0.147016
2 0.298411 0.590255 0.0301604 0.0464662
2 0.704779 0.930103 0.0840027 0.136118
2 0.245602 0.59836 0.0266758 0.0430834
7 0.553028 0.641854 0.0713478 0.111079
2 0.821459 0.942516 0.112476 0.11198
2 0.640496 0.741339 0.0516365 0.0860291
3 0.108515 0.741096 0.0463786 0.0488246
3 0.426587 0.737636 0.022109 0.0517914
0 0.42751 0.725309 0.0191355 0.0568383
0 0.10939 0.725933 0.0155221 0.0597207
0 0.585052 0.922897 0.0273539 0.0674354
0 0.610807 0.969134 0.0275093 0.0608987
3 0.881196 0.685194 0.0459377 0.0455239
3 0.585432 0.966865 0.0291092 0.0662347
2 0.27253 0.844467 0.0747633 0.112759
5 0.703997 0.685308 0.112893 0.192277
0 0.910366 0.970191 0.0403748 0.0583127
2 0.432004 0.881836 0.0925913 0.125243
2 0.657738 0.826129 0.0648327 0.119581
5 0.970439 0.733171 0.0584721 0.186725
7 0.518491 0.902364 0.087793 0.176066
2 0.807364 0.84697 0.0908421 0.147016
2 0.298411 0.590255 0.0301604 0.0464662
2 0.704779 0.930103 0.0840027 0.136118
2 0.245602 0.59836 0.0266758 0.0430834
7 0.553028 0.641854 0.0713478 0.111079
2 0.821459 0.942516 0.112476 0.11198
2 0.640496 0.741339 0.0516365 0.0860291
3 0.108515 0.741096 0.0463786 0.0488246
3 0.426587 0.737636 0.022109 0.0517914
0 0.42751 0.725309 0.0191355 0.0568383
0 0.10939 0.725933 0.0155221 0.0597207
0 0.585052 0.922897 0.0273539 0.0674354
0 0.610807 0.969134 0.0275093 0.0608987
3 0.881196 0.685194 0.0459377 0.0455239
3 0.585432 0.966865 0.0291092 0.0662347
2 0.27253 0.844467 0.0747633 0.112759
5 0.703997 0.685308 0.112893 0.192277
0 0.910366 0.970191 0.0403748 0.0583127
2 0.432004 0.881836 0.0925913 0.125243
2 0.657738 0.826129 0.0648327 0.119581
5 0.970439 0.733171 0.0584721 0.186725
7 0.518491 0.902364 0.087793 0.176066
2 0.807364 0.84697 0.0908421 0.147016
2 0.298411 0.590255 0.0301604 0.0464662
2 0.704779 0.930103 0.0840027 0.136118
2 0.245602 0.59836 0.0266758 0.0430834
7 0.553028 0.641854 0.0713478 0.111079
2 0.821459 0.942516 0.112476 0.11198
2 0.640496 0.741339 0.0516365 0.0860291
3 0.108515 0.741096 0.0463786 0.0488246
3 0.426587 0.737636 0.022109 0.0517914
0 0.42751 0.725309 0.0191355 0.0568383
0 0.10939 0.725933 0.0155221 0.0597207
0 0.585052 0.922897 0.0273539 0.0674354
0 0.610807 0.969134 0.0275093 0.0608987
3 0.881196 0.685194 0.0459377 0.0455239
3 0.585432 0.966865 0.0291092 0.0662347
