2 0.178109 0.500645 0.0495445 0.0674442
2 0.0735397 0.632993 0.0782247 0.104163
7 0.200049 0.426829 0.0701634 0.110556
0 0.0490961 0.761138 0.0297616 0.14251
0 0.209201 0.691652 0.0308389 0.087341
3 0.208769 0.731436 0.0250614 0.0703905
2 0.940286 0.790317 0.0715801 0.179406
2 0.103487 0.592471 0.0708039 0.0945757
0 0.285197 0.412604 0.0127534 0.0468925
2 0.958295 0.675297 0.0683334 0.0638273
2 0.0352218 0.72035 0.0699482 0.136774
2 0.293136 0.336805 0.0182966 0.0350615
3 0.285217 0.412346 0.0126351 0.0467303
2 0.929532 0.728772 0.128384 0.173878
5 0.912339 0.494726 0.165113 0.196917
5 0.936487 0.524047 0.122006 0.13748
2 0.951897 0.795457 0.0959566 0.192405
2 0.0757444 0.669595 0.0740754 0.0407876
2 0.971252 0.526059 0.0514915 0.0640798
2 0.903973 0.745065 0.0605656 0.141308
0 0.258228 0.366489 0.0105981 0.0397742
2 0.178109 0.500645 0.0495445 0.0674442
2 0.0735397 0.632993 0.0782247 0.104163
7 0.200049 0.426829 0.0701634 0.110556
0 0.0490961 0.761138 0.0297616 0.14251
0 0.209201 0.691652 0.0308389 0.087341
3 0.208769 0.731436 0.0250614 0.0703905
2 0.940286 0.790317 0.0715801 0.179406
2 0.103487 0.592471 0.0708039 0.0945757
0 0.285197 0.412604 0.0127534 0.0468925
2 0.958295 0.675297 0.0683334 0.0638273
2 0.0352218 0.72035 0.0699482 0.136774
2 0.293136 0.336805 0.0182966 0.0350615
3 0.285217 0.412346 0.0126351 0.0467303
2 0.929532 0.728772 0.128384 0.173878
5 0.912339 0.494726 0.165113 0.196917
5 0.936487 0.524047 0.122006 0.13748
2 0.951897 0.795457 0.0959566 0.192405
2 0.0757444 0.669595 0.0740754 0.0407876
2 0.971252 0.526059 0.0514915 0.0640798
2 0.903973 0.745065 0.0605656 0.141308
0 0.258228 0.366489 0.0105981 0.0397742
2 0.178109 0.500645 0.0495445 0.0674442
2 0.0735397 0.632993 0.0782247 0.104163
7 0.200049 0.426829 0.0701634 0.110556
0 0.0490961 0.761138 0.0297616 0.14251
0 0.209201 0.691652 0.0308389 0.087341
3 0.208769 0.731436 0.0250614 0.0703905
2 0.940286 0.790317 0.0715801 0.179406
2 0.103487 0.592471 0.0708039 0.0945757
0 0.285197 0.412604 0.0127534 0.0468925
2 0.958295 0.675297 0.0683334 0.0638273
2 0.0352218 0.72035 0.0699482 0.136774
2 0.293136 0.336805 0.0182966 0.0350615
3 0.285217 0.412346 0.0126351 0.0467303
2 0.929532 0.728772 0.128384 0.173878
5 0.912339 0.494726 0.165113 0.196917
5 0.936487 0.524047 0.122006 0.13748
2 0.951897 0.795457 0.0959566 0.192405
2 0.0757444 0.669595 0.0740754 0.0407876
2 0.971252 0.526059 0.0514915 0.0640798
2 0.903973 0.745065 0.0605656 0.141308
0 0.258228 0.366489 0.0105981 0.0397742
2 0.178109 0.500645 0.0495445 0.0674442
2 0.0735397 0.632993 0.0782247 0.104163
7 0.200049 0.426829 0.0701634 0.110556
0 0.0490961 0.761138 0.0297616 0.14251
0 0.209201 0.691652 0.0308389 0.087341
3 0.208769 0.731436 0.0250614 0.0703905
2 0.940286 0.790317 0.0715801 0.179406
2 0.103487 0.592471 0.0708039 0.0945757
0 0.285197 0.412604 0.0127534 0.0468925
2 0.958295 0.675297 0.0683334 0.0638273
2 0.0352218 0.72035 0.0699482 0.136774
2 0.293136 0.336805 0.0182966 0.0350615
3 0.285217 0.412346 0.0126351 0.0467303
2 0.929532 0.728772 0.128384 0.173878
5 0.912339 0.494726 0.165113 0.196917
5 0.936487 0.524047 0.122006 0.13748
2 0.951897 0.795457 0.0959566 0.192405
2 0.0757444 0.669595 0.0740754 0.0407876
2 0.971252 0.526059 0.0514915 0.0640798
2 0.903973 0.745065 0.0605656 0.141308
0 0.258228 0.366489 0.0105981 0.0397742
