5 0.20658 0.418175 0.273681 0.191954
2 0.389123 0.341773 0.133268 0.064331
3 0.916289 0.527991 0.0862974 0.0558746
2 0.422065 0.310869 0.114948 0.05079
2 0.0796392 0.277593 0.090615 0.0567287
5 0.11931 0.154705 0.050764 0.0344436
3 0.628845 0.454685 0.0519592 0.0439658
0 0.63374 0.435768 0.0575116 0.0544638
3 0.500446 0.458437 0.0576914 0.0535509
3 0.716048 0.376344 0.0377509 0.042835
0 0.786358 0.449509 0.0544732 0.0541788
5 0.183374 0.161522 0.053506 0.0289633
2 0.266093 0.247066 0.0774932 0.0457685
5 0.35736 0.254747 0.11349 0.0725662
0 0.922231 0.50578 0.0713109 0.0628456
3 0.98152 0.588722 0.0367523 0.0430746
0 0.509451 0.36526 0.045207 0.043683
0 0.62863 0.377675 0.0399178 0.042949
3 0.50916 0.383011 0.0396411 0.0369828
3 0.787516 0.467059 0.0529609 0.0510134
3 0.0217555 0.323831 0.0248021 0.0309787
0 0.142225 0.256958 0.0269254 0.0377921
7 0.357696 0.254599 0.112929 0.0729742
0 0.501164 0.444113 0.0574504 0.0518486
2 0.224014 0.221089 0.0586671 0.0243499
3 0.179645 0.306674 0.0399614 0.0299636
3 0.628888 0.39068 0.0417948 0.0330867
3 0.251835 0.277206 0.0396246 0.0275945
2 0.0623236 0.249174 0.0943526 0.0412403
3 0.56207 0.341416 0.0578646 0.0375431
0 0.180004 0.298044 0.0401405 0.0463564
2 0.0773471 0.225626 0.066471 0.0412652
3 0.568921 0.342767 0.0436558 0.0322974
0 0.178147 0.284555 0.0335732 0.0202977
3 0.630835 0.398842 0.0470356 0.0372553
0 0.511753 0.301059 0.0322974 0.0306251
0 0.511581 0.307279 0.0337685 0.0428761
0 0.463852 0.278188 0.037048 0.0423279
3 0.627478 0.383181 0.0415166 0.0413541
0 0.438074 0.263353 0.0339593 0.0417269
0 0.0212834 0.31666 0.0306284 0.0427934
3 0.538201 0.344471 0.0466852 0.0375455
2 0.0743595 0.237679 0.0716304 0.0229103
0 0.567125 0.328174 0.0436896 0.0366217
0 0.566342 0.279708 0.0211541 0.0351104
3 0.598622 0.329262 0.0309538 0.0292536
5 0.20658 0.418175 0.273681 0.191954
2 0.389123 0.341773 0.133268 0.064331
3 0.916289 0.527991 0.0862974 0.0558746
2 0.422065 0.310869 0.114948 0.05079
2 0.0796392 0.277593 0.090615 0.0567287
5 0.11931 0.154705 0.050764 0.0344436
3 0.628845 0.454685 0.0519592 0.0439658
0 0.63374 0.435768 0.0575116 0.0544638
3 0.500446 0.458437 0.0576914 0.0535509
3 0.716048 0.376344 0.0377509 0.042835
0 0.786358 0.449509 0.0544732 0.0541788
5 0.183374 0.161522 0.053506 0.0289633
2 0.266093 0.247066 0.0774932 0.0457685
5 0.35736 0.254747 0.11349 0.0725662
0 0.922231 0.50578 0.0713109 0.0628456
3 0.98152 0.588722 0.0367523 0.0430746
0 0.509451 0.36526 0.045207 0.043683
0 0.62863 0.377675 0.0399178 0.042949
3 0.50916 0.383011 0.0396411 0.0369828
3 0.787516 0.467059 0.0529609 0.0510134
3 0.0217555 0.323831 0.0248021 0.0309787
0 0.142225 0.256958 0.0269254 0.0377921
7 0.357696 0.254599 0.112929 0.0729742
0 0.501164 0.444113 0.0574504 0.0518486
2 0.224014 0.221089 0.0586671 0.0243499
3 0.179645 0.306674 0.0399614 0.0299636
3 0.628888 0.39068 0.0417948 0.0330867
3 0.251835 0.277206 0.0396246 0.0275945
2 0.0623236 0.249174 0.0943526 0.0412403
3 0.56207 0.341416 0.0578646 0.0375431
0 0.180004 0.298044 0.0401405 0.0463564
2 0.0773471 0.225626 0.066471 0.0412652
3 0.568921 0.342767 0.0436558 0.0322974
0 0.178147 0.284555 0.0335732 0.0202977
3 0.630835 0.398842 0.0470356 0.0372553
0 0.511753 0.301059 0.0322974 0.0306251
0 0.511581 0.307279 0.0337685 0.0428761
0 0.463852 0.278188 0.037048 0.0423279
3 0.627478 0.383181 0.0415166 0.0413541
0 0.438074 0.263353 0.0339593 0.0417269
0 0.0212834 0.31666 0.0306284 0.0427934
3 0.538201 0.344471 0.0466852 0.0375455
2 0.0743595 0.237679 0.0716304 0.0229103
0 0.567125 0.328174 0.0436896 0.0366217
0 0.566342 0.279708 0.0211541 0.0351104
3 0.598622 0.329262 0.0309538 0.0292536
5 0.20658 0.418175 0.273681 0.191954
2 0.389123 0.341773 0.133268 0.064331
3 0.916289 0.527991 0.0862974 0.0558746
2 0.422065 0.310869 0.114948 0.05079
2 0.0796392 0.277593 0.090615 0.0567287
5 0.11931 0.154705 0.050764 0.0344436
3 0.628845 0.454685 0.0519592 0.0439658
0 0.63374 0.435768 0.0575116 0.0544638
3 0.500446 0.458437 0.0576914 0.0535509
3 0.716048 0.376344 0.0377509 0.042835
0 0.786358 0.449509 0.0544732 0.0541788
5 0.183374 0.161522 0.053506 0.0289633
2 0.266093 0.247066 0.0774932 0.0457685
5 0.35736 0.254747 0.11349 0.0725662
0 0.922231 0.50578 0.0713109 0.0628456
3 0.98152 0.588722 0.0367523 0.0430746
0 0.509451 0.36526 0.045207 0.043683
0 0.62863 0.377675 0.0399178 0.042949
3 0.50916 0.383011 0.0396411 0.0369828
3 0.787516 0.467059 0.0529609 0.0510134
3 0.0217555 0.323831 0.0248021 0.0309787
0 0.142225 0.256958 0.0269254 0.0377921
7 0.357696 0.254599 0.112929 0.0729742
0 0.501164 0.444113 0.0574504 0.0518486
2 0.224014 0.221089 0.0586671 0.0243499
3 0.179645 0.306674 0.0399614 0.0299636
3 0.628888 0.39068 0.0417948 0.0330867
3 0.251835 0.277206 0.0396246 0.0275945
2 0.0623236 0.249174 0.0943526 0.0412403
3 0.56207 0.341416 0.0578646 0.0375431
0 0.180004 0.298044 0.0401405 0.0463564
2 0.0773471 0.225626 0.066471 0.0412652
3 0.568921 0.342767 0.0436558 0.0322974
0 0.178147 0.284555 0.0335732 0.0202977
3 0.630835 0.398842 0.0470356 0.0372553
0 0.511753 0.301059 0.0322974 0.0306251
0 0.511581 0.307279 0.0337685 0.0428761
0 0.463852 0.278188 0.037048 0.0423279
3 0.627478 0.383181 0.0415166 0.0413541
0 0.438074 0.263353 0.0339593 0.0417269
0 0.0212834 0.31666 0.0306284 0.0427934
3 0.538201 0.344471 0.0466852 0.0375455
2 0.0743595 0.237679 0.0716304 0.0229103
0 0.567125 0.328174 0.0436896 0.0366217
0 0.566342 0.279708 0.0211541 0.0351104
3 0.598622 0.329262 0.0309538 0.0292536
5 0.20658 0.418175 0.273681 0.191954
2 0.389123 0.341773 0.133268 0.064331
3 0.916289 0.527991 0.0862974 0.0558746
2 0.422065 0.310869 0.114948 0.05079
2 0.0796392 0.277593 0.090615 0.0567287
5 0.11931 0.154705 0.050764 0.0344436
3 0.628845 0.454685 0.0519592 0.0439658
0 0.63374 0.435768 0.0575116 0.0544638
3 0.500446 0.458437 0.0576914 0.0535509
3 0.716048 0.376344 0.0377509 0.042835
0 0.786358 0.449509 0.0544732 0.0541788
5 0.183374 0.161522 0.053506 0.0289633
2 0.266093 0.247066 0.0774932 0.0457685
5 0.35736 0.254747 0.11349 0.0725662
0 0.922231 0.50578 0.0713109 0.0628456
3 0.98152 0.588722 0.0367523 0.0430746
0 0.509451 0.36526 0.045207 0.043683
0 0.62863 0.377675 0.0399178 0.042949
3 0.50916 0.383011 0.0396411 0.0369828
3 0.787516 0.467059 0.0529609 0.0510134
3 0.0217555 0.323831 0.0248021 0.0309787
0 0.142225 0.256958 0.0269254 0.0377921
7 0.357696 0.254599 0.112929 0.0729742
0 0.501164 0.444113 0.0574504 0.0518486
2 0.224014 0.221089 0.0586671 0.0243499
3 0.179645 0.306674 0.0399614 0.0299636
3 0.628888 0.39068 0.0417948 0.0330867
3 0.251835 0.277206 0.0396246 0.0275945
2 0.0623236 0.249174 0.0943526 0.0412403
3 0.56207 0.341416 0.0578646 0.0375431
0 0.180004 0.298044 0.0401405 0.0463564
2 0.0773471 0.225626 0.066471 0.0412652
3 0.568921 0.342767 0.0436558 0.0322974
0 0.178147 0.284555 0.0335732 0.0202977
3 0.630835 0.398842 0.0470356 0.0372553
0 0.511753 0.301059 0.0322974 0.0306251
0 0.511581 0.307279 0.0337685 0.0428761
0 0.463852 0.278188 0.037048 0.0423279
3 0.627478 0.383181 0.0415166 0.0413541
0 0.438074 0.263353 0.0339593 0.0417269
0 0.0212834 0.31666 0.0306284 0.0427934
3 0.538201 0.344471 0.0466852 0.0375455
2 0.0743595 0.237679 0.0716304 0.0229103
0 0.567125 0.328174 0.0436896 0.0366217
0 0.566342 0.279708 0.0211541 0.0351104
3 0.598622 0.329262 0.0309538 0.0292536
5 0.20658 0.418175 0.273681 0.191954
2 0.389123 0.341773 0.133268 0.064331
3 0.916289 0.527991 0.0862974 0.0558746
2 0.422065 0.310869 0.114948 0.05079
2 0.0796392 0.277593 0.090615 0.0567287
5 0.11931 0.154705 0.050764 0.0344436
3 0.628845 0.454685 0.0519592 0.0439658
0 0.63374 0.435768 0.0575116 0.0544638
3 0.500446 0.458437 0.0576914 0.0535509
3 0.716048 0.376344 0.0377509 0.042835
0 0.786358 0.449509 0.0544732 0.0541788
5 0.183374 0.161522 0.053506 0.0289633
2 0.266093 0.247066 0.0774932 0.0457685
5 0.35736 0.254747 0.11349 0.0725662
0 0.922231 0.50578 0.0713109 0.0628456
3 0.98152 0.588722 0.0367523 0.0430746
0 0.509451 0.36526 0.045207 0.043683
0 0.62863 0.377675 0.0399178 0.042949
3 0.50916 0.383011 0.0396411 0.0369828
3 0.787516 0.467059 0.0529609 0.0510134
3 0.0217555 0.323831 0.0248021 0.0309787
0 0.142225 0.256958 0.0269254 0.0377921
7 0.357696 0.254599 0.112929 0.0729742
0 0.501164 0.444113 0.0574504 0.0518486
2 0.224014 0.221089 0.0586671 0.0243499
3 0.179645 0.306674 0.0399614 0.0299636
3 0.628888 0.39068 0.0417948 0.0330867
3 0.251835 0.277206 0.0396246 0.0275945
2 0.0623236 0.249174 0.0943526 0.0412403
3 0.56207 0.341416 0.0578646 0.0375431
0 0.180004 0.298044 0.0401405 0.0463564
2 0.0773471 0.225626 0.066471 0.0412652
3 0.568921 0.342767 0.0436558 0.0322974
0 0.178147 0.284555 0.0335732 0.0202977
3 0.630835 0.398842 0.0470356 0.0372553
0 0.511753 0.301059 0.0322974 0.0306251
0 0.511581 0.307279 0.0337685 0.0428761
0 0.463852 0.278188 0.037048 0.0423279
3 0.627478 0.383181 0.0415166 0.0413541
0 0.438074 0.263353 0.0339593 0.0417269
0 0.0212834 0.31666 0.0306284 0.0427934
3 0.538201 0.344471 0.0466852 0.0375455
2 0.0743595 0.237679 0.0716304 0.0229103
0 0.567125 0.328174 0.0436896 0.0366217
0 0.566342 0.279708 0.0211541 0.0351104
3 0.598622 0.329262 0.0309538 0.0292536
5 0.20658 0.418175 0.273681 0.191954
2 0.389123 0.341773 0.133268 0.064331
3 0.916289 0.527991 0.0862974 0.0558746
2 0.422065 0.310869 0.114948 0.05079
2 0.0796392 0.277593 0.090615 0.0567287
5 0.11931 0.154705 0.050764 0.0344436
3 0.628845 0.454685 0.0519592 0.0439658
0 0.63374 0.435768 0.0575116 0.0544638
3 0.500446 0.458437 0.0576914 0.0535509
3 0.716048 0.376344 0.0377509 0.042835
0 0.786358 0.449509 0.0544732 0.0541788
5 0.183374 0.161522 0.053506 0.0289633
2 0.266093 0.247066 0.0774932 0.0457685
5 0.35736 0.254747 0.11349 0.0725662
0 0.922231 0.50578 0.0713109 0.0628456
3 0.98152 0.588722 0.0367523 0.0430746
0 0.509451 0.36526 0.045207 0.043683
0 0.62863 0.377675 0.0399178 0.042949
3 0.50916 0.383011 0.0396411 0.0369828
3 0.787516 0.467059 0.0529609 0.0510134
3 0.0217555 0.323831 0.0248021 0.0309787
0 0.142225 0.256958 0.0269254 0.0377921
7 0.357696 0.254599 0.112929 0.0729742
0 0.501164 0.444113 0.0574504 0.0518486
2 0.224014 0.221089 0.0586671 0.0243499
3 0.179645 0.306674 0.0399614 0.0299636
3 0.628888 0.39068 0.0417948 0.0330867
3 0.251835 0.277206 0.0396246 0.0275945
2 0.0623236 0.249174 0.0943526 0.0412403
3 0.56207 0.341416 0.0578646 0.0375431
0 0.180004 0.298044 0.0401405 0.0463564
2 0.0773471 0.225626 0.066471 0.0412652
3 0.568921 0.342767 0.0436558 0.0322974
0 0.178147 0.284555 0.0335732 0.0202977
3 0.630835 0.398842 0.0470356 0.0372553
0 0.511753 0.301059 0.0322974 0.0306251
0 0.511581 0.307279 0.0337685 0.0428761
0 0.463852 0.278188 0.037048 0.0423279
3 0.627478 0.383181 0.0415166 0.0413541
0 0.438074 0.263353 0.0339593 0.0417269
0 0.0212834 0.31666 0.0306284 0.0427934
3 0.538201 0.344471 0.0466852 0.0375455
2 0.0743595 0.237679 0.0716304 0.0229103
0 0.567125 0.328174 0.0436896 0.0366217
0 0.566342 0.279708 0.0211541 0.0351104
3 0.598622 0.329262 0.0309538 0.0292536
5 0.20658 0.418175 0.273681 0.191954
2 0.389123 0.341773 0.133268 0.064331
3 0.916289 0.527991 0.0862974 0.0558746
2 0.422065 0.310869 0.114948 0.05079
2 0.0796392 0.277593 0.090615 0.0567287
5 0.11931 0.154705 0.050764 0.0344436
3 0.628845 0.454685 0.0519592 0.0439658
0 0.63374 0.435768 0.0575116 0.0544638
3 0.500446 0.458437 0.0576914 0.0535509
3 0.716048 0.376344 0.0377509 0.042835
0 0.786358 0.449509 0.0544732 0.0541788
5 0.183374 0.161522 0.053506 0.0289633
2 0.266093 0.247066 0.0774932 0.0457685
5 0.35736 0.254747 0.11349 0.0725662
0 0.922231 0.50578 0.0713109 0.0628456
3 0.98152 0.588722 0.0367523 0.0430746
0 0.509451 0.36526 0.045207 0.043683
0 0.62863 0.377675 0.0399178 0.042949
3 0.50916 0.383011 0.0396411 0.0369828
3 0.787516 0.467059 0.0529609 0.0510134
3 0.0217555 0.323831 0.0248021 0.0309787
0 0.142225 0.256958 0.0269254 0.0377921
7 0.357696 0.254599 0.112929 0.0729742
0 0.501164 0.444113 0.0574504 0.0518486
2 0.224014 0.221089 0.0586671 0.0243499
3 0.179645 0.306674 0.0399614 0.0299636
3 0.628888 0.39068 0.0417948 0.0330867
3 0.251835 0.277206 0.0396246 0.0275945
2 0.0623236 0.249174 0.0943526 0.0412403
3 0.56207 0.341416 0.0578646 0.0375431
0 0.180004 0.298044 0.0401405 0.0463564
2 0.0773471 0.225626 0.066471 0.0412652
3 0.568921 0.342767 0.0436558 0.0322974
0 0.178147 0.284555 0.0335732 0.0202977
3 0.630835 0.398842 0.0470356 0.0372553
0 0.511753 0.301059 0.0322974 0.0306251
0 0.511581 0.307279 0.0337685 0.0428761
0 0.463852 0.278188 0.037048 0.0423279
3 0.627478 0.383181 0.0415166 0.0413541
0 0.438074 0.263353 0.0339593 0.0417269
0 0.0212834 0.31666 0.0306284 0.0427934
3 0.538201 0.344471 0.0466852 0.0375455
2 0.0743595 0.237679 0.0716304 0.0229103
0 0.567125 0.328174 0.0436896 0.0366217
0 0.566342 0.279708 0.0211541 0.0351104
3 0.598622 0.329262 0.0309538 0.0292536
5 0.20658 0.418175 0.273681 0.191954
2 0.389123 0.341773 0.133268 0.064331
3 0.916289 0.527991 0.0862974 0.0558746
2 0.422065 0.310869 0.114948 0.05079
2 0.0796392 0.277593 0.090615 0.0567287
5 0.11931 0.154705 0.050764 0.0344436
3 0.628845 0.454685 0.0519592 0.0439658
0 0.63374 0.435768 0.0575116 0.0544638
3 0.500446 0.458437 0.0576914 0.0535509
3 0.716048 0.376344 0.0377509 0.042835
0 0.786358 0.449509 0.0544732 0.0541788
5 0.183374 0.161522 0.053506 0.0289633
2 0.266093 0.247066 0.0774932 0.0457685
5 0.35736 0.254747 0.11349 0.0725662
0 0.922231 0.50578 0.0713109 0.0628456
3 0.98152 0.588722 0.0367523 0.0430746
0 0.509451 0.36526 0.045207 0.043683
0 0.62863 0.377675 0.0399178 0.042949
3 0.50916 0.383011 0.0396411 0.0369828
3 0.787516 0.467059 0.0529609 0.0510134
3 0.0217555 0.323831 0.0248021 0.0309787
0 0.142225 0.256958 0.0269254 0.0377921
7 0.357696 0.254599 0.112929 0.0729742
0 0.501164 0.444113 0.0574504 0.0518486
2 0.224014 0.221089 0.0586671 0.0243499
3 0.179645 0.306674 0.0399614 0.0299636
3 0.628888 0.39068 0.0417948 0.0330867
3 0.251835 0.277206 0.0396246 0.0275945
2 0.0623236 0.249174 0.0943526 0.0412403
3 0.56207 0.341416 0.0578646 0.0375431
0 0.180004 0.298044 0.0401405 0.0463564
2 0.0773471 0.225626 0.066471 0.0412652
3 0.568921 0.342767 0.0436558 0.0322974
0 0.178147 0.284555 0.0335732 0.0202977
3 0.630835 0.398842 0.0470356 0.0372553
0 0.511753 0.301059 0.0322974 0.0306251
0 0.511581 0.307279 0.0337685 0.0428761
0 0.463852 0.278188 0.037048 0.0423279
3 0.627478 0.383181 0.0415166 0.0413541
0 0.438074 0.263353 0.0339593 0.0417269
0 0.0212834 0.31666 0.0306284 0.0427934
3 0.538201 0.344471 0.0466852 0.0375455
2 0.0743595 0.237679 0.0716304 0.0229103
0 0.567125 0.328174 0.0436896 0.0366217
0 0.566342 0.279708 0.0211541 0.0351104
3 0.598622 0.329262 0.0309538 0.0292536
5 0.20658 0.418175 0.273681 0.191954
2 0.389123 0.341773 0.133268 0.064331
3 0.916289 0.527991 0.0862974 0.0558746
2 0.422065 0.310869 0.114948 0.05079
2 0.0796392 0.277593 0.090615 0.0567287
5 0.11931 0.154705 0.050764 0.0344436
3 0.628845 0.454685 0.0519592 0.0439658
0 0.63374 0.435768 0.0575116 0.0544638
3 0.500446 0.458437 0.0576914 0.0535509
3 0.716048 0.376344 0.0377509 0.042835
0 0.786358 0.449509 0.0544732 0.0541788
5 0.183374 0.161522 0.053506 0.0289633
2 0.266093 0.247066 0.0774932 0.0457685
5 0.35736 0.254747 0.11349 0.0725662
0 0.922231 0.50578 0.0713109 0.0628456
3 0.98152 0.588722 0.0367523 0.0430746
0 0.509451 0.36526 0.045207 0.043683
0 0.62863 0.377675 0.0399178 0.042949
3 0.50916 0.383011 0.0396411 0.0369828
3 0.787516 0.467059 0.0529609 0.0510134
3 0.0217555 0.323831 0.0248021 0.0309787
0 0.142225 0.256958 0.0269254 0.0377921
7 0.357696 0.254599 0.112929 0.0729742
0 0.501164 0.444113 0.0574504 0.0518486
2 0.224014 0.221089 0.0586671 0.0243499
3 0.179645 0.306674 0.0399614 0.0299636
3 0.628888 0.39068 0.0417948 0.0330867
3 0.251835 0.277206 0.0396246 0.0275945
2 0.0623236 0.249174 0.0943526 0.0412403
3 0.56207 0.341416 0.0578646 0.0375431
0 0.180004 0.298044 0.0401405 0.0463564
2 0.0773471 0.225626 0.066471 0.0412652
3 0.568921 0.342767 0.0436558 0.0322974
0 0.178147 0.284555 0.0335732 0.0202977
3 0.630835 0.398842 0.0470356 0.0372553
0 0.511753 0.301059 0.0322974 0.0306251
0 0.511581 0.307279 0.0337685 0.0428761
0 0.463852 0.278188 0.037048 0.0423279
3 0.627478 0.383181 0.0415166 0.0413541
0 0.438074 0.263353 0.0339593 0.0417269
0 0.0212834 0.31666 0.0306284 0.0427934
3 0.538201 0.344471 0.0466852 0.0375455
2 0.0743595 0.237679 0.0716304 0.0229103
0 0.567125 0.328174 0.0436896 0.0366217
0 0.566342 0.279708 0.0211541 0.0351104
3 0.598622 0.329262 0.0309538 0.0292536
5 0.20658 0.418175 0.273681 0.191954
2 0.389123 0.341773 0.133268 0.064331
3 0.916289 0.527991 0.0862974 0.0558746
2 0.422065 0.310869 0.114948 0.05079
2 0.0796392 0.277593 0.090615 0.0567287
5 0.11931 0.154705 0.050764 0.0344436
3 0.628845 0.454685 0.0519592 0.0439658
0 0.63374 0.435768 0.0575116 0.0544638
3 0.500446 0.458437 0.0576914 0.0535509
3 0.716048 0.376344 0.0377509 0.042835
0 0.786358 0.449509 0.0544732 0.0541788
5 0.183374 0.161522 0.053506 0.0289633
2 0.266093 0.247066 0.0774932 0.0457685
5 0.35736 0.254747 0.11349 0.0725662
0 0.922231 0.50578 0.0713109 0.0628456
3 0.98152 0.588722 0.0367523 0.0430746
0 0.509451 0.36526 0.045207 0.043683
0 0.62863 0.377675 0.0399178 0.042949
3 0.50916 0.383011 0.0396411 0.0369828
3 0.787516 0.467059 0.0529609 0.0510134
3 0.0217555 0.323831 0.0248021 0.0309787
0 0.142225 0.256958 0.0269254 0.0377921
7 0.357696 0.254599 0.112929 0.0729742
0 0.501164 0.444113 0.0574504 0.0518486
2 0.224014 0.221089 0.0586671 0.0243499
3 0.179645 0.306674 0.0399614 0.0299636
3 0.628888 0.39068 0.0417948 0.0330867
3 0.251835 0.277206 0.0396246 0.0275945
2 0.0623236 0.249174 0.0943526 0.0412403
3 0.56207 0.341416 0.0578646 0.0375431
0 0.180004 0.298044 0.0401405 0.0463564
2 0.0773471 0.225626 0.066471 0.0412652
3 0.568921 0.342767 0.0436558 0.0322974
0 0.178147 0.284555 0.0335732 0.0202977
3 0.630835 0.398842 0.0470356 0.0372553
0 0.511753 0.301059 0.0322974 0.0306251
0 0.511581 0.307279 0.0337685 0.0428761
0 0.463852 0.278188 0.037048 0.0423279
3 0.627478 0.383181 0.0415166 0.0413541
0 0.438074 0.263353 0.0339593 0.0417269
0 0.0212834 0.31666 0.0306284 0.0427934
3 0.538201 0.344471 0.0466852 0.0375455
2 0.0743595 0.237679 0.0716304 0.0229103
0 0.567125 0.328174 0.0436896 0.0366217
0 0.566342 0.279708 0.0211541 0.0351104
3 0.598622 0.329262 0.0309538 0.0292536
5 0.20658 0.418175 0.273681 0.191954
2 0.389123 0.341773 0.133268 0.064331
3 0.916289 0.527991 0.0862974 0.0558746
2 0.422065 0.310869 0.114948 0.05079
2 0.0796392 0.277593 0.090615 0.0567287
5 0.11931 0.154705 0.050764 0.0344436
3 0.628845 0.454685 0.0519592 0.0439658
0 0.63374 0.435768 0.0575116 0.0544638
3 0.500446 0.458437 0.0576914 0.0535509
3 0.716048 0.376344 0.0377509 0.042835
0 0.786358 0.449509 0.0544732 0.0541788
5 0.183374 0.161522 0.053506 0.0289633
2 0.266093 0.247066 0.0774932 0.0457685
5 0.35736 0.254747 0.11349 0.0725662
0 0.922231 0.50578 0.0713109 0.0628456
3 0.98152 0.588722 0.0367523 0.0430746
0 0.509451 0.36526 0.045207 0.043683
0 0.62863 0.377675 0.0399178 0.042949
3 0.50916 0.383011 0.0396411 0.0369828
3 0.787516 0.467059 0.0529609 0.0510134
3 0.0217555 0.323831 0.0248021 0.0309787
0 0.142225 0.256958 0.0269254 0.0377921
7 0.357696 0.254599 0.112929 0.0729742
0 0.501164 0.444113 0.0574504 0.0518486
2 0.224014 0.221089 0.0586671 0.0243499
3 0.179645 0.306674 0.0399614 0.0299636
3 0.628888 0.39068 0.0417948 0.0330867
3 0.251835 0.277206 0.0396246 0.0275945
2 0.0623236 0.249174 0.0943526 0.0412403
3 0.56207 0.341416 0.0578646 0.0375431
0 0.180004 0.298044 0.0401405 0.0463564
2 0.0773471 0.225626 0.066471 0.0412652
3 0.568921 0.342767 0.0436558 0.0322974
0 0.178147 0.284555 0.0335732 0.0202977
3 0.630835 0.398842 0.0470356 0.0372553
0 0.511753 0.301059 0.0322974 0.0306251
0 0.511581 0.307279 0.0337685 0.0428761
0 0.463852 0.278188 0.037048 0.0423279
3 0.627478 0.383181 0.0415166 0.0413541
0 0.438074 0.263353 0.0339593 0.0417269
0 0.0212834 0.31666 0.0306284 0.0427934
3 0.538201 0.344471 0.0466852 0.0375455
2 0.0743595 0.237679 0.0716304 0.0229103
0 0.567125 0.328174 0.0436896 0.0366217
0 0.566342 0.279708 0.0211541 0.0351104
3 0.598622 0.329262 0.0309538 0.0292536
5 0.20658 0.418175 0.273681 0.191954
2 0.389123 0.341773 0.133268 0.064331
3 0.916289 0.527991 0.0862974 0.0558746
2 0.422065 0.310869 0.114948 0.05079
2 0.0796392 0.277593 0.090615 0.0567287
5 0.11931 0.154705 0.050764 0.0344436
3 0.628845 0.454685 0.0519592 0.0439658
0 0.63374 0.435768 0.0575116 0.0544638
3 0.500446 0.458437 0.0576914 0.0535509
3 0.716048 0.376344 0.0377509 0.042835
0 0.786358 0.449509 0.0544732 0.0541788
5 0.183374 0.161522 0.053506 0.0289633
2 0.266093 0.247066 0.0774932 0.0457685
5 0.35736 0.254747 0.11349 0.0725662
0 0.922231 0.50578 0.0713109 0.0628456
3 0.98152 0.588722 0.0367523 0.0430746
0 0.509451 0.36526 0.045207 0.043683
0 0.62863 0.377675 0.0399178 0.042949
3 0.50916 0.383011 0.0396411 0.0369828
3 0.787516 0.467059 0.0529609 0.0510134
3 0.0217555 0.323831 0.0248021 0.0309787
0 0.142225 0.256958 0.0269254 0.0377921
7 0.357696 0.254599 0.112929 0.0729742
0 0.501164 0.444113 0.0574504 0.0518486
2 0.224014 0.221089 0.0586671 0.0243499
3 0.179645 0.306674 0.0399614 0.0299636
3 0.628888 0.39068 0.0417948 0.0330867
3 0.251835 0.277206 0.0396246 0.0275945
2 0.0623236 0.249174 0.0943526 0.0412403
3 0.56207 0.341416 0.0578646 0.0375431
0 0.180004 0.298044 0.0401405 0.0463564
2 0.0773471 0.225626 0.066471 0.0412652
3 0.568921 0.342767 0.0436558 0.0322974
0 0.178147 0.284555 0.0335732 0.0202977
3 0.630835 0.398842 0.0470356 0.0372553
0 0.511753 0.301059 0.0322974 0.0306251
0 0.511581 0.307279 0.0337685 0.0428761
0 0.463852 0.278188 0.037048 0.0423279
3 0.627478 0.383181 0.0415166 0.0413541
0 0.438074 0.263353 0.0339593 0.0417269
0 0.0212834 0.31666 0.0306284 0.0427934
3 0.538201 0.344471 0.0466852 0.0375455
2 0.0743595 0.237679 0.0716304 0.0229103
0 0.567125 0.328174 0.0436896 0.0366217
0 0.566342 0.279708 0.0211541 0.0351104
3 0.598622 0.329262 0.0309538 0.0292536
5 0.20658 0.418175 0.273681 0.191954
2 0.389123 0.341773 0.133268 0.064331
3 0.916289 0.527991 0.0862974 0.0558746
2 0.422065 0.310869 0.114948 0.05079
2 0.0796392 0.277593 0.090615 0.0567287
5 0.11931 0.154705 0.050764 0.0344436
3 0.628845 0.454685 0.0519592 0.0439658
0 0.63374 0.435768 0.0575116 0.0544638
3 0.500446 0.458437 0.0576914 0.0535509
3 0.716048 0.376344 0.0377509 0.042835
0 0.786358 0.449509 0.0544732 0.0541788
5 0.183374 0.161522 0.053506 0.0289633
2 0.266093 0.247066 0.0774932 0.0457685
5 0.35736 0.254747 0.11349 0.0725662
0 0.922231 0.50578 0.0713109 0.0628456
3 0.98152 0.588722 0.0367523 0.0430746
0 0.509451 0.36526 0.045207 0.043683
0 0.62863 0.377675 0.0399178 0.042949
3 0.50916 0.383011 0.0396411 0.0369828
3 0.787516 0.467059 0.0529609 0.0510134
3 0.0217555 0.323831 0.0248021 0.0309787
0 0.142225 0.256958 0.0269254 0.0377921
7 0.357696 0.254599 0.112929 0.0729742
0 0.501164 0.444113 0.0574504 0.0518486
2 0.224014 0.221089 0.0586671 0.0243499
3 0.179645 0.306674 0.0399614 0.0299636
3 0.628888 0.39068 0.0417948 0.0330867
3 0.251835 0.277206 0.0396246 0.0275945
2 0.0623236 0.249174 0.0943526 0.0412403
3 0.56207 0.341416 0.0578646 0.0375431
0 0.180004 0.298044 0.0401405 0.0463564
2 0.0773471 0.225626 0.066471 0.0412652
3 0.568921 0.342767 0.0436558 0.0322974
0 0.178147 0.284555 0.0335732 0.0202977
3 0.630835 0.398842 0.0470356 0.0372553
0 0.511753 0.301059 0.0322974 0.0306251
0 0.511581 0.307279 0.0337685 0.0428761
0 0.463852 0.278188 0.037048 0.0423279
3 0.627478 0.383181 0.0415166 0.0413541
0 0.438074 0.263353 0.0339593 0.0417269
0 0.0212834 0.31666 0.0306284 0.0427934
3 0.538201 0.344471 0.0466852 0.0375455
2 0.0743595 0.237679 0.0716304 0.0229103
0 0.567125 0.328174 0.0436896 0.0366217
0 0.566342 0.279708 0.0211541 0.0351104
3 0.598622 0.329262 0.0309538 0.0292536
5 0.2032 0.41831 0.266793 0.191116
2 0.389715 0.342413 0.131988 0.0640229
2 0.422599 0.311869 0.11296 0.0506027
7 0.357232 0.254176 0.111737 0.073692
0 0.785352 0.45028 0.0548648 0.0545711
2 0.0794112 0.27809 0.0927323 0.0551568
0 0.632871 0.434899 0.0587826 0.0534971
3 0.916897 0.526758 0.0872365 0.0579735
3 0.790863 0.47481 0.0443726 0.0345945
3 0.0203472 0.32405 0.0286537 0.0322131
0 0.501282 0.444457 0.0561881 0.0511311
3 0.4985 0.462136 0.0534819 0.0464369
3 0.981493 0.588495 0.0360331 0.0425336
3 0.507313 0.38268 0.035096 0.0353184
0 0.628779 0.376545 0.039293 0.0393398
5 0.120195 0.155247 0.0493057 0.0338194
0 0.0190237 0.313489 0.0312192 0.0397709
0 0.506615 0.366388 0.0396754 0.0441776
3 0.630597 0.456102 0.041846 0.0408373
0 0.910493 0.508653 0.0557482 0.064099
3 0.179483 0.30789 0.0415869 0.0288453
5 0.2032 0.41831 0.266793 0.191116
2 0.389715 0.342413 0.131988 0.0640229
2 0.422599 0.311869 0.11296 0.0506027
7 0.357232 0.254176 0.111737 0.073692
0 0.785352 0.45028 0.0548648 0.0545711
2 0.0794112 0.27809 0.0927323 0.0551568
0 0.632871 0.434899 0.0587826 0.0534971
3 0.916897 0.526758 0.0872365 0.0579735
3 0.790863 0.47481 0.0443726 0.0345945
3 0.0203472 0.32405 0.0286537 0.0322131
0 0.501282 0.444457 0.0561881 0.0511311
3 0.4985 0.462136 0.0534819 0.0464369
3 0.981493 0.588495 0.0360331 0.0425336
3 0.507313 0.38268 0.035096 0.0353184
0 0.628779 0.376545 0.039293 0.0393398
5 0.120195 0.155247 0.0493057 0.0338194
0 0.0190237 0.313489 0.0312192 0.0397709
0 0.506615 0.366388 0.0396754 0.0441776
3 0.630597 0.456102 0.041846 0.0408373
0 0.910493 0.508653 0.0557482 0.064099
3 0.179483 0.30789 0.0415869 0.0288453
