7 0.574462 0.35404 0.168896 0.111413
2 0.429552 0.324757 0.107814 0.052667
2 0.962311 0.621997 0.0737088 0.0786524
2 0.664583 0.428271 0.166827 0.0750487
2 0.344139 0.288453 0.0972055 0.0460365
0 0.892469 0.525932 0.0660665 0.0604793
5 0.111416 0.282763 0.144651 0.127836
0 0.785265 0.447008 0.0455761 0.0561762
3 0.264205 0.484935 0.0590263 0.0569262
0 0.375939 0.36389 0.0419913 0.0403036
0 0.868532 0.472298 0.0601413 0.0559859
3 0.787413 0.471923 0.0418135 0.0358408
0 0.264023 0.46197 0.0592947 0.0619604
3 0.379494 0.380699 0.0454693 0.0348623
3 0.720797 0.376484 0.0354089 0.0363115
2 0.299045 0.251935 0.0877971 0.0356845
3 0.875612 0.498817 0.0515272 0.032334
2 0.138267 0.208404 0.0487915 0.0206948
5 0.248361 0.200127 0.0797423 0.0528519
3 0.319385 0.326521 0.0302126 0.0250098
3 0.889273 0.543908 0.0664951 0.0551168
0 0.318902 0.316711 0.0314282 0.0436873
3 0.422699 0.264291 0.0291769 0.0256958
2 0.273168 0.234773 0.0695814 0.026592
0 0.668694 0.34604 0.0281364 0.0482555
3 0.43032 0.260464 0.0433738 0.0317391
0 0.529693 0.266599 0.0240207 0.0358648
3 0.869664 0.488815 0.0627073 0.0420307
2 0.279884 0.25137 0.0646026 0.0340878
2 0.138081 0.212349 0.0478903 0.0156381
3 0.258218 0.277151 0.0384651 0.0244023
0 0.360011 0.243831 0.0263667 0.0349961
2 0.232922 0.220562 0.0400627 0.0197163
3 0.319161 0.317934 0.0317732 0.0420678
3 0.899205 0.546845 0.0467555 0.0489107
0 0.794161 0.356184 0.0246643 0.0345572
5 0.245991 0.191353 0.07947 0.035348
7 0.574462 0.35404 0.168896 0.111413
2 0.429552 0.324757 0.107814 0.052667
2 0.962311 0.621997 0.0737088 0.0786524
2 0.664583 0.428271 0.166827 0.0750487
2 0.344139 0.288453 0.0972055 0.0460365
0 0.892469 0.525932 0.0660665 0.0604793
5 0.111416 0.282763 0.144651 0.127836
0 0.785265 0.447008 0.0455761 0.0561762
3 0.264205 0.484935 0.0590263 0.0569262
0 0.375939 0.36389 0.0419913 0.0403036
0 0.868532 0.472298 0.0601413 0.0559859
3 0.787413 0.471923 0.0418135 0.0358408
0 0.264023 0.46197 0.0592947 0.0619604
3 0.379494 0.380699 0.0454693 0.0348623
3 0.720797 0.376484 0.0354089 0.0363115
2 0.299045 0.251935 0.0877971 0.0356845
3 0.875612 0.498817 0.0515272 0.032334
2 0.138267 0.208404 0.0487915 0.0206948
5 0.248361 0.200127 0.0797423 0.0528519
3 0.319385 0.326521 0.0302126 0.0250098
3 0.889273 0.543908 0.0664951 0.0551168
0 0.318902 0.316711 0.0314282 0.0436873
3 0.422699 0.264291 0.0291769 0.0256958
2 0.273168 0.234773 0.0695814 0.026592
0 0.668694 0.34604 0.0281364 0.0482555
3 0.43032 0.260464 0.0433738 0.0317391
0 0.529693 0.266599 0.0240207 0.0358648
3 0.869664 0.488815 0.0627073 0.0420307
2 0.279884 0.25137 0.0646026 0.0340878
2 0.138081 0.212349 0.0478903 0.0156381
3 0.258218 0.277151 0.0384651 0.0244023
0 0.360011 0.243831 0.0263667 0.0349961
2 0.232922 0.220562 0.0400627 0.0197163
3 0.319161 0.317934 0.0317732 0.0420678
3 0.899205 0.546845 0.0467555 0.0489107
0 0.794161 0.356184 0.0246643 0.0345572
5 0.245991 0.191353 0.07947 0.035348
7 0.574462 0.35404 0.168896 0.111413
2 0.429552 0.324757 0.107814 0.052667
2 0.962311 0.621997 0.0737088 0.0786524
2 0.664583 0.428271 0.166827 0.0750487
2 0.344139 0.288453 0.0972055 0.0460365
0 0.892469 0.525932 0.0660665 0.0604793
5 0.111416 0.282763 0.144651 0.127836
0 0.785265 0.447008 0.0455761 0.0561762
3 0.264205 0.484935 0.0590263 0.0569262
0 0.375939 0.36389 0.0419913 0.0403036
0 0.868532 0.472298 0.0601413 0.0559859
3 0.787413 0.471923 0.0418135 0.0358408
0 0.264023 0.46197 0.0592947 0.0619604
3 0.379494 0.380699 0.0454693 0.0348623
3 0.720797 0.376484 0.0354089 0.0363115
2 0.299045 0.251935 0.0877971 0.0356845
3 0.875612 0.498817 0.0515272 0.032334
2 0.138267 0.208404 0.0487915 0.0206948
5 0.248361 0.200127 0.0797423 0.0528519
3 0.319385 0.326521 0.0302126 0.0250098
3 0.889273 0.543908 0.0664951 0.0551168
0 0.318902 0.316711 0.0314282 0.0436873
3 0.422699 0.264291 0.0291769 0.0256958
2 0.273168 0.234773 0.0695814 0.026592
0 0.668694 0.34604 0.0281364 0.0482555
3 0.43032 0.260464 0.0433738 0.0317391
0 0.529693 0.266599 0.0240207 0.0358648
3 0.869664 0.488815 0.0627073 0.0420307
2 0.279884 0.25137 0.0646026 0.0340878
2 0.138081 0.212349 0.0478903 0.0156381
3 0.258218 0.277151 0.0384651 0.0244023
0 0.360011 0.243831 0.0263667 0.0349961
2 0.232922 0.220562 0.0400627 0.0197163
3 0.319161 0.317934 0.0317732 0.0420678
3 0.899205 0.546845 0.0467555 0.0489107
0 0.794161 0.356184 0.0246643 0.0345572
5 0.245991 0.191353 0.07947 0.035348
7 0.574462 0.35404 0.168896 0.111413
2 0.429552 0.324757 0.107814 0.052667
2 0.962311 0.621997 0.0737088 0.0786524
2 0.664583 0.428271 0.166827 0.0750487
2 0.344139 0.288453 0.0972055 0.0460365
0 0.892469 0.525932 0.0660665 0.0604793
5 0.111416 0.282763 0.144651 0.127836
0 0.785265 0.447008 0.0455761 0.0561762
3 0.264205 0.484935 0.0590263 0.0569262
0 0.375939 0.36389 0.0419913 0.0403036
0 0.868532 0.472298 0.0601413 0.0559859
3 0.787413 0.471923 0.0418135 0.0358408
0 0.264023 0.46197 0.0592947 0.0619604
3 0.379494 0.380699 0.0454693 0.0348623
3 0.720797 0.376484 0.0354089 0.0363115
2 0.299045 0.251935 0.0877971 0.0356845
3 0.875612 0.498817 0.0515272 0.032334
2 0.138267 0.208404 0.0487915 0.0206948
5 0.248361 0.200127 0.0797423 0.0528519
3 0.319385 0.326521 0.0302126 0.0250098
3 0.889273 0.543908 0.0664951 0.0551168
0 0.318902 0.316711 0.0314282 0.0436873
3 0.422699 0.264291 0.0291769 0.0256958
2 0.273168 0.234773 0.0695814 0.026592
0 0.668694 0.34604 0.0281364 0.0482555
3 0.43032 0.260464 0.0433738 0.0317391
0 0.529693 0.266599 0.0240207 0.0358648
3 0.869664 0.488815 0.0627073 0.0420307
2 0.279884 0.25137 0.0646026 0.0340878
2 0.138081 0.212349 0.0478903 0.0156381
3 0.258218 0.277151 0.0384651 0.0244023
0 0.360011 0.243831 0.0263667 0.0349961
2 0.232922 0.220562 0.0400627 0.0197163
3 0.319161 0.317934 0.0317732 0.0420678
3 0.899205 0.546845 0.0467555 0.0489107
0 0.794161 0.356184 0.0246643 0.0345572
5 0.245991 0.191353 0.07947 0.035348
7 0.574462 0.35404 0.168896 0.111413
2 0.429552 0.324757 0.107814 0.052667
2 0.962311 0.621997 0.0737088 0.0786524
2 0.664583 0.428271 0.166827 0.0750487
2 0.344139 0.288453 0.0972055 0.0460365
0 0.892469 0.525932 0.0660665 0.0604793
5 0.111416 0.282763 0.144651 0.127836
0 0.785265 0.447008 0.0455761 0.0561762
3 0.264205 0.484935 0.0590263 0.0569262
0 0.375939 0.36389 0.0419913 0.0403036
0 0.868532 0.472298 0.0601413 0.0559859
3 0.787413 0.471923 0.0418135 0.0358408
0 0.264023 0.46197 0.0592947 0.0619604
3 0.379494 0.380699 0.0454693 0.0348623
3 0.720797 0.376484 0.0354089 0.0363115
2 0.299045 0.251935 0.0877971 0.0356845
3 0.875612 0.498817 0.0515272 0.032334
2 0.138267 0.208404 0.0487915 0.0206948
5 0.248361 0.200127 0.0797423 0.0528519
3 0.319385 0.326521 0.0302126 0.0250098
3 0.889273 0.543908 0.0664951 0.0551168
0 0.318902 0.316711 0.0314282 0.0436873
3 0.422699 0.264291 0.0291769 0.0256958
2 0.273168 0.234773 0.0695814 0.026592
0 0.668694 0.34604 0.0281364 0.0482555
3 0.43032 0.260464 0.0433738 0.0317391
0 0.529693 0.266599 0.0240207 0.0358648
3 0.869664 0.488815 0.0627073 0.0420307
2 0.279884 0.25137 0.0646026 0.0340878
2 0.138081 0.212349 0.0478903 0.0156381
3 0.258218 0.277151 0.0384651 0.0244023
0 0.360011 0.243831 0.0263667 0.0349961
2 0.232922 0.220562 0.0400627 0.0197163
3 0.319161 0.317934 0.0317732 0.0420678
3 0.899205 0.546845 0.0467555 0.0489107
0 0.794161 0.356184 0.0246643 0.0345572
5 0.245991 0.191353 0.07947 0.035348
7 0.574462 0.35404 0.168896 0.111413
2 0.429552 0.324757 0.107814 0.052667
2 0.962311 0.621997 0.0737088 0.0786524
2 0.664583 0.428271 0.166827 0.0750487
2 0.344139 0.288453 0.0972055 0.0460365
0 0.892469 0.525932 0.0660665 0.0604793
5 0.111416 0.282763 0.144651 0.127836
0 0.785265 0.447008 0.0455761 0.0561762
3 0.264205 0.484935 0.0590263 0.0569262
0 0.375939 0.36389 0.0419913 0.0403036
0 0.868532 0.472298 0.0601413 0.0559859
3 0.787413 0.471923 0.0418135 0.0358408
0 0.264023 0.46197 0.0592947 0.0619604
3 0.379494 0.380699 0.0454693 0.0348623
3 0.720797 0.376484 0.0354089 0.0363115
2 0.299045 0.251935 0.0877971 0.0356845
3 0.875612 0.498817 0.0515272 0.032334
2 0.138267 0.208404 0.0487915 0.0206948
5 0.248361 0.200127 0.0797423 0.0528519
3 0.319385 0.326521 0.0302126 0.0250098
3 0.889273 0.543908 0.0664951 0.0551168
0 0.318902 0.316711 0.0314282 0.0436873
3 0.422699 0.264291 0.0291769 0.0256958
2 0.273168 0.234773 0.0695814 0.026592
0 0.668694 0.34604 0.0281364 0.0482555
3 0.43032 0.260464 0.0433738 0.0317391
0 0.529693 0.266599 0.0240207 0.0358648
3 0.869664 0.488815 0.0627073 0.0420307
2 0.279884 0.25137 0.0646026 0.0340878
2 0.138081 0.212349 0.0478903 0.0156381
3 0.258218 0.277151 0.0384651 0.0244023
0 0.360011 0.243831 0.0263667 0.0349961
2 0.232922 0.220562 0.0400627 0.0197163
3 0.319161 0.317934 0.0317732 0.0420678
3 0.899205 0.546845 0.0467555 0.0489107
0 0.794161 0.356184 0.0246643 0.0345572
5 0.245991 0.191353 0.07947 0.035348
7 0.574462 0.35404 0.168896 0.111413
2 0.429552 0.324757 0.107814 0.052667
2 0.962311 0.621997 0.0737088 0.0786524
2 0.664583 0.428271 0.166827 0.0750487
2 0.344139 0.288453 0.0972055 0.0460365
0 0.892469 0.525932 0.0660665 0.0604793
5 0.111416 0.282763 0.144651 0.127836
0 0.785265 0.447008 0.0455761 0.0561762
3 0.264205 0.484935 0.0590263 0.0569262
0 0.375939 0.36389 0.0419913 0.0403036
0 0.868532 0.472298 0.0601413 0.0559859
3 0.787413 0.471923 0.0418135 0.0358408
0 0.264023 0.46197 0.0592947 0.0619604
3 0.379494 0.380699 0.0454693 0.0348623
3 0.720797 0.376484 0.0354089 0.0363115
2 0.299045 0.251935 0.0877971 0.0356845
3 0.875612 0.498817 0.0515272 0.032334
2 0.138267 0.208404 0.0487915 0.0206948
5 0.248361 0.200127 0.0797423 0.0528519
3 0.319385 0.326521 0.0302126 0.0250098
3 0.889273 0.543908 0.0664951 0.0551168
0 0.318902 0.316711 0.0314282 0.0436873
3 0.422699 0.264291 0.0291769 0.0256958
2 0.273168 0.234773 0.0695814 0.026592
0 0.668694 0.34604 0.0281364 0.0482555
3 0.43032 0.260464 0.0433738 0.0317391
0 0.529693 0.266599 0.0240207 0.0358648
3 0.869664 0.488815 0.0627073 0.0420307
2 0.279884 0.25137 0.0646026 0.0340878
2 0.138081 0.212349 0.0478903 0.0156381
3 0.258218 0.277151 0.0384651 0.0244023
0 0.360011 0.243831 0.0263667 0.0349961
2 0.232922 0.220562 0.0400627 0.0197163
3 0.319161 0.317934 0.0317732 0.0420678
3 0.899205 0.546845 0.0467555 0.0489107
0 0.794161 0.356184 0.0246643 0.0345572
5 0.245991 0.191353 0.07947 0.035348
7 0.574462 0.35404 0.168896 0.111413
2 0.429552 0.324757 0.107814 0.052667
2 0.962311 0.621997 0.0737088 0.0786524
2 0.664583 0.428271 0.166827 0.0750487
2 0.344139 0.288453 0.0972055 0.0460365
0 0.892469 0.525932 0.0660665 0.0604793
5 0.111416 0.282763 0.144651 0.127836
0 0.785265 0.447008 0.0455761 0.0561762
3 0.264205 0.484935 0.0590263 0.0569262
0 0.375939 0.36389 0.0419913 0.0403036
0 0.868532 0.472298 0.0601413 0.0559859
3 0.787413 0.471923 0.0418135 0.0358408
0 0.264023 0.46197 0.0592947 0.0619604
3 0.379494 0.380699 0.0454693 0.0348623
3 0.720797 0.376484 0.0354089 0.0363115
2 0.299045 0.251935 0.0877971 0.0356845
3 0.875612 0.498817 0.0515272 0.032334
2 0.138267 0.208404 0.0487915 0.0206948
5 0.248361 0.200127 0.0797423 0.0528519
3 0.319385 0.326521 0.0302126 0.0250098
3 0.889273 0.543908 0.0664951 0.0551168
0 0.318902 0.316711 0.0314282 0.0436873
3 0.422699 0.264291 0.0291769 0.0256958
2 0.273168 0.234773 0.0695814 0.026592
0 0.668694 0.34604 0.0281364 0.0482555
3 0.43032 0.260464 0.0433738 0.0317391
0 0.529693 0.266599 0.0240207 0.0358648
3 0.869664 0.488815 0.0627073 0.0420307
2 0.279884 0.25137 0.0646026 0.0340878
2 0.138081 0.212349 0.0478903 0.0156381
3 0.258218 0.277151 0.0384651 0.0244023
0 0.360011 0.243831 0.0263667 0.0349961
2 0.232922 0.220562 0.0400627 0.0197163
3 0.319161 0.317934 0.0317732 0.0420678
3 0.899205 0.546845 0.0467555 0.0489107
0 0.794161 0.356184 0.0246643 0.0345572
5 0.245991 0.191353 0.07947 0.035348
7 0.574462 0.35404 0.168896 0.111413
2 0.429552 0.324757 0.107814 0.052667
2 0.962311 0.621997 0.0737088 0.0786524
2 0.664583 0.428271 0.166827 0.0750487
2 0.344139 0.288453 0.0972055 0.0460365
0 0.892469 0.525932 0.0660665 0.0604793
5 0.111416 0.282763 0.144651 0.127836
0 0.785265 0.447008 0.0455761 0.0561762
3 0.264205 0.484935 0.0590263 0.0569262
0 0.375939 0.36389 0.0419913 0.0403036
0 0.868532 0.472298 0.0601413 0.0559859
3 0.787413 0.471923 0.0418135 0.0358408
0 0.264023 0.46197 0.0592947 0.0619604
3 0.379494 0.380699 0.0454693 0.0348623
3 0.720797 0.376484 0.0354089 0.0363115
2 0.299045 0.251935 0.0877971 0.0356845
3 0.875612 0.498817 0.0515272 0.032334
2 0.138267 0.208404 0.0487915 0.0206948
5 0.248361 0.200127 0.0797423 0.0528519
3 0.319385 0.326521 0.0302126 0.0250098
3 0.889273 0.543908 0.0664951 0.0551168
0 0.318902 0.316711 0.0314282 0.0436873
3 0.422699 0.264291 0.0291769 0.0256958
2 0.273168 0.234773 0.0695814 0.026592
0 0.668694 0.34604 0.0281364 0.0482555
3 0.43032 0.260464 0.0433738 0.0317391
0 0.529693 0.266599 0.0240207 0.0358648
3 0.869664 0.488815 0.0627073 0.0420307
2 0.279884 0.25137 0.0646026 0.0340878
2 0.138081 0.212349 0.0478903 0.0156381
3 0.258218 0.277151 0.0384651 0.0244023
0 0.360011 0.243831 0.0263667 0.0349961
2 0.232922 0.220562 0.0400627 0.0197163
3 0.319161 0.317934 0.0317732 0.0420678
3 0.899205 0.546845 0.0467555 0.0489107
0 0.794161 0.356184 0.0246643 0.0345572
5 0.245991 0.191353 0.07947 0.035348
7 0.574462 0.35404 0.168896 0.111413
2 0.429552 0.324757 0.107814 0.052667
2 0.962311 0.621997 0.0737088 0.0786524
2 0.664583 0.428271 0.166827 0.0750487
2 0.344139 0.288453 0.0972055 0.0460365
0 0.892469 0.525932 0.0660665 0.0604793
5 0.111416 0.282763 0.144651 0.127836
0 0.785265 0.447008 0.0455761 0.0561762
3 0.264205 0.484935 0.0590263 0.0569262
0 0.375939 0.36389 0.0419913 0.0403036
0 0.868532 0.472298 0.0601413 0.0559859
3 0.787413 0.471923 0.0418135 0.0358408
0 0.264023 0.46197 0.0592947 0.0619604
3 0.379494 0.380699 0.0454693 0.0348623
3 0.720797 0.376484 0.0354089 0.0363115
2 0.299045 0.251935 0.0877971 0.0356845
3 0.875612 0.498817 0.0515272 0.032334
2 0.138267 0.208404 0.0487915 0.0206948
5 0.248361 0.200127 0.0797423 0.0528519
3 0.319385 0.326521 0.0302126 0.0250098
3 0.889273 0.543908 0.0664951 0.0551168
0 0.318902 0.316711 0.0314282 0.0436873
3 0.422699 0.264291 0.0291769 0.0256958
2 0.273168 0.234773 0.0695814 0.026592
0 0.668694 0.34604 0.0281364 0.0482555
3 0.43032 0.260464 0.0433738 0.0317391
0 0.529693 0.266599 0.0240207 0.0358648
3 0.869664 0.488815 0.0627073 0.0420307
2 0.279884 0.25137 0.0646026 0.0340878
2 0.138081 0.212349 0.0478903 0.0156381
3 0.258218 0.277151 0.0384651 0.0244023
0 0.360011 0.243831 0.0263667 0.0349961
2 0.232922 0.220562 0.0400627 0.0197163
3 0.319161 0.317934 0.0317732 0.0420678
3 0.899205 0.546845 0.0467555 0.0489107
0 0.794161 0.356184 0.0246643 0.0345572
5 0.245991 0.191353 0.07947 0.035348
7 0.574462 0.35404 0.168896 0.111413
2 0.429552 0.324757 0.107814 0.052667
2 0.962311 0.621997 0.0737088 0.0786524
2 0.664583 0.428271 0.166827 0.0750487
2 0.344139 0.288453 0.0972055 0.0460365
0 0.892469 0.525932 0.0660665 0.0604793
5 0.111416 0.282763 0.144651 0.127836
0 0.785265 0.447008 0.0455761 0.0561762
3 0.264205 0.484935 0.0590263 0.0569262
0 0.375939 0.36389 0.0419913 0.0403036
0 0.868532 0.472298 0.0601413 0.0559859
3 0.787413 0.471923 0.0418135 0.0358408
0 0.264023 0.46197 0.0592947 0.0619604
3 0.379494 0.380699 0.0454693 0.0348623
3 0.720797 0.376484 0.0354089 0.0363115
2 0.299045 0.251935 0.0877971 0.0356845
3 0.875612 0.498817 0.0515272 0.032334
2 0.138267 0.208404 0.0487915 0.0206948
5 0.248361 0.200127 0.0797423 0.0528519
3 0.319385 0.326521 0.0302126 0.0250098
3 0.889273 0.543908 0.0664951 0.0551168
0 0.318902 0.316711 0.0314282 0.0436873
3 0.422699 0.264291 0.0291769 0.0256958
2 0.273168 0.234773 0.0695814 0.026592
0 0.668694 0.34604 0.0281364 0.0482555
3 0.43032 0.260464 0.0433738 0.0317391
0 0.529693 0.266599 0.0240207 0.0358648
3 0.869664 0.488815 0.0627073 0.0420307
2 0.279884 0.25137 0.0646026 0.0340878
2 0.138081 0.212349 0.0478903 0.0156381
3 0.258218 0.277151 0.0384651 0.0244023
0 0.360011 0.243831 0.0263667 0.0349961
2 0.232922 0.220562 0.0400627 0.0197163
3 0.319161 0.317934 0.0317732 0.0420678
3 0.899205 0.546845 0.0467555 0.0489107
0 0.794161 0.356184 0.0246643 0.0345572
5 0.245991 0.191353 0.07947 0.035348
7 0.574462 0.35404 0.168896 0.111413
2 0.429552 0.324757 0.107814 0.052667
2 0.962311 0.621997 0.0737088 0.0786524
2 0.664583 0.428271 0.166827 0.0750487
2 0.344139 0.288453 0.0972055 0.0460365
0 0.892469 0.525932 0.0660665 0.0604793
5 0.111416 0.282763 0.144651 0.127836
0 0.785265 0.447008 0.0455761 0.0561762
3 0.264205 0.484935 0.0590263 0.0569262
0 0.375939 0.36389 0.0419913 0.0403036
0 0.868532 0.472298 0.0601413 0.0559859
3 0.787413 0.471923 0.0418135 0.0358408
0 0.264023 0.46197 0.0592947 0.0619604
3 0.379494 0.380699 0.0454693 0.0348623
3 0.720797 0.376484 0.0354089 0.0363115
2 0.299045 0.251935 0.0877971 0.0356845
3 0.875612 0.498817 0.0515272 0.032334
2 0.138267 0.208404 0.0487915 0.0206948
5 0.248361 0.200127 0.0797423 0.0528519
3 0.319385 0.326521 0.0302126 0.0250098
3 0.889273 0.543908 0.0664951 0.0551168
0 0.318902 0.316711 0.0314282 0.0436873
3 0.422699 0.264291 0.0291769 0.0256958
2 0.273168 0.234773 0.0695814 0.026592
0 0.668694 0.34604 0.0281364 0.0482555
3 0.43032 0.260464 0.0433738 0.0317391
0 0.529693 0.266599 0.0240207 0.0358648
3 0.869664 0.488815 0.0627073 0.0420307
2 0.279884 0.25137 0.0646026 0.0340878
2 0.138081 0.212349 0.0478903 0.0156381
3 0.258218 0.277151 0.0384651 0.0244023
0 0.360011 0.243831 0.0263667 0.0349961
2 0.232922 0.220562 0.0400627 0.0197163
3 0.319161 0.317934 0.0317732 0.0420678
3 0.899205 0.546845 0.0467555 0.0489107
0 0.794161 0.356184 0.0246643 0.0345572
5 0.245991 0.191353 0.07947 0.035348
7 0.574462 0.35404 0.168896 0.111413
2 0.429552 0.324757 0.107814 0.052667
2 0.962311 0.621997 0.0737088 0.0786524
2 0.664583 0.428271 0.166827 0.0750487
2 0.344139 0.288453 0.0972055 0.0460365
0 0.892469 0.525932 0.0660665 0.0604793
5 0.111416 0.282763 0.144651 0.127836
0 0.785265 0.447008 0.0455761 0.0561762
3 0.264205 0.484935 0.0590263 0.0569262
0 0.375939 0.36389 0.0419913 0.0403036
0 0.868532 0.472298 0.0601413 0.0559859
3 0.787413 0.471923 0.0418135 0.0358408
0 0.264023 0.46197 0.0592947 0.0619604
3 0.379494 0.380699 0.0454693 0.0348623
3 0.720797 0.376484 0.0354089 0.0363115
2 0.299045 0.251935 0.0877971 0.0356845
3 0.875612 0.498817 0.0515272 0.032334
2 0.138267 0.208404 0.0487915 0.0206948
5 0.248361 0.200127 0.0797423 0.0528519
3 0.319385 0.326521 0.0302126 0.0250098
3 0.889273 0.543908 0.0664951 0.0551168
0 0.318902 0.316711 0.0314282 0.0436873
3 0.422699 0.264291 0.0291769 0.0256958
2 0.273168 0.234773 0.0695814 0.026592
0 0.668694 0.34604 0.0281364 0.0482555
3 0.43032 0.260464 0.0433738 0.0317391
0 0.529693 0.266599 0.0240207 0.0358648
3 0.869664 0.488815 0.0627073 0.0420307
2 0.279884 0.25137 0.0646026 0.0340878
2 0.138081 0.212349 0.0478903 0.0156381
3 0.258218 0.277151 0.0384651 0.0244023
0 0.360011 0.243831 0.0263667 0.0349961
2 0.232922 0.220562 0.0400627 0.0197163
3 0.319161 0.317934 0.0317732 0.0420678
3 0.899205 0.546845 0.0467555 0.0489107
0 0.794161 0.356184 0.0246643 0.0345572
5 0.245991 0.191353 0.07947 0.035348
5 0.114139 0.282856 0.142448 0.12622
2 0.663405 0.427961 0.166692 0.0731546
2 0.962956 0.622265 0.0722558 0.0793558
2 0.429017 0.32551 0.108256 0.0517744
2 0.343598 0.288375 0.0986163 0.0449374
7 0.5728 0.353256 0.169467 0.111386
0 0.376284 0.364557 0.041165 0.043011
0 0.894647 0.52542 0.0611379 0.0589596
0 0.263837 0.464324 0.0607367 0.0644209
3 0.267584 0.488512 0.0447741 0.0505729
0 0.869162 0.473805 0.059353 0.0584661
2 0.302544 0.252414 0.0792219 0.0360205
0 0.783453 0.447502 0.0473884 0.0537798
5 0.250761 0.203179 0.0730507 0.047233
3 0.377509 0.381722 0.0356155 0.0345207
3 0.786237 0.471136 0.035788 0.0361452
2 0.27218 0.234981 0.0718138 0.0277244
3 0.874555 0.497376 0.0535797 0.0302725
3 0.721674 0.378152 0.0377357 0.0387831
5 0.114139 0.282856 0.142448 0.12622
2 0.663405 0.427961 0.166692 0.0731546
2 0.962956 0.622265 0.0722558 0.0793558
2 0.429017 0.32551 0.108256 0.0517744
2 0.343598 0.288375 0.0986163 0.0449374
7 0.5728 0.353256 0.169467 0.111386
0 0.376284 0.364557 0.041165 0.043011
0 0.894647 0.52542 0.0611379 0.0589596
0 0.263837 0.464324 0.0607367 0.0644209
3 0.267584 0.488512 0.0447741 0.0505729
0 0.869162 0.473805 0.059353 0.0584661
2 0.302544 0.252414 0.0792219 0.0360205
0 0.783453 0.447502 0.0473884 0.0537798
5 0.250761 0.203179 0.0730507 0.047233
3 0.377509 0.381722 0.0356155 0.0345207
3 0.786237 0.471136 0.035788 0.0361452
2 0.27218 0.234981 0.0718138 0.0277244
3 0.874555 0.497376 0.0535797 0.0302725
3 0.721674 0.378152 0.0377357 0.0387831
