7 0.823115 0.506907 0.350725 0.172182
2 0.367148 0.306087 0.100872 0.052864
5 0.34112 0.234743 0.13045 0.0726985
2 0.53889 0.425299 0.14905 0.0708915
0 0.448594 0.721936 0.114474 0.0907644
0 0.138128 0.564194 0.0726028 0.0740576
2 0.438419 0.364628 0.132863 0.0600964
5 0.108886 0.25059 0.11028 0.0770884
3 0.493995 0.306585 0.0341532 0.0369145
3 0.174927 0.357169 0.0418855 0.0399097
0 0.102408 0.285219 0.0322267 0.0417792
2 0.384661 0.283591 0.0931633 0.04316
3 0.139118 0.590523 0.0656847 0.0610773
0 0.169657 0.341316 0.0407005 0.0333784
3 0.729341 0.383161 0.0330092 0.0419058
0 0.474962 0.451959 0.0491676 0.0512074
0 0.677259 0.354584 0.0268151 0.0501219
0 0.485767 0.282 0.0298728 0.0337605
3 0.477547 0.474328 0.0445658 0.0352492
3 0.103067 0.297236 0.0330622 0.0232271
2 0.139 0.199115 0.0528729 0.0257138
0 0.452573 0.268294 0.0324334 0.0256774
0 0.549831 0.27296 0.0204364 0.0336272
0 0.80244 0.363508 0.0245148 0.0342191
3 0.448994 0.722287 0.113884 0.0898338
2 0.0204322 0.555768 0.0394957 0.192759
0 0.752697 0.362637 0.0291055 0.0418817
3 0.475777 0.459353 0.0498701 0.0625872
0 0.448178 0.264054 0.0257465 0.0334174
7 0.823115 0.506907 0.350725 0.172182
2 0.367148 0.306087 0.100872 0.052864
5 0.34112 0.234743 0.13045 0.0726985
2 0.53889 0.425299 0.14905 0.0708915
0 0.448594 0.721936 0.114474 0.0907644
0 0.138128 0.564194 0.0726028 0.0740576
2 0.438419 0.364628 0.132863 0.0600964
5 0.108886 0.25059 0.11028 0.0770884
3 0.493995 0.306585 0.0341532 0.0369145
3 0.174927 0.357169 0.0418855 0.0399097
0 0.102408 0.285219 0.0322267 0.0417792
2 0.384661 0.283591 0.0931633 0.04316
3 0.139118 0.590523 0.0656847 0.0610773
0 0.169657 0.341316 0.0407005 0.0333784
3 0.729341 0.383161 0.0330092 0.0419058
0 0.474962 0.451959 0.0491676 0.0512074
0 0.677259 0.354584 0.0268151 0.0501219
0 0.485767 0.282 0.0298728 0.0337605
3 0.477547 0.474328 0.0445658 0.0352492
3 0.103067 0.297236 0.0330622 0.0232271
2 0.139 0.199115 0.0528729 0.0257138
0 0.452573 0.268294 0.0324334 0.0256774
0 0.549831 0.27296 0.0204364 0.0336272
0 0.80244 0.363508 0.0245148 0.0342191
3 0.448994 0.722287 0.113884 0.0898338
2 0.0204322 0.555768 0.0394957 0.192759
0 0.752697 0.362637 0.0291055 0.0418817
3 0.475777 0.459353 0.0498701 0.0625872
0 0.448178 0.264054 0.0257465 0.0334174
7 0.823115 0.506907 0.350725 0.172182
2 0.367148 0.306087 0.100872 0.052864
5 0.34112 0.234743 0.13045 0.0726985
2 0.53889 0.425299 0.14905 0.0708915
0 0.448594 0.721936 0.114474 0.0907644
0 0.138128 0.564194 0.0726028 0.0740576
2 0.438419 0.364628 0.132863 0.0600964
5 0.108886 0.25059 0.11028 0.0770884
3 0.493995 0.306585 0.0341532 0.0369145
3 0.174927 0.357169 0.0418855 0.0399097
0 0.102408 0.285219 0.0322267 0.0417792
2 0.384661 0.283591 0.0931633 0.04316
3 0.139118 0.590523 0.0656847 0.0610773
0 0.169657 0.341316 0.0407005 0.0333784
3 0.729341 0.383161 0.0330092 0.0419058
0 0.474962 0.451959 0.0491676 0.0512074
0 0.677259 0.354584 0.0268151 0.0501219
0 0.485767 0.282 0.0298728 0.0337605
3 0.477547 0.474328 0.0445658 0.0352492
3 0.103067 0.297236 0.0330622 0.0232271
2 0.139 0.199115 0.0528729 0.0257138
0 0.452573 0.268294 0.0324334 0.0256774
0 0.549831 0.27296 0.0204364 0.0336272
0 0.80244 0.363508 0.0245148 0.0342191
3 0.448994 0.722287 0.113884 0.0898338
2 0.0204322 0.555768 0.0394957 0.192759
0 0.752697 0.362637 0.0291055 0.0418817
3 0.475777 0.459353 0.0498701 0.0625872
0 0.448178 0.264054 0.0257465 0.0334174
7 0.823115 0.506907 0.350725 0.172182
2 0.367148 0.306087 0.100872 0.052864
5 0.34112 0.234743 0.13045 0.0726985
2 0.53889 0.425299 0.14905 0.0708915
0 0.448594 0.721936 0.114474 0.0907644
0 0.138128 0.564194 0.0726028 0.0740576
2 0.438419 0.364628 0.132863 0.0600964
5 0.108886 0.25059 0.11028 0.0770884
3 0.493995 0.306585 0.0341532 0.0369145
3 0.174927 0.357169 0.0418855 0.0399097
0 0.102408 0.285219 0.0322267 0.0417792
2 0.384661 0.283591 0.0931633 0.04316
3 0.139118 0.590523 0.0656847 0.0610773
0 0.169657 0.341316 0.0407005 0.0333784
3 0.729341 0.383161 0.0330092 0.0419058
0 0.474962 0.451959 0.0491676 0.0512074
0 0.677259 0.354584 0.0268151 0.0501219
0 0.485767 0.282 0.0298728 0.0337605
3 0.477547 0.474328 0.0445658 0.0352492
3 0.103067 0.297236 0.0330622 0.0232271
2 0.139 0.199115 0.0528729 0.0257138
0 0.452573 0.268294 0.0324334 0.0256774
0 0.549831 0.27296 0.0204364 0.0336272
0 0.80244 0.363508 0.0245148 0.0342191
3 0.448994 0.722287 0.113884 0.0898338
2 0.0204322 0.555768 0.0394957 0.192759
0 0.752697 0.362637 0.0291055 0.0418817
3 0.475777 0.459353 0.0498701 0.0625872
0 0.448178 0.264054 0.0257465 0.0334174
7 0.823115 0.506907 0.350725 0.172182
2 0.367148 0.306087 0.100872 0.052864
5 0.34112 0.234743 0.13045 0.0726985
2 0.53889 0.425299 0.14905 0.0708915
0 0.448594 0.721936 0.114474 0.0907644
0 0.138128 0.564194 0.0726028 0.0740576
2 0.438419 0.364628 0.132863 0.0600964
5 0.108886 0.25059 0.11028 0.0770884
3 0.493995 0.306585 0.0341532 0.0369145
3 0.174927 0.357169 0.0418855 0.0399097
0 0.102408 0.285219 0.0322267 0.0417792
2 0.384661 0.283591 0.0931633 0.04316
3 0.139118 0.590523 0.0656847 0.0610773
0 0.169657 0.341316 0.0407005 0.0333784
3 0.729341 0.383161 0.0330092 0.0419058
0 0.474962 0.451959 0.0491676 0.0512074
0 0.677259 0.354584 0.0268151 0.0501219
0 0.485767 0.282 0.0298728 0.0337605
3 0.477547 0.474328 0.0445658 0.0352492
3 0.103067 0.297236 0.0330622 0.0232271
2 0.139 0.199115 0.0528729 0.0257138
0 0.452573 0.268294 0.0324334 0.0256774
0 0.549831 0.27296 0.0204364 0.0336272
0 0.80244 0.363508 0.0245148 0.0342191
3 0.448994 0.722287 0.113884 0.0898338
2 0.0204322 0.555768 0.0394957 0.192759
0 0.752697 0.362637 0.0291055 0.0418817
3 0.475777 0.459353 0.0498701 0.0625872
0 0.448178 0.264054 0.0257465 0.0334174
7 0.823115 0.506907 0.350725 0.172182
2 0.367148 0.306087 0.100872 0.052864
5 0.34112 0.234743 0.13045 0.0726985
2 0.53889 0.425299 0.14905 0.0708915
0 0.448594 0.721936 0.114474 0.0907644
0 0.138128 0.564194 0.0726028 0.0740576
2 0.438419 0.364628 0.132863 0.0600964
5 0.108886 0.25059 0.11028 0.0770884
3 0.493995 0.306585 0.0341532 0.0369145
3 0.174927 0.357169 0.0418855 0.0399097
0 0.102408 0.285219 0.0322267 0.0417792
2 0.384661 0.283591 0.0931633 0.04316
3 0.139118 0.590523 0.0656847 0.0610773
0 0.169657 0.341316 0.0407005 0.0333784
3 0.729341 0.383161 0.0330092 0.0419058
0 0.474962 0.451959 0.0491676 0.0512074
0 0.677259 0.354584 0.0268151 0.0501219
0 0.485767 0.282 0.0298728 0.0337605
3 0.477547 0.474328 0.0445658 0.0352492
3 0.103067 0.297236 0.0330622 0.0232271
2 0.139 0.199115 0.0528729 0.0257138
0 0.452573 0.268294 0.0324334 0.0256774
0 0.549831 0.27296 0.0204364 0.0336272
0 0.80244 0.363508 0.0245148 0.0342191
3 0.448994 0.722287 0.113884 0.0898338
2 0.0204322 0.555768 0.0394957 0.192759
0 0.752697 0.362637 0.0291055 0.0418817
3 0.475777 0.459353 0.0498701 0.0625872
0 0.448178 0.264054 0.0257465 0.0334174
7 0.823115 0.506907 0.350725 0.172182
2 0.367148 0.306087 0.100872 0.052864
5 0.34112 0.234743 0.13045 0.0726985
2 0.53889 0.425299 0.14905 0.0708915
0 0.448594 0.721936 0.114474 0.0907644
0 0.138128 0.564194 0.0726028 0.0740576
2 0.438419 0.364628 0.132863 0.0600964
5 0.108886 0.25059 0.11028 0.0770884
3 0.493995 0.306585 0.0341532 0.0369145
3 0.174927 0.357169 0.0418855 0.0399097
0 0.102408 0.285219 0.0322267 0.0417792
2 0.384661 0.283591 0.0931633 0.04316
3 0.139118 0.590523 0.0656847 0.0610773
0 0.169657 0.341316 0.0407005 0.0333784
3 0.729341 0.383161 0.0330092 0.0419058
0 0.474962 0.451959 0.0491676 0.0512074
0 0.677259 0.354584 0.0268151 0.0501219
0 0.485767 0.282 0.0298728 0.0337605
3 0.477547 0.474328 0.0445658 0.0352492
3 0.103067 0.297236 0.0330622 0.0232271
2 0.139 0.199115 0.0528729 0.0257138
0 0.452573 0.268294 0.0324334 0.0256774
0 0.549831 0.27296 0.0204364 0.0336272
0 0.80244 0.363508 0.0245148 0.0342191
3 0.448994 0.722287 0.113884 0.0898338
2 0.0204322 0.555768 0.0394957 0.192759
0 0.752697 0.362637 0.0291055 0.0418817
3 0.475777 0.459353 0.0498701 0.0625872
0 0.448178 0.264054 0.0257465 0.0334174
7 0.823115 0.506907 0.350725 0.172182
2 0.367148 0.306087 0.100872 0.052864
5 0.34112 0.234743 0.13045 0.0726985
2 0.53889 0.425299 0.14905 0.0708915
0 0.448594 0.721936 0.114474 0.0907644
0 0.138128 0.564194 0.0726028 0.0740576
2 0.438419 0.364628 0.132863 0.0600964
5 0.108886 0.25059 0.11028 0.0770884
3 0.493995 0.306585 0.0341532 0.0369145
3 0.174927 0.357169 0.0418855 0.0399097
0 0.102408 0.285219 0.0322267 0.0417792
2 0.384661 0.283591 0.0931633 0.04316
3 0.139118 0.590523 0.0656847 0.0610773
0 0.169657 0.341316 0.0407005 0.0333784
3 0.729341 0.383161 0.0330092 0.0419058
0 0.474962 0.451959 0.0491676 0.0512074
0 0.677259 0.354584 0.0268151 0.0501219
0 0.485767 0.282 0.0298728 0.0337605
3 0.477547 0.474328 0.0445658 0.0352492
3 0.103067 0.297236 0.0330622 0.0232271
2 0.139 0.199115 0.0528729 0.0257138
0 0.452573 0.268294 0.0324334 0.0256774
0 0.549831 0.27296 0.0204364 0.0336272
0 0.80244 0.363508 0.0245148 0.0342191
3 0.448994 0.722287 0.113884 0.0898338
2 0.0204322 0.555768 0.0394957 0.192759
0 0.752697 0.362637 0.0291055 0.0418817
3 0.475777 0.459353 0.0498701 0.0625872
0 0.448178 0.264054 0.0257465 0.0334174
7 0.823115 0.506907 0.350725 0.172182
2 0.367148 0.306087 0.100872 0.052864
5 0.34112 0.234743 0.13045 0.0726985
2 0.53889 0.425299 0.14905 0.0708915
0 0.448594 0.721936 0.114474 0.0907644
0 0.138128 0.564194 0.0726028 0.0740576
2 0.438419 0.364628 0.132863 0.0600964
5 0.108886 0.25059 0.11028 0.0770884
3 0.493995 0.306585 0.0341532 0.0369145
3 0.174927 0.357169 0.0418855 0.0399097
0 0.102408 0.285219 0.0322267 0.0417792
2 0.384661 0.283591 0.0931633 0.04316
3 0.139118 0.590523 0.0656847 0.0610773
0 0.169657 0.341316 0.0407005 0.0333784
3 0.729341 0.383161 0.0330092 0.0419058
0 0.474962 0.451959 0.0491676 0.0512074
0 0.677259 0.354584 0.0268151 0.0501219
0 0.485767 0.282 0.0298728 0.0337605
3 0.477547 0.474328 0.0445658 0.0352492
3 0.103067 0.297236 0.0330622 0.0232271
2 0.139 0.199115 0.0528729 0.0257138
0 0.452573 0.268294 0.0324334 0.0256774
0 0.549831 0.27296 0.0204364 0.0336272
0 0.80244 0.363508 0.0245148 0.0342191
3 0.448994 0.722287 0.113884 0.0898338
2 0.0204322 0.555768 0.0394957 0.192759
0 0.752697 0.362637 0.0291055 0.0418817
3 0.475777 0.459353 0.0498701 0.0625872
0 0.448178 0.264054 0.0257465 0.0334174
7 0.823115 0.506907 0.350725 0.172182
2 0.367148 0.306087 0.100872 0.052864
5 0.34112 0.234743 0.13045 0.0726985
2 0.53889 0.425299 0.14905 0.0708915
0 0.448594 0.721936 0.114474 0.0907644
0 0.138128 0.564194 0.0726028 0.0740576
2 0.438419 0.364628 0.132863 0.0600964
5 0.108886 0.25059 0.11028 0.0770884
3 0.493995 0.306585 0.0341532 0.0369145
3 0.174927 0.357169 0.0418855 0.0399097
0 0.102408 0.285219 0.0322267 0.0417792
2 0.384661 0.283591 0.0931633 0.04316
3 0.139118 0.590523 0.0656847 0.0610773
0 0.169657 0.341316 0.0407005 0.0333784
3 0.729341 0.383161 0.0330092 0.0419058
0 0.474962 0.451959 0.0491676 0.0512074
0 0.677259 0.354584 0.0268151 0.0501219
0 0.485767 0.282 0.0298728 0.0337605
3 0.477547 0.474328 0.0445658 0.0352492
3 0.103067 0.297236 0.0330622 0.0232271
2 0.139 0.199115 0.0528729 0.0257138
0 0.452573 0.268294 0.0324334 0.0256774
0 0.549831 0.27296 0.0204364 0.0336272
0 0.80244 0.363508 0.0245148 0.0342191
3 0.448994 0.722287 0.113884 0.0898338
2 0.0204322 0.555768 0.0394957 0.192759
0 0.752697 0.362637 0.0291055 0.0418817
3 0.475777 0.459353 0.0498701 0.0625872
0 0.448178 0.264054 0.0257465 0.0334174
7 0.823115 0.506907 0.350725 0.172182
2 0.367148 0.306087 0.100872 0.052864
5 0.34112 0.234743 0.13045 0.0726985
2 0.53889 0.425299 0.14905 0.0708915
0 0.448594 0.721936 0.114474 0.0907644
0 0.138128 0.564194 0.0726028 0.0740576
2 0.438419 0.364628 0.132863 0.0600964
5 0.108886 0.25059 0.11028 0.0770884
3 0.493995 0.306585 0.0341532 0.0369145
3 0.174927 0.357169 0.0418855 0.0399097
0 0.102408 0.285219 0.0322267 0.0417792
2 0.384661 0.283591 0.0931633 0.04316
3 0.139118 0.590523 0.0656847 0.0610773
0 0.169657 0.341316 0.0407005 0.0333784
3 0.729341 0.383161 0.0330092 0.0419058
0 0.474962 0.451959 0.0491676 0.0512074
0 0.677259 0.354584 0.0268151 0.0501219
0 0.485767 0.282 0.0298728 0.0337605
3 0.477547 0.474328 0.0445658 0.0352492
3 0.103067 0.297236 0.0330622 0.0232271
2 0.139 0.199115 0.0528729 0.0257138
0 0.452573 0.268294 0.0324334 0.0256774
0 0.549831 0.27296 0.0204364 0.0336272
0 0.80244 0.363508 0.0245148 0.0342191
3 0.448994 0.722287 0.113884 0.0898338
2 0.0204322 0.555768 0.0394957 0.192759
0 0.752697 0.362637 0.0291055 0.0418817
3 0.475777 0.459353 0.0498701 0.0625872
0 0.448178 0.264054 0.0257465 0.0334174
7 0.823115 0.506907 0.350725 0.172182
2 0.367148 0.306087 0.100872 0.052864
5 0.34112 0.234743 0.13045 0.0726985
2 0.53889 0.425299 0.14905 0.0708915
0 0.448594 0.721936 0.114474 0.0907644
0 0.138128 0.564194 0.0726028 0.0740576
2 0.438419 0.364628 0.132863 0.0600964
5 0.108886 0.25059 0.11028 0.0770884
3 0.493995 0.306585 0.0341532 0.0369145
3 0.174927 0.357169 0.0418855 0.0399097
0 0.102408 0.285219 0.0322267 0.0417792
2 0.384661 0.283591 0.0931633 0.04316
3 0.139118 0.590523 0.0656847 0.0610773
0 0.169657 0.341316 0.0407005 0.0333784
3 0.729341 0.383161 0.0330092 0.0419058
0 0.474962 0.451959 0.0491676 0.0512074
0 0.677259 0.354584 0.0268151 0.0501219
0 0.485767 0.282 0.0298728 0.0337605
3 0.477547 0.474328 0.0445658 0.0352492
3 0.103067 0.297236 0.0330622 0.0232271
2 0.139 0.199115 0.0528729 0.0257138
0 0.452573 0.268294 0.0324334 0.0256774
0 0.549831 0.27296 0.0204364 0.0336272
0 0.80244 0.363508 0.0245148 0.0342191
3 0.448994 0.722287 0.113884 0.0898338
2 0.0204322 0.555768 0.0394957 0.192759
0 0.752697 0.362637 0.0291055 0.0418817
3 0.475777 0.459353 0.0498701 0.0625872
0 0.448178 0.264054 0.0257465 0.0334174
7 0.823115 0.506907 0.350725 0.172182
2 0.367148 0.306087 0.100872 0.052864
5 0.34112 0.234743 0.13045 0.0726985
2 0.53889 0.425299 0.14905 0.0708915
0 0.448594 0.721936 0.114474 0.0907644
0 0.138128 0.564194 0.0726028 0.0740576
2 0.438419 0.364628 0.132863 0.0600964
5 0.108886 0.25059 0.11028 0.0770884
3 0.493995 0.306585 0.0341532 0.0369145
3 0.174927 0.357169 0.0418855 0.0399097
0 0.102408 0.285219 0.0322267 0.0417792
2 0.384661 0.283591 0.0931633 0.04316
3 0.139118 0.590523 0.0656847 0.0610773
0 0.169657 0.341316 0.0407005 0.0333784
3 0.729341 0.383161 0.0330092 0.0419058
0 0.474962 0.451959 0.0491676 0.0512074
0 0.677259 0.354584 0.0268151 0.0501219
0 0.485767 0.282 0.0298728 0.0337605
3 0.477547 0.474328 0.0445658 0.0352492
3 0.103067 0.297236 0.0330622 0.0232271
2 0.139 0.199115 0.0528729 0.0257138
0 0.452573 0.268294 0.0324334 0.0256774
0 0.549831 0.27296 0.0204364 0.0336272
0 0.80244 0.363508 0.0245148 0.0342191
3 0.448994 0.722287 0.113884 0.0898338
2 0.0204322 0.555768 0.0394957 0.192759
0 0.752697 0.362637 0.0291055 0.0418817
3 0.475777 0.459353 0.0498701 0.0625872
0 0.448178 0.264054 0.0257465 0.0334174
7 0.824288 0.506309 0.351423 0.173011
5 0.342289 0.233837 0.130561 0.0701094
5 0.109462 0.249251 0.109913 0.0790213
2 0.437382 0.363886 0.132147 0.0581828
2 0.366267 0.306751 0.0989204 0.0512156
2 0.538486 0.425946 0.147765 0.0714311
3 0.139644 0.590657 0.0664433 0.0616264
0 0.138339 0.56421 0.0714116 0.0733722
3 0.174829 0.357357 0.0408926 0.038533
0 0.474517 0.450234 0.0464366 0.0485389
2 0.384196 0.283501 0.0916715 0.0427474
3 0.479083 0.47581 0.0421219 0.0324391
0 0.102243 0.286067 0.033197 0.0421101
3 0.731175 0.383251 0.0347232 0.0395307
0 0.677345 0.355303 0.0269426 0.0488232
3 0.493595 0.307926 0.0333033 0.0331001
0 0.446277 0.717885 0.108787 0.0848125
0 0.170822 0.347085 0.0434543 0.0432004
7 0.824288 0.506309 0.351423 0.173011
5 0.342289 0.233837 0.130561 0.0701094
5 0.109462 0.249251 0.109913 0.0790213
2 0.437382 0.363886 0.132147 0.0581828
2 0.366267 0.306751 0.0989204 0.0512156
2 0.538486 0.425946 0.147765 0.0714311
3 0.139644 0.590657 0.0664433 0.0616264
0 0.138339 0.56421 0.0714116 0.0733722
3 0.174829 0.357357 0.0408926 0.038533
0 0.474517 0.450234 0.0464366 0.0485389
2 0.384196 0.283501 0.0916715 0.0427474
3 0.479083 0.47581 0.0421219 0.0324391
0 0.102243 0.286067 0.033197 0.0421101
3 0.731175 0.383251 0.0347232 0.0395307
0 0.677345 0.355303 0.0269426 0.0488232
3 0.493595 0.307926 0.0333033 0.0331001
0 0.446277 0.717885 0.108787 0.0848125
0 0.170822 0.347085 0.0434543 0.0432004
7 0.824288 0.506309 0.351423 0.173011
5 0.342289 0.233837 0.130561 0.0701094
5 0.109462 0.249251 0.109913 0.0790213
2 0.437382 0.363886 0.132147 0.0581828
2 0.366267 0.306751 0.0989204 0.0512156
2 0.538486 0.425946 0.147765 0.0714311
3 0.139644 0.590657 0.0664433 0.0616264
0 0.138339 0.56421 0.0714116 0.0733722
3 0.174829 0.357357 0.0408926 0.038533
0 0.474517 0.450234 0.0464366 0.0485389
2 0.384196 0.283501 0.0916715 0.0427474
3 0.479083 0.47581 0.0421219 0.0324391
0 0.102243 0.286067 0.033197 0.0421101
3 0.731175 0.383251 0.0347232 0.0395307
0 0.677345 0.355303 0.0269426 0.0488232
3 0.493595 0.307926 0.0333033 0.0331001
0 0.446277 0.717885 0.108787 0.0848125
0 0.170822 0.347085 0.0434543 0.0432004
7 0.824288 0.506309 0.351423 0.173011
5 0.342289 0.233837 0.130561 0.0701094
5 0.109462 0.249251 0.109913 0.0790213
2 0.437382 0.363886 0.132147 0.0581828
2 0.366267 0.306751 0.0989204 0.0512156
2 0.538486 0.425946 0.147765 0.0714311
3 0.139644 0.590657 0.0664433 0.0616264
0 0.138339 0.56421 0.0714116 0.0733722
3 0.174829 0.357357 0.0408926 0.038533
0 0.474517 0.450234 0.0464366 0.0485389
2 0.384196 0.283501 0.0916715 0.0427474
3 0.479083 0.47581 0.0421219 0.0324391
0 0.102243 0.286067 0.033197 0.0421101
3 0.731175 0.383251 0.0347232 0.0395307
0 0.677345 0.355303 0.0269426 0.0488232
3 0.493595 0.307926 0.0333033 0.0331001
0 0.446277 0.717885 0.108787 0.0848125
0 0.170822 0.347085 0.0434543 0.0432004
7 0.824288 0.506309 0.351423 0.173011
5 0.342289 0.233837 0.130561 0.0701094
5 0.109462 0.249251 0.109913 0.0790213
2 0.437382 0.363886 0.132147 0.0581828
2 0.366267 0.306751 0.0989204 0.0512156
2 0.538486 0.425946 0.147765 0.0714311
3 0.139644 0.590657 0.0664433 0.0616264
0 0.138339 0.56421 0.0714116 0.0733722
3 0.174829 0.357357 0.0408926 0.038533
0 0.474517 0.450234 0.0464366 0.0485389
2 0.384196 0.283501 0.0916715 0.0427474
3 0.479083 0.47581 0.0421219 0.0324391
0 0.102243 0.286067 0.033197 0.0421101
3 0.731175 0.383251 0.0347232 0.0395307
0 0.677345 0.355303 0.0269426 0.0488232
3 0.493595 0.307926 0.0333033 0.0331001
0 0.446277 0.717885 0.108787 0.0848125
0 0.170822 0.347085 0.0434543 0.0432004
7 0.824288 0.506309 0.351423 0.173011
5 0.342289 0.233837 0.130561 0.0701094
5 0.109462 0.249251 0.109913 0.0790213
2 0.437382 0.363886 0.132147 0.0581828
2 0.366267 0.306751 0.0989204 0.0512156
2 0.538486 0.425946 0.147765 0.0714311
3 0.139644 0.590657 0.0664433 0.0616264
0 0.138339 0.56421 0.0714116 0.0733722
3 0.174829 0.357357 0.0408926 0.038533
0 0.474517 0.450234 0.0464366 0.0485389
2 0.384196 0.283501 0.0916715 0.0427474
3 0.479083 0.47581 0.0421219 0.0324391
0 0.102243 0.286067 0.033197 0.0421101
3 0.731175 0.383251 0.0347232 0.0395307
0 0.677345 0.355303 0.0269426 0.0488232
3 0.493595 0.307926 0.0333033 0.0331001
0 0.446277 0.717885 0.108787 0.0848125
0 0.170822 0.347085 0.0434543 0.0432004
7 0.824288 0.506309 0.351423 0.173011
5 0.342289 0.233837 0.130561 0.0701094
5 0.109462 0.249251 0.109913 0.0790213
2 0.437382 0.363886 0.132147 0.0581828
2 0.366267 0.306751 0.0989204 0.0512156
2 0.538486 0.425946 0.147765 0.0714311
3 0.139644 0.590657 0.0664433 0.0616264
0 0.138339 0.56421 0.0714116 0.0733722
3 0.174829 0.357357 0.0408926 0.038533
0 0.474517 0.450234 0.0464366 0.0485389
2 0.384196 0.283501 0.0916715 0.0427474
3 0.479083 0.47581 0.0421219 0.0324391
0 0.102243 0.286067 0.033197 0.0421101
3 0.731175 0.383251 0.0347232 0.0395307
0 0.677345 0.355303 0.0269426 0.0488232
3 0.493595 0.307926 0.0333033 0.0331001
0 0.446277 0.717885 0.108787 0.0848125
0 0.170822 0.347085 0.0434543 0.0432004
7 0.824288 0.506309 0.351423 0.173011
5 0.342289 0.233837 0.130561 0.0701094
5 0.109462 0.249251 0.109913 0.0790213
2 0.437382 0.363886 0.132147 0.0581828
2 0.366267 0.306751 0.0989204 0.0512156
2 0.538486 0.425946 0.147765 0.0714311
3 0.139644 0.590657 0.0664433 0.0616264
0 0.138339 0.56421 0.0714116 0.0733722
3 0.174829 0.357357 0.0408926 0.038533
0 0.474517 0.450234 0.0464366 0.0485389
2 0.384196 0.283501 0.0916715 0.0427474
3 0.479083 0.47581 0.0421219 0.0324391
0 0.102243 0.286067 0.033197 0.0421101
3 0.731175 0.383251 0.0347232 0.0395307
0 0.677345 0.355303 0.0269426 0.0488232
3 0.493595 0.307926 0.0333033 0.0331001
0 0.446277 0.717885 0.108787 0.0848125
0 0.170822 0.347085 0.0434543 0.0432004
0 0.490694 0.290748 0.0337459 0.0469761
3 0.10257 0.297299 0.0327948 0.0242294
3 0.45011 0.728224 0.114974 0.0749302
5 0.0214161 0.555231 0.0405236 0.192784
