5 0.174399 0.379367 0.229024 0.17004
2 0.531877 0.359557 0.135357 0.0602169
3 0.722505 0.377763 0.0344998 0.0428299
2 0.485277 0.403395 0.140996 0.0736959
0 0.679773 0.419567 0.0485752 0.0483869
0 0.784801 0.450595 0.0534621 0.0529757
7 0.437176 0.289475 0.146876 0.0913858
0 0.568055 0.445826 0.0559959 0.0560453
0 0.0320876 0.288516 0.0380961 0.0498609
2 0.102911 0.254651 0.0736731 0.044003
0 0.287836 0.278009 0.0306797 0.0412066
3 0.787704 0.466404 0.0603989 0.0519705
2 0.347267 0.273478 0.0482157 0.0411314
3 0.568543 0.462755 0.0526568 0.0525396
3 0.639507 0.371565 0.0425318 0.0422694
3 0.982476 0.539838 0.033409 0.0563756
3 0.681864 0.43988 0.044997 0.0415617
2 0.289506 0.244553 0.0652932 0.0285391
5 0.136049 0.145841 0.0445138 0.0299625
2 0.222758 0.219188 0.0595199 0.0247049
5 0.203707 0.180284 0.064311 0.0430745
0 0.555774 0.316982 0.0385749 0.0307379
7 0.204115 0.180265 0.0636858 0.0438093
0 0.616757 0.351343 0.0365034 0.0409968
3 0.287958 0.279536 0.0294578 0.0385782
3 0.035022 0.29884 0.0302027 0.0321859
2 0.100319 0.209238 0.0580338 0.0291352
0 0.560649 0.273356 0.0295385 0.0430696
7 0.135802 0.145919 0.0453563 0.0298951
2 0.134114 0.198652 0.0475362 0.0276738
2 0.0947976 0.230319 0.0613115 0.0214706
2 0.0955437 0.234213 0.0626038 0.0236482
0 0.261209 0.2674 0.0400479 0.0453105
0 0.644129 0.347044 0.0435281 0.0551075
2 0.0892419 0.1532 0.0311844 0.0132321
2 0.0973958 0.214011 0.0619703 0.0228682
0 0.640686 0.357478 0.0408078 0.0412161
2 0.22281 0.213195 0.0604565 0.0368851
