2 0.513051 0.428484 0.173496 0.083689
5 0.156788 0.360664 0.213882 0.162068
2 0.55527 0.371471 0.140031 0.0622224
7 0.453836 0.293969 0.152142 0.0977231
0 0.882577 0.491568 0.0615909 0.0591145
3 0.628753 0.504455 0.0645899 0.0590438
0 0.745351 0.460894 0.0533547 0.0508146
0 0.628338 0.485035 0.061527 0.0579325
0 0.680399 0.378569 0.0615441 0.0662767
2 0.354662 0.279331 0.0655137 0.0430845
3 0.747437 0.488214 0.0478126 0.0389481
3 0.886498 0.509887 0.0749922 0.0522237
5 0.211392 0.184812 0.0665541 0.0452034
3 0.688924 0.40392 0.0480388 0.0371345
3 0.0474232 0.282888 0.0324156 0.0277556
0 0.549321 0.310218 0.0290606 0.0394611
2 0.103924 0.245785 0.0678424 0.0470508
2 0.226524 0.21905 0.0565454 0.0315655
2 0.13782 0.193142 0.0388746 0.027142
3 0.684909 0.399533 0.0552087 0.0437532
0 0.600455 0.335282 0.0418625 0.0346181
3 0.723923 0.376636 0.0345717 0.039866
0 0.658893 0.34088 0.0314304 0.0425642
2 0.100431 0.20408 0.053911 0.029155
0 0.2861 0.285057 0.0334132 0.0422055
7 0.132461 0.144416 0.0459558 0.0284849
2 0.0903108 0.152365 0.0333413 0.0138092
2 0.28862 0.252816 0.0849904 0.0324251
2 0.296827 0.250517 0.067129 0.0310781
0 0.708745 0.338043 0.0364509 0.0356708
0 0.0464814 0.27386 0.0337004 0.04285
5 0.131612 0.144046 0.0458675 0.0286564
3 0.286523 0.288201 0.0339476 0.037717
0 0.0439309 0.264175 0.033298 0.0269619
0 0.311395 0.26988 0.0330668 0.031964
0 0.322778 0.258979 0.0262498 0.0232942
2 0.513051 0.428484 0.173496 0.083689
5 0.156788 0.360664 0.213882 0.162068
2 0.55527 0.371471 0.140031 0.0622224
7 0.453836 0.293969 0.152142 0.0977231
0 0.882577 0.491568 0.0615909 0.0591145
3 0.628753 0.504455 0.0645899 0.0590438
0 0.745351 0.460894 0.0533547 0.0508146
0 0.628338 0.485035 0.061527 0.0579325
0 0.680399 0.378569 0.0615441 0.0662767
2 0.354662 0.279331 0.0655137 0.0430845
3 0.747437 0.488214 0.0478126 0.0389481
3 0.886498 0.509887 0.0749922 0.0522237
5 0.211392 0.184812 0.0665541 0.0452034
3 0.688924 0.40392 0.0480388 0.0371345
3 0.0474232 0.282888 0.0324156 0.0277556
0 0.549321 0.310218 0.0290606 0.0394611
2 0.103924 0.245785 0.0678424 0.0470508
2 0.226524 0.21905 0.0565454 0.0315655
2 0.13782 0.193142 0.0388746 0.027142
3 0.684909 0.399533 0.0552087 0.0437532
0 0.600455 0.335282 0.0418625 0.0346181
3 0.723923 0.376636 0.0345717 0.039866
0 0.658893 0.34088 0.0314304 0.0425642
2 0.100431 0.20408 0.053911 0.029155
0 0.2861 0.285057 0.0334132 0.0422055
7 0.132461 0.144416 0.0459558 0.0284849
2 0.0903108 0.152365 0.0333413 0.0138092
2 0.28862 0.252816 0.0849904 0.0324251
2 0.296827 0.250517 0.067129 0.0310781
0 0.708745 0.338043 0.0364509 0.0356708
0 0.0464814 0.27386 0.0337004 0.04285
5 0.131612 0.144046 0.0458675 0.0286564
3 0.286523 0.288201 0.0339476 0.037717
0 0.0439309 0.264175 0.033298 0.0269619
0 0.311395 0.26988 0.0330668 0.031964
0 0.322778 0.258979 0.0262498 0.0232942
2 0.513051 0.428484 0.173496 0.083689
5 0.156788 0.360664 0.213882 0.162068
2 0.55527 0.371471 0.140031 0.0622224
7 0.453836 0.293969 0.152142 0.0977231
0 0.882577 0.491568 0.0615909 0.0591145
3 0.628753 0.504455 0.0645899 0.0590438
0 0.745351 0.460894 0.0533547 0.0508146
0 0.628338 0.485035 0.061527 0.0579325
0 0.680399 0.378569 0.0615441 0.0662767
2 0.354662 0.279331 0.0655137 0.0430845
3 0.747437 0.488214 0.0478126 0.0389481
3 0.886498 0.509887 0.0749922 0.0522237
5 0.211392 0.184812 0.0665541 0.0452034
3 0.688924 0.40392 0.0480388 0.0371345
3 0.0474232 0.282888 0.0324156 0.0277556
0 0.549321 0.310218 0.0290606 0.0394611
2 0.103924 0.245785 0.0678424 0.0470508
2 0.226524 0.21905 0.0565454 0.0315655
2 0.13782 0.193142 0.0388746 0.027142
3 0.684909 0.399533 0.0552087 0.0437532
0 0.600455 0.335282 0.0418625 0.0346181
3 0.723923 0.376636 0.0345717 0.039866
0 0.658893 0.34088 0.0314304 0.0425642
2 0.100431 0.20408 0.053911 0.029155
0 0.2861 0.285057 0.0334132 0.0422055
7 0.132461 0.144416 0.0459558 0.0284849
2 0.0903108 0.152365 0.0333413 0.0138092
2 0.28862 0.252816 0.0849904 0.0324251
2 0.296827 0.250517 0.067129 0.0310781
0 0.708745 0.338043 0.0364509 0.0356708
0 0.0464814 0.27386 0.0337004 0.04285
5 0.131612 0.144046 0.0458675 0.0286564
3 0.286523 0.288201 0.0339476 0.037717
0 0.0439309 0.264175 0.033298 0.0269619
0 0.311395 0.26988 0.0330668 0.031964
0 0.322778 0.258979 0.0262498 0.0232942
2 0.513051 0.428484 0.173496 0.083689
5 0.156788 0.360664 0.213882 0.162068
2 0.55527 0.371471 0.140031 0.0622224
7 0.453836 0.293969 0.152142 0.0977231
0 0.882577 0.491568 0.0615909 0.0591145
3 0.628753 0.504455 0.0645899 0.0590438
0 0.745351 0.460894 0.0533547 0.0508146
0 0.628338 0.485035 0.061527 0.0579325
0 0.680399 0.378569 0.0615441 0.0662767
2 0.354662 0.279331 0.0655137 0.0430845
3 0.747437 0.488214 0.0478126 0.0389481
3 0.886498 0.509887 0.0749922 0.0522237
5 0.211392 0.184812 0.0665541 0.0452034
3 0.688924 0.40392 0.0480388 0.0371345
3 0.0474232 0.282888 0.0324156 0.0277556
0 0.549321 0.310218 0.0290606 0.0394611
2 0.103924 0.245785 0.0678424 0.0470508
2 0.226524 0.21905 0.0565454 0.0315655
2 0.13782 0.193142 0.0388746 0.027142
3 0.684909 0.399533 0.0552087 0.0437532
0 0.600455 0.335282 0.0418625 0.0346181
3 0.723923 0.376636 0.0345717 0.039866
0 0.658893 0.34088 0.0314304 0.0425642
2 0.100431 0.20408 0.053911 0.029155
0 0.2861 0.285057 0.0334132 0.0422055
7 0.132461 0.144416 0.0459558 0.0284849
2 0.0903108 0.152365 0.0333413 0.0138092
2 0.28862 0.252816 0.0849904 0.0324251
2 0.296827 0.250517 0.067129 0.0310781
0 0.708745 0.338043 0.0364509 0.0356708
0 0.0464814 0.27386 0.0337004 0.04285
5 0.131612 0.144046 0.0458675 0.0286564
3 0.286523 0.288201 0.0339476 0.037717
0 0.0439309 0.264175 0.033298 0.0269619
0 0.311395 0.26988 0.0330668 0.031964
0 0.322778 0.258979 0.0262498 0.0232942
2 0.513051 0.428484 0.173496 0.083689
5 0.156788 0.360664 0.213882 0.162068
2 0.55527 0.371471 0.140031 0.0622224
7 0.453836 0.293969 0.152142 0.0977231
0 0.882577 0.491568 0.0615909 0.0591145
3 0.628753 0.504455 0.0645899 0.0590438
0 0.745351 0.460894 0.0533547 0.0508146
0 0.628338 0.485035 0.061527 0.0579325
0 0.680399 0.378569 0.0615441 0.0662767
2 0.354662 0.279331 0.0655137 0.0430845
3 0.747437 0.488214 0.0478126 0.0389481
3 0.886498 0.509887 0.0749922 0.0522237
5 0.211392 0.184812 0.0665541 0.0452034
3 0.688924 0.40392 0.0480388 0.0371345
3 0.0474232 0.282888 0.0324156 0.0277556
0 0.549321 0.310218 0.0290606 0.0394611
2 0.103924 0.245785 0.0678424 0.0470508
2 0.226524 0.21905 0.0565454 0.0315655
2 0.13782 0.193142 0.0388746 0.027142
3 0.684909 0.399533 0.0552087 0.0437532
0 0.600455 0.335282 0.0418625 0.0346181
3 0.723923 0.376636 0.0345717 0.039866
0 0.658893 0.34088 0.0314304 0.0425642
2 0.100431 0.20408 0.053911 0.029155
0 0.2861 0.285057 0.0334132 0.0422055
7 0.132461 0.144416 0.0459558 0.0284849
2 0.0903108 0.152365 0.0333413 0.0138092
2 0.28862 0.252816 0.0849904 0.0324251
2 0.296827 0.250517 0.067129 0.0310781
0 0.708745 0.338043 0.0364509 0.0356708
0 0.0464814 0.27386 0.0337004 0.04285
5 0.131612 0.144046 0.0458675 0.0286564
3 0.286523 0.288201 0.0339476 0.037717
0 0.0439309 0.264175 0.033298 0.0269619
0 0.311395 0.26988 0.0330668 0.031964
0 0.322778 0.258979 0.0262498 0.0232942
2 0.513051 0.428484 0.173496 0.083689
5 0.156788 0.360664 0.213882 0.162068
2 0.55527 0.371471 0.140031 0.0622224
7 0.453836 0.293969 0.152142 0.0977231
0 0.882577 0.491568 0.0615909 0.0591145
3 0.628753 0.504455 0.0645899 0.0590438
0 0.745351 0.460894 0.0533547 0.0508146
0 0.628338 0.485035 0.061527 0.0579325
0 0.680399 0.378569 0.0615441 0.0662767
2 0.354662 0.279331 0.0655137 0.0430845
3 0.747437 0.488214 0.0478126 0.0389481
3 0.886498 0.509887 0.0749922 0.0522237
5 0.211392 0.184812 0.0665541 0.0452034
3 0.688924 0.40392 0.0480388 0.0371345
3 0.0474232 0.282888 0.0324156 0.0277556
0 0.549321 0.310218 0.0290606 0.0394611
2 0.103924 0.245785 0.0678424 0.0470508
2 0.226524 0.21905 0.0565454 0.0315655
2 0.13782 0.193142 0.0388746 0.027142
3 0.684909 0.399533 0.0552087 0.0437532
0 0.600455 0.335282 0.0418625 0.0346181
3 0.723923 0.376636 0.0345717 0.039866
0 0.658893 0.34088 0.0314304 0.0425642
2 0.100431 0.20408 0.053911 0.029155
0 0.2861 0.285057 0.0334132 0.0422055
7 0.132461 0.144416 0.0459558 0.0284849
2 0.0903108 0.152365 0.0333413 0.0138092
2 0.28862 0.252816 0.0849904 0.0324251
2 0.296827 0.250517 0.067129 0.0310781
0 0.708745 0.338043 0.0364509 0.0356708
0 0.0464814 0.27386 0.0337004 0.04285
5 0.131612 0.144046 0.0458675 0.0286564
3 0.286523 0.288201 0.0339476 0.037717
0 0.0439309 0.264175 0.033298 0.0269619
0 0.311395 0.26988 0.0330668 0.031964
0 0.322778 0.258979 0.0262498 0.0232942
2 0.513051 0.428484 0.173496 0.083689
5 0.156788 0.360664 0.213882 0.162068
2 0.55527 0.371471 0.140031 0.0622224
7 0.453836 0.293969 0.152142 0.0977231
0 0.882577 0.491568 0.0615909 0.0591145
3 0.628753 0.504455 0.0645899 0.0590438
0 0.745351 0.460894 0.0533547 0.0508146
0 0.628338 0.485035 0.061527 0.0579325
0 0.680399 0.378569 0.0615441 0.0662767
2 0.354662 0.279331 0.0655137 0.0430845
3 0.747437 0.488214 0.0478126 0.0389481
3 0.886498 0.509887 0.0749922 0.0522237
5 0.211392 0.184812 0.0665541 0.0452034
3 0.688924 0.40392 0.0480388 0.0371345
3 0.0474232 0.282888 0.0324156 0.0277556
0 0.549321 0.310218 0.0290606 0.0394611
2 0.103924 0.245785 0.0678424 0.0470508
2 0.226524 0.21905 0.0565454 0.0315655
2 0.13782 0.193142 0.0388746 0.027142
3 0.684909 0.399533 0.0552087 0.0437532
0 0.600455 0.335282 0.0418625 0.0346181
3 0.723923 0.376636 0.0345717 0.039866
0 0.658893 0.34088 0.0314304 0.0425642
2 0.100431 0.20408 0.053911 0.029155
0 0.2861 0.285057 0.0334132 0.0422055
7 0.132461 0.144416 0.0459558 0.0284849
2 0.0903108 0.152365 0.0333413 0.0138092
2 0.28862 0.252816 0.0849904 0.0324251
2 0.296827 0.250517 0.067129 0.0310781
0 0.708745 0.338043 0.0364509 0.0356708
0 0.0464814 0.27386 0.0337004 0.04285
5 0.131612 0.144046 0.0458675 0.0286564
3 0.286523 0.288201 0.0339476 0.037717
0 0.0439309 0.264175 0.033298 0.0269619
0 0.311395 0.26988 0.0330668 0.031964
0 0.322778 0.258979 0.0262498 0.0232942
2 0.513051 0.428484 0.173496 0.083689
5 0.156788 0.360664 0.213882 0.162068
2 0.55527 0.371471 0.140031 0.0622224
7 0.453836 0.293969 0.152142 0.0977231
0 0.882577 0.491568 0.0615909 0.0591145
3 0.628753 0.504455 0.0645899 0.0590438
0 0.745351 0.460894 0.0533547 0.0508146
0 0.628338 0.485035 0.061527 0.0579325
0 0.680399 0.378569 0.0615441 0.0662767
2 0.354662 0.279331 0.0655137 0.0430845
3 0.747437 0.488214 0.0478126 0.0389481
3 0.886498 0.509887 0.0749922 0.0522237
5 0.211392 0.184812 0.0665541 0.0452034
3 0.688924 0.40392 0.0480388 0.0371345
3 0.0474232 0.282888 0.0324156 0.0277556
0 0.549321 0.310218 0.0290606 0.0394611
2 0.103924 0.245785 0.0678424 0.0470508
2 0.226524 0.21905 0.0565454 0.0315655
2 0.13782 0.193142 0.0388746 0.027142
3 0.684909 0.399533 0.0552087 0.0437532
0 0.600455 0.335282 0.0418625 0.0346181
3 0.723923 0.376636 0.0345717 0.039866
0 0.658893 0.34088 0.0314304 0.0425642
2 0.100431 0.20408 0.053911 0.029155
0 0.2861 0.285057 0.0334132 0.0422055
7 0.132461 0.144416 0.0459558 0.0284849
2 0.0903108 0.152365 0.0333413 0.0138092
2 0.28862 0.252816 0.0849904 0.0324251
2 0.296827 0.250517 0.067129 0.0310781
0 0.708745 0.338043 0.0364509 0.0356708
0 0.0464814 0.27386 0.0337004 0.04285
5 0.131612 0.144046 0.0458675 0.0286564
3 0.286523 0.288201 0.0339476 0.037717
0 0.0439309 0.264175 0.033298 0.0269619
0 0.311395 0.26988 0.0330668 0.031964
0 0.322778 0.258979 0.0262498 0.0232942
2 0.513051 0.428484 0.173496 0.083689
5 0.156788 0.360664 0.213882 0.162068
2 0.55527 0.371471 0.140031 0.0622224
7 0.453836 0.293969 0.152142 0.0977231
0 0.882577 0.491568 0.0615909 0.0591145
3 0.628753 0.504455 0.0645899 0.0590438
0 0.745351 0.460894 0.0533547 0.0508146
0 0.628338 0.485035 0.061527 0.0579325
0 0.680399 0.378569 0.0615441 0.0662767
2 0.354662 0.279331 0.0655137 0.0430845
3 0.747437 0.488214 0.0478126 0.0389481
3 0.886498 0.509887 0.0749922 0.0522237
5 0.211392 0.184812 0.0665541 0.0452034
3 0.688924 0.40392 0.0480388 0.0371345
3 0.0474232 0.282888 0.0324156 0.0277556
0 0.549321 0.310218 0.0290606 0.0394611
2 0.103924 0.245785 0.0678424 0.0470508
2 0.226524 0.21905 0.0565454 0.0315655
2 0.13782 0.193142 0.0388746 0.027142
3 0.684909 0.399533 0.0552087 0.0437532
0 0.600455 0.335282 0.0418625 0.0346181
3 0.723923 0.376636 0.0345717 0.039866
0 0.658893 0.34088 0.0314304 0.0425642
2 0.100431 0.20408 0.053911 0.029155
0 0.2861 0.285057 0.0334132 0.0422055
7 0.132461 0.144416 0.0459558 0.0284849
2 0.0903108 0.152365 0.0333413 0.0138092
2 0.28862 0.252816 0.0849904 0.0324251
2 0.296827 0.250517 0.067129 0.0310781
0 0.708745 0.338043 0.0364509 0.0356708
0 0.0464814 0.27386 0.0337004 0.04285
5 0.131612 0.144046 0.0458675 0.0286564
3 0.286523 0.288201 0.0339476 0.037717
0 0.0439309 0.264175 0.033298 0.0269619
0 0.311395 0.26988 0.0330668 0.031964
0 0.322778 0.258979 0.0262498 0.0232942
2 0.513051 0.428484 0.173496 0.083689
5 0.156788 0.360664 0.213882 0.162068
2 0.55527 0.371471 0.140031 0.0622224
7 0.453836 0.293969 0.152142 0.0977231
0 0.882577 0.491568 0.0615909 0.0591145
3 0.628753 0.504455 0.0645899 0.0590438
0 0.745351 0.460894 0.0533547 0.0508146
0 0.628338 0.485035 0.061527 0.0579325
0 0.680399 0.378569 0.0615441 0.0662767
2 0.354662 0.279331 0.0655137 0.0430845
3 0.747437 0.488214 0.0478126 0.0389481
3 0.886498 0.509887 0.0749922 0.0522237
5 0.211392 0.184812 0.0665541 0.0452034
3 0.688924 0.40392 0.0480388 0.0371345
3 0.0474232 0.282888 0.0324156 0.0277556
0 0.549321 0.310218 0.0290606 0.0394611
2 0.103924 0.245785 0.0678424 0.0470508
2 0.226524 0.21905 0.0565454 0.0315655
2 0.13782 0.193142 0.0388746 0.027142
3 0.684909 0.399533 0.0552087 0.0437532
0 0.600455 0.335282 0.0418625 0.0346181
3 0.723923 0.376636 0.0345717 0.039866
0 0.658893 0.34088 0.0314304 0.0425642
2 0.100431 0.20408 0.053911 0.029155
0 0.2861 0.285057 0.0334132 0.0422055
7 0.132461 0.144416 0.0459558 0.0284849
2 0.0903108 0.152365 0.0333413 0.0138092
2 0.28862 0.252816 0.0849904 0.0324251
2 0.296827 0.250517 0.067129 0.0310781
0 0.708745 0.338043 0.0364509 0.0356708
0 0.0464814 0.27386 0.0337004 0.04285
5 0.131612 0.144046 0.0458675 0.0286564
3 0.286523 0.288201 0.0339476 0.037717
0 0.0439309 0.264175 0.033298 0.0269619
0 0.311395 0.26988 0.0330668 0.031964
0 0.322778 0.258979 0.0262498 0.0232942
2 0.513051 0.428484 0.173496 0.083689
5 0.156788 0.360664 0.213882 0.162068
2 0.55527 0.371471 0.140031 0.0622224
7 0.453836 0.293969 0.152142 0.0977231
0 0.882577 0.491568 0.0615909 0.0591145
3 0.628753 0.504455 0.0645899 0.0590438
0 0.745351 0.460894 0.0533547 0.0508146
0 0.628338 0.485035 0.061527 0.0579325
0 0.680399 0.378569 0.0615441 0.0662767
2 0.354662 0.279331 0.0655137 0.0430845
3 0.747437 0.488214 0.0478126 0.0389481
3 0.886498 0.509887 0.0749922 0.0522237
5 0.211392 0.184812 0.0665541 0.0452034
3 0.688924 0.40392 0.0480388 0.0371345
3 0.0474232 0.282888 0.0324156 0.0277556
0 0.549321 0.310218 0.0290606 0.0394611
2 0.103924 0.245785 0.0678424 0.0470508
2 0.226524 0.21905 0.0565454 0.0315655
2 0.13782 0.193142 0.0388746 0.027142
3 0.684909 0.399533 0.0552087 0.0437532
0 0.600455 0.335282 0.0418625 0.0346181
3 0.723923 0.376636 0.0345717 0.039866
0 0.658893 0.34088 0.0314304 0.0425642
2 0.100431 0.20408 0.053911 0.029155
0 0.2861 0.285057 0.0334132 0.0422055
7 0.132461 0.144416 0.0459558 0.0284849
2 0.0903108 0.152365 0.0333413 0.0138092
2 0.28862 0.252816 0.0849904 0.0324251
2 0.296827 0.250517 0.067129 0.0310781
0 0.708745 0.338043 0.0364509 0.0356708
0 0.0464814 0.27386 0.0337004 0.04285
5 0.131612 0.144046 0.0458675 0.0286564
3 0.286523 0.288201 0.0339476 0.037717
0 0.0439309 0.264175 0.033298 0.0269619
0 0.311395 0.26988 0.0330668 0.031964
0 0.322778 0.258979 0.0262498 0.0232942
2 0.513051 0.428484 0.173496 0.083689
5 0.156788 0.360664 0.213882 0.162068
2 0.55527 0.371471 0.140031 0.0622224
7 0.453836 0.293969 0.152142 0.0977231
0 0.882577 0.491568 0.0615909 0.0591145
3 0.628753 0.504455 0.0645899 0.0590438
0 0.745351 0.460894 0.0533547 0.0508146
0 0.628338 0.485035 0.061527 0.0579325
0 0.680399 0.378569 0.0615441 0.0662767
2 0.354662 0.279331 0.0655137 0.0430845
3 0.747437 0.488214 0.0478126 0.0389481
3 0.886498 0.509887 0.0749922 0.0522237
5 0.211392 0.184812 0.0665541 0.0452034
3 0.688924 0.40392 0.0480388 0.0371345
3 0.0474232 0.282888 0.0324156 0.0277556
0 0.549321 0.310218 0.0290606 0.0394611
2 0.103924 0.245785 0.0678424 0.0470508
2 0.226524 0.21905 0.0565454 0.0315655
2 0.13782 0.193142 0.0388746 0.027142
3 0.684909 0.399533 0.0552087 0.0437532
0 0.600455 0.335282 0.0418625 0.0346181
3 0.723923 0.376636 0.0345717 0.039866
0 0.658893 0.34088 0.0314304 0.0425642
2 0.100431 0.20408 0.053911 0.029155
0 0.2861 0.285057 0.0334132 0.0422055
7 0.132461 0.144416 0.0459558 0.0284849
2 0.0903108 0.152365 0.0333413 0.0138092
2 0.28862 0.252816 0.0849904 0.0324251
2 0.296827 0.250517 0.067129 0.0310781
0 0.708745 0.338043 0.0364509 0.0356708
0 0.0464814 0.27386 0.0337004 0.04285
5 0.131612 0.144046 0.0458675 0.0286564
3 0.286523 0.288201 0.0339476 0.037717
0 0.0439309 0.264175 0.033298 0.0269619
0 0.311395 0.26988 0.0330668 0.031964
0 0.322778 0.258979 0.0262498 0.0232942
2 0.513051 0.428484 0.173496 0.083689
5 0.156788 0.360664 0.213882 0.162068
2 0.55527 0.371471 0.140031 0.0622224
7 0.453836 0.293969 0.152142 0.0977231
0 0.882577 0.491568 0.0615909 0.0591145
3 0.628753 0.504455 0.0645899 0.0590438
0 0.745351 0.460894 0.0533547 0.0508146
0 0.628338 0.485035 0.061527 0.0579325
0 0.680399 0.378569 0.0615441 0.0662767
2 0.354662 0.279331 0.0655137 0.0430845
3 0.747437 0.488214 0.0478126 0.0389481
3 0.886498 0.509887 0.0749922 0.0522237
5 0.211392 0.184812 0.0665541 0.0452034
3 0.688924 0.40392 0.0480388 0.0371345
3 0.0474232 0.282888 0.0324156 0.0277556
0 0.549321 0.310218 0.0290606 0.0394611
2 0.103924 0.245785 0.0678424 0.0470508
2 0.226524 0.21905 0.0565454 0.0315655
2 0.13782 0.193142 0.0388746 0.027142
3 0.684909 0.399533 0.0552087 0.0437532
0 0.600455 0.335282 0.0418625 0.0346181
3 0.723923 0.376636 0.0345717 0.039866
0 0.658893 0.34088 0.0314304 0.0425642
2 0.100431 0.20408 0.053911 0.029155
0 0.2861 0.285057 0.0334132 0.0422055
7 0.132461 0.144416 0.0459558 0.0284849
2 0.0903108 0.152365 0.0333413 0.0138092
2 0.28862 0.252816 0.0849904 0.0324251
2 0.296827 0.250517 0.067129 0.0310781
0 0.708745 0.338043 0.0364509 0.0356708
0 0.0464814 0.27386 0.0337004 0.04285
5 0.131612 0.144046 0.0458675 0.0286564
3 0.286523 0.288201 0.0339476 0.037717
0 0.0439309 0.264175 0.033298 0.0269619
0 0.311395 0.26988 0.0330668 0.031964
0 0.322778 0.258979 0.0262498 0.0232942
5 0.157337 0.358781 0.212104 0.156779
2 0.513281 0.428828 0.172953 0.0830657
2 0.554287 0.370766 0.140057 0.0597548
0 0.881854 0.492143 0.0633364 0.0593144
0 0.746789 0.46166 0.0511493 0.0533236
3 0.747772 0.488549 0.0462436 0.0369701
0 0.62865 0.48339 0.0587591 0.0552374
3 0.627423 0.503777 0.0617373 0.0576757
5 0.212031 0.185769 0.0650293 0.0433896
5 0.453407 0.297279 0.151881 0.0911418
7 0.453231 0.296817 0.151768 0.0916101
0 0.682615 0.387245 0.0403371 0.0455946
3 0.89296 0.518292 0.0564789 0.0369825
2 0.296259 0.249252 0.0716608 0.0336345
3 0.686313 0.403267 0.0453851 0.0372691
2 0.228381 0.217665 0.0583688 0.0358003
7 0.354825 0.279223 0.0674689 0.0438606
2 0.10494 0.251124 0.0677456 0.035575
3 0.722926 0.376515 0.0375115 0.0429751
5 0.157337 0.358781 0.212104 0.156779
2 0.513281 0.428828 0.172953 0.0830657
2 0.554287 0.370766 0.140057 0.0597548
0 0.881854 0.492143 0.0633364 0.0593144
0 0.746789 0.46166 0.0511493 0.0533236
3 0.747772 0.488549 0.0462436 0.0369701
0 0.62865 0.48339 0.0587591 0.0552374
3 0.627423 0.503777 0.0617373 0.0576757
5 0.212031 0.185769 0.0650293 0.0433896
5 0.453407 0.297279 0.151881 0.0911418
7 0.453231 0.296817 0.151768 0.0916101
0 0.682615 0.387245 0.0403371 0.0455946
3 0.89296 0.518292 0.0564789 0.0369825
2 0.296259 0.249252 0.0716608 0.0336345
3 0.686313 0.403267 0.0453851 0.0372691
2 0.228381 0.217665 0.0583688 0.0358003
7 0.354825 0.279223 0.0674689 0.0438606
2 0.10494 0.251124 0.0677456 0.035575
3 0.722926 0.376515 0.0375115 0.0429751
5 0.157337 0.358781 0.212104 0.156779
2 0.513281 0.428828 0.172953 0.0830657
2 0.554287 0.370766 0.140057 0.0597548
0 0.881854 0.492143 0.0633364 0.0593144
0 0.746789 0.46166 0.0511493 0.0533236
3 0.747772 0.488549 0.0462436 0.0369701
0 0.62865 0.48339 0.0587591 0.0552374
3 0.627423 0.503777 0.0617373 0.0576757
5 0.212031 0.185769 0.0650293 0.0433896
5 0.453407 0.297279 0.151881 0.0911418
7 0.453231 0.296817 0.151768 0.0916101
0 0.682615 0.387245 0.0403371 0.0455946
3 0.89296 0.518292 0.0564789 0.0369825
2 0.296259 0.249252 0.0716608 0.0336345
3 0.686313 0.403267 0.0453851 0.0372691
2 0.228381 0.217665 0.0583688 0.0358003
7 0.354825 0.279223 0.0674689 0.0438606
2 0.10494 0.251124 0.0677456 0.035575
3 0.722926 0.376515 0.0375115 0.0429751
5 0.157337 0.358781 0.212104 0.156779
2 0.513281 0.428828 0.172953 0.0830657
2 0.554287 0.370766 0.140057 0.0597548
0 0.881854 0.492143 0.0633364 0.0593144
0 0.746789 0.46166 0.0511493 0.0533236
3 0.747772 0.488549 0.0462436 0.0369701
0 0.62865 0.48339 0.0587591 0.0552374
3 0.627423 0.503777 0.0617373 0.0576757
5 0.212031 0.185769 0.0650293 0.0433896
5 0.453407 0.297279 0.151881 0.0911418
7 0.453231 0.296817 0.151768 0.0916101
0 0.682615 0.387245 0.0403371 0.0455946
3 0.89296 0.518292 0.0564789 0.0369825
2 0.296259 0.249252 0.0716608 0.0336345
3 0.686313 0.403267 0.0453851 0.0372691
2 0.228381 0.217665 0.0583688 0.0358003
7 0.354825 0.279223 0.0674689 0.0438606
2 0.10494 0.251124 0.0677456 0.035575
3 0.722926 0.376515 0.0375115 0.0429751
5 0.157337 0.358781 0.212104 0.156779
2 0.513281 0.428828 0.172953 0.0830657
2 0.554287 0.370766 0.140057 0.0597548
0 0.881854 0.492143 0.0633364 0.0593144
0 0.746789 0.46166 0.0511493 0.0533236
3 0.747772 0.488549 0.0462436 0.0369701
0 0.62865 0.48339 0.0587591 0.0552374
3 0.627423 0.503777 0.0617373 0.0576757
5 0.212031 0.185769 0.0650293 0.0433896
5 0.453407 0.297279 0.151881 0.0911418
7 0.453231 0.296817 0.151768 0.0916101
0 0.682615 0.387245 0.0403371 0.0455946
3 0.89296 0.518292 0.0564789 0.0369825
2 0.296259 0.249252 0.0716608 0.0336345
3 0.686313 0.403267 0.0453851 0.0372691
2 0.228381 0.217665 0.0583688 0.0358003
7 0.354825 0.279223 0.0674689 0.0438606
2 0.10494 0.251124 0.0677456 0.035575
3 0.722926 0.376515 0.0375115 0.0429751
5 0.157337 0.358781 0.212104 0.156779
2 0.513281 0.428828 0.172953 0.0830657
2 0.554287 0.370766 0.140057 0.0597548
0 0.881854 0.492143 0.0633364 0.0593144
0 0.746789 0.46166 0.0511493 0.0533236
3 0.747772 0.488549 0.0462436 0.0369701
0 0.62865 0.48339 0.0587591 0.0552374
3 0.627423 0.503777 0.0617373 0.0576757
5 0.212031 0.185769 0.0650293 0.0433896
5 0.453407 0.297279 0.151881 0.0911418
7 0.453231 0.296817 0.151768 0.0916101
0 0.682615 0.387245 0.0403371 0.0455946
3 0.89296 0.518292 0.0564789 0.0369825
2 0.296259 0.249252 0.0716608 0.0336345
3 0.686313 0.403267 0.0453851 0.0372691
2 0.228381 0.217665 0.0583688 0.0358003
7 0.354825 0.279223 0.0674689 0.0438606
2 0.10494 0.251124 0.0677456 0.035575
3 0.722926 0.376515 0.0375115 0.0429751
5 0.157337 0.358781 0.212104 0.156779
2 0.513281 0.428828 0.172953 0.0830657
2 0.554287 0.370766 0.140057 0.0597548
0 0.881854 0.492143 0.0633364 0.0593144
0 0.746789 0.46166 0.0511493 0.0533236
3 0.747772 0.488549 0.0462436 0.0369701
0 0.62865 0.48339 0.0587591 0.0552374
3 0.627423 0.503777 0.0617373 0.0576757
5 0.212031 0.185769 0.0650293 0.0433896
5 0.453407 0.297279 0.151881 0.0911418
7 0.453231 0.296817 0.151768 0.0916101
0 0.682615 0.387245 0.0403371 0.0455946
3 0.89296 0.518292 0.0564789 0.0369825
2 0.296259 0.249252 0.0716608 0.0336345
3 0.686313 0.403267 0.0453851 0.0372691
2 0.228381 0.217665 0.0583688 0.0358003
7 0.354825 0.279223 0.0674689 0.0438606
2 0.10494 0.251124 0.0677456 0.035575
3 0.722926 0.376515 0.0375115 0.0429751
5 0.157337 0.358781 0.212104 0.156779
2 0.513281 0.428828 0.172953 0.0830657
2 0.554287 0.370766 0.140057 0.0597548
0 0.881854 0.492143 0.0633364 0.0593144
0 0.746789 0.46166 0.0511493 0.0533236
3 0.747772 0.488549 0.0462436 0.0369701
0 0.62865 0.48339 0.0587591 0.0552374
3 0.627423 0.503777 0.0617373 0.0576757
5 0.212031 0.185769 0.0650293 0.0433896
5 0.453407 0.297279 0.151881 0.0911418
7 0.453231 0.296817 0.151768 0.0916101
0 0.682615 0.387245 0.0403371 0.0455946
3 0.89296 0.518292 0.0564789 0.0369825
2 0.296259 0.249252 0.0716608 0.0336345
3 0.686313 0.403267 0.0453851 0.0372691
2 0.228381 0.217665 0.0583688 0.0358003
7 0.354825 0.279223 0.0674689 0.0438606
2 0.10494 0.251124 0.0677456 0.035575
3 0.722926 0.376515 0.0375115 0.0429751
0 0.549537 0.309774 0.0297719 0.039841
0 0.600261 0.334966 0.0384108 0.0329702
2 0.137402 0.192906 0.0410834 0.0280471
0 0.657533 0.341947 0.0278191 0.0423101
2 0.10398 0.243804 0.0669962 0.0491416
3 0.049124 0.28279 0.0301875 0.0275534
0 0.286714 0.286603 0.0299389 0.0400203
7 0.132988 0.145277 0.0454884 0.0282888
2 0.355096 0.279052 0.067273 0.0434119
