2 0.703613 0.521664 0.297992 0.106597
2 0.628187 0.407462 0.159343 0.0709291
5 0.128098 0.310778 0.171215 0.136176
3 0.482224 0.649715 0.101718 0.0746244
2 0.387293 0.300196 0.0982747 0.0495412
2 0.093975 0.229412 0.0730153 0.0300179
7 0.516614 0.321918 0.168421 0.0998726
0 0.787706 0.449114 0.0453059 0.0520829
2 0.134703 0.215513 0.0500482 0.0264656
0 0.672718 0.344888 0.0296003 0.0484778
0 0.759274 0.414858 0.0475371 0.0577978
0 0.491927 0.620379 0.0802222 0.0853758
3 0.325222 0.326827 0.0350526 0.0321608
5 0.232173 0.192508 0.0748225 0.0438472
0 0.324409 0.318496 0.0358805 0.0416212
2 0.315994 0.272045 0.0861184 0.0470762
0 0.46034 0.608962 0.0501629 0.0802668
2 0.270252 0.246491 0.066929 0.034796
7 0.232124 0.193034 0.0736774 0.0443593
5 0.516429 0.32177 0.167865 0.10053
0 0.033798 0.230442 0.0229088 0.0250775
0 0.459275 0.592563 0.0472034 0.0463673
0 0.81946 0.471382 0.0504486 0.0386905
2 0.259332 0.224894 0.0768001 0.0286356
3 0.760399 0.426127 0.0441206 0.0421691
2 0.0922465 0.146774 0.0300699 0.0150366
3 0.80237 0.470907 0.0767856 0.0426735
5 0.129473 0.139629 0.0434854 0.0260554
0 0.493233 0.600362 0.0717985 0.0444161
2 0.264263 0.239234 0.0766944 0.0343575
0 0.691191 0.376549 0.0437686 0.0614323
2 0.105198 0.198932 0.0526018 0.0236633
2 0.263603 0.230865 0.0719966 0.0341087
0 0.744051 0.352416 0.0310689 0.0457921
3 0.720173 0.377553 0.0390328 0.0376249
3 0.807306 0.477349 0.0813711 0.0499537
2 0.319124 0.285514 0.081516 0.0424206
2 0.703613 0.521664 0.297992 0.106597
2 0.628187 0.407462 0.159343 0.0709291
5 0.128098 0.310778 0.171215 0.136176
3 0.482224 0.649715 0.101718 0.0746244
2 0.387293 0.300196 0.0982747 0.0495412
2 0.093975 0.229412 0.0730153 0.0300179
7 0.516614 0.321918 0.168421 0.0998726
0 0.787706 0.449114 0.0453059 0.0520829
2 0.134703 0.215513 0.0500482 0.0264656
0 0.672718 0.344888 0.0296003 0.0484778
0 0.759274 0.414858 0.0475371 0.0577978
0 0.491927 0.620379 0.0802222 0.0853758
3 0.325222 0.326827 0.0350526 0.0321608
5 0.232173 0.192508 0.0748225 0.0438472
0 0.324409 0.318496 0.0358805 0.0416212
2 0.315994 0.272045 0.0861184 0.0470762
0 0.46034 0.608962 0.0501629 0.0802668
2 0.270252 0.246491 0.066929 0.034796
7 0.232124 0.193034 0.0736774 0.0443593
5 0.516429 0.32177 0.167865 0.10053
0 0.033798 0.230442 0.0229088 0.0250775
0 0.459275 0.592563 0.0472034 0.0463673
0 0.81946 0.471382 0.0504486 0.0386905
2 0.259332 0.224894 0.0768001 0.0286356
3 0.760399 0.426127 0.0441206 0.0421691
2 0.0922465 0.146774 0.0300699 0.0150366
3 0.80237 0.470907 0.0767856 0.0426735
5 0.129473 0.139629 0.0434854 0.0260554
0 0.493233 0.600362 0.0717985 0.0444161
2 0.264263 0.239234 0.0766944 0.0343575
0 0.691191 0.376549 0.0437686 0.0614323
2 0.105198 0.198932 0.0526018 0.0236633
2 0.263603 0.230865 0.0719966 0.0341087
0 0.744051 0.352416 0.0310689 0.0457921
3 0.720173 0.377553 0.0390328 0.0376249
3 0.807306 0.477349 0.0813711 0.0499537
2 0.319124 0.285514 0.081516 0.0424206
2 0.703613 0.521664 0.297992 0.106597
2 0.628187 0.407462 0.159343 0.0709291
5 0.128098 0.310778 0.171215 0.136176
3 0.482224 0.649715 0.101718 0.0746244
2 0.387293 0.300196 0.0982747 0.0495412
2 0.093975 0.229412 0.0730153 0.0300179
7 0.516614 0.321918 0.168421 0.0998726
0 0.787706 0.449114 0.0453059 0.0520829
2 0.134703 0.215513 0.0500482 0.0264656
0 0.672718 0.344888 0.0296003 0.0484778
0 0.759274 0.414858 0.0475371 0.0577978
0 0.491927 0.620379 0.0802222 0.0853758
3 0.325222 0.326827 0.0350526 0.0321608
5 0.232173 0.192508 0.0748225 0.0438472
0 0.324409 0.318496 0.0358805 0.0416212
2 0.315994 0.272045 0.0861184 0.0470762
0 0.46034 0.608962 0.0501629 0.0802668
2 0.270252 0.246491 0.066929 0.034796
7 0.232124 0.193034 0.0736774 0.0443593
5 0.516429 0.32177 0.167865 0.10053
0 0.033798 0.230442 0.0229088 0.0250775
0 0.459275 0.592563 0.0472034 0.0463673
0 0.81946 0.471382 0.0504486 0.0386905
2 0.259332 0.224894 0.0768001 0.0286356
3 0.760399 0.426127 0.0441206 0.0421691
2 0.0922465 0.146774 0.0300699 0.0150366
3 0.80237 0.470907 0.0767856 0.0426735
5 0.129473 0.139629 0.0434854 0.0260554
0 0.493233 0.600362 0.0717985 0.0444161
2 0.264263 0.239234 0.0766944 0.0343575
0 0.691191 0.376549 0.0437686 0.0614323
2 0.105198 0.198932 0.0526018 0.0236633
2 0.263603 0.230865 0.0719966 0.0341087
0 0.744051 0.352416 0.0310689 0.0457921
3 0.720173 0.377553 0.0390328 0.0376249
3 0.807306 0.477349 0.0813711 0.0499537
2 0.319124 0.285514 0.081516 0.0424206
2 0.703613 0.521664 0.297992 0.106597
2 0.628187 0.407462 0.159343 0.0709291
5 0.128098 0.310778 0.171215 0.136176
3 0.482224 0.649715 0.101718 0.0746244
2 0.387293 0.300196 0.0982747 0.0495412
2 0.093975 0.229412 0.0730153 0.0300179
7 0.516614 0.321918 0.168421 0.0998726
0 0.787706 0.449114 0.0453059 0.0520829
2 0.134703 0.215513 0.0500482 0.0264656
0 0.672718 0.344888 0.0296003 0.0484778
0 0.759274 0.414858 0.0475371 0.0577978
0 0.491927 0.620379 0.0802222 0.0853758
3 0.325222 0.326827 0.0350526 0.0321608
5 0.232173 0.192508 0.0748225 0.0438472
0 0.324409 0.318496 0.0358805 0.0416212
2 0.315994 0.272045 0.0861184 0.0470762
0 0.46034 0.608962 0.0501629 0.0802668
2 0.270252 0.246491 0.066929 0.034796
7 0.232124 0.193034 0.0736774 0.0443593
5 0.516429 0.32177 0.167865 0.10053
0 0.033798 0.230442 0.0229088 0.0250775
0 0.459275 0.592563 0.0472034 0.0463673
0 0.81946 0.471382 0.0504486 0.0386905
2 0.259332 0.224894 0.0768001 0.0286356
3 0.760399 0.426127 0.0441206 0.0421691
2 0.0922465 0.146774 0.0300699 0.0150366
3 0.80237 0.470907 0.0767856 0.0426735
5 0.129473 0.139629 0.0434854 0.0260554
0 0.493233 0.600362 0.0717985 0.0444161
2 0.264263 0.239234 0.0766944 0.0343575
0 0.691191 0.376549 0.0437686 0.0614323
2 0.105198 0.198932 0.0526018 0.0236633
2 0.263603 0.230865 0.0719966 0.0341087
0 0.744051 0.352416 0.0310689 0.0457921
3 0.720173 0.377553 0.0390328 0.0376249
3 0.807306 0.477349 0.0813711 0.0499537
2 0.319124 0.285514 0.081516 0.0424206
2 0.703613 0.521664 0.297992 0.106597
2 0.628187 0.407462 0.159343 0.0709291
5 0.128098 0.310778 0.171215 0.136176
3 0.482224 0.649715 0.101718 0.0746244
2 0.387293 0.300196 0.0982747 0.0495412
2 0.093975 0.229412 0.0730153 0.0300179
7 0.516614 0.321918 0.168421 0.0998726
0 0.787706 0.449114 0.0453059 0.0520829
2 0.134703 0.215513 0.0500482 0.0264656
0 0.672718 0.344888 0.0296003 0.0484778
0 0.759274 0.414858 0.0475371 0.0577978
0 0.491927 0.620379 0.0802222 0.0853758
3 0.325222 0.326827 0.0350526 0.0321608
5 0.232173 0.192508 0.0748225 0.0438472
0 0.324409 0.318496 0.0358805 0.0416212
2 0.315994 0.272045 0.0861184 0.0470762
0 0.46034 0.608962 0.0501629 0.0802668
2 0.270252 0.246491 0.066929 0.034796
7 0.232124 0.193034 0.0736774 0.0443593
5 0.516429 0.32177 0.167865 0.10053
0 0.033798 0.230442 0.0229088 0.0250775
0 0.459275 0.592563 0.0472034 0.0463673
0 0.81946 0.471382 0.0504486 0.0386905
2 0.259332 0.224894 0.0768001 0.0286356
3 0.760399 0.426127 0.0441206 0.0421691
2 0.0922465 0.146774 0.0300699 0.0150366
3 0.80237 0.470907 0.0767856 0.0426735
5 0.129473 0.139629 0.0434854 0.0260554
0 0.493233 0.600362 0.0717985 0.0444161
2 0.264263 0.239234 0.0766944 0.0343575
0 0.691191 0.376549 0.0437686 0.0614323
2 0.105198 0.198932 0.0526018 0.0236633
2 0.263603 0.230865 0.0719966 0.0341087
0 0.744051 0.352416 0.0310689 0.0457921
3 0.720173 0.377553 0.0390328 0.0376249
3 0.807306 0.477349 0.0813711 0.0499537
2 0.319124 0.285514 0.081516 0.0424206
2 0.703613 0.521664 0.297992 0.106597
2 0.628187 0.407462 0.159343 0.0709291
5 0.128098 0.310778 0.171215 0.136176
3 0.482224 0.649715 0.101718 0.0746244
2 0.387293 0.300196 0.0982747 0.0495412
2 0.093975 0.229412 0.0730153 0.0300179
7 0.516614 0.321918 0.168421 0.0998726
0 0.787706 0.449114 0.0453059 0.0520829
2 0.134703 0.215513 0.0500482 0.0264656
0 0.672718 0.344888 0.0296003 0.0484778
0 0.759274 0.414858 0.0475371 0.0577978
0 0.491927 0.620379 0.0802222 0.0853758
3 0.325222 0.326827 0.0350526 0.0321608
5 0.232173 0.192508 0.0748225 0.0438472
0 0.324409 0.318496 0.0358805 0.0416212
2 0.315994 0.272045 0.0861184 0.0470762
0 0.46034 0.608962 0.0501629 0.0802668
2 0.270252 0.246491 0.066929 0.034796
7 0.232124 0.193034 0.0736774 0.0443593
5 0.516429 0.32177 0.167865 0.10053
0 0.033798 0.230442 0.0229088 0.0250775
0 0.459275 0.592563 0.0472034 0.0463673
0 0.81946 0.471382 0.0504486 0.0386905
2 0.259332 0.224894 0.0768001 0.0286356
3 0.760399 0.426127 0.0441206 0.0421691
2 0.0922465 0.146774 0.0300699 0.0150366
3 0.80237 0.470907 0.0767856 0.0426735
5 0.129473 0.139629 0.0434854 0.0260554
0 0.493233 0.600362 0.0717985 0.0444161
2 0.264263 0.239234 0.0766944 0.0343575
0 0.691191 0.376549 0.0437686 0.0614323
2 0.105198 0.198932 0.0526018 0.0236633
2 0.263603 0.230865 0.0719966 0.0341087
0 0.744051 0.352416 0.0310689 0.0457921
3 0.720173 0.377553 0.0390328 0.0376249
3 0.807306 0.477349 0.0813711 0.0499537
2 0.319124 0.285514 0.081516 0.0424206
2 0.703613 0.521664 0.297992 0.106597
2 0.628187 0.407462 0.159343 0.0709291
5 0.128098 0.310778 0.171215 0.136176
3 0.482224 0.649715 0.101718 0.0746244
2 0.387293 0.300196 0.0982747 0.0495412
2 0.093975 0.229412 0.0730153 0.0300179
7 0.516614 0.321918 0.168421 0.0998726
0 0.787706 0.449114 0.0453059 0.0520829
2 0.134703 0.215513 0.0500482 0.0264656
0 0.672718 0.344888 0.0296003 0.0484778
0 0.759274 0.414858 0.0475371 0.0577978
0 0.491927 0.620379 0.0802222 0.0853758
3 0.325222 0.326827 0.0350526 0.0321608
5 0.232173 0.192508 0.0748225 0.0438472
0 0.324409 0.318496 0.0358805 0.0416212
2 0.315994 0.272045 0.0861184 0.0470762
0 0.46034 0.608962 0.0501629 0.0802668
2 0.270252 0.246491 0.066929 0.034796
7 0.232124 0.193034 0.0736774 0.0443593
5 0.516429 0.32177 0.167865 0.10053
0 0.033798 0.230442 0.0229088 0.0250775
0 0.459275 0.592563 0.0472034 0.0463673
0 0.81946 0.471382 0.0504486 0.0386905
2 0.259332 0.224894 0.0768001 0.0286356
3 0.760399 0.426127 0.0441206 0.0421691
2 0.0922465 0.146774 0.0300699 0.0150366
3 0.80237 0.470907 0.0767856 0.0426735
5 0.129473 0.139629 0.0434854 0.0260554
0 0.493233 0.600362 0.0717985 0.0444161
2 0.264263 0.239234 0.0766944 0.0343575
0 0.691191 0.376549 0.0437686 0.0614323
2 0.105198 0.198932 0.0526018 0.0236633
2 0.263603 0.230865 0.0719966 0.0341087
0 0.744051 0.352416 0.0310689 0.0457921
3 0.720173 0.377553 0.0390328 0.0376249
3 0.807306 0.477349 0.0813711 0.0499537
2 0.319124 0.285514 0.081516 0.0424206
2 0.703613 0.521664 0.297992 0.106597
2 0.628187 0.407462 0.159343 0.0709291
5 0.128098 0.310778 0.171215 0.136176
3 0.482224 0.649715 0.101718 0.0746244
2 0.387293 0.300196 0.0982747 0.0495412
2 0.093975 0.229412 0.0730153 0.0300179
7 0.516614 0.321918 0.168421 0.0998726
0 0.787706 0.449114 0.0453059 0.0520829
2 0.134703 0.215513 0.0500482 0.0264656
0 0.672718 0.344888 0.0296003 0.0484778
0 0.759274 0.414858 0.0475371 0.0577978
0 0.491927 0.620379 0.0802222 0.0853758
3 0.325222 0.326827 0.0350526 0.0321608
5 0.232173 0.192508 0.0748225 0.0438472
0 0.324409 0.318496 0.0358805 0.0416212
2 0.315994 0.272045 0.0861184 0.0470762
0 0.46034 0.608962 0.0501629 0.0802668
2 0.270252 0.246491 0.066929 0.034796
7 0.232124 0.193034 0.0736774 0.0443593
5 0.516429 0.32177 0.167865 0.10053
0 0.033798 0.230442 0.0229088 0.0250775
0 0.459275 0.592563 0.0472034 0.0463673
0 0.81946 0.471382 0.0504486 0.0386905
2 0.259332 0.224894 0.0768001 0.0286356
3 0.760399 0.426127 0.0441206 0.0421691
2 0.0922465 0.146774 0.0300699 0.0150366
3 0.80237 0.470907 0.0767856 0.0426735
5 0.129473 0.139629 0.0434854 0.0260554
0 0.493233 0.600362 0.0717985 0.0444161
2 0.264263 0.239234 0.0766944 0.0343575
0 0.691191 0.376549 0.0437686 0.0614323
2 0.105198 0.198932 0.0526018 0.0236633
2 0.263603 0.230865 0.0719966 0.0341087
0 0.744051 0.352416 0.0310689 0.0457921
3 0.720173 0.377553 0.0390328 0.0376249
3 0.807306 0.477349 0.0813711 0.0499537
2 0.319124 0.285514 0.081516 0.0424206
2 0.703613 0.521664 0.297992 0.106597
2 0.628187 0.407462 0.159343 0.0709291
5 0.128098 0.310778 0.171215 0.136176
3 0.482224 0.649715 0.101718 0.0746244
2 0.387293 0.300196 0.0982747 0.0495412
2 0.093975 0.229412 0.0730153 0.0300179
7 0.516614 0.321918 0.168421 0.0998726
0 0.787706 0.449114 0.0453059 0.0520829
2 0.134703 0.215513 0.0500482 0.0264656
0 0.672718 0.344888 0.0296003 0.0484778
0 0.759274 0.414858 0.0475371 0.0577978
0 0.491927 0.620379 0.0802222 0.0853758
3 0.325222 0.326827 0.0350526 0.0321608
5 0.232173 0.192508 0.0748225 0.0438472
0 0.324409 0.318496 0.0358805 0.0416212
2 0.315994 0.272045 0.0861184 0.0470762
0 0.46034 0.608962 0.0501629 0.0802668
2 0.270252 0.246491 0.066929 0.034796
7 0.232124 0.193034 0.0736774 0.0443593
5 0.516429 0.32177 0.167865 0.10053
0 0.033798 0.230442 0.0229088 0.0250775
0 0.459275 0.592563 0.0472034 0.0463673
0 0.81946 0.471382 0.0504486 0.0386905
2 0.259332 0.224894 0.0768001 0.0286356
3 0.760399 0.426127 0.0441206 0.0421691
2 0.0922465 0.146774 0.0300699 0.0150366
3 0.80237 0.470907 0.0767856 0.0426735
5 0.129473 0.139629 0.0434854 0.0260554
0 0.493233 0.600362 0.0717985 0.0444161
2 0.264263 0.239234 0.0766944 0.0343575
0 0.691191 0.376549 0.0437686 0.0614323
2 0.105198 0.198932 0.0526018 0.0236633
2 0.263603 0.230865 0.0719966 0.0341087
0 0.744051 0.352416 0.0310689 0.0457921
3 0.720173 0.377553 0.0390328 0.0376249
3 0.807306 0.477349 0.0813711 0.0499537
2 0.319124 0.285514 0.081516 0.0424206
2 0.703613 0.521664 0.297992 0.106597
2 0.628187 0.407462 0.159343 0.0709291
5 0.128098 0.310778 0.171215 0.136176
3 0.482224 0.649715 0.101718 0.0746244
2 0.387293 0.300196 0.0982747 0.0495412
2 0.093975 0.229412 0.0730153 0.0300179
7 0.516614 0.321918 0.168421 0.0998726
0 0.787706 0.449114 0.0453059 0.0520829
2 0.134703 0.215513 0.0500482 0.0264656
0 0.672718 0.344888 0.0296003 0.0484778
0 0.759274 0.414858 0.0475371 0.0577978
0 0.491927 0.620379 0.0802222 0.0853758
3 0.325222 0.326827 0.0350526 0.0321608
5 0.232173 0.192508 0.0748225 0.0438472
0 0.324409 0.318496 0.0358805 0.0416212
2 0.315994 0.272045 0.0861184 0.0470762
0 0.46034 0.608962 0.0501629 0.0802668
2 0.270252 0.246491 0.066929 0.034796
7 0.232124 0.193034 0.0736774 0.0443593
5 0.516429 0.32177 0.167865 0.10053
0 0.033798 0.230442 0.0229088 0.0250775
0 0.459275 0.592563 0.0472034 0.0463673
0 0.81946 0.471382 0.0504486 0.0386905
2 0.259332 0.224894 0.0768001 0.0286356
3 0.760399 0.426127 0.0441206 0.0421691
2 0.0922465 0.146774 0.0300699 0.0150366
3 0.80237 0.470907 0.0767856 0.0426735
5 0.129473 0.139629 0.0434854 0.0260554
0 0.493233 0.600362 0.0717985 0.0444161
2 0.264263 0.239234 0.0766944 0.0343575
0 0.691191 0.376549 0.0437686 0.0614323
2 0.105198 0.198932 0.0526018 0.0236633
2 0.263603 0.230865 0.0719966 0.0341087
0 0.744051 0.352416 0.0310689 0.0457921
3 0.720173 0.377553 0.0390328 0.0376249
3 0.807306 0.477349 0.0813711 0.0499537
2 0.319124 0.285514 0.081516 0.0424206
2 0.703613 0.521664 0.297992 0.106597
2 0.628187 0.407462 0.159343 0.0709291
5 0.128098 0.310778 0.171215 0.136176
3 0.482224 0.649715 0.101718 0.0746244
2 0.387293 0.300196 0.0982747 0.0495412
2 0.093975 0.229412 0.0730153 0.0300179
7 0.516614 0.321918 0.168421 0.0998726
0 0.787706 0.449114 0.0453059 0.0520829
2 0.134703 0.215513 0.0500482 0.0264656
0 0.672718 0.344888 0.0296003 0.0484778
0 0.759274 0.414858 0.0475371 0.0577978
0 0.491927 0.620379 0.0802222 0.0853758
3 0.325222 0.326827 0.0350526 0.0321608
5 0.232173 0.192508 0.0748225 0.0438472
0 0.324409 0.318496 0.0358805 0.0416212
2 0.315994 0.272045 0.0861184 0.0470762
0 0.46034 0.608962 0.0501629 0.0802668
2 0.270252 0.246491 0.066929 0.034796
7 0.232124 0.193034 0.0736774 0.0443593
5 0.516429 0.32177 0.167865 0.10053
0 0.033798 0.230442 0.0229088 0.0250775
0 0.459275 0.592563 0.0472034 0.0463673
0 0.81946 0.471382 0.0504486 0.0386905
2 0.259332 0.224894 0.0768001 0.0286356
3 0.760399 0.426127 0.0441206 0.0421691
2 0.0922465 0.146774 0.0300699 0.0150366
3 0.80237 0.470907 0.0767856 0.0426735
5 0.129473 0.139629 0.0434854 0.0260554
0 0.493233 0.600362 0.0717985 0.0444161
2 0.264263 0.239234 0.0766944 0.0343575
0 0.691191 0.376549 0.0437686 0.0614323
2 0.105198 0.198932 0.0526018 0.0236633
2 0.263603 0.230865 0.0719966 0.0341087
0 0.744051 0.352416 0.0310689 0.0457921
3 0.720173 0.377553 0.0390328 0.0376249
3 0.807306 0.477349 0.0813711 0.0499537
2 0.319124 0.285514 0.081516 0.0424206
2 0.703613 0.521664 0.297992 0.106597
2 0.628187 0.407462 0.159343 0.0709291
5 0.128098 0.310778 0.171215 0.136176
3 0.482224 0.649715 0.101718 0.0746244
2 0.387293 0.300196 0.0982747 0.0495412
2 0.093975 0.229412 0.0730153 0.0300179
7 0.516614 0.321918 0.168421 0.0998726
0 0.787706 0.449114 0.0453059 0.0520829
2 0.134703 0.215513 0.0500482 0.0264656
0 0.672718 0.344888 0.0296003 0.0484778
0 0.759274 0.414858 0.0475371 0.0577978
0 0.491927 0.620379 0.0802222 0.0853758
3 0.325222 0.326827 0.0350526 0.0321608
5 0.232173 0.192508 0.0748225 0.0438472
0 0.324409 0.318496 0.0358805 0.0416212
2 0.315994 0.272045 0.0861184 0.0470762
0 0.46034 0.608962 0.0501629 0.0802668
2 0.270252 0.246491 0.066929 0.034796
7 0.232124 0.193034 0.0736774 0.0443593
5 0.516429 0.32177 0.167865 0.10053
0 0.033798 0.230442 0.0229088 0.0250775
0 0.459275 0.592563 0.0472034 0.0463673
0 0.81946 0.471382 0.0504486 0.0386905
2 0.259332 0.224894 0.0768001 0.0286356
3 0.760399 0.426127 0.0441206 0.0421691
2 0.0922465 0.146774 0.0300699 0.0150366
3 0.80237 0.470907 0.0767856 0.0426735
5 0.129473 0.139629 0.0434854 0.0260554
0 0.493233 0.600362 0.0717985 0.0444161
2 0.264263 0.239234 0.0766944 0.0343575
0 0.691191 0.376549 0.0437686 0.0614323
2 0.105198 0.198932 0.0526018 0.0236633
2 0.263603 0.230865 0.0719966 0.0341087
0 0.744051 0.352416 0.0310689 0.0457921
3 0.720173 0.377553 0.0390328 0.0376249
3 0.807306 0.477349 0.0813711 0.0499537
2 0.319124 0.285514 0.081516 0.0424206
2 0.703613 0.521664 0.297992 0.106597
2 0.628187 0.407462 0.159343 0.0709291
5 0.128098 0.310778 0.171215 0.136176
3 0.482224 0.649715 0.101718 0.0746244
2 0.387293 0.300196 0.0982747 0.0495412
2 0.093975 0.229412 0.0730153 0.0300179
7 0.516614 0.321918 0.168421 0.0998726
0 0.787706 0.449114 0.0453059 0.0520829
2 0.134703 0.215513 0.0500482 0.0264656
0 0.672718 0.344888 0.0296003 0.0484778
0 0.759274 0.414858 0.0475371 0.0577978
0 0.491927 0.620379 0.0802222 0.0853758
3 0.325222 0.326827 0.0350526 0.0321608
5 0.232173 0.192508 0.0748225 0.0438472
0 0.324409 0.318496 0.0358805 0.0416212
2 0.315994 0.272045 0.0861184 0.0470762
0 0.46034 0.608962 0.0501629 0.0802668
2 0.270252 0.246491 0.066929 0.034796
7 0.232124 0.193034 0.0736774 0.0443593
5 0.516429 0.32177 0.167865 0.10053
0 0.033798 0.230442 0.0229088 0.0250775
0 0.459275 0.592563 0.0472034 0.0463673
0 0.81946 0.471382 0.0504486 0.0386905
2 0.259332 0.224894 0.0768001 0.0286356
3 0.760399 0.426127 0.0441206 0.0421691
2 0.0922465 0.146774 0.0300699 0.0150366
3 0.80237 0.470907 0.0767856 0.0426735
5 0.129473 0.139629 0.0434854 0.0260554
0 0.493233 0.600362 0.0717985 0.0444161
2 0.264263 0.239234 0.0766944 0.0343575
0 0.691191 0.376549 0.0437686 0.0614323
2 0.105198 0.198932 0.0526018 0.0236633
2 0.263603 0.230865 0.0719966 0.0341087
0 0.744051 0.352416 0.0310689 0.0457921
3 0.720173 0.377553 0.0390328 0.0376249
3 0.807306 0.477349 0.0813711 0.0499537
2 0.319124 0.285514 0.081516 0.0424206
5 0.129032 0.310326 0.171881 0.134572
2 0.702913 0.522769 0.297591 0.109044
2 0.626154 0.407824 0.157424 0.0706847
0 0.490258 0.619967 0.0823069 0.0840713
2 0.387365 0.300103 0.0978378 0.0482746
0 0.787365 0.446774 0.0459951 0.0482683
0 0.323838 0.313581 0.033834 0.0348577
5 0.516418 0.322028 0.168989 0.0998229
3 0.325422 0.328913 0.0336416 0.0280623
3 0.494257 0.650613 0.0736736 0.0718985
0 0.818938 0.473736 0.0508406 0.0425966
3 0.761268 0.43108 0.0414925 0.034211
5 0.232559 0.194158 0.071989 0.0438358
2 0.0999764 0.229332 0.0587847 0.0291712
0 0.758734 0.408571 0.048919 0.0457742
2 0.315179 0.273739 0.0907296 0.050613
0 0.672751 0.345748 0.0299387 0.0474057
2 0.133545 0.215626 0.0502439 0.0254112
5 0.129032 0.310326 0.171881 0.134572
2 0.702913 0.522769 0.297591 0.109044
2 0.626154 0.407824 0.157424 0.0706847
0 0.490258 0.619967 0.0823069 0.0840713
2 0.387365 0.300103 0.0978378 0.0482746
0 0.787365 0.446774 0.0459951 0.0482683
0 0.323838 0.313581 0.033834 0.0348577
5 0.516418 0.322028 0.168989 0.0998229
3 0.325422 0.328913 0.0336416 0.0280623
3 0.494257 0.650613 0.0736736 0.0718985
0 0.818938 0.473736 0.0508406 0.0425966
3 0.761268 0.43108 0.0414925 0.034211
5 0.232559 0.194158 0.071989 0.0438358
2 0.0999764 0.229332 0.0587847 0.0291712
0 0.758734 0.408571 0.048919 0.0457742
2 0.315179 0.273739 0.0907296 0.050613
0 0.672751 0.345748 0.0299387 0.0474057
2 0.133545 0.215626 0.0502439 0.0254112
5 0.129032 0.310326 0.171881 0.134572
2 0.702913 0.522769 0.297591 0.109044
2 0.626154 0.407824 0.157424 0.0706847
0 0.490258 0.619967 0.0823069 0.0840713
2 0.387365 0.300103 0.0978378 0.0482746
0 0.787365 0.446774 0.0459951 0.0482683
0 0.323838 0.313581 0.033834 0.0348577
5 0.516418 0.322028 0.168989 0.0998229
3 0.325422 0.328913 0.0336416 0.0280623
3 0.494257 0.650613 0.0736736 0.0718985
0 0.818938 0.473736 0.0508406 0.0425966
3 0.761268 0.43108 0.0414925 0.034211
5 0.232559 0.194158 0.071989 0.0438358
2 0.0999764 0.229332 0.0587847 0.0291712
0 0.758734 0.408571 0.048919 0.0457742
2 0.315179 0.273739 0.0907296 0.050613
0 0.672751 0.345748 0.0299387 0.0474057
2 0.133545 0.215626 0.0502439 0.0254112
5 0.129032 0.310326 0.171881 0.134572
2 0.702913 0.522769 0.297591 0.109044
2 0.626154 0.407824 0.157424 0.0706847
0 0.490258 0.619967 0.0823069 0.0840713
2 0.387365 0.300103 0.0978378 0.0482746
0 0.787365 0.446774 0.0459951 0.0482683
0 0.323838 0.313581 0.033834 0.0348577
5 0.516418 0.322028 0.168989 0.0998229
3 0.325422 0.328913 0.0336416 0.0280623
3 0.494257 0.650613 0.0736736 0.0718985
0 0.818938 0.473736 0.0508406 0.0425966
3 0.761268 0.43108 0.0414925 0.034211
5 0.232559 0.194158 0.071989 0.0438358
2 0.0999764 0.229332 0.0587847 0.0291712
0 0.758734 0.408571 0.048919 0.0457742
2 0.315179 0.273739 0.0907296 0.050613
0 0.672751 0.345748 0.0299387 0.0474057
2 0.133545 0.215626 0.0502439 0.0254112
5 0.129032 0.310326 0.171881 0.134572
2 0.702913 0.522769 0.297591 0.109044
2 0.626154 0.407824 0.157424 0.0706847
0 0.490258 0.619967 0.0823069 0.0840713
2 0.387365 0.300103 0.0978378 0.0482746
0 0.787365 0.446774 0.0459951 0.0482683
0 0.323838 0.313581 0.033834 0.0348577
5 0.516418 0.322028 0.168989 0.0998229
3 0.325422 0.328913 0.0336416 0.0280623
3 0.494257 0.650613 0.0736736 0.0718985
0 0.818938 0.473736 0.0508406 0.0425966
3 0.761268 0.43108 0.0414925 0.034211
5 0.232559 0.194158 0.071989 0.0438358
2 0.0999764 0.229332 0.0587847 0.0291712
0 0.758734 0.408571 0.048919 0.0457742
2 0.315179 0.273739 0.0907296 0.050613
0 0.672751 0.345748 0.0299387 0.0474057
2 0.133545 0.215626 0.0502439 0.0254112
5 0.129032 0.310326 0.171881 0.134572
2 0.702913 0.522769 0.297591 0.109044
2 0.626154 0.407824 0.157424 0.0706847
0 0.490258 0.619967 0.0823069 0.0840713
2 0.387365 0.300103 0.0978378 0.0482746
0 0.787365 0.446774 0.0459951 0.0482683
0 0.323838 0.313581 0.033834 0.0348577
5 0.516418 0.322028 0.168989 0.0998229
3 0.325422 0.328913 0.0336416 0.0280623
3 0.494257 0.650613 0.0736736 0.0718985
0 0.818938 0.473736 0.0508406 0.0425966
3 0.761268 0.43108 0.0414925 0.034211
5 0.232559 0.194158 0.071989 0.0438358
2 0.0999764 0.229332 0.0587847 0.0291712
0 0.758734 0.408571 0.048919 0.0457742
2 0.315179 0.273739 0.0907296 0.050613
0 0.672751 0.345748 0.0299387 0.0474057
2 0.133545 0.215626 0.0502439 0.0254112
5 0.129032 0.310326 0.171881 0.134572
2 0.702913 0.522769 0.297591 0.109044
2 0.626154 0.407824 0.157424 0.0706847
0 0.490258 0.619967 0.0823069 0.0840713
2 0.387365 0.300103 0.0978378 0.0482746
0 0.787365 0.446774 0.0459951 0.0482683
0 0.323838 0.313581 0.033834 0.0348577
5 0.516418 0.322028 0.168989 0.0998229
3 0.325422 0.328913 0.0336416 0.0280623
3 0.494257 0.650613 0.0736736 0.0718985
0 0.818938 0.473736 0.0508406 0.0425966
3 0.761268 0.43108 0.0414925 0.034211
5 0.232559 0.194158 0.071989 0.0438358
2 0.0999764 0.229332 0.0587847 0.0291712
0 0.758734 0.408571 0.048919 0.0457742
2 0.315179 0.273739 0.0907296 0.050613
0 0.672751 0.345748 0.0299387 0.0474057
2 0.133545 0.215626 0.0502439 0.0254112
5 0.129032 0.310326 0.171881 0.134572
2 0.702913 0.522769 0.297591 0.109044
2 0.626154 0.407824 0.157424 0.0706847
0 0.490258 0.619967 0.0823069 0.0840713
2 0.387365 0.300103 0.0978378 0.0482746
0 0.787365 0.446774 0.0459951 0.0482683
0 0.323838 0.313581 0.033834 0.0348577
5 0.516418 0.322028 0.168989 0.0998229
3 0.325422 0.328913 0.0336416 0.0280623
3 0.494257 0.650613 0.0736736 0.0718985
0 0.818938 0.473736 0.0508406 0.0425966
3 0.761268 0.43108 0.0414925 0.034211
5 0.232559 0.194158 0.071989 0.0438358
2 0.0999764 0.229332 0.0587847 0.0291712
0 0.758734 0.408571 0.048919 0.0457742
2 0.315179 0.273739 0.0907296 0.050613
0 0.672751 0.345748 0.0299387 0.0474057
2 0.133545 0.215626 0.0502439 0.0254112
0 0.460619 0.607742 0.0490203 0.0780405
0 0.460632 0.591906 0.0486381 0.0457339
3 0.392128 0.266626 0.0444182 0.020935
2 0.0926506 0.147902 0.0312533 0.0157242
3 0.787135 0.464184 0.0430206 0.0292726
3 0.699542 0.395011 0.0401935 0.0333621
