5 0.194573 0.407435 0.253004 0.187914
2 0.420446 0.365514 0.145704 0.0691789
2 0.480897 0.334784 0.127375 0.0550735
3 0.667296 0.393265 0.0523392 0.0392427
0 0.691274 0.477366 0.0612072 0.0570341
3 0.547312 0.395488 0.0500415 0.0435372
7 0.396133 0.271213 0.126423 0.0825668
0 0.736863 0.43962 0.0468045 0.0457102
2 0.0921803 0.270946 0.0820554 0.0418821
3 0.602967 0.368688 0.0348546 0.0296755
3 0.197819 0.287554 0.0343369 0.0265185
3 0.931319 0.572284 0.114192 0.0572836
0 0.663047 0.379134 0.042729 0.0468946
2 0.250703 0.227571 0.0657261 0.028904
3 0.934895 0.562138 0.123252 0.0757745
0 0.944279 0.545517 0.102513 0.0663305
5 0.395684 0.271017 0.124872 0.0832159
2 0.311036 0.257148 0.0554147 0.0389358
0 0.547044 0.381424 0.0486128 0.0471029
3 0.689453 0.502699 0.0628811 0.0438641
2 0.0884343 0.218238 0.0590204 0.0297456
3 0.737556 0.460849 0.0533752 0.0470612
0 0.199123 0.278436 0.032699 0.0394126
5 0.189783 0.171622 0.057674 0.0428164
0 0.491058 0.282714 0.0345508 0.0443541
3 0.719434 0.379525 0.0320387 0.0352301
0 0.928681 0.546215 0.0785102 0.0679484
3 0.600812 0.357275 0.0394266 0.0490648
2 0.202427 0.199776 0.0503971 0.037297
2 0.0884808 0.247528 0.0732629 0.0284837
0 0.600365 0.356098 0.0415922 0.0497609
3 0.0150543 0.279491 0.0293915 0.0301464
7 0.189397 0.171507 0.0572701 0.0423489
7 0.129266 0.150348 0.0523533 0.0302527
0 0.616092 0.327186 0.0366653 0.0407781
0 0.569873 0.276535 0.0235874 0.0377678
2 0.189848 0.171597 0.0557822 0.0421885
2 0.124018 0.241444 0.029455 0.0274292
2 0.129147 0.150771 0.0516926 0.0288357
2 0.119046 0.207499 0.0467942 0.0309898
5 0.194573 0.407435 0.253004 0.187914
2 0.420446 0.365514 0.145704 0.0691789
2 0.480897 0.334784 0.127375 0.0550735
3 0.667296 0.393265 0.0523392 0.0392427
0 0.691274 0.477366 0.0612072 0.0570341
3 0.547312 0.395488 0.0500415 0.0435372
7 0.396133 0.271213 0.126423 0.0825668
0 0.736863 0.43962 0.0468045 0.0457102
2 0.0921803 0.270946 0.0820554 0.0418821
3 0.602967 0.368688 0.0348546 0.0296755
3 0.197819 0.287554 0.0343369 0.0265185
3 0.931319 0.572284 0.114192 0.0572836
0 0.663047 0.379134 0.042729 0.0468946
2 0.250703 0.227571 0.0657261 0.028904
3 0.934895 0.562138 0.123252 0.0757745
0 0.944279 0.545517 0.102513 0.0663305
5 0.395684 0.271017 0.124872 0.0832159
2 0.311036 0.257148 0.0554147 0.0389358
0 0.547044 0.381424 0.0486128 0.0471029
3 0.689453 0.502699 0.0628811 0.0438641
2 0.0884343 0.218238 0.0590204 0.0297456
3 0.737556 0.460849 0.0533752 0.0470612
0 0.199123 0.278436 0.032699 0.0394126
5 0.189783 0.171622 0.057674 0.0428164
0 0.491058 0.282714 0.0345508 0.0443541
3 0.719434 0.379525 0.0320387 0.0352301
0 0.928681 0.546215 0.0785102 0.0679484
3 0.600812 0.357275 0.0394266 0.0490648
2 0.202427 0.199776 0.0503971 0.037297
2 0.0884808 0.247528 0.0732629 0.0284837
0 0.600365 0.356098 0.0415922 0.0497609
3 0.0150543 0.279491 0.0293915 0.0301464
7 0.189397 0.171507 0.0572701 0.0423489
7 0.129266 0.150348 0.0523533 0.0302527
0 0.616092 0.327186 0.0366653 0.0407781
0 0.569873 0.276535 0.0235874 0.0377678
2 0.189848 0.171597 0.0557822 0.0421885
2 0.124018 0.241444 0.029455 0.0274292
2 0.129147 0.150771 0.0516926 0.0288357
2 0.119046 0.207499 0.0467942 0.0309898
5 0.194573 0.407435 0.253004 0.187914
2 0.420446 0.365514 0.145704 0.0691789
2 0.480897 0.334784 0.127375 0.0550735
3 0.667296 0.393265 0.0523392 0.0392427
0 0.691274 0.477366 0.0612072 0.0570341
3 0.547312 0.395488 0.0500415 0.0435372
7 0.396133 0.271213 0.126423 0.0825668
0 0.736863 0.43962 0.0468045 0.0457102
2 0.0921803 0.270946 0.0820554 0.0418821
3 0.602967 0.368688 0.0348546 0.0296755
3 0.197819 0.287554 0.0343369 0.0265185
3 0.931319 0.572284 0.114192 0.0572836
0 0.663047 0.379134 0.042729 0.0468946
2 0.250703 0.227571 0.0657261 0.028904
3 0.934895 0.562138 0.123252 0.0757745
0 0.944279 0.545517 0.102513 0.0663305
5 0.395684 0.271017 0.124872 0.0832159
2 0.311036 0.257148 0.0554147 0.0389358
0 0.547044 0.381424 0.0486128 0.0471029
3 0.689453 0.502699 0.0628811 0.0438641
2 0.0884343 0.218238 0.0590204 0.0297456
3 0.737556 0.460849 0.0533752 0.0470612
0 0.199123 0.278436 0.032699 0.0394126
5 0.189783 0.171622 0.057674 0.0428164
0 0.491058 0.282714 0.0345508 0.0443541
3 0.719434 0.379525 0.0320387 0.0352301
0 0.928681 0.546215 0.0785102 0.0679484
3 0.600812 0.357275 0.0394266 0.0490648
2 0.202427 0.199776 0.0503971 0.037297
2 0.0884808 0.247528 0.0732629 0.0284837
0 0.600365 0.356098 0.0415922 0.0497609
3 0.0150543 0.279491 0.0293915 0.0301464
7 0.189397 0.171507 0.0572701 0.0423489
7 0.129266 0.150348 0.0523533 0.0302527
0 0.616092 0.327186 0.0366653 0.0407781
0 0.569873 0.276535 0.0235874 0.0377678
2 0.189848 0.171597 0.0557822 0.0421885
2 0.124018 0.241444 0.029455 0.0274292
2 0.129147 0.150771 0.0516926 0.0288357
2 0.119046 0.207499 0.0467942 0.0309898
5 0.194573 0.407435 0.253004 0.187914
2 0.420446 0.365514 0.145704 0.0691789
2 0.480897 0.334784 0.127375 0.0550735
3 0.667296 0.393265 0.0523392 0.0392427
0 0.691274 0.477366 0.0612072 0.0570341
3 0.547312 0.395488 0.0500415 0.0435372
7 0.396133 0.271213 0.126423 0.0825668
0 0.736863 0.43962 0.0468045 0.0457102
2 0.0921803 0.270946 0.0820554 0.0418821
3 0.602967 0.368688 0.0348546 0.0296755
3 0.197819 0.287554 0.0343369 0.0265185
3 0.931319 0.572284 0.114192 0.0572836
0 0.663047 0.379134 0.042729 0.0468946
2 0.250703 0.227571 0.0657261 0.028904
3 0.934895 0.562138 0.123252 0.0757745
0 0.944279 0.545517 0.102513 0.0663305
5 0.395684 0.271017 0.124872 0.0832159
2 0.311036 0.257148 0.0554147 0.0389358
0 0.547044 0.381424 0.0486128 0.0471029
3 0.689453 0.502699 0.0628811 0.0438641
2 0.0884343 0.218238 0.0590204 0.0297456
3 0.737556 0.460849 0.0533752 0.0470612
0 0.199123 0.278436 0.032699 0.0394126
5 0.189783 0.171622 0.057674 0.0428164
0 0.491058 0.282714 0.0345508 0.0443541
3 0.719434 0.379525 0.0320387 0.0352301
0 0.928681 0.546215 0.0785102 0.0679484
3 0.600812 0.357275 0.0394266 0.0490648
2 0.202427 0.199776 0.0503971 0.037297
2 0.0884808 0.247528 0.0732629 0.0284837
0 0.600365 0.356098 0.0415922 0.0497609
3 0.0150543 0.279491 0.0293915 0.0301464
7 0.189397 0.171507 0.0572701 0.0423489
7 0.129266 0.150348 0.0523533 0.0302527
0 0.616092 0.327186 0.0366653 0.0407781
0 0.569873 0.276535 0.0235874 0.0377678
2 0.189848 0.171597 0.0557822 0.0421885
2 0.124018 0.241444 0.029455 0.0274292
2 0.129147 0.150771 0.0516926 0.0288357
2 0.119046 0.207499 0.0467942 0.0309898
5 0.194573 0.407435 0.253004 0.187914
2 0.420446 0.365514 0.145704 0.0691789
2 0.480897 0.334784 0.127375 0.0550735
3 0.667296 0.393265 0.0523392 0.0392427
0 0.691274 0.477366 0.0612072 0.0570341
3 0.547312 0.395488 0.0500415 0.0435372
7 0.396133 0.271213 0.126423 0.0825668
0 0.736863 0.43962 0.0468045 0.0457102
2 0.0921803 0.270946 0.0820554 0.0418821
3 0.602967 0.368688 0.0348546 0.0296755
3 0.197819 0.287554 0.0343369 0.0265185
3 0.931319 0.572284 0.114192 0.0572836
0 0.663047 0.379134 0.042729 0.0468946
2 0.250703 0.227571 0.0657261 0.028904
3 0.934895 0.562138 0.123252 0.0757745
0 0.944279 0.545517 0.102513 0.0663305
5 0.395684 0.271017 0.124872 0.0832159
2 0.311036 0.257148 0.0554147 0.0389358
0 0.547044 0.381424 0.0486128 0.0471029
3 0.689453 0.502699 0.0628811 0.0438641
2 0.0884343 0.218238 0.0590204 0.0297456
3 0.737556 0.460849 0.0533752 0.0470612
0 0.199123 0.278436 0.032699 0.0394126
5 0.189783 0.171622 0.057674 0.0428164
0 0.491058 0.282714 0.0345508 0.0443541
3 0.719434 0.379525 0.0320387 0.0352301
0 0.928681 0.546215 0.0785102 0.0679484
3 0.600812 0.357275 0.0394266 0.0490648
2 0.202427 0.199776 0.0503971 0.037297
2 0.0884808 0.247528 0.0732629 0.0284837
0 0.600365 0.356098 0.0415922 0.0497609
3 0.0150543 0.279491 0.0293915 0.0301464
7 0.189397 0.171507 0.0572701 0.0423489
7 0.129266 0.150348 0.0523533 0.0302527
0 0.616092 0.327186 0.0366653 0.0407781
0 0.569873 0.276535 0.0235874 0.0377678
2 0.189848 0.171597 0.0557822 0.0421885
2 0.124018 0.241444 0.029455 0.0274292
2 0.129147 0.150771 0.0516926 0.0288357
2 0.119046 0.207499 0.0467942 0.0309898
5 0.194573 0.407435 0.253004 0.187914
2 0.420446 0.365514 0.145704 0.0691789
2 0.480897 0.334784 0.127375 0.0550735
3 0.667296 0.393265 0.0523392 0.0392427
0 0.691274 0.477366 0.0612072 0.0570341
3 0.547312 0.395488 0.0500415 0.0435372
7 0.396133 0.271213 0.126423 0.0825668
0 0.736863 0.43962 0.0468045 0.0457102
2 0.0921803 0.270946 0.0820554 0.0418821
3 0.602967 0.368688 0.0348546 0.0296755
3 0.197819 0.287554 0.0343369 0.0265185
3 0.931319 0.572284 0.114192 0.0572836
0 0.663047 0.379134 0.042729 0.0468946
2 0.250703 0.227571 0.0657261 0.028904
3 0.934895 0.562138 0.123252 0.0757745
0 0.944279 0.545517 0.102513 0.0663305
5 0.395684 0.271017 0.124872 0.0832159
2 0.311036 0.257148 0.0554147 0.0389358
0 0.547044 0.381424 0.0486128 0.0471029
3 0.689453 0.502699 0.0628811 0.0438641
2 0.0884343 0.218238 0.0590204 0.0297456
3 0.737556 0.460849 0.0533752 0.0470612
0 0.199123 0.278436 0.032699 0.0394126
5 0.189783 0.171622 0.057674 0.0428164
0 0.491058 0.282714 0.0345508 0.0443541
3 0.719434 0.379525 0.0320387 0.0352301
0 0.928681 0.546215 0.0785102 0.0679484
3 0.600812 0.357275 0.0394266 0.0490648
2 0.202427 0.199776 0.0503971 0.037297
2 0.0884808 0.247528 0.0732629 0.0284837
0 0.600365 0.356098 0.0415922 0.0497609
3 0.0150543 0.279491 0.0293915 0.0301464
7 0.189397 0.171507 0.0572701 0.0423489
7 0.129266 0.150348 0.0523533 0.0302527
0 0.616092 0.327186 0.0366653 0.0407781
0 0.569873 0.276535 0.0235874 0.0377678
2 0.189848 0.171597 0.0557822 0.0421885
2 0.124018 0.241444 0.029455 0.0274292
2 0.129147 0.150771 0.0516926 0.0288357
2 0.119046 0.207499 0.0467942 0.0309898
5 0.194573 0.407435 0.253004 0.187914
2 0.420446 0.365514 0.145704 0.0691789
2 0.480897 0.334784 0.127375 0.0550735
3 0.667296 0.393265 0.0523392 0.0392427
0 0.691274 0.477366 0.0612072 0.0570341
3 0.547312 0.395488 0.0500415 0.0435372
7 0.396133 0.271213 0.126423 0.0825668
0 0.736863 0.43962 0.0468045 0.0457102
2 0.0921803 0.270946 0.0820554 0.0418821
3 0.602967 0.368688 0.0348546 0.0296755
3 0.197819 0.287554 0.0343369 0.0265185
3 0.931319 0.572284 0.114192 0.0572836
0 0.663047 0.379134 0.042729 0.0468946
2 0.250703 0.227571 0.0657261 0.028904
3 0.934895 0.562138 0.123252 0.0757745
0 0.944279 0.545517 0.102513 0.0663305
5 0.395684 0.271017 0.124872 0.0832159
2 0.311036 0.257148 0.0554147 0.0389358
0 0.547044 0.381424 0.0486128 0.0471029
3 0.689453 0.502699 0.0628811 0.0438641
2 0.0884343 0.218238 0.0590204 0.0297456
3 0.737556 0.460849 0.0533752 0.0470612
0 0.199123 0.278436 0.032699 0.0394126
5 0.189783 0.171622 0.057674 0.0428164
0 0.491058 0.282714 0.0345508 0.0443541
3 0.719434 0.379525 0.0320387 0.0352301
0 0.928681 0.546215 0.0785102 0.0679484
3 0.600812 0.357275 0.0394266 0.0490648
2 0.202427 0.199776 0.0503971 0.037297
2 0.0884808 0.247528 0.0732629 0.0284837
0 0.600365 0.356098 0.0415922 0.0497609
3 0.0150543 0.279491 0.0293915 0.0301464
7 0.189397 0.171507 0.0572701 0.0423489
7 0.129266 0.150348 0.0523533 0.0302527
0 0.616092 0.327186 0.0366653 0.0407781
0 0.569873 0.276535 0.0235874 0.0377678
2 0.189848 0.171597 0.0557822 0.0421885
2 0.124018 0.241444 0.029455 0.0274292
2 0.129147 0.150771 0.0516926 0.0288357
2 0.119046 0.207499 0.0467942 0.0309898
5 0.194573 0.407435 0.253004 0.187914
2 0.420446 0.365514 0.145704 0.0691789
2 0.480897 0.334784 0.127375 0.0550735
3 0.667296 0.393265 0.0523392 0.0392427
0 0.691274 0.477366 0.0612072 0.0570341
3 0.547312 0.395488 0.0500415 0.0435372
7 0.396133 0.271213 0.126423 0.0825668
0 0.736863 0.43962 0.0468045 0.0457102
2 0.0921803 0.270946 0.0820554 0.0418821
3 0.602967 0.368688 0.0348546 0.0296755
3 0.197819 0.287554 0.0343369 0.0265185
3 0.931319 0.572284 0.114192 0.0572836
0 0.663047 0.379134 0.042729 0.0468946
2 0.250703 0.227571 0.0657261 0.028904
3 0.934895 0.562138 0.123252 0.0757745
0 0.944279 0.545517 0.102513 0.0663305
5 0.395684 0.271017 0.124872 0.0832159
2 0.311036 0.257148 0.0554147 0.0389358
0 0.547044 0.381424 0.0486128 0.0471029
3 0.689453 0.502699 0.0628811 0.0438641
2 0.0884343 0.218238 0.0590204 0.0297456
3 0.737556 0.460849 0.0533752 0.0470612
0 0.199123 0.278436 0.032699 0.0394126
5 0.189783 0.171622 0.057674 0.0428164
0 0.491058 0.282714 0.0345508 0.0443541
3 0.719434 0.379525 0.0320387 0.0352301
0 0.928681 0.546215 0.0785102 0.0679484
3 0.600812 0.357275 0.0394266 0.0490648
2 0.202427 0.199776 0.0503971 0.037297
2 0.0884808 0.247528 0.0732629 0.0284837
0 0.600365 0.356098 0.0415922 0.0497609
3 0.0150543 0.279491 0.0293915 0.0301464
7 0.189397 0.171507 0.0572701 0.0423489
7 0.129266 0.150348 0.0523533 0.0302527
0 0.616092 0.327186 0.0366653 0.0407781
0 0.569873 0.276535 0.0235874 0.0377678
2 0.189848 0.171597 0.0557822 0.0421885
2 0.124018 0.241444 0.029455 0.0274292
2 0.129147 0.150771 0.0516926 0.0288357
2 0.119046 0.207499 0.0467942 0.0309898
5 0.194573 0.407435 0.253004 0.187914
2 0.420446 0.365514 0.145704 0.0691789
2 0.480897 0.334784 0.127375 0.0550735
3 0.667296 0.393265 0.0523392 0.0392427
0 0.691274 0.477366 0.0612072 0.0570341
3 0.547312 0.395488 0.0500415 0.0435372
7 0.396133 0.271213 0.126423 0.0825668
0 0.736863 0.43962 0.0468045 0.0457102
2 0.0921803 0.270946 0.0820554 0.0418821
3 0.602967 0.368688 0.0348546 0.0296755
3 0.197819 0.287554 0.0343369 0.0265185
3 0.931319 0.572284 0.114192 0.0572836
0 0.663047 0.379134 0.042729 0.0468946
2 0.250703 0.227571 0.0657261 0.028904
3 0.934895 0.562138 0.123252 0.0757745
0 0.944279 0.545517 0.102513 0.0663305
5 0.395684 0.271017 0.124872 0.0832159
2 0.311036 0.257148 0.0554147 0.0389358
0 0.547044 0.381424 0.0486128 0.0471029
3 0.689453 0.502699 0.0628811 0.0438641
2 0.0884343 0.218238 0.0590204 0.0297456
3 0.737556 0.460849 0.0533752 0.0470612
0 0.199123 0.278436 0.032699 0.0394126
5 0.189783 0.171622 0.057674 0.0428164
0 0.491058 0.282714 0.0345508 0.0443541
3 0.719434 0.379525 0.0320387 0.0352301
0 0.928681 0.546215 0.0785102 0.0679484
3 0.600812 0.357275 0.0394266 0.0490648
2 0.202427 0.199776 0.0503971 0.037297
2 0.0884808 0.247528 0.0732629 0.0284837
0 0.600365 0.356098 0.0415922 0.0497609
3 0.0150543 0.279491 0.0293915 0.0301464
7 0.189397 0.171507 0.0572701 0.0423489
7 0.129266 0.150348 0.0523533 0.0302527
0 0.616092 0.327186 0.0366653 0.0407781
0 0.569873 0.276535 0.0235874 0.0377678
2 0.189848 0.171597 0.0557822 0.0421885
2 0.124018 0.241444 0.029455 0.0274292
2 0.129147 0.150771 0.0516926 0.0288357
2 0.119046 0.207499 0.0467942 0.0309898
5 0.194573 0.407435 0.253004 0.187914
2 0.420446 0.365514 0.145704 0.0691789
2 0.480897 0.334784 0.127375 0.0550735
3 0.667296 0.393265 0.0523392 0.0392427
0 0.691274 0.477366 0.0612072 0.0570341
3 0.547312 0.395488 0.0500415 0.0435372
7 0.396133 0.271213 0.126423 0.0825668
0 0.736863 0.43962 0.0468045 0.0457102
2 0.0921803 0.270946 0.0820554 0.0418821
3 0.602967 0.368688 0.0348546 0.0296755
3 0.197819 0.287554 0.0343369 0.0265185
3 0.931319 0.572284 0.114192 0.0572836
0 0.663047 0.379134 0.042729 0.0468946
2 0.250703 0.227571 0.0657261 0.028904
3 0.934895 0.562138 0.123252 0.0757745
0 0.944279 0.545517 0.102513 0.0663305
5 0.395684 0.271017 0.124872 0.0832159
2 0.311036 0.257148 0.0554147 0.0389358
0 0.547044 0.381424 0.0486128 0.0471029
3 0.689453 0.502699 0.0628811 0.0438641
2 0.0884343 0.218238 0.0590204 0.0297456
3 0.737556 0.460849 0.0533752 0.0470612
0 0.199123 0.278436 0.032699 0.0394126
5 0.189783 0.171622 0.057674 0.0428164
0 0.491058 0.282714 0.0345508 0.0443541
3 0.719434 0.379525 0.0320387 0.0352301
0 0.928681 0.546215 0.0785102 0.0679484
3 0.600812 0.357275 0.0394266 0.0490648
2 0.202427 0.199776 0.0503971 0.037297
2 0.0884808 0.247528 0.0732629 0.0284837
0 0.600365 0.356098 0.0415922 0.0497609
3 0.0150543 0.279491 0.0293915 0.0301464
7 0.189397 0.171507 0.0572701 0.0423489
7 0.129266 0.150348 0.0523533 0.0302527
0 0.616092 0.327186 0.0366653 0.0407781
0 0.569873 0.276535 0.0235874 0.0377678
2 0.189848 0.171597 0.0557822 0.0421885
2 0.124018 0.241444 0.029455 0.0274292
2 0.129147 0.150771 0.0516926 0.0288357
2 0.119046 0.207499 0.0467942 0.0309898
5 0.194573 0.407435 0.253004 0.187914
2 0.420446 0.365514 0.145704 0.0691789
2 0.480897 0.334784 0.127375 0.0550735
3 0.667296 0.393265 0.0523392 0.0392427
0 0.691274 0.477366 0.0612072 0.0570341
3 0.547312 0.395488 0.0500415 0.0435372
7 0.396133 0.271213 0.126423 0.0825668
0 0.736863 0.43962 0.0468045 0.0457102
2 0.0921803 0.270946 0.0820554 0.0418821
3 0.602967 0.368688 0.0348546 0.0296755
3 0.197819 0.287554 0.0343369 0.0265185
3 0.931319 0.572284 0.114192 0.0572836
0 0.663047 0.379134 0.042729 0.0468946
2 0.250703 0.227571 0.0657261 0.028904
3 0.934895 0.562138 0.123252 0.0757745
0 0.944279 0.545517 0.102513 0.0663305
5 0.395684 0.271017 0.124872 0.0832159
2 0.311036 0.257148 0.0554147 0.0389358
0 0.547044 0.381424 0.0486128 0.0471029
3 0.689453 0.502699 0.0628811 0.0438641
2 0.0884343 0.218238 0.0590204 0.0297456
3 0.737556 0.460849 0.0533752 0.0470612
0 0.199123 0.278436 0.032699 0.0394126
5 0.189783 0.171622 0.057674 0.0428164
0 0.491058 0.282714 0.0345508 0.0443541
3 0.719434 0.379525 0.0320387 0.0352301
0 0.928681 0.546215 0.0785102 0.0679484
3 0.600812 0.357275 0.0394266 0.0490648
2 0.202427 0.199776 0.0503971 0.037297
2 0.0884808 0.247528 0.0732629 0.0284837
0 0.600365 0.356098 0.0415922 0.0497609
3 0.0150543 0.279491 0.0293915 0.0301464
7 0.189397 0.171507 0.0572701 0.0423489
7 0.129266 0.150348 0.0523533 0.0302527
0 0.616092 0.327186 0.0366653 0.0407781
0 0.569873 0.276535 0.0235874 0.0377678
2 0.189848 0.171597 0.0557822 0.0421885
2 0.124018 0.241444 0.029455 0.0274292
2 0.129147 0.150771 0.0516926 0.0288357
2 0.119046 0.207499 0.0467942 0.0309898
5 0.194573 0.407435 0.253004 0.187914
2 0.420446 0.365514 0.145704 0.0691789
2 0.480897 0.334784 0.127375 0.0550735
3 0.667296 0.393265 0.0523392 0.0392427
0 0.691274 0.477366 0.0612072 0.0570341
3 0.547312 0.395488 0.0500415 0.0435372
7 0.396133 0.271213 0.126423 0.0825668
0 0.736863 0.43962 0.0468045 0.0457102
2 0.0921803 0.270946 0.0820554 0.0418821
3 0.602967 0.368688 0.0348546 0.0296755
3 0.197819 0.287554 0.0343369 0.0265185
3 0.931319 0.572284 0.114192 0.0572836
0 0.663047 0.379134 0.042729 0.0468946
2 0.250703 0.227571 0.0657261 0.028904
3 0.934895 0.562138 0.123252 0.0757745
0 0.944279 0.545517 0.102513 0.0663305
5 0.395684 0.271017 0.124872 0.0832159
2 0.311036 0.257148 0.0554147 0.0389358
0 0.547044 0.381424 0.0486128 0.0471029
3 0.689453 0.502699 0.0628811 0.0438641
2 0.0884343 0.218238 0.0590204 0.0297456
3 0.737556 0.460849 0.0533752 0.0470612
0 0.199123 0.278436 0.032699 0.0394126
5 0.189783 0.171622 0.057674 0.0428164
0 0.491058 0.282714 0.0345508 0.0443541
3 0.719434 0.379525 0.0320387 0.0352301
0 0.928681 0.546215 0.0785102 0.0679484
3 0.600812 0.357275 0.0394266 0.0490648
2 0.202427 0.199776 0.0503971 0.037297
2 0.0884808 0.247528 0.0732629 0.0284837
0 0.600365 0.356098 0.0415922 0.0497609
3 0.0150543 0.279491 0.0293915 0.0301464
7 0.189397 0.171507 0.0572701 0.0423489
7 0.129266 0.150348 0.0523533 0.0302527
0 0.616092 0.327186 0.0366653 0.0407781
0 0.569873 0.276535 0.0235874 0.0377678
2 0.189848 0.171597 0.0557822 0.0421885
2 0.124018 0.241444 0.029455 0.0274292
2 0.129147 0.150771 0.0516926 0.0288357
2 0.119046 0.207499 0.0467942 0.0309898
