2 0.722862 0.459362 0.181288 0.0803749
7 0.592394 0.370553 0.175733 0.117002
2 0.454651 0.346717 0.112277 0.0544135
0 0.856738 0.514914 0.0641368 0.0638742
2 0.367495 0.309771 0.103833 0.0486143
3 0.0308431 0.484224 0.0606887 0.0553737
5 0.262072 0.211031 0.090466 0.0532511
3 0.855286 0.536131 0.079345 0.0547407
3 0.168699 0.404405 0.0493722 0.0444876
0 0.169224 0.385123 0.0474362 0.0502928
2 0.326607 0.266211 0.0860869 0.0392885
0 0.453773 0.425358 0.0492243 0.0493175
5 0.107714 0.268296 0.134296 0.112825
3 0.335266 0.351274 0.0324312 0.0284065
0 0.334523 0.337481 0.0326528 0.0360816
3 0.457122 0.445278 0.0465076 0.0407961
3 0.443038 0.263274 0.0306031 0.0233423
7 0.107818 0.268814 0.134174 0.111355
0 0.0261135 0.4638 0.0474432 0.0499615
3 0.39938 0.260427 0.0323244 0.0316619
3 0.722965 0.376393 0.0349235 0.0423175
0 0.79564 0.356461 0.0248199 0.0350538
0 0.527324 0.263914 0.0238337 0.036856
2 0.309776 0.244027 0.0730892 0.0298849
7 0.262392 0.211584 0.0894482 0.0533535
0 0.0257879 0.452531 0.0457354 0.0269169
2 0.135495 0.197536 0.0435344 0.0227138
2 0.102183 0.207247 0.0480615 0.0162167
0 0.44156 0.256772 0.0306679 0.0351133
0 0.440173 0.250034 0.0256101 0.0236334
2 0.722862 0.459362 0.181288 0.0803749
7 0.592394 0.370553 0.175733 0.117002
2 0.454651 0.346717 0.112277 0.0544135
0 0.856738 0.514914 0.0641368 0.0638742
2 0.367495 0.309771 0.103833 0.0486143
3 0.0308431 0.484224 0.0606887 0.0553737
5 0.262072 0.211031 0.090466 0.0532511
3 0.855286 0.536131 0.079345 0.0547407
3 0.168699 0.404405 0.0493722 0.0444876
0 0.169224 0.385123 0.0474362 0.0502928
2 0.326607 0.266211 0.0860869 0.0392885
0 0.453773 0.425358 0.0492243 0.0493175
5 0.107714 0.268296 0.134296 0.112825
3 0.335266 0.351274 0.0324312 0.0284065
0 0.334523 0.337481 0.0326528 0.0360816
3 0.457122 0.445278 0.0465076 0.0407961
3 0.443038 0.263274 0.0306031 0.0233423
7 0.107818 0.268814 0.134174 0.111355
0 0.0261135 0.4638 0.0474432 0.0499615
3 0.39938 0.260427 0.0323244 0.0316619
3 0.722965 0.376393 0.0349235 0.0423175
0 0.79564 0.356461 0.0248199 0.0350538
0 0.527324 0.263914 0.0238337 0.036856
2 0.309776 0.244027 0.0730892 0.0298849
7 0.262392 0.211584 0.0894482 0.0533535
0 0.0257879 0.452531 0.0457354 0.0269169
2 0.135495 0.197536 0.0435344 0.0227138
2 0.102183 0.207247 0.0480615 0.0162167
0 0.44156 0.256772 0.0306679 0.0351133
0 0.440173 0.250034 0.0256101 0.0236334
2 0.722862 0.459362 0.181288 0.0803749
7 0.592394 0.370553 0.175733 0.117002
2 0.454651 0.346717 0.112277 0.0544135
0 0.856738 0.514914 0.0641368 0.0638742
2 0.367495 0.309771 0.103833 0.0486143
3 0.0308431 0.484224 0.0606887 0.0553737
5 0.262072 0.211031 0.090466 0.0532511
3 0.855286 0.536131 0.079345 0.0547407
3 0.168699 0.404405 0.0493722 0.0444876
0 0.169224 0.385123 0.0474362 0.0502928
2 0.326607 0.266211 0.0860869 0.0392885
0 0.453773 0.425358 0.0492243 0.0493175
5 0.107714 0.268296 0.134296 0.112825
3 0.335266 0.351274 0.0324312 0.0284065
0 0.334523 0.337481 0.0326528 0.0360816
3 0.457122 0.445278 0.0465076 0.0407961
3 0.443038 0.263274 0.0306031 0.0233423
7 0.107818 0.268814 0.134174 0.111355
0 0.0261135 0.4638 0.0474432 0.0499615
3 0.39938 0.260427 0.0323244 0.0316619
3 0.722965 0.376393 0.0349235 0.0423175
0 0.79564 0.356461 0.0248199 0.0350538
0 0.527324 0.263914 0.0238337 0.036856
2 0.309776 0.244027 0.0730892 0.0298849
7 0.262392 0.211584 0.0894482 0.0533535
0 0.0257879 0.452531 0.0457354 0.0269169
2 0.135495 0.197536 0.0435344 0.0227138
2 0.102183 0.207247 0.0480615 0.0162167
0 0.44156 0.256772 0.0306679 0.0351133
0 0.440173 0.250034 0.0256101 0.0236334
2 0.722862 0.459362 0.181288 0.0803749
7 0.592394 0.370553 0.175733 0.117002
2 0.454651 0.346717 0.112277 0.0544135
0 0.856738 0.514914 0.0641368 0.0638742
2 0.367495 0.309771 0.103833 0.0486143
3 0.0308431 0.484224 0.0606887 0.0553737
5 0.262072 0.211031 0.090466 0.0532511
3 0.855286 0.536131 0.079345 0.0547407
3 0.168699 0.404405 0.0493722 0.0444876
0 0.169224 0.385123 0.0474362 0.0502928
2 0.326607 0.266211 0.0860869 0.0392885
0 0.453773 0.425358 0.0492243 0.0493175
5 0.107714 0.268296 0.134296 0.112825
3 0.335266 0.351274 0.0324312 0.0284065
0 0.334523 0.337481 0.0326528 0.0360816
3 0.457122 0.445278 0.0465076 0.0407961
3 0.443038 0.263274 0.0306031 0.0233423
7 0.107818 0.268814 0.134174 0.111355
0 0.0261135 0.4638 0.0474432 0.0499615
3 0.39938 0.260427 0.0323244 0.0316619
3 0.722965 0.376393 0.0349235 0.0423175
0 0.79564 0.356461 0.0248199 0.0350538
0 0.527324 0.263914 0.0238337 0.036856
2 0.309776 0.244027 0.0730892 0.0298849
7 0.262392 0.211584 0.0894482 0.0533535
0 0.0257879 0.452531 0.0457354 0.0269169
2 0.135495 0.197536 0.0435344 0.0227138
2 0.102183 0.207247 0.0480615 0.0162167
0 0.44156 0.256772 0.0306679 0.0351133
0 0.440173 0.250034 0.0256101 0.0236334
2 0.722862 0.459362 0.181288 0.0803749
7 0.592394 0.370553 0.175733 0.117002
2 0.454651 0.346717 0.112277 0.0544135
0 0.856738 0.514914 0.0641368 0.0638742
2 0.367495 0.309771 0.103833 0.0486143
3 0.0308431 0.484224 0.0606887 0.0553737
5 0.262072 0.211031 0.090466 0.0532511
3 0.855286 0.536131 0.079345 0.0547407
3 0.168699 0.404405 0.0493722 0.0444876
0 0.169224 0.385123 0.0474362 0.0502928
2 0.326607 0.266211 0.0860869 0.0392885
0 0.453773 0.425358 0.0492243 0.0493175
5 0.107714 0.268296 0.134296 0.112825
3 0.335266 0.351274 0.0324312 0.0284065
0 0.334523 0.337481 0.0326528 0.0360816
3 0.457122 0.445278 0.0465076 0.0407961
3 0.443038 0.263274 0.0306031 0.0233423
7 0.107818 0.268814 0.134174 0.111355
0 0.0261135 0.4638 0.0474432 0.0499615
3 0.39938 0.260427 0.0323244 0.0316619
3 0.722965 0.376393 0.0349235 0.0423175
0 0.79564 0.356461 0.0248199 0.0350538
0 0.527324 0.263914 0.0238337 0.036856
2 0.309776 0.244027 0.0730892 0.0298849
7 0.262392 0.211584 0.0894482 0.0533535
0 0.0257879 0.452531 0.0457354 0.0269169
2 0.135495 0.197536 0.0435344 0.0227138
2 0.102183 0.207247 0.0480615 0.0162167
0 0.44156 0.256772 0.0306679 0.0351133
0 0.440173 0.250034 0.0256101 0.0236334
2 0.722862 0.459362 0.181288 0.0803749
7 0.592394 0.370553 0.175733 0.117002
2 0.454651 0.346717 0.112277 0.0544135
0 0.856738 0.514914 0.0641368 0.0638742
2 0.367495 0.309771 0.103833 0.0486143
3 0.0308431 0.484224 0.0606887 0.0553737
5 0.262072 0.211031 0.090466 0.0532511
3 0.855286 0.536131 0.079345 0.0547407
3 0.168699 0.404405 0.0493722 0.0444876
0 0.169224 0.385123 0.0474362 0.0502928
2 0.326607 0.266211 0.0860869 0.0392885
0 0.453773 0.425358 0.0492243 0.0493175
5 0.107714 0.268296 0.134296 0.112825
3 0.335266 0.351274 0.0324312 0.0284065
0 0.334523 0.337481 0.0326528 0.0360816
3 0.457122 0.445278 0.0465076 0.0407961
3 0.443038 0.263274 0.0306031 0.0233423
7 0.107818 0.268814 0.134174 0.111355
0 0.0261135 0.4638 0.0474432 0.0499615
3 0.39938 0.260427 0.0323244 0.0316619
3 0.722965 0.376393 0.0349235 0.0423175
0 0.79564 0.356461 0.0248199 0.0350538
0 0.527324 0.263914 0.0238337 0.036856
2 0.309776 0.244027 0.0730892 0.0298849
7 0.262392 0.211584 0.0894482 0.0533535
0 0.0257879 0.452531 0.0457354 0.0269169
2 0.135495 0.197536 0.0435344 0.0227138
2 0.102183 0.207247 0.0480615 0.0162167
0 0.44156 0.256772 0.0306679 0.0351133
0 0.440173 0.250034 0.0256101 0.0236334
