5 0.182194 0.387998 0.239358 0.176233
2 0.520156 0.353692 0.132218 0.0589832
2 0.459347 0.390298 0.15925 0.07106
5 0.42591 0.286317 0.139305 0.089661
0 0.654276 0.401376 0.046372 0.0489235
2 0.100524 0.259951 0.0759328 0.0415573
3 0.654052 0.419076 0.0384915 0.038081
0 0.749185 0.432311 0.0514308 0.0511991
0 0.557215 0.426581 0.0530977 0.0487362
0 0.537918 0.307151 0.0373274 0.0373891
3 0.0195285 0.312423 0.0344665 0.0341277
2 0.339234 0.271147 0.0455743 0.0414671
0 0.933037 0.507823 0.0684896 0.0617076
0 0.287592 0.274122 0.0293791 0.0400548
3 0.556297 0.445414 0.0529227 0.0476782
3 0.755677 0.45019 0.0486459 0.0422756
3 0.722984 0.377956 0.0347639 0.0418529
0 0.639218 0.338751 0.0293851 0.0456277
0 0.0216479 0.299196 0.0379978 0.0432507
3 0.935858 0.529818 0.0811149 0.049193
2 0.277173 0.239469 0.0733579 0.0323399
5 0.135158 0.146854 0.046625 0.0293875
3 0.61813 0.364092 0.0386661 0.0308192
2 0.0918839 0.232001 0.061094 0.0202653
5 0.201028 0.179334 0.0617311 0.0408343
3 0.615531 0.358729 0.044527 0.0406945
2 0.135008 0.200653 0.0441894 0.0294509
2 0.0989647 0.210342 0.0576312 0.0278219
0 0.593203 0.334456 0.0355131 0.0325505
2 0.0941291 0.221686 0.0638854 0.0212198
2 0.0951764 0.217306 0.0643287 0.0238767
0 0.592438 0.338079 0.0430898 0.0417435
7 0.200596 0.17953 0.0614196 0.0451271
7 0.135097 0.147166 0.0465029 0.0289103
2 0.216001 0.21949 0.032631 0.0182207
2 0.252792 0.277665 0.0636782 0.0291589
2 0.0867437 0.15231 0.0299593 0.0127116
3 0.0204879 0.306434 0.0368398 0.0459991
5 0.182194 0.387998 0.239358 0.176233
2 0.520156 0.353692 0.132218 0.0589832
2 0.459347 0.390298 0.15925 0.07106
5 0.42591 0.286317 0.139305 0.089661
0 0.654276 0.401376 0.046372 0.0489235
2 0.100524 0.259951 0.0759328 0.0415573
3 0.654052 0.419076 0.0384915 0.038081
0 0.749185 0.432311 0.0514308 0.0511991
0 0.557215 0.426581 0.0530977 0.0487362
0 0.537918 0.307151 0.0373274 0.0373891
3 0.0195285 0.312423 0.0344665 0.0341277
2 0.339234 0.271147 0.0455743 0.0414671
0 0.933037 0.507823 0.0684896 0.0617076
0 0.287592 0.274122 0.0293791 0.0400548
3 0.556297 0.445414 0.0529227 0.0476782
3 0.755677 0.45019 0.0486459 0.0422756
3 0.722984 0.377956 0.0347639 0.0418529
0 0.639218 0.338751 0.0293851 0.0456277
0 0.0216479 0.299196 0.0379978 0.0432507
3 0.935858 0.529818 0.0811149 0.049193
2 0.277173 0.239469 0.0733579 0.0323399
5 0.135158 0.146854 0.046625 0.0293875
3 0.61813 0.364092 0.0386661 0.0308192
2 0.0918839 0.232001 0.061094 0.0202653
5 0.201028 0.179334 0.0617311 0.0408343
3 0.615531 0.358729 0.044527 0.0406945
2 0.135008 0.200653 0.0441894 0.0294509
2 0.0989647 0.210342 0.0576312 0.0278219
0 0.593203 0.334456 0.0355131 0.0325505
2 0.0941291 0.221686 0.0638854 0.0212198
2 0.0951764 0.217306 0.0643287 0.0238767
0 0.592438 0.338079 0.0430898 0.0417435
7 0.200596 0.17953 0.0614196 0.0451271
7 0.135097 0.147166 0.0465029 0.0289103
2 0.216001 0.21949 0.032631 0.0182207
2 0.252792 0.277665 0.0636782 0.0291589
2 0.0867437 0.15231 0.0299593 0.0127116
3 0.0204879 0.306434 0.0368398 0.0459991
5 0.182194 0.387998 0.239358 0.176233
2 0.520156 0.353692 0.132218 0.0589832
2 0.459347 0.390298 0.15925 0.07106
5 0.42591 0.286317 0.139305 0.089661
0 0.654276 0.401376 0.046372 0.0489235
2 0.100524 0.259951 0.0759328 0.0415573
3 0.654052 0.419076 0.0384915 0.038081
0 0.749185 0.432311 0.0514308 0.0511991
0 0.557215 0.426581 0.0530977 0.0487362
0 0.537918 0.307151 0.0373274 0.0373891
3 0.0195285 0.312423 0.0344665 0.0341277
2 0.339234 0.271147 0.0455743 0.0414671
0 0.933037 0.507823 0.0684896 0.0617076
0 0.287592 0.274122 0.0293791 0.0400548
3 0.556297 0.445414 0.0529227 0.0476782
3 0.755677 0.45019 0.0486459 0.0422756
3 0.722984 0.377956 0.0347639 0.0418529
0 0.639218 0.338751 0.0293851 0.0456277
0 0.0216479 0.299196 0.0379978 0.0432507
3 0.935858 0.529818 0.0811149 0.049193
2 0.277173 0.239469 0.0733579 0.0323399
5 0.135158 0.146854 0.046625 0.0293875
3 0.61813 0.364092 0.0386661 0.0308192
2 0.0918839 0.232001 0.061094 0.0202653
5 0.201028 0.179334 0.0617311 0.0408343
3 0.615531 0.358729 0.044527 0.0406945
2 0.135008 0.200653 0.0441894 0.0294509
2 0.0989647 0.210342 0.0576312 0.0278219
0 0.593203 0.334456 0.0355131 0.0325505
2 0.0941291 0.221686 0.0638854 0.0212198
2 0.0951764 0.217306 0.0643287 0.0238767
0 0.592438 0.338079 0.0430898 0.0417435
7 0.200596 0.17953 0.0614196 0.0451271
7 0.135097 0.147166 0.0465029 0.0289103
2 0.216001 0.21949 0.032631 0.0182207
2 0.252792 0.277665 0.0636782 0.0291589
2 0.0867437 0.15231 0.0299593 0.0127116
3 0.0204879 0.306434 0.0368398 0.0459991
5 0.182194 0.387998 0.239358 0.176233
2 0.520156 0.353692 0.132218 0.0589832
2 0.459347 0.390298 0.15925 0.07106
5 0.42591 0.286317 0.139305 0.089661
0 0.654276 0.401376 0.046372 0.0489235
2 0.100524 0.259951 0.0759328 0.0415573
3 0.654052 0.419076 0.0384915 0.038081
0 0.749185 0.432311 0.0514308 0.0511991
0 0.557215 0.426581 0.0530977 0.0487362
0 0.537918 0.307151 0.0373274 0.0373891
3 0.0195285 0.312423 0.0344665 0.0341277
2 0.339234 0.271147 0.0455743 0.0414671
0 0.933037 0.507823 0.0684896 0.0617076
0 0.287592 0.274122 0.0293791 0.0400548
3 0.556297 0.445414 0.0529227 0.0476782
3 0.755677 0.45019 0.0486459 0.0422756
3 0.722984 0.377956 0.0347639 0.0418529
0 0.639218 0.338751 0.0293851 0.0456277
0 0.0216479 0.299196 0.0379978 0.0432507
3 0.935858 0.529818 0.0811149 0.049193
2 0.277173 0.239469 0.0733579 0.0323399
5 0.135158 0.146854 0.046625 0.0293875
3 0.61813 0.364092 0.0386661 0.0308192
2 0.0918839 0.232001 0.061094 0.0202653
5 0.201028 0.179334 0.0617311 0.0408343
3 0.615531 0.358729 0.044527 0.0406945
2 0.135008 0.200653 0.0441894 0.0294509
2 0.0989647 0.210342 0.0576312 0.0278219
0 0.593203 0.334456 0.0355131 0.0325505
2 0.0941291 0.221686 0.0638854 0.0212198
2 0.0951764 0.217306 0.0643287 0.0238767
0 0.592438 0.338079 0.0430898 0.0417435
7 0.200596 0.17953 0.0614196 0.0451271
7 0.135097 0.147166 0.0465029 0.0289103
2 0.216001 0.21949 0.032631 0.0182207
2 0.252792 0.277665 0.0636782 0.0291589
2 0.0867437 0.15231 0.0299593 0.0127116
3 0.0204879 0.306434 0.0368398 0.0459991
5 0.182194 0.387998 0.239358 0.176233
2 0.520156 0.353692 0.132218 0.0589832
2 0.459347 0.390298 0.15925 0.07106
5 0.42591 0.286317 0.139305 0.089661
0 0.654276 0.401376 0.046372 0.0489235
2 0.100524 0.259951 0.0759328 0.0415573
3 0.654052 0.419076 0.0384915 0.038081
0 0.749185 0.432311 0.0514308 0.0511991
0 0.557215 0.426581 0.0530977 0.0487362
0 0.537918 0.307151 0.0373274 0.0373891
3 0.0195285 0.312423 0.0344665 0.0341277
2 0.339234 0.271147 0.0455743 0.0414671
0 0.933037 0.507823 0.0684896 0.0617076
0 0.287592 0.274122 0.0293791 0.0400548
3 0.556297 0.445414 0.0529227 0.0476782
3 0.755677 0.45019 0.0486459 0.0422756
3 0.722984 0.377956 0.0347639 0.0418529
0 0.639218 0.338751 0.0293851 0.0456277
0 0.0216479 0.299196 0.0379978 0.0432507
3 0.935858 0.529818 0.0811149 0.049193
2 0.277173 0.239469 0.0733579 0.0323399
5 0.135158 0.146854 0.046625 0.0293875
3 0.61813 0.364092 0.0386661 0.0308192
2 0.0918839 0.232001 0.061094 0.0202653
5 0.201028 0.179334 0.0617311 0.0408343
3 0.615531 0.358729 0.044527 0.0406945
2 0.135008 0.200653 0.0441894 0.0294509
2 0.0989647 0.210342 0.0576312 0.0278219
0 0.593203 0.334456 0.0355131 0.0325505
2 0.0941291 0.221686 0.0638854 0.0212198
2 0.0951764 0.217306 0.0643287 0.0238767
0 0.592438 0.338079 0.0430898 0.0417435
7 0.200596 0.17953 0.0614196 0.0451271
7 0.135097 0.147166 0.0465029 0.0289103
2 0.216001 0.21949 0.032631 0.0182207
2 0.252792 0.277665 0.0636782 0.0291589
2 0.0867437 0.15231 0.0299593 0.0127116
3 0.0204879 0.306434 0.0368398 0.0459991
5 0.182194 0.387998 0.239358 0.176233
2 0.520156 0.353692 0.132218 0.0589832
2 0.459347 0.390298 0.15925 0.07106
5 0.42591 0.286317 0.139305 0.089661
0 0.654276 0.401376 0.046372 0.0489235
2 0.100524 0.259951 0.0759328 0.0415573
3 0.654052 0.419076 0.0384915 0.038081
0 0.749185 0.432311 0.0514308 0.0511991
0 0.557215 0.426581 0.0530977 0.0487362
0 0.537918 0.307151 0.0373274 0.0373891
3 0.0195285 0.312423 0.0344665 0.0341277
2 0.339234 0.271147 0.0455743 0.0414671
0 0.933037 0.507823 0.0684896 0.0617076
0 0.287592 0.274122 0.0293791 0.0400548
3 0.556297 0.445414 0.0529227 0.0476782
3 0.755677 0.45019 0.0486459 0.0422756
3 0.722984 0.377956 0.0347639 0.0418529
0 0.639218 0.338751 0.0293851 0.0456277
0 0.0216479 0.299196 0.0379978 0.0432507
3 0.935858 0.529818 0.0811149 0.049193
2 0.277173 0.239469 0.0733579 0.0323399
5 0.135158 0.146854 0.046625 0.0293875
3 0.61813 0.364092 0.0386661 0.0308192
2 0.0918839 0.232001 0.061094 0.0202653
5 0.201028 0.179334 0.0617311 0.0408343
3 0.615531 0.358729 0.044527 0.0406945
2 0.135008 0.200653 0.0441894 0.0294509
2 0.0989647 0.210342 0.0576312 0.0278219
0 0.593203 0.334456 0.0355131 0.0325505
2 0.0941291 0.221686 0.0638854 0.0212198
2 0.0951764 0.217306 0.0643287 0.0238767
0 0.592438 0.338079 0.0430898 0.0417435
7 0.200596 0.17953 0.0614196 0.0451271
7 0.135097 0.147166 0.0465029 0.0289103
2 0.216001 0.21949 0.032631 0.0182207
2 0.252792 0.277665 0.0636782 0.0291589
2 0.0867437 0.15231 0.0299593 0.0127116
3 0.0204879 0.306434 0.0368398 0.0459991
