2 0.922294 0.566266 0.153265 0.0834423
7 0.68148 0.435201 0.248336 0.140618
2 0.404038 0.342867 0.124508 0.055003
0 0.61331 0.588488 0.0716756 0.0676783
2 0.49667 0.383467 0.117393 0.0631438
0 0.0272353 0.686086 0.0544706 0.0662573
7 0.104956 0.257157 0.122672 0.088583
2 0.353403 0.289735 0.0981593 0.0466263
0 0.13813 0.37493 0.04637 0.0436262
3 0.450621 0.283421 0.0374646 0.036104
0 0.673531 0.34655 0.027889 0.0402288
5 0.302774 0.222177 0.128601 0.0672063
3 0.116277 0.322941 0.0378087 0.0321642
3 0.617728 0.620052 0.0597145 0.058206
3 0.141683 0.388635 0.0480493 0.0421653
0 0.115118 0.305725 0.0365013 0.0362137
2 0.360717 0.269171 0.0866529 0.0362493
0 0.748524 0.35824 0.0302731 0.0395796
2 0.114366 0.201734 0.0791635 0.0277207
0 0.798009 0.360766 0.0243939 0.0340955
0 0.196509 0.194919 0.028057 0.0334775
2 0.127456 0.184352 0.0420959 0.0133955
0 0.451142 0.28276 0.0371896 0.0385859
0 0.405082 0.234674 0.0220623 0.0306962
2 0.356804 0.281809 0.0972822 0.060057
0 0.711832 0.341415 0.033866 0.0386768
2 0.922294 0.566266 0.153265 0.0834423
7 0.68148 0.435201 0.248336 0.140618
2 0.404038 0.342867 0.124508 0.055003
0 0.61331 0.588488 0.0716756 0.0676783
2 0.49667 0.383467 0.117393 0.0631438
0 0.0272353 0.686086 0.0544706 0.0662573
7 0.104956 0.257157 0.122672 0.088583
2 0.353403 0.289735 0.0981593 0.0466263
0 0.13813 0.37493 0.04637 0.0436262
3 0.450621 0.283421 0.0374646 0.036104
0 0.673531 0.34655 0.027889 0.0402288
5 0.302774 0.222177 0.128601 0.0672063
3 0.116277 0.322941 0.0378087 0.0321642
3 0.617728 0.620052 0.0597145 0.058206
3 0.141683 0.388635 0.0480493 0.0421653
0 0.115118 0.305725 0.0365013 0.0362137
2 0.360717 0.269171 0.0866529 0.0362493
0 0.748524 0.35824 0.0302731 0.0395796
2 0.114366 0.201734 0.0791635 0.0277207
0 0.798009 0.360766 0.0243939 0.0340955
0 0.196509 0.194919 0.028057 0.0334775
2 0.127456 0.184352 0.0420959 0.0133955
0 0.451142 0.28276 0.0371896 0.0385859
0 0.405082 0.234674 0.0220623 0.0306962
2 0.356804 0.281809 0.0972822 0.060057
0 0.711832 0.341415 0.033866 0.0386768
2 0.922294 0.566266 0.153265 0.0834423
7 0.68148 0.435201 0.248336 0.140618
2 0.404038 0.342867 0.124508 0.055003
0 0.61331 0.588488 0.0716756 0.0676783
2 0.49667 0.383467 0.117393 0.0631438
0 0.0272353 0.686086 0.0544706 0.0662573
7 0.104956 0.257157 0.122672 0.088583
2 0.353403 0.289735 0.0981593 0.0466263
0 0.13813 0.37493 0.04637 0.0436262
3 0.450621 0.283421 0.0374646 0.036104
0 0.673531 0.34655 0.027889 0.0402288
5 0.302774 0.222177 0.128601 0.0672063
3 0.116277 0.322941 0.0378087 0.0321642
3 0.617728 0.620052 0.0597145 0.058206
3 0.141683 0.388635 0.0480493 0.0421653
0 0.115118 0.305725 0.0365013 0.0362137
2 0.360717 0.269171 0.0866529 0.0362493
0 0.748524 0.35824 0.0302731 0.0395796
2 0.114366 0.201734 0.0791635 0.0277207
0 0.798009 0.360766 0.0243939 0.0340955
0 0.196509 0.194919 0.028057 0.0334775
2 0.127456 0.184352 0.0420959 0.0133955
0 0.451142 0.28276 0.0371896 0.0385859
0 0.405082 0.234674 0.0220623 0.0306962
2 0.356804 0.281809 0.0972822 0.060057
0 0.711832 0.341415 0.033866 0.0386768
2 0.922294 0.566266 0.153265 0.0834423
7 0.68148 0.435201 0.248336 0.140618
2 0.404038 0.342867 0.124508 0.055003
0 0.61331 0.588488 0.0716756 0.0676783
2 0.49667 0.383467 0.117393 0.0631438
0 0.0272353 0.686086 0.0544706 0.0662573
7 0.104956 0.257157 0.122672 0.088583
2 0.353403 0.289735 0.0981593 0.0466263
0 0.13813 0.37493 0.04637 0.0436262
3 0.450621 0.283421 0.0374646 0.036104
0 0.673531 0.34655 0.027889 0.0402288
5 0.302774 0.222177 0.128601 0.0672063
3 0.116277 0.322941 0.0378087 0.0321642
3 0.617728 0.620052 0.0597145 0.058206
3 0.141683 0.388635 0.0480493 0.0421653
0 0.115118 0.305725 0.0365013 0.0362137
2 0.360717 0.269171 0.0866529 0.0362493
0 0.748524 0.35824 0.0302731 0.0395796
2 0.114366 0.201734 0.0791635 0.0277207
0 0.798009 0.360766 0.0243939 0.0340955
0 0.196509 0.194919 0.028057 0.0334775
2 0.127456 0.184352 0.0420959 0.0133955
0 0.451142 0.28276 0.0371896 0.0385859
0 0.405082 0.234674 0.0220623 0.0306962
2 0.356804 0.281809 0.0972822 0.060057
0 0.711832 0.341415 0.033866 0.0386768
2 0.922294 0.566266 0.153265 0.0834423
7 0.68148 0.435201 0.248336 0.140618
2 0.404038 0.342867 0.124508 0.055003
0 0.61331 0.588488 0.0716756 0.0676783
2 0.49667 0.383467 0.117393 0.0631438
0 0.0272353 0.686086 0.0544706 0.0662573
7 0.104956 0.257157 0.122672 0.088583
2 0.353403 0.289735 0.0981593 0.0466263
0 0.13813 0.37493 0.04637 0.0436262
3 0.450621 0.283421 0.0374646 0.036104
0 0.673531 0.34655 0.027889 0.0402288
5 0.302774 0.222177 0.128601 0.0672063
3 0.116277 0.322941 0.0378087 0.0321642
3 0.617728 0.620052 0.0597145 0.058206
3 0.141683 0.388635 0.0480493 0.0421653
0 0.115118 0.305725 0.0365013 0.0362137
2 0.360717 0.269171 0.0866529 0.0362493
0 0.748524 0.35824 0.0302731 0.0395796
2 0.114366 0.201734 0.0791635 0.0277207
0 0.798009 0.360766 0.0243939 0.0340955
0 0.196509 0.194919 0.028057 0.0334775
2 0.127456 0.184352 0.0420959 0.0133955
0 0.451142 0.28276 0.0371896 0.0385859
0 0.405082 0.234674 0.0220623 0.0306962
2 0.356804 0.281809 0.0972822 0.060057
0 0.711832 0.341415 0.033866 0.0386768
2 0.922294 0.566266 0.153265 0.0834423
7 0.68148 0.435201 0.248336 0.140618
2 0.404038 0.342867 0.124508 0.055003
0 0.61331 0.588488 0.0716756 0.0676783
2 0.49667 0.383467 0.117393 0.0631438
0 0.0272353 0.686086 0.0544706 0.0662573
7 0.104956 0.257157 0.122672 0.088583
2 0.353403 0.289735 0.0981593 0.0466263
0 0.13813 0.37493 0.04637 0.0436262
3 0.450621 0.283421 0.0374646 0.036104
0 0.673531 0.34655 0.027889 0.0402288
5 0.302774 0.222177 0.128601 0.0672063
3 0.116277 0.322941 0.0378087 0.0321642
3 0.617728 0.620052 0.0597145 0.058206
3 0.141683 0.388635 0.0480493 0.0421653
0 0.115118 0.305725 0.0365013 0.0362137
2 0.360717 0.269171 0.0866529 0.0362493
0 0.748524 0.35824 0.0302731 0.0395796
2 0.114366 0.201734 0.0791635 0.0277207
0 0.798009 0.360766 0.0243939 0.0340955
0 0.196509 0.194919 0.028057 0.0334775
2 0.127456 0.184352 0.0420959 0.0133955
0 0.451142 0.28276 0.0371896 0.0385859
0 0.405082 0.234674 0.0220623 0.0306962
2 0.356804 0.281809 0.0972822 0.060057
0 0.711832 0.341415 0.033866 0.0386768
2 0.922294 0.566266 0.153265 0.0834423
7 0.68148 0.435201 0.248336 0.140618
2 0.404038 0.342867 0.124508 0.055003
0 0.61331 0.588488 0.0716756 0.0676783
2 0.49667 0.383467 0.117393 0.0631438
0 0.0272353 0.686086 0.0544706 0.0662573
7 0.104956 0.257157 0.122672 0.088583
2 0.353403 0.289735 0.0981593 0.0466263
0 0.13813 0.37493 0.04637 0.0436262
3 0.450621 0.283421 0.0374646 0.036104
0 0.673531 0.34655 0.027889 0.0402288
5 0.302774 0.222177 0.128601 0.0672063
3 0.116277 0.322941 0.0378087 0.0321642
3 0.617728 0.620052 0.0597145 0.058206
3 0.141683 0.388635 0.0480493 0.0421653
0 0.115118 0.305725 0.0365013 0.0362137
2 0.360717 0.269171 0.0866529 0.0362493
0 0.748524 0.35824 0.0302731 0.0395796
2 0.114366 0.201734 0.0791635 0.0277207
0 0.798009 0.360766 0.0243939 0.0340955
0 0.196509 0.194919 0.028057 0.0334775
2 0.127456 0.184352 0.0420959 0.0133955
0 0.451142 0.28276 0.0371896 0.0385859
0 0.405082 0.234674 0.0220623 0.0306962
2 0.356804 0.281809 0.0972822 0.060057
0 0.711832 0.341415 0.033866 0.0386768
2 0.922294 0.566266 0.153265 0.0834423
7 0.68148 0.435201 0.248336 0.140618
2 0.404038 0.342867 0.124508 0.055003
0 0.61331 0.588488 0.0716756 0.0676783
2 0.49667 0.383467 0.117393 0.0631438
0 0.0272353 0.686086 0.0544706 0.0662573
7 0.104956 0.257157 0.122672 0.088583
2 0.353403 0.289735 0.0981593 0.0466263
0 0.13813 0.37493 0.04637 0.0436262
3 0.450621 0.283421 0.0374646 0.036104
0 0.673531 0.34655 0.027889 0.0402288
5 0.302774 0.222177 0.128601 0.0672063
3 0.116277 0.322941 0.0378087 0.0321642
3 0.617728 0.620052 0.0597145 0.058206
3 0.141683 0.388635 0.0480493 0.0421653
0 0.115118 0.305725 0.0365013 0.0362137
2 0.360717 0.269171 0.0866529 0.0362493
0 0.748524 0.35824 0.0302731 0.0395796
2 0.114366 0.201734 0.0791635 0.0277207
0 0.798009 0.360766 0.0243939 0.0340955
0 0.196509 0.194919 0.028057 0.0334775
2 0.127456 0.184352 0.0420959 0.0133955
0 0.451142 0.28276 0.0371896 0.0385859
0 0.405082 0.234674 0.0220623 0.0306962
2 0.356804 0.281809 0.0972822 0.060057
0 0.711832 0.341415 0.033866 0.0386768
2 0.922294 0.566266 0.153265 0.0834423
7 0.68148 0.435201 0.248336 0.140618
2 0.404038 0.342867 0.124508 0.055003
0 0.61331 0.588488 0.0716756 0.0676783
2 0.49667 0.383467 0.117393 0.0631438
0 0.0272353 0.686086 0.0544706 0.0662573
7 0.104956 0.257157 0.122672 0.088583
2 0.353403 0.289735 0.0981593 0.0466263
0 0.13813 0.37493 0.04637 0.0436262
3 0.450621 0.283421 0.0374646 0.036104
0 0.673531 0.34655 0.027889 0.0402288
5 0.302774 0.222177 0.128601 0.0672063
3 0.116277 0.322941 0.0378087 0.0321642
3 0.617728 0.620052 0.0597145 0.058206
3 0.141683 0.388635 0.0480493 0.0421653
0 0.115118 0.305725 0.0365013 0.0362137
2 0.360717 0.269171 0.0866529 0.0362493
0 0.748524 0.35824 0.0302731 0.0395796
2 0.114366 0.201734 0.0791635 0.0277207
0 0.798009 0.360766 0.0243939 0.0340955
0 0.196509 0.194919 0.028057 0.0334775
2 0.127456 0.184352 0.0420959 0.0133955
0 0.451142 0.28276 0.0371896 0.0385859
0 0.405082 0.234674 0.0220623 0.0306962
2 0.356804 0.281809 0.0972822 0.060057
0 0.711832 0.341415 0.033866 0.0386768
2 0.922294 0.566266 0.153265 0.0834423
7 0.68148 0.435201 0.248336 0.140618
2 0.404038 0.342867 0.124508 0.055003
0 0.61331 0.588488 0.0716756 0.0676783
2 0.49667 0.383467 0.117393 0.0631438
0 0.0272353 0.686086 0.0544706 0.0662573
7 0.104956 0.257157 0.122672 0.088583
2 0.353403 0.289735 0.0981593 0.0466263
0 0.13813 0.37493 0.04637 0.0436262
3 0.450621 0.283421 0.0374646 0.036104
0 0.673531 0.34655 0.027889 0.0402288
5 0.302774 0.222177 0.128601 0.0672063
3 0.116277 0.322941 0.0378087 0.0321642
3 0.617728 0.620052 0.0597145 0.058206
3 0.141683 0.388635 0.0480493 0.0421653
0 0.115118 0.305725 0.0365013 0.0362137
2 0.360717 0.269171 0.0866529 0.0362493
0 0.748524 0.35824 0.0302731 0.0395796
2 0.114366 0.201734 0.0791635 0.0277207
0 0.798009 0.360766 0.0243939 0.0340955
0 0.196509 0.194919 0.028057 0.0334775
2 0.127456 0.184352 0.0420959 0.0133955
0 0.451142 0.28276 0.0371896 0.0385859
0 0.405082 0.234674 0.0220623 0.0306962
2 0.356804 0.281809 0.0972822 0.060057
0 0.711832 0.341415 0.033866 0.0386768
2 0.922294 0.566266 0.153265 0.0834423
7 0.68148 0.435201 0.248336 0.140618
2 0.404038 0.342867 0.124508 0.055003
0 0.61331 0.588488 0.0716756 0.0676783
2 0.49667 0.383467 0.117393 0.0631438
0 0.0272353 0.686086 0.0544706 0.0662573
7 0.104956 0.257157 0.122672 0.088583
2 0.353403 0.289735 0.0981593 0.0466263
0 0.13813 0.37493 0.04637 0.0436262
3 0.450621 0.283421 0.0374646 0.036104
0 0.673531 0.34655 0.027889 0.0402288
5 0.302774 0.222177 0.128601 0.0672063
3 0.116277 0.322941 0.0378087 0.0321642
3 0.617728 0.620052 0.0597145 0.058206
3 0.141683 0.388635 0.0480493 0.0421653
0 0.115118 0.305725 0.0365013 0.0362137
2 0.360717 0.269171 0.0866529 0.0362493
0 0.748524 0.35824 0.0302731 0.0395796
2 0.114366 0.201734 0.0791635 0.0277207
0 0.798009 0.360766 0.0243939 0.0340955
0 0.196509 0.194919 0.028057 0.0334775
2 0.127456 0.184352 0.0420959 0.0133955
0 0.451142 0.28276 0.0371896 0.0385859
0 0.405082 0.234674 0.0220623 0.0306962
2 0.356804 0.281809 0.0972822 0.060057
0 0.711832 0.341415 0.033866 0.0386768
2 0.922294 0.566266 0.153265 0.0834423
7 0.68148 0.435201 0.248336 0.140618
2 0.404038 0.342867 0.124508 0.055003
0 0.61331 0.588488 0.0716756 0.0676783
2 0.49667 0.383467 0.117393 0.0631438
0 0.0272353 0.686086 0.0544706 0.0662573
7 0.104956 0.257157 0.122672 0.088583
2 0.353403 0.289735 0.0981593 0.0466263
0 0.13813 0.37493 0.04637 0.0436262
3 0.450621 0.283421 0.0374646 0.036104
0 0.673531 0.34655 0.027889 0.0402288
5 0.302774 0.222177 0.128601 0.0672063
3 0.116277 0.322941 0.0378087 0.0321642
3 0.617728 0.620052 0.0597145 0.058206
3 0.141683 0.388635 0.0480493 0.0421653
0 0.115118 0.305725 0.0365013 0.0362137
2 0.360717 0.269171 0.0866529 0.0362493
0 0.748524 0.35824 0.0302731 0.0395796
2 0.114366 0.201734 0.0791635 0.0277207
0 0.798009 0.360766 0.0243939 0.0340955
0 0.196509 0.194919 0.028057 0.0334775
2 0.127456 0.184352 0.0420959 0.0133955
0 0.451142 0.28276 0.0371896 0.0385859
0 0.405082 0.234674 0.0220623 0.0306962
2 0.356804 0.281809 0.0972822 0.060057
0 0.711832 0.341415 0.033866 0.0386768
2 0.922294 0.566266 0.153265 0.0834423
7 0.68148 0.435201 0.248336 0.140618
2 0.404038 0.342867 0.124508 0.055003
0 0.61331 0.588488 0.0716756 0.0676783
2 0.49667 0.383467 0.117393 0.0631438
0 0.0272353 0.686086 0.0544706 0.0662573
7 0.104956 0.257157 0.122672 0.088583
2 0.353403 0.289735 0.0981593 0.0466263
0 0.13813 0.37493 0.04637 0.0436262
3 0.450621 0.283421 0.0374646 0.036104
0 0.673531 0.34655 0.027889 0.0402288
5 0.302774 0.222177 0.128601 0.0672063
3 0.116277 0.322941 0.0378087 0.0321642
3 0.617728 0.620052 0.0597145 0.058206
3 0.141683 0.388635 0.0480493 0.0421653
0 0.115118 0.305725 0.0365013 0.0362137
2 0.360717 0.269171 0.0866529 0.0362493
0 0.748524 0.35824 0.0302731 0.0395796
2 0.114366 0.201734 0.0791635 0.0277207
0 0.798009 0.360766 0.0243939 0.0340955
0 0.196509 0.194919 0.028057 0.0334775
2 0.127456 0.184352 0.0420959 0.0133955
0 0.451142 0.28276 0.0371896 0.0385859
0 0.405082 0.234674 0.0220623 0.0306962
2 0.356804 0.281809 0.0972822 0.060057
0 0.711832 0.341415 0.033866 0.0386768
5 0.303348 0.221012 0.122614 0.0663986
2 0.922536 0.565504 0.152581 0.0855564
2 0.40415 0.343191 0.123096 0.0551205
0 0.613898 0.588816 0.0733676 0.0685588
5 0.105891 0.25634 0.122752 0.0880627
7 0.681408 0.434408 0.254041 0.140399
2 0.492 0.384108 0.125653 0.0631869
3 0.140636 0.387248 0.0499492 0.0442526
2 0.353113 0.289699 0.095909 0.0484802
3 0.619219 0.625885 0.0495955 0.0459427
0 0.139693 0.375774 0.048135 0.0453257
0 0.115862 0.308734 0.0368585 0.0400801
3 0.116562 0.323579 0.036505 0.0311022
3 0.452183 0.283837 0.0359229 0.0334708
0 0.672904 0.347214 0.0256392 0.0400299
0 0.0271981 0.68612 0.0538578 0.0678376
2 0.362117 0.269461 0.0854064 0.0374843
5 0.303348 0.221012 0.122614 0.0663986
2 0.922536 0.565504 0.152581 0.0855564
2 0.40415 0.343191 0.123096 0.0551205
0 0.613898 0.588816 0.0733676 0.0685588
5 0.105891 0.25634 0.122752 0.0880627
7 0.681408 0.434408 0.254041 0.140399
2 0.492 0.384108 0.125653 0.0631869
3 0.140636 0.387248 0.0499492 0.0442526
2 0.353113 0.289699 0.095909 0.0484802
3 0.619219 0.625885 0.0495955 0.0459427
0 0.139693 0.375774 0.048135 0.0453257
0 0.115862 0.308734 0.0368585 0.0400801
3 0.116562 0.323579 0.036505 0.0311022
3 0.452183 0.283837 0.0359229 0.0334708
0 0.672904 0.347214 0.0256392 0.0400299
0 0.0271981 0.68612 0.0538578 0.0678376
2 0.362117 0.269461 0.0854064 0.0374843
5 0.303348 0.221012 0.122614 0.0663986
2 0.922536 0.565504 0.152581 0.0855564
2 0.40415 0.343191 0.123096 0.0551205
0 0.613898 0.588816 0.0733676 0.0685588
5 0.105891 0.25634 0.122752 0.0880627
7 0.681408 0.434408 0.254041 0.140399
2 0.492 0.384108 0.125653 0.0631869
3 0.140636 0.387248 0.0499492 0.0442526
2 0.353113 0.289699 0.095909 0.0484802
3 0.619219 0.625885 0.0495955 0.0459427
0 0.139693 0.375774 0.048135 0.0453257
0 0.115862 0.308734 0.0368585 0.0400801
3 0.116562 0.323579 0.036505 0.0311022
3 0.452183 0.283837 0.0359229 0.0334708
0 0.672904 0.347214 0.0256392 0.0400299
0 0.0271981 0.68612 0.0538578 0.0678376
2 0.362117 0.269461 0.0854064 0.0374843
5 0.303348 0.221012 0.122614 0.0663986
2 0.922536 0.565504 0.152581 0.0855564
2 0.40415 0.343191 0.123096 0.0551205
0 0.613898 0.588816 0.0733676 0.0685588
5 0.105891 0.25634 0.122752 0.0880627
7 0.681408 0.434408 0.254041 0.140399
2 0.492 0.384108 0.125653 0.0631869
3 0.140636 0.387248 0.0499492 0.0442526
2 0.353113 0.289699 0.095909 0.0484802
3 0.619219 0.625885 0.0495955 0.0459427
0 0.139693 0.375774 0.048135 0.0453257
0 0.115862 0.308734 0.0368585 0.0400801
3 0.116562 0.323579 0.036505 0.0311022
3 0.452183 0.283837 0.0359229 0.0334708
0 0.672904 0.347214 0.0256392 0.0400299
0 0.0271981 0.68612 0.0538578 0.0678376
2 0.362117 0.269461 0.0854064 0.0374843
5 0.303348 0.221012 0.122614 0.0663986
2 0.922536 0.565504 0.152581 0.0855564
2 0.40415 0.343191 0.123096 0.0551205
0 0.613898 0.588816 0.0733676 0.0685588
5 0.105891 0.25634 0.122752 0.0880627
7 0.681408 0.434408 0.254041 0.140399
2 0.492 0.384108 0.125653 0.0631869
3 0.140636 0.387248 0.0499492 0.0442526
2 0.353113 0.289699 0.095909 0.0484802
3 0.619219 0.625885 0.0495955 0.0459427
0 0.139693 0.375774 0.048135 0.0453257
0 0.115862 0.308734 0.0368585 0.0400801
3 0.116562 0.323579 0.036505 0.0311022
3 0.452183 0.283837 0.0359229 0.0334708
0 0.672904 0.347214 0.0256392 0.0400299
0 0.0271981 0.68612 0.0538578 0.0678376
2 0.362117 0.269461 0.0854064 0.0374843
5 0.303348 0.221012 0.122614 0.0663986
2 0.922536 0.565504 0.152581 0.0855564
2 0.40415 0.343191 0.123096 0.0551205
0 0.613898 0.588816 0.0733676 0.0685588
5 0.105891 0.25634 0.122752 0.0880627
7 0.681408 0.434408 0.254041 0.140399
2 0.492 0.384108 0.125653 0.0631869
3 0.140636 0.387248 0.0499492 0.0442526
2 0.353113 0.289699 0.095909 0.0484802
3 0.619219 0.625885 0.0495955 0.0459427
0 0.139693 0.375774 0.048135 0.0453257
0 0.115862 0.308734 0.0368585 0.0400801
3 0.116562 0.323579 0.036505 0.0311022
3 0.452183 0.283837 0.0359229 0.0334708
0 0.672904 0.347214 0.0256392 0.0400299
0 0.0271981 0.68612 0.0538578 0.0678376
2 0.362117 0.269461 0.0854064 0.0374843
