7 0.580838 0.343721 0.123709 0.207535
2 0.871625 0.416879 0.131802 0.133739
2 0.111572 0.459015 0.116602 0.118063
7 0.232758 0.353979 0.112456 0.123432
2 0.257799 0.422 0.0649061 0.0741414
7 0.324055 0.369158 0.0764157 0.132232
2 0.185506 0.425192 0.0800015 0.114169
2 0.702248 0.400897 0.0689089 0.0761683
2 0.756215 0.388051 0.0604081 0.0724286
2 0.365248 0.401297 0.0291467 0.0435738
2 0.00779119 0.491992 0.0154378 0.145119
2 0.0672974 0.43117 0.0942539 0.115296
7 0.399131 0.361662 0.0455771 0.0875466
2 0.670038 0.388444 0.0232533 0.050503
2 0.828236 0.386068 0.0871344 0.107663
2 0.512346 0.391218 0.0293386 0.0449776
2 0.50303 0.388716 0.0272596 0.0430792
2 0.48077 0.38657 0.0204126 0.0329195
2 0.427882 0.384596 0.0141333 0.0293267
7 0.973387 0.330325 0.0523886 0.0773697
2 0.0139737 0.402758 0.027837 0.0248946
2 0.0171808 0.430251 0.0342732 0.0759367
2 0.128656 0.392758 0.0264238 0.0226976
7 0.580838 0.343721 0.123709 0.207535
2 0.871625 0.416879 0.131802 0.133739
2 0.111572 0.459015 0.116602 0.118063
7 0.232758 0.353979 0.112456 0.123432
2 0.257799 0.422 0.0649061 0.0741414
7 0.324055 0.369158 0.0764157 0.132232
2 0.185506 0.425192 0.0800015 0.114169
2 0.702248 0.400897 0.0689089 0.0761683
2 0.756215 0.388051 0.0604081 0.0724286
2 0.365248 0.401297 0.0291467 0.0435738
2 0.00779119 0.491992 0.0154378 0.145119
2 0.0672974 0.43117 0.0942539 0.115296
7 0.399131 0.361662 0.0455771 0.0875466
2 0.670038 0.388444 0.0232533 0.050503
2 0.828236 0.386068 0.0871344 0.107663
2 0.512346 0.391218 0.0293386 0.0449776
2 0.50303 0.388716 0.0272596 0.0430792
2 0.48077 0.38657 0.0204126 0.0329195
2 0.427882 0.384596 0.0141333 0.0293267
7 0.973387 0.330325 0.0523886 0.0773697
2 0.0139737 0.402758 0.027837 0.0248946
2 0.0171808 0.430251 0.0342732 0.0759367
2 0.128656 0.392758 0.0264238 0.0226976
7 0.580838 0.343721 0.123709 0.207535
2 0.871625 0.416879 0.131802 0.133739
2 0.111572 0.459015 0.116602 0.118063
7 0.232758 0.353979 0.112456 0.123432
2 0.257799 0.422 0.0649061 0.0741414
7 0.324055 0.369158 0.0764157 0.132232
2 0.185506 0.425192 0.0800015 0.114169
2 0.702248 0.400897 0.0689089 0.0761683
2 0.756215 0.388051 0.0604081 0.0724286
2 0.365248 0.401297 0.0291467 0.0435738
2 0.00779119 0.491992 0.0154378 0.145119
2 0.0672974 0.43117 0.0942539 0.115296
7 0.399131 0.361662 0.0455771 0.0875466
2 0.670038 0.388444 0.0232533 0.050503
2 0.828236 0.386068 0.0871344 0.107663
2 0.512346 0.391218 0.0293386 0.0449776
2 0.50303 0.388716 0.0272596 0.0430792
2 0.48077 0.38657 0.0204126 0.0329195
2 0.427882 0.384596 0.0141333 0.0293267
7 0.973387 0.330325 0.0523886 0.0773697
2 0.0139737 0.402758 0.027837 0.0248946
2 0.0171808 0.430251 0.0342732 0.0759367
2 0.128656 0.392758 0.0264238 0.0226976
7 0.580838 0.343721 0.123709 0.207535
2 0.871625 0.416879 0.131802 0.133739
2 0.111572 0.459015 0.116602 0.118063
7 0.232758 0.353979 0.112456 0.123432
2 0.257799 0.422 0.0649061 0.0741414
7 0.324055 0.369158 0.0764157 0.132232
2 0.185506 0.425192 0.0800015 0.114169
2 0.702248 0.400897 0.0689089 0.0761683
2 0.756215 0.388051 0.0604081 0.0724286
2 0.365248 0.401297 0.0291467 0.0435738
2 0.00779119 0.491992 0.0154378 0.145119
2 0.0672974 0.43117 0.0942539 0.115296
7 0.399131 0.361662 0.0455771 0.0875466
2 0.670038 0.388444 0.0232533 0.050503
2 0.828236 0.386068 0.0871344 0.107663
2 0.512346 0.391218 0.0293386 0.0449776
2 0.50303 0.388716 0.0272596 0.0430792
2 0.48077 0.38657 0.0204126 0.0329195
2 0.427882 0.384596 0.0141333 0.0293267
7 0.973387 0.330325 0.0523886 0.0773697
2 0.0139737 0.402758 0.027837 0.0248946
2 0.0171808 0.430251 0.0342732 0.0759367
2 0.128656 0.392758 0.0264238 0.0226976
