7 0.0906091 0.376249 0.179612 0.324976
7 0.686709 0.314739 0.161608 0.179094
2 0.919923 0.412682 0.153062 0.159771
2 0.222055 0.428364 0.0737241 0.0831189
7 0.269445 0.364388 0.091121 0.140583
2 0.638206 0.411574 0.0786854 0.0918524
7 0.345803 0.363496 0.0803146 0.133624
2 0.570747 0.394142 0.0637627 0.0819285
2 0.810339 0.388096 0.0360882 0.0718478
7 0.409917 0.36267 0.031595 0.0805793
2 0.52648 0.388979 0.0404451 0.0566805
2 0.753418 0.425468 0.152389 0.178497
7 0.568738 0.329545 0.0393541 0.06153
7 0.753451 0.424749 0.151254 0.179891
2 0.49903 0.386883 0.0192284 0.0337509
2 0.180636 0.417242 0.046483 0.0752753
2 0.189521 0.413881 0.0290447 0.0676802
2 0.468746 0.382158 0.0107766 0.0180503
2 0.488335 0.386602 0.0150124 0.0318029
7 0.559736 0.33443 0.0588051 0.0694828
2 0.507155 0.388694 0.0246788 0.0403739
7 0.0906091 0.376249 0.179612 0.324976
7 0.686709 0.314739 0.161608 0.179094
2 0.919923 0.412682 0.153062 0.159771
2 0.222055 0.428364 0.0737241 0.0831189
7 0.269445 0.364388 0.091121 0.140583
2 0.638206 0.411574 0.0786854 0.0918524
7 0.345803 0.363496 0.0803146 0.133624
2 0.570747 0.394142 0.0637627 0.0819285
2 0.810339 0.388096 0.0360882 0.0718478
7 0.409917 0.36267 0.031595 0.0805793
2 0.52648 0.388979 0.0404451 0.0566805
2 0.753418 0.425468 0.152389 0.178497
7 0.568738 0.329545 0.0393541 0.06153
7 0.753451 0.424749 0.151254 0.179891
2 0.49903 0.386883 0.0192284 0.0337509
2 0.180636 0.417242 0.046483 0.0752753
2 0.189521 0.413881 0.0290447 0.0676802
2 0.468746 0.382158 0.0107766 0.0180503
2 0.488335 0.386602 0.0150124 0.0318029
7 0.559736 0.33443 0.0588051 0.0694828
2 0.507155 0.388694 0.0246788 0.0403739
7 0.0906091 0.376249 0.179612 0.324976
7 0.686709 0.314739 0.161608 0.179094
2 0.919923 0.412682 0.153062 0.159771
2 0.222055 0.428364 0.0737241 0.0831189
7 0.269445 0.364388 0.091121 0.140583
2 0.638206 0.411574 0.0786854 0.0918524
7 0.345803 0.363496 0.0803146 0.133624
2 0.570747 0.394142 0.0637627 0.0819285
2 0.810339 0.388096 0.0360882 0.0718478
7 0.409917 0.36267 0.031595 0.0805793
2 0.52648 0.388979 0.0404451 0.0566805
2 0.753418 0.425468 0.152389 0.178497
7 0.568738 0.329545 0.0393541 0.06153
7 0.753451 0.424749 0.151254 0.179891
2 0.49903 0.386883 0.0192284 0.0337509
2 0.180636 0.417242 0.046483 0.0752753
2 0.189521 0.413881 0.0290447 0.0676802
2 0.468746 0.382158 0.0107766 0.0180503
2 0.488335 0.386602 0.0150124 0.0318029
7 0.559736 0.33443 0.0588051 0.0694828
2 0.507155 0.388694 0.0246788 0.0403739
7 0.0906091 0.376249 0.179612 0.324976
7 0.686709 0.314739 0.161608 0.179094
2 0.919923 0.412682 0.153062 0.159771
2 0.222055 0.428364 0.0737241 0.0831189
7 0.269445 0.364388 0.091121 0.140583
2 0.638206 0.411574 0.0786854 0.0918524
7 0.345803 0.363496 0.0803146 0.133624
2 0.570747 0.394142 0.0637627 0.0819285
2 0.810339 0.388096 0.0360882 0.0718478
7 0.409917 0.36267 0.031595 0.0805793
2 0.52648 0.388979 0.0404451 0.0566805
2 0.753418 0.425468 0.152389 0.178497
7 0.568738 0.329545 0.0393541 0.06153
7 0.753451 0.424749 0.151254 0.179891
2 0.49903 0.386883 0.0192284 0.0337509
2 0.180636 0.417242 0.046483 0.0752753
2 0.189521 0.413881 0.0290447 0.0676802
2 0.468746 0.382158 0.0107766 0.0180503
2 0.488335 0.386602 0.0150124 0.0318029
7 0.559736 0.33443 0.0588051 0.0694828
2 0.507155 0.388694 0.0246788 0.0403739
