7 0.234195 0.372352 0.123453 0.19491
7 0.844074 0.380095 0.310448 0.411262
2 0.600668 0.408473 0.0712748 0.0838187
2 0.106026 0.45487 0.119426 0.121056
7 0.100455 0.372917 0.175103 0.22298
2 0.629674 0.38826 0.0416691 0.0623801
2 0.558958 0.393624 0.0424776 0.0741303
2 0.308129 0.408613 0.0462578 0.0602312
7 0.419387 0.366576 0.0279085 0.071411
7 0.357156 0.36206 0.0710876 0.113178
2 0.514331 0.385845 0.0298021 0.047669
7 0.566409 0.334513 0.065156 0.076002
7 0.706276 0.387461 0.0780193 0.0962435
2 0.659686 0.381357 0.0351748 0.0523326
2 0.0110247 0.425719 0.0219571 0.0812163
2 0.535305 0.391176 0.0228696 0.0512812
2 0.494004 0.380526 0.0216599 0.0385569
2 0.0107543 0.405315 0.0213566 0.0397608
7 0.309991 0.349994 0.0324611 0.078573
2 0.479559 0.386685 0.0159367 0.0304281
7 0.518318 0.344193 0.034532 0.0513746
7 0.373683 0.363801 0.0509054 0.105779
7 0.524075 0.344236 0.0222738 0.0499423
7 0.343367 0.360642 0.0987288 0.103603
2 0.486987 0.383123 0.0305218 0.0367982
7 0.39634 0.360911 0.0237103 0.095636
2 0.460038 0.374213 0.0176718 0.0213053
7 0.234195 0.372352 0.123453 0.19491
7 0.844074 0.380095 0.310448 0.411262
2 0.600668 0.408473 0.0712748 0.0838187
2 0.106026 0.45487 0.119426 0.121056
7 0.100455 0.372917 0.175103 0.22298
2 0.629674 0.38826 0.0416691 0.0623801
2 0.558958 0.393624 0.0424776 0.0741303
2 0.308129 0.408613 0.0462578 0.0602312
7 0.419387 0.366576 0.0279085 0.071411
7 0.357156 0.36206 0.0710876 0.113178
2 0.514331 0.385845 0.0298021 0.047669
7 0.566409 0.334513 0.065156 0.076002
7 0.706276 0.387461 0.0780193 0.0962435
2 0.659686 0.381357 0.0351748 0.0523326
2 0.0110247 0.425719 0.0219571 0.0812163
2 0.535305 0.391176 0.0228696 0.0512812
2 0.494004 0.380526 0.0216599 0.0385569
2 0.0107543 0.405315 0.0213566 0.0397608
7 0.309991 0.349994 0.0324611 0.078573
2 0.479559 0.386685 0.0159367 0.0304281
7 0.518318 0.344193 0.034532 0.0513746
7 0.373683 0.363801 0.0509054 0.105779
7 0.524075 0.344236 0.0222738 0.0499423
7 0.343367 0.360642 0.0987288 0.103603
2 0.486987 0.383123 0.0305218 0.0367982
7 0.39634 0.360911 0.0237103 0.095636
2 0.460038 0.374213 0.0176718 0.0213053
7 0.234195 0.372352 0.123453 0.19491
7 0.844074 0.380095 0.310448 0.411262
2 0.600668 0.408473 0.0712748 0.0838187
2 0.106026 0.45487 0.119426 0.121056
7 0.100455 0.372917 0.175103 0.22298
2 0.629674 0.38826 0.0416691 0.0623801
2 0.558958 0.393624 0.0424776 0.0741303
2 0.308129 0.408613 0.0462578 0.0602312
7 0.419387 0.366576 0.0279085 0.071411
7 0.357156 0.36206 0.0710876 0.113178
2 0.514331 0.385845 0.0298021 0.047669
7 0.566409 0.334513 0.065156 0.076002
7 0.706276 0.387461 0.0780193 0.0962435
2 0.659686 0.381357 0.0351748 0.0523326
2 0.0110247 0.425719 0.0219571 0.0812163
2 0.535305 0.391176 0.0228696 0.0512812
2 0.494004 0.380526 0.0216599 0.0385569
2 0.0107543 0.405315 0.0213566 0.0397608
7 0.309991 0.349994 0.0324611 0.078573
2 0.479559 0.386685 0.0159367 0.0304281
7 0.518318 0.344193 0.034532 0.0513746
7 0.373683 0.363801 0.0509054 0.105779
7 0.524075 0.344236 0.0222738 0.0499423
7 0.343367 0.360642 0.0987288 0.103603
2 0.486987 0.383123 0.0305218 0.0367982
7 0.39634 0.360911 0.0237103 0.095636
2 0.460038 0.374213 0.0176718 0.0213053
7 0.234195 0.372352 0.123453 0.19491
7 0.844074 0.380095 0.310448 0.411262
2 0.600668 0.408473 0.0712748 0.0838187
2 0.106026 0.45487 0.119426 0.121056
7 0.100455 0.372917 0.175103 0.22298
2 0.629674 0.38826 0.0416691 0.0623801
2 0.558958 0.393624 0.0424776 0.0741303
2 0.308129 0.408613 0.0462578 0.0602312
7 0.419387 0.366576 0.0279085 0.071411
7 0.357156 0.36206 0.0710876 0.113178
2 0.514331 0.385845 0.0298021 0.047669
7 0.566409 0.334513 0.065156 0.076002
7 0.706276 0.387461 0.0780193 0.0962435
2 0.659686 0.381357 0.0351748 0.0523326
2 0.0110247 0.425719 0.0219571 0.0812163
2 0.535305 0.391176 0.0228696 0.0512812
2 0.494004 0.380526 0.0216599 0.0385569
2 0.0107543 0.405315 0.0213566 0.0397608
7 0.309991 0.349994 0.0324611 0.078573
2 0.479559 0.386685 0.0159367 0.0304281
7 0.518318 0.344193 0.034532 0.0513746
7 0.373683 0.363801 0.0509054 0.105779
7 0.524075 0.344236 0.0222738 0.0499423
7 0.343367 0.360642 0.0987288 0.103603
2 0.486987 0.383123 0.0305218 0.0367982
7 0.39634 0.360911 0.0237103 0.095636
2 0.460038 0.374213 0.0176718 0.0213053
