7 0.640333 0.667457 0.228156 0.272074
7 0.856313 0.953405 0.095887 0.0911574
7 0.306449 0.401318 0.0769019 0.112964
7 0.487651 0.204346 0.0876783 0.0745853
7 0.385053 0.498884 0.0301185 0.0366872
7 0.375362 0.451607 0.026191 0.030138
7 0.421307 0.486473 0.0312826 0.0423666
7 0.190379 0.283944 0.038836 0.0615346
7 0.502441 0.593515 0.157535 0.213825
7 0.220188 0.286555 0.0392563 0.0547709
7 0.346757 0.293514 0.0126121 0.0131997
7 0.228545 0.331167 0.0207614 0.0242295
7 0.971086 0.262298 0.0567003 0.045782
7 0.640333 0.667457 0.228156 0.272074
7 0.856313 0.953405 0.095887 0.0911574
7 0.306449 0.401318 0.0769019 0.112964
7 0.487651 0.204346 0.0876783 0.0745853
7 0.385053 0.498884 0.0301185 0.0366872
7 0.375362 0.451607 0.026191 0.030138
7 0.421307 0.486473 0.0312826 0.0423666
7 0.190379 0.283944 0.038836 0.0615346
7 0.502441 0.593515 0.157535 0.213825
7 0.220188 0.286555 0.0392563 0.0547709
7 0.346757 0.293514 0.0126121 0.0131997
7 0.228545 0.331167 0.0207614 0.0242295
7 0.971086 0.262298 0.0567003 0.045782
