2 0.950941 0.429951 0.0975203 0.164728
2 0.805675 0.408576 0.106786 0.113774
7 0.567779 0.345494 0.105943 0.188452
2 0.132976 0.453895 0.108157 0.11244
7 0.332217 0.368861 0.0732386 0.125987
2 0.272183 0.420068 0.0611367 0.0711141
7 0.24288 0.36784 0.111592 0.145238
2 0.673103 0.397682 0.0643937 0.0677967
2 0.197498 0.421843 0.0743085 0.109624
2 0.718679 0.38625 0.0461895 0.0656879
2 0.087111 0.428923 0.0843012 0.111747
2 0.774232 0.384879 0.0702729 0.0937995
7 0.401022 0.363457 0.0390077 0.0834557
7 0.0249051 0.474206 0.0496238 0.161851
2 0.0248471 0.474406 0.0491403 0.162516
2 0.372274 0.399274 0.0259197 0.0410111
2 0.505216 0.390295 0.0273325 0.0420046
2 0.428677 0.384823 0.0134376 0.0277857
2 0.74593 0.360651 0.0212005 0.0306897
2 0.871916 0.36248 0.0405825 0.0155919
2 0.500954 0.389519 0.0295464 0.0390306
2 0.626752 0.390312 0.0159159 0.0463245
2 0.0194937 0.402554 0.0252722 0.0225369
2 0.479179 0.384432 0.0162766 0.0265929
2 0.950941 0.429951 0.0975203 0.164728
2 0.805675 0.408576 0.106786 0.113774
7 0.567779 0.345494 0.105943 0.188452
2 0.132976 0.453895 0.108157 0.11244
7 0.332217 0.368861 0.0732386 0.125987
2 0.272183 0.420068 0.0611367 0.0711141
7 0.24288 0.36784 0.111592 0.145238
2 0.673103 0.397682 0.0643937 0.0677967
2 0.197498 0.421843 0.0743085 0.109624
2 0.718679 0.38625 0.0461895 0.0656879
2 0.087111 0.428923 0.0843012 0.111747
2 0.774232 0.384879 0.0702729 0.0937995
7 0.401022 0.363457 0.0390077 0.0834557
7 0.0249051 0.474206 0.0496238 0.161851
2 0.0248471 0.474406 0.0491403 0.162516
2 0.372274 0.399274 0.0259197 0.0410111
2 0.505216 0.390295 0.0273325 0.0420046
2 0.428677 0.384823 0.0134376 0.0277857
2 0.74593 0.360651 0.0212005 0.0306897
2 0.871916 0.36248 0.0405825 0.0155919
2 0.500954 0.389519 0.0295464 0.0390306
2 0.626752 0.390312 0.0159159 0.0463245
2 0.0194937 0.402554 0.0252722 0.0225369
2 0.479179 0.384432 0.0162766 0.0265929
2 0.950941 0.429951 0.0975203 0.164728
2 0.805675 0.408576 0.106786 0.113774
7 0.567779 0.345494 0.105943 0.188452
2 0.132976 0.453895 0.108157 0.11244
7 0.332217 0.368861 0.0732386 0.125987
2 0.272183 0.420068 0.0611367 0.0711141
7 0.24288 0.36784 0.111592 0.145238
2 0.673103 0.397682 0.0643937 0.0677967
2 0.197498 0.421843 0.0743085 0.109624
2 0.718679 0.38625 0.0461895 0.0656879
2 0.087111 0.428923 0.0843012 0.111747
2 0.774232 0.384879 0.0702729 0.0937995
7 0.401022 0.363457 0.0390077 0.0834557
7 0.0249051 0.474206 0.0496238 0.161851
2 0.0248471 0.474406 0.0491403 0.162516
2 0.372274 0.399274 0.0259197 0.0410111
2 0.505216 0.390295 0.0273325 0.0420046
2 0.428677 0.384823 0.0134376 0.0277857
2 0.74593 0.360651 0.0212005 0.0306897
2 0.871916 0.36248 0.0405825 0.0155919
2 0.500954 0.389519 0.0295464 0.0390306
2 0.626752 0.390312 0.0159159 0.0463245
2 0.0194937 0.402554 0.0252722 0.0225369
2 0.479179 0.384432 0.0162766 0.0265929
