2 0.826996 0.447947 0.183409 0.179133
7 0.540048 0.351463 0.0934967 0.154621
2 0.178006 0.444949 0.0902913 0.0983812
2 0.311528 0.412401 0.0488578 0.0606701
7 0.35375 0.36909 0.0686979 0.115274
2 0.623835 0.392991 0.0486006 0.0556333
2 0.706959 0.397494 0.0705769 0.0868111
7 0.262248 0.363234 0.107185 0.12189
7 0.0585366 0.458603 0.116716 0.181384
2 0.662535 0.382107 0.0318031 0.049413
2 0.243471 0.41632 0.0653182 0.0913592
7 0.977638 0.390136 0.0438839 0.154643
2 0.125014 0.422377 0.0735047 0.0972389
7 0.405672 0.365609 0.0311448 0.0784603
2 0.591595 0.380948 0.0332984 0.0470527
2 0.183389 0.390053 0.0297734 0.0217873
2 0.429978 0.381613 0.0212715 0.0368362
2 0.385136 0.397564 0.0211251 0.0359656
2 0.469792 0.382089 0.0235264 0.0259288
2 0.408097 0.386134 0.0303905 0.0399163
2 0.826996 0.447947 0.183409 0.179133
7 0.540048 0.351463 0.0934967 0.154621
2 0.178006 0.444949 0.0902913 0.0983812
2 0.311528 0.412401 0.0488578 0.0606701
7 0.35375 0.36909 0.0686979 0.115274
2 0.623835 0.392991 0.0486006 0.0556333
2 0.706959 0.397494 0.0705769 0.0868111
7 0.262248 0.363234 0.107185 0.12189
7 0.0585366 0.458603 0.116716 0.181384
2 0.662535 0.382107 0.0318031 0.049413
2 0.243471 0.41632 0.0653182 0.0913592
7 0.977638 0.390136 0.0438839 0.154643
2 0.125014 0.422377 0.0735047 0.0972389
7 0.405672 0.365609 0.0311448 0.0784603
2 0.591595 0.380948 0.0332984 0.0470527
2 0.183389 0.390053 0.0297734 0.0217873
2 0.429978 0.381613 0.0212715 0.0368362
2 0.385136 0.397564 0.0211251 0.0359656
2 0.469792 0.382089 0.0235264 0.0259288
2 0.408097 0.386134 0.0303905 0.0399163
2 0.826996 0.447947 0.183409 0.179133
7 0.540048 0.351463 0.0934967 0.154621
2 0.178006 0.444949 0.0902913 0.0983812
2 0.311528 0.412401 0.0488578 0.0606701
7 0.35375 0.36909 0.0686979 0.115274
2 0.623835 0.392991 0.0486006 0.0556333
2 0.706959 0.397494 0.0705769 0.0868111
7 0.262248 0.363234 0.107185 0.12189
7 0.0585366 0.458603 0.116716 0.181384
2 0.662535 0.382107 0.0318031 0.049413
2 0.243471 0.41632 0.0653182 0.0913592
7 0.977638 0.390136 0.0438839 0.154643
2 0.125014 0.422377 0.0735047 0.0972389
7 0.405672 0.365609 0.0311448 0.0784603
2 0.591595 0.380948 0.0332984 0.0470527
2 0.183389 0.390053 0.0297734 0.0217873
2 0.429978 0.381613 0.0212715 0.0368362
2 0.385136 0.397564 0.0211251 0.0359656
2 0.469792 0.382089 0.0235264 0.0259288
2 0.408097 0.386134 0.0303905 0.0399163
2 0.826996 0.447947 0.183409 0.179133
7 0.540048 0.351463 0.0934967 0.154621
2 0.178006 0.444949 0.0902913 0.0983812
2 0.311528 0.412401 0.0488578 0.0606701
7 0.35375 0.36909 0.0686979 0.115274
2 0.623835 0.392991 0.0486006 0.0556333
2 0.706959 0.397494 0.0705769 0.0868111
7 0.262248 0.363234 0.107185 0.12189
7 0.0585366 0.458603 0.116716 0.181384
2 0.662535 0.382107 0.0318031 0.049413
2 0.243471 0.41632 0.0653182 0.0913592
7 0.977638 0.390136 0.0438839 0.154643
2 0.125014 0.422377 0.0735047 0.0972389
7 0.405672 0.365609 0.0311448 0.0784603
2 0.591595 0.380948 0.0332984 0.0470527
2 0.183389 0.390053 0.0297734 0.0217873
2 0.429978 0.381613 0.0212715 0.0368362
2 0.385136 0.397564 0.0211251 0.0359656
2 0.469792 0.382089 0.0235264 0.0259288
2 0.408097 0.386134 0.0303905 0.0399163
