2 0.893405 0.465092 0.212486 0.208184
7 0.0362588 0.365432 0.0720085 0.279734
7 0.858135 0.272031 0.28181 0.37329
2 0.686662 0.412689 0.116018 0.141794
7 0.314339 0.363768 0.103897 0.159806
7 0.221468 0.368397 0.110335 0.162509
2 0.110718 0.454268 0.109274 0.117844
7 0.620374 0.358145 0.101923 0.18266
2 0.571567 0.393987 0.0566906 0.0819481
2 0.523668 0.390821 0.0353733 0.0502294
2 0.618591 0.409899 0.0380531 0.083846
2 0.539564 0.396407 0.0194805 0.0547446
7 0.400939 0.360551 0.0372074 0.0896663
2 0.431219 0.382542 0.0172525 0.0340578
2 0.464335 0.378569 0.0156636 0.0220328
2 0.478979 0.387444 0.01665 0.0313265
2 0.494186 0.384665 0.0219229 0.035478
7 0.376077 0.368333 0.0261156 0.0989612
2 0.508438 0.387512 0.0169408 0.0389803
7 0.620003 0.3263 0.102876 0.118746
2 0.514411 0.388293 0.0276701 0.0428703
2 0.461823 0.374266 0.0145033 0.0275202
2 0.487256 0.385829 0.0328142 0.0374658
2 0.893405 0.465092 0.212486 0.208184
7 0.0362588 0.365432 0.0720085 0.279734
7 0.858135 0.272031 0.28181 0.37329
2 0.686662 0.412689 0.116018 0.141794
7 0.314339 0.363768 0.103897 0.159806
7 0.221468 0.368397 0.110335 0.162509
2 0.110718 0.454268 0.109274 0.117844
7 0.620374 0.358145 0.101923 0.18266
2 0.571567 0.393987 0.0566906 0.0819481
2 0.523668 0.390821 0.0353733 0.0502294
2 0.618591 0.409899 0.0380531 0.083846
2 0.539564 0.396407 0.0194805 0.0547446
7 0.400939 0.360551 0.0372074 0.0896663
2 0.431219 0.382542 0.0172525 0.0340578
2 0.464335 0.378569 0.0156636 0.0220328
2 0.478979 0.387444 0.01665 0.0313265
2 0.494186 0.384665 0.0219229 0.035478
7 0.376077 0.368333 0.0261156 0.0989612
2 0.508438 0.387512 0.0169408 0.0389803
7 0.620003 0.3263 0.102876 0.118746
2 0.514411 0.388293 0.0276701 0.0428703
2 0.461823 0.374266 0.0145033 0.0275202
2 0.487256 0.385829 0.0328142 0.0374658
2 0.893405 0.465092 0.212486 0.208184
7 0.0362588 0.365432 0.0720085 0.279734
7 0.858135 0.272031 0.28181 0.37329
2 0.686662 0.412689 0.116018 0.141794
7 0.314339 0.363768 0.103897 0.159806
7 0.221468 0.368397 0.110335 0.162509
2 0.110718 0.454268 0.109274 0.117844
7 0.620374 0.358145 0.101923 0.18266
2 0.571567 0.393987 0.0566906 0.0819481
2 0.523668 0.390821 0.0353733 0.0502294
2 0.618591 0.409899 0.0380531 0.083846
2 0.539564 0.396407 0.0194805 0.0547446
7 0.400939 0.360551 0.0372074 0.0896663
2 0.431219 0.382542 0.0172525 0.0340578
2 0.464335 0.378569 0.0156636 0.0220328
2 0.478979 0.387444 0.01665 0.0313265
2 0.494186 0.384665 0.0219229 0.035478
7 0.376077 0.368333 0.0261156 0.0989612
2 0.508438 0.387512 0.0169408 0.0389803
7 0.620003 0.3263 0.102876 0.118746
2 0.514411 0.388293 0.0276701 0.0428703
2 0.461823 0.374266 0.0145033 0.0275202
2 0.487256 0.385829 0.0328142 0.0374658
2 0.893405 0.465092 0.212486 0.208184
7 0.0362588 0.365432 0.0720085 0.279734
7 0.858135 0.272031 0.28181 0.37329
2 0.686662 0.412689 0.116018 0.141794
7 0.314339 0.363768 0.103897 0.159806
7 0.221468 0.368397 0.110335 0.162509
2 0.110718 0.454268 0.109274 0.117844
7 0.620374 0.358145 0.101923 0.18266
2 0.571567 0.393987 0.0566906 0.0819481
2 0.523668 0.390821 0.0353733 0.0502294
2 0.618591 0.409899 0.0380531 0.083846
2 0.539564 0.396407 0.0194805 0.0547446
7 0.400939 0.360551 0.0372074 0.0896663
2 0.431219 0.382542 0.0172525 0.0340578
2 0.464335 0.378569 0.0156636 0.0220328
2 0.478979 0.387444 0.01665 0.0313265
2 0.494186 0.384665 0.0219229 0.035478
7 0.376077 0.368333 0.0261156 0.0989612
2 0.508438 0.387512 0.0169408 0.0389803
7 0.620003 0.3263 0.102876 0.118746
2 0.514411 0.388293 0.0276701 0.0428703
2 0.461823 0.374266 0.0145033 0.0275202
2 0.487256 0.385829 0.0328142 0.0374658
