7 0.0814001 0.377816 0.161824 0.348653
7 0.711815 0.314885 0.186335 0.207471
2 0.204466 0.432969 0.0774983 0.087548
2 0.661774 0.416109 0.0895134 0.102242
2 0.946449 0.419787 0.106282 0.178104
7 0.264315 0.365655 0.0937709 0.143095
2 0.585651 0.39642 0.0701878 0.0892856
7 0.342547 0.364921 0.0876184 0.138964
2 0.804976 0.433938 0.180185 0.208517
7 0.410278 0.36101 0.0347938 0.0819465
2 0.532025 0.388907 0.0418784 0.0589866
7 0.57125 0.334439 0.0541414 0.0751424
2 0.173487 0.410946 0.0311533 0.0634506
2 0.503581 0.386177 0.0201915 0.0400306
2 0.492369 0.384701 0.0188542 0.0347338
2 0.499405 0.385574 0.0267932 0.037368
2 0.434125 0.38559 0.0139096 0.0262856
2 0.470223 0.382441 0.0105234 0.0182346
2 0.161218 0.420123 0.0557879 0.0811445
2 0.150517 0.425986 0.0334404 0.0708215
2 0.869149 0.374243 0.0228409 0.0363994
7 0.0814001 0.377816 0.161824 0.348653
7 0.711815 0.314885 0.186335 0.207471
2 0.204466 0.432969 0.0774983 0.087548
2 0.661774 0.416109 0.0895134 0.102242
2 0.946449 0.419787 0.106282 0.178104
7 0.264315 0.365655 0.0937709 0.143095
2 0.585651 0.39642 0.0701878 0.0892856
7 0.342547 0.364921 0.0876184 0.138964
2 0.804976 0.433938 0.180185 0.208517
7 0.410278 0.36101 0.0347938 0.0819465
2 0.532025 0.388907 0.0418784 0.0589866
7 0.57125 0.334439 0.0541414 0.0751424
2 0.173487 0.410946 0.0311533 0.0634506
2 0.503581 0.386177 0.0201915 0.0400306
2 0.492369 0.384701 0.0188542 0.0347338
2 0.499405 0.385574 0.0267932 0.037368
2 0.434125 0.38559 0.0139096 0.0262856
2 0.470223 0.382441 0.0105234 0.0182346
2 0.161218 0.420123 0.0557879 0.0811445
2 0.150517 0.425986 0.0334404 0.0708215
2 0.869149 0.374243 0.0228409 0.0363994
