7 0.0534095 0.379422 0.105713 0.0715375
7 0.359007 0.463371 0.170184 0.0882377
7 0.49572 0.357876 0.0570486 0.0550008
5 0.882088 0.32717 0.1438 0.0742512
2 0.120044 0.504181 0.0485675 0.0339292
2 0.642776 0.375501 0.0396438 0.0261626
7 0.377161 0.281883 0.0647971 0.0601466
7 0.325605 0.364733 0.156038 0.0744169
2 0.532948 0.200243 0.0160469 0.0207835
7 0.334583 0.591385 0.0497934 0.0493516
7 0.145255 0.539592 0.0374065 0.0494136
2 0.72692 0.201956 0.028421 0.0184612
7 0.596185 0.140855 0.0471893 0.0572743
2 0.692346 0.357137 0.0449661 0.0354674
2 0.992237 0.337585 0.014817 0.0290126
5 0.35916 0.463682 0.167975 0.0892924
7 0.440874 0.21136 0.0435085 0.0440559
7 0.882422 0.327845 0.143106 0.0744096
2 0.334767 0.591606 0.0500849 0.049639
2 0.134114 0.236285 0.0367915 0.0331286
2 0.705362 0.165787 0.0282446 0.03057
7 0.440818 0.199306 0.0441166 0.0620982
2 0.145239 0.540053 0.0362533 0.0489695
7 0.897631 0.261762 0.0265532 0.0512672
7 0.770781 0.266926 0.105056 0.0514771
2 0.501328 0.202761 0.0149082 0.0221494
7 0.96668 0.252808 0.0650621 0.0644033
2 0.611872 0.192684 0.0218392 0.0212599
7 0.536532 0.535353 0.125129 0.0906681
2 0.615993 0.192204 0.0300387 0.0233668
2 0.622326 0.192155 0.0283806 0.023092
2 0.680484 0.283231 0.0187319 0.0365473
2 0.190472 0.126176 0.0349055 0.0324355
7 0.980413 0.251149 0.0382473 0.0636785
