7 0.6278 0.648075 0.221324 0.261971
7 0.303063 0.393139 0.0752139 0.110408
7 0.834343 0.935589 0.0931299 0.119427
7 0.379954 0.488421 0.0299855 0.0376838
7 0.370594 0.442124 0.0268365 0.0309898
7 0.414648 0.473073 0.028571 0.0393747
7 0.188831 0.272029 0.0370918 0.0742046
7 0.339799 0.404616 0.0216558 0.0294976
7 0.419882 0.334368 0.0191072 0.0173258
7 0.217516 0.283586 0.0383972 0.0550853
7 0.227364 0.325938 0.0197602 0.0231649
7 0.494173 0.577051 0.153941 0.207224
7 0.6278 0.648075 0.221324 0.261971
7 0.303063 0.393139 0.0752139 0.110408
7 0.834343 0.935589 0.0931299 0.119427
7 0.379954 0.488421 0.0299855 0.0376838
7 0.370594 0.442124 0.0268365 0.0309898
7 0.414648 0.473073 0.028571 0.0393747
7 0.188831 0.272029 0.0370918 0.0742046
7 0.339799 0.404616 0.0216558 0.0294976
7 0.419882 0.334368 0.0191072 0.0173258
7 0.217516 0.283586 0.0383972 0.0550853
7 0.227364 0.325938 0.0197602 0.0231649
7 0.494173 0.577051 0.153941 0.207224
7 0.6278 0.648075 0.221324 0.261971
7 0.303063 0.393139 0.0752139 0.110408
7 0.834343 0.935589 0.0931299 0.119427
7 0.379954 0.488421 0.0299855 0.0376838
7 0.370594 0.442124 0.0268365 0.0309898
7 0.414648 0.473073 0.028571 0.0393747
7 0.188831 0.272029 0.0370918 0.0742046
7 0.339799 0.404616 0.0216558 0.0294976
7 0.419882 0.334368 0.0191072 0.0173258
7 0.217516 0.283586 0.0383972 0.0550853
7 0.227364 0.325938 0.0197602 0.0231649
7 0.494173 0.577051 0.153941 0.207224
