7 0.374002 0.511591 0.173638 0.0891497
7 0.127354 0.41919 0.154619 0.0821676
2 0.800459 0.448003 0.0469242 0.0305723
7 0.311423 0.5957 0.144899 0.101484
2 0.905763 0.609509 0.0528608 0.0504161
7 0.660807 0.382719 0.150001 0.0765113
2 0.785067 0.406789 0.0513012 0.0300629
2 0.380423 0.434743 0.0344891 0.0237623
7 0.312642 0.42297 0.0380473 0.0303467
5 0.736425 0.291005 0.0680415 0.0623153
2 0.312602 0.423025 0.0382191 0.0307044
2 0.908768 0.544595 0.0441757 0.0509343
2 0.832244 0.207027 0.021526 0.0215334
7 0.612249 0.407224 0.0762213 0.05557
7 0.208556 0.580874 0.0369679 0.0592322
2 0.174772 0.551728 0.0498744 0.0362094
7 0.869668 0.365883 0.102139 0.077404
7 0.11025 0.59028 0.0393123 0.0574287
7 0.795101 0.235976 0.029558 0.0580355
2 0.946657 0.139013 0.0300831 0.0229214
7 0.753874 0.218201 0.0513998 0.0419654
7 0.0391603 0.165097 0.0779787 0.161908
2 0.917044 0.201973 0.0390493 0.0249745
2 0.831756 0.247258 0.0306936 0.0299296
7 0.986144 0.113846 0.0270504 0.107558
2 0.876261 0.206101 0.0225735 0.0217131
2 0.990786 0.179764 0.0176201 0.0191483
2 0.117702 0.224018 0.0347111 0.0298225
7 0.737037 0.290465 0.0671664 0.0617221
2 0.845335 0.0312727 0.0260155 0.0213976
7 0.154128 0.619839 0.0489119 0.07415
