5 0.113372 0.466986 0.162555 0.0809536
2 0.506063 0.474652 0.0427324 0.0327747
2 0.687089 0.59971 0.0577617 0.0422862
2 0.0552206 0.632798 0.0556051 0.0415692
5 0.248472 0.598584 0.190569 0.0966595
7 0.977347 0.43565 0.0436249 0.0720323
7 0.356876 0.459655 0.158654 0.0865929
7 0.746467 0.447984 0.163476 0.086107
7 0.408715 0.740408 0.0670628 0.0871826
2 0.119234 0.245764 0.0146261 0.0208588
7 0.883688 0.461984 0.0539852 0.0570959
2 0.987139 0.132114 0.0248856 0.0430298
2 0.885049 0.458593 0.0563206 0.0518378
2 0.105353 0.287016 0.0203133 0.0249891
2 0.493029 0.220742 0.0257419 0.032345
2 0.125256 0.287996 0.0432058 0.0282498
2 0.08579 0.245557 0.0254685 0.023589
