7 0.452035 0.356711 0.0570785 0.0558706
5 0.837409 0.32648 0.140953 0.0733771
7 0.0281861 0.376428 0.0561505 0.0708241
7 0.361164 0.458399 0.169041 0.0876249
2 0.543359 0.378655 0.0383965 0.0266015
2 0.645179 0.35528 0.0449759 0.0360184
2 0.11625 0.497927 0.049799 0.0331055
2 0.61843 0.347471 0.0384386 0.0307705
7 0.349041 0.280681 0.0620268 0.0594419
7 0.837002 0.32703 0.141783 0.0740277
5 0.360802 0.458722 0.168578 0.0891928
2 0.968253 0.329738 0.0546059 0.044254
7 0.574411 0.1394 0.0466616 0.0559821
2 0.509208 0.199337 0.0140121 0.0197124
2 0.289163 0.58739 0.0508567 0.04894
7 0.968796 0.329262 0.0550411 0.0444807
7 0.415795 0.207961 0.0432333 0.0467678
2 0.702881 0.20088 0.0291773 0.0177829
7 0.279666 0.362827 0.158117 0.0748754
2 0.682927 0.165935 0.0274828 0.0292117
2 0.665574 0.0377807 0.0178697 0.0299804
2 0.477968 0.201057 0.0141222 0.0220184
2 0.334017 0.173721 0.0198512 0.0216446
7 0.492121 0.532257 0.125237 0.0904692
7 0.572637 0.246872 0.0470881 0.0662756
7 0.289158 0.587526 0.0504342 0.0481071
2 0.0872549 0.535716 0.0367889 0.0497977
2 0.664988 0.130073 0.0279968 0.0252396
7 0.325303 0.361122 0.0669938 0.0690959
7 0.743403 0.263998 0.109487 0.0484628
7 0.931708 0.256593 0.0554804 0.057131
2 0.588046 0.192662 0.0211936 0.024216
7 0.952518 0.250888 0.0936878 0.0676846
2 0.0527026 0.241667 0.0340304 0.0255168
7 0.609775 0.13914 0.0290583 0.0495895
