7 0.662319 0.331253 0.222322 0.320329
2 0.0449361 0.480334 0.0892417 0.140372
2 0.854111 0.418414 0.126851 0.120079
2 0.958694 0.399848 0.081736 0.122458
2 0.213995 0.433131 0.0811604 0.0875342
7 0.189895 0.368077 0.110922 0.169753
7 0.286689 0.367268 0.0885476 0.160029
2 0.111548 0.441858 0.103985 0.135229
2 0.789037 0.39345 0.0464394 0.0720033
2 0.528425 0.39409 0.047815 0.0564674
7 0.542392 0.347679 0.0515387 0.0796657
2 0.337297 0.399909 0.0301482 0.0601822
2 0.0245867 0.394593 0.0489601 0.0383684
7 0.376012 0.363652 0.0694732 0.094872
7 0.426514 0.366517 0.021844 0.0661738
7 0.391141 0.363104 0.0462855 0.0933448
2 0.492289 0.38526 0.0216116 0.0319518
2 0.511329 0.391624 0.0210657 0.0517819
7 0.353701 0.361638 0.0466826 0.0912475
7 0.662319 0.331253 0.222322 0.320329
2 0.0449361 0.480334 0.0892417 0.140372
2 0.854111 0.418414 0.126851 0.120079
2 0.958694 0.399848 0.081736 0.122458
2 0.213995 0.433131 0.0811604 0.0875342
7 0.189895 0.368077 0.110922 0.169753
7 0.286689 0.367268 0.0885476 0.160029
2 0.111548 0.441858 0.103985 0.135229
2 0.789037 0.39345 0.0464394 0.0720033
2 0.528425 0.39409 0.047815 0.0564674
7 0.542392 0.347679 0.0515387 0.0796657
2 0.337297 0.399909 0.0301482 0.0601822
2 0.0245867 0.394593 0.0489601 0.0383684
7 0.376012 0.363652 0.0694732 0.094872
7 0.426514 0.366517 0.021844 0.0661738
7 0.391141 0.363104 0.0462855 0.0933448
2 0.492289 0.38526 0.0216116 0.0319518
2 0.511329 0.391624 0.0210657 0.0517819
7 0.353701 0.361638 0.0466826 0.0912475
7 0.662319 0.331253 0.222322 0.320329
2 0.0449361 0.480334 0.0892417 0.140372
2 0.854111 0.418414 0.126851 0.120079
2 0.958694 0.399848 0.081736 0.122458
2 0.213995 0.433131 0.0811604 0.0875342
7 0.189895 0.368077 0.110922 0.169753
7 0.286689 0.367268 0.0885476 0.160029
2 0.111548 0.441858 0.103985 0.135229
2 0.789037 0.39345 0.0464394 0.0720033
2 0.528425 0.39409 0.047815 0.0564674
7 0.542392 0.347679 0.0515387 0.0796657
2 0.337297 0.399909 0.0301482 0.0601822
2 0.0245867 0.394593 0.0489601 0.0383684
7 0.376012 0.363652 0.0694732 0.094872
7 0.426514 0.366517 0.021844 0.0661738
7 0.391141 0.363104 0.0462855 0.0933448
2 0.492289 0.38526 0.0216116 0.0319518
2 0.511329 0.391624 0.0210657 0.0517819
7 0.353701 0.361638 0.0466826 0.0912475
7 0.662319 0.331253 0.222322 0.320329
2 0.0449361 0.480334 0.0892417 0.140372
2 0.854111 0.418414 0.126851 0.120079
2 0.958694 0.399848 0.081736 0.122458
2 0.213995 0.433131 0.0811604 0.0875342
7 0.189895 0.368077 0.110922 0.169753
7 0.286689 0.367268 0.0885476 0.160029
2 0.111548 0.441858 0.103985 0.135229
2 0.789037 0.39345 0.0464394 0.0720033
2 0.528425 0.39409 0.047815 0.0564674
7 0.542392 0.347679 0.0515387 0.0796657
2 0.337297 0.399909 0.0301482 0.0601822
2 0.0245867 0.394593 0.0489601 0.0383684
7 0.376012 0.363652 0.0694732 0.094872
7 0.426514 0.366517 0.021844 0.0661738
7 0.391141 0.363104 0.0462855 0.0933448
2 0.492289 0.38526 0.0216116 0.0319518
2 0.511329 0.391624 0.0210657 0.0517819
7 0.353701 0.361638 0.0466826 0.0912475
