7 0.0666537 0.364565 0.132685 0.235533
7 0.191741 0.374918 0.15541 0.228057
2 0.679318 0.425576 0.112008 0.119649
2 0.0289749 0.476659 0.0577393 0.152025
2 0.741537 0.385273 0.0612262 0.0725055
7 0.839656 0.396941 0.137821 0.147573
2 0.291394 0.414016 0.0509835 0.0619595
7 0.367431 0.362827 0.0628669 0.116153
2 0.601154 0.398092 0.0683854 0.093752
2 0.558924 0.399906 0.0274085 0.0606462
2 0.99059 0.405801 0.0180897 0.122733
2 0.530063 0.389683 0.0406766 0.0566168
7 0.416752 0.364664 0.0310396 0.0724889
7 0.591871 0.351752 0.086072 0.139679
7 0.593115 0.332146 0.0839057 0.101157
7 0.303356 0.36153 0.0764536 0.111604
7 0.288039 0.354682 0.0465111 0.0970611
7 0.531563 0.340647 0.0424024 0.0540565
2 0.505266 0.382631 0.0234613 0.0439691
2 0.777406 0.383749 0.0339323 0.0625604
2 0.489198 0.387023 0.023193 0.0366518
2 0.485733 0.38732 0.02146 0.0334495
7 0.32514 0.360886 0.0315978 0.111274
2 0.688679 0.371116 0.0520151 0.0414968
2 0.687896 0.364952 0.049142 0.0296516
2 0.493226 0.383696 0.0306744 0.0433848
2 0.686449 0.360772 0.0467543 0.018592
7 0.316748 0.360316 0.0488363 0.113666
2 0.771682 0.367782 0.0245605 0.0296927
2 0.775053 0.377738 0.0301533 0.0492806
2 0.45947 0.374491 0.0181003 0.0227342
2 0.644149 0.375511 0.0314008 0.0322155
7 0.0666537 0.364565 0.132685 0.235533
7 0.191741 0.374918 0.15541 0.228057
2 0.679318 0.425576 0.112008 0.119649
2 0.0289749 0.476659 0.0577393 0.152025
2 0.741537 0.385273 0.0612262 0.0725055
7 0.839656 0.396941 0.137821 0.147573
2 0.291394 0.414016 0.0509835 0.0619595
7 0.367431 0.362827 0.0628669 0.116153
2 0.601154 0.398092 0.0683854 0.093752
2 0.558924 0.399906 0.0274085 0.0606462
2 0.99059 0.405801 0.0180897 0.122733
2 0.530063 0.389683 0.0406766 0.0566168
7 0.416752 0.364664 0.0310396 0.0724889
7 0.591871 0.351752 0.086072 0.139679
7 0.593115 0.332146 0.0839057 0.101157
7 0.303356 0.36153 0.0764536 0.111604
7 0.288039 0.354682 0.0465111 0.0970611
7 0.531563 0.340647 0.0424024 0.0540565
2 0.505266 0.382631 0.0234613 0.0439691
2 0.777406 0.383749 0.0339323 0.0625604
2 0.489198 0.387023 0.023193 0.0366518
2 0.485733 0.38732 0.02146 0.0334495
7 0.32514 0.360886 0.0315978 0.111274
2 0.688679 0.371116 0.0520151 0.0414968
2 0.687896 0.364952 0.049142 0.0296516
2 0.493226 0.383696 0.0306744 0.0433848
2 0.686449 0.360772 0.0467543 0.018592
7 0.316748 0.360316 0.0488363 0.113666
2 0.771682 0.367782 0.0245605 0.0296927
2 0.775053 0.377738 0.0301533 0.0492806
2 0.45947 0.374491 0.0181003 0.0227342
2 0.644149 0.375511 0.0314008 0.0322155
7 0.0666537 0.364565 0.132685 0.235533
7 0.191741 0.374918 0.15541 0.228057
2 0.679318 0.425576 0.112008 0.119649
2 0.0289749 0.476659 0.0577393 0.152025
2 0.741537 0.385273 0.0612262 0.0725055
7 0.839656 0.396941 0.137821 0.147573
2 0.291394 0.414016 0.0509835 0.0619595
7 0.367431 0.362827 0.0628669 0.116153
2 0.601154 0.398092 0.0683854 0.093752
2 0.558924 0.399906 0.0274085 0.0606462
2 0.99059 0.405801 0.0180897 0.122733
2 0.530063 0.389683 0.0406766 0.0566168
7 0.416752 0.364664 0.0310396 0.0724889
7 0.591871 0.351752 0.086072 0.139679
7 0.593115 0.332146 0.0839057 0.101157
7 0.303356 0.36153 0.0764536 0.111604
7 0.288039 0.354682 0.0465111 0.0970611
7 0.531563 0.340647 0.0424024 0.0540565
2 0.505266 0.382631 0.0234613 0.0439691
2 0.777406 0.383749 0.0339323 0.0625604
2 0.489198 0.387023 0.023193 0.0366518
2 0.485733 0.38732 0.02146 0.0334495
7 0.32514 0.360886 0.0315978 0.111274
2 0.688679 0.371116 0.0520151 0.0414968
2 0.687896 0.364952 0.049142 0.0296516
2 0.493226 0.383696 0.0306744 0.0433848
2 0.686449 0.360772 0.0467543 0.018592
7 0.316748 0.360316 0.0488363 0.113666
2 0.771682 0.367782 0.0245605 0.0296927
2 0.775053 0.377738 0.0301533 0.0492806
2 0.45947 0.374491 0.0181003 0.0227342
2 0.644149 0.375511 0.0314008 0.0322155
7 0.0666537 0.364565 0.132685 0.235533
7 0.191741 0.374918 0.15541 0.228057
2 0.679318 0.425576 0.112008 0.119649
2 0.0289749 0.476659 0.0577393 0.152025
2 0.741537 0.385273 0.0612262 0.0725055
7 0.839656 0.396941 0.137821 0.147573
2 0.291394 0.414016 0.0509835 0.0619595
7 0.367431 0.362827 0.0628669 0.116153
2 0.601154 0.398092 0.0683854 0.093752
2 0.558924 0.399906 0.0274085 0.0606462
2 0.99059 0.405801 0.0180897 0.122733
2 0.530063 0.389683 0.0406766 0.0566168
7 0.416752 0.364664 0.0310396 0.0724889
7 0.591871 0.351752 0.086072 0.139679
7 0.593115 0.332146 0.0839057 0.101157
7 0.303356 0.36153 0.0764536 0.111604
7 0.288039 0.354682 0.0465111 0.0970611
7 0.531563 0.340647 0.0424024 0.0540565
2 0.505266 0.382631 0.0234613 0.0439691
2 0.777406 0.383749 0.0339323 0.0625604
2 0.489198 0.387023 0.023193 0.0366518
2 0.485733 0.38732 0.02146 0.0334495
7 0.32514 0.360886 0.0315978 0.111274
2 0.688679 0.371116 0.0520151 0.0414968
2 0.687896 0.364952 0.049142 0.0296516
2 0.493226 0.383696 0.0306744 0.0433848
2 0.686449 0.360772 0.0467543 0.018592
7 0.316748 0.360316 0.0488363 0.113666
2 0.771682 0.367782 0.0245605 0.0296927
2 0.775053 0.377738 0.0301533 0.0492806
2 0.45947 0.374491 0.0181003 0.0227342
2 0.644149 0.375511 0.0314008 0.0322155
