7 0.102417 0.376459 0.204835 0.300762
2 0.945948 0.499783 0.107173 0.266816
2 0.851694 0.40691 0.123626 0.134702
7 0.658791 0.314544 0.1355 0.145324
2 0.559618 0.393015 0.0548528 0.074559
7 0.350398 0.363184 0.0762033 0.132841
2 0.61289 0.406672 0.0624878 0.0819009
7 0.277668 0.363796 0.0868414 0.132436
2 0.702426 0.41583 0.119988 0.150585
2 0.246009 0.423962 0.0660607 0.079704
2 0.951732 0.381469 0.0958595 0.0933874
2 0.758645 0.387011 0.0446308 0.0671941
7 0.412 0.364356 0.0319233 0.0789815
2 0.523638 0.387355 0.0347971 0.0535668
7 0.551611 0.333836 0.0569609 0.0615796
2 0.491681 0.385125 0.0242629 0.0340609
2 0.468938 0.381373 0.0145407 0.0202282
2 0.788285 0.387135 0.0298159 0.0620504
2 0.196338 0.422242 0.0340523 0.05754
2 0.516584 0.388427 0.0363339 0.0483326
7 0.561011 0.333783 0.036093 0.0591163
2 0.507357 0.387253 0.0202551 0.0450432
7 0.102417 0.376459 0.204835 0.300762
2 0.945948 0.499783 0.107173 0.266816
2 0.851694 0.40691 0.123626 0.134702
7 0.658791 0.314544 0.1355 0.145324
2 0.559618 0.393015 0.0548528 0.074559
7 0.350398 0.363184 0.0762033 0.132841
2 0.61289 0.406672 0.0624878 0.0819009
7 0.277668 0.363796 0.0868414 0.132436
2 0.702426 0.41583 0.119988 0.150585
2 0.246009 0.423962 0.0660607 0.079704
2 0.951732 0.381469 0.0958595 0.0933874
2 0.758645 0.387011 0.0446308 0.0671941
7 0.412 0.364356 0.0319233 0.0789815
2 0.523638 0.387355 0.0347971 0.0535668
7 0.551611 0.333836 0.0569609 0.0615796
2 0.491681 0.385125 0.0242629 0.0340609
2 0.468938 0.381373 0.0145407 0.0202282
2 0.788285 0.387135 0.0298159 0.0620504
2 0.196338 0.422242 0.0340523 0.05754
2 0.516584 0.388427 0.0363339 0.0483326
7 0.561011 0.333783 0.036093 0.0591163
2 0.507357 0.387253 0.0202551 0.0450432
7 0.102417 0.376459 0.204835 0.300762
2 0.945948 0.499783 0.107173 0.266816
2 0.851694 0.40691 0.123626 0.134702
7 0.658791 0.314544 0.1355 0.145324
2 0.559618 0.393015 0.0548528 0.074559
7 0.350398 0.363184 0.0762033 0.132841
2 0.61289 0.406672 0.0624878 0.0819009
7 0.277668 0.363796 0.0868414 0.132436
2 0.702426 0.41583 0.119988 0.150585
2 0.246009 0.423962 0.0660607 0.079704
2 0.951732 0.381469 0.0958595 0.0933874
2 0.758645 0.387011 0.0446308 0.0671941
7 0.412 0.364356 0.0319233 0.0789815
2 0.523638 0.387355 0.0347971 0.0535668
7 0.551611 0.333836 0.0569609 0.0615796
2 0.491681 0.385125 0.0242629 0.0340609
2 0.468938 0.381373 0.0145407 0.0202282
2 0.788285 0.387135 0.0298159 0.0620504
2 0.196338 0.422242 0.0340523 0.05754
2 0.516584 0.388427 0.0363339 0.0483326
7 0.561011 0.333783 0.036093 0.0591163
2 0.507357 0.387253 0.0202551 0.0450432
7 0.102417 0.376459 0.204835 0.300762
2 0.945948 0.499783 0.107173 0.266816
2 0.851694 0.40691 0.123626 0.134702
7 0.658791 0.314544 0.1355 0.145324
2 0.559618 0.393015 0.0548528 0.074559
7 0.350398 0.363184 0.0762033 0.132841
2 0.61289 0.406672 0.0624878 0.0819009
7 0.277668 0.363796 0.0868414 0.132436
2 0.702426 0.41583 0.119988 0.150585
2 0.246009 0.423962 0.0660607 0.079704
2 0.951732 0.381469 0.0958595 0.0933874
2 0.758645 0.387011 0.0446308 0.0671941
7 0.412 0.364356 0.0319233 0.0789815
2 0.523638 0.387355 0.0347971 0.0535668
7 0.551611 0.333836 0.0569609 0.0615796
2 0.491681 0.385125 0.0242629 0.0340609
2 0.468938 0.381373 0.0145407 0.0202282
2 0.788285 0.387135 0.0298159 0.0620504
2 0.196338 0.422242 0.0340523 0.05754
2 0.516584 0.388427 0.0363339 0.0483326
7 0.561011 0.333783 0.036093 0.0591163
2 0.507357 0.387253 0.0202551 0.0450432
