7 0.831367 0.416097 0.149519 0.076952
2 0.22791 0.595051 0.0496684 0.036702
5 0.414819 0.556068 0.180335 0.0954066
7 0.258579 0.704182 0.0650419 0.0817822
7 0.414724 0.55612 0.179903 0.0950073
2 0.442418 0.474375 0.0415575 0.022553
2 0.955645 0.427439 0.041444 0.0281372
7 0.559467 0.429628 0.103043 0.0729219
7 0.377642 0.446655 0.0469591 0.0412497
2 0.981564 0.547544 0.0359413 0.0402295
7 0.767315 0.60806 0.151558 0.123027
2 0.73389 0.456786 0.042717 0.0275877
7 0.188749 0.446316 0.132751 0.0763351
2 0.990201 0.242168 0.01882 0.0325756
7 0.51954 0.433867 0.0255966 0.0642656
7 0.777626 0.627913 0.131276 0.0841034
