2 0.622026 0.470262 0.0450172 0.0347188
7 0.0337319 0.465608 0.066709 0.0787082
7 0.482348 0.453396 0.154331 0.0827377
5 0.0993813 0.606058 0.198418 0.100687
2 0.586852 0.60753 0.0570257 0.0432545
2 0.126347 0.507336 0.0484371 0.031682
7 0.0996951 0.605901 0.198552 0.100371
5 0.259543 0.462964 0.158008 0.0791555
7 0.724578 0.4774 0.0759245 0.0471759
7 0.389552 0.744692 0.066031 0.0843753
2 0.950336 0.522467 0.05333 0.0356307
2 0.18955 0.23977 0.0152571 0.0254128
2 0.130918 0.242513 0.0152858 0.0196534
2 0.141801 0.284113 0.0365475 0.0277171
7 0.950491 0.522207 0.0541061 0.0355374
7 0.880706 0.655499 0.0465691 0.0827032
2 0.989824 0.146246 0.0194553 0.0569779
2 0.160305 0.241151 0.0159466 0.0214074
7 0.820229 0.445173 0.157447 0.0847468
