7 0.678342 0.328091 0.242859 0.345039
2 0.882266 0.422015 0.139754 0.12624
2 0.0393712 0.482804 0.0784963 0.144439
7 0.186829 0.369009 0.11307 0.174628
7 0.285092 0.367368 0.0884884 0.160711
2 0.978105 0.399769 0.0429379 0.12564
2 0.208313 0.434057 0.0818184 0.0877639
2 0.101921 0.442954 0.107086 0.138658
2 0.812294 0.393824 0.0504999 0.0743067
2 0.531112 0.394838 0.0527773 0.0591916
7 0.375254 0.363801 0.0674624 0.0948334
2 0.335746 0.398346 0.029769 0.0640635
7 0.543591 0.344945 0.0552464 0.0750629
7 0.426078 0.366624 0.0230733 0.0677299
2 0.0181956 0.394752 0.0362192 0.0391262
2 0.0468137 0.401147 0.0247412 0.0313523
2 0.494735 0.385157 0.0235849 0.0322817
7 0.385754 0.364429 0.0461925 0.0933549
2 0.520195 0.38998 0.0365373 0.0498452
7 0.352362 0.362083 0.0458511 0.0923965
2 0.513488 0.390701 0.0230538 0.0501807
7 0.678342 0.328091 0.242859 0.345039
2 0.882266 0.422015 0.139754 0.12624
2 0.0393712 0.482804 0.0784963 0.144439
7 0.186829 0.369009 0.11307 0.174628
7 0.285092 0.367368 0.0884884 0.160711
2 0.978105 0.399769 0.0429379 0.12564
2 0.208313 0.434057 0.0818184 0.0877639
2 0.101921 0.442954 0.107086 0.138658
2 0.812294 0.393824 0.0504999 0.0743067
2 0.531112 0.394838 0.0527773 0.0591916
7 0.375254 0.363801 0.0674624 0.0948334
2 0.335746 0.398346 0.029769 0.0640635
7 0.543591 0.344945 0.0552464 0.0750629
7 0.426078 0.366624 0.0230733 0.0677299
2 0.0181956 0.394752 0.0362192 0.0391262
2 0.0468137 0.401147 0.0247412 0.0313523
2 0.494735 0.385157 0.0235849 0.0322817
7 0.385754 0.364429 0.0461925 0.0933549
2 0.520195 0.38998 0.0365373 0.0498452
7 0.352362 0.362083 0.0458511 0.0923965
2 0.513488 0.390701 0.0230538 0.0501807
7 0.678342 0.328091 0.242859 0.345039
2 0.882266 0.422015 0.139754 0.12624
2 0.0393712 0.482804 0.0784963 0.144439
7 0.186829 0.369009 0.11307 0.174628
7 0.285092 0.367368 0.0884884 0.160711
2 0.978105 0.399769 0.0429379 0.12564
2 0.208313 0.434057 0.0818184 0.0877639
2 0.101921 0.442954 0.107086 0.138658
2 0.812294 0.393824 0.0504999 0.0743067
2 0.531112 0.394838 0.0527773 0.0591916
7 0.375254 0.363801 0.0674624 0.0948334
2 0.335746 0.398346 0.029769 0.0640635
7 0.543591 0.344945 0.0552464 0.0750629
7 0.426078 0.366624 0.0230733 0.0677299
2 0.0181956 0.394752 0.0362192 0.0391262
2 0.0468137 0.401147 0.0247412 0.0313523
2 0.494735 0.385157 0.0235849 0.0322817
7 0.385754 0.364429 0.0461925 0.0933549
2 0.520195 0.38998 0.0365373 0.0498452
7 0.352362 0.362083 0.0458511 0.0923965
2 0.513488 0.390701 0.0230538 0.0501807
7 0.678342 0.328091 0.242859 0.345039
2 0.882266 0.422015 0.139754 0.12624
2 0.0393712 0.482804 0.0784963 0.144439
7 0.186829 0.369009 0.11307 0.174628
7 0.285092 0.367368 0.0884884 0.160711
2 0.978105 0.399769 0.0429379 0.12564
2 0.208313 0.434057 0.0818184 0.0877639
2 0.101921 0.442954 0.107086 0.138658
2 0.812294 0.393824 0.0504999 0.0743067
2 0.531112 0.394838 0.0527773 0.0591916
7 0.375254 0.363801 0.0674624 0.0948334
2 0.335746 0.398346 0.029769 0.0640635
7 0.543591 0.344945 0.0552464 0.0750629
7 0.426078 0.366624 0.0230733 0.0677299
2 0.0181956 0.394752 0.0362192 0.0391262
2 0.0468137 0.401147 0.0247412 0.0313523
2 0.494735 0.385157 0.0235849 0.0322817
7 0.385754 0.364429 0.0461925 0.0933549
2 0.520195 0.38998 0.0365373 0.0498452
7 0.352362 0.362083 0.0458511 0.0923965
2 0.513488 0.390701 0.0230538 0.0501807
