7 0.436309 0.548157 0.102271 0.191099
7 0.543737 0.745457 0.0466536 0.0756185
7 0.532228 0.646016 0.0391347 0.0540215
7 0.610338 0.744191 0.0574758 0.0903117
7 0.659201 0.489426 0.038101 0.0355928
7 0.3059 0.34023 0.0386932 0.0794311
7 0.342196 0.40523 0.0204196 0.0327098
7 0.337813 0.349468 0.0461578 0.0801912
7 0.480144 0.556811 0.0293911 0.0489604
7 0.376121 0.46445 0.0214107 0.0313675
7 0.356404 0.433951 0.0219152 0.032825
7 0.522819 0.391683 0.0213676 0.0190489
7 0.386034 0.426417 0.0317159 0.0524376
7 0.711756 0.897569 0.184035 0.197703
7 0.436309 0.548157 0.102271 0.191099
7 0.543737 0.745457 0.0466536 0.0756185
7 0.532228 0.646016 0.0391347 0.0540215
7 0.610338 0.744191 0.0574758 0.0903117
7 0.659201 0.489426 0.038101 0.0355928
7 0.3059 0.34023 0.0386932 0.0794311
7 0.342196 0.40523 0.0204196 0.0327098
7 0.337813 0.349468 0.0461578 0.0801912
7 0.480144 0.556811 0.0293911 0.0489604
7 0.376121 0.46445 0.0214107 0.0313675
7 0.356404 0.433951 0.0219152 0.032825
7 0.522819 0.391683 0.0213676 0.0190489
7 0.386034 0.426417 0.0317159 0.0524376
7 0.711756 0.897569 0.184035 0.197703
