7 0.805343 0.323159 0.387865 0.638829
7 0.257877 0.370269 0.11019 0.177128
2 0.155077 0.446869 0.0998944 0.102955
7 0.149022 0.367658 0.134573 0.190003
2 0.568815 0.402512 0.0578562 0.0701155
2 0.534419 0.391901 0.0402548 0.0612343
2 0.321779 0.401799 0.0366727 0.0678024
2 0.0463262 0.458062 0.0921155 0.166011
2 0.603002 0.385501 0.0365358 0.0503749
2 0.506387 0.383537 0.0294411 0.0427361
7 0.422048 0.366278 0.0261081 0.0679273
7 0.5516 0.336351 0.0621439 0.0697618
7 0.365916 0.362837 0.064251 0.105376
7 0.384688 0.362818 0.0519491 0.103065
2 0.477315 0.384492 0.0169654 0.0323056
7 0.357745 0.362659 0.0948515 0.107318
2 0.634263 0.371742 0.0312348 0.0490599
7 0.336555 0.358937 0.0532159 0.100416
7 0.323397 0.352312 0.027409 0.0809304
7 0.805343 0.323159 0.387865 0.638829
7 0.257877 0.370269 0.11019 0.177128
2 0.155077 0.446869 0.0998944 0.102955
7 0.149022 0.367658 0.134573 0.190003
2 0.568815 0.402512 0.0578562 0.0701155
2 0.534419 0.391901 0.0402548 0.0612343
2 0.321779 0.401799 0.0366727 0.0678024
2 0.0463262 0.458062 0.0921155 0.166011
2 0.603002 0.385501 0.0365358 0.0503749
2 0.506387 0.383537 0.0294411 0.0427361
7 0.422048 0.366278 0.0261081 0.0679273
7 0.5516 0.336351 0.0621439 0.0697618
7 0.365916 0.362837 0.064251 0.105376
7 0.384688 0.362818 0.0519491 0.103065
2 0.477315 0.384492 0.0169654 0.0323056
7 0.357745 0.362659 0.0948515 0.107318
2 0.634263 0.371742 0.0312348 0.0490599
7 0.336555 0.358937 0.0532159 0.100416
7 0.323397 0.352312 0.027409 0.0809304
7 0.805343 0.323159 0.387865 0.638829
7 0.257877 0.370269 0.11019 0.177128
2 0.155077 0.446869 0.0998944 0.102955
7 0.149022 0.367658 0.134573 0.190003
2 0.568815 0.402512 0.0578562 0.0701155
2 0.534419 0.391901 0.0402548 0.0612343
2 0.321779 0.401799 0.0366727 0.0678024
2 0.0463262 0.458062 0.0921155 0.166011
2 0.603002 0.385501 0.0365358 0.0503749
2 0.506387 0.383537 0.0294411 0.0427361
7 0.422048 0.366278 0.0261081 0.0679273
7 0.5516 0.336351 0.0621439 0.0697618
7 0.365916 0.362837 0.064251 0.105376
7 0.384688 0.362818 0.0519491 0.103065
2 0.477315 0.384492 0.0169654 0.0323056
7 0.357745 0.362659 0.0948515 0.107318
2 0.634263 0.371742 0.0312348 0.0490599
7 0.336555 0.358937 0.0532159 0.100416
7 0.323397 0.352312 0.027409 0.0809304
7 0.805343 0.323159 0.387865 0.638829
7 0.257877 0.370269 0.11019 0.177128
2 0.155077 0.446869 0.0998944 0.102955
7 0.149022 0.367658 0.134573 0.190003
2 0.568815 0.402512 0.0578562 0.0701155
2 0.534419 0.391901 0.0402548 0.0612343
2 0.321779 0.401799 0.0366727 0.0678024
2 0.0463262 0.458062 0.0921155 0.166011
2 0.603002 0.385501 0.0365358 0.0503749
2 0.506387 0.383537 0.0294411 0.0427361
7 0.422048 0.366278 0.0261081 0.0679273
7 0.5516 0.336351 0.0621439 0.0697618
7 0.365916 0.362837 0.064251 0.105376
7 0.384688 0.362818 0.0519491 0.103065
2 0.477315 0.384492 0.0169654 0.0323056
7 0.357745 0.362659 0.0948515 0.107318
2 0.634263 0.371742 0.0312348 0.0490599
7 0.336555 0.358937 0.0532159 0.100416
7 0.323397 0.352312 0.027409 0.0809304
