7 0.952263 0.468004 0.0942368 0.10201
7 0.880572 0.587662 0.140253 0.184282
7 0.309478 0.546795 0.061128 0.170285
7 0.870033 0.465337 0.0976471 0.114984
7 0.952263 0.468004 0.0942368 0.10201
7 0.880572 0.587662 0.140253 0.184282
7 0.309478 0.546795 0.061128 0.170285
7 0.870033 0.465337 0.0976471 0.114984
7 0.952263 0.468004 0.0942368 0.10201
7 0.880572 0.587662 0.140253 0.184282
7 0.309478 0.546795 0.061128 0.170285
7 0.870033 0.465337 0.0976471 0.114984
7 0.952263 0.468004 0.0942368 0.10201
7 0.880572 0.587662 0.140253 0.184282
7 0.309478 0.546795 0.061128 0.170285
7 0.870033 0.465337 0.0976471 0.114984
7 0.952263 0.468004 0.0942368 0.10201
7 0.880572 0.587662 0.140253 0.184282
7 0.309478 0.546795 0.061128 0.170285
7 0.870033 0.465337 0.0976471 0.114984
7 0.952263 0.468004 0.0942368 0.10201
7 0.880572 0.587662 0.140253 0.184282
7 0.309478 0.546795 0.061128 0.170285
7 0.870033 0.465337 0.0976471 0.114984
7 0.952263 0.468004 0.0942368 0.10201
7 0.880572 0.587662 0.140253 0.184282
5 0.309478 0.546795 0.061128 0.170285
5 0.870033 0.465337 0.0976471 0.114984
5 0.368547 0.546417 0.067027 0.165494
5 0.336593 0.213502 0.0425448 0.0699181
2 0.76561 0.599275 0.0733931 0.125762
5 0.0530885 0.793782 0.105738 0.110585
5 0.276644 0.540737 0.0564657 0.16845
7 0.603356 0.358585 0.0991236 0.0598577
5 0.0715685 0.535326 0.0305973 0.138839
5 0.100062 0.545558 0.0349538 0.129144
5 0.880662 0.587757 0.140421 0.183361
5 0.462326 0.553579 0.0833788 0.1716
5 0.401563 0.548356 0.0761796 0.172365
5 0.566455 0.227333 0.0588575 0.0687792
5 0.126841 0.527722 0.0453812 0.162233
5 0.817781 0.321726 0.0812733 0.0743421
7 0.944132 0.584111 0.111039 0.179273
5 0.187445 0.531006 0.0494526 0.166903
5 0.0952623 0.844571 0.190055 0.19065
5 0.217375 0.537538 0.052416 0.165535
5 0.449686 0.0359178 0.0365978 0.0480189
7 0.0530143 0.793907 0.104578 0.109312
