7 0.818214 0.310437 0.362171 0.611094
7 0.249161 0.371105 0.114786 0.184638
7 0.132748 0.369735 0.144341 0.205441
2 0.137053 0.449638 0.104913 0.110009
2 0.580832 0.403692 0.0632231 0.0749291
2 0.0318203 0.463599 0.0633395 0.178259
2 0.611549 0.387722 0.0355501 0.052939
2 0.54122 0.393043 0.0424107 0.0657974
2 0.316469 0.406598 0.0409006 0.057347
7 0.37387 0.363248 0.0472939 0.102824
7 0.55693 0.333488 0.0585257 0.0687749
7 0.421441 0.366593 0.0263074 0.0704053
2 0.50879 0.384778 0.0307538 0.0446521
7 0.362875 0.361752 0.0683472 0.105774
2 0.477469 0.386458 0.0161261 0.0307343
7 0.318822 0.35187 0.0291531 0.0793052
2 0.63731 0.381481 0.027254 0.0449066
2 0.667332 0.370855 0.0391103 0.0601134
7 0.555434 0.346905 0.0623693 0.0957123
7 0.517931 0.343263 0.0235075 0.0491173
7 0.665012 0.371245 0.0426239 0.0592645
7 0.818214 0.310437 0.362171 0.611094
7 0.249161 0.371105 0.114786 0.184638
7 0.132748 0.369735 0.144341 0.205441
2 0.137053 0.449638 0.104913 0.110009
2 0.580832 0.403692 0.0632231 0.0749291
2 0.0318203 0.463599 0.0633395 0.178259
2 0.611549 0.387722 0.0355501 0.052939
2 0.54122 0.393043 0.0424107 0.0657974
2 0.316469 0.406598 0.0409006 0.057347
7 0.37387 0.363248 0.0472939 0.102824
7 0.55693 0.333488 0.0585257 0.0687749
7 0.421441 0.366593 0.0263074 0.0704053
2 0.50879 0.384778 0.0307538 0.0446521
7 0.362875 0.361752 0.0683472 0.105774
2 0.477469 0.386458 0.0161261 0.0307343
7 0.318822 0.35187 0.0291531 0.0793052
2 0.63731 0.381481 0.027254 0.0449066
2 0.667332 0.370855 0.0391103 0.0601134
7 0.555434 0.346905 0.0623693 0.0957123
7 0.517931 0.343263 0.0235075 0.0491173
7 0.665012 0.371245 0.0426239 0.0592645
7 0.818214 0.310437 0.362171 0.611094
7 0.249161 0.371105 0.114786 0.184638
7 0.132748 0.369735 0.144341 0.205441
2 0.137053 0.449638 0.104913 0.110009
2 0.580832 0.403692 0.0632231 0.0749291
2 0.0318203 0.463599 0.0633395 0.178259
2 0.611549 0.387722 0.0355501 0.052939
2 0.54122 0.393043 0.0424107 0.0657974
2 0.316469 0.406598 0.0409006 0.057347
7 0.37387 0.363248 0.0472939 0.102824
7 0.55693 0.333488 0.0585257 0.0687749
7 0.421441 0.366593 0.0263074 0.0704053
2 0.50879 0.384778 0.0307538 0.0446521
7 0.362875 0.361752 0.0683472 0.105774
2 0.477469 0.386458 0.0161261 0.0307343
7 0.318822 0.35187 0.0291531 0.0793052
2 0.63731 0.381481 0.027254 0.0449066
2 0.667332 0.370855 0.0391103 0.0601134
7 0.555434 0.346905 0.0623693 0.0957123
7 0.517931 0.343263 0.0235075 0.0491173
7 0.665012 0.371245 0.0426239 0.0592645
7 0.818214 0.310437 0.362171 0.611094
7 0.249161 0.371105 0.114786 0.184638
7 0.132748 0.369735 0.144341 0.205441
2 0.137053 0.449638 0.104913 0.110009
2 0.580832 0.403692 0.0632231 0.0749291
2 0.0318203 0.463599 0.0633395 0.178259
2 0.611549 0.387722 0.0355501 0.052939
2 0.54122 0.393043 0.0424107 0.0657974
2 0.316469 0.406598 0.0409006 0.057347
7 0.37387 0.363248 0.0472939 0.102824
7 0.55693 0.333488 0.0585257 0.0687749
7 0.421441 0.366593 0.0263074 0.0704053
2 0.50879 0.384778 0.0307538 0.0446521
7 0.362875 0.361752 0.0683472 0.105774
2 0.477469 0.386458 0.0161261 0.0307343
7 0.318822 0.35187 0.0291531 0.0793052
2 0.63731 0.381481 0.027254 0.0449066
2 0.667332 0.370855 0.0391103 0.0601134
7 0.555434 0.346905 0.0623693 0.0957123
7 0.517931 0.343263 0.0235075 0.0491173
7 0.665012 0.371245 0.0426239 0.0592645
