7 0.610175 0.627331 0.20965 0.249301
7 0.29861 0.383711 0.0742166 0.107603
7 0.481937 0.560982 0.149453 0.19884
7 0.600937 0.436808 0.0326082 0.0267376
7 0.373232 0.475924 0.0295512 0.0349948
7 0.405873 0.463335 0.0317782 0.0403959
7 0.363183 0.429857 0.0249641 0.0297101
7 0.259353 0.224907 0.0300657 0.0346469
7 0.969529 0.259797 0.0556816 0.0452817
7 0.809592 0.905774 0.0900753 0.118149
7 0.186766 0.267271 0.03759 0.0707856
7 0.610175 0.627331 0.20965 0.249301
7 0.29861 0.383711 0.0742166 0.107603
7 0.481937 0.560982 0.149453 0.19884
7 0.600937 0.436808 0.0326082 0.0267376
7 0.373232 0.475924 0.0295512 0.0349948
7 0.405873 0.463335 0.0317782 0.0403959
7 0.363183 0.429857 0.0249641 0.0297101
7 0.259353 0.224907 0.0300657 0.0346469
7 0.969529 0.259797 0.0556816 0.0452817
7 0.809592 0.905774 0.0900753 0.118149
7 0.186766 0.267271 0.03759 0.0707856
7 0.610175 0.627331 0.20965 0.249301
7 0.29861 0.383711 0.0742166 0.107603
7 0.481937 0.560982 0.149453 0.19884
7 0.600937 0.436808 0.0326082 0.0267376
7 0.373232 0.475924 0.0295512 0.0349948
7 0.405873 0.463335 0.0317782 0.0403959
7 0.363183 0.429857 0.0249641 0.0297101
7 0.259353 0.224907 0.0300657 0.0346469
7 0.969529 0.259797 0.0556816 0.0452817
7 0.809592 0.905774 0.0900753 0.118149
7 0.186766 0.267271 0.03759 0.0707856
7 0.610175 0.627331 0.20965 0.249301
7 0.29861 0.383711 0.0742166 0.107603
7 0.481937 0.560982 0.149453 0.19884
7 0.600937 0.436808 0.0326082 0.0267376
7 0.373232 0.475924 0.0295512 0.0349948
7 0.405873 0.463335 0.0317782 0.0403959
7 0.363183 0.429857 0.0249641 0.0297101
7 0.259353 0.224907 0.0300657 0.0346469
7 0.969529 0.259797 0.0556816 0.0452817
7 0.809592 0.905774 0.0900753 0.118149
7 0.186766 0.267271 0.03759 0.0707856
7 0.610175 0.627331 0.20965 0.249301
7 0.29861 0.383711 0.0742166 0.107603
7 0.481937 0.560982 0.149453 0.19884
7 0.600937 0.436808 0.0326082 0.0267376
7 0.373232 0.475924 0.0295512 0.0349948
7 0.405873 0.463335 0.0317782 0.0403959
7 0.363183 0.429857 0.0249641 0.0297101
7 0.259353 0.224907 0.0300657 0.0346469
7 0.969529 0.259797 0.0556816 0.0452817
7 0.809592 0.905774 0.0900753 0.118149
7 0.186766 0.267271 0.03759 0.0707856
7 0.610175 0.627331 0.20965 0.249301
7 0.29861 0.383711 0.0742166 0.107603
7 0.481937 0.560982 0.149453 0.19884
7 0.600937 0.436808 0.0326082 0.0267376
7 0.373232 0.475924 0.0295512 0.0349948
7 0.405873 0.463335 0.0317782 0.0403959
7 0.363183 0.429857 0.0249641 0.0297101
7 0.259353 0.224907 0.0300657 0.0346469
7 0.969529 0.259797 0.0556816 0.0452817
7 0.809592 0.905774 0.0900753 0.118149
7 0.186766 0.267271 0.03759 0.0707856
7 0.610175 0.627331 0.20965 0.249301
7 0.29861 0.383711 0.0742166 0.107603
7 0.481937 0.560982 0.149453 0.19884
7 0.600937 0.436808 0.0326082 0.0267376
7 0.373232 0.475924 0.0295512 0.0349948
7 0.405873 0.463335 0.0317782 0.0403959
7 0.363183 0.429857 0.0249641 0.0297101
7 0.259353 0.224907 0.0300657 0.0346469
7 0.969529 0.259797 0.0556816 0.0452817
7 0.809592 0.905774 0.0900753 0.118149
7 0.186766 0.267271 0.03759 0.0707856
7 0.610175 0.627331 0.20965 0.249301
7 0.29861 0.383711 0.0742166 0.107603
7 0.481937 0.560982 0.149453 0.19884
2 0.600937 0.436808 0.0326082 0.0267376
2 0.373232 0.475924 0.0295512 0.0349948
2 0.405873 0.463335 0.0317782 0.0403959
2 0.363183 0.429857 0.0249641 0.0297101
7 0.259353 0.224907 0.0300657 0.0346469
7 0.969529 0.259797 0.0556816 0.0452817
2 0.809592 0.905774 0.0900753 0.118149
7 0.186766 0.267271 0.03759 0.0707856
7 0.214178 0.277261 0.0389497 0.0556846
2 0.223268 0.316762 0.0210122 0.0297048
7 0.186874 0.277448 0.0359299 0.051463
2 0.253159 0.349752 0.0181726 0.0283073
2 0.24237 0.34018 0.0277094 0.0334331
2 0.260482 0.324691 0.0300683 0.0256004
2 0.92084 0.252969 0.0286728 0.0207009
