7 0.1435 0.376172 0.184611 0.261887
2 0.792062 0.452667 0.17662 0.17675
7 0.947996 0.410956 0.10321 0.20885
7 0.0392717 0.364444 0.0780126 0.257295
2 0.638439 0.404478 0.0866943 0.113636
7 0.360425 0.363426 0.0726886 0.122654
7 0.290342 0.362219 0.0832658 0.119466
2 0.580508 0.400433 0.0434159 0.0708805
2 0.276265 0.418168 0.0556557 0.066384
2 0.543695 0.391566 0.0456591 0.0645189
7 0.620785 0.320359 0.104696 0.112772
2 0.692199 0.385718 0.0413497 0.0556303
2 0.831277 0.388737 0.0841401 0.0911263
2 0.511813 0.385174 0.0354256 0.0474494
7 0.413947 0.363503 0.0309883 0.0756353
2 0.742253 0.379589 0.0667927 0.0667957
7 0.542165 0.336422 0.0507734 0.0546483
2 0.487954 0.384114 0.0246977 0.0361497
5 0.620061 0.321973 0.104534 0.116242
2 0.45921 0.373842 0.0186493 0.0270665
2 0.868087 0.358419 0.0345652 0.024998
7 0.1435 0.376172 0.184611 0.261887
2 0.792062 0.452667 0.17662 0.17675
7 0.947996 0.410956 0.10321 0.20885
7 0.0392717 0.364444 0.0780126 0.257295
2 0.638439 0.404478 0.0866943 0.113636
7 0.360425 0.363426 0.0726886 0.122654
7 0.290342 0.362219 0.0832658 0.119466
2 0.580508 0.400433 0.0434159 0.0708805
2 0.276265 0.418168 0.0556557 0.066384
2 0.543695 0.391566 0.0456591 0.0645189
7 0.620785 0.320359 0.104696 0.112772
2 0.692199 0.385718 0.0413497 0.0556303
2 0.831277 0.388737 0.0841401 0.0911263
2 0.511813 0.385174 0.0354256 0.0474494
7 0.413947 0.363503 0.0309883 0.0756353
2 0.742253 0.379589 0.0667927 0.0667957
7 0.542165 0.336422 0.0507734 0.0546483
2 0.487954 0.384114 0.0246977 0.0361497
5 0.620061 0.321973 0.104534 0.116242
2 0.45921 0.373842 0.0186493 0.0270665
2 0.868087 0.358419 0.0345652 0.024998
7 0.1435 0.376172 0.184611 0.261887
2 0.792062 0.452667 0.17662 0.17675
7 0.947996 0.410956 0.10321 0.20885
7 0.0392717 0.364444 0.0780126 0.257295
2 0.638439 0.404478 0.0866943 0.113636
7 0.360425 0.363426 0.0726886 0.122654
7 0.290342 0.362219 0.0832658 0.119466
2 0.580508 0.400433 0.0434159 0.0708805
2 0.276265 0.418168 0.0556557 0.066384
2 0.543695 0.391566 0.0456591 0.0645189
7 0.620785 0.320359 0.104696 0.112772
2 0.692199 0.385718 0.0413497 0.0556303
2 0.831277 0.388737 0.0841401 0.0911263
2 0.511813 0.385174 0.0354256 0.0474494
7 0.413947 0.363503 0.0309883 0.0756353
2 0.742253 0.379589 0.0667927 0.0667957
7 0.542165 0.336422 0.0507734 0.0546483
2 0.487954 0.384114 0.0246977 0.0361497
5 0.620061 0.321973 0.104534 0.116242
2 0.45921 0.373842 0.0186493 0.0270665
2 0.868087 0.358419 0.0345652 0.024998
7 0.1435 0.376172 0.184611 0.261887
2 0.792062 0.452667 0.17662 0.17675
7 0.947996 0.410956 0.10321 0.20885
7 0.0392717 0.364444 0.0780126 0.257295
2 0.638439 0.404478 0.0866943 0.113636
7 0.360425 0.363426 0.0726886 0.122654
7 0.290342 0.362219 0.0832658 0.119466
2 0.580508 0.400433 0.0434159 0.0708805
2 0.276265 0.418168 0.0556557 0.066384
2 0.543695 0.391566 0.0456591 0.0645189
7 0.620785 0.320359 0.104696 0.112772
2 0.692199 0.385718 0.0413497 0.0556303
2 0.831277 0.388737 0.0841401 0.0911263
2 0.511813 0.385174 0.0354256 0.0474494
7 0.413947 0.363503 0.0309883 0.0756353
2 0.742253 0.379589 0.0667927 0.0667957
7 0.542165 0.336422 0.0507734 0.0546483
2 0.487954 0.384114 0.0246977 0.0361497
5 0.620061 0.321973 0.104534 0.116242
2 0.45921 0.373842 0.0186493 0.0270665
2 0.868087 0.358419 0.0345652 0.024998
