2 0.933447 0.493169 0.132137 0.262154
7 0.87654 0.259318 0.245103 0.432503
2 0.724818 0.419735 0.141003 0.162856
7 0.212042 0.369308 0.117309 0.16852
7 0.309631 0.363868 0.108546 0.162837
2 0.0843408 0.455137 0.120654 0.134806
7 0.0230291 0.361015 0.0457578 0.269671
7 0.633718 0.320759 0.110867 0.12641
2 0.639348 0.412617 0.0516336 0.0919472
2 0.58269 0.396834 0.0612543 0.0880549
7 0.397219 0.361056 0.0381333 0.0899788
2 0.530561 0.39261 0.0367493 0.0546476
2 0.428318 0.383197 0.0172507 0.0334277
2 0.547645 0.397104 0.0229149 0.0548693
2 0.373856 0.396761 0.0286132 0.0412637
2 0.512154 0.386887 0.0164934 0.0399699
2 0.497364 0.38381 0.0209559 0.0379242
2 0.0594732 0.397742 0.0292423 0.0333767
2 0.464943 0.380467 0.0154881 0.0185087
2 0.479313 0.386531 0.0188374 0.0297191
7 0.722313 0.303232 0.0684649 0.0744971
7 0.633747 0.350892 0.111873 0.186395
2 0.933447 0.493169 0.132137 0.262154
7 0.87654 0.259318 0.245103 0.432503
2 0.724818 0.419735 0.141003 0.162856
7 0.212042 0.369308 0.117309 0.16852
7 0.309631 0.363868 0.108546 0.162837
2 0.0843408 0.455137 0.120654 0.134806
7 0.0230291 0.361015 0.0457578 0.269671
7 0.633718 0.320759 0.110867 0.12641
2 0.639348 0.412617 0.0516336 0.0919472
2 0.58269 0.396834 0.0612543 0.0880549
7 0.397219 0.361056 0.0381333 0.0899788
2 0.530561 0.39261 0.0367493 0.0546476
2 0.428318 0.383197 0.0172507 0.0334277
2 0.547645 0.397104 0.0229149 0.0548693
2 0.373856 0.396761 0.0286132 0.0412637
2 0.512154 0.386887 0.0164934 0.0399699
2 0.497364 0.38381 0.0209559 0.0379242
2 0.0594732 0.397742 0.0292423 0.0333767
2 0.464943 0.380467 0.0154881 0.0185087
2 0.479313 0.386531 0.0188374 0.0297191
7 0.722313 0.303232 0.0684649 0.0744971
7 0.633747 0.350892 0.111873 0.186395
2 0.933447 0.493169 0.132137 0.262154
7 0.87654 0.259318 0.245103 0.432503
2 0.724818 0.419735 0.141003 0.162856
7 0.212042 0.369308 0.117309 0.16852
7 0.309631 0.363868 0.108546 0.162837
2 0.0843408 0.455137 0.120654 0.134806
7 0.0230291 0.361015 0.0457578 0.269671
7 0.633718 0.320759 0.110867 0.12641
2 0.639348 0.412617 0.0516336 0.0919472
2 0.58269 0.396834 0.0612543 0.0880549
7 0.397219 0.361056 0.0381333 0.0899788
2 0.530561 0.39261 0.0367493 0.0546476
2 0.428318 0.383197 0.0172507 0.0334277
2 0.547645 0.397104 0.0229149 0.0548693
2 0.373856 0.396761 0.0286132 0.0412637
2 0.512154 0.386887 0.0164934 0.0399699
2 0.497364 0.38381 0.0209559 0.0379242
2 0.0594732 0.397742 0.0292423 0.0333767
2 0.464943 0.380467 0.0154881 0.0185087
2 0.479313 0.386531 0.0188374 0.0297191
7 0.722313 0.303232 0.0684649 0.0744971
7 0.633747 0.350892 0.111873 0.186395
2 0.933447 0.493169 0.132137 0.262154
7 0.87654 0.259318 0.245103 0.432503
2 0.724818 0.419735 0.141003 0.162856
7 0.212042 0.369308 0.117309 0.16852
7 0.309631 0.363868 0.108546 0.162837
2 0.0843408 0.455137 0.120654 0.134806
7 0.0230291 0.361015 0.0457578 0.269671
7 0.633718 0.320759 0.110867 0.12641
2 0.639348 0.412617 0.0516336 0.0919472
2 0.58269 0.396834 0.0612543 0.0880549
7 0.397219 0.361056 0.0381333 0.0899788
2 0.530561 0.39261 0.0367493 0.0546476
2 0.428318 0.383197 0.0172507 0.0334277
2 0.547645 0.397104 0.0229149 0.0548693
2 0.373856 0.396761 0.0286132 0.0412637
2 0.512154 0.386887 0.0164934 0.0399699
2 0.497364 0.38381 0.0209559 0.0379242
2 0.0594732 0.397742 0.0292423 0.0333767
2 0.464943 0.380467 0.0154881 0.0185087
2 0.479313 0.386531 0.0188374 0.0297191
7 0.722313 0.303232 0.0684649 0.0744971
7 0.633747 0.350892 0.111873 0.186395
