7 0.807816 0.332091 0.383178 0.658039
7 0.25616 0.370426 0.111168 0.178928
7 0.145468 0.367703 0.136859 0.193167
2 0.151162 0.447291 0.10011 0.103631
2 0.57208 0.402943 0.0594178 0.0707517
2 0.603206 0.386121 0.0329025 0.0517097
2 0.0430225 0.459673 0.0855429 0.169778
2 0.320672 0.401618 0.03766 0.0675136
2 0.53585 0.392082 0.0413118 0.0631502
2 0.506311 0.383332 0.0285349 0.0432173
7 0.422004 0.365903 0.0266632 0.0682457
7 0.36525 0.362733 0.0655459 0.104356
2 0.477132 0.385778 0.0169022 0.0308399
7 0.55326 0.334571 0.058532 0.0678553
7 0.353764 0.363191 0.091657 0.106917
7 0.378886 0.363162 0.0438756 0.102234
7 0.335065 0.359604 0.0531101 0.0986061
7 0.548267 0.36082 0.0710023 0.120316
2 0.648127 0.371238 0.0202711 0.0499683
7 0.321325 0.353507 0.0266366 0.0807905
7 0.321002 0.39986 0.0364527 0.0702816
7 0.807816 0.332091 0.383178 0.658039
7 0.25616 0.370426 0.111168 0.178928
7 0.145468 0.367703 0.136859 0.193167
2 0.151162 0.447291 0.10011 0.103631
2 0.57208 0.402943 0.0594178 0.0707517
2 0.603206 0.386121 0.0329025 0.0517097
2 0.0430225 0.459673 0.0855429 0.169778
2 0.320672 0.401618 0.03766 0.0675136
2 0.53585 0.392082 0.0413118 0.0631502
2 0.506311 0.383332 0.0285349 0.0432173
7 0.422004 0.365903 0.0266632 0.0682457
7 0.36525 0.362733 0.0655459 0.104356
2 0.477132 0.385778 0.0169022 0.0308399
7 0.55326 0.334571 0.058532 0.0678553
7 0.353764 0.363191 0.091657 0.106917
7 0.378886 0.363162 0.0438756 0.102234
7 0.335065 0.359604 0.0531101 0.0986061
7 0.548267 0.36082 0.0710023 0.120316
2 0.648127 0.371238 0.0202711 0.0499683
7 0.321325 0.353507 0.0266366 0.0807905
7 0.321002 0.39986 0.0364527 0.0702816
7 0.807816 0.332091 0.383178 0.658039
7 0.25616 0.370426 0.111168 0.178928
7 0.145468 0.367703 0.136859 0.193167
2 0.151162 0.447291 0.10011 0.103631
2 0.57208 0.402943 0.0594178 0.0707517
2 0.603206 0.386121 0.0329025 0.0517097
2 0.0430225 0.459673 0.0855429 0.169778
2 0.320672 0.401618 0.03766 0.0675136
2 0.53585 0.392082 0.0413118 0.0631502
2 0.506311 0.383332 0.0285349 0.0432173
7 0.422004 0.365903 0.0266632 0.0682457
7 0.36525 0.362733 0.0655459 0.104356
2 0.477132 0.385778 0.0169022 0.0308399
7 0.55326 0.334571 0.058532 0.0678553
7 0.353764 0.363191 0.091657 0.106917
7 0.378886 0.363162 0.0438756 0.102234
7 0.335065 0.359604 0.0531101 0.0986061
7 0.548267 0.36082 0.0710023 0.120316
2 0.648127 0.371238 0.0202711 0.0499683
7 0.321325 0.353507 0.0266366 0.0807905
7 0.321002 0.39986 0.0364527 0.0702816
7 0.807816 0.332091 0.383178 0.658039
7 0.25616 0.370426 0.111168 0.178928
7 0.145468 0.367703 0.136859 0.193167
2 0.151162 0.447291 0.10011 0.103631
2 0.57208 0.402943 0.0594178 0.0707517
2 0.603206 0.386121 0.0329025 0.0517097
2 0.0430225 0.459673 0.0855429 0.169778
2 0.320672 0.401618 0.03766 0.0675136
2 0.53585 0.392082 0.0413118 0.0631502
2 0.506311 0.383332 0.0285349 0.0432173
7 0.422004 0.365903 0.0266632 0.0682457
7 0.36525 0.362733 0.0655459 0.104356
2 0.477132 0.385778 0.0169022 0.0308399
7 0.55326 0.334571 0.058532 0.0678553
7 0.353764 0.363191 0.091657 0.106917
7 0.378886 0.363162 0.0438756 0.102234
7 0.335065 0.359604 0.0531101 0.0986061
7 0.548267 0.36082 0.0710023 0.120316
2 0.648127 0.371238 0.0202711 0.0499683
7 0.321325 0.353507 0.0266366 0.0807905
7 0.321002 0.39986 0.0364527 0.0702816
