7 0.577138 0.344462 0.118009 0.202428
2 0.857077 0.415826 0.126729 0.128918
2 0.116333 0.456834 0.115593 0.119107
2 0.696434 0.400865 0.0667267 0.074318
7 0.234974 0.3553 0.113029 0.125033
2 0.746039 0.387819 0.0559368 0.0716526
2 0.259486 0.422214 0.0657384 0.0741002
7 0.32561 0.369471 0.0746028 0.130352
2 0.187878 0.425468 0.0802645 0.112269
2 0.366416 0.40109 0.0281615 0.0425823
2 0.992631 0.448394 0.0139763 0.108446
2 0.815655 0.386171 0.085956 0.10537
2 0.0696684 0.430289 0.0958171 0.11467
7 0.397122 0.361512 0.0474283 0.0890376
7 0.0118358 0.489239 0.0234586 0.151114
2 0.671529 0.383653 0.0331711 0.0561256
7 0.0701675 0.430984 0.0937176 0.116438
2 0.011929 0.488981 0.0236272 0.151514
2 0.510643 0.390959 0.0308126 0.0456814
2 0.504965 0.38923 0.0356731 0.0440989
2 0.479675 0.386363 0.0220519 0.03133
2 0.428457 0.384834 0.0135783 0.0282996
2 0.0164929 0.404032 0.0326896 0.0268917
2 0.0184364 0.408729 0.0368728 0.0350084
2 0.018623 0.419428 0.037246 0.0565338
2 0.638322 0.389956 0.0122575 0.0477698
2 0.398988 0.386882 0.0407526 0.0391308
7 0.577138 0.344462 0.118009 0.202428
2 0.857077 0.415826 0.126729 0.128918
2 0.116333 0.456834 0.115593 0.119107
2 0.696434 0.400865 0.0667267 0.074318
7 0.234974 0.3553 0.113029 0.125033
2 0.746039 0.387819 0.0559368 0.0716526
2 0.259486 0.422214 0.0657384 0.0741002
7 0.32561 0.369471 0.0746028 0.130352
2 0.187878 0.425468 0.0802645 0.112269
2 0.366416 0.40109 0.0281615 0.0425823
2 0.992631 0.448394 0.0139763 0.108446
2 0.815655 0.386171 0.085956 0.10537
2 0.0696684 0.430289 0.0958171 0.11467
7 0.397122 0.361512 0.0474283 0.0890376
7 0.0118358 0.489239 0.0234586 0.151114
2 0.671529 0.383653 0.0331711 0.0561256
7 0.0701675 0.430984 0.0937176 0.116438
2 0.011929 0.488981 0.0236272 0.151514
2 0.510643 0.390959 0.0308126 0.0456814
2 0.504965 0.38923 0.0356731 0.0440989
2 0.479675 0.386363 0.0220519 0.03133
2 0.428457 0.384834 0.0135783 0.0282996
2 0.0164929 0.404032 0.0326896 0.0268917
2 0.0184364 0.408729 0.0368728 0.0350084
2 0.018623 0.419428 0.037246 0.0565338
2 0.638322 0.389956 0.0122575 0.0477698
2 0.398988 0.386882 0.0407526 0.0391308
7 0.577138 0.344462 0.118009 0.202428
2 0.857077 0.415826 0.126729 0.128918
2 0.116333 0.456834 0.115593 0.119107
2 0.696434 0.400865 0.0667267 0.074318
7 0.234974 0.3553 0.113029 0.125033
2 0.746039 0.387819 0.0559368 0.0716526
2 0.259486 0.422214 0.0657384 0.0741002
7 0.32561 0.369471 0.0746028 0.130352
2 0.187878 0.425468 0.0802645 0.112269
2 0.366416 0.40109 0.0281615 0.0425823
2 0.992631 0.448394 0.0139763 0.108446
2 0.815655 0.386171 0.085956 0.10537
2 0.0696684 0.430289 0.0958171 0.11467
7 0.397122 0.361512 0.0474283 0.0890376
7 0.0118358 0.489239 0.0234586 0.151114
2 0.671529 0.383653 0.0331711 0.0561256
7 0.0701675 0.430984 0.0937176 0.116438
2 0.011929 0.488981 0.0236272 0.151514
2 0.510643 0.390959 0.0308126 0.0456814
2 0.504965 0.38923 0.0356731 0.0440989
2 0.479675 0.386363 0.0220519 0.03133
2 0.428457 0.384834 0.0135783 0.0282996
2 0.0164929 0.404032 0.0326896 0.0268917
2 0.0184364 0.408729 0.0368728 0.0350084
2 0.018623 0.419428 0.037246 0.0565338
2 0.638322 0.389956 0.0122575 0.0477698
2 0.398988 0.386882 0.0407526 0.0391308
7 0.577138 0.344462 0.118009 0.202428
2 0.857077 0.415826 0.126729 0.128918
2 0.116333 0.456834 0.115593 0.119107
2 0.696434 0.400865 0.0667267 0.074318
7 0.234974 0.3553 0.113029 0.125033
2 0.746039 0.387819 0.0559368 0.0716526
2 0.259486 0.422214 0.0657384 0.0741002
7 0.32561 0.369471 0.0746028 0.130352
2 0.187878 0.425468 0.0802645 0.112269
2 0.366416 0.40109 0.0281615 0.0425823
2 0.992631 0.448394 0.0139763 0.108446
2 0.815655 0.386171 0.085956 0.10537
2 0.0696684 0.430289 0.0958171 0.11467
7 0.397122 0.361512 0.0474283 0.0890376
7 0.0118358 0.489239 0.0234586 0.151114
2 0.671529 0.383653 0.0331711 0.0561256
7 0.0701675 0.430984 0.0937176 0.116438
2 0.011929 0.488981 0.0236272 0.151514
2 0.510643 0.390959 0.0308126 0.0456814
2 0.504965 0.38923 0.0356731 0.0440989
2 0.479675 0.386363 0.0220519 0.03133
2 0.428457 0.384834 0.0135783 0.0282996
2 0.0164929 0.404032 0.0326896 0.0268917
2 0.0184364 0.408729 0.0368728 0.0350084
2 0.018623 0.419428 0.037246 0.0565338
2 0.638322 0.389956 0.0122575 0.0477698
2 0.398988 0.386882 0.0407526 0.0391308
