7 0.137823 0.376424 0.187594 0.265636
2 0.811674 0.456684 0.189289 0.185798
7 0.956999 0.404559 0.0852222 0.196088
7 0.037187 0.363845 0.0738023 0.259526
2 0.643774 0.405833 0.0894955 0.115963
7 0.288907 0.362771 0.0848843 0.120833
2 0.583601 0.4001 0.0459459 0.0716837
2 0.843414 0.384456 0.0885809 0.0830797
2 0.544945 0.391339 0.0459747 0.0650209
7 0.359574 0.363826 0.078295 0.123074
2 0.273407 0.419431 0.0564465 0.0667776
2 0.697102 0.386049 0.0457481 0.0575633
7 0.623953 0.318743 0.108774 0.112856
2 0.515024 0.385147 0.0304564 0.0477181
7 0.413772 0.364031 0.0317306 0.0752596
2 0.751306 0.38546 0.067625 0.0797699
7 0.542593 0.335399 0.0511911 0.0535594
2 0.489211 0.385659 0.0254747 0.0351344
2 0.240725 0.401863 0.0219672 0.0430422
5 0.622411 0.320131 0.106586 0.115854
2 0.459393 0.373383 0.0197758 0.0288272
2 0.465832 0.378006 0.0136277 0.0264822
7 0.137823 0.376424 0.187594 0.265636
2 0.811674 0.456684 0.189289 0.185798
7 0.956999 0.404559 0.0852222 0.196088
7 0.037187 0.363845 0.0738023 0.259526
2 0.643774 0.405833 0.0894955 0.115963
7 0.288907 0.362771 0.0848843 0.120833
2 0.583601 0.4001 0.0459459 0.0716837
2 0.843414 0.384456 0.0885809 0.0830797
2 0.544945 0.391339 0.0459747 0.0650209
7 0.359574 0.363826 0.078295 0.123074
2 0.273407 0.419431 0.0564465 0.0667776
2 0.697102 0.386049 0.0457481 0.0575633
7 0.623953 0.318743 0.108774 0.112856
2 0.515024 0.385147 0.0304564 0.0477181
7 0.413772 0.364031 0.0317306 0.0752596
2 0.751306 0.38546 0.067625 0.0797699
7 0.542593 0.335399 0.0511911 0.0535594
2 0.489211 0.385659 0.0254747 0.0351344
2 0.240725 0.401863 0.0219672 0.0430422
5 0.622411 0.320131 0.106586 0.115854
2 0.459393 0.373383 0.0197758 0.0288272
2 0.465832 0.378006 0.0136277 0.0264822
7 0.137823 0.376424 0.187594 0.265636
2 0.811674 0.456684 0.189289 0.185798
7 0.956999 0.404559 0.0852222 0.196088
7 0.037187 0.363845 0.0738023 0.259526
2 0.643774 0.405833 0.0894955 0.115963
7 0.288907 0.362771 0.0848843 0.120833
2 0.583601 0.4001 0.0459459 0.0716837
2 0.843414 0.384456 0.0885809 0.0830797
2 0.544945 0.391339 0.0459747 0.0650209
7 0.359574 0.363826 0.078295 0.123074
2 0.273407 0.419431 0.0564465 0.0667776
2 0.697102 0.386049 0.0457481 0.0575633
7 0.623953 0.318743 0.108774 0.112856
2 0.515024 0.385147 0.0304564 0.0477181
7 0.413772 0.364031 0.0317306 0.0752596
2 0.751306 0.38546 0.067625 0.0797699
7 0.542593 0.335399 0.0511911 0.0535594
2 0.489211 0.385659 0.0254747 0.0351344
2 0.240725 0.401863 0.0219672 0.0430422
5 0.622411 0.320131 0.106586 0.115854
2 0.459393 0.373383 0.0197758 0.0288272
2 0.465832 0.378006 0.0136277 0.0264822
7 0.137823 0.376424 0.187594 0.265636
2 0.811674 0.456684 0.189289 0.185798
7 0.956999 0.404559 0.0852222 0.196088
7 0.037187 0.363845 0.0738023 0.259526
2 0.643774 0.405833 0.0894955 0.115963
7 0.288907 0.362771 0.0848843 0.120833
2 0.583601 0.4001 0.0459459 0.0716837
2 0.843414 0.384456 0.0885809 0.0830797
2 0.544945 0.391339 0.0459747 0.0650209
7 0.359574 0.363826 0.078295 0.123074
2 0.273407 0.419431 0.0564465 0.0667776
2 0.697102 0.386049 0.0457481 0.0575633
7 0.623953 0.318743 0.108774 0.112856
2 0.515024 0.385147 0.0304564 0.0477181
7 0.413772 0.364031 0.0317306 0.0752596
2 0.751306 0.38546 0.067625 0.0797699
7 0.542593 0.335399 0.0511911 0.0535594
2 0.489211 0.385659 0.0254747 0.0351344
2 0.240725 0.401863 0.0219672 0.0430422
5 0.622411 0.320131 0.106586 0.115854
2 0.459393 0.373383 0.0197758 0.0288272
2 0.465832 0.378006 0.0136277 0.0264822
