7 0.0706472 0.360783 0.140563 0.344203
7 0.7404 0.31176 0.215456 0.231284
2 0.190034 0.435277 0.0813647 0.0941494
2 0.689617 0.422053 0.10431 0.114732
2 0.868794 0.447588 0.224279 0.243194
7 0.25166 0.36604 0.0861579 0.147889
2 0.601493 0.399076 0.0766752 0.0974476
7 0.338759 0.364038 0.0870262 0.142184
2 0.977891 0.414655 0.0433247 0.175862
2 0.537577 0.39118 0.0447929 0.0646322
7 0.575626 0.336408 0.0647219 0.0911465
7 0.406178 0.361602 0.0310482 0.0837959
2 0.509616 0.386586 0.0229021 0.0434577
2 0.147768 0.422723 0.0674305 0.0828627
2 0.4332 0.384619 0.0159971 0.0286464
2 0.491534 0.384853 0.0163099 0.0297221
2 0.513602 0.385099 0.0288363 0.0480698
2 0.944866 0.385751 0.0248392 0.0316586
2 0.47087 0.38091 0.0125441 0.0196724
7 0.0706472 0.360783 0.140563 0.344203
7 0.7404 0.31176 0.215456 0.231284
2 0.190034 0.435277 0.0813647 0.0941494
2 0.689617 0.422053 0.10431 0.114732
2 0.868794 0.447588 0.224279 0.243194
7 0.25166 0.36604 0.0861579 0.147889
2 0.601493 0.399076 0.0766752 0.0974476
7 0.338759 0.364038 0.0870262 0.142184
2 0.977891 0.414655 0.0433247 0.175862
2 0.537577 0.39118 0.0447929 0.0646322
7 0.575626 0.336408 0.0647219 0.0911465
7 0.406178 0.361602 0.0310482 0.0837959
2 0.509616 0.386586 0.0229021 0.0434577
2 0.147768 0.422723 0.0674305 0.0828627
2 0.4332 0.384619 0.0159971 0.0286464
2 0.491534 0.384853 0.0163099 0.0297221
2 0.513602 0.385099 0.0288363 0.0480698
2 0.944866 0.385751 0.0248392 0.0316586
2 0.47087 0.38091 0.0125441 0.0196724
7 0.0706472 0.360783 0.140563 0.344203
7 0.7404 0.31176 0.215456 0.231284
2 0.190034 0.435277 0.0813647 0.0941494
2 0.689617 0.422053 0.10431 0.114732
2 0.868794 0.447588 0.224279 0.243194
7 0.25166 0.36604 0.0861579 0.147889
2 0.601493 0.399076 0.0766752 0.0974476
7 0.338759 0.364038 0.0870262 0.142184
2 0.977891 0.414655 0.0433247 0.175862
2 0.537577 0.39118 0.0447929 0.0646322
7 0.575626 0.336408 0.0647219 0.0911465
7 0.406178 0.361602 0.0310482 0.0837959
2 0.509616 0.386586 0.0229021 0.0434577
2 0.147768 0.422723 0.0674305 0.0828627
2 0.4332 0.384619 0.0159971 0.0286464
2 0.491534 0.384853 0.0163099 0.0297221
2 0.513602 0.385099 0.0288363 0.0480698
2 0.944866 0.385751 0.0248392 0.0316586
2 0.47087 0.38091 0.0125441 0.0196724
7 0.0706472 0.360783 0.140563 0.344203
7 0.7404 0.31176 0.215456 0.231284
2 0.190034 0.435277 0.0813647 0.0941494
2 0.689617 0.422053 0.10431 0.114732
2 0.868794 0.447588 0.224279 0.243194
7 0.25166 0.36604 0.0861579 0.147889
2 0.601493 0.399076 0.0766752 0.0974476
7 0.338759 0.364038 0.0870262 0.142184
2 0.977891 0.414655 0.0433247 0.175862
2 0.537577 0.39118 0.0447929 0.0646322
7 0.575626 0.336408 0.0647219 0.0911465
7 0.406178 0.361602 0.0310482 0.0837959
2 0.509616 0.386586 0.0229021 0.0434577
2 0.147768 0.422723 0.0674305 0.0828627
2 0.4332 0.384619 0.0159971 0.0286464
2 0.491534 0.384853 0.0163099 0.0297221
2 0.513602 0.385099 0.0288363 0.0480698
2 0.944866 0.385751 0.0248392 0.0316586
2 0.47087 0.38091 0.0125441 0.0196724
