7 0.126951 0.376872 0.195314 0.275633
2 0.856256 0.468314 0.218463 0.208681
7 0.284817 0.363955 0.0887443 0.124
7 0.632 0.317389 0.116567 0.120745
7 0.0299476 0.362338 0.0592365 0.262306
7 0.357052 0.362129 0.0753031 0.123638
2 0.588998 0.401918 0.0504926 0.0726731
2 0.770254 0.398188 0.0755261 0.107748
2 0.710422 0.386403 0.0474716 0.0602168
2 0.548285 0.392191 0.0474802 0.0674621
2 0.267859 0.419904 0.0581686 0.0714449
2 0.656113 0.407603 0.0962743 0.12358
7 0.413462 0.364345 0.0312941 0.0762592
2 0.516788 0.38522 0.0332395 0.0489532
7 0.543703 0.335835 0.0528284 0.0562892
7 0.975899 0.429413 0.0473721 0.169076
7 0.975704 0.390189 0.0477489 0.244721
2 0.488988 0.38575 0.02395 0.0338304
2 0.863371 0.357708 0.0807873 0.0357298
2 0.976024 0.42981 0.0468023 0.168447
2 0.493097 0.386995 0.0276379 0.0368042
2 0.818111 0.358159 0.0184013 0.0168056
2 0.867599 0.364285 0.0911182 0.0485773
2 0.927579 0.372895 0.0503586 0.0419225
2 0.466351 0.382592 0.0100697 0.0200283
2 0.233672 0.403953 0.0234118 0.0398746
2 0.927144 0.364699 0.0513012 0.0310542
7 0.126951 0.376872 0.195314 0.275633
2 0.856256 0.468314 0.218463 0.208681
7 0.284817 0.363955 0.0887443 0.124
7 0.632 0.317389 0.116567 0.120745
7 0.0299476 0.362338 0.0592365 0.262306
7 0.357052 0.362129 0.0753031 0.123638
2 0.588998 0.401918 0.0504926 0.0726731
2 0.770254 0.398188 0.0755261 0.107748
2 0.710422 0.386403 0.0474716 0.0602168
2 0.548285 0.392191 0.0474802 0.0674621
2 0.267859 0.419904 0.0581686 0.0714449
2 0.656113 0.407603 0.0962743 0.12358
7 0.413462 0.364345 0.0312941 0.0762592
2 0.516788 0.38522 0.0332395 0.0489532
7 0.543703 0.335835 0.0528284 0.0562892
7 0.975899 0.429413 0.0473721 0.169076
7 0.975704 0.390189 0.0477489 0.244721
2 0.488988 0.38575 0.02395 0.0338304
2 0.863371 0.357708 0.0807873 0.0357298
2 0.976024 0.42981 0.0468023 0.168447
2 0.493097 0.386995 0.0276379 0.0368042
2 0.818111 0.358159 0.0184013 0.0168056
2 0.867599 0.364285 0.0911182 0.0485773
2 0.927579 0.372895 0.0503586 0.0419225
2 0.466351 0.382592 0.0100697 0.0200283
2 0.233672 0.403953 0.0234118 0.0398746
2 0.927144 0.364699 0.0513012 0.0310542
7 0.126951 0.376872 0.195314 0.275633
2 0.856256 0.468314 0.218463 0.208681
7 0.284817 0.363955 0.0887443 0.124
7 0.632 0.317389 0.116567 0.120745
7 0.0299476 0.362338 0.0592365 0.262306
7 0.357052 0.362129 0.0753031 0.123638
2 0.588998 0.401918 0.0504926 0.0726731
2 0.770254 0.398188 0.0755261 0.107748
2 0.710422 0.386403 0.0474716 0.0602168
2 0.548285 0.392191 0.0474802 0.0674621
2 0.267859 0.419904 0.0581686 0.0714449
2 0.656113 0.407603 0.0962743 0.12358
7 0.413462 0.364345 0.0312941 0.0762592
2 0.516788 0.38522 0.0332395 0.0489532
7 0.543703 0.335835 0.0528284 0.0562892
7 0.975899 0.429413 0.0473721 0.169076
7 0.975704 0.390189 0.0477489 0.244721
2 0.488988 0.38575 0.02395 0.0338304
2 0.863371 0.357708 0.0807873 0.0357298
2 0.976024 0.42981 0.0468023 0.168447
2 0.493097 0.386995 0.0276379 0.0368042
2 0.818111 0.358159 0.0184013 0.0168056
2 0.867599 0.364285 0.0911182 0.0485773
2 0.927579 0.372895 0.0503586 0.0419225
2 0.466351 0.382592 0.0100697 0.0200283
2 0.233672 0.403953 0.0234118 0.0398746
2 0.927144 0.364699 0.0513012 0.0310542
7 0.126951 0.376872 0.195314 0.275633
2 0.856256 0.468314 0.218463 0.208681
7 0.284817 0.363955 0.0887443 0.124
7 0.632 0.317389 0.116567 0.120745
7 0.0299476 0.362338 0.0592365 0.262306
7 0.357052 0.362129 0.0753031 0.123638
2 0.588998 0.401918 0.0504926 0.0726731
2 0.770254 0.398188 0.0755261 0.107748
2 0.710422 0.386403 0.0474716 0.0602168
2 0.548285 0.392191 0.0474802 0.0674621
2 0.267859 0.419904 0.0581686 0.0714449
2 0.656113 0.407603 0.0962743 0.12358
7 0.413462 0.364345 0.0312941 0.0762592
2 0.516788 0.38522 0.0332395 0.0489532
7 0.543703 0.335835 0.0528284 0.0562892
7 0.975899 0.429413 0.0473721 0.169076
7 0.975704 0.390189 0.0477489 0.244721
2 0.488988 0.38575 0.02395 0.0338304
2 0.863371 0.357708 0.0807873 0.0357298
2 0.976024 0.42981 0.0468023 0.168447
2 0.493097 0.386995 0.0276379 0.0368042
2 0.818111 0.358159 0.0184013 0.0168056
2 0.867599 0.364285 0.0911182 0.0485773
2 0.927579 0.372895 0.0503586 0.0419225
2 0.466351 0.382592 0.0100697 0.0200283
2 0.233672 0.403953 0.0234118 0.0398746
2 0.927144 0.364699 0.0513012 0.0310542
