2 0.650428 0.841229 0.0516235 0.0836982
2 0.365517 0.47044 0.0214485 0.0285595
2 0.584117 0.834177 0.0689236 0.11086
7 0.3336 0.352502 0.0410827 0.0815579
2 0.671329 0.970553 0.0666006 0.056779
2 0.654832 0.504907 0.0396459 0.0365009
7 0.743084 0.940208 0.0872587 0.117749
5 0.443889 0.58908 0.110529 0.212382
7 0.424884 0.481869 0.0791759 0.136309
2 0.37864 0.436451 0.0185158 0.0311327
2 0.334315 0.404949 0.01671 0.0258723
7 0.533037 0.647124 0.138603 0.249638
7 0.259293 0.25859 0.0365198 0.063016
2 0.569089 0.23782 0.0143015 0.0167103
2 0.347512 0.43849 0.0152076 0.0265562
2 0.368766 0.411723 0.0165266 0.0290965
2 0.311701 0.373732 0.0150809 0.0276464
2 0.304816 0.348091 0.0200353 0.0252948
2 0.310371 0.436002 0.0123274 0.0247982
5 0.533323 0.648358 0.139049 0.249643
2 0.315182 0.378165 0.0182602 0.0265006
2 0.44786 0.5215 0.0355202 0.0543563
2 0.345302 0.380488 0.0184704 0.0262007
7 0.417988 0.465281 0.0647435 0.0998442
2 0.351011 0.438922 0.0227975 0.0314028
2 0.650428 0.841229 0.0516235 0.0836982
2 0.365517 0.47044 0.0214485 0.0285595
2 0.584117 0.834177 0.0689236 0.11086
7 0.3336 0.352502 0.0410827 0.0815579
2 0.671329 0.970553 0.0666006 0.056779
2 0.654832 0.504907 0.0396459 0.0365009
7 0.743084 0.940208 0.0872587 0.117749
5 0.443889 0.58908 0.110529 0.212382
7 0.424884 0.481869 0.0791759 0.136309
2 0.37864 0.436451 0.0185158 0.0311327
2 0.334315 0.404949 0.01671 0.0258723
7 0.533037 0.647124 0.138603 0.249638
7 0.259293 0.25859 0.0365198 0.063016
2 0.569089 0.23782 0.0143015 0.0167103
2 0.347512 0.43849 0.0152076 0.0265562
2 0.368766 0.411723 0.0165266 0.0290965
2 0.311701 0.373732 0.0150809 0.0276464
2 0.304816 0.348091 0.0200353 0.0252948
2 0.310371 0.436002 0.0123274 0.0247982
5 0.533323 0.648358 0.139049 0.249643
2 0.315182 0.378165 0.0182602 0.0265006
2 0.44786 0.5215 0.0355202 0.0543563
2 0.345302 0.380488 0.0184704 0.0262007
7 0.417988 0.465281 0.0647435 0.0998442
2 0.351011 0.438922 0.0227975 0.0314028
2 0.650428 0.841229 0.0516235 0.0836982
2 0.365517 0.47044 0.0214485 0.0285595
2 0.584117 0.834177 0.0689236 0.11086
7 0.3336 0.352502 0.0410827 0.0815579
2 0.671329 0.970553 0.0666006 0.056779
2 0.654832 0.504907 0.0396459 0.0365009
7 0.743084 0.940208 0.0872587 0.117749
5 0.443889 0.58908 0.110529 0.212382
7 0.424884 0.481869 0.0791759 0.136309
2 0.37864 0.436451 0.0185158 0.0311327
2 0.334315 0.404949 0.01671 0.0258723
7 0.533037 0.647124 0.138603 0.249638
7 0.259293 0.25859 0.0365198 0.063016
2 0.569089 0.23782 0.0143015 0.0167103
2 0.347512 0.43849 0.0152076 0.0265562
2 0.368766 0.411723 0.0165266 0.0290965
2 0.311701 0.373732 0.0150809 0.0276464
2 0.304816 0.348091 0.0200353 0.0252948
2 0.310371 0.436002 0.0123274 0.0247982
5 0.533323 0.648358 0.139049 0.249643
2 0.315182 0.378165 0.0182602 0.0265006
2 0.44786 0.5215 0.0355202 0.0543563
2 0.345302 0.380488 0.0184704 0.0262007
7 0.417988 0.465281 0.0647435 0.0998442
2 0.351011 0.438922 0.0227975 0.0314028
