7 0.839692 0.317205 0.320567 0.354986
2 0.804494 0.445292 0.166073 0.166938
7 0.321914 0.364551 0.0980447 0.153268
2 0.650739 0.4064 0.0969873 0.12185
7 0.233816 0.367604 0.103034 0.156243
2 0.143112 0.450825 0.098083 0.100057
2 0.557968 0.392784 0.052051 0.0744364
7 0.0346333 0.370361 0.0685948 0.380148
7 0.603107 0.35896 0.0878559 0.16224
2 0.122396 0.423586 0.0693045 0.0924988
7 0.0775336 0.34611 0.0386877 0.209178
2 0.992474 0.503776 0.0143612 0.19018
2 0.518317 0.388802 0.0304369 0.0497699
7 0.403757 0.36076 0.038201 0.086887
7 0.602636 0.334353 0.0889816 0.112777
2 0.432872 0.383493 0.017498 0.0331932
5 0.402972 0.361045 0.0365881 0.0883582
2 0.492689 0.382435 0.0263079 0.0349233
2 0.596222 0.407338 0.0263735 0.0739972
2 0.526828 0.391226 0.0257336 0.0547022
2 0.460704 0.372519 0.0160572 0.031472
2 0.467931 0.374053 0.0229687 0.0320319
7 0.38016 0.376906 0.0240355 0.0790929
2 0.476471 0.388943 0.0154913 0.0285685
7 0.839692 0.317205 0.320567 0.354986
2 0.804494 0.445292 0.166073 0.166938
7 0.321914 0.364551 0.0980447 0.153268
2 0.650739 0.4064 0.0969873 0.12185
7 0.233816 0.367604 0.103034 0.156243
2 0.143112 0.450825 0.098083 0.100057
2 0.557968 0.392784 0.052051 0.0744364
7 0.0346333 0.370361 0.0685948 0.380148
7 0.603107 0.35896 0.0878559 0.16224
2 0.122396 0.423586 0.0693045 0.0924988
7 0.0775336 0.34611 0.0386877 0.209178
2 0.992474 0.503776 0.0143612 0.19018
2 0.518317 0.388802 0.0304369 0.0497699
7 0.403757 0.36076 0.038201 0.086887
7 0.602636 0.334353 0.0889816 0.112777
2 0.432872 0.383493 0.017498 0.0331932
5 0.402972 0.361045 0.0365881 0.0883582
2 0.492689 0.382435 0.0263079 0.0349233
2 0.596222 0.407338 0.0263735 0.0739972
2 0.526828 0.391226 0.0257336 0.0547022
2 0.460704 0.372519 0.0160572 0.031472
2 0.467931 0.374053 0.0229687 0.0320319
7 0.38016 0.376906 0.0240355 0.0790929
2 0.476471 0.388943 0.0154913 0.0285685
7 0.839692 0.317205 0.320567 0.354986
2 0.804494 0.445292 0.166073 0.166938
7 0.321914 0.364551 0.0980447 0.153268
2 0.650739 0.4064 0.0969873 0.12185
7 0.233816 0.367604 0.103034 0.156243
2 0.143112 0.450825 0.098083 0.100057
2 0.557968 0.392784 0.052051 0.0744364
7 0.0346333 0.370361 0.0685948 0.380148
7 0.603107 0.35896 0.0878559 0.16224
2 0.122396 0.423586 0.0693045 0.0924988
7 0.0775336 0.34611 0.0386877 0.209178
2 0.992474 0.503776 0.0143612 0.19018
2 0.518317 0.388802 0.0304369 0.0497699
7 0.403757 0.36076 0.038201 0.086887
7 0.602636 0.334353 0.0889816 0.112777
2 0.432872 0.383493 0.017498 0.0331932
5 0.402972 0.361045 0.0365881 0.0883582
2 0.492689 0.382435 0.0263079 0.0349233
2 0.596222 0.407338 0.0263735 0.0739972
2 0.526828 0.391226 0.0257336 0.0547022
2 0.460704 0.372519 0.0160572 0.031472
2 0.467931 0.374053 0.0229687 0.0320319
7 0.38016 0.376906 0.0240355 0.0790929
2 0.476471 0.388943 0.0154913 0.0285685
7 0.839692 0.317205 0.320567 0.354986
2 0.804494 0.445292 0.166073 0.166938
7 0.321914 0.364551 0.0980447 0.153268
2 0.650739 0.4064 0.0969873 0.12185
7 0.233816 0.367604 0.103034 0.156243
2 0.143112 0.450825 0.098083 0.100057
2 0.557968 0.392784 0.052051 0.0744364
7 0.0346333 0.370361 0.0685948 0.380148
7 0.603107 0.35896 0.0878559 0.16224
2 0.122396 0.423586 0.0693045 0.0924988
7 0.0775336 0.34611 0.0386877 0.209178
2 0.992474 0.503776 0.0143612 0.19018
2 0.518317 0.388802 0.0304369 0.0497699
7 0.403757 0.36076 0.038201 0.086887
7 0.602636 0.334353 0.0889816 0.112777
2 0.432872 0.383493 0.017498 0.0331932
5 0.402972 0.361045 0.0365881 0.0883582
2 0.492689 0.382435 0.0263079 0.0349233
2 0.596222 0.407338 0.0263735 0.0739972
2 0.526828 0.391226 0.0257336 0.0547022
2 0.460704 0.372519 0.0160572 0.031472
2 0.467931 0.374053 0.0229687 0.0320319
7 0.38016 0.376906 0.0240355 0.0790929
2 0.476471 0.388943 0.0154913 0.0285685
