7 0.323556 0.587969 0.187231 0.0971988
2 0.736408 0.590469 0.0572552 0.0428831
2 0.139471 0.624261 0.0547288 0.0390996
2 0.393745 0.476414 0.04428 0.0339298
2 0.194102 0.54844 0.0506218 0.0269163
7 0.666373 0.445423 0.159964 0.0821001
7 0.404163 0.732665 0.0660521 0.0841454
2 0.62524 0.484384 0.0312214 0.0252545
2 0.865973 0.473736 0.0360458 0.0296068
2 0.425211 0.494016 0.0418961 0.0221686
7 0.0323121 0.474832 0.064317 0.0918705
7 0.251466 0.457253 0.174491 0.0826994
5 0.252055 0.456845 0.175018 0.0838021
2 0.233027 0.248467 0.0156858 0.0225644
2 0.187776 0.549472 0.0382784 0.0296512
7 0.832208 0.448203 0.0321911 0.0383139
