7 0.647722 0.680112 0.236261 0.28081
2 0.377699 0.457668 0.026529 0.0303362
2 0.86465 0.96647 0.0829517 0.0655921
7 0.307517 0.406749 0.0777996 0.111512
2 0.386787 0.506498 0.0309584 0.0386158
2 0.424489 0.493192 0.0332096 0.0406025
7 0.506729 0.604985 0.159874 0.219643
7 0.19064 0.289827 0.0384962 0.0589659
7 0.220792 0.29093 0.0392418 0.056866
2 0.245137 0.353652 0.0198161 0.0267761
2 0.260714 0.367879 0.0169046 0.0285573
2 0.228721 0.332561 0.0202672 0.0222013
2 0.268477 0.341766 0.0270199 0.0283449
2 0.162976 0.267904 0.0180023 0.0199482
2 0.34605 0.418799 0.019625 0.0336016
2 0.331601 0.444385 0.031314 0.0347553
7 0.647722 0.680112 0.236261 0.28081
2 0.377699 0.457668 0.026529 0.0303362
2 0.86465 0.96647 0.0829517 0.0655921
7 0.307517 0.406749 0.0777996 0.111512
2 0.386787 0.506498 0.0309584 0.0386158
2 0.424489 0.493192 0.0332096 0.0406025
7 0.506729 0.604985 0.159874 0.219643
7 0.19064 0.289827 0.0384962 0.0589659
7 0.220792 0.29093 0.0392418 0.056866
2 0.245137 0.353652 0.0198161 0.0267761
2 0.260714 0.367879 0.0169046 0.0285573
2 0.228721 0.332561 0.0202672 0.0222013
2 0.268477 0.341766 0.0270199 0.0283449
2 0.162976 0.267904 0.0180023 0.0199482
2 0.34605 0.418799 0.019625 0.0336016
2 0.331601 0.444385 0.031314 0.0347553
7 0.647722 0.680112 0.236261 0.28081
2 0.377699 0.457668 0.026529 0.0303362
2 0.86465 0.96647 0.0829517 0.0655921
7 0.307517 0.406749 0.0777996 0.111512
2 0.386787 0.506498 0.0309584 0.0386158
2 0.424489 0.493192 0.0332096 0.0406025
7 0.506729 0.604985 0.159874 0.219643
7 0.19064 0.289827 0.0384962 0.0589659
7 0.220792 0.29093 0.0392418 0.056866
2 0.245137 0.353652 0.0198161 0.0267761
2 0.260714 0.367879 0.0169046 0.0285573
2 0.228721 0.332561 0.0202672 0.0222013
2 0.268477 0.341766 0.0270199 0.0283449
2 0.162976 0.267904 0.0180023 0.0199482
2 0.34605 0.418799 0.019625 0.0336016
2 0.331601 0.444385 0.031314 0.0347553
