7 0.115479 0.377287 0.207173 0.28288
2 0.892071 0.48087 0.214466 0.236085
7 0.353328 0.364192 0.0738524 0.126464
2 0.595718 0.403035 0.0540962 0.0779077
7 0.282105 0.364778 0.0906374 0.125625
2 0.792622 0.402216 0.0843612 0.117156
2 0.551872 0.392498 0.0489574 0.0697976
2 0.261868 0.420641 0.060063 0.0715776
2 0.725188 0.38743 0.0471408 0.0612054
7 0.640783 0.317314 0.121728 0.129109
2 0.670119 0.410273 0.102567 0.132235
7 0.0223743 0.36164 0.0444112 0.263924
7 0.41347 0.363651 0.032203 0.0768833
2 0.520127 0.386006 0.0302249 0.0486971
7 0.546443 0.336344 0.054563 0.0567873
2 0.8885 0.354146 0.0825125 0.0294011
2 0.493873 0.386855 0.0211982 0.0319466
7 0.543552 0.357881 0.0602951 0.101706
2 0.482805 0.384744 0.0141524 0.0278339
2 0.458785 0.374309 0.0190339 0.0228555
7 0.115479 0.377287 0.207173 0.28288
2 0.892071 0.48087 0.214466 0.236085
7 0.353328 0.364192 0.0738524 0.126464
2 0.595718 0.403035 0.0540962 0.0779077
7 0.282105 0.364778 0.0906374 0.125625
2 0.792622 0.402216 0.0843612 0.117156
2 0.551872 0.392498 0.0489574 0.0697976
2 0.261868 0.420641 0.060063 0.0715776
2 0.725188 0.38743 0.0471408 0.0612054
7 0.640783 0.317314 0.121728 0.129109
2 0.670119 0.410273 0.102567 0.132235
7 0.0223743 0.36164 0.0444112 0.263924
7 0.41347 0.363651 0.032203 0.0768833
2 0.520127 0.386006 0.0302249 0.0486971
7 0.546443 0.336344 0.054563 0.0567873
2 0.8885 0.354146 0.0825125 0.0294011
2 0.493873 0.386855 0.0211982 0.0319466
7 0.543552 0.357881 0.0602951 0.101706
2 0.482805 0.384744 0.0141524 0.0278339
2 0.458785 0.374309 0.0190339 0.0228555
7 0.115479 0.377287 0.207173 0.28288
2 0.892071 0.48087 0.214466 0.236085
7 0.353328 0.364192 0.0738524 0.126464
2 0.595718 0.403035 0.0540962 0.0779077
7 0.282105 0.364778 0.0906374 0.125625
2 0.792622 0.402216 0.0843612 0.117156
2 0.551872 0.392498 0.0489574 0.0697976
2 0.261868 0.420641 0.060063 0.0715776
2 0.725188 0.38743 0.0471408 0.0612054
7 0.640783 0.317314 0.121728 0.129109
2 0.670119 0.410273 0.102567 0.132235
7 0.0223743 0.36164 0.0444112 0.263924
7 0.41347 0.363651 0.032203 0.0768833
2 0.520127 0.386006 0.0302249 0.0486971
7 0.546443 0.336344 0.054563 0.0567873
2 0.8885 0.354146 0.0825125 0.0294011
2 0.493873 0.386855 0.0211982 0.0319466
7 0.543552 0.357881 0.0602951 0.101706
2 0.482805 0.384744 0.0141524 0.0278339
2 0.458785 0.374309 0.0190339 0.0228555
7 0.115479 0.377287 0.207173 0.28288
2 0.892071 0.48087 0.214466 0.236085
7 0.353328 0.364192 0.0738524 0.126464
2 0.595718 0.403035 0.0540962 0.0779077
7 0.282105 0.364778 0.0906374 0.125625
2 0.792622 0.402216 0.0843612 0.117156
2 0.551872 0.392498 0.0489574 0.0697976
2 0.261868 0.420641 0.060063 0.0715776
2 0.725188 0.38743 0.0471408 0.0612054
7 0.640783 0.317314 0.121728 0.129109
2 0.670119 0.410273 0.102567 0.132235
7 0.0223743 0.36164 0.0444112 0.263924
7 0.41347 0.363651 0.032203 0.0768833
2 0.520127 0.386006 0.0302249 0.0486971
7 0.546443 0.336344 0.054563 0.0567873
2 0.8885 0.354146 0.0825125 0.0294011
2 0.493873 0.386855 0.0211982 0.0319466
7 0.543552 0.357881 0.0602951 0.101706
2 0.482805 0.384744 0.0141524 0.0278339
2 0.458785 0.374309 0.0190339 0.0228555
