7 0.064355 0.357234 0.127836 0.351216
7 0.759174 0.321804 0.236166 0.266804
2 0.705081 0.426038 0.113109 0.120868
2 0.891255 0.454854 0.217284 0.264656
7 0.33483 0.363655 0.0901614 0.14704
2 0.183573 0.440394 0.0847137 0.0905176
7 0.249246 0.366034 0.0868973 0.147428
2 0.610875 0.400297 0.0792503 0.100713
7 0.579038 0.338041 0.0714083 0.103195
2 0.539996 0.392092 0.051998 0.0647535
2 0.146438 0.42374 0.0639443 0.0837847
7 0.405176 0.36215 0.0312138 0.0860269
2 0.511951 0.386901 0.0283966 0.0469203
2 0.98902 0.375729 0.0212923 0.0551785
2 0.433092 0.383964 0.0179518 0.0307715
2 0.492425 0.384665 0.0169426 0.028722
7 0.590685 0.337077 0.0488238 0.0986364
7 0.064355 0.357234 0.127836 0.351216
7 0.759174 0.321804 0.236166 0.266804
2 0.705081 0.426038 0.113109 0.120868
2 0.891255 0.454854 0.217284 0.264656
7 0.33483 0.363655 0.0901614 0.14704
2 0.183573 0.440394 0.0847137 0.0905176
7 0.249246 0.366034 0.0868973 0.147428
2 0.610875 0.400297 0.0792503 0.100713
7 0.579038 0.338041 0.0714083 0.103195
2 0.539996 0.392092 0.051998 0.0647535
2 0.146438 0.42374 0.0639443 0.0837847
7 0.405176 0.36215 0.0312138 0.0860269
2 0.511951 0.386901 0.0283966 0.0469203
2 0.98902 0.375729 0.0212923 0.0551785
2 0.433092 0.383964 0.0179518 0.0307715
2 0.492425 0.384665 0.0169426 0.028722
7 0.590685 0.337077 0.0488238 0.0986364
7 0.064355 0.357234 0.127836 0.351216
7 0.759174 0.321804 0.236166 0.266804
2 0.705081 0.426038 0.113109 0.120868
2 0.891255 0.454854 0.217284 0.264656
7 0.33483 0.363655 0.0901614 0.14704
2 0.183573 0.440394 0.0847137 0.0905176
7 0.249246 0.366034 0.0868973 0.147428
2 0.610875 0.400297 0.0792503 0.100713
7 0.579038 0.338041 0.0714083 0.103195
2 0.539996 0.392092 0.051998 0.0647535
2 0.146438 0.42374 0.0639443 0.0837847
7 0.405176 0.36215 0.0312138 0.0860269
2 0.511951 0.386901 0.0283966 0.0469203
2 0.98902 0.375729 0.0212923 0.0551785
2 0.433092 0.383964 0.0179518 0.0307715
2 0.492425 0.384665 0.0169426 0.028722
7 0.590685 0.337077 0.0488238 0.0986364
