7 0.688958 0.729207 0.260928 0.323274
2 0.40998 0.52679 0.0333073 0.0426041
2 0.399927 0.474326 0.0281103 0.0306898
7 0.329199 0.420244 0.0791702 0.118777
2 0.451321 0.514461 0.0368341 0.043749
2 0.367864 0.432512 0.0214346 0.0351996
7 0.212168 0.295475 0.0371382 0.0597452
7 0.242389 0.297587 0.0397401 0.0571201
2 0.281042 0.376549 0.0166826 0.0330322
2 0.273236 0.369471 0.0300903 0.0373127
2 0.266017 0.365642 0.0173651 0.0278895
2 0.288941 0.352202 0.0264316 0.0289166
7 0.537673 0.641447 0.171119 0.24075
2 0.158544 0.243606 0.0101139 0.0154509
7 0.989409 0.274242 0.0203976 0.0414965
2 0.956298 0.25914 0.0311811 0.0214843
2 0.249968 0.339831 0.0187656 0.0266656
2 0.253183 0.336972 0.0179448 0.0235077
2 0.184326 0.267904 0.0196735 0.0188189
7 0.688958 0.729207 0.260928 0.323274
2 0.40998 0.52679 0.0333073 0.0426041
2 0.399927 0.474326 0.0281103 0.0306898
7 0.329199 0.420244 0.0791702 0.118777
2 0.451321 0.514461 0.0368341 0.043749
2 0.367864 0.432512 0.0214346 0.0351996
7 0.212168 0.295475 0.0371382 0.0597452
7 0.242389 0.297587 0.0397401 0.0571201
2 0.281042 0.376549 0.0166826 0.0330322
2 0.273236 0.369471 0.0300903 0.0373127
2 0.266017 0.365642 0.0173651 0.0278895
2 0.288941 0.352202 0.0264316 0.0289166
7 0.537673 0.641447 0.171119 0.24075
2 0.158544 0.243606 0.0101139 0.0154509
7 0.989409 0.274242 0.0203976 0.0414965
2 0.956298 0.25914 0.0311811 0.0214843
2 0.249968 0.339831 0.0187656 0.0266656
2 0.253183 0.336972 0.0179448 0.0235077
2 0.184326 0.267904 0.0196735 0.0188189
7 0.688958 0.729207 0.260928 0.323274
2 0.40998 0.52679 0.0333073 0.0426041
2 0.399927 0.474326 0.0281103 0.0306898
7 0.329199 0.420244 0.0791702 0.118777
2 0.451321 0.514461 0.0368341 0.043749
2 0.367864 0.432512 0.0214346 0.0351996
7 0.212168 0.295475 0.0371382 0.0597452
7 0.242389 0.297587 0.0397401 0.0571201
2 0.281042 0.376549 0.0166826 0.0330322
2 0.273236 0.369471 0.0300903 0.0373127
2 0.266017 0.365642 0.0173651 0.0278895
2 0.288941 0.352202 0.0264316 0.0289166
7 0.537673 0.641447 0.171119 0.24075
2 0.158544 0.243606 0.0101139 0.0154509
7 0.989409 0.274242 0.0203976 0.0414965
2 0.956298 0.25914 0.0311811 0.0214843
2 0.249968 0.339831 0.0187656 0.0266656
2 0.253183 0.336972 0.0179448 0.0235077
2 0.184326 0.267904 0.0196735 0.0188189
