2 0.679731 0.9377 0.0684958 0.108705
2 0.60396 0.815683 0.0569444 0.0968998
2 0.594825 0.709798 0.040046 0.0610379
2 0.784476 0.96507 0.0696384 0.0677894
2 0.538212 0.700219 0.0536732 0.0807922
7 0.659828 0.787865 0.0701721 0.129403
2 0.775263 0.585708 0.0513 0.0465964
2 0.361557 0.431157 0.0179429 0.0255953
7 0.332055 0.33047 0.0375218 0.070878
7 0.413789 0.436091 0.068406 0.109529
7 0.501151 0.563767 0.111537 0.191561
5 0.428312 0.52096 0.0899181 0.167135
2 0.332726 0.377971 0.0152947 0.0242311
7 0.260895 0.249154 0.035836 0.0564938
7 0.428449 0.521386 0.0896138 0.166512
2 0.346267 0.406146 0.0170928 0.0221956
5 0.501322 0.563852 0.11164 0.191759
2 0.313307 0.406004 0.0141814 0.0234168
2 0.371517 0.403165 0.0223156 0.026414
2 0.366787 0.387188 0.0167689 0.0337797
2 0.306759 0.330334 0.018544 0.0211514
2 0.314771 0.351514 0.0146286 0.0292643
2 0.330878 0.38197 0.0199758 0.0312519
2 0.679731 0.9377 0.0684958 0.108705
2 0.60396 0.815683 0.0569444 0.0968998
2 0.594825 0.709798 0.040046 0.0610379
2 0.784476 0.96507 0.0696384 0.0677894
2 0.538212 0.700219 0.0536732 0.0807922
7 0.659828 0.787865 0.0701721 0.129403
2 0.775263 0.585708 0.0513 0.0465964
2 0.361557 0.431157 0.0179429 0.0255953
7 0.332055 0.33047 0.0375218 0.070878
7 0.413789 0.436091 0.068406 0.109529
7 0.501151 0.563767 0.111537 0.191561
5 0.428312 0.52096 0.0899181 0.167135
2 0.332726 0.377971 0.0152947 0.0242311
7 0.260895 0.249154 0.035836 0.0564938
7 0.428449 0.521386 0.0896138 0.166512
2 0.346267 0.406146 0.0170928 0.0221956
5 0.501322 0.563852 0.11164 0.191759
2 0.313307 0.406004 0.0141814 0.0234168
2 0.371517 0.403165 0.0223156 0.026414
2 0.366787 0.387188 0.0167689 0.0337797
2 0.306759 0.330334 0.018544 0.0211514
2 0.314771 0.351514 0.0146286 0.0292643
2 0.330878 0.38197 0.0199758 0.0312519
2 0.679731 0.9377 0.0684958 0.108705
2 0.60396 0.815683 0.0569444 0.0968998
2 0.594825 0.709798 0.040046 0.0610379
2 0.784476 0.96507 0.0696384 0.0677894
2 0.538212 0.700219 0.0536732 0.0807922
7 0.659828 0.787865 0.0701721 0.129403
2 0.775263 0.585708 0.0513 0.0465964
2 0.361557 0.431157 0.0179429 0.0255953
7 0.332055 0.33047 0.0375218 0.070878
7 0.413789 0.436091 0.068406 0.109529
7 0.501151 0.563767 0.111537 0.191561
5 0.428312 0.52096 0.0899181 0.167135
2 0.332726 0.377971 0.0152947 0.0242311
7 0.260895 0.249154 0.035836 0.0564938
7 0.428449 0.521386 0.0896138 0.166512
2 0.346267 0.406146 0.0170928 0.0221956
5 0.501322 0.563852 0.11164 0.191759
2 0.313307 0.406004 0.0141814 0.0234168
2 0.371517 0.403165 0.0223156 0.026414
2 0.366787 0.387188 0.0167689 0.0337797
2 0.306759 0.330334 0.018544 0.0211514
2 0.314771 0.351514 0.0146286 0.0292643
2 0.330878 0.38197 0.0199758 0.0312519
