7 0.96419 0.391718 0.0702755 0.0751363
2 0.229816 0.57799 0.050046 0.0359475
7 0.65091 0.409127 0.150528 0.079774
5 0.417531 0.536942 0.173817 0.090555
7 0.168025 0.688355 0.067958 0.0794566
7 0.351592 0.429363 0.10119 0.0805813
7 0.65188 0.59037 0.143125 0.118309
7 0.0247408 0.567505 0.0492932 0.0866959
7 0.417714 0.53775 0.174342 0.0903374
2 0.796784 0.41617 0.0357066 0.0257913
5 0.651461 0.407995 0.149273 0.0793771
2 0.148064 0.449031 0.0500096 0.0426302
7 0.148033 0.449188 0.0502419 0.0428266
7 0.557003 0.586493 0.0314205 0.05196
2 0.0686664 0.519159 0.0480636 0.028222
2 0.774225 0.436612 0.0462121 0.0264645
2 0.931537 0.232017 0.0352236 0.0382316
5 0.19506 0.169523 0.0867567 0.13001
2 0.820254 0.127583 0.0219303 0.0290939
7 0.658281 0.607503 0.131713 0.0828127
2 0.297399 0.234441 0.0295025 0.0317598
2 0.769758 0.114266 0.0282578 0.0244743
2 0.776172 0.430173 0.0501247 0.0381939
2 0.847016 0.0631148 0.0214825 0.0255517
2 0.0613793 0.479931 0.0385562 0.0235819
2 0.770888 0.110336 0.0292749 0.0253517
