7 0.096537 0.375395 0.192631 0.308119
2 0.878622 0.410111 0.13642 0.145425
7 0.670188 0.313159 0.145156 0.152229
2 0.563619 0.393623 0.058522 0.076732
2 0.236684 0.42651 0.0684259 0.0788783
2 0.721187 0.419543 0.131664 0.161297
7 0.27425 0.365834 0.0889361 0.13429
7 0.348586 0.363645 0.0783088 0.133583
2 0.969115 0.397388 0.0608925 0.1285
2 0.776447 0.388966 0.044848 0.0717205
2 0.623125 0.408755 0.0710234 0.0867281
2 0.985826 0.559376 0.0275015 0.230428
7 0.411861 0.36413 0.0329884 0.0781348
2 0.526461 0.38766 0.0327435 0.0540665
7 0.554892 0.334408 0.0577673 0.0656871
2 0.217722 0.399171 0.0322619 0.044613
2 0.49702 0.386169 0.0318981 0.0373593
7 0.563261 0.333558 0.0393012 0.0610223
2 0.49233 0.38645 0.0226128 0.0352826
2 0.196848 0.415678 0.0175993 0.0709049
2 0.502464 0.38792 0.0292212 0.0423921
2 0.510302 0.388947 0.0180491 0.044829
2 0.189843 0.416087 0.0310177 0.0734443
2 0.467726 0.38191 0.0113539 0.0195404
2 0.482009 0.38572 0.0192865 0.028293
7 0.096537 0.375395 0.192631 0.308119
2 0.878622 0.410111 0.13642 0.145425
7 0.670188 0.313159 0.145156 0.152229
2 0.563619 0.393623 0.058522 0.076732
2 0.236684 0.42651 0.0684259 0.0788783
2 0.721187 0.419543 0.131664 0.161297
7 0.27425 0.365834 0.0889361 0.13429
7 0.348586 0.363645 0.0783088 0.133583
2 0.969115 0.397388 0.0608925 0.1285
2 0.776447 0.388966 0.044848 0.0717205
2 0.623125 0.408755 0.0710234 0.0867281
2 0.985826 0.559376 0.0275015 0.230428
7 0.411861 0.36413 0.0329884 0.0781348
2 0.526461 0.38766 0.0327435 0.0540665
7 0.554892 0.334408 0.0577673 0.0656871
2 0.217722 0.399171 0.0322619 0.044613
2 0.49702 0.386169 0.0318981 0.0373593
7 0.563261 0.333558 0.0393012 0.0610223
2 0.49233 0.38645 0.0226128 0.0352826
2 0.196848 0.415678 0.0175993 0.0709049
2 0.502464 0.38792 0.0292212 0.0423921
2 0.510302 0.388947 0.0180491 0.044829
2 0.189843 0.416087 0.0310177 0.0734443
2 0.467726 0.38191 0.0113539 0.0195404
2 0.482009 0.38572 0.0192865 0.028293
7 0.096537 0.375395 0.192631 0.308119
2 0.878622 0.410111 0.13642 0.145425
7 0.670188 0.313159 0.145156 0.152229
2 0.563619 0.393623 0.058522 0.076732
2 0.236684 0.42651 0.0684259 0.0788783
2 0.721187 0.419543 0.131664 0.161297
7 0.27425 0.365834 0.0889361 0.13429
7 0.348586 0.363645 0.0783088 0.133583
2 0.969115 0.397388 0.0608925 0.1285
2 0.776447 0.388966 0.044848 0.0717205
2 0.623125 0.408755 0.0710234 0.0867281
2 0.985826 0.559376 0.0275015 0.230428
7 0.411861 0.36413 0.0329884 0.0781348
2 0.526461 0.38766 0.0327435 0.0540665
7 0.554892 0.334408 0.0577673 0.0656871
2 0.217722 0.399171 0.0322619 0.044613
2 0.49702 0.386169 0.0318981 0.0373593
7 0.563261 0.333558 0.0393012 0.0610223
2 0.49233 0.38645 0.0226128 0.0352826
2 0.196848 0.415678 0.0175993 0.0709049
2 0.502464 0.38792 0.0292212 0.0423921
2 0.510302 0.388947 0.0180491 0.044829
2 0.189843 0.416087 0.0310177 0.0734443
2 0.467726 0.38191 0.0113539 0.0195404
2 0.482009 0.38572 0.0192865 0.028293
7 0.096537 0.375395 0.192631 0.308119
2 0.878622 0.410111 0.13642 0.145425
7 0.670188 0.313159 0.145156 0.152229
2 0.563619 0.393623 0.058522 0.076732
2 0.236684 0.42651 0.0684259 0.0788783
2 0.721187 0.419543 0.131664 0.161297
7 0.27425 0.365834 0.0889361 0.13429
7 0.348586 0.363645 0.0783088 0.133583
2 0.969115 0.397388 0.0608925 0.1285
2 0.776447 0.388966 0.044848 0.0717205
2 0.623125 0.408755 0.0710234 0.0867281
2 0.985826 0.559376 0.0275015 0.230428
7 0.411861 0.36413 0.0329884 0.0781348
2 0.526461 0.38766 0.0327435 0.0540665
7 0.554892 0.334408 0.0577673 0.0656871
2 0.217722 0.399171 0.0322619 0.044613
2 0.49702 0.386169 0.0318981 0.0373593
7 0.563261 0.333558 0.0393012 0.0610223
2 0.49233 0.38645 0.0226128 0.0352826
2 0.196848 0.415678 0.0175993 0.0709049
2 0.502464 0.38792 0.0292212 0.0423921
2 0.510302 0.388947 0.0180491 0.044829
2 0.189843 0.416087 0.0310177 0.0734443
2 0.467726 0.38191 0.0113539 0.0195404
2 0.482009 0.38572 0.0192865 0.028293
