7 0.93924 0.386635 0.120602 0.0748996
2 0.714953 0.417666 0.0384825 0.0282213
2 0.21948 0.572373 0.0491824 0.0364515
7 0.410509 0.531818 0.175647 0.0890751
7 0.122829 0.683905 0.0687019 0.0796736
2 0.212953 0.505921 0.0472987 0.0323863
7 0.571311 0.408922 0.145694 0.080913
5 0.255817 0.427251 0.103117 0.0763331
2 0.816396 0.42849 0.0398891 0.0241957
2 0.65094 0.438321 0.0298813 0.0234689
7 0.2555 0.425635 0.104293 0.0754941
7 0.018699 0.563212 0.0370335 0.082734
7 0.604751 0.603967 0.128476 0.0848594
2 0.148491 0.470733 0.0398399 0.0205731
5 0.410681 0.532333 0.174197 0.0890225
7 0.59785 0.587705 0.140889 0.116636
7 0.960778 0.244826 0.0371679 0.0578508
2 0.268347 0.231752 0.0313652 0.0348399
2 0.648084 0.437281 0.0366402 0.0279515
7 0.0398999 0.450295 0.0499052 0.0457138
2 0.990314 0.255747 0.0185076 0.0301852
7 0.918647 0.299767 0.0710552 0.0647731
5 0.165909 0.168681 0.0940802 0.129211
2 0.989249 0.141413 0.0207792 0.0409451
7 0.578456 0.584383 0.102946 0.110191
2 0.899998 0.228846 0.0306702 0.0366607
7 0.913837 0.227276 0.0589916 0.0406981
2 0.748503 0.108111 0.0253746 0.0212693
