7 0.236778 0.371799 0.121513 0.19367
7 0.838808 0.387463 0.320784 0.40041
2 0.111606 0.452988 0.11671 0.121251
7 0.104599 0.373112 0.17056 0.223223
2 0.597035 0.407345 0.0699861 0.0828172
2 0.628216 0.388024 0.0390962 0.0614749
2 0.308889 0.40664 0.0458372 0.0641478
2 0.00664606 0.479219 0.0132509 0.130033
7 0.420086 0.366728 0.0273739 0.07103
7 0.698593 0.386597 0.0736147 0.0940262
2 0.654821 0.382546 0.0305716 0.0527591
2 0.556866 0.393816 0.0411072 0.0722409
2 0.513475 0.385487 0.0299076 0.0470315
7 0.358109 0.36206 0.0719076 0.111931
7 0.564478 0.335671 0.0643993 0.0766033
2 0.533853 0.39053 0.0220604 0.0495788
7 0.377685 0.363492 0.0576585 0.105975
2 0.493605 0.380428 0.0211407 0.0376564
7 0.565163 0.358603 0.0648477 0.124209
7 0.312144 0.349836 0.0334499 0.0777544
2 0.479315 0.386561 0.0157225 0.0300774
2 0.0134147 0.420888 0.0268181 0.0770183
2 0.0100779 0.398266 0.0201381 0.0304166
7 0.396194 0.360574 0.0231483 0.0987022
7 0.368177 0.363535 0.0501148 0.108823
2 0.0110762 0.41333 0.0220041 0.0616436
7 0.520494 0.342813 0.0283308 0.0481635
7 0.523972 0.344304 0.0201803 0.0488155
7 0.32814 0.358417 0.0648951 0.0953578
2 0.459716 0.374011 0.0172899 0.0222133
7 0.236778 0.371799 0.121513 0.19367
7 0.838808 0.387463 0.320784 0.40041
2 0.111606 0.452988 0.11671 0.121251
7 0.104599 0.373112 0.17056 0.223223
2 0.597035 0.407345 0.0699861 0.0828172
2 0.628216 0.388024 0.0390962 0.0614749
2 0.308889 0.40664 0.0458372 0.0641478
2 0.00664606 0.479219 0.0132509 0.130033
7 0.420086 0.366728 0.0273739 0.07103
7 0.698593 0.386597 0.0736147 0.0940262
2 0.654821 0.382546 0.0305716 0.0527591
2 0.556866 0.393816 0.0411072 0.0722409
2 0.513475 0.385487 0.0299076 0.0470315
7 0.358109 0.36206 0.0719076 0.111931
7 0.564478 0.335671 0.0643993 0.0766033
2 0.533853 0.39053 0.0220604 0.0495788
7 0.377685 0.363492 0.0576585 0.105975
2 0.493605 0.380428 0.0211407 0.0376564
7 0.565163 0.358603 0.0648477 0.124209
7 0.312144 0.349836 0.0334499 0.0777544
2 0.479315 0.386561 0.0157225 0.0300774
2 0.0134147 0.420888 0.0268181 0.0770183
2 0.0100779 0.398266 0.0201381 0.0304166
7 0.396194 0.360574 0.0231483 0.0987022
7 0.368177 0.363535 0.0501148 0.108823
2 0.0110762 0.41333 0.0220041 0.0616436
7 0.520494 0.342813 0.0283308 0.0481635
7 0.523972 0.344304 0.0201803 0.0488155
7 0.32814 0.358417 0.0648951 0.0953578
2 0.459716 0.374011 0.0172899 0.0222133
7 0.236778 0.371799 0.121513 0.19367
7 0.838808 0.387463 0.320784 0.40041
2 0.111606 0.452988 0.11671 0.121251
7 0.104599 0.373112 0.17056 0.223223
2 0.597035 0.407345 0.0699861 0.0828172
2 0.628216 0.388024 0.0390962 0.0614749
2 0.308889 0.40664 0.0458372 0.0641478
2 0.00664606 0.479219 0.0132509 0.130033
7 0.420086 0.366728 0.0273739 0.07103
7 0.698593 0.386597 0.0736147 0.0940262
2 0.654821 0.382546 0.0305716 0.0527591
2 0.556866 0.393816 0.0411072 0.0722409
2 0.513475 0.385487 0.0299076 0.0470315
7 0.358109 0.36206 0.0719076 0.111931
7 0.564478 0.335671 0.0643993 0.0766033
2 0.533853 0.39053 0.0220604 0.0495788
7 0.377685 0.363492 0.0576585 0.105975
2 0.493605 0.380428 0.0211407 0.0376564
7 0.565163 0.358603 0.0648477 0.124209
7 0.312144 0.349836 0.0334499 0.0777544
2 0.479315 0.386561 0.0157225 0.0300774
2 0.0134147 0.420888 0.0268181 0.0770183
2 0.0100779 0.398266 0.0201381 0.0304166
7 0.396194 0.360574 0.0231483 0.0987022
7 0.368177 0.363535 0.0501148 0.108823
2 0.0110762 0.41333 0.0220041 0.0616436
7 0.520494 0.342813 0.0283308 0.0481635
7 0.523972 0.344304 0.0201803 0.0488155
7 0.32814 0.358417 0.0648951 0.0953578
2 0.459716 0.374011 0.0172899 0.0222133
7 0.236778 0.371799 0.121513 0.19367
7 0.838808 0.387463 0.320784 0.40041
2 0.111606 0.452988 0.11671 0.121251
7 0.104599 0.373112 0.17056 0.223223
2 0.597035 0.407345 0.0699861 0.0828172
2 0.628216 0.388024 0.0390962 0.0614749
2 0.308889 0.40664 0.0458372 0.0641478
2 0.00664606 0.479219 0.0132509 0.130033
7 0.420086 0.366728 0.0273739 0.07103
7 0.698593 0.386597 0.0736147 0.0940262
2 0.654821 0.382546 0.0305716 0.0527591
2 0.556866 0.393816 0.0411072 0.0722409
2 0.513475 0.385487 0.0299076 0.0470315
7 0.358109 0.36206 0.0719076 0.111931
7 0.564478 0.335671 0.0643993 0.0766033
2 0.533853 0.39053 0.0220604 0.0495788
7 0.377685 0.363492 0.0576585 0.105975
2 0.493605 0.380428 0.0211407 0.0376564
7 0.565163 0.358603 0.0648477 0.124209
7 0.312144 0.349836 0.0334499 0.0777544
2 0.479315 0.386561 0.0157225 0.0300774
2 0.0134147 0.420888 0.0268181 0.0770183
2 0.0100779 0.398266 0.0201381 0.0304166
7 0.396194 0.360574 0.0231483 0.0987022
7 0.368177 0.363535 0.0501148 0.108823
2 0.0110762 0.41333 0.0220041 0.0616436
7 0.520494 0.342813 0.0283308 0.0481635
7 0.523972 0.344304 0.0201803 0.0488155
7 0.32814 0.358417 0.0648951 0.0953578
2 0.459716 0.374011 0.0172899 0.0222133
