2 0.936561 0.496557 0.125995 0.267789
7 0.0436827 0.46607 0.0868156 0.196285
2 0.156614 0.448957 0.0999893 0.107946
2 0.867338 0.419599 0.109528 0.128377
7 0.253098 0.366829 0.107987 0.135499
7 0.553809 0.348431 0.0935228 0.172181
2 0.747786 0.403931 0.0858125 0.095828
2 0.293505 0.415065 0.0547076 0.0665851
2 0.647516 0.395658 0.0525108 0.0602117
7 0.347778 0.369629 0.077572 0.119593
2 0.219687 0.418556 0.0683647 0.102748
2 0.686294 0.384098 0.0352097 0.0553877
2 0.104719 0.42512 0.0754825 0.103455
2 0.607661 0.382864 0.0350269 0.0574833
7 0.402748 0.364721 0.0343814 0.0825651
2 0.379328 0.399759 0.0199577 0.0328276
2 0.469674 0.381192 0.0260552 0.0258287
2 0.429473 0.384855 0.0151438 0.0301871
2 0.725749 0.385804 0.0556259 0.0620445
2 0.989599 0.345421 0.020122 0.0345376
2 0.493235 0.387994 0.0260723 0.0370321
2 0.477427 0.385233 0.0147596 0.0277585
