7 0.624769 0.33665 0.174862 0.271047
2 0.0608772 0.471427 0.120985 0.12958
2 0.78857 0.410761 0.0992448 0.0990762
7 0.298166 0.367618 0.0832766 0.150962
2 0.877779 0.394809 0.0970703 0.101378
2 0.228756 0.429545 0.0747336 0.0835397
7 0.2058 0.364512 0.111754 0.155426
2 0.140091 0.43638 0.0936344 0.124968
2 0.737184 0.39134 0.0417009 0.0621492
2 0.52113 0.39193 0.0426473 0.0511289
2 0.0369448 0.411904 0.0734608 0.0744571
2 0.34547 0.402689 0.0279469 0.0503349
7 0.392304 0.364156 0.0428821 0.0903926
2 0.992719 0.417047 0.0137968 0.0908735
7 0.375512 0.362742 0.0608091 0.0911016
7 0.427246 0.365284 0.018721 0.0647326
7 0.538369 0.345527 0.0445926 0.0705544
2 0.772679 0.357989 0.0275322 0.015244
7 0.362749 0.362377 0.0359246 0.0896893
2 0.486359 0.383044 0.0241297 0.0342283
2 0.481721 0.38394 0.0262465 0.0350254
7 0.624769 0.33665 0.174862 0.271047
2 0.0608772 0.471427 0.120985 0.12958
2 0.78857 0.410761 0.0992448 0.0990762
7 0.298166 0.367618 0.0832766 0.150962
2 0.877779 0.394809 0.0970703 0.101378
2 0.228756 0.429545 0.0747336 0.0835397
7 0.2058 0.364512 0.111754 0.155426
2 0.140091 0.43638 0.0936344 0.124968
2 0.737184 0.39134 0.0417009 0.0621492
2 0.52113 0.39193 0.0426473 0.0511289
2 0.0369448 0.411904 0.0734608 0.0744571
2 0.34547 0.402689 0.0279469 0.0503349
7 0.392304 0.364156 0.0428821 0.0903926
2 0.992719 0.417047 0.0137968 0.0908735
7 0.375512 0.362742 0.0608091 0.0911016
7 0.427246 0.365284 0.018721 0.0647326
7 0.538369 0.345527 0.0445926 0.0705544
2 0.772679 0.357989 0.0275322 0.015244
7 0.362749 0.362377 0.0359246 0.0896893
2 0.486359 0.383044 0.0241297 0.0342283
2 0.481721 0.38394 0.0262465 0.0350254
7 0.624769 0.33665 0.174862 0.271047
2 0.0608772 0.471427 0.120985 0.12958
2 0.78857 0.410761 0.0992448 0.0990762
7 0.298166 0.367618 0.0832766 0.150962
2 0.877779 0.394809 0.0970703 0.101378
2 0.228756 0.429545 0.0747336 0.0835397
7 0.2058 0.364512 0.111754 0.155426
2 0.140091 0.43638 0.0936344 0.124968
2 0.737184 0.39134 0.0417009 0.0621492
2 0.52113 0.39193 0.0426473 0.0511289
2 0.0369448 0.411904 0.0734608 0.0744571
2 0.34547 0.402689 0.0279469 0.0503349
7 0.392304 0.364156 0.0428821 0.0903926
2 0.992719 0.417047 0.0137968 0.0908735
7 0.375512 0.362742 0.0608091 0.0911016
7 0.427246 0.365284 0.018721 0.0647326
7 0.538369 0.345527 0.0445926 0.0705544
2 0.772679 0.357989 0.0275322 0.015244
7 0.362749 0.362377 0.0359246 0.0896893
2 0.486359 0.383044 0.0241297 0.0342283
2 0.481721 0.38394 0.0262465 0.0350254
7 0.624769 0.33665 0.174862 0.271047
2 0.0608772 0.471427 0.120985 0.12958
2 0.78857 0.410761 0.0992448 0.0990762
7 0.298166 0.367618 0.0832766 0.150962
2 0.877779 0.394809 0.0970703 0.101378
2 0.228756 0.429545 0.0747336 0.0835397
7 0.2058 0.364512 0.111754 0.155426
2 0.140091 0.43638 0.0936344 0.124968
2 0.737184 0.39134 0.0417009 0.0621492
2 0.52113 0.39193 0.0426473 0.0511289
2 0.0369448 0.411904 0.0734608 0.0744571
2 0.34547 0.402689 0.0279469 0.0503349
7 0.392304 0.364156 0.0428821 0.0903926
2 0.992719 0.417047 0.0137968 0.0908735
7 0.375512 0.362742 0.0608091 0.0911016
7 0.427246 0.365284 0.018721 0.0647326
7 0.538369 0.345527 0.0445926 0.0705544
2 0.772679 0.357989 0.0275322 0.015244
7 0.362749 0.362377 0.0359246 0.0896893
2 0.486359 0.383044 0.0241297 0.0342283
2 0.481721 0.38394 0.0262465 0.0350254
