7 0.0606221 0.359565 0.120247 0.352337
7 0.768268 0.323793 0.242917 0.289909
7 0.332704 0.363532 0.0899354 0.14785
2 0.72479 0.429033 0.120648 0.129969
7 0.245196 0.366144 0.0891173 0.149208
2 0.61868 0.400998 0.0823969 0.106395
2 0.175399 0.44117 0.0866191 0.0945847
2 0.905035 0.463393 0.189051 0.289964
2 0.543275 0.392197 0.0500868 0.0666604
2 0.1425 0.422253 0.0629821 0.0806927
7 0.584176 0.357447 0.0753489 0.141851
7 0.405379 0.361342 0.0334459 0.0852094
7 0.583547 0.336668 0.0746561 0.101027
2 0.512902 0.387694 0.0272774 0.0460015
2 0.433012 0.383778 0.0174908 0.0313855
2 0.494927 0.384287 0.0164907 0.0298518
2 0.459202 0.377079 0.0134504 0.0174461
2 0.472129 0.380391 0.0132648 0.0221505
7 0.0606221 0.359565 0.120247 0.352337
7 0.768268 0.323793 0.242917 0.289909
7 0.332704 0.363532 0.0899354 0.14785
2 0.72479 0.429033 0.120648 0.129969
7 0.245196 0.366144 0.0891173 0.149208
2 0.61868 0.400998 0.0823969 0.106395
2 0.175399 0.44117 0.0866191 0.0945847
2 0.905035 0.463393 0.189051 0.289964
2 0.543275 0.392197 0.0500868 0.0666604
2 0.1425 0.422253 0.0629821 0.0806927
7 0.584176 0.357447 0.0753489 0.141851
7 0.405379 0.361342 0.0334459 0.0852094
7 0.583547 0.336668 0.0746561 0.101027
2 0.512902 0.387694 0.0272774 0.0460015
2 0.433012 0.383778 0.0174908 0.0313855
2 0.494927 0.384287 0.0164907 0.0298518
2 0.459202 0.377079 0.0134504 0.0174461
2 0.472129 0.380391 0.0132648 0.0221505
7 0.0606221 0.359565 0.120247 0.352337
7 0.768268 0.323793 0.242917 0.289909
7 0.332704 0.363532 0.0899354 0.14785
2 0.72479 0.429033 0.120648 0.129969
7 0.245196 0.366144 0.0891173 0.149208
2 0.61868 0.400998 0.0823969 0.106395
2 0.175399 0.44117 0.0866191 0.0945847
2 0.905035 0.463393 0.189051 0.289964
2 0.543275 0.392197 0.0500868 0.0666604
2 0.1425 0.422253 0.0629821 0.0806927
7 0.584176 0.357447 0.0753489 0.141851
7 0.405379 0.361342 0.0334459 0.0852094
7 0.583547 0.336668 0.0746561 0.101027
2 0.512902 0.387694 0.0272774 0.0460015
2 0.433012 0.383778 0.0174908 0.0313855
2 0.494927 0.384287 0.0164907 0.0298518
2 0.459202 0.377079 0.0134504 0.0174461
2 0.472129 0.380391 0.0132648 0.0221505
7 0.0606221 0.359565 0.120247 0.352337
7 0.768268 0.323793 0.242917 0.289909
7 0.332704 0.363532 0.0899354 0.14785
2 0.72479 0.429033 0.120648 0.129969
7 0.245196 0.366144 0.0891173 0.149208
2 0.61868 0.400998 0.0823969 0.106395
2 0.175399 0.44117 0.0866191 0.0945847
2 0.905035 0.463393 0.189051 0.289964
2 0.543275 0.392197 0.0500868 0.0666604
2 0.1425 0.422253 0.0629821 0.0806927
7 0.584176 0.357447 0.0753489 0.141851
7 0.405379 0.361342 0.0334459 0.0852094
7 0.583547 0.336668 0.0746561 0.101027
2 0.512902 0.387694 0.0272774 0.0460015
2 0.433012 0.383778 0.0174908 0.0313855
2 0.494927 0.384287 0.0164907 0.0298518
2 0.459202 0.377079 0.0134504 0.0174461
2 0.472129 0.380391 0.0132648 0.0221505
