2 0.172478 0.61857 0.0521787 0.0390318
7 0.355396 0.583294 0.178587 0.0935776
2 0.765138 0.584889 0.0574362 0.0420317
7 0.154442 0.458124 0.158925 0.0808942
7 0.389866 0.728698 0.0655712 0.0860316
7 0.601164 0.443117 0.154241 0.0790667
2 0.154321 0.547005 0.0480974 0.0295664
2 0.454347 0.533101 0.0468357 0.0296065
2 0.446938 0.488519 0.043499 0.0263421
2 0.309448 0.477154 0.0354265 0.0349523
7 0.760531 0.441094 0.0510597 0.0378564
2 0.733636 0.475121 0.0431902 0.0333898
7 0.733631 0.474974 0.0431613 0.0349184
2 0.087002 0.247315 0.0160282 0.0205401
2 0.0706434 0.288439 0.0194071 0.0244999
2 0.0938503 0.288928 0.0372467 0.0289862
2 0.0453406 0.245889 0.0222181 0.0247107
2 0.0517023 0.246633 0.0325454 0.0240241
