7 0.810123 0.319332 0.287797 0.326839
7 0.0418571 0.366723 0.0827581 0.36761
2 0.770966 0.437421 0.147953 0.150644
7 0.326106 0.363853 0.0945413 0.150377
7 0.240382 0.366745 0.0936067 0.153164
2 0.951338 0.467514 0.096505 0.316488
2 0.638951 0.404164 0.0922924 0.115859
2 0.155557 0.447337 0.093549 0.0991196
7 0.594733 0.358927 0.0832996 0.15211
2 0.548284 0.392069 0.0576219 0.0716748
2 0.126566 0.424485 0.0612508 0.0824471
7 0.0927654 0.345722 0.0266506 0.198656
2 0.514436 0.388699 0.0276308 0.045891
7 0.403504 0.360184 0.0340528 0.0866905
7 0.594875 0.335636 0.0836525 0.106536
2 0.176855 0.392557 0.0335452 0.0380042
2 0.433107 0.382942 0.0168786 0.0330247
2 0.498352 0.384742 0.0172291 0.0316998
2 0.459215 0.378204 0.0142954 0.0199985
2 0.472904 0.382551 0.0143536 0.0230754
7 0.38079 0.372383 0.0240665 0.0870494
7 0.810123 0.319332 0.287797 0.326839
7 0.0418571 0.366723 0.0827581 0.36761
2 0.770966 0.437421 0.147953 0.150644
7 0.326106 0.363853 0.0945413 0.150377
7 0.240382 0.366745 0.0936067 0.153164
2 0.951338 0.467514 0.096505 0.316488
2 0.638951 0.404164 0.0922924 0.115859
2 0.155557 0.447337 0.093549 0.0991196
7 0.594733 0.358927 0.0832996 0.15211
2 0.548284 0.392069 0.0576219 0.0716748
2 0.126566 0.424485 0.0612508 0.0824471
7 0.0927654 0.345722 0.0266506 0.198656
2 0.514436 0.388699 0.0276308 0.045891
7 0.403504 0.360184 0.0340528 0.0866905
7 0.594875 0.335636 0.0836525 0.106536
2 0.176855 0.392557 0.0335452 0.0380042
2 0.433107 0.382942 0.0168786 0.0330247
2 0.498352 0.384742 0.0172291 0.0316998
2 0.459215 0.378204 0.0142954 0.0199985
2 0.472904 0.382551 0.0143536 0.0230754
7 0.38079 0.372383 0.0240665 0.0870494
7 0.810123 0.319332 0.287797 0.326839
7 0.0418571 0.366723 0.0827581 0.36761
2 0.770966 0.437421 0.147953 0.150644
7 0.326106 0.363853 0.0945413 0.150377
7 0.240382 0.366745 0.0936067 0.153164
2 0.951338 0.467514 0.096505 0.316488
2 0.638951 0.404164 0.0922924 0.115859
2 0.155557 0.447337 0.093549 0.0991196
7 0.594733 0.358927 0.0832996 0.15211
2 0.548284 0.392069 0.0576219 0.0716748
2 0.126566 0.424485 0.0612508 0.0824471
7 0.0927654 0.345722 0.0266506 0.198656
2 0.514436 0.388699 0.0276308 0.045891
7 0.403504 0.360184 0.0340528 0.0866905
7 0.594875 0.335636 0.0836525 0.106536
2 0.176855 0.392557 0.0335452 0.0380042
2 0.433107 0.382942 0.0168786 0.0330247
2 0.498352 0.384742 0.0172291 0.0316998
2 0.459215 0.378204 0.0142954 0.0199985
2 0.472904 0.382551 0.0143536 0.0230754
7 0.38079 0.372383 0.0240665 0.0870494
7 0.810123 0.319332 0.287797 0.326839
7 0.0418571 0.366723 0.0827581 0.36761
2 0.770966 0.437421 0.147953 0.150644
7 0.326106 0.363853 0.0945413 0.150377
7 0.240382 0.366745 0.0936067 0.153164
2 0.951338 0.467514 0.096505 0.316488
2 0.638951 0.404164 0.0922924 0.115859
2 0.155557 0.447337 0.093549 0.0991196
7 0.594733 0.358927 0.0832996 0.15211
2 0.548284 0.392069 0.0576219 0.0716748
2 0.126566 0.424485 0.0612508 0.0824471
7 0.0927654 0.345722 0.0266506 0.198656
2 0.514436 0.388699 0.0276308 0.045891
7 0.403504 0.360184 0.0340528 0.0866905
7 0.594875 0.335636 0.0836525 0.106536
2 0.176855 0.392557 0.0335452 0.0380042
2 0.433107 0.382942 0.0168786 0.0330247
2 0.498352 0.384742 0.0172291 0.0316998
2 0.459215 0.378204 0.0142954 0.0199985
2 0.472904 0.382551 0.0143536 0.0230754
7 0.38079 0.372383 0.0240665 0.0870494
