7 0.104239 0.376231 0.208479 0.296793
2 0.928873 0.512678 0.141356 0.302739
2 0.837073 0.405865 0.113811 0.130977
7 0.654044 0.315552 0.13209 0.140673
2 0.558182 0.393677 0.0541328 0.0745536
2 0.60843 0.406204 0.0619068 0.0798786
2 0.250376 0.422273 0.0636198 0.0770801
2 0.693344 0.414143 0.115584 0.145576
2 0.750056 0.387862 0.0438686 0.0645952
7 0.27828 0.362746 0.086187 0.132182
7 0.350853 0.363185 0.076792 0.130957
2 0.522841 0.386883 0.0337459 0.0536601
2 0.937921 0.372263 0.0998657 0.0719372
7 0.412695 0.364486 0.0322787 0.0779707
7 0.550363 0.3342 0.0564852 0.0581226
2 0.773808 0.36568 0.0313469 0.0307506
2 0.198625 0.416067 0.0295762 0.0682933
2 0.491415 0.385572 0.0224865 0.0321218
2 0.773836 0.376694 0.0311083 0.0563817
2 0.220013 0.403419 0.0291228 0.0481488
2 0.487433 0.385501 0.0179961 0.0312573
2 0.467692 0.380476 0.0134821 0.0185876
2 0.459232 0.375063 0.0196452 0.0211404
2 0.506389 0.386956 0.0187756 0.0469825
7 0.104239 0.376231 0.208479 0.296793
2 0.928873 0.512678 0.141356 0.302739
2 0.837073 0.405865 0.113811 0.130977
7 0.654044 0.315552 0.13209 0.140673
2 0.558182 0.393677 0.0541328 0.0745536
2 0.60843 0.406204 0.0619068 0.0798786
2 0.250376 0.422273 0.0636198 0.0770801
2 0.693344 0.414143 0.115584 0.145576
2 0.750056 0.387862 0.0438686 0.0645952
7 0.27828 0.362746 0.086187 0.132182
7 0.350853 0.363185 0.076792 0.130957
2 0.522841 0.386883 0.0337459 0.0536601
2 0.937921 0.372263 0.0998657 0.0719372
7 0.412695 0.364486 0.0322787 0.0779707
7 0.550363 0.3342 0.0564852 0.0581226
2 0.773808 0.36568 0.0313469 0.0307506
2 0.198625 0.416067 0.0295762 0.0682933
2 0.491415 0.385572 0.0224865 0.0321218
2 0.773836 0.376694 0.0311083 0.0563817
2 0.220013 0.403419 0.0291228 0.0481488
2 0.487433 0.385501 0.0179961 0.0312573
2 0.467692 0.380476 0.0134821 0.0185876
2 0.459232 0.375063 0.0196452 0.0211404
2 0.506389 0.386956 0.0187756 0.0469825
7 0.104239 0.376231 0.208479 0.296793
2 0.928873 0.512678 0.141356 0.302739
2 0.837073 0.405865 0.113811 0.130977
7 0.654044 0.315552 0.13209 0.140673
2 0.558182 0.393677 0.0541328 0.0745536
2 0.60843 0.406204 0.0619068 0.0798786
2 0.250376 0.422273 0.0636198 0.0770801
2 0.693344 0.414143 0.115584 0.145576
2 0.750056 0.387862 0.0438686 0.0645952
7 0.27828 0.362746 0.086187 0.132182
7 0.350853 0.363185 0.076792 0.130957
2 0.522841 0.386883 0.0337459 0.0536601
2 0.937921 0.372263 0.0998657 0.0719372
7 0.412695 0.364486 0.0322787 0.0779707
7 0.550363 0.3342 0.0564852 0.0581226
2 0.773808 0.36568 0.0313469 0.0307506
2 0.198625 0.416067 0.0295762 0.0682933
2 0.491415 0.385572 0.0224865 0.0321218
2 0.773836 0.376694 0.0311083 0.0563817
2 0.220013 0.403419 0.0291228 0.0481488
2 0.487433 0.385501 0.0179961 0.0312573
2 0.467692 0.380476 0.0134821 0.0185876
2 0.459232 0.375063 0.0196452 0.0211404
2 0.506389 0.386956 0.0187756 0.0469825
7 0.104239 0.376231 0.208479 0.296793
2 0.928873 0.512678 0.141356 0.302739
2 0.837073 0.405865 0.113811 0.130977
7 0.654044 0.315552 0.13209 0.140673
2 0.558182 0.393677 0.0541328 0.0745536
2 0.60843 0.406204 0.0619068 0.0798786
2 0.250376 0.422273 0.0636198 0.0770801
2 0.693344 0.414143 0.115584 0.145576
2 0.750056 0.387862 0.0438686 0.0645952
7 0.27828 0.362746 0.086187 0.132182
7 0.350853 0.363185 0.076792 0.130957
2 0.522841 0.386883 0.0337459 0.0536601
2 0.937921 0.372263 0.0998657 0.0719372
7 0.412695 0.364486 0.0322787 0.0779707
7 0.550363 0.3342 0.0564852 0.0581226
2 0.773808 0.36568 0.0313469 0.0307506
2 0.198625 0.416067 0.0295762 0.0682933
2 0.491415 0.385572 0.0224865 0.0321218
2 0.773836 0.376694 0.0311083 0.0563817
2 0.220013 0.403419 0.0291228 0.0481488
2 0.487433 0.385501 0.0179961 0.0312573
2 0.467692 0.380476 0.0134821 0.0185876
2 0.459232 0.375063 0.0196452 0.0211404
2 0.506389 0.386956 0.0187756 0.0469825
