2 0.928682 0.423942 0.141988 0.152803
2 0.0934852 0.463297 0.124571 0.12028
7 0.592019 0.342191 0.141046 0.226336
2 0.727806 0.404027 0.076928 0.0810783
2 0.788003 0.390026 0.0690182 0.0812177
2 0.247596 0.425076 0.0679445 0.0774705
7 0.315179 0.369266 0.078968 0.138788
7 0.224156 0.355208 0.112618 0.128112
2 0.689277 0.389884 0.0286411 0.054356
2 0.172098 0.430058 0.083856 0.11601
2 0.358438 0.401601 0.0281839 0.0439367
7 0.886276 0.38842 0.110233 0.122811
2 0.0529033 0.434382 0.09681 0.122385
2 0.511514 0.392209 0.0346934 0.0453988
7 0.39089 0.362592 0.0614294 0.0905357
2 0.480224 0.38698 0.0242724 0.0314199
7 0.399893 0.363149 0.0455814 0.0870294
2 0.483766 0.387522 0.0192965 0.0336582
2 0.99091 0.370645 0.0174419 0.0456682
7 0.92858 0.336237 0.116983 0.0747828
2 0.110957 0.392911 0.0222397 0.0223867
2 0.00769708 0.408279 0.0153942 0.0280017
2 0.0101299 0.418078 0.0202336 0.0446699
2 0.428899 0.382351 0.0151444 0.0330651
2 0.928682 0.423942 0.141988 0.152803
2 0.0934852 0.463297 0.124571 0.12028
7 0.592019 0.342191 0.141046 0.226336
2 0.727806 0.404027 0.076928 0.0810783
2 0.788003 0.390026 0.0690182 0.0812177
2 0.247596 0.425076 0.0679445 0.0774705
7 0.315179 0.369266 0.078968 0.138788
7 0.224156 0.355208 0.112618 0.128112
2 0.689277 0.389884 0.0286411 0.054356
2 0.172098 0.430058 0.083856 0.11601
2 0.358438 0.401601 0.0281839 0.0439367
7 0.886276 0.38842 0.110233 0.122811
2 0.0529033 0.434382 0.09681 0.122385
2 0.511514 0.392209 0.0346934 0.0453988
7 0.39089 0.362592 0.0614294 0.0905357
2 0.480224 0.38698 0.0242724 0.0314199
7 0.399893 0.363149 0.0455814 0.0870294
2 0.483766 0.387522 0.0192965 0.0336582
2 0.99091 0.370645 0.0174419 0.0456682
7 0.92858 0.336237 0.116983 0.0747828
2 0.110957 0.392911 0.0222397 0.0223867
2 0.00769708 0.408279 0.0153942 0.0280017
2 0.0101299 0.418078 0.0202336 0.0446699
2 0.428899 0.382351 0.0151444 0.0330651
2 0.928682 0.423942 0.141988 0.152803
2 0.0934852 0.463297 0.124571 0.12028
7 0.592019 0.342191 0.141046 0.226336
2 0.727806 0.404027 0.076928 0.0810783
2 0.788003 0.390026 0.0690182 0.0812177
2 0.247596 0.425076 0.0679445 0.0774705
7 0.315179 0.369266 0.078968 0.138788
7 0.224156 0.355208 0.112618 0.128112
2 0.689277 0.389884 0.0286411 0.054356
2 0.172098 0.430058 0.083856 0.11601
2 0.358438 0.401601 0.0281839 0.0439367
7 0.886276 0.38842 0.110233 0.122811
2 0.0529033 0.434382 0.09681 0.122385
2 0.511514 0.392209 0.0346934 0.0453988
7 0.39089 0.362592 0.0614294 0.0905357
2 0.480224 0.38698 0.0242724 0.0314199
7 0.399893 0.363149 0.0455814 0.0870294
2 0.483766 0.387522 0.0192965 0.0336582
2 0.99091 0.370645 0.0174419 0.0456682
7 0.92858 0.336237 0.116983 0.0747828
2 0.110957 0.392911 0.0222397 0.0223867
2 0.00769708 0.408279 0.0153942 0.0280017
2 0.0101299 0.418078 0.0202336 0.0446699
2 0.428899 0.382351 0.0151444 0.0330651
2 0.928682 0.423942 0.141988 0.152803
2 0.0934852 0.463297 0.124571 0.12028
7 0.592019 0.342191 0.141046 0.226336
2 0.727806 0.404027 0.076928 0.0810783
2 0.788003 0.390026 0.0690182 0.0812177
2 0.247596 0.425076 0.0679445 0.0774705
7 0.315179 0.369266 0.078968 0.138788
7 0.224156 0.355208 0.112618 0.128112
2 0.689277 0.389884 0.0286411 0.054356
2 0.172098 0.430058 0.083856 0.11601
2 0.358438 0.401601 0.0281839 0.0439367
7 0.886276 0.38842 0.110233 0.122811
2 0.0529033 0.434382 0.09681 0.122385
2 0.511514 0.392209 0.0346934 0.0453988
7 0.39089 0.362592 0.0614294 0.0905357
2 0.480224 0.38698 0.0242724 0.0314199
7 0.399893 0.363149 0.0455814 0.0870294
2 0.483766 0.387522 0.0192965 0.0336582
2 0.99091 0.370645 0.0174419 0.0456682
7 0.92858 0.336237 0.116983 0.0747828
2 0.110957 0.392911 0.0222397 0.0223867
2 0.00769708 0.408279 0.0153942 0.0280017
2 0.0101299 0.418078 0.0202336 0.0446699
2 0.428899 0.382351 0.0151444 0.0330651
