7 0.348709 0.548052 0.069038 0.165555
7 0.857038 0.57956 0.135579 0.183865
7 0.858169 0.580529 0.136094 0.18175
7 0.289595 0.548331 0.0634744 0.168341
7 0.348709 0.548052 0.069038 0.165555
7 0.857038 0.57956 0.135579 0.183865
7 0.858169 0.580529 0.136094 0.18175
7 0.289595 0.548331 0.0634744 0.168341
7 0.348709 0.548052 0.069038 0.165555
7 0.857038 0.57956 0.135579 0.183865
7 0.858169 0.580529 0.136094 0.18175
7 0.289595 0.548331 0.0634744 0.168341
7 0.348709 0.548052 0.069038 0.165555
7 0.857038 0.57956 0.135579 0.183865
7 0.858169 0.580529 0.136094 0.18175
7 0.289595 0.548331 0.0634744 0.168341
7 0.348709 0.548052 0.069038 0.165555
7 0.857038 0.57956 0.135579 0.183865
7 0.858169 0.580529 0.136094 0.18175
7 0.289595 0.548331 0.0634744 0.168341
7 0.348709 0.548052 0.069038 0.165555
7 0.857038 0.57956 0.135579 0.183865
7 0.858169 0.580529 0.136094 0.18175
7 0.289595 0.548331 0.0634744 0.168341
5 0.348709 0.548052 0.069038 0.165555
5 0.857038 0.57956 0.135579 0.183865
7 0.858169 0.580529 0.136094 0.18175
5 0.289595 0.548331 0.0634744 0.168341
5 0.44371 0.552352 0.0827841 0.171733
5 0.590846 0.353642 0.0986284 0.054848
7 0.0924528 0.205427 0.0242477 0.0754897
5 0.0774686 0.550802 0.0349269 0.130635
5 0.315176 0.21508 0.0418216 0.0710679
2 0.567238 0.610536 0.0388374 0.0743225
5 0.105678 0.532715 0.0448492 0.162769
5 0.93244 0.581055 0.132683 0.19336
7 0.590566 0.35331 0.0985395 0.0547743
5 0.843813 0.457702 0.106023 0.112044
5 0.382286 0.548517 0.0761371 0.168817
7 0.0854074 0.842239 0.170815 0.175611
5 0.257184 0.543084 0.060371 0.16894
5 0.795039 0.31565 0.0814407 0.0762579
5 0.196667 0.544498 0.0541406 0.165131
