2 0.902197 0.420851 0.146021 0.14168
2 0.102439 0.462028 0.121117 0.118743
7 0.585813 0.342746 0.134682 0.216218
2 0.715968 0.401644 0.0717348 0.0804188
2 0.771212 0.388525 0.0642552 0.0769514
7 0.319953 0.364636 0.0786434 0.145528
7 0.228351 0.351966 0.111972 0.121533
2 0.252468 0.423452 0.0673369 0.0768738
2 0.179346 0.428468 0.082543 0.113984
2 0.0596081 0.432845 0.0957293 0.117906
2 0.68036 0.390362 0.0280216 0.051991
2 0.361663 0.401553 0.0283636 0.0416036
7 0.400413 0.363126 0.0442957 0.0876687
7 0.855522 0.387602 0.097245 0.113692
2 0.513687 0.390961 0.0323812 0.0464452
2 0.855426 0.387412 0.0969709 0.114281
2 0.118936 0.39272 0.0300847 0.0255032
2 0.506294 0.389565 0.0339649 0.042806
2 0.00952009 0.402561 0.0189245 0.0231016
2 0.480564 0.385095 0.0210582 0.0327905
7 0.388607 0.362271 0.0542216 0.0894386
2 0.0103759 0.42954 0.0207517 0.0752204
7 0.955148 0.33842 0.0886776 0.0923093
2 0.50103 0.387627 0.0260428 0.0416963
2 0.42838 0.383579 0.0149982 0.030932
7 0.373882 0.36052 0.0300488 0.0855614
2 0.466464 0.382449 0.0133634 0.0225419
2 0.902197 0.420851 0.146021 0.14168
2 0.102439 0.462028 0.121117 0.118743
7 0.585813 0.342746 0.134682 0.216218
2 0.715968 0.401644 0.0717348 0.0804188
2 0.771212 0.388525 0.0642552 0.0769514
7 0.319953 0.364636 0.0786434 0.145528
7 0.228351 0.351966 0.111972 0.121533
2 0.252468 0.423452 0.0673369 0.0768738
2 0.179346 0.428468 0.082543 0.113984
2 0.0596081 0.432845 0.0957293 0.117906
2 0.68036 0.390362 0.0280216 0.051991
2 0.361663 0.401553 0.0283636 0.0416036
7 0.400413 0.363126 0.0442957 0.0876687
7 0.855522 0.387602 0.097245 0.113692
2 0.513687 0.390961 0.0323812 0.0464452
2 0.855426 0.387412 0.0969709 0.114281
2 0.118936 0.39272 0.0300847 0.0255032
2 0.506294 0.389565 0.0339649 0.042806
2 0.00952009 0.402561 0.0189245 0.0231016
2 0.480564 0.385095 0.0210582 0.0327905
7 0.388607 0.362271 0.0542216 0.0894386
2 0.0103759 0.42954 0.0207517 0.0752204
7 0.955148 0.33842 0.0886776 0.0923093
2 0.50103 0.387627 0.0260428 0.0416963
2 0.42838 0.383579 0.0149982 0.030932
7 0.373882 0.36052 0.0300488 0.0855614
2 0.466464 0.382449 0.0133634 0.0225419
2 0.902197 0.420851 0.146021 0.14168
2 0.102439 0.462028 0.121117 0.118743
7 0.585813 0.342746 0.134682 0.216218
2 0.715968 0.401644 0.0717348 0.0804188
2 0.771212 0.388525 0.0642552 0.0769514
7 0.319953 0.364636 0.0786434 0.145528
7 0.228351 0.351966 0.111972 0.121533
2 0.252468 0.423452 0.0673369 0.0768738
2 0.179346 0.428468 0.082543 0.113984
2 0.0596081 0.432845 0.0957293 0.117906
2 0.68036 0.390362 0.0280216 0.051991
2 0.361663 0.401553 0.0283636 0.0416036
7 0.400413 0.363126 0.0442957 0.0876687
7 0.855522 0.387602 0.097245 0.113692
2 0.513687 0.390961 0.0323812 0.0464452
2 0.855426 0.387412 0.0969709 0.114281
2 0.118936 0.39272 0.0300847 0.0255032
2 0.506294 0.389565 0.0339649 0.042806
2 0.00952009 0.402561 0.0189245 0.0231016
2 0.480564 0.385095 0.0210582 0.0327905
7 0.388607 0.362271 0.0542216 0.0894386
2 0.0103759 0.42954 0.0207517 0.0752204
7 0.955148 0.33842 0.0886776 0.0923093
2 0.50103 0.387627 0.0260428 0.0416963
2 0.42838 0.383579 0.0149982 0.030932
7 0.373882 0.36052 0.0300488 0.0855614
2 0.466464 0.382449 0.0133634 0.0225419
2 0.902197 0.420851 0.146021 0.14168
2 0.102439 0.462028 0.121117 0.118743
7 0.585813 0.342746 0.134682 0.216218
2 0.715968 0.401644 0.0717348 0.0804188
2 0.771212 0.388525 0.0642552 0.0769514
7 0.319953 0.364636 0.0786434 0.145528
7 0.228351 0.351966 0.111972 0.121533
2 0.252468 0.423452 0.0673369 0.0768738
2 0.179346 0.428468 0.082543 0.113984
2 0.0596081 0.432845 0.0957293 0.117906
2 0.68036 0.390362 0.0280216 0.051991
2 0.361663 0.401553 0.0283636 0.0416036
7 0.400413 0.363126 0.0442957 0.0876687
7 0.855522 0.387602 0.097245 0.113692
2 0.513687 0.390961 0.0323812 0.0464452
2 0.855426 0.387412 0.0969709 0.114281
2 0.118936 0.39272 0.0300847 0.0255032
2 0.506294 0.389565 0.0339649 0.042806
2 0.00952009 0.402561 0.0189245 0.0231016
2 0.480564 0.385095 0.0210582 0.0327905
7 0.388607 0.362271 0.0542216 0.0894386
2 0.0103759 0.42954 0.0207517 0.0752204
7 0.955148 0.33842 0.0886776 0.0923093
2 0.50103 0.387627 0.0260428 0.0416963
2 0.42838 0.383579 0.0149982 0.030932
7 0.373882 0.36052 0.0300488 0.0855614
2 0.466464 0.382449 0.0133634 0.0225419
