7 0.133122 0.376409 0.190031 0.270508
2 0.832883 0.462017 0.203826 0.195633
7 0.0328589 0.362135 0.065174 0.258434
7 0.287301 0.363811 0.0858769 0.123184
7 0.627285 0.318003 0.113448 0.116611
2 0.585749 0.400195 0.0469499 0.0729665
7 0.360165 0.361772 0.0775972 0.126556
2 0.271104 0.419951 0.0572166 0.0676317
2 0.760549 0.397352 0.0723946 0.103872
2 0.704828 0.386702 0.0451947 0.057173
2 0.546665 0.392002 0.0472439 0.0664156
2 0.64947 0.406901 0.0919691 0.119738
2 0.859677 0.381429 0.0953972 0.0790959
2 0.516567 0.38532 0.0295464 0.0486769
7 0.413705 0.364706 0.031237 0.0755364
7 0.966045 0.392926 0.0669037 0.232243
7 0.543848 0.336791 0.0538614 0.0568
7 0.966331 0.427944 0.0666729 0.162819
2 0.489658 0.386667 0.0244366 0.033881
2 0.235987 0.403425 0.022449 0.0427784
2 0.459306 0.37605 0.0190424 0.0208243
2 0.466033 0.381858 0.00948391 0.0198096
7 0.133122 0.376409 0.190031 0.270508
2 0.832883 0.462017 0.203826 0.195633
7 0.0328589 0.362135 0.065174 0.258434
7 0.287301 0.363811 0.0858769 0.123184
7 0.627285 0.318003 0.113448 0.116611
2 0.585749 0.400195 0.0469499 0.0729665
7 0.360165 0.361772 0.0775972 0.126556
2 0.271104 0.419951 0.0572166 0.0676317
2 0.760549 0.397352 0.0723946 0.103872
2 0.704828 0.386702 0.0451947 0.057173
2 0.546665 0.392002 0.0472439 0.0664156
2 0.64947 0.406901 0.0919691 0.119738
2 0.859677 0.381429 0.0953972 0.0790959
2 0.516567 0.38532 0.0295464 0.0486769
7 0.413705 0.364706 0.031237 0.0755364
7 0.966045 0.392926 0.0669037 0.232243
7 0.543848 0.336791 0.0538614 0.0568
7 0.966331 0.427944 0.0666729 0.162819
2 0.489658 0.386667 0.0244366 0.033881
2 0.235987 0.403425 0.022449 0.0427784
2 0.459306 0.37605 0.0190424 0.0208243
2 0.466033 0.381858 0.00948391 0.0198096
7 0.133122 0.376409 0.190031 0.270508
2 0.832883 0.462017 0.203826 0.195633
7 0.0328589 0.362135 0.065174 0.258434
7 0.287301 0.363811 0.0858769 0.123184
7 0.627285 0.318003 0.113448 0.116611
2 0.585749 0.400195 0.0469499 0.0729665
7 0.360165 0.361772 0.0775972 0.126556
2 0.271104 0.419951 0.0572166 0.0676317
2 0.760549 0.397352 0.0723946 0.103872
2 0.704828 0.386702 0.0451947 0.057173
2 0.546665 0.392002 0.0472439 0.0664156
2 0.64947 0.406901 0.0919691 0.119738
2 0.859677 0.381429 0.0953972 0.0790959
2 0.516567 0.38532 0.0295464 0.0486769
7 0.413705 0.364706 0.031237 0.0755364
7 0.966045 0.392926 0.0669037 0.232243
7 0.543848 0.336791 0.0538614 0.0568
7 0.966331 0.427944 0.0666729 0.162819
2 0.489658 0.386667 0.0244366 0.033881
2 0.235987 0.403425 0.022449 0.0427784
2 0.459306 0.37605 0.0190424 0.0208243
2 0.466033 0.381858 0.00948391 0.0198096
7 0.133122 0.376409 0.190031 0.270508
2 0.832883 0.462017 0.203826 0.195633
7 0.0328589 0.362135 0.065174 0.258434
7 0.287301 0.363811 0.0858769 0.123184
7 0.627285 0.318003 0.113448 0.116611
2 0.585749 0.400195 0.0469499 0.0729665
7 0.360165 0.361772 0.0775972 0.126556
2 0.271104 0.419951 0.0572166 0.0676317
2 0.760549 0.397352 0.0723946 0.103872
2 0.704828 0.386702 0.0451947 0.057173
2 0.546665 0.392002 0.0472439 0.0664156
2 0.64947 0.406901 0.0919691 0.119738
2 0.859677 0.381429 0.0953972 0.0790959
2 0.516567 0.38532 0.0295464 0.0486769
7 0.413705 0.364706 0.031237 0.0755364
7 0.966045 0.392926 0.0669037 0.232243
7 0.543848 0.336791 0.0538614 0.0568
7 0.966331 0.427944 0.0666729 0.162819
2 0.489658 0.386667 0.0244366 0.033881
2 0.235987 0.403425 0.022449 0.0427784
2 0.459306 0.37605 0.0190424 0.0208243
2 0.466033 0.381858 0.00948391 0.0198096
