7 0.366902 0.493034 0.175018 0.0907065
5 0.367394 0.492643 0.175038 0.0905687
7 0.79506 0.360548 0.065015 0.0570223
7 0.373877 0.38508 0.142036 0.076039
2 0.126997 0.532292 0.0492148 0.0342684
2 0.982044 0.361586 0.0350601 0.033579
2 0.690024 0.204358 0.0187101 0.0218457
2 0.887772 0.207531 0.0314831 0.0201185
7 0.56559 0.288075 0.0643662 0.060483
7 0.954889 0.275865 0.0892118 0.0538611
2 0.560228 0.156794 0.024259 0.0236179
2 0.518943 0.407739 0.0432501 0.0260157
7 0.112068 0.420332 0.0785585 0.0551495
2 0.632973 0.604149 0.0502588 0.0488954
7 0.58839 0.367737 0.090052 0.0743234
2 0.494869 0.196217 0.023315 0.0219861
7 0.632977 0.603947 0.0507122 0.0486788
7 0.828488 0.549455 0.131533 0.0945363
2 0.726724 0.204357 0.0347124 0.0216539
7 0.780356 0.239619 0.0533621 0.0995516
2 0.289841 0.418954 0.0483634 0.0303842
2 0.639055 0.237285 0.0259842 0.0498372
7 0.737774 0.145072 0.0606874 0.0622615
5 0.0310788 0.550962 0.0617117 0.0717312
7 0.812809 0.552179 0.0973934 0.0819092
7 0.0616567 0.593495 0.121159 0.0952543
2 0.671868 0.243329 0.0195478 0.0301642
7 0.0891036 0.590731 0.066861 0.0825944
2 0.761684 0.0306055 0.0217913 0.0210461
2 0.676574 0.242874 0.0283865 0.0287432
2 0.364788 0.219074 0.0263675 0.0239156
2 0.778463 0.148246 0.0264948 0.0433506
7 0.66533 0.364225 0.066734 0.0645131
7 0.541463 0.548124 0.0371881 0.0525538
7 0.981926 0.361164 0.0353775 0.0358711
2 0.854757 0.174189 0.0224243 0.0218355
2 0.658589 0.206896 0.018167 0.0207517
7 0.599854 0.368219 0.0657623 0.0706665
7 0.602484 0.216265 0.0511553 0.0419404
2 0.820778 0.137256 0.0333164 0.0239683
2 0.85035 0.168243 0.0287796 0.0305088
7 0.560798 0.37489 0.0371943 0.0617616
