2 0.816381 0.447749 0.173579 0.171557
7 0.842076 0.315267 0.315358 0.363659
7 0.321302 0.364345 0.0968093 0.154427
2 0.138424 0.452061 0.100374 0.101619
7 0.235068 0.36731 0.100936 0.158174
2 0.655821 0.407666 0.100918 0.124843
2 0.559292 0.392948 0.052179 0.0753205
7 0.0462772 0.368865 0.0913068 0.369867
2 0.119245 0.42472 0.0695349 0.0747241
7 0.605545 0.358912 0.0904421 0.166703
2 0.519952 0.38858 0.0316637 0.0492937
7 0.604699 0.333221 0.0901719 0.114258
7 0.40266 0.36062 0.035795 0.0879431
2 0.514999 0.387941 0.0296004 0.0449933
2 0.525264 0.391485 0.0314566 0.0550469
5 0.40188 0.361088 0.0346261 0.0885813
2 0.432435 0.383392 0.0178018 0.0330109
2 0.599556 0.406744 0.0303778 0.0763605
2 0.531313 0.391805 0.0198654 0.0534932
7 0.0268323 0.368973 0.0532475 0.37451
2 0.493319 0.383034 0.0268592 0.0364086
2 0.460252 0.372606 0.0153156 0.0307459
2 0.469252 0.373229 0.0267138 0.0353338
2 0.475889 0.385162 0.016259 0.0306458
2 0.505878 0.38601 0.0179024 0.0423357
2 0.49184 0.386659 0.0221286 0.0334093
0 0.187368 0.419197 0.0187866 0.0554408
7 0.379329 0.375555 0.0250351 0.0812554
2 0.816381 0.447749 0.173579 0.171557
7 0.842076 0.315267 0.315358 0.363659
7 0.321302 0.364345 0.0968093 0.154427
2 0.138424 0.452061 0.100374 0.101619
7 0.235068 0.36731 0.100936 0.158174
2 0.655821 0.407666 0.100918 0.124843
2 0.559292 0.392948 0.052179 0.0753205
7 0.0462772 0.368865 0.0913068 0.369867
2 0.119245 0.42472 0.0695349 0.0747241
7 0.605545 0.358912 0.0904421 0.166703
2 0.519952 0.38858 0.0316637 0.0492937
7 0.604699 0.333221 0.0901719 0.114258
7 0.40266 0.36062 0.035795 0.0879431
2 0.514999 0.387941 0.0296004 0.0449933
2 0.525264 0.391485 0.0314566 0.0550469
5 0.40188 0.361088 0.0346261 0.0885813
2 0.432435 0.383392 0.0178018 0.0330109
2 0.599556 0.406744 0.0303778 0.0763605
2 0.531313 0.391805 0.0198654 0.0534932
7 0.0268323 0.368973 0.0532475 0.37451
2 0.493319 0.383034 0.0268592 0.0364086
2 0.460252 0.372606 0.0153156 0.0307459
2 0.469252 0.373229 0.0267138 0.0353338
2 0.475889 0.385162 0.016259 0.0306458
2 0.505878 0.38601 0.0179024 0.0423357
2 0.49184 0.386659 0.0221286 0.0334093
0 0.187368 0.419197 0.0187866 0.0554408
7 0.379329 0.375555 0.0250351 0.0812554
2 0.816381 0.447749 0.173579 0.171557
7 0.842076 0.315267 0.315358 0.363659
7 0.321302 0.364345 0.0968093 0.154427
2 0.138424 0.452061 0.100374 0.101619
7 0.235068 0.36731 0.100936 0.158174
2 0.655821 0.407666 0.100918 0.124843
2 0.559292 0.392948 0.052179 0.0753205
7 0.0462772 0.368865 0.0913068 0.369867
2 0.119245 0.42472 0.0695349 0.0747241
7 0.605545 0.358912 0.0904421 0.166703
2 0.519952 0.38858 0.0316637 0.0492937
7 0.604699 0.333221 0.0901719 0.114258
7 0.40266 0.36062 0.035795 0.0879431
2 0.514999 0.387941 0.0296004 0.0449933
2 0.525264 0.391485 0.0314566 0.0550469
5 0.40188 0.361088 0.0346261 0.0885813
2 0.432435 0.383392 0.0178018 0.0330109
2 0.599556 0.406744 0.0303778 0.0763605
2 0.531313 0.391805 0.0198654 0.0534932
7 0.0268323 0.368973 0.0532475 0.37451
2 0.493319 0.383034 0.0268592 0.0364086
2 0.460252 0.372606 0.0153156 0.0307459
2 0.469252 0.373229 0.0267138 0.0353338
2 0.475889 0.385162 0.016259 0.0306458
2 0.505878 0.38601 0.0179024 0.0423357
2 0.49184 0.386659 0.0221286 0.0334093
0 0.187368 0.419197 0.0187866 0.0554408
7 0.379329 0.375555 0.0250351 0.0812554
2 0.816381 0.447749 0.173579 0.171557
7 0.842076 0.315267 0.315358 0.363659
7 0.321302 0.364345 0.0968093 0.154427
2 0.138424 0.452061 0.100374 0.101619
7 0.235068 0.36731 0.100936 0.158174
2 0.655821 0.407666 0.100918 0.124843
2 0.559292 0.392948 0.052179 0.0753205
7 0.0462772 0.368865 0.0913068 0.369867
2 0.119245 0.42472 0.0695349 0.0747241
7 0.605545 0.358912 0.0904421 0.166703
2 0.519952 0.38858 0.0316637 0.0492937
7 0.604699 0.333221 0.0901719 0.114258
7 0.40266 0.36062 0.035795 0.0879431
2 0.514999 0.387941 0.0296004 0.0449933
2 0.525264 0.391485 0.0314566 0.0550469
5 0.40188 0.361088 0.0346261 0.0885813
2 0.432435 0.383392 0.0178018 0.0330109
2 0.599556 0.406744 0.0303778 0.0763605
2 0.531313 0.391805 0.0198654 0.0534932
7 0.0268323 0.368973 0.0532475 0.37451
2 0.493319 0.383034 0.0268592 0.0364086
2 0.460252 0.372606 0.0153156 0.0307459
2 0.469252 0.373229 0.0267138 0.0353338
2 0.475889 0.385162 0.016259 0.0306458
2 0.505878 0.38601 0.0179024 0.0423357
2 0.49184 0.386659 0.0221286 0.0334093
0 0.187368 0.419197 0.0187866 0.0554408
7 0.379329 0.375555 0.0250351 0.0812554
