7 0.877843 0.398593 0.243386 0.456322
7 0.220382 0.372987 0.130684 0.206146
7 0.0852274 0.366053 0.170019 0.219004
2 0.62176 0.412646 0.0804846 0.0934557
2 0.0714604 0.463525 0.133036 0.128702
2 0.871426 0.378934 0.0453495 0.0747525
2 0.572863 0.39637 0.0491852 0.0824073
2 0.302394 0.412702 0.0471553 0.0566584
7 0.573876 0.333201 0.0716829 0.0876579
2 0.680506 0.38442 0.0385639 0.0613107
2 0.647744 0.387587 0.045957 0.0630168
2 0.520354 0.387521 0.0358389 0.0508013
7 0.742859 0.390112 0.092435 0.110856
2 0.543117 0.395678 0.0238003 0.0523373
7 0.418667 0.366246 0.0287827 0.0723377
7 0.353539 0.362224 0.0706048 0.114134
7 0.302775 0.351943 0.0375316 0.0841474
2 0.483273 0.386556 0.0207888 0.0301161
7 0.365419 0.364232 0.0477558 0.111476
7 0.52917 0.342939 0.0245577 0.0495127
2 0.489664 0.382698 0.0314682 0.0379264
7 0.33232 0.358797 0.0980347 0.101873
2 0.464163 0.377632 0.0178696 0.0220473
2 0.46071 0.375709 0.0181642 0.0218994
7 0.523528 0.34149 0.0351624 0.0480977
7 0.314131 0.357585 0.0600995 0.0985029
7 0.877843 0.398593 0.243386 0.456322
7 0.220382 0.372987 0.130684 0.206146
7 0.0852274 0.366053 0.170019 0.219004
2 0.62176 0.412646 0.0804846 0.0934557
2 0.0714604 0.463525 0.133036 0.128702
2 0.871426 0.378934 0.0453495 0.0747525
2 0.572863 0.39637 0.0491852 0.0824073
2 0.302394 0.412702 0.0471553 0.0566584
7 0.573876 0.333201 0.0716829 0.0876579
2 0.680506 0.38442 0.0385639 0.0613107
2 0.647744 0.387587 0.045957 0.0630168
2 0.520354 0.387521 0.0358389 0.0508013
7 0.742859 0.390112 0.092435 0.110856
2 0.543117 0.395678 0.0238003 0.0523373
7 0.418667 0.366246 0.0287827 0.0723377
7 0.353539 0.362224 0.0706048 0.114134
7 0.302775 0.351943 0.0375316 0.0841474
2 0.483273 0.386556 0.0207888 0.0301161
7 0.365419 0.364232 0.0477558 0.111476
7 0.52917 0.342939 0.0245577 0.0495127
2 0.489664 0.382698 0.0314682 0.0379264
7 0.33232 0.358797 0.0980347 0.101873
2 0.464163 0.377632 0.0178696 0.0220473
2 0.46071 0.375709 0.0181642 0.0218994
7 0.523528 0.34149 0.0351624 0.0480977
7 0.314131 0.357585 0.0600995 0.0985029
7 0.877843 0.398593 0.243386 0.456322
7 0.220382 0.372987 0.130684 0.206146
7 0.0852274 0.366053 0.170019 0.219004
2 0.62176 0.412646 0.0804846 0.0934557
2 0.0714604 0.463525 0.133036 0.128702
2 0.871426 0.378934 0.0453495 0.0747525
2 0.572863 0.39637 0.0491852 0.0824073
2 0.302394 0.412702 0.0471553 0.0566584
7 0.573876 0.333201 0.0716829 0.0876579
2 0.680506 0.38442 0.0385639 0.0613107
2 0.647744 0.387587 0.045957 0.0630168
2 0.520354 0.387521 0.0358389 0.0508013
7 0.742859 0.390112 0.092435 0.110856
2 0.543117 0.395678 0.0238003 0.0523373
7 0.418667 0.366246 0.0287827 0.0723377
7 0.353539 0.362224 0.0706048 0.114134
7 0.302775 0.351943 0.0375316 0.0841474
2 0.483273 0.386556 0.0207888 0.0301161
7 0.365419 0.364232 0.0477558 0.111476
7 0.52917 0.342939 0.0245577 0.0495127
2 0.489664 0.382698 0.0314682 0.0379264
7 0.33232 0.358797 0.0980347 0.101873
2 0.464163 0.377632 0.0178696 0.0220473
2 0.46071 0.375709 0.0181642 0.0218994
7 0.523528 0.34149 0.0351624 0.0480977
7 0.314131 0.357585 0.0600995 0.0985029
7 0.877843 0.398593 0.243386 0.456322
7 0.220382 0.372987 0.130684 0.206146
7 0.0852274 0.366053 0.170019 0.219004
2 0.62176 0.412646 0.0804846 0.0934557
2 0.0714604 0.463525 0.133036 0.128702
2 0.871426 0.378934 0.0453495 0.0747525
2 0.572863 0.39637 0.0491852 0.0824073
2 0.302394 0.412702 0.0471553 0.0566584
7 0.573876 0.333201 0.0716829 0.0876579
2 0.680506 0.38442 0.0385639 0.0613107
2 0.647744 0.387587 0.045957 0.0630168
2 0.520354 0.387521 0.0358389 0.0508013
7 0.742859 0.390112 0.092435 0.110856
2 0.543117 0.395678 0.0238003 0.0523373
7 0.418667 0.366246 0.0287827 0.0723377
7 0.353539 0.362224 0.0706048 0.114134
7 0.302775 0.351943 0.0375316 0.0841474
2 0.483273 0.386556 0.0207888 0.0301161
7 0.365419 0.364232 0.0477558 0.111476
7 0.52917 0.342939 0.0245577 0.0495127
2 0.489664 0.382698 0.0314682 0.0379264
7 0.33232 0.358797 0.0980347 0.101873
2 0.464163 0.377632 0.0178696 0.0220473
2 0.46071 0.375709 0.0181642 0.0218994
7 0.523528 0.34149 0.0351624 0.0480977
7 0.314131 0.357585 0.0600995 0.0985029
