2 0.942473 0.430279 0.114161 0.154592
2 0.136731 0.453587 0.106513 0.110239
7 0.564855 0.346505 0.104648 0.185422
2 0.794762 0.408358 0.101019 0.111208
2 0.276195 0.419732 0.0589323 0.0703459
2 0.668086 0.39757 0.0602719 0.0663118
7 0.24481 0.365833 0.111377 0.137249
7 0.334222 0.369267 0.0717171 0.123347
7 0.0290697 0.463328 0.0579314 0.17888
2 0.712298 0.386251 0.0443258 0.0648644
2 0.200729 0.422638 0.0733791 0.10705
7 0.401875 0.363878 0.038111 0.0838077
2 0.0911904 0.426908 0.0817432 0.109918
2 0.765789 0.383527 0.0668371 0.0914371
2 0.373657 0.39982 0.0244416 0.0376656
2 0.0330952 0.403433 0.0429176 0.0249361
2 0.429142 0.385026 0.012654 0.0283169
2 0.501971 0.39298 0.0148793 0.0332047
2 0.88275 0.363066 0.0482454 0.0169827
2 0.61763 0.385825 0.0284283 0.0554984
2 0.623282 0.387737 0.0159881 0.0519843
2 0.496104 0.391843 0.0239696 0.0320738
2 0.47856 0.385325 0.0158367 0.0277106
2 0.942473 0.430279 0.114161 0.154592
2 0.136731 0.453587 0.106513 0.110239
7 0.564855 0.346505 0.104648 0.185422
2 0.794762 0.408358 0.101019 0.111208
2 0.276195 0.419732 0.0589323 0.0703459
2 0.668086 0.39757 0.0602719 0.0663118
7 0.24481 0.365833 0.111377 0.137249
7 0.334222 0.369267 0.0717171 0.123347
7 0.0290697 0.463328 0.0579314 0.17888
2 0.712298 0.386251 0.0443258 0.0648644
2 0.200729 0.422638 0.0733791 0.10705
7 0.401875 0.363878 0.038111 0.0838077
2 0.0911904 0.426908 0.0817432 0.109918
2 0.765789 0.383527 0.0668371 0.0914371
2 0.373657 0.39982 0.0244416 0.0376656
2 0.0330952 0.403433 0.0429176 0.0249361
2 0.429142 0.385026 0.012654 0.0283169
2 0.501971 0.39298 0.0148793 0.0332047
2 0.88275 0.363066 0.0482454 0.0169827
2 0.61763 0.385825 0.0284283 0.0554984
2 0.623282 0.387737 0.0159881 0.0519843
2 0.496104 0.391843 0.0239696 0.0320738
2 0.47856 0.385325 0.0158367 0.0277106
2 0.942473 0.430279 0.114161 0.154592
2 0.136731 0.453587 0.106513 0.110239
7 0.564855 0.346505 0.104648 0.185422
2 0.794762 0.408358 0.101019 0.111208
2 0.276195 0.419732 0.0589323 0.0703459
2 0.668086 0.39757 0.0602719 0.0663118
7 0.24481 0.365833 0.111377 0.137249
7 0.334222 0.369267 0.0717171 0.123347
7 0.0290697 0.463328 0.0579314 0.17888
2 0.712298 0.386251 0.0443258 0.0648644
2 0.200729 0.422638 0.0733791 0.10705
7 0.401875 0.363878 0.038111 0.0838077
2 0.0911904 0.426908 0.0817432 0.109918
2 0.765789 0.383527 0.0668371 0.0914371
2 0.373657 0.39982 0.0244416 0.0376656
2 0.0330952 0.403433 0.0429176 0.0249361
2 0.429142 0.385026 0.012654 0.0283169
2 0.501971 0.39298 0.0148793 0.0332047
2 0.88275 0.363066 0.0482454 0.0169827
2 0.61763 0.385825 0.0284283 0.0554984
2 0.623282 0.387737 0.0159881 0.0519843
2 0.496104 0.391843 0.0239696 0.0320738
2 0.47856 0.385325 0.0158367 0.0277106
2 0.942473 0.430279 0.114161 0.154592
2 0.136731 0.453587 0.106513 0.110239
7 0.564855 0.346505 0.104648 0.185422
2 0.794762 0.408358 0.101019 0.111208
2 0.276195 0.419732 0.0589323 0.0703459
2 0.668086 0.39757 0.0602719 0.0663118
7 0.24481 0.365833 0.111377 0.137249
7 0.334222 0.369267 0.0717171 0.123347
7 0.0290697 0.463328 0.0579314 0.17888
2 0.712298 0.386251 0.0443258 0.0648644
2 0.200729 0.422638 0.0733791 0.10705
7 0.401875 0.363878 0.038111 0.0838077
2 0.0911904 0.426908 0.0817432 0.109918
2 0.765789 0.383527 0.0668371 0.0914371
2 0.373657 0.39982 0.0244416 0.0376656
2 0.0330952 0.403433 0.0429176 0.0249361
2 0.429142 0.385026 0.012654 0.0283169
2 0.501971 0.39298 0.0148793 0.0332047
2 0.88275 0.363066 0.0482454 0.0169827
2 0.61763 0.385825 0.0284283 0.0554984
2 0.623282 0.387737 0.0159881 0.0519843
2 0.496104 0.391843 0.0239696 0.0320738
2 0.47856 0.385325 0.0158367 0.0277106
