7 0.367987 0.508833 0.1755 0.0916524
7 0.587898 0.384037 0.142947 0.0775789
7 0.0469087 0.41871 0.0925448 0.07742
2 0.831712 0.610175 0.0524145 0.048543
7 0.237478 0.596909 0.144797 0.0991576
7 0.474881 0.411529 0.075074 0.0547748
7 0.971751 0.55374 0.0557865 0.0879718
2 0.914403 0.436368 0.0465063 0.0296094
7 0.788737 0.368244 0.103925 0.075362
2 0.753027 0.237342 0.027876 0.0538481
2 0.878221 0.201187 0.0409054 0.0267706
2 0.650637 0.411142 0.0490032 0.0278373
7 0.831211 0.164059 0.0579952 0.102994
2 0.981984 0.361844 0.0350162 0.050174
7 0.98191 0.361575 0.0351357 0.0507092
7 0.807466 0.545017 0.0426268 0.0549497
2 0.792702 0.206407 0.0203821 0.0212502
2 0.875321 0.150375 0.0235785 0.0423333
2 0.464247 0.239721 0.0274479 0.02127
7 0.0217411 0.151342 0.0432051 0.135789
2 0.077847 0.617206 0.0521734 0.0790938
7 0.690117 0.289742 0.0672352 0.0621028
7 0.900421 0.253159 0.0582146 0.080412
2 0.789387 0.246844 0.030608 0.0301506
7 0.866159 0.363468 0.06709 0.0662309
2 0.644589 0.16138 0.0242287 0.0286228
7 0.0772431 0.616949 0.0508723 0.0772235
2 0.153301 0.547023 0.0472275 0.0348014
2 0.994411 0.293249 0.0105993 0.0394719
7 0.0336616 0.602762 0.0415772 0.0783022
7 0.133022 0.579889 0.0414027 0.0602297
2 0.91333 0.139022 0.0290504 0.0249418
2 0.989084 0.209324 0.020834 0.0206511
7 0.966703 0.121016 0.0659599 0.137156
