7 0.731577 0.771082 0.277563 0.356031
7 0.356152 0.428635 0.0786118 0.125381
7 0.427516 0.487131 0.0271949 0.0322691
7 0.436598 0.540515 0.0313957 0.0431535
7 0.477977 0.529406 0.0373455 0.0464484
7 0.271981 0.303093 0.0383417 0.0581315
7 0.39469 0.441821 0.0212406 0.0344881
7 0.278744 0.348502 0.0201406 0.0266301
7 0.731577 0.771082 0.277563 0.356031
7 0.356152 0.428635 0.0786118 0.125381
7 0.427516 0.487131 0.0271949 0.0322691
7 0.436598 0.540515 0.0313957 0.0431535
7 0.477977 0.529406 0.0373455 0.0464484
7 0.271981 0.303093 0.0383417 0.0581315
7 0.39469 0.441821 0.0212406 0.0344881
7 0.278744 0.348502 0.0201406 0.0266301
