7 0.41772 0.493706 0.0832535 0.152392
7 0.484479 0.531963 0.101284 0.172886
7 0.635897 0.845904 0.05672 0.0887916
7 0.572246 0.748014 0.0512268 0.0826962
7 0.569532 0.661247 0.0361014 0.0530306
7 0.729812 0.887614 0.0644354 0.0947276
7 0.406414 0.418241 0.0632747 0.0977275
7 0.516759 0.653227 0.0482224 0.0704542
7 0.623563 0.724117 0.0606678 0.115014
7 0.329965 0.321937 0.0368952 0.0661803
7 0.852996 0.639662 0.0625092 0.0535153
7 0.7827 0.954456 0.105877 0.0868622
7 0.357347 0.413728 0.0164786 0.0258607
7 0.41772 0.493706 0.0832535 0.152392
7 0.484479 0.531963 0.101284 0.172886
7 0.635897 0.845904 0.05672 0.0887916
7 0.572246 0.748014 0.0512268 0.0826962
7 0.569532 0.661247 0.0361014 0.0530306
7 0.729812 0.887614 0.0644354 0.0947276
7 0.406414 0.418241 0.0632747 0.0977275
7 0.516759 0.653227 0.0482224 0.0704542
7 0.623563 0.724117 0.0606678 0.115014
7 0.329965 0.321937 0.0368952 0.0661803
7 0.852996 0.639662 0.0625092 0.0535153
7 0.7827 0.954456 0.105877 0.0868622
7 0.357347 0.413728 0.0164786 0.0258607
7 0.41772 0.493706 0.0832535 0.152392
7 0.484479 0.531963 0.101284 0.172886
7 0.635897 0.845904 0.05672 0.0887916
7 0.572246 0.748014 0.0512268 0.0826962
7 0.569532 0.661247 0.0361014 0.0530306
7 0.729812 0.887614 0.0644354 0.0947276
7 0.406414 0.418241 0.0632747 0.0977275
7 0.516759 0.653227 0.0482224 0.0704542
7 0.623563 0.724117 0.0606678 0.115014
7 0.329965 0.321937 0.0368952 0.0661803
7 0.852996 0.639662 0.0625092 0.0535153
7 0.7827 0.954456 0.105877 0.0868622
7 0.357347 0.413728 0.0164786 0.0258607
7 0.41772 0.493706 0.0832535 0.152392
7 0.484479 0.531963 0.101284 0.172886
7 0.635897 0.845904 0.05672 0.0887916
7 0.572246 0.748014 0.0512268 0.0826962
7 0.569532 0.661247 0.0361014 0.0530306
7 0.729812 0.887614 0.0644354 0.0947276
7 0.406414 0.418241 0.0632747 0.0977275
7 0.516759 0.653227 0.0482224 0.0704542
7 0.623563 0.724117 0.0606678 0.115014
7 0.329965 0.321937 0.0368952 0.0661803
7 0.852996 0.639662 0.0625092 0.0535153
7 0.7827 0.954456 0.105877 0.0868622
7 0.357347 0.413728 0.0164786 0.0258607
7 0.41772 0.493706 0.0832535 0.152392
7 0.484479 0.531963 0.101284 0.172886
7 0.635897 0.845904 0.05672 0.0887916
7 0.572246 0.748014 0.0512268 0.0826962
7 0.569532 0.661247 0.0361014 0.0530306
7 0.729812 0.887614 0.0644354 0.0947276
7 0.406414 0.418241 0.0632747 0.0977275
7 0.516759 0.653227 0.0482224 0.0704542
7 0.623563 0.724117 0.0606678 0.115014
7 0.329965 0.321937 0.0368952 0.0661803
7 0.852996 0.639662 0.0625092 0.0535153
7 0.7827 0.954456 0.105877 0.0868622
7 0.357347 0.413728 0.0164786 0.0258607
7 0.41772 0.493706 0.0832535 0.152392
7 0.484479 0.531963 0.101284 0.172886
7 0.635897 0.845904 0.05672 0.0887916
7 0.572246 0.748014 0.0512268 0.0826962
7 0.569532 0.661247 0.0361014 0.0530306
7 0.729812 0.887614 0.0644354 0.0947276
7 0.406414 0.418241 0.0632747 0.0977275
7 0.516759 0.653227 0.0482224 0.0704542
7 0.623563 0.724117 0.0606678 0.115014
7 0.329965 0.321937 0.0368952 0.0661803
7 0.852996 0.639662 0.0625092 0.0535153
7 0.7827 0.954456 0.105877 0.0868622
7 0.357347 0.413728 0.0164786 0.0258607
