2 0.865873 0.421519 0.0407753 0.0306052
2 0.233271 0.583496 0.0496329 0.0381671
7 0.208824 0.692553 0.0673573 0.0792677
7 0.418451 0.546925 0.178469 0.0953042
7 0.440823 0.429973 0.102386 0.0740963
7 0.730416 0.411819 0.147124 0.0796555
2 0.898429 0.437477 0.0468796 0.0253713
2 0.861499 0.196581 0.0235828 0.020552
7 0.98916 0.39882 0.020837 0.0657614
5 0.729986 0.410588 0.147263 0.0783722
7 0.703078 0.598154 0.144016 0.120986
7 0.247942 0.446359 0.0481525 0.0410334
2 0.213357 0.476067 0.0412044 0.0252855
7 0.607445 0.591952 0.0333148 0.0548296
2 0.959986 0.235124 0.035718 0.0378826
2 0.48959 0.461332 0.0364855 0.0249293
2 0.324705 0.236392 0.028131 0.029994
5 0.976628 0.303766 0.0459045 0.0574997
2 0.943611 0.209506 0.024437 0.0417372
2 0.867367 0.065906 0.0204975 0.0257284
7 0.709401 0.614384 0.130964 0.0873388
2 0.841876 0.129786 0.0202318 0.0288562
