2 0.0727901 0.468424 0.131868 0.127949
2 0.756021 0.407518 0.0856052 0.08964
7 0.213449 0.353903 0.110885 0.129232
7 0.306398 0.369063 0.0808384 0.142242
2 0.826844 0.392386 0.0822716 0.0891266
2 0.23703 0.427058 0.0730373 0.0816066
7 0.94715 0.391798 0.104502 0.135744
2 0.965998 0.427948 0.0672001 0.165412
2 0.712416 0.390767 0.0366618 0.0581729
2 0.157139 0.432398 0.0889041 0.120627
7 0.611811 0.3393 0.143332 0.249093
2 0.513415 0.39024 0.0408093 0.0525543
2 0.0432072 0.434313 0.0863184 0.120942
2 0.351403 0.399858 0.0276059 0.0519267
7 0.394562 0.364476 0.0433504 0.0877452
7 0.382175 0.363694 0.0639089 0.0902888
7 0.54438 0.374173 0.0477815 0.12382
7 0.427738 0.36576 0.0184304 0.0642129
7 0.53847 0.366518 0.0485626 0.109583
2 0.47948 0.382714 0.0253171 0.0399367
7 0.368886 0.36304 0.0397703 0.089109
2 0.486815 0.38593 0.0144443 0.0387015
2 0.0727901 0.468424 0.131868 0.127949
2 0.756021 0.407518 0.0856052 0.08964
7 0.213449 0.353903 0.110885 0.129232
7 0.306398 0.369063 0.0808384 0.142242
2 0.826844 0.392386 0.0822716 0.0891266
2 0.23703 0.427058 0.0730373 0.0816066
7 0.94715 0.391798 0.104502 0.135744
2 0.965998 0.427948 0.0672001 0.165412
2 0.712416 0.390767 0.0366618 0.0581729
2 0.157139 0.432398 0.0889041 0.120627
7 0.611811 0.3393 0.143332 0.249093
2 0.513415 0.39024 0.0408093 0.0525543
2 0.0432072 0.434313 0.0863184 0.120942
2 0.351403 0.399858 0.0276059 0.0519267
7 0.394562 0.364476 0.0433504 0.0877452
7 0.382175 0.363694 0.0639089 0.0902888
7 0.54438 0.374173 0.0477815 0.12382
7 0.427738 0.36576 0.0184304 0.0642129
7 0.53847 0.366518 0.0485626 0.109583
2 0.47948 0.382714 0.0253171 0.0399367
7 0.368886 0.36304 0.0397703 0.089109
2 0.486815 0.38593 0.0144443 0.0387015
2 0.0727901 0.468424 0.131868 0.127949
2 0.756021 0.407518 0.0856052 0.08964
7 0.213449 0.353903 0.110885 0.129232
7 0.306398 0.369063 0.0808384 0.142242
2 0.826844 0.392386 0.0822716 0.0891266
2 0.23703 0.427058 0.0730373 0.0816066
7 0.94715 0.391798 0.104502 0.135744
2 0.965998 0.427948 0.0672001 0.165412
2 0.712416 0.390767 0.0366618 0.0581729
2 0.157139 0.432398 0.0889041 0.120627
7 0.611811 0.3393 0.143332 0.249093
2 0.513415 0.39024 0.0408093 0.0525543
2 0.0432072 0.434313 0.0863184 0.120942
2 0.351403 0.399858 0.0276059 0.0519267
7 0.394562 0.364476 0.0433504 0.0877452
7 0.382175 0.363694 0.0639089 0.0902888
7 0.54438 0.374173 0.0477815 0.12382
7 0.427738 0.36576 0.0184304 0.0642129
7 0.53847 0.366518 0.0485626 0.109583
2 0.47948 0.382714 0.0253171 0.0399367
7 0.368886 0.36304 0.0397703 0.089109
2 0.486815 0.38593 0.0144443 0.0387015
2 0.0727901 0.468424 0.131868 0.127949
2 0.756021 0.407518 0.0856052 0.08964
7 0.213449 0.353903 0.110885 0.129232
7 0.306398 0.369063 0.0808384 0.142242
2 0.826844 0.392386 0.0822716 0.0891266
2 0.23703 0.427058 0.0730373 0.0816066
7 0.94715 0.391798 0.104502 0.135744
2 0.965998 0.427948 0.0672001 0.165412
2 0.712416 0.390767 0.0366618 0.0581729
2 0.157139 0.432398 0.0889041 0.120627
7 0.611811 0.3393 0.143332 0.249093
2 0.513415 0.39024 0.0408093 0.0525543
2 0.0432072 0.434313 0.0863184 0.120942
2 0.351403 0.399858 0.0276059 0.0519267
7 0.394562 0.364476 0.0433504 0.0877452
7 0.382175 0.363694 0.0639089 0.0902888
7 0.54438 0.374173 0.0477815 0.12382
7 0.427738 0.36576 0.0184304 0.0642129
7 0.53847 0.366518 0.0485626 0.109583
2 0.47948 0.382714 0.0253171 0.0399367
7 0.368886 0.36304 0.0397703 0.089109
2 0.486815 0.38593 0.0144443 0.0387015
