7 0.88593 0.407027 0.227371 0.47654
7 0.217679 0.37222 0.133797 0.209271
7 0.083706 0.361478 0.166752 0.2114
2 0.625943 0.413595 0.0828898 0.0951843
2 0.0653907 0.461189 0.130204 0.13667
2 0.895458 0.379999 0.0699986 0.0809995
7 0.576363 0.33261 0.0729033 0.0910411
2 0.301378 0.41241 0.0478886 0.0568976
2 0.576771 0.395467 0.0535482 0.083787
2 0.686698 0.385102 0.0395119 0.0622555
7 0.353278 0.362722 0.0707466 0.115344
2 0.521637 0.387474 0.0364782 0.0507728
7 0.418412 0.366622 0.0284483 0.0714691
2 0.652278 0.38784 0.0468213 0.065428
2 0.545232 0.396863 0.02447 0.0527203
2 0.751686 0.391525 0.0951066 0.114702
7 0.751816 0.391127 0.0944684 0.114135
2 0.483112 0.38715 0.0212622 0.0320189
7 0.301585 0.351841 0.0395064 0.0828995
2 0.489131 0.38405 0.0315683 0.0363777
7 0.530046 0.342407 0.0251171 0.0481845
2 0.460433 0.375696 0.0190868 0.0230774
7 0.393387 0.361269 0.0252446 0.0983425
7 0.524513 0.341549 0.0355059 0.0469958
7 0.368673 0.36421 0.059723 0.109086
7 0.88593 0.407027 0.227371 0.47654
7 0.217679 0.37222 0.133797 0.209271
7 0.083706 0.361478 0.166752 0.2114
2 0.625943 0.413595 0.0828898 0.0951843
2 0.0653907 0.461189 0.130204 0.13667
2 0.895458 0.379999 0.0699986 0.0809995
7 0.576363 0.33261 0.0729033 0.0910411
2 0.301378 0.41241 0.0478886 0.0568976
2 0.576771 0.395467 0.0535482 0.083787
2 0.686698 0.385102 0.0395119 0.0622555
7 0.353278 0.362722 0.0707466 0.115344
2 0.521637 0.387474 0.0364782 0.0507728
7 0.418412 0.366622 0.0284483 0.0714691
2 0.652278 0.38784 0.0468213 0.065428
2 0.545232 0.396863 0.02447 0.0527203
2 0.751686 0.391525 0.0951066 0.114702
7 0.751816 0.391127 0.0944684 0.114135
2 0.483112 0.38715 0.0212622 0.0320189
7 0.301585 0.351841 0.0395064 0.0828995
2 0.489131 0.38405 0.0315683 0.0363777
7 0.530046 0.342407 0.0251171 0.0481845
2 0.460433 0.375696 0.0190868 0.0230774
7 0.393387 0.361269 0.0252446 0.0983425
7 0.524513 0.341549 0.0355059 0.0469958
7 0.368673 0.36421 0.059723 0.109086
7 0.88593 0.407027 0.227371 0.47654
7 0.217679 0.37222 0.133797 0.209271
7 0.083706 0.361478 0.166752 0.2114
2 0.625943 0.413595 0.0828898 0.0951843
2 0.0653907 0.461189 0.130204 0.13667
2 0.895458 0.379999 0.0699986 0.0809995
7 0.576363 0.33261 0.0729033 0.0910411
2 0.301378 0.41241 0.0478886 0.0568976
2 0.576771 0.395467 0.0535482 0.083787
2 0.686698 0.385102 0.0395119 0.0622555
7 0.353278 0.362722 0.0707466 0.115344
2 0.521637 0.387474 0.0364782 0.0507728
7 0.418412 0.366622 0.0284483 0.0714691
2 0.652278 0.38784 0.0468213 0.065428
2 0.545232 0.396863 0.02447 0.0527203
2 0.751686 0.391525 0.0951066 0.114702
7 0.751816 0.391127 0.0944684 0.114135
2 0.483112 0.38715 0.0212622 0.0320189
7 0.301585 0.351841 0.0395064 0.0828995
2 0.489131 0.38405 0.0315683 0.0363777
7 0.530046 0.342407 0.0251171 0.0481845
2 0.460433 0.375696 0.0190868 0.0230774
7 0.393387 0.361269 0.0252446 0.0983425
7 0.524513 0.341549 0.0355059 0.0469958
7 0.368673 0.36421 0.059723 0.109086
7 0.88593 0.407027 0.227371 0.47654
7 0.217679 0.37222 0.133797 0.209271
7 0.083706 0.361478 0.166752 0.2114
2 0.625943 0.413595 0.0828898 0.0951843
2 0.0653907 0.461189 0.130204 0.13667
2 0.895458 0.379999 0.0699986 0.0809995
7 0.576363 0.33261 0.0729033 0.0910411
2 0.301378 0.41241 0.0478886 0.0568976
2 0.576771 0.395467 0.0535482 0.083787
2 0.686698 0.385102 0.0395119 0.0622555
7 0.353278 0.362722 0.0707466 0.115344
2 0.521637 0.387474 0.0364782 0.0507728
7 0.418412 0.366622 0.0284483 0.0714691
2 0.652278 0.38784 0.0468213 0.065428
2 0.545232 0.396863 0.02447 0.0527203
2 0.751686 0.391525 0.0951066 0.114702
7 0.751816 0.391127 0.0944684 0.114135
2 0.483112 0.38715 0.0212622 0.0320189
7 0.301585 0.351841 0.0395064 0.0828995
2 0.489131 0.38405 0.0315683 0.0363777
7 0.530046 0.342407 0.0251171 0.0481845
2 0.460433 0.375696 0.0190868 0.0230774
7 0.393387 0.361269 0.0252446 0.0983425
7 0.524513 0.341549 0.0355059 0.0469958
7 0.368673 0.36421 0.059723 0.109086
