7 0.359084 0.467658 0.170728 0.0875409
2 0.124077 0.508156 0.0483915 0.0352761
7 0.0793832 0.385044 0.155131 0.0831961
7 0.539377 0.358365 0.0588105 0.0563761
7 0.924923 0.329824 0.145873 0.0718972
7 0.367834 0.365248 0.158201 0.0726975
7 0.379364 0.593367 0.0485301 0.0474653
5 0.358073 0.468523 0.17057 0.0886793
5 0.925592 0.329279 0.144303 0.0719177
2 0.556788 0.200745 0.0157717 0.0222125
7 0.405308 0.283542 0.0664234 0.060205
2 0.750182 0.203978 0.0302261 0.0198889
2 0.204438 0.22086 0.0295466 0.0252252
2 0.739877 0.363253 0.0482368 0.0452699
7 0.203804 0.540311 0.0384036 0.0497821
2 0.726511 0.165433 0.0264289 0.0344438
7 0.979392 0.263101 0.040329 0.0561601
7 0.810793 0.270012 0.129217 0.0557607
2 0.482706 0.39105 0.0339586 0.0237082
7 0.4659 0.212925 0.0439607 0.044994
7 0.565204 0.541366 0.095623 0.0796366
7 0.61778 0.140012 0.049596 0.0551017
2 0.641144 0.194957 0.0345158 0.0225166
2 0.70545 0.134649 0.0280521 0.0251854
7 0.579719 0.537263 0.126211 0.0899587
2 0.707405 0.286221 0.0229342 0.040166
2 0.492968 0.241889 0.0220698 0.0360144
2 0.524688 0.204601 0.0153376 0.0209596
7 0.925619 0.26381 0.0281803 0.0540236
2 0.209184 0.125291 0.0351341 0.0335553
2 0.598854 0.197552 0.0243049 0.0232444
2 0.658152 0.145379 0.0202093 0.0415598
