7 0.795438 0.820842 0.303994 0.346139
7 0.389573 0.449869 0.0821468 0.137348
7 0.463598 0.514966 0.0300684 0.0381015
7 0.472318 0.575471 0.0334436 0.0468686
7 0.873486 0.650608 0.0594048 0.0477917
7 0.518667 0.568019 0.0414227 0.0556315
7 0.619423 0.735387 0.201539 0.310908
7 0.305559 0.311893 0.037691 0.0620192
7 0.42915 0.4642 0.0220421 0.0362092
7 0.275352 0.307858 0.0366338 0.0633832
7 0.326044 0.380668 0.0176739 0.031514
7 0.310729 0.358901 0.0187732 0.0273109
7 0.795438 0.820842 0.303994 0.346139
7 0.389573 0.449869 0.0821468 0.137348
7 0.463598 0.514966 0.0300684 0.0381015
7 0.472318 0.575471 0.0334436 0.0468686
7 0.873486 0.650608 0.0594048 0.0477917
7 0.518667 0.568019 0.0414227 0.0556315
7 0.619423 0.735387 0.201539 0.310908
7 0.305559 0.311893 0.037691 0.0620192
7 0.42915 0.4642 0.0220421 0.0362092
7 0.275352 0.307858 0.0366338 0.0633832
7 0.326044 0.380668 0.0176739 0.031514
7 0.310729 0.358901 0.0187732 0.0273109
7 0.795438 0.820842 0.303994 0.346139
7 0.389573 0.449869 0.0821468 0.137348
7 0.463598 0.514966 0.0300684 0.0381015
7 0.472318 0.575471 0.0334436 0.0468686
7 0.873486 0.650608 0.0594048 0.0477917
7 0.518667 0.568019 0.0414227 0.0556315
7 0.619423 0.735387 0.201539 0.310908
7 0.305559 0.311893 0.037691 0.0620192
7 0.42915 0.4642 0.0220421 0.0362092
7 0.275352 0.307858 0.0366338 0.0633832
7 0.326044 0.380668 0.0176739 0.031514
7 0.310729 0.358901 0.0187732 0.0273109
7 0.795438 0.820842 0.303994 0.346139
7 0.389573 0.449869 0.0821468 0.137348
7 0.463598 0.514966 0.0300684 0.0381015
7 0.472318 0.575471 0.0334436 0.0468686
7 0.873486 0.650608 0.0594048 0.0477917
7 0.518667 0.568019 0.0414227 0.0556315
7 0.619423 0.735387 0.201539 0.310908
7 0.305559 0.311893 0.037691 0.0620192
7 0.42915 0.4642 0.0220421 0.0362092
7 0.275352 0.307858 0.0366338 0.0633832
7 0.326044 0.380668 0.0176739 0.031514
7 0.310729 0.358901 0.0187732 0.0273109
7 0.795438 0.820842 0.303994 0.346139
7 0.389573 0.449869 0.0821468 0.137348
7 0.463598 0.514966 0.0300684 0.0381015
7 0.472318 0.575471 0.0334436 0.0468686
7 0.873486 0.650608 0.0594048 0.0477917
7 0.518667 0.568019 0.0414227 0.0556315
7 0.619423 0.735387 0.201539 0.310908
7 0.305559 0.311893 0.037691 0.0620192
7 0.42915 0.4642 0.0220421 0.0362092
7 0.275352 0.307858 0.0366338 0.0633832
7 0.326044 0.380668 0.0176739 0.031514
7 0.310729 0.358901 0.0187732 0.0273109
7 0.795438 0.820842 0.303994 0.346139
7 0.389573 0.449869 0.0821468 0.137348
7 0.463598 0.514966 0.0300684 0.0381015
7 0.472318 0.575471 0.0334436 0.0468686
7 0.873486 0.650608 0.0594048 0.0477917
7 0.518667 0.568019 0.0414227 0.0556315
7 0.619423 0.735387 0.201539 0.310908
7 0.305559 0.311893 0.037691 0.0620192
7 0.42915 0.4642 0.0220421 0.0362092
7 0.275352 0.307858 0.0366338 0.0633832
7 0.326044 0.380668 0.0176739 0.031514
7 0.310729 0.358901 0.0187732 0.0273109
7 0.795438 0.820842 0.303994 0.346139
7 0.389573 0.449869 0.0821468 0.137348
7 0.463598 0.514966 0.0300684 0.0381015
7 0.472318 0.575471 0.0334436 0.0468686
7 0.873486 0.650608 0.0594048 0.0477917
7 0.518667 0.568019 0.0414227 0.0556315
7 0.619423 0.735387 0.201539 0.310908
7 0.305559 0.311893 0.037691 0.0620192
7 0.42915 0.4642 0.0220421 0.0362092
7 0.275352 0.307858 0.0366338 0.0633832
7 0.326044 0.380668 0.0176739 0.031514
7 0.310729 0.358901 0.0187732 0.0273109
7 0.795438 0.820842 0.303994 0.346139
7 0.389573 0.449869 0.0821468 0.137348
2 0.463598 0.514966 0.0300684 0.0381015
2 0.472318 0.575471 0.0334436 0.0468686
2 0.873486 0.650608 0.0594048 0.0477917
2 0.518667 0.568019 0.0414227 0.0556315
7 0.619423 0.735387 0.201539 0.310908
7 0.305559 0.311893 0.037691 0.0620192
2 0.42915 0.4642 0.0220421 0.0362092
7 0.275352 0.307858 0.0366338 0.0633832
2 0.326044 0.380668 0.0176739 0.031514
2 0.310729 0.358901 0.0187732 0.0273109
2 0.340436 0.403357 0.0179597 0.0258721
2 0.347865 0.370594 0.0305899 0.0354001
2 0.355166 0.374737 0.0156723 0.0272217
7 0.57334 0.217516 0.092556 0.0808503
5 0.619406 0.735164 0.200456 0.311058
