7 0.82034 0.453574 0.0978516 0.112867
7 0.323993 0.550398 0.0697825 0.16645
7 0.830967 0.571175 0.135164 0.174569
7 0.0293015 0.796511 0.0583109 0.0721125
7 0.82034 0.453574 0.0978516 0.112867
7 0.323993 0.550398 0.0697825 0.16645
7 0.830967 0.571175 0.135164 0.174569
7 0.0293015 0.796511 0.0583109 0.0721125
7 0.82034 0.453574 0.0978516 0.112867
7 0.323993 0.550398 0.0697825 0.16645
7 0.830967 0.571175 0.135164 0.174569
7 0.0293015 0.796511 0.0583109 0.0721125
7 0.82034 0.453574 0.0978516 0.112867
7 0.323993 0.550398 0.0697825 0.16645
7 0.830967 0.571175 0.135164 0.174569
7 0.0293015 0.796511 0.0583109 0.0721125
7 0.82034 0.453574 0.0978516 0.112867
7 0.323993 0.550398 0.0697825 0.16645
7 0.830967 0.571175 0.135164 0.174569
7 0.0293015 0.796511 0.0583109 0.0721125
