2 0.960572 0.432723 0.0781155 0.162354
7 0.570557 0.345717 0.106682 0.192194
2 0.817369 0.410868 0.111841 0.117236
2 0.12898 0.455828 0.108675 0.112477
2 0.269322 0.419838 0.0622579 0.0731153
7 0.24103 0.366474 0.112845 0.143009
7 0.330282 0.3699 0.0742908 0.128368
2 0.195497 0.422938 0.0742477 0.109834
2 0.725488 0.38517 0.0483482 0.0708249
2 0.677699 0.398523 0.0634567 0.0691535
2 0.371184 0.400096 0.0262125 0.0400092
2 0.784039 0.384564 0.0759438 0.0954764
7 0.398571 0.36323 0.0406769 0.0846937
2 0.935666 0.357425 0.0505089 0.0218233
2 0.0814094 0.429806 0.0858772 0.114147
7 0.0224384 0.476174 0.0446452 0.164172
2 0.0226477 0.475708 0.044931 0.166004
2 0.0402279 0.405118 0.025478 0.0262159
2 0.017396 0.405184 0.0334866 0.0267955
2 0.506801 0.389963 0.0293022 0.0440264
2 0.428625 0.385144 0.0128577 0.0274682
2 0.501485 0.388473 0.0318697 0.0419534
2 0.629714 0.394345 0.0126803 0.040205
2 0.960572 0.432723 0.0781155 0.162354
7 0.570557 0.345717 0.106682 0.192194
2 0.817369 0.410868 0.111841 0.117236
2 0.12898 0.455828 0.108675 0.112477
2 0.269322 0.419838 0.0622579 0.0731153
7 0.24103 0.366474 0.112845 0.143009
7 0.330282 0.3699 0.0742908 0.128368
2 0.195497 0.422938 0.0742477 0.109834
2 0.725488 0.38517 0.0483482 0.0708249
2 0.677699 0.398523 0.0634567 0.0691535
2 0.371184 0.400096 0.0262125 0.0400092
2 0.784039 0.384564 0.0759438 0.0954764
7 0.398571 0.36323 0.0406769 0.0846937
2 0.935666 0.357425 0.0505089 0.0218233
2 0.0814094 0.429806 0.0858772 0.114147
7 0.0224384 0.476174 0.0446452 0.164172
2 0.0226477 0.475708 0.044931 0.166004
2 0.0402279 0.405118 0.025478 0.0262159
2 0.017396 0.405184 0.0334866 0.0267955
2 0.506801 0.389963 0.0293022 0.0440264
2 0.428625 0.385144 0.0128577 0.0274682
2 0.501485 0.388473 0.0318697 0.0419534
2 0.629714 0.394345 0.0126803 0.040205
2 0.960572 0.432723 0.0781155 0.162354
7 0.570557 0.345717 0.106682 0.192194
2 0.817369 0.410868 0.111841 0.117236
2 0.12898 0.455828 0.108675 0.112477
2 0.269322 0.419838 0.0622579 0.0731153
7 0.24103 0.366474 0.112845 0.143009
7 0.330282 0.3699 0.0742908 0.128368
2 0.195497 0.422938 0.0742477 0.109834
2 0.725488 0.38517 0.0483482 0.0708249
2 0.677699 0.398523 0.0634567 0.0691535
2 0.371184 0.400096 0.0262125 0.0400092
2 0.784039 0.384564 0.0759438 0.0954764
7 0.398571 0.36323 0.0406769 0.0846937
2 0.935666 0.357425 0.0505089 0.0218233
2 0.0814094 0.429806 0.0858772 0.114147
7 0.0224384 0.476174 0.0446452 0.164172
2 0.0226477 0.475708 0.044931 0.166004
2 0.0402279 0.405118 0.025478 0.0262159
2 0.017396 0.405184 0.0334866 0.0267955
2 0.506801 0.389963 0.0293022 0.0440264
2 0.428625 0.385144 0.0128577 0.0274682
2 0.501485 0.388473 0.0318697 0.0419534
2 0.629714 0.394345 0.0126803 0.040205
2 0.960572 0.432723 0.0781155 0.162354
7 0.570557 0.345717 0.106682 0.192194
2 0.817369 0.410868 0.111841 0.117236
2 0.12898 0.455828 0.108675 0.112477
2 0.269322 0.419838 0.0622579 0.0731153
7 0.24103 0.366474 0.112845 0.143009
7 0.330282 0.3699 0.0742908 0.128368
2 0.195497 0.422938 0.0742477 0.109834
2 0.725488 0.38517 0.0483482 0.0708249
2 0.677699 0.398523 0.0634567 0.0691535
2 0.371184 0.400096 0.0262125 0.0400092
2 0.784039 0.384564 0.0759438 0.0954764
7 0.398571 0.36323 0.0406769 0.0846937
2 0.935666 0.357425 0.0505089 0.0218233
2 0.0814094 0.429806 0.0858772 0.114147
7 0.0224384 0.476174 0.0446452 0.164172
2 0.0226477 0.475708 0.044931 0.166004
2 0.0402279 0.405118 0.025478 0.0262159
2 0.017396 0.405184 0.0334866 0.0267955
2 0.506801 0.389963 0.0293022 0.0440264
2 0.428625 0.385144 0.0128577 0.0274682
2 0.501485 0.388473 0.0318697 0.0419534
2 0.629714 0.394345 0.0126803 0.040205
