2 0.790422 0.581083 0.0585846 0.0432462
7 0.365693 0.581606 0.185782 0.0943144
2 0.613353 0.52667 0.0502874 0.0353132
2 0.183305 0.61586 0.0494159 0.0373929
7 0.543247 0.44505 0.152745 0.0796855
7 0.0861567 0.460772 0.161705 0.0825673
5 0.366207 0.582001 0.185083 0.0956829
7 0.374248 0.725661 0.0647946 0.0820943
7 0.709916 0.443075 0.0507985 0.0399278
2 0.0729737 0.248381 0.0167656 0.0203297
7 0.931632 0.624935 0.136008 0.125232
2 0.636279 0.476923 0.042341 0.0324498
2 0.322892 0.492648 0.0438481 0.0283374
2 0.0564307 0.289209 0.0196084 0.0250369
2 0.989947 0.178929 0.0191544 0.0341136
7 0.989801 0.159312 0.019537 0.0761524
7 0.836537 0.382628 0.154347 0.16735
2 0.0337155 0.246923 0.0270679 0.0241519
7 0.985554 0.42756 0.0280106 0.0612768
2 0.234612 0.478689 0.0372959 0.0330043
7 0.994289 0.426427 0.0107666 0.0619514
2 0.952978 0.0692877 0.0226759 0.0295424
7 0.636275 0.476491 0.0421091 0.0334351
2 0.0795039 0.290113 0.0378676 0.0284177
