2 0.843286 0.413625 0.121091 0.125309
7 0.574937 0.344803 0.114232 0.198851
2 0.120347 0.457172 0.113965 0.116583
7 0.326875 0.369273 0.0731738 0.130138
7 0.237197 0.353951 0.112749 0.120661
2 0.262392 0.421052 0.0652079 0.0740382
2 0.98092 0.441922 0.0374241 0.149701
2 0.739774 0.387714 0.0533289 0.0705543
2 0.690088 0.39944 0.063655 0.0713514
2 0.190426 0.425699 0.0788282 0.111736
2 0.368122 0.40039 0.0276832 0.0417169
2 0.0736223 0.430397 0.0944067 0.113721
2 0.804628 0.385751 0.0801044 0.1028
2 0.0156254 0.487817 0.0310483 0.151289
7 0.395706 0.361381 0.0493474 0.0890983
2 0.0165026 0.403519 0.0327276 0.0265405
2 0.428443 0.384879 0.0131742 0.0279425
2 0.479884 0.387207 0.0179499 0.0300318
2 0.503298 0.389775 0.0322475 0.040685
2 0.506593 0.392975 0.0286954 0.0377401
2 0.400396 0.386764 0.0394673 0.0393931
2 0.0201124 0.413321 0.0397451 0.0443481
2 0.661034 0.389891 0.0186392 0.0477286
2 0.635105 0.388033 0.0117046 0.0522582
2 0.843286 0.413625 0.121091 0.125309
7 0.574937 0.344803 0.114232 0.198851
2 0.120347 0.457172 0.113965 0.116583
7 0.326875 0.369273 0.0731738 0.130138
7 0.237197 0.353951 0.112749 0.120661
2 0.262392 0.421052 0.0652079 0.0740382
2 0.98092 0.441922 0.0374241 0.149701
2 0.739774 0.387714 0.0533289 0.0705543
2 0.690088 0.39944 0.063655 0.0713514
2 0.190426 0.425699 0.0788282 0.111736
2 0.368122 0.40039 0.0276832 0.0417169
2 0.0736223 0.430397 0.0944067 0.113721
2 0.804628 0.385751 0.0801044 0.1028
2 0.0156254 0.487817 0.0310483 0.151289
7 0.395706 0.361381 0.0493474 0.0890983
2 0.0165026 0.403519 0.0327276 0.0265405
2 0.428443 0.384879 0.0131742 0.0279425
2 0.479884 0.387207 0.0179499 0.0300318
2 0.503298 0.389775 0.0322475 0.040685
2 0.506593 0.392975 0.0286954 0.0377401
2 0.400396 0.386764 0.0394673 0.0393931
2 0.0201124 0.413321 0.0397451 0.0443481
2 0.661034 0.389891 0.0186392 0.0477286
2 0.635105 0.388033 0.0117046 0.0522582
2 0.843286 0.413625 0.121091 0.125309
7 0.574937 0.344803 0.114232 0.198851
2 0.120347 0.457172 0.113965 0.116583
7 0.326875 0.369273 0.0731738 0.130138
7 0.237197 0.353951 0.112749 0.120661
2 0.262392 0.421052 0.0652079 0.0740382
2 0.98092 0.441922 0.0374241 0.149701
2 0.739774 0.387714 0.0533289 0.0705543
2 0.690088 0.39944 0.063655 0.0713514
2 0.190426 0.425699 0.0788282 0.111736
2 0.368122 0.40039 0.0276832 0.0417169
2 0.0736223 0.430397 0.0944067 0.113721
2 0.804628 0.385751 0.0801044 0.1028
2 0.0156254 0.487817 0.0310483 0.151289
7 0.395706 0.361381 0.0493474 0.0890983
2 0.0165026 0.403519 0.0327276 0.0265405
2 0.428443 0.384879 0.0131742 0.0279425
2 0.479884 0.387207 0.0179499 0.0300318
2 0.503298 0.389775 0.0322475 0.040685
2 0.506593 0.392975 0.0286954 0.0377401
2 0.400396 0.386764 0.0394673 0.0393931
2 0.0201124 0.413321 0.0397451 0.0443481
2 0.661034 0.389891 0.0186392 0.0477286
2 0.635105 0.388033 0.0117046 0.0522582
2 0.843286 0.413625 0.121091 0.125309
7 0.574937 0.344803 0.114232 0.198851
2 0.120347 0.457172 0.113965 0.116583
7 0.326875 0.369273 0.0731738 0.130138
7 0.237197 0.353951 0.112749 0.120661
2 0.262392 0.421052 0.0652079 0.0740382
2 0.98092 0.441922 0.0374241 0.149701
2 0.739774 0.387714 0.0533289 0.0705543
2 0.690088 0.39944 0.063655 0.0713514
2 0.190426 0.425699 0.0788282 0.111736
2 0.368122 0.40039 0.0276832 0.0417169
2 0.0736223 0.430397 0.0944067 0.113721
2 0.804628 0.385751 0.0801044 0.1028
2 0.0156254 0.487817 0.0310483 0.151289
7 0.395706 0.361381 0.0493474 0.0890983
2 0.0165026 0.403519 0.0327276 0.0265405
2 0.428443 0.384879 0.0131742 0.0279425
2 0.479884 0.387207 0.0179499 0.0300318
2 0.503298 0.389775 0.0322475 0.040685
2 0.506593 0.392975 0.0286954 0.0377401
2 0.400396 0.386764 0.0394673 0.0393931
2 0.0201124 0.413321 0.0397451 0.0443481
2 0.661034 0.389891 0.0186392 0.0477286
2 0.635105 0.388033 0.0117046 0.0522582
