7 0.370699 0.511378 0.174478 0.0919502
7 0.0749237 0.419273 0.148958 0.081662
7 0.276141 0.599824 0.142193 0.0910187
2 0.857342 0.442016 0.0480152 0.0293157
2 0.773674 0.23501 0.0298355 0.0598287
2 0.868936 0.610049 0.0521034 0.0489109
2 0.304223 0.438217 0.0344656 0.021912
2 0.724205 0.407982 0.0378334 0.0276761
7 0.602238 0.391616 0.191767 0.0924781
2 0.898362 0.201989 0.038818 0.0243727
5 0.370673 0.511078 0.173404 0.092502
2 0.812721 0.206272 0.0219231 0.0216639
5 0.0303614 0.168132 0.060333 0.166872
2 0.162276 0.54962 0.0483552 0.0385683
2 0.931401 0.138042 0.0276169 0.0238503
2 0.811372 0.247328 0.0311901 0.0301152
7 0.85963 0.365117 0.162479 0.0817588
7 0.73309 0.218717 0.0516914 0.0430021
7 0.633101 0.383992 0.130932 0.0751673
5 0.714037 0.29033 0.0660854 0.0624094
7 0.977126 0.120004 0.0451176 0.131561
2 0.83522 0.0315689 0.0238039 0.0223822
7 0.170775 0.580801 0.0383628 0.0613732
7 0.923603 0.254037 0.0604481 0.0802337
7 0.859474 0.545795 0.0424704 0.0500478
2 0.719055 0.220325 0.0266008 0.0368006
2 0.893931 0.150326 0.022748 0.0434439
7 0.0307698 0.168059 0.0609952 0.167383
7 0.0712649 0.589918 0.0395988 0.0546756
7 0.851363 0.162588 0.0571344 0.10149
7 0.543475 0.410547 0.0746549 0.0534027
2 0.991369 0.394308 0.0161201 0.0213559
7 0.98725 0.56568 0.0247595 0.0920576
7 0.830085 0.367155 0.1006 0.0749976
2 0.734717 0.218932 0.0476933 0.042179
7 0.714045 0.290537 0.065901 0.0629568
2 0.960945 0.167836 0.0213551 0.0288971
2 0.987937 0.563483 0.0233858 0.0872319
