7 0.14904 0.376451 0.179878 0.258062
2 0.775142 0.447289 0.166315 0.167762
7 0.0434077 0.365334 0.0863695 0.256373
7 0.360413 0.363689 0.0751993 0.121414
2 0.633213 0.404333 0.0844728 0.110824
7 0.939233 0.4073 0.12071 0.203876
7 0.291765 0.362305 0.0824774 0.118178
2 0.819584 0.38881 0.0804367 0.0895218
7 0.617428 0.32254 0.10228 0.11474
2 0.27814 0.418834 0.0555411 0.0653222
2 0.576737 0.401199 0.0398441 0.0697632
2 0.542335 0.391455 0.0445725 0.0635591
2 0.687038 0.385261 0.0371033 0.0546897
7 0.414722 0.364316 0.0322582 0.0759598
2 0.512619 0.384078 0.0333145 0.048029
7 0.541375 0.337142 0.0506311 0.0573619
2 0.735828 0.366456 0.0616167 0.0393272
2 0.490006 0.383707 0.0280676 0.0403062
2 0.485101 0.385467 0.022753 0.0330366
2 0.458939 0.37359 0.0192122 0.0268668
2 0.495666 0.386336 0.0241862 0.0405562
2 0.73373 0.376194 0.062862 0.0537326
2 0.880631 0.367461 0.0402184 0.0463438
7 0.14904 0.376451 0.179878 0.258062
2 0.775142 0.447289 0.166315 0.167762
7 0.0434077 0.365334 0.0863695 0.256373
7 0.360413 0.363689 0.0751993 0.121414
2 0.633213 0.404333 0.0844728 0.110824
7 0.939233 0.4073 0.12071 0.203876
7 0.291765 0.362305 0.0824774 0.118178
2 0.819584 0.38881 0.0804367 0.0895218
7 0.617428 0.32254 0.10228 0.11474
2 0.27814 0.418834 0.0555411 0.0653222
2 0.576737 0.401199 0.0398441 0.0697632
2 0.542335 0.391455 0.0445725 0.0635591
2 0.687038 0.385261 0.0371033 0.0546897
7 0.414722 0.364316 0.0322582 0.0759598
2 0.512619 0.384078 0.0333145 0.048029
7 0.541375 0.337142 0.0506311 0.0573619
2 0.735828 0.366456 0.0616167 0.0393272
2 0.490006 0.383707 0.0280676 0.0403062
2 0.485101 0.385467 0.022753 0.0330366
2 0.458939 0.37359 0.0192122 0.0268668
2 0.495666 0.386336 0.0241862 0.0405562
2 0.73373 0.376194 0.062862 0.0537326
2 0.880631 0.367461 0.0402184 0.0463438
7 0.14904 0.376451 0.179878 0.258062
2 0.775142 0.447289 0.166315 0.167762
7 0.0434077 0.365334 0.0863695 0.256373
7 0.360413 0.363689 0.0751993 0.121414
2 0.633213 0.404333 0.0844728 0.110824
7 0.939233 0.4073 0.12071 0.203876
7 0.291765 0.362305 0.0824774 0.118178
2 0.819584 0.38881 0.0804367 0.0895218
7 0.617428 0.32254 0.10228 0.11474
2 0.27814 0.418834 0.0555411 0.0653222
2 0.576737 0.401199 0.0398441 0.0697632
2 0.542335 0.391455 0.0445725 0.0635591
2 0.687038 0.385261 0.0371033 0.0546897
7 0.414722 0.364316 0.0322582 0.0759598
2 0.512619 0.384078 0.0333145 0.048029
7 0.541375 0.337142 0.0506311 0.0573619
2 0.735828 0.366456 0.0616167 0.0393272
2 0.490006 0.383707 0.0280676 0.0403062
2 0.485101 0.385467 0.022753 0.0330366
2 0.458939 0.37359 0.0192122 0.0268668
2 0.495666 0.386336 0.0241862 0.0405562
2 0.73373 0.376194 0.062862 0.0537326
2 0.880631 0.367461 0.0402184 0.0463438
7 0.14904 0.376451 0.179878 0.258062
2 0.775142 0.447289 0.166315 0.167762
7 0.0434077 0.365334 0.0863695 0.256373
7 0.360413 0.363689 0.0751993 0.121414
2 0.633213 0.404333 0.0844728 0.110824
7 0.939233 0.4073 0.12071 0.203876
7 0.291765 0.362305 0.0824774 0.118178
2 0.819584 0.38881 0.0804367 0.0895218
7 0.617428 0.32254 0.10228 0.11474
2 0.27814 0.418834 0.0555411 0.0653222
2 0.576737 0.401199 0.0398441 0.0697632
2 0.542335 0.391455 0.0445725 0.0635591
2 0.687038 0.385261 0.0371033 0.0546897
7 0.414722 0.364316 0.0322582 0.0759598
2 0.512619 0.384078 0.0333145 0.048029
7 0.541375 0.337142 0.0506311 0.0573619
2 0.735828 0.366456 0.0616167 0.0393272
2 0.490006 0.383707 0.0280676 0.0403062
2 0.485101 0.385467 0.022753 0.0330366
2 0.458939 0.37359 0.0192122 0.0268668
2 0.495666 0.386336 0.0241862 0.0405562
2 0.73373 0.376194 0.062862 0.0537326
2 0.880631 0.367461 0.0402184 0.0463438
