7 0.379071 0.577485 0.184614 0.09567
2 0.819576 0.574795 0.0587931 0.038442
2 0.484466 0.526919 0.0441051 0.0345566
7 0.974469 0.420153 0.0500427 0.0754604
2 0.0295229 0.502505 0.0442332 0.0287318
5 0.379031 0.577862 0.184451 0.0955461
2 0.166271 0.47884 0.0441803 0.0342487
7 0.0487715 0.458054 0.0958499 0.0741769
7 0.767538 0.435521 0.0291544 0.0625804
7 0.909046 0.622239 0.160841 0.125171
7 0.537383 0.478302 0.0399533 0.0316727
7 0.354807 0.722342 0.0656497 0.0812561
7 0.800006 0.382229 0.126172 0.168111
7 0.654568 0.442835 0.0495512 0.0417519
2 0.0587795 0.249153 0.0178601 0.0197409
2 0.196056 0.493733 0.0374631 0.0299554
7 0.948431 0.190868 0.0414116 0.0434666
7 0.490971 0.445547 0.129062 0.0832477
2 0.654034 0.443336 0.0499338 0.0410885
7 0.417315 0.45346 0.0287945 0.0641492
2 0.186744 0.249024 0.0144293 0.0238917
2 0.0243028 0.248209 0.0285833 0.022911
2 0.933041 0.134862 0.0245659 0.0326688
