2 0.906929 0.473264 0.185196 0.227919
7 0.86508 0.267645 0.268175 0.396817
2 0.700417 0.415853 0.124363 0.14998
7 0.030397 0.366108 0.0604642 0.28086
7 0.218368 0.369548 0.111408 0.165298
7 0.31263 0.365068 0.106667 0.160284
2 0.100598 0.452821 0.113543 0.128949
7 0.624422 0.32724 0.106949 0.128189
2 0.625472 0.411548 0.0405192 0.0865608
2 0.575695 0.396049 0.0591515 0.0843303
7 0.398636 0.360745 0.0373244 0.0891931
2 0.524882 0.391485 0.033578 0.0518631
2 0.544162 0.394411 0.0244043 0.0613872
2 0.3755 0.396713 0.0270891 0.0406729
7 0.703513 0.305872 0.0595402 0.0754316
2 0.496747 0.385652 0.02272 0.0348743
2 0.478471 0.386851 0.0193253 0.0288845
2 0.50325 0.386996 0.0245466 0.0360726
2 0.0665757 0.396437 0.0166906 0.0279363
2 0.429621 0.384934 0.016647 0.0303173
2 0.156337 0.405888 0.0294617 0.0407145
2 0.465402 0.381232 0.0147873 0.018959
2 0.132837 0.392485 0.0301824 0.0294295
2 0.906929 0.473264 0.185196 0.227919
7 0.86508 0.267645 0.268175 0.396817
2 0.700417 0.415853 0.124363 0.14998
7 0.030397 0.366108 0.0604642 0.28086
7 0.218368 0.369548 0.111408 0.165298
7 0.31263 0.365068 0.106667 0.160284
2 0.100598 0.452821 0.113543 0.128949
7 0.624422 0.32724 0.106949 0.128189
2 0.625472 0.411548 0.0405192 0.0865608
2 0.575695 0.396049 0.0591515 0.0843303
7 0.398636 0.360745 0.0373244 0.0891931
2 0.524882 0.391485 0.033578 0.0518631
2 0.544162 0.394411 0.0244043 0.0613872
2 0.3755 0.396713 0.0270891 0.0406729
7 0.703513 0.305872 0.0595402 0.0754316
2 0.496747 0.385652 0.02272 0.0348743
2 0.478471 0.386851 0.0193253 0.0288845
2 0.50325 0.386996 0.0245466 0.0360726
2 0.0665757 0.396437 0.0166906 0.0279363
2 0.429621 0.384934 0.016647 0.0303173
2 0.156337 0.405888 0.0294617 0.0407145
2 0.465402 0.381232 0.0147873 0.018959
2 0.132837 0.392485 0.0301824 0.0294295
2 0.906929 0.473264 0.185196 0.227919
7 0.86508 0.267645 0.268175 0.396817
2 0.700417 0.415853 0.124363 0.14998
7 0.030397 0.366108 0.0604642 0.28086
7 0.218368 0.369548 0.111408 0.165298
7 0.31263 0.365068 0.106667 0.160284
2 0.100598 0.452821 0.113543 0.128949
7 0.624422 0.32724 0.106949 0.128189
2 0.625472 0.411548 0.0405192 0.0865608
2 0.575695 0.396049 0.0591515 0.0843303
7 0.398636 0.360745 0.0373244 0.0891931
2 0.524882 0.391485 0.033578 0.0518631
2 0.544162 0.394411 0.0244043 0.0613872
2 0.3755 0.396713 0.0270891 0.0406729
7 0.703513 0.305872 0.0595402 0.0754316
2 0.496747 0.385652 0.02272 0.0348743
2 0.478471 0.386851 0.0193253 0.0288845
2 0.50325 0.386996 0.0245466 0.0360726
2 0.0665757 0.396437 0.0166906 0.0279363
2 0.429621 0.384934 0.016647 0.0303173
2 0.156337 0.405888 0.0294617 0.0407145
2 0.465402 0.381232 0.0147873 0.018959
2 0.132837 0.392485 0.0301824 0.0294295
2 0.906929 0.473264 0.185196 0.227919
7 0.86508 0.267645 0.268175 0.396817
2 0.700417 0.415853 0.124363 0.14998
7 0.030397 0.366108 0.0604642 0.28086
7 0.218368 0.369548 0.111408 0.165298
7 0.31263 0.365068 0.106667 0.160284
2 0.100598 0.452821 0.113543 0.128949
7 0.624422 0.32724 0.106949 0.128189
2 0.625472 0.411548 0.0405192 0.0865608
2 0.575695 0.396049 0.0591515 0.0843303
7 0.398636 0.360745 0.0373244 0.0891931
2 0.524882 0.391485 0.033578 0.0518631
2 0.544162 0.394411 0.0244043 0.0613872
2 0.3755 0.396713 0.0270891 0.0406729
7 0.703513 0.305872 0.0595402 0.0754316
2 0.496747 0.385652 0.02272 0.0348743
2 0.478471 0.386851 0.0193253 0.0288845
2 0.50325 0.386996 0.0245466 0.0360726
2 0.0665757 0.396437 0.0166906 0.0279363
2 0.429621 0.384934 0.016647 0.0303173
2 0.156337 0.405888 0.0294617 0.0407145
2 0.465402 0.381232 0.0147873 0.018959
2 0.132837 0.392485 0.0301824 0.0294295
