5 0.36462 0.489283 0.173014 0.0908384
7 0.364258 0.488973 0.173411 0.0904997
7 0.32628 0.383859 0.144309 0.0755592
7 0.753719 0.359879 0.0633266 0.0562213
2 0.126895 0.528895 0.0498761 0.0367633
7 0.0424955 0.589869 0.0798142 0.0820659
2 0.297967 0.229136 0.0310502 0.0247278
7 0.938981 0.273327 0.110323 0.0523064
7 0.53962 0.287811 0.064041 0.0608741
2 0.949823 0.362295 0.050967 0.0378599
2 0.214467 0.422324 0.0476311 0.0317663
7 0.625877 0.361405 0.0621628 0.0723699
7 0.787073 0.547989 0.134987 0.0945939
2 0.965933 0.376153 0.0417294 0.0251022
2 0.66902 0.202966 0.0188819 0.0221152
2 0.592112 0.602229 0.0486801 0.0476599
7 0.724186 0.144751 0.0515627 0.0585033
2 0.86636 0.20664 0.0312164 0.0183098
2 0.614842 0.234578 0.0259241 0.0544273
7 0.592031 0.602305 0.0488523 0.0479621
7 0.545649 0.368612 0.0932863 0.073685
7 0.0111007 0.54067 0.0219463 0.0536457
2 0.748478 0.0299653 0.0232599 0.0197908
2 0.759756 0.147437 0.0248777 0.042196
2 0.705494 0.202483 0.035516 0.0230113
7 0.581946 0.215548 0.0471855 0.0420522
7 0.755581 0.24861 0.0523012 0.0781215
2 0.533214 0.121204 0.021488 0.0204776
7 0.770647 0.550082 0.101301 0.0810536
7 0.517545 0.37731 0.0378128 0.0589461
7 0.563755 0.366438 0.0575604 0.0699317
2 0.652551 0.242559 0.0272726 0.0298294
7 0.486403 0.546783 0.0370199 0.0504178
2 0.710016 0.20224 0.0264239 0.0210976
2 0.802797 0.137026 0.0324251 0.0244136
