7 0.777017 0.322789 0.251506 0.294013
7 0.0583791 0.361851 0.115716 0.355839
2 0.733494 0.431961 0.125232 0.13232
7 0.331024 0.364726 0.0915302 0.147486
2 0.62299 0.402377 0.0842711 0.107174
7 0.24637 0.366037 0.0916099 0.150592
2 0.171993 0.442519 0.087074 0.0955254
2 0.912857 0.470129 0.173291 0.305455
2 0.544232 0.393025 0.0511951 0.0664244
7 0.585888 0.336925 0.0763868 0.101314
2 0.140028 0.423204 0.0626614 0.0814452
7 0.404022 0.362281 0.0317779 0.0874455
2 0.512782 0.388174 0.0251087 0.0448959
7 0.586333 0.357323 0.0777953 0.140346
2 0.433416 0.384529 0.0186693 0.0307074
2 0.57567 0.402901 0.0177814 0.0671321
2 0.495485 0.385465 0.016325 0.0301595
2 0.459193 0.378677 0.0137716 0.017815
2 0.472318 0.381102 0.0140531 0.0247009
7 0.777017 0.322789 0.251506 0.294013
7 0.0583791 0.361851 0.115716 0.355839
2 0.733494 0.431961 0.125232 0.13232
7 0.331024 0.364726 0.0915302 0.147486
2 0.62299 0.402377 0.0842711 0.107174
7 0.24637 0.366037 0.0916099 0.150592
2 0.171993 0.442519 0.087074 0.0955254
2 0.912857 0.470129 0.173291 0.305455
2 0.544232 0.393025 0.0511951 0.0664244
7 0.585888 0.336925 0.0763868 0.101314
2 0.140028 0.423204 0.0626614 0.0814452
7 0.404022 0.362281 0.0317779 0.0874455
2 0.512782 0.388174 0.0251087 0.0448959
7 0.586333 0.357323 0.0777953 0.140346
2 0.433416 0.384529 0.0186693 0.0307074
2 0.57567 0.402901 0.0177814 0.0671321
2 0.495485 0.385465 0.016325 0.0301595
2 0.459193 0.378677 0.0137716 0.017815
2 0.472318 0.381102 0.0140531 0.0247009
7 0.777017 0.322789 0.251506 0.294013
7 0.0583791 0.361851 0.115716 0.355839
2 0.733494 0.431961 0.125232 0.13232
7 0.331024 0.364726 0.0915302 0.147486
2 0.62299 0.402377 0.0842711 0.107174
7 0.24637 0.366037 0.0916099 0.150592
2 0.171993 0.442519 0.087074 0.0955254
2 0.912857 0.470129 0.173291 0.305455
2 0.544232 0.393025 0.0511951 0.0664244
7 0.585888 0.336925 0.0763868 0.101314
2 0.140028 0.423204 0.0626614 0.0814452
7 0.404022 0.362281 0.0317779 0.0874455
2 0.512782 0.388174 0.0251087 0.0448959
7 0.586333 0.357323 0.0777953 0.140346
2 0.433416 0.384529 0.0186693 0.0307074
2 0.57567 0.402901 0.0177814 0.0671321
2 0.495485 0.385465 0.016325 0.0301595
2 0.459193 0.378677 0.0137716 0.017815
2 0.472318 0.381102 0.0140531 0.0247009
7 0.777017 0.322789 0.251506 0.294013
7 0.0583791 0.361851 0.115716 0.355839
2 0.733494 0.431961 0.125232 0.13232
7 0.331024 0.364726 0.0915302 0.147486
2 0.62299 0.402377 0.0842711 0.107174
7 0.24637 0.366037 0.0916099 0.150592
2 0.171993 0.442519 0.087074 0.0955254
2 0.912857 0.470129 0.173291 0.305455
2 0.544232 0.393025 0.0511951 0.0664244
7 0.585888 0.336925 0.0763868 0.101314
2 0.140028 0.423204 0.0626614 0.0814452
7 0.404022 0.362281 0.0317779 0.0874455
2 0.512782 0.388174 0.0251087 0.0448959
7 0.586333 0.357323 0.0777953 0.140346
2 0.433416 0.384529 0.0186693 0.0307074
2 0.57567 0.402901 0.0177814 0.0671321
2 0.495485 0.385465 0.016325 0.0301595
2 0.459193 0.378677 0.0137716 0.017815
2 0.472318 0.381102 0.0140531 0.0247009
