7 0.814354 0.305952 0.369687 0.604365
7 0.251199 0.370975 0.113866 0.182812
7 0.137079 0.371194 0.142069 0.204901
2 0.141438 0.448796 0.105184 0.107298
2 0.577613 0.402746 0.0619333 0.0755096
7 0.363148 0.360909 0.0699031 0.107502
2 0.317746 0.40325 0.0404516 0.0652791
2 0.0360005 0.462019 0.0714455 0.175834
2 0.609906 0.386276 0.0353499 0.0547816
2 0.539635 0.393321 0.0427325 0.0661256
7 0.421536 0.365721 0.0271049 0.0692654
2 0.507358 0.384267 0.0291218 0.0434662
7 0.55583 0.334039 0.0614244 0.0698802
2 0.477614 0.38643 0.0165956 0.0302835
7 0.318866 0.351599 0.0272615 0.0784663
2 0.660242 0.370069 0.033287 0.0552352
7 0.376647 0.362498 0.0434257 0.103409
2 0.636042 0.384157 0.0203262 0.0403183
7 0.399323 0.359821 0.021493 0.0946488
7 0.55373 0.349764 0.0662235 0.101879
7 0.814354 0.305952 0.369687 0.604365
7 0.251199 0.370975 0.113866 0.182812
7 0.137079 0.371194 0.142069 0.204901
2 0.141438 0.448796 0.105184 0.107298
2 0.577613 0.402746 0.0619333 0.0755096
7 0.363148 0.360909 0.0699031 0.107502
2 0.317746 0.40325 0.0404516 0.0652791
2 0.0360005 0.462019 0.0714455 0.175834
2 0.609906 0.386276 0.0353499 0.0547816
2 0.539635 0.393321 0.0427325 0.0661256
7 0.421536 0.365721 0.0271049 0.0692654
2 0.507358 0.384267 0.0291218 0.0434662
7 0.55583 0.334039 0.0614244 0.0698802
2 0.477614 0.38643 0.0165956 0.0302835
7 0.318866 0.351599 0.0272615 0.0784663
2 0.660242 0.370069 0.033287 0.0552352
7 0.376647 0.362498 0.0434257 0.103409
2 0.636042 0.384157 0.0203262 0.0403183
7 0.399323 0.359821 0.021493 0.0946488
7 0.55373 0.349764 0.0662235 0.101879
7 0.814354 0.305952 0.369687 0.604365
7 0.251199 0.370975 0.113866 0.182812
7 0.137079 0.371194 0.142069 0.204901
2 0.141438 0.448796 0.105184 0.107298
2 0.577613 0.402746 0.0619333 0.0755096
7 0.363148 0.360909 0.0699031 0.107502
2 0.317746 0.40325 0.0404516 0.0652791
2 0.0360005 0.462019 0.0714455 0.175834
2 0.609906 0.386276 0.0353499 0.0547816
2 0.539635 0.393321 0.0427325 0.0661256
7 0.421536 0.365721 0.0271049 0.0692654
2 0.507358 0.384267 0.0291218 0.0434662
7 0.55583 0.334039 0.0614244 0.0698802
2 0.477614 0.38643 0.0165956 0.0302835
7 0.318866 0.351599 0.0272615 0.0784663
2 0.660242 0.370069 0.033287 0.0552352
7 0.376647 0.362498 0.0434257 0.103409
2 0.636042 0.384157 0.0203262 0.0403183
7 0.399323 0.359821 0.021493 0.0946488
7 0.55373 0.349764 0.0662235 0.101879
7 0.814354 0.305952 0.369687 0.604365
7 0.251199 0.370975 0.113866 0.182812
7 0.137079 0.371194 0.142069 0.204901
2 0.141438 0.448796 0.105184 0.107298
2 0.577613 0.402746 0.0619333 0.0755096
7 0.363148 0.360909 0.0699031 0.107502
2 0.317746 0.40325 0.0404516 0.0652791
2 0.0360005 0.462019 0.0714455 0.175834
2 0.609906 0.386276 0.0353499 0.0547816
2 0.539635 0.393321 0.0427325 0.0661256
7 0.421536 0.365721 0.0271049 0.0692654
2 0.507358 0.384267 0.0291218 0.0434662
7 0.55583 0.334039 0.0614244 0.0698802
2 0.477614 0.38643 0.0165956 0.0302835
7 0.318866 0.351599 0.0272615 0.0784663
2 0.660242 0.370069 0.033287 0.0552352
7 0.376647 0.362498 0.0434257 0.103409
2 0.636042 0.384157 0.0203262 0.0403183
7 0.399323 0.359821 0.021493 0.0946488
7 0.55373 0.349764 0.0662235 0.101879
