7 0.120261 0.377206 0.202684 0.27884
2 0.881799 0.47495 0.232931 0.222395
7 0.353761 0.363696 0.0747901 0.125586
7 0.283061 0.364048 0.0901793 0.124302
2 0.781901 0.399819 0.0834896 0.110097
7 0.636288 0.317665 0.11765 0.126674
2 0.59214 0.402754 0.0519306 0.0738378
2 0.717353 0.386788 0.0461573 0.059467
2 0.550458 0.392107 0.0491592 0.0690174
7 0.0270217 0.364122 0.0534813 0.267131
2 0.662853 0.408889 0.0983732 0.128026
2 0.265109 0.419968 0.0587072 0.0715558
7 0.413513 0.363661 0.0314523 0.0762255
2 0.518603 0.385383 0.0321147 0.0493845
7 0.544965 0.337463 0.0559368 0.0594642
2 0.877028 0.355124 0.0873112 0.0310284
2 0.987024 0.412447 0.0251991 0.132088
7 0.543005 0.356901 0.0597677 0.100554
2 0.491525 0.386612 0.0167589 0.0322099
2 0.495422 0.388615 0.0229107 0.032965
2 0.482505 0.385135 0.0135515 0.0284392
2 0.457701 0.375484 0.0169659 0.0214253
7 0.120261 0.377206 0.202684 0.27884
2 0.881799 0.47495 0.232931 0.222395
7 0.353761 0.363696 0.0747901 0.125586
7 0.283061 0.364048 0.0901793 0.124302
2 0.781901 0.399819 0.0834896 0.110097
7 0.636288 0.317665 0.11765 0.126674
2 0.59214 0.402754 0.0519306 0.0738378
2 0.717353 0.386788 0.0461573 0.059467
2 0.550458 0.392107 0.0491592 0.0690174
7 0.0270217 0.364122 0.0534813 0.267131
2 0.662853 0.408889 0.0983732 0.128026
2 0.265109 0.419968 0.0587072 0.0715558
7 0.413513 0.363661 0.0314523 0.0762255
2 0.518603 0.385383 0.0321147 0.0493845
7 0.544965 0.337463 0.0559368 0.0594642
2 0.877028 0.355124 0.0873112 0.0310284
2 0.987024 0.412447 0.0251991 0.132088
7 0.543005 0.356901 0.0597677 0.100554
2 0.491525 0.386612 0.0167589 0.0322099
2 0.495422 0.388615 0.0229107 0.032965
2 0.482505 0.385135 0.0135515 0.0284392
2 0.457701 0.375484 0.0169659 0.0214253
7 0.120261 0.377206 0.202684 0.27884
2 0.881799 0.47495 0.232931 0.222395
7 0.353761 0.363696 0.0747901 0.125586
7 0.283061 0.364048 0.0901793 0.124302
2 0.781901 0.399819 0.0834896 0.110097
7 0.636288 0.317665 0.11765 0.126674
2 0.59214 0.402754 0.0519306 0.0738378
2 0.717353 0.386788 0.0461573 0.059467
2 0.550458 0.392107 0.0491592 0.0690174
7 0.0270217 0.364122 0.0534813 0.267131
2 0.662853 0.408889 0.0983732 0.128026
2 0.265109 0.419968 0.0587072 0.0715558
7 0.413513 0.363661 0.0314523 0.0762255
2 0.518603 0.385383 0.0321147 0.0493845
7 0.544965 0.337463 0.0559368 0.0594642
2 0.877028 0.355124 0.0873112 0.0310284
2 0.987024 0.412447 0.0251991 0.132088
7 0.543005 0.356901 0.0597677 0.100554
2 0.491525 0.386612 0.0167589 0.0322099
2 0.495422 0.388615 0.0229107 0.032965
2 0.482505 0.385135 0.0135515 0.0284392
2 0.457701 0.375484 0.0169659 0.0214253
7 0.120261 0.377206 0.202684 0.27884
2 0.881799 0.47495 0.232931 0.222395
7 0.353761 0.363696 0.0747901 0.125586
7 0.283061 0.364048 0.0901793 0.124302
2 0.781901 0.399819 0.0834896 0.110097
7 0.636288 0.317665 0.11765 0.126674
2 0.59214 0.402754 0.0519306 0.0738378
2 0.717353 0.386788 0.0461573 0.059467
2 0.550458 0.392107 0.0491592 0.0690174
7 0.0270217 0.364122 0.0534813 0.267131
2 0.662853 0.408889 0.0983732 0.128026
2 0.265109 0.419968 0.0587072 0.0715558
7 0.413513 0.363661 0.0314523 0.0762255
2 0.518603 0.385383 0.0321147 0.0493845
7 0.544965 0.337463 0.0559368 0.0594642
2 0.877028 0.355124 0.0873112 0.0310284
2 0.987024 0.412447 0.0251991 0.132088
7 0.543005 0.356901 0.0597677 0.100554
2 0.491525 0.386612 0.0167589 0.0322099
2 0.495422 0.388615 0.0229107 0.032965
2 0.482505 0.385135 0.0135515 0.0284392
2 0.457701 0.375484 0.0169659 0.0214253
