7 0.0791783 0.377499 0.157279 0.355608
7 0.718681 0.308781 0.192742 0.203843
2 0.201165 0.43151 0.0790696 0.0930807
2 0.668331 0.416943 0.0932073 0.105573
7 0.26198 0.365968 0.0933613 0.142937
2 0.81909 0.436579 0.191691 0.21648
2 0.587698 0.396837 0.0754356 0.0903312
7 0.341811 0.3647 0.0862904 0.138142
2 0.953762 0.421443 0.0916754 0.184171
2 0.532026 0.389378 0.046047 0.0592658
7 0.409348 0.361254 0.0335454 0.0825019
7 0.569592 0.334398 0.0629799 0.0747309
2 0.504745 0.385487 0.0202682 0.0416554
7 0.578932 0.332667 0.0458356 0.0729726
2 0.168636 0.410618 0.0339161 0.0614293
2 0.433583 0.385344 0.0147743 0.0273115
2 0.158291 0.420706 0.0559336 0.0824454
2 0.491319 0.384298 0.0152403 0.0326781
2 0.14887 0.42252 0.0370987 0.0810433
2 0.469922 0.381637 0.0105936 0.0182359
2 0.500252 0.385338 0.0274611 0.0369865
2 0.477676 0.383361 0.0177717 0.033135
7 0.0791783 0.377499 0.157279 0.355608
7 0.718681 0.308781 0.192742 0.203843
2 0.201165 0.43151 0.0790696 0.0930807
2 0.668331 0.416943 0.0932073 0.105573
7 0.26198 0.365968 0.0933613 0.142937
2 0.81909 0.436579 0.191691 0.21648
2 0.587698 0.396837 0.0754356 0.0903312
7 0.341811 0.3647 0.0862904 0.138142
2 0.953762 0.421443 0.0916754 0.184171
2 0.532026 0.389378 0.046047 0.0592658
7 0.409348 0.361254 0.0335454 0.0825019
7 0.569592 0.334398 0.0629799 0.0747309
2 0.504745 0.385487 0.0202682 0.0416554
7 0.578932 0.332667 0.0458356 0.0729726
2 0.168636 0.410618 0.0339161 0.0614293
2 0.433583 0.385344 0.0147743 0.0273115
2 0.158291 0.420706 0.0559336 0.0824454
2 0.491319 0.384298 0.0152403 0.0326781
2 0.14887 0.42252 0.0370987 0.0810433
2 0.469922 0.381637 0.0105936 0.0182359
2 0.500252 0.385338 0.0274611 0.0369865
2 0.477676 0.383361 0.0177717 0.033135
7 0.0791783 0.377499 0.157279 0.355608
7 0.718681 0.308781 0.192742 0.203843
2 0.201165 0.43151 0.0790696 0.0930807
2 0.668331 0.416943 0.0932073 0.105573
7 0.26198 0.365968 0.0933613 0.142937
2 0.81909 0.436579 0.191691 0.21648
2 0.587698 0.396837 0.0754356 0.0903312
7 0.341811 0.3647 0.0862904 0.138142
2 0.953762 0.421443 0.0916754 0.184171
2 0.532026 0.389378 0.046047 0.0592658
7 0.409348 0.361254 0.0335454 0.0825019
7 0.569592 0.334398 0.0629799 0.0747309
2 0.504745 0.385487 0.0202682 0.0416554
7 0.578932 0.332667 0.0458356 0.0729726
2 0.168636 0.410618 0.0339161 0.0614293
2 0.433583 0.385344 0.0147743 0.0273115
2 0.158291 0.420706 0.0559336 0.0824454
2 0.491319 0.384298 0.0152403 0.0326781
2 0.14887 0.42252 0.0370987 0.0810433
2 0.469922 0.381637 0.0105936 0.0182359
2 0.500252 0.385338 0.0274611 0.0369865
2 0.477676 0.383361 0.0177717 0.033135
7 0.0791783 0.377499 0.157279 0.355608
7 0.718681 0.308781 0.192742 0.203843
2 0.201165 0.43151 0.0790696 0.0930807
2 0.668331 0.416943 0.0932073 0.105573
7 0.26198 0.365968 0.0933613 0.142937
2 0.81909 0.436579 0.191691 0.21648
2 0.587698 0.396837 0.0754356 0.0903312
7 0.341811 0.3647 0.0862904 0.138142
2 0.953762 0.421443 0.0916754 0.184171
2 0.532026 0.389378 0.046047 0.0592658
7 0.409348 0.361254 0.0335454 0.0825019
7 0.569592 0.334398 0.0629799 0.0747309
2 0.504745 0.385487 0.0202682 0.0416554
7 0.578932 0.332667 0.0458356 0.0729726
2 0.168636 0.410618 0.0339161 0.0614293
2 0.433583 0.385344 0.0147743 0.0273115
2 0.158291 0.420706 0.0559336 0.0824454
2 0.491319 0.384298 0.0152403 0.0326781
2 0.14887 0.42252 0.0370987 0.0810433
2 0.469922 0.381637 0.0105936 0.0182359
2 0.500252 0.385338 0.0274611 0.0369865
2 0.477676 0.383361 0.0177717 0.033135
