7 0.952068 0.388046 0.0950306 0.0740999
2 0.224531 0.573791 0.0500507 0.0373427
7 0.412928 0.535023 0.177899 0.0904568
2 0.756088 0.41707 0.0382985 0.0295402
7 0.304758 0.42515 0.103205 0.0770965
5 0.413312 0.534916 0.176923 0.0920765
7 0.614015 0.409261 0.144318 0.0809285
2 0.710614 0.436872 0.046074 0.0249181
2 0.140927 0.511583 0.0471237 0.0328669
7 0.146087 0.686551 0.0678793 0.0807807
7 0.0218598 0.564406 0.0435343 0.0826505
2 0.234284 0.467271 0.0369679 0.0195259
7 0.625101 0.588463 0.141598 0.11959
5 0.613721 0.407628 0.144189 0.0802404
2 0.880778 0.427611 0.0402422 0.0269382
7 0.0947625 0.449861 0.0505927 0.0434909
2 0.978744 0.741662 0.0413765 0.0536908
7 0.631969 0.605791 0.13076 0.083783
7 0.979088 0.24572 0.0403172 0.0599991
5 0.938217 0.300941 0.0717873 0.0610034
7 0.59613 0.590689 0.192899 0.124163
2 0.283389 0.231688 0.0303498 0.0339431
7 0.928913 0.2295 0.0590858 0.0420577
7 0.9381 0.301448 0.0721672 0.0627854
7 0.552307 0.104988 0.0334028 0.0436012
2 0.807925 0.126665 0.0217789 0.0283351
2 0.757569 0.114549 0.0243231 0.0211904
2 0.761303 0.107945 0.0247432 0.0213094
7 0.529809 0.584467 0.0292191 0.0552154
