7 0.403944 0.56623 0.18114 0.0951286
2 0.919518 0.559024 0.0593494 0.0413474
2 0.861427 0.50193 0.0489801 0.0319432
2 0.22085 0.601661 0.0499333 0.0370929
7 0.90879 0.418316 0.161214 0.0766209
7 0.298413 0.712882 0.0655326 0.0845069
7 0.311503 0.446102 0.13111 0.0814435
7 0.486605 0.445832 0.0477762 0.040871
2 0.26553 0.48532 0.042378 0.0328493
2 0.486887 0.446324 0.0478815 0.0408834
7 0.0103992 0.591591 0.0205579 0.0765214
2 0.901714 0.199914 0.0220631 0.0220248
7 0.650833 0.431623 0.0857349 0.0751994
7 0.731648 0.609775 0.0373451 0.0568166
7 0.804848 0.610679 0.114441 0.115768
7 0.238717 0.456805 0.0261346 0.0630352
2 0.895417 0.134845 0.026495 0.0336522
2 0.0185484 0.289624 0.0368627 0.0285662
0 0.981382 0.178025 0.0146095 0.0448872
