2 0.419233 0.475395 0.0420241 0.0334743
7 0.310304 0.590278 0.189559 0.0967771
2 0.727486 0.593028 0.0581115 0.0428903
2 0.123544 0.625456 0.053951 0.0390749
7 0.269169 0.456635 0.157504 0.0830351
7 0.406418 0.73413 0.0663653 0.0854319
7 0.685618 0.443341 0.158885 0.0789678
2 0.681837 0.483048 0.0284672 0.026572
2 0.479046 0.492724 0.0419248 0.0248606
2 0.67337 0.482821 0.0452685 0.0288116
2 0.104552 0.556905 0.0525424 0.0352815
7 0.0685252 0.498804 0.0757938 0.0482737
2 0.10697 0.246556 0.0153718 0.0211393
7 0.842576 0.449929 0.042458 0.0419672
2 0.0694309 0.246679 0.033998 0.0256641
2 0.916478 0.471156 0.0401745 0.0315692
2 0.0924708 0.288086 0.0185358 0.0254462
5 0.310424 0.591759 0.18768 0.0956265
