2 0.542777 0.474112 0.043355 0.0334408
2 0.663604 0.602243 0.0585026 0.042873
5 0.156006 0.465608 0.160456 0.0807242
2 0.0237619 0.634157 0.047402 0.039679
7 0.211585 0.601101 0.195419 0.0965715
7 0.768104 0.446765 0.163047 0.0828495
7 0.404988 0.741696 0.0667872 0.0857825
7 0.394514 0.459797 0.15537 0.0873742
2 0.794774 0.484559 0.045702 0.0264309
2 0.084585 0.243789 0.0314859 0.0253914
2 0.124954 0.286947 0.0506972 0.0293269
2 0.122328 0.245556 0.0151105 0.0208397
7 0.402199 0.488766 0.0703094 0.0461522
7 0.97719 0.448919 0.0447748 0.0817608
2 0.903183 0.455353 0.057317 0.0398932
2 0.252354 0.245328 0.0149167 0.026315
