7 0.0436372 0.33942 0.0867752 0.320756
2 0.84152 0.452296 0.188818 0.182989
7 0.846666 0.315685 0.306058 0.387492
2 0.664973 0.409305 0.105593 0.129656
2 0.129392 0.452892 0.102728 0.107911
7 0.317996 0.364254 0.0997788 0.155752
7 0.228826 0.367606 0.104993 0.160033
2 0.561188 0.394265 0.0581579 0.0769004
2 0.521309 0.389896 0.0312653 0.0507957
7 0.610288 0.357545 0.0920511 0.169511
2 0.605143 0.406825 0.0300016 0.0810324
2 0.1132 0.417651 0.0662624 0.066412
7 0.401113 0.361642 0.0353678 0.0886046
5 0.400732 0.360994 0.0348635 0.0890906
2 0.493035 0.382506 0.0233558 0.0386853
2 0.431435 0.383025 0.0179638 0.0339114
2 0.476747 0.386251 0.0164786 0.0288188
7 0.61021 0.330051 0.092874 0.113568
2 0.469542 0.377266 0.0217171 0.0264826
2 0.533642 0.391332 0.0198647 0.0583259
2 0.460374 0.375772 0.0141787 0.0252268
7 0.377884 0.37077 0.0254696 0.0953074
2 0.118922 0.40453 0.0644248 0.0403757
2 0.937528 0.405233 0.12453 0.205354
2 0.505329 0.386502 0.0146596 0.0405986
7 0.0436372 0.33942 0.0867752 0.320756
2 0.84152 0.452296 0.188818 0.182989
7 0.846666 0.315685 0.306058 0.387492
2 0.664973 0.409305 0.105593 0.129656
2 0.129392 0.452892 0.102728 0.107911
7 0.317996 0.364254 0.0997788 0.155752
7 0.228826 0.367606 0.104993 0.160033
2 0.561188 0.394265 0.0581579 0.0769004
2 0.521309 0.389896 0.0312653 0.0507957
7 0.610288 0.357545 0.0920511 0.169511
2 0.605143 0.406825 0.0300016 0.0810324
2 0.1132 0.417651 0.0662624 0.066412
7 0.401113 0.361642 0.0353678 0.0886046
5 0.400732 0.360994 0.0348635 0.0890906
2 0.493035 0.382506 0.0233558 0.0386853
2 0.431435 0.383025 0.0179638 0.0339114
2 0.476747 0.386251 0.0164786 0.0288188
7 0.61021 0.330051 0.092874 0.113568
2 0.469542 0.377266 0.0217171 0.0264826
2 0.533642 0.391332 0.0198647 0.0583259
2 0.460374 0.375772 0.0141787 0.0252268
7 0.377884 0.37077 0.0254696 0.0953074
2 0.118922 0.40453 0.0644248 0.0403757
2 0.937528 0.405233 0.12453 0.205354
2 0.505329 0.386502 0.0146596 0.0405986
