7 0.795518 0.314857 0.408094 0.526674
7 0.265022 0.369721 0.10434 0.171508
7 0.161611 0.370373 0.12418 0.188621
2 0.17164 0.443241 0.0939528 0.0989641
2 0.558607 0.399952 0.0524797 0.0655129
2 0.0575126 0.452637 0.114659 0.154864
2 0.325825 0.401166 0.0348755 0.0637534
7 0.370542 0.363135 0.0682638 0.103582
2 0.527561 0.391081 0.0351713 0.0579149
2 0.592502 0.381914 0.0347262 0.0452171
7 0.422352 0.366233 0.0244572 0.0671801
2 0.500704 0.381833 0.0297379 0.0416322
7 0.548851 0.33597 0.0570743 0.0643736
2 0.473129 0.382317 0.0214409 0.0341799
2 0.476222 0.380219 0.026062 0.04121
2 0.613373 0.375442 0.0167642 0.0353643
7 0.387519 0.361836 0.0491764 0.098238
7 0.326926 0.351354 0.0244649 0.0810072
7 0.37941 0.364453 0.0475442 0.100328
7 0.795518 0.314857 0.408094 0.526674
7 0.265022 0.369721 0.10434 0.171508
7 0.161611 0.370373 0.12418 0.188621
2 0.17164 0.443241 0.0939528 0.0989641
2 0.558607 0.399952 0.0524797 0.0655129
2 0.0575126 0.452637 0.114659 0.154864
2 0.325825 0.401166 0.0348755 0.0637534
7 0.370542 0.363135 0.0682638 0.103582
2 0.527561 0.391081 0.0351713 0.0579149
2 0.592502 0.381914 0.0347262 0.0452171
7 0.422352 0.366233 0.0244572 0.0671801
2 0.500704 0.381833 0.0297379 0.0416322
7 0.548851 0.33597 0.0570743 0.0643736
2 0.473129 0.382317 0.0214409 0.0341799
2 0.476222 0.380219 0.026062 0.04121
2 0.613373 0.375442 0.0167642 0.0353643
7 0.387519 0.361836 0.0491764 0.098238
7 0.326926 0.351354 0.0244649 0.0810072
7 0.37941 0.364453 0.0475442 0.100328
7 0.795518 0.314857 0.408094 0.526674
7 0.265022 0.369721 0.10434 0.171508
7 0.161611 0.370373 0.12418 0.188621
2 0.17164 0.443241 0.0939528 0.0989641
2 0.558607 0.399952 0.0524797 0.0655129
2 0.0575126 0.452637 0.114659 0.154864
2 0.325825 0.401166 0.0348755 0.0637534
7 0.370542 0.363135 0.0682638 0.103582
2 0.527561 0.391081 0.0351713 0.0579149
2 0.592502 0.381914 0.0347262 0.0452171
7 0.422352 0.366233 0.0244572 0.0671801
2 0.500704 0.381833 0.0297379 0.0416322
7 0.548851 0.33597 0.0570743 0.0643736
2 0.473129 0.382317 0.0214409 0.0341799
2 0.476222 0.380219 0.026062 0.04121
2 0.613373 0.375442 0.0167642 0.0353643
7 0.387519 0.361836 0.0491764 0.098238
7 0.326926 0.351354 0.0244649 0.0810072
7 0.37941 0.364453 0.0475442 0.100328
7 0.795518 0.314857 0.408094 0.526674
7 0.265022 0.369721 0.10434 0.171508
7 0.161611 0.370373 0.12418 0.188621
2 0.17164 0.443241 0.0939528 0.0989641
2 0.558607 0.399952 0.0524797 0.0655129
2 0.0575126 0.452637 0.114659 0.154864
2 0.325825 0.401166 0.0348755 0.0637534
7 0.370542 0.363135 0.0682638 0.103582
2 0.527561 0.391081 0.0351713 0.0579149
2 0.592502 0.381914 0.0347262 0.0452171
7 0.422352 0.366233 0.0244572 0.0671801
2 0.500704 0.381833 0.0297379 0.0416322
7 0.548851 0.33597 0.0570743 0.0643736
2 0.473129 0.382317 0.0214409 0.0341799
2 0.476222 0.380219 0.026062 0.04121
2 0.613373 0.375442 0.0167642 0.0353643
7 0.387519 0.361836 0.0491764 0.098238
7 0.326926 0.351354 0.0244649 0.0810072
7 0.37941 0.364453 0.0475442 0.100328
