7 0.896502 0.473528 0.100667 0.116475
7 0.106993 0.838186 0.213985 0.196253
7 0.333209 0.543767 0.0605574 0.17019
7 0.905077 0.599053 0.139838 0.187469
7 0.391384 0.545358 0.0655787 0.164655
7 0.896502 0.473528 0.100667 0.116475
7 0.106993 0.838186 0.213985 0.196253
7 0.333209 0.543767 0.0605574 0.17019
7 0.905077 0.599053 0.139838 0.187469
7 0.391384 0.545358 0.0655787 0.164655
7 0.896502 0.473528 0.100667 0.116475
7 0.106993 0.838186 0.213985 0.196253
7 0.333209 0.543767 0.0605574 0.17019
7 0.905077 0.599053 0.139838 0.187469
7 0.391384 0.545358 0.0655787 0.164655
7 0.896502 0.473528 0.100667 0.116475
7 0.106993 0.838186 0.213985 0.196253
7 0.333209 0.543767 0.0605574 0.17019
7 0.905077 0.599053 0.139838 0.187469
7 0.391384 0.545358 0.0655787 0.164655
7 0.896502 0.473528 0.100667 0.116475
7 0.106993 0.838186 0.213985 0.196253
7 0.333209 0.543767 0.0605574 0.17019
7 0.905077 0.599053 0.139838 0.187469
7 0.391384 0.545358 0.0655787 0.164655
7 0.896502 0.473528 0.100667 0.116475
7 0.106993 0.838186 0.213985 0.196253
7 0.333209 0.543767 0.0605574 0.17019
7 0.905077 0.599053 0.139838 0.187469
7 0.391384 0.545358 0.0655787 0.164655
5 0.896502 0.473528 0.100667 0.116475
7 0.106993 0.838186 0.213985 0.196253
5 0.333209 0.543767 0.0605574 0.17019
7 0.905077 0.599053 0.139838 0.187469
5 0.391384 0.545358 0.0655787 0.164655
0 0.253843 0.761011 0.00789313 0.0291524
5 0.905121 0.59762 0.139843 0.186982
5 0.362405 0.213577 0.0391852 0.0697618
5 0.844899 0.327936 0.0811998 0.0778556
5 0.0674088 0.530448 0.0303538 0.135116
2 0.790373 0.607411 0.074003 0.130375
5 0.154392 0.523832 0.0415892 0.162027
5 0.956798 0.577331 0.0858982 0.144961
5 0.126495 0.538943 0.0339471 0.127374
5 0.485746 0.553746 0.0817789 0.171522
5 0.42374 0.547506 0.0733646 0.172381
5 0.609376 0.566465 0.0981115 0.176242
5 0.107362 0.837948 0.214061 0.19635
5 0.300724 0.53801 0.0567594 0.169387
2 0.018785 0.745526 0.0375621 0.0609172
5 0.0987614 0.528716 0.0290721 0.137971
5 0.475752 0.037126 0.0360935 0.0484797
5 0.212014 0.525611 0.0479321 0.16723
7 0.965804 0.469481 0.0673571 0.0890545
5 0.920095 0.313314 0.0917633 0.0899167
5 0.183262 0.528037 0.0435044 0.159329
