7 0.411893 0.480376 0.0854626 0.14994
7 0.674867 0.506932 0.0345573 0.0295291
7 0.499363 0.625126 0.0377987 0.0561562
7 0.490691 0.554476 0.031844 0.0426185
7 0.551934 0.61991 0.045533 0.0671275
7 0.941493 0.678227 0.0768505 0.0630698
7 0.326036 0.325531 0.0395038 0.0701485
7 0.330218 0.373605 0.0190419 0.0263465
7 0.452356 0.492968 0.0232277 0.0406412
7 0.29493 0.316465 0.0359415 0.0711999
7 0.672439 0.81718 0.240487 0.352864
7 0.369015 0.389857 0.0297159 0.0448208
7 0.343417 0.39779 0.017504 0.0311793
7 0.411893 0.480376 0.0854626 0.14994
7 0.674867 0.506932 0.0345573 0.0295291
7 0.499363 0.625126 0.0377987 0.0561562
7 0.490691 0.554476 0.031844 0.0426185
7 0.551934 0.61991 0.045533 0.0671275
7 0.941493 0.678227 0.0768505 0.0630698
7 0.326036 0.325531 0.0395038 0.0701485
7 0.330218 0.373605 0.0190419 0.0263465
7 0.452356 0.492968 0.0232277 0.0406412
7 0.29493 0.316465 0.0359415 0.0711999
7 0.672439 0.81718 0.240487 0.352864
7 0.369015 0.389857 0.0297159 0.0448208
7 0.343417 0.39779 0.017504 0.0311793
7 0.411893 0.480376 0.0854626 0.14994
7 0.674867 0.506932 0.0345573 0.0295291
7 0.499363 0.625126 0.0377987 0.0561562
7 0.490691 0.554476 0.031844 0.0426185
7 0.551934 0.61991 0.045533 0.0671275
7 0.941493 0.678227 0.0768505 0.0630698
7 0.326036 0.325531 0.0395038 0.0701485
7 0.330218 0.373605 0.0190419 0.0263465
7 0.452356 0.492968 0.0232277 0.0406412
7 0.29493 0.316465 0.0359415 0.0711999
7 0.672439 0.81718 0.240487 0.352864
7 0.369015 0.389857 0.0297159 0.0448208
7 0.343417 0.39779 0.017504 0.0311793
7 0.411893 0.480376 0.0854626 0.14994
7 0.674867 0.506932 0.0345573 0.0295291
7 0.499363 0.625126 0.0377987 0.0561562
7 0.490691 0.554476 0.031844 0.0426185
7 0.551934 0.61991 0.045533 0.0671275
7 0.941493 0.678227 0.0768505 0.0630698
7 0.326036 0.325531 0.0395038 0.0701485
7 0.330218 0.373605 0.0190419 0.0263465
7 0.452356 0.492968 0.0232277 0.0406412
7 0.29493 0.316465 0.0359415 0.0711999
7 0.672439 0.81718 0.240487 0.352864
7 0.369015 0.389857 0.0297159 0.0448208
7 0.343417 0.39779 0.017504 0.0311793
7 0.411893 0.480376 0.0854626 0.14994
7 0.674867 0.506932 0.0345573 0.0295291
7 0.499363 0.625126 0.0377987 0.0561562
7 0.490691 0.554476 0.031844 0.0426185
7 0.551934 0.61991 0.045533 0.0671275
7 0.941493 0.678227 0.0768505 0.0630698
7 0.326036 0.325531 0.0395038 0.0701485
7 0.330218 0.373605 0.0190419 0.0263465
7 0.452356 0.492968 0.0232277 0.0406412
7 0.29493 0.316465 0.0359415 0.0711999
7 0.672439 0.81718 0.240487 0.352864
7 0.369015 0.389857 0.0297159 0.0448208
7 0.343417 0.39779 0.017504 0.0311793
7 0.411893 0.480376 0.0854626 0.14994
7 0.674867 0.506932 0.0345573 0.0295291
7 0.499363 0.625126 0.0377987 0.0561562
7 0.490691 0.554476 0.031844 0.0426185
7 0.551934 0.61991 0.045533 0.0671275
7 0.941493 0.678227 0.0768505 0.0630698
7 0.326036 0.325531 0.0395038 0.0701485
7 0.330218 0.373605 0.0190419 0.0263465
7 0.452356 0.492968 0.0232277 0.0406412
7 0.29493 0.316465 0.0359415 0.0711999
7 0.672439 0.81718 0.240487 0.352864
7 0.369015 0.389857 0.0297159 0.0448208
7 0.343417 0.39779 0.017504 0.0311793
