7 0.634057 0.656464 0.224123 0.267287
7 0.305429 0.395681 0.0762775 0.111865
7 0.843893 0.943622 0.0951603 0.109151
7 0.373011 0.446471 0.0253029 0.0293172
7 0.382572 0.493138 0.0294155 0.0364928
7 0.189352 0.273881 0.0388649 0.0785882
7 0.417373 0.481171 0.0297796 0.0418625
7 0.339723 0.408213 0.0249637 0.0321348
7 0.497567 0.585483 0.155282 0.210793
7 0.21872 0.28491 0.0384329 0.0537364
7 0.634057 0.656464 0.224123 0.267287
7 0.305429 0.395681 0.0762775 0.111865
7 0.843893 0.943622 0.0951603 0.109151
7 0.373011 0.446471 0.0253029 0.0293172
7 0.382572 0.493138 0.0294155 0.0364928
7 0.189352 0.273881 0.0388649 0.0785882
7 0.417373 0.481171 0.0297796 0.0418625
7 0.339723 0.408213 0.0249637 0.0321348
7 0.497567 0.585483 0.155282 0.210793
7 0.21872 0.28491 0.0384329 0.0537364
7 0.634057 0.656464 0.224123 0.267287
7 0.305429 0.395681 0.0762775 0.111865
7 0.843893 0.943622 0.0951603 0.109151
7 0.373011 0.446471 0.0253029 0.0293172
7 0.382572 0.493138 0.0294155 0.0364928
7 0.189352 0.273881 0.0388649 0.0785882
7 0.417373 0.481171 0.0297796 0.0418625
7 0.339723 0.408213 0.0249637 0.0321348
7 0.497567 0.585483 0.155282 0.210793
7 0.21872 0.28491 0.0384329 0.0537364
7 0.634057 0.656464 0.224123 0.267287
7 0.305429 0.395681 0.0762775 0.111865
7 0.843893 0.943622 0.0951603 0.109151
7 0.373011 0.446471 0.0253029 0.0293172
7 0.382572 0.493138 0.0294155 0.0364928
7 0.189352 0.273881 0.0388649 0.0785882
7 0.417373 0.481171 0.0297796 0.0418625
7 0.339723 0.408213 0.0249637 0.0321348
7 0.497567 0.585483 0.155282 0.210793
7 0.21872 0.28491 0.0384329 0.0537364
7 0.634057 0.656464 0.224123 0.267287
7 0.305429 0.395681 0.0762775 0.111865
7 0.843893 0.943622 0.0951603 0.109151
7 0.373011 0.446471 0.0253029 0.0293172
7 0.382572 0.493138 0.0294155 0.0364928
7 0.189352 0.273881 0.0388649 0.0785882
7 0.417373 0.481171 0.0297796 0.0418625
7 0.339723 0.408213 0.0249637 0.0321348
7 0.497567 0.585483 0.155282 0.210793
7 0.21872 0.28491 0.0384329 0.0537364
7 0.634057 0.656464 0.224123 0.267287
7 0.305429 0.395681 0.0762775 0.111865
7 0.843893 0.943622 0.0951603 0.109151
7 0.373011 0.446471 0.0253029 0.0293172
7 0.382572 0.493138 0.0294155 0.0364928
7 0.189352 0.273881 0.0388649 0.0785882
7 0.417373 0.481171 0.0297796 0.0418625
7 0.339723 0.408213 0.0249637 0.0321348
7 0.497567 0.585483 0.155282 0.210793
7 0.21872 0.28491 0.0384329 0.0537364
7 0.634057 0.656464 0.224123 0.267287
7 0.305429 0.395681 0.0762775 0.111865
7 0.843893 0.943622 0.0951603 0.109151
7 0.373011 0.446471 0.0253029 0.0293172
7 0.382572 0.493138 0.0294155 0.0364928
7 0.189352 0.273881 0.0388649 0.0785882
7 0.417373 0.481171 0.0297796 0.0418625
7 0.339723 0.408213 0.0249637 0.0321348
7 0.497567 0.585483 0.155282 0.210793
7 0.21872 0.28491 0.0384329 0.0537364
7 0.634057 0.656464 0.224123 0.267287
7 0.305429 0.395681 0.0762775 0.111865
2 0.843893 0.943622 0.0951603 0.109151
2 0.373011 0.446471 0.0253029 0.0293172
2 0.382572 0.493138 0.0294155 0.0364928
7 0.189352 0.273881 0.0388649 0.0785882
2 0.417373 0.481171 0.0297796 0.0418625
2 0.339723 0.408213 0.0249637 0.0321348
7 0.497567 0.585483 0.155282 0.210793
7 0.21872 0.28491 0.0384329 0.0537364
2 0.228182 0.327021 0.0204936 0.0239987
7 0.971236 0.260902 0.0562069 0.0396642
2 0.243721 0.346607 0.0202282 0.0245839
2 0.258948 0.360712 0.0173194 0.0246709
