7 0.278403 0.383679 0.145099 0.0768314
7 0.711194 0.359275 0.0623748 0.0569583
7 0.503891 0.368729 0.0937964 0.0764248
7 0.0212606 0.586808 0.0422769 0.0780518
2 0.128268 0.52549 0.049633 0.0358003
2 0.911375 0.360531 0.0494221 0.0351205
5 0.362995 0.490068 0.172526 0.0984361
2 0.226837 0.240086 0.0318204 0.0236407
7 0.362764 0.486354 0.172546 0.0917491
2 0.45677 0.178567 0.0249507 0.024979
2 0.868038 0.380053 0.0410152 0.0279439
7 0.513593 0.287356 0.0641413 0.0592361
7 0.92372 0.272426 0.130981 0.0567419
7 0.550308 0.600176 0.0473404 0.0494196
2 0.358487 0.412347 0.0437616 0.023401
7 0.702576 0.143875 0.0478989 0.0609155
7 0.730143 0.247555 0.0520119 0.0743094
2 0.614787 0.205576 0.0176365 0.0213466
2 0.140271 0.422792 0.0495537 0.0310588
2 0.843774 0.206239 0.0318352 0.0183875
2 0.734946 0.0306235 0.0252798 0.0202923
7 0.744717 0.549433 0.136326 0.101059
2 0.646821 0.201181 0.0181399 0.0251566
2 0.606018 0.125188 0.0180285 0.0212175
7 0.536479 0.366466 0.157065 0.075238
7 0.899653 0.280876 0.182145 0.0705109
2 0.591333 0.240295 0.0243935 0.0419334
2 0.738046 0.146523 0.0269839 0.0421505
2 0.812268 0.170526 0.0280941 0.0284382
2 0.782815 0.134911 0.0321125 0.0250673
7 0.559671 0.214946 0.0454065 0.0420378
2 0.69097 0.200338 0.0202281 0.0210965
2 0.682503 0.202138 0.0306915 0.0215334
7 0.58251 0.364793 0.0646387 0.0643909
7 0.728276 0.548895 0.0995076 0.0832928
2 0.592051 0.232551 0.0235287 0.0559492
