7 0.366203 0.495344 0.174734 0.0922971
7 0.415425 0.388934 0.149611 0.0859753
7 0.081141 0.580336 0.156326 0.126564
7 0.835185 0.360539 0.0644888 0.0564612
2 0.430337 0.208116 0.0275703 0.0250736
2 0.00868915 0.633572 0.0172058 0.0292886
7 0.590435 0.288871 0.0650177 0.0597367
2 0.490915 0.204891 0.0238359 0.022311
7 0.967323 0.275242 0.0643608 0.0539505
7 0.673358 0.605497 0.050598 0.0484411
2 0.694162 0.243038 0.0178485 0.0288193
2 0.71087 0.204913 0.0200045 0.0217843
2 0.673286 0.605691 0.0510246 0.047779
7 0.865619 0.5518 0.136847 0.0941984
2 0.909164 0.207318 0.030891 0.0192838
2 0.679277 0.206677 0.018711 0.0203551
7 0.8495 0.552839 0.10308 0.0839169
7 0.644998 0.367025 0.0589895 0.0707303
7 0.594522 0.547274 0.0384192 0.0517954
2 0.840127 0.138134 0.0331879 0.0239621
7 0.706377 0.364357 0.0650526 0.0646567
7 0.185131 0.417031 0.0768037 0.0558835
2 0.712997 0.109114 0.016925 0.0214383
7 0.759313 0.143951 0.0568194 0.0599183
7 0.949463 0.159171 0.0997049 0.115799
2 0.606362 0.147912 0.0218094 0.0259192
2 0.79894 0.148331 0.0250709 0.0428303
2 0.873951 0.171324 0.0299999 0.0298467
7 0.62567 0.216142 0.0485195 0.0413415
2 0.701732 0.242222 0.0330441 0.0266396
7 0.901141 0.549313 0.0674328 0.0898573
2 0.607791 0.185861 0.0181752 0.0283625
2 0.665838 0.243866 0.0195686 0.0368759
7 0.942751 0.280738 0.113592 0.0670354
