7 0.0768716 0.377348 0.152747 0.361715
7 0.728384 0.306919 0.203756 0.208502
7 0.339724 0.365965 0.0844284 0.13919
2 0.197572 0.432859 0.0798739 0.0925654
2 0.674675 0.418616 0.0969763 0.107975
7 0.25978 0.366367 0.0926754 0.141885
2 0.834616 0.439433 0.201338 0.224824
2 0.961124 0.42249 0.0768536 0.18996
2 0.592647 0.397375 0.0728639 0.093307
2 0.536367 0.389871 0.0386592 0.0603032
7 0.409631 0.361315 0.0357362 0.0828401
7 0.571593 0.336715 0.0637871 0.0832984
2 0.505786 0.385288 0.0201233 0.0433192
2 0.165204 0.409225 0.0349805 0.0555586
2 0.433495 0.385345 0.0141388 0.027278
2 0.153246 0.422955 0.0593297 0.0838935
2 0.517135 0.387157 0.0191053 0.0509839
2 0.490574 0.384844 0.0141001 0.0293669
2 0.141351 0.44181 0.0361919 0.0463984
2 0.470707 0.382355 0.0106909 0.0192003
7 0.0768716 0.377348 0.152747 0.361715
7 0.728384 0.306919 0.203756 0.208502
7 0.339724 0.365965 0.0844284 0.13919
2 0.197572 0.432859 0.0798739 0.0925654
2 0.674675 0.418616 0.0969763 0.107975
7 0.25978 0.366367 0.0926754 0.141885
2 0.834616 0.439433 0.201338 0.224824
2 0.961124 0.42249 0.0768536 0.18996
2 0.592647 0.397375 0.0728639 0.093307
2 0.536367 0.389871 0.0386592 0.0603032
7 0.409631 0.361315 0.0357362 0.0828401
7 0.571593 0.336715 0.0637871 0.0832984
2 0.505786 0.385288 0.0201233 0.0433192
2 0.165204 0.409225 0.0349805 0.0555586
2 0.433495 0.385345 0.0141388 0.027278
2 0.153246 0.422955 0.0593297 0.0838935
2 0.517135 0.387157 0.0191053 0.0509839
2 0.490574 0.384844 0.0141001 0.0293669
2 0.141351 0.44181 0.0361919 0.0463984
2 0.470707 0.382355 0.0106909 0.0192003
7 0.0768716 0.377348 0.152747 0.361715
7 0.728384 0.306919 0.203756 0.208502
7 0.339724 0.365965 0.0844284 0.13919
2 0.197572 0.432859 0.0798739 0.0925654
2 0.674675 0.418616 0.0969763 0.107975
7 0.25978 0.366367 0.0926754 0.141885
2 0.834616 0.439433 0.201338 0.224824
2 0.961124 0.42249 0.0768536 0.18996
2 0.592647 0.397375 0.0728639 0.093307
2 0.536367 0.389871 0.0386592 0.0603032
7 0.409631 0.361315 0.0357362 0.0828401
7 0.571593 0.336715 0.0637871 0.0832984
2 0.505786 0.385288 0.0201233 0.0433192
2 0.165204 0.409225 0.0349805 0.0555586
2 0.433495 0.385345 0.0141388 0.027278
2 0.153246 0.422955 0.0593297 0.0838935
2 0.517135 0.387157 0.0191053 0.0509839
2 0.490574 0.384844 0.0141001 0.0293669
2 0.141351 0.44181 0.0361919 0.0463984
2 0.470707 0.382355 0.0106909 0.0192003
