7 0.0896159 0.607498 0.178736 0.0983604
2 0.570638 0.609052 0.0578444 0.0437893
7 0.492924 0.45423 0.155061 0.0829437
2 0.629248 0.471786 0.0445642 0.0343844
7 0.0412116 0.465942 0.0816439 0.0785235
5 0.273229 0.46328 0.156501 0.0812061
7 0.388043 0.744481 0.0588642 0.0816166
2 0.861354 0.528665 0.0496056 0.0323435
2 0.17379 0.507259 0.0465166 0.0316501
5 0.0902159 0.608041 0.17937 0.0988892
7 0.861081 0.528286 0.0505417 0.0329118
2 0.189871 0.240204 0.0148159 0.0252113
2 0.131163 0.242886 0.0151092 0.0198405
7 0.774927 0.476499 0.0777237 0.0463183
2 0.14238 0.283895 0.0366061 0.0272998
7 0.97743 0.638602 0.0445408 0.0595709
