7 0.802532 0.312092 0.393218 0.618625
7 0.25979 0.370136 0.108792 0.175893
7 0.152102 0.370286 0.130906 0.193515
2 0.159204 0.445886 0.098134 0.103548
2 0.566367 0.401832 0.0571203 0.0695892
2 0.0491782 0.456345 0.0978437 0.163021
2 0.53289 0.391206 0.0398804 0.0597572
2 0.32267 0.400623 0.0367963 0.0683492
7 0.372137 0.363115 0.0769661 0.105382
2 0.50314 0.383504 0.0288284 0.0421731
7 0.422073 0.366309 0.0253874 0.0676765
2 0.601045 0.385202 0.0348803 0.047773
7 0.384872 0.363001 0.0533467 0.102659
7 0.552091 0.336233 0.0562094 0.0675519
2 0.476114 0.381449 0.0167566 0.0373632
7 0.337156 0.359085 0.0524948 0.0984419
7 0.802532 0.312092 0.393218 0.618625
7 0.25979 0.370136 0.108792 0.175893
7 0.152102 0.370286 0.130906 0.193515
2 0.159204 0.445886 0.098134 0.103548
2 0.566367 0.401832 0.0571203 0.0695892
2 0.0491782 0.456345 0.0978437 0.163021
2 0.53289 0.391206 0.0398804 0.0597572
2 0.32267 0.400623 0.0367963 0.0683492
7 0.372137 0.363115 0.0769661 0.105382
2 0.50314 0.383504 0.0288284 0.0421731
7 0.422073 0.366309 0.0253874 0.0676765
2 0.601045 0.385202 0.0348803 0.047773
7 0.384872 0.363001 0.0533467 0.102659
7 0.552091 0.336233 0.0562094 0.0675519
2 0.476114 0.381449 0.0167566 0.0373632
7 0.337156 0.359085 0.0524948 0.0984419
7 0.802532 0.312092 0.393218 0.618625
7 0.25979 0.370136 0.108792 0.175893
7 0.152102 0.370286 0.130906 0.193515
2 0.159204 0.445886 0.098134 0.103548
2 0.566367 0.401832 0.0571203 0.0695892
2 0.0491782 0.456345 0.0978437 0.163021
2 0.53289 0.391206 0.0398804 0.0597572
2 0.32267 0.400623 0.0367963 0.0683492
7 0.372137 0.363115 0.0769661 0.105382
2 0.50314 0.383504 0.0288284 0.0421731
7 0.422073 0.366309 0.0253874 0.0676765
2 0.601045 0.385202 0.0348803 0.047773
7 0.384872 0.363001 0.0533467 0.102659
7 0.552091 0.336233 0.0562094 0.0675519
2 0.476114 0.381449 0.0167566 0.0373632
7 0.337156 0.359085 0.0524948 0.0984419
7 0.802532 0.312092 0.393218 0.618625
7 0.25979 0.370136 0.108792 0.175893
7 0.152102 0.370286 0.130906 0.193515
2 0.159204 0.445886 0.098134 0.103548
2 0.566367 0.401832 0.0571203 0.0695892
2 0.0491782 0.456345 0.0978437 0.163021
2 0.53289 0.391206 0.0398804 0.0597572
2 0.32267 0.400623 0.0367963 0.0683492
7 0.372137 0.363115 0.0769661 0.105382
2 0.50314 0.383504 0.0288284 0.0421731
7 0.422073 0.366309 0.0253874 0.0676765
2 0.601045 0.385202 0.0348803 0.047773
7 0.384872 0.363001 0.0533467 0.102659
7 0.552091 0.336233 0.0562094 0.0675519
2 0.476114 0.381449 0.0167566 0.0373632
7 0.337156 0.359085 0.0524948 0.0984419
