2 0.522229 0.665111 0.0392077 0.0591175
2 0.481066 0.604506 0.036122 0.0581043
2 0.446736 0.54266 0.0367805 0.0537861
7 0.377764 0.429378 0.0631143 0.119417
2 0.524361 0.589821 0.042935 0.0819968
2 0.491796 0.552663 0.0277678 0.0409283
2 0.585933 0.679436 0.0310056 0.029666
7 0.429513 0.457038 0.0742938 0.132309
7 0.311513 0.296634 0.0312577 0.0578954
7 0.684984 0.834556 0.23556 0.320791
2 0.332427 0.371811 0.0142918 0.0193743
5 0.683516 0.834135 0.235137 0.317772
2 0.320003 0.352327 0.0146403 0.020305
2 0.295481 0.31297 0.0113864 0.0196895
7 0.977416 0.300908 0.0441975 0.0996283
7 0.254779 0.230898 0.0311048 0.04872
2 0.342723 0.353869 0.0142076 0.0234034
2 0.34021 0.34144 0.0161265 0.0270711
2 0.522229 0.665111 0.0392077 0.0591175
2 0.481066 0.604506 0.036122 0.0581043
2 0.446736 0.54266 0.0367805 0.0537861
7 0.377764 0.429378 0.0631143 0.119417
2 0.524361 0.589821 0.042935 0.0819968
2 0.491796 0.552663 0.0277678 0.0409283
2 0.585933 0.679436 0.0310056 0.029666
7 0.429513 0.457038 0.0742938 0.132309
7 0.311513 0.296634 0.0312577 0.0578954
7 0.684984 0.834556 0.23556 0.320791
2 0.332427 0.371811 0.0142918 0.0193743
5 0.683516 0.834135 0.235137 0.317772
2 0.320003 0.352327 0.0146403 0.020305
2 0.295481 0.31297 0.0113864 0.0196895
7 0.977416 0.300908 0.0441975 0.0996283
7 0.254779 0.230898 0.0311048 0.04872
2 0.342723 0.353869 0.0142076 0.0234034
2 0.34021 0.34144 0.0161265 0.0270711
2 0.522229 0.665111 0.0392077 0.0591175
2 0.481066 0.604506 0.036122 0.0581043
2 0.446736 0.54266 0.0367805 0.0537861
7 0.377764 0.429378 0.0631143 0.119417
2 0.524361 0.589821 0.042935 0.0819968
2 0.491796 0.552663 0.0277678 0.0409283
2 0.585933 0.679436 0.0310056 0.029666
7 0.429513 0.457038 0.0742938 0.132309
7 0.311513 0.296634 0.0312577 0.0578954
7 0.684984 0.834556 0.23556 0.320791
2 0.332427 0.371811 0.0142918 0.0193743
5 0.683516 0.834135 0.235137 0.317772
2 0.320003 0.352327 0.0146403 0.020305
2 0.295481 0.31297 0.0113864 0.0196895
7 0.977416 0.300908 0.0441975 0.0996283
7 0.254779 0.230898 0.0311048 0.04872
2 0.342723 0.353869 0.0142076 0.0234034
2 0.34021 0.34144 0.0161265 0.0270711
