7 0.646057 0.333489 0.187016 0.296851
2 0.818182 0.413967 0.1105 0.108645
2 0.0536101 0.474927 0.106818 0.137307
2 0.92449 0.397021 0.111707 0.11274
2 0.221522 0.430693 0.0769351 0.0857066
2 0.126016 0.439288 0.0970043 0.130739
7 0.197455 0.366704 0.110568 0.163754
7 0.291953 0.3675 0.086966 0.15513
7 0.376481 0.36355 0.0645921 0.0921137
2 0.761756 0.392412 0.0496521 0.0668886
2 0.523181 0.392402 0.0506901 0.0541194
2 0.340824 0.402533 0.0289343 0.0546183
7 0.539312 0.348189 0.0479937 0.0774302
2 0.0308473 0.395619 0.06147 0.0391874
7 0.426856 0.365696 0.0204576 0.0646073
2 0.487358 0.384942 0.0233711 0.0305684
7 0.389328 0.364377 0.039606 0.0903236
7 0.577121 0.375914 0.0510661 0.137586
7 0.646057 0.333489 0.187016 0.296851
2 0.818182 0.413967 0.1105 0.108645
2 0.0536101 0.474927 0.106818 0.137307
2 0.92449 0.397021 0.111707 0.11274
2 0.221522 0.430693 0.0769351 0.0857066
2 0.126016 0.439288 0.0970043 0.130739
7 0.197455 0.366704 0.110568 0.163754
7 0.291953 0.3675 0.086966 0.15513
7 0.376481 0.36355 0.0645921 0.0921137
2 0.761756 0.392412 0.0496521 0.0668886
2 0.523181 0.392402 0.0506901 0.0541194
2 0.340824 0.402533 0.0289343 0.0546183
7 0.539312 0.348189 0.0479937 0.0774302
2 0.0308473 0.395619 0.06147 0.0391874
7 0.426856 0.365696 0.0204576 0.0646073
2 0.487358 0.384942 0.0233711 0.0305684
7 0.389328 0.364377 0.039606 0.0903236
7 0.577121 0.375914 0.0510661 0.137586
7 0.646057 0.333489 0.187016 0.296851
2 0.818182 0.413967 0.1105 0.108645
2 0.0536101 0.474927 0.106818 0.137307
2 0.92449 0.397021 0.111707 0.11274
2 0.221522 0.430693 0.0769351 0.0857066
2 0.126016 0.439288 0.0970043 0.130739
7 0.197455 0.366704 0.110568 0.163754
7 0.291953 0.3675 0.086966 0.15513
7 0.376481 0.36355 0.0645921 0.0921137
2 0.761756 0.392412 0.0496521 0.0668886
2 0.523181 0.392402 0.0506901 0.0541194
2 0.340824 0.402533 0.0289343 0.0546183
7 0.539312 0.348189 0.0479937 0.0774302
2 0.0308473 0.395619 0.06147 0.0391874
7 0.426856 0.365696 0.0204576 0.0646073
2 0.487358 0.384942 0.0233711 0.0305684
7 0.389328 0.364377 0.039606 0.0903236
7 0.577121 0.375914 0.0510661 0.137586
7 0.646057 0.333489 0.187016 0.296851
2 0.818182 0.413967 0.1105 0.108645
2 0.0536101 0.474927 0.106818 0.137307
2 0.92449 0.397021 0.111707 0.11274
2 0.221522 0.430693 0.0769351 0.0857066
2 0.126016 0.439288 0.0970043 0.130739
7 0.197455 0.366704 0.110568 0.163754
7 0.291953 0.3675 0.086966 0.15513
7 0.376481 0.36355 0.0645921 0.0921137
2 0.761756 0.392412 0.0496521 0.0668886
2 0.523181 0.392402 0.0506901 0.0541194
2 0.340824 0.402533 0.0289343 0.0546183
7 0.539312 0.348189 0.0479937 0.0774302
2 0.0308473 0.395619 0.06147 0.0391874
7 0.426856 0.365696 0.0204576 0.0646073
2 0.487358 0.384942 0.0233711 0.0305684
7 0.389328 0.364377 0.039606 0.0903236
7 0.577121 0.375914 0.0510661 0.137586
