7 0.916161 0.276143 0.166691 0.465773
7 0.656494 0.338676 0.131964 0.180018
2 0.801341 0.433938 0.190663 0.205564
7 0.300591 0.364686 0.112504 0.173767
2 0.0541572 0.475013 0.108189 0.128729
7 0.197975 0.371849 0.117458 0.176735
2 0.684556 0.421273 0.0696154 0.108741
2 0.599516 0.401795 0.071191 0.0981216
2 0.0790866 0.432681 0.0769575 0.0905182
2 0.534319 0.394121 0.0410896 0.0578551
2 0.557999 0.403793 0.0253023 0.06177
7 0.398513 0.363781 0.0482108 0.09395
2 0.370148 0.400941 0.0303462 0.0419505
2 0.12849 0.411911 0.0346901 0.0471446
2 0.503401 0.386005 0.0256507 0.0415157
2 0.428952 0.383564 0.0193221 0.0353911
2 0.0189969 0.410017 0.0376205 0.0500504
2 0.482511 0.38464 0.0179316 0.0340998
2 0.466146 0.382383 0.0188059 0.025317
2 0.0186471 0.402657 0.0368023 0.0304075
2 0.462255 0.376064 0.0200087 0.0322203
2 0.520711 0.391804 0.0231453 0.0518951
7 0.916161 0.276143 0.166691 0.465773
7 0.656494 0.338676 0.131964 0.180018
2 0.801341 0.433938 0.190663 0.205564
7 0.300591 0.364686 0.112504 0.173767
2 0.0541572 0.475013 0.108189 0.128729
7 0.197975 0.371849 0.117458 0.176735
2 0.684556 0.421273 0.0696154 0.108741
2 0.599516 0.401795 0.071191 0.0981216
2 0.0790866 0.432681 0.0769575 0.0905182
2 0.534319 0.394121 0.0410896 0.0578551
2 0.557999 0.403793 0.0253023 0.06177
7 0.398513 0.363781 0.0482108 0.09395
2 0.370148 0.400941 0.0303462 0.0419505
2 0.12849 0.411911 0.0346901 0.0471446
2 0.503401 0.386005 0.0256507 0.0415157
2 0.428952 0.383564 0.0193221 0.0353911
2 0.0189969 0.410017 0.0376205 0.0500504
2 0.482511 0.38464 0.0179316 0.0340998
2 0.466146 0.382383 0.0188059 0.025317
2 0.0186471 0.402657 0.0368023 0.0304075
2 0.462255 0.376064 0.0200087 0.0322203
2 0.520711 0.391804 0.0231453 0.0518951
7 0.916161 0.276143 0.166691 0.465773
7 0.656494 0.338676 0.131964 0.180018
2 0.801341 0.433938 0.190663 0.205564
7 0.300591 0.364686 0.112504 0.173767
2 0.0541572 0.475013 0.108189 0.128729
7 0.197975 0.371849 0.117458 0.176735
2 0.684556 0.421273 0.0696154 0.108741
2 0.599516 0.401795 0.071191 0.0981216
2 0.0790866 0.432681 0.0769575 0.0905182
2 0.534319 0.394121 0.0410896 0.0578551
2 0.557999 0.403793 0.0253023 0.06177
7 0.398513 0.363781 0.0482108 0.09395
2 0.370148 0.400941 0.0303462 0.0419505
2 0.12849 0.411911 0.0346901 0.0471446
2 0.503401 0.386005 0.0256507 0.0415157
2 0.428952 0.383564 0.0193221 0.0353911
2 0.0189969 0.410017 0.0376205 0.0500504
2 0.482511 0.38464 0.0179316 0.0340998
2 0.466146 0.382383 0.0188059 0.025317
2 0.0186471 0.402657 0.0368023 0.0304075
2 0.462255 0.376064 0.0200087 0.0322203
2 0.520711 0.391804 0.0231453 0.0518951
7 0.916161 0.276143 0.166691 0.465773
7 0.656494 0.338676 0.131964 0.180018
2 0.801341 0.433938 0.190663 0.205564
7 0.300591 0.364686 0.112504 0.173767
2 0.0541572 0.475013 0.108189 0.128729
7 0.197975 0.371849 0.117458 0.176735
2 0.684556 0.421273 0.0696154 0.108741
2 0.599516 0.401795 0.071191 0.0981216
2 0.0790866 0.432681 0.0769575 0.0905182
2 0.534319 0.394121 0.0410896 0.0578551
2 0.557999 0.403793 0.0253023 0.06177
7 0.398513 0.363781 0.0482108 0.09395
2 0.370148 0.400941 0.0303462 0.0419505
2 0.12849 0.411911 0.0346901 0.0471446
2 0.503401 0.386005 0.0256507 0.0415157
2 0.428952 0.383564 0.0193221 0.0353911
2 0.0189969 0.410017 0.0376205 0.0500504
2 0.482511 0.38464 0.0179316 0.0340998
2 0.466146 0.382383 0.0188059 0.025317
2 0.0186471 0.402657 0.0368023 0.0304075
2 0.462255 0.376064 0.0200087 0.0322203
2 0.520711 0.391804 0.0231453 0.0518951
