7 0.384634 0.575144 0.183609 0.0974894
2 0.561575 0.522266 0.0456252 0.0340042
2 0.836222 0.572118 0.0588333 0.0414815
7 0.0299083 0.459049 0.0594678 0.0744743
7 0.965099 0.419967 0.0683399 0.0758505
2 0.133817 0.486421 0.0521241 0.0479472
2 0.843612 0.511209 0.0522087 0.0302775
5 0.384763 0.574888 0.183875 0.0983717
7 0.622795 0.443494 0.0503444 0.0399229
7 0.345211 0.720167 0.0662859 0.0820936
7 0.457653 0.444157 0.124435 0.0792426
2 0.203127 0.610336 0.0414824 0.0368546
7 0.897747 0.618973 0.150707 0.12447
7 0.487012 0.479384 0.0398552 0.0316268
2 0.0500144 0.247419 0.0189376 0.0232727
2 0.963781 0.456741 0.0423664 0.0272626
7 0.42384 0.231135 0.0290453 0.0515965
7 0.904049 0.636877 0.138845 0.0887594
7 0.780019 0.381406 0.11074 0.168472
7 0.801394 0.616166 0.042555 0.0609907
2 0.0310542 0.290161 0.0192217 0.026844
7 0.74189 0.434867 0.0287423 0.0706884
