5 0.922172 0.178847 0.154819 0.081549
2 0.934291 0.343958 0.131418 0.0639904
2 0.844435 0.4472 0.204151 0.0983733
2 0.685371 0.279815 0.111597 0.0575638
2 0.72331 0.215207 0.079392 0.0347942
2 0.503078 0.204552 0.0632734 0.0326463
2 0.614057 0.202069 0.068739 0.0381311
2 0.667228 0.18026 0.0639671 0.0264743
0 0.0675406 0.0767234 0.0714367 0.0465792
2 0.560123 0.396411 0.161278 0.102784
2 0.543388 0.154516 0.0432039 0.0256819
2 0.475664 0.139853 0.0352876 0.0163985
5 0.692223 0.13049 0.0405836 0.0296256
5 0.385242 0.152926 0.0682927 0.0565712
2 0.530267 0.131029 0.0373789 0.016787
2 0.855935 0.197692 0.0749327 0.0379946
2 0.549479 0.11742 0.0290625 0.0132602
5 0.767265 0.156186 0.0641715 0.0510237
7 0.603417 0.146114 0.0604575 0.0339937
2 0.602909 0.146025 0.0602358 0.0329723
2 0.825021 0.133991 0.0364726 0.0174326
2 0.464615 0.108929 0.0223746 0.0148827
7 0.855074 0.197373 0.0784161 0.0377126
3 0.796772 0.22187 0.0336434 0.0240247
5 0.854297 0.197194 0.0792487 0.0371951
2 0.534104 0.133217 0.0422965 0.0181162
2 0.845227 0.143705 0.0323071 0.0182002
5 0.922172 0.178847 0.154819 0.081549
2 0.934291 0.343958 0.131418 0.0639904
2 0.844435 0.4472 0.204151 0.0983733
2 0.685371 0.279815 0.111597 0.0575638
2 0.72331 0.215207 0.079392 0.0347942
2 0.503078 0.204552 0.0632734 0.0326463
2 0.614057 0.202069 0.068739 0.0381311
2 0.667228 0.18026 0.0639671 0.0264743
0 0.0675406 0.0767234 0.0714367 0.0465792
2 0.560123 0.396411 0.161278 0.102784
2 0.543388 0.154516 0.0432039 0.0256819
2 0.475664 0.139853 0.0352876 0.0163985
5 0.692223 0.13049 0.0405836 0.0296256
5 0.385242 0.152926 0.0682927 0.0565712
2 0.530267 0.131029 0.0373789 0.016787
2 0.855935 0.197692 0.0749327 0.0379946
2 0.549479 0.11742 0.0290625 0.0132602
5 0.767265 0.156186 0.0641715 0.0510237
7 0.603417 0.146114 0.0604575 0.0339937
2 0.602909 0.146025 0.0602358 0.0329723
2 0.825021 0.133991 0.0364726 0.0174326
2 0.464615 0.108929 0.0223746 0.0148827
7 0.855074 0.197373 0.0784161 0.0377126
3 0.796772 0.22187 0.0336434 0.0240247
5 0.854297 0.197194 0.0792487 0.0371951
2 0.534104 0.133217 0.0422965 0.0181162
2 0.845227 0.143705 0.0323071 0.0182002
5 0.922172 0.178847 0.154819 0.081549
2 0.934291 0.343958 0.131418 0.0639904
2 0.844435 0.4472 0.204151 0.0983733
2 0.685371 0.279815 0.111597 0.0575638
2 0.72331 0.215207 0.079392 0.0347942
2 0.503078 0.204552 0.0632734 0.0326463
2 0.614057 0.202069 0.068739 0.0381311
2 0.667228 0.18026 0.0639671 0.0264743
0 0.0675406 0.0767234 0.0714367 0.0465792
2 0.560123 0.396411 0.161278 0.102784
2 0.543388 0.154516 0.0432039 0.0256819
2 0.475664 0.139853 0.0352876 0.0163985
5 0.692223 0.13049 0.0405836 0.0296256
5 0.385242 0.152926 0.0682927 0.0565712
2 0.530267 0.131029 0.0373789 0.016787
2 0.855935 0.197692 0.0749327 0.0379946
2 0.549479 0.11742 0.0290625 0.0132602
5 0.767265 0.156186 0.0641715 0.0510237
7 0.603417 0.146114 0.0604575 0.0339937
2 0.602909 0.146025 0.0602358 0.0329723
2 0.825021 0.133991 0.0364726 0.0174326
2 0.464615 0.108929 0.0223746 0.0148827
7 0.855074 0.197373 0.0784161 0.0377126
3 0.796772 0.22187 0.0336434 0.0240247
5 0.854297 0.197194 0.0792487 0.0371951
2 0.534104 0.133217 0.0422965 0.0181162
2 0.845227 0.143705 0.0323071 0.0182002
5 0.922172 0.178847 0.154819 0.081549
2 0.934291 0.343958 0.131418 0.0639904
2 0.844435 0.4472 0.204151 0.0983733
2 0.685371 0.279815 0.111597 0.0575638
2 0.72331 0.215207 0.079392 0.0347942
2 0.503078 0.204552 0.0632734 0.0326463
2 0.614057 0.202069 0.068739 0.0381311
2 0.667228 0.18026 0.0639671 0.0264743
0 0.0675406 0.0767234 0.0714367 0.0465792
2 0.560123 0.396411 0.161278 0.102784
2 0.543388 0.154516 0.0432039 0.0256819
2 0.475664 0.139853 0.0352876 0.0163985
5 0.692223 0.13049 0.0405836 0.0296256
5 0.385242 0.152926 0.0682927 0.0565712
2 0.530267 0.131029 0.0373789 0.016787
2 0.855935 0.197692 0.0749327 0.0379946
2 0.549479 0.11742 0.0290625 0.0132602
5 0.767265 0.156186 0.0641715 0.0510237
7 0.603417 0.146114 0.0604575 0.0339937
2 0.602909 0.146025 0.0602358 0.0329723
2 0.825021 0.133991 0.0364726 0.0174326
2 0.464615 0.108929 0.0223746 0.0148827
7 0.855074 0.197373 0.0784161 0.0377126
3 0.796772 0.22187 0.0336434 0.0240247
5 0.854297 0.197194 0.0792487 0.0371951
2 0.534104 0.133217 0.0422965 0.0181162
2 0.845227 0.143705 0.0323071 0.0182002
5 0.922172 0.178847 0.154819 0.081549
2 0.934291 0.343958 0.131418 0.0639904
2 0.844435 0.4472 0.204151 0.0983733
2 0.685371 0.279815 0.111597 0.0575638
2 0.72331 0.215207 0.079392 0.0347942
2 0.503078 0.204552 0.0632734 0.0326463
2 0.614057 0.202069 0.068739 0.0381311
2 0.667228 0.18026 0.0639671 0.0264743
0 0.0675406 0.0767234 0.0714367 0.0465792
2 0.560123 0.396411 0.161278 0.102784
2 0.543388 0.154516 0.0432039 0.0256819
2 0.475664 0.139853 0.0352876 0.0163985
5 0.692223 0.13049 0.0405836 0.0296256
5 0.385242 0.152926 0.0682927 0.0565712
2 0.530267 0.131029 0.0373789 0.016787
2 0.855935 0.197692 0.0749327 0.0379946
2 0.549479 0.11742 0.0290625 0.0132602
5 0.767265 0.156186 0.0641715 0.0510237
7 0.603417 0.146114 0.0604575 0.0339937
2 0.602909 0.146025 0.0602358 0.0329723
2 0.825021 0.133991 0.0364726 0.0174326
2 0.464615 0.108929 0.0223746 0.0148827
7 0.855074 0.197373 0.0784161 0.0377126
3 0.796772 0.22187 0.0336434 0.0240247
5 0.854297 0.197194 0.0792487 0.0371951
2 0.534104 0.133217 0.0422965 0.0181162
2 0.845227 0.143705 0.0323071 0.0182002
5 0.922172 0.178847 0.154819 0.081549
2 0.934291 0.343958 0.131418 0.0639904
2 0.844435 0.4472 0.204151 0.0983733
2 0.685371 0.279815 0.111597 0.0575638
2 0.72331 0.215207 0.079392 0.0347942
2 0.503078 0.204552 0.0632734 0.0326463
2 0.614057 0.202069 0.068739 0.0381311
2 0.667228 0.18026 0.0639671 0.0264743
0 0.0675406 0.0767234 0.0714367 0.0465792
2 0.560123 0.396411 0.161278 0.102784
2 0.543388 0.154516 0.0432039 0.0256819
2 0.475664 0.139853 0.0352876 0.0163985
5 0.692223 0.13049 0.0405836 0.0296256
5 0.385242 0.152926 0.0682927 0.0565712
2 0.530267 0.131029 0.0373789 0.016787
2 0.855935 0.197692 0.0749327 0.0379946
2 0.549479 0.11742 0.0290625 0.0132602
5 0.767265 0.156186 0.0641715 0.0510237
7 0.603417 0.146114 0.0604575 0.0339937
2 0.602909 0.146025 0.0602358 0.0329723
2 0.825021 0.133991 0.0364726 0.0174326
2 0.464615 0.108929 0.0223746 0.0148827
7 0.855074 0.197373 0.0784161 0.0377126
3 0.796772 0.22187 0.0336434 0.0240247
5 0.854297 0.197194 0.0792487 0.0371951
2 0.534104 0.133217 0.0422965 0.0181162
2 0.845227 0.143705 0.0323071 0.0182002
5 0.922172 0.178847 0.154819 0.081549
2 0.934291 0.343958 0.131418 0.0639904
2 0.844435 0.4472 0.204151 0.0983733
2 0.685371 0.279815 0.111597 0.0575638
2 0.72331 0.215207 0.079392 0.0347942
2 0.503078 0.204552 0.0632734 0.0326463
2 0.614057 0.202069 0.068739 0.0381311
2 0.667228 0.18026 0.0639671 0.0264743
0 0.0675406 0.0767234 0.0714367 0.0465792
2 0.560123 0.396411 0.161278 0.102784
2 0.543388 0.154516 0.0432039 0.0256819
2 0.475664 0.139853 0.0352876 0.0163985
5 0.692223 0.13049 0.0405836 0.0296256
5 0.385242 0.152926 0.0682927 0.0565712
2 0.530267 0.131029 0.0373789 0.016787
2 0.855935 0.197692 0.0749327 0.0379946
2 0.549479 0.11742 0.0290625 0.0132602
5 0.767265 0.156186 0.0641715 0.0510237
7 0.603417 0.146114 0.0604575 0.0339937
2 0.602909 0.146025 0.0602358 0.0329723
2 0.825021 0.133991 0.0364726 0.0174326
2 0.464615 0.108929 0.0223746 0.0148827
7 0.855074 0.197373 0.0784161 0.0377126
3 0.796772 0.22187 0.0336434 0.0240247
5 0.854297 0.197194 0.0792487 0.0371951
2 0.534104 0.133217 0.0422965 0.0181162
2 0.845227 0.143705 0.0323071 0.0182002
5 0.922172 0.178847 0.154819 0.081549
2 0.934291 0.343958 0.131418 0.0639904
2 0.844435 0.4472 0.204151 0.0983733
2 0.685371 0.279815 0.111597 0.0575638
2 0.72331 0.215207 0.079392 0.0347942
2 0.503078 0.204552 0.0632734 0.0326463
2 0.614057 0.202069 0.068739 0.0381311
2 0.667228 0.18026 0.0639671 0.0264743
0 0.0675406 0.0767234 0.0714367 0.0465792
2 0.560123 0.396411 0.161278 0.102784
2 0.543388 0.154516 0.0432039 0.0256819
2 0.475664 0.139853 0.0352876 0.0163985
5 0.692223 0.13049 0.0405836 0.0296256
5 0.385242 0.152926 0.0682927 0.0565712
2 0.530267 0.131029 0.0373789 0.016787
2 0.855935 0.197692 0.0749327 0.0379946
2 0.549479 0.11742 0.0290625 0.0132602
5 0.767265 0.156186 0.0641715 0.0510237
7 0.603417 0.146114 0.0604575 0.0339937
2 0.602909 0.146025 0.0602358 0.0329723
2 0.825021 0.133991 0.0364726 0.0174326
2 0.464615 0.108929 0.0223746 0.0148827
7 0.855074 0.197373 0.0784161 0.0377126
3 0.796772 0.22187 0.0336434 0.0240247
5 0.854297 0.197194 0.0792487 0.0371951
2 0.534104 0.133217 0.0422965 0.0181162
2 0.845227 0.143705 0.0323071 0.0182002
5 0.922172 0.178847 0.154819 0.081549
2 0.934291 0.343958 0.131418 0.0639904
2 0.844435 0.4472 0.204151 0.0983733
2 0.685371 0.279815 0.111597 0.0575638
2 0.72331 0.215207 0.079392 0.0347942
2 0.503078 0.204552 0.0632734 0.0326463
2 0.614057 0.202069 0.068739 0.0381311
2 0.667228 0.18026 0.0639671 0.0264743
0 0.0675406 0.0767234 0.0714367 0.0465792
2 0.560123 0.396411 0.161278 0.102784
2 0.543388 0.154516 0.0432039 0.0256819
2 0.475664 0.139853 0.0352876 0.0163985
5 0.692223 0.13049 0.0405836 0.0296256
5 0.385242 0.152926 0.0682927 0.0565712
2 0.530267 0.131029 0.0373789 0.016787
2 0.855935 0.197692 0.0749327 0.0379946
2 0.549479 0.11742 0.0290625 0.0132602
5 0.767265 0.156186 0.0641715 0.0510237
7 0.603417 0.146114 0.0604575 0.0339937
2 0.602909 0.146025 0.0602358 0.0329723
2 0.825021 0.133991 0.0364726 0.0174326
2 0.464615 0.108929 0.0223746 0.0148827
7 0.855074 0.197373 0.0784161 0.0377126
3 0.796772 0.22187 0.0336434 0.0240247
5 0.854297 0.197194 0.0792487 0.0371951
2 0.534104 0.133217 0.0422965 0.0181162
2 0.845227 0.143705 0.0323071 0.0182002
5 0.922172 0.178847 0.154819 0.081549
2 0.934291 0.343958 0.131418 0.0639904
2 0.844435 0.4472 0.204151 0.0983733
2 0.685371 0.279815 0.111597 0.0575638
2 0.72331 0.215207 0.079392 0.0347942
2 0.503078 0.204552 0.0632734 0.0326463
2 0.614057 0.202069 0.068739 0.0381311
2 0.667228 0.18026 0.0639671 0.0264743
0 0.0675406 0.0767234 0.0714367 0.0465792
2 0.560123 0.396411 0.161278 0.102784
2 0.543388 0.154516 0.0432039 0.0256819
2 0.475664 0.139853 0.0352876 0.0163985
5 0.692223 0.13049 0.0405836 0.0296256
5 0.385242 0.152926 0.0682927 0.0565712
2 0.530267 0.131029 0.0373789 0.016787
2 0.855935 0.197692 0.0749327 0.0379946
2 0.549479 0.11742 0.0290625 0.0132602
5 0.767265 0.156186 0.0641715 0.0510237
7 0.603417 0.146114 0.0604575 0.0339937
2 0.602909 0.146025 0.0602358 0.0329723
2 0.825021 0.133991 0.0364726 0.0174326
2 0.464615 0.108929 0.0223746 0.0148827
7 0.855074 0.197373 0.0784161 0.0377126
3 0.796772 0.22187 0.0336434 0.0240247
5 0.854297 0.197194 0.0792487 0.0371951
2 0.534104 0.133217 0.0422965 0.0181162
2 0.845227 0.143705 0.0323071 0.0182002
5 0.922172 0.178847 0.154819 0.081549
2 0.934291 0.343958 0.131418 0.0639904
2 0.844435 0.4472 0.204151 0.0983733
2 0.685371 0.279815 0.111597 0.0575638
2 0.72331 0.215207 0.079392 0.0347942
2 0.503078 0.204552 0.0632734 0.0326463
2 0.614057 0.202069 0.068739 0.0381311
2 0.667228 0.18026 0.0639671 0.0264743
0 0.0675406 0.0767234 0.0714367 0.0465792
2 0.560123 0.396411 0.161278 0.102784
2 0.543388 0.154516 0.0432039 0.0256819
2 0.475664 0.139853 0.0352876 0.0163985
5 0.692223 0.13049 0.0405836 0.0296256
5 0.385242 0.152926 0.0682927 0.0565712
2 0.530267 0.131029 0.0373789 0.016787
2 0.855935 0.197692 0.0749327 0.0379946
2 0.549479 0.11742 0.0290625 0.0132602
5 0.767265 0.156186 0.0641715 0.0510237
7 0.603417 0.146114 0.0604575 0.0339937
2 0.602909 0.146025 0.0602358 0.0329723
2 0.825021 0.133991 0.0364726 0.0174326
2 0.464615 0.108929 0.0223746 0.0148827
7 0.855074 0.197373 0.0784161 0.0377126
3 0.796772 0.22187 0.0336434 0.0240247
5 0.854297 0.197194 0.0792487 0.0371951
2 0.534104 0.133217 0.0422965 0.0181162
2 0.845227 0.143705 0.0323071 0.0182002
2 0.560223 0.396326 0.163847 0.103559
2 0.8447 0.44775 0.20537 0.0999994
5 0.921042 0.17976 0.155021 0.0811413
2 0.93425 0.344727 0.130162 0.0671263
2 0.684715 0.281058 0.111753 0.0565418
2 0.723738 0.215162 0.079089 0.0348078
2 0.502898 0.204811 0.0646864 0.0330658
2 0.613321 0.201882 0.0722232 0.0394803
2 0.667401 0.180148 0.0645226 0.0262746
5 0.386215 0.150797 0.0684241 0.0613431
2 0.54276 0.15565 0.0468804 0.0254568
2 0.476292 0.139802 0.0332924 0.0176767
3 0.797773 0.219042 0.0336541 0.0298444
2 0.531028 0.133428 0.0376728 0.0205765
2 0.560223 0.396326 0.163847 0.103559
2 0.8447 0.44775 0.20537 0.0999994
5 0.921042 0.17976 0.155021 0.0811413
2 0.93425 0.344727 0.130162 0.0671263
2 0.684715 0.281058 0.111753 0.0565418
2 0.723738 0.215162 0.079089 0.0348078
2 0.502898 0.204811 0.0646864 0.0330658
2 0.613321 0.201882 0.0722232 0.0394803
2 0.667401 0.180148 0.0645226 0.0262746
5 0.386215 0.150797 0.0684241 0.0613431
2 0.54276 0.15565 0.0468804 0.0254568
2 0.476292 0.139802 0.0332924 0.0176767
3 0.797773 0.219042 0.0336541 0.0298444
2 0.531028 0.133428 0.0376728 0.0205765
2 0.560223 0.396326 0.163847 0.103559
2 0.8447 0.44775 0.20537 0.0999994
5 0.921042 0.17976 0.155021 0.0811413
2 0.93425 0.344727 0.130162 0.0671263
2 0.684715 0.281058 0.111753 0.0565418
2 0.723738 0.215162 0.079089 0.0348078
2 0.502898 0.204811 0.0646864 0.0330658
2 0.613321 0.201882 0.0722232 0.0394803
2 0.667401 0.180148 0.0645226 0.0262746
5 0.386215 0.150797 0.0684241 0.0613431
2 0.54276 0.15565 0.0468804 0.0254568
2 0.476292 0.139802 0.0332924 0.0176767
3 0.797773 0.219042 0.0336541 0.0298444
2 0.531028 0.133428 0.0376728 0.0205765
2 0.560223 0.396326 0.163847 0.103559
2 0.8447 0.44775 0.20537 0.0999994
5 0.921042 0.17976 0.155021 0.0811413
2 0.93425 0.344727 0.130162 0.0671263
2 0.684715 0.281058 0.111753 0.0565418
2 0.723738 0.215162 0.079089 0.0348078
2 0.502898 0.204811 0.0646864 0.0330658
2 0.613321 0.201882 0.0722232 0.0394803
2 0.667401 0.180148 0.0645226 0.0262746
5 0.386215 0.150797 0.0684241 0.0613431
2 0.54276 0.15565 0.0468804 0.0254568
2 0.476292 0.139802 0.0332924 0.0176767
3 0.797773 0.219042 0.0336541 0.0298444
2 0.531028 0.133428 0.0376728 0.0205765
2 0.560223 0.396326 0.163847 0.103559
2 0.8447 0.44775 0.20537 0.0999994
5 0.921042 0.17976 0.155021 0.0811413
2 0.93425 0.344727 0.130162 0.0671263
2 0.684715 0.281058 0.111753 0.0565418
2 0.723738 0.215162 0.079089 0.0348078
2 0.502898 0.204811 0.0646864 0.0330658
2 0.613321 0.201882 0.0722232 0.0394803
2 0.667401 0.180148 0.0645226 0.0262746
5 0.386215 0.150797 0.0684241 0.0613431
2 0.54276 0.15565 0.0468804 0.0254568
2 0.476292 0.139802 0.0332924 0.0176767
3 0.797773 0.219042 0.0336541 0.0298444
2 0.531028 0.133428 0.0376728 0.0205765
2 0.560223 0.396326 0.163847 0.103559
2 0.8447 0.44775 0.20537 0.0999994
5 0.921042 0.17976 0.155021 0.0811413
2 0.93425 0.344727 0.130162 0.0671263
2 0.684715 0.281058 0.111753 0.0565418
2 0.723738 0.215162 0.079089 0.0348078
2 0.502898 0.204811 0.0646864 0.0330658
2 0.613321 0.201882 0.0722232 0.0394803
2 0.667401 0.180148 0.0645226 0.0262746
5 0.386215 0.150797 0.0684241 0.0613431
2 0.54276 0.15565 0.0468804 0.0254568
2 0.476292 0.139802 0.0332924 0.0176767
3 0.797773 0.219042 0.0336541 0.0298444
2 0.531028 0.133428 0.0376728 0.0205765
2 0.560223 0.396326 0.163847 0.103559
2 0.8447 0.44775 0.20537 0.0999994
5 0.921042 0.17976 0.155021 0.0811413
2 0.93425 0.344727 0.130162 0.0671263
2 0.684715 0.281058 0.111753 0.0565418
2 0.723738 0.215162 0.079089 0.0348078
2 0.502898 0.204811 0.0646864 0.0330658
2 0.613321 0.201882 0.0722232 0.0394803
2 0.667401 0.180148 0.0645226 0.0262746
5 0.386215 0.150797 0.0684241 0.0613431
2 0.54276 0.15565 0.0468804 0.0254568
2 0.476292 0.139802 0.0332924 0.0176767
3 0.797773 0.219042 0.0336541 0.0298444
2 0.531028 0.133428 0.0376728 0.0205765
2 0.560223 0.396326 0.163847 0.103559
2 0.8447 0.44775 0.20537 0.0999994
5 0.921042 0.17976 0.155021 0.0811413
2 0.93425 0.344727 0.130162 0.0671263
2 0.684715 0.281058 0.111753 0.0565418
2 0.723738 0.215162 0.079089 0.0348078
2 0.502898 0.204811 0.0646864 0.0330658
2 0.613321 0.201882 0.0722232 0.0394803
2 0.667401 0.180148 0.0645226 0.0262746
5 0.386215 0.150797 0.0684241 0.0613431
2 0.54276 0.15565 0.0468804 0.0254568
2 0.476292 0.139802 0.0332924 0.0176767
3 0.797773 0.219042 0.0336541 0.0298444
2 0.531028 0.133428 0.0376728 0.0205765
0 0.0663262 0.0770856 0.0711311 0.0472433
2 0.853915 0.197106 0.0813816 0.0389165
2 0.825692 0.134077 0.0407159 0.0181489
7 0.604868 0.103413 0.0566623 0.031118
7 0.60374 0.146198 0.0626883 0.0335592
5 0.602942 0.103004 0.0608573 0.0315615
5 0.767307 0.156077 0.0670298 0.052678
2 0.472669 0.125874 0.0302387 0.0174461
7 0.852942 0.197008 0.0840417 0.039045
2 0.467707 0.124726 0.0248984 0.0157886
