2 0.639143 0.683345 0.0897695 0.169498
5 0.914272 0.488247 0.170705 0.254869
2 0.33799 0.934192 0.122351 0.130791
2 0.93414 0.653899 0.130944 0.153001
2 0.0654725 0.609989 0.126049 0.14702
5 0.767996 0.350639 0.185972 0.199628
2 0.522526 0.582763 0.0734922 0.150681
2 0.411893 0.57103 0.0635941 0.127921
2 0.53706 0.931708 0.114952 0.132546
2 0.293185 0.416998 0.0616292 0.0870595
5 0.287318 0.277499 0.075559 0.106353
2 0.578256 0.422452 0.0508962 0.0784711
2 0.195951 0.463658 0.0716105 0.0972112
2 0.251488 0.396055 0.0540643 0.0720227
5 0.0584938 0.838117 0.115959 0.311771
2 0.22253 0.520867 0.0965456 0.161945
2 0.436235 0.417111 0.0425581 0.0976323
2 0.446038 0.340016 0.0334179 0.0587537
5 0.650732 0.251116 0.0495243 0.0919254
2 0.551727 0.337698 0.0340555 0.0533836
2 0.327971 0.365893 0.0458936 0.06237
2 0.505395 0.397952 0.0450174 0.104007
0 0.442012 0.958535 0.0374245 0.0814433
2 0.281945 0.357211 0.0407862 0.0529199
2 0.14192 0.289184 0.0548745 0.0383881
5 0.324381 0.23561 0.0541446 0.0796014
0 0.112045 0.40118 0.0210191 0.10554
0 0.169721 0.358361 0.0137998 0.0581601
5 0.352662 0.307575 0.0433302 0.0907814
7 0.763085 0.934498 0.1445 0.126886
0 0.00499826 0.522444 0.00997038 0.0787899
2 0.763191 0.934496 0.1443 0.126219
2 0.502879 0.328901 0.0318771 0.0379758
0 0.869191 0.512948 0.0185097 0.0547541
2 0.220491 0.201623 0.0365412 0.0296098
5 0.640892 0.163634 0.0349876 0.035918
2 0.0766191 0.303033 0.0446591 0.0380345
2 0.544254 0.300992 0.0287954 0.0515009
0 0.0160863 0.493383 0.0224557 0.0980539
2 0.304715 0.3342 0.0322495 0.0642168
0 0.132902 0.376131 0.0138718 0.0691065
2 0.456128 0.307528 0.0299911 0.0462238
0 0.178972 0.333298 0.013474 0.0495372
2 0.391785 0.269796 0.0306489 0.0407663
2 0.497068 0.295449 0.0301544 0.0336153
0 0.0688019 0.457859 0.0196196 0.0994408
0 0.0633117 0.471524 0.0148671 0.0739213
0 0.0477964 0.439248 0.0166609 0.0736436
2 0.176532 0.202325 0.0296998 0.0223531
2 0.639143 0.683345 0.0897695 0.169498
5 0.914272 0.488247 0.170705 0.254869
2 0.33799 0.934192 0.122351 0.130791
2 0.93414 0.653899 0.130944 0.153001
2 0.0654725 0.609989 0.126049 0.14702
5 0.767996 0.350639 0.185972 0.199628
2 0.522526 0.582763 0.0734922 0.150681
2 0.411893 0.57103 0.0635941 0.127921
2 0.53706 0.931708 0.114952 0.132546
2 0.293185 0.416998 0.0616292 0.0870595
5 0.287318 0.277499 0.075559 0.106353
2 0.578256 0.422452 0.0508962 0.0784711
2 0.195951 0.463658 0.0716105 0.0972112
2 0.251488 0.396055 0.0540643 0.0720227
5 0.0584938 0.838117 0.115959 0.311771
2 0.22253 0.520867 0.0965456 0.161945
2 0.436235 0.417111 0.0425581 0.0976323
2 0.446038 0.340016 0.0334179 0.0587537
5 0.650732 0.251116 0.0495243 0.0919254
2 0.551727 0.337698 0.0340555 0.0533836
2 0.327971 0.365893 0.0458936 0.06237
2 0.505395 0.397952 0.0450174 0.104007
0 0.442012 0.958535 0.0374245 0.0814433
2 0.281945 0.357211 0.0407862 0.0529199
2 0.14192 0.289184 0.0548745 0.0383881
5 0.324381 0.23561 0.0541446 0.0796014
0 0.112045 0.40118 0.0210191 0.10554
0 0.169721 0.358361 0.0137998 0.0581601
5 0.352662 0.307575 0.0433302 0.0907814
7 0.763085 0.934498 0.1445 0.126886
0 0.00499826 0.522444 0.00997038 0.0787899
2 0.763191 0.934496 0.1443 0.126219
2 0.502879 0.328901 0.0318771 0.0379758
0 0.869191 0.512948 0.0185097 0.0547541
2 0.220491 0.201623 0.0365412 0.0296098
5 0.640892 0.163634 0.0349876 0.035918
2 0.0766191 0.303033 0.0446591 0.0380345
2 0.544254 0.300992 0.0287954 0.0515009
0 0.0160863 0.493383 0.0224557 0.0980539
2 0.304715 0.3342 0.0322495 0.0642168
0 0.132902 0.376131 0.0138718 0.0691065
2 0.456128 0.307528 0.0299911 0.0462238
0 0.178972 0.333298 0.013474 0.0495372
2 0.391785 0.269796 0.0306489 0.0407663
2 0.497068 0.295449 0.0301544 0.0336153
0 0.0688019 0.457859 0.0196196 0.0994408
0 0.0633117 0.471524 0.0148671 0.0739213
0 0.0477964 0.439248 0.0166609 0.0736436
2 0.176532 0.202325 0.0296998 0.0223531
2 0.639143 0.683345 0.0897695 0.169498
5 0.914272 0.488247 0.170705 0.254869
2 0.33799 0.934192 0.122351 0.130791
2 0.93414 0.653899 0.130944 0.153001
2 0.0654725 0.609989 0.126049 0.14702
5 0.767996 0.350639 0.185972 0.199628
2 0.522526 0.582763 0.0734922 0.150681
2 0.411893 0.57103 0.0635941 0.127921
2 0.53706 0.931708 0.114952 0.132546
2 0.293185 0.416998 0.0616292 0.0870595
5 0.287318 0.277499 0.075559 0.106353
2 0.578256 0.422452 0.0508962 0.0784711
2 0.195951 0.463658 0.0716105 0.0972112
2 0.251488 0.396055 0.0540643 0.0720227
5 0.0584938 0.838117 0.115959 0.311771
2 0.22253 0.520867 0.0965456 0.161945
2 0.436235 0.417111 0.0425581 0.0976323
2 0.446038 0.340016 0.0334179 0.0587537
5 0.650732 0.251116 0.0495243 0.0919254
2 0.551727 0.337698 0.0340555 0.0533836
2 0.327971 0.365893 0.0458936 0.06237
2 0.505395 0.397952 0.0450174 0.104007
0 0.442012 0.958535 0.0374245 0.0814433
2 0.281945 0.357211 0.0407862 0.0529199
2 0.14192 0.289184 0.0548745 0.0383881
5 0.324381 0.23561 0.0541446 0.0796014
0 0.112045 0.40118 0.0210191 0.10554
0 0.169721 0.358361 0.0137998 0.0581601
5 0.352662 0.307575 0.0433302 0.0907814
7 0.763085 0.934498 0.1445 0.126886
0 0.00499826 0.522444 0.00997038 0.0787899
2 0.763191 0.934496 0.1443 0.126219
2 0.502879 0.328901 0.0318771 0.0379758
0 0.869191 0.512948 0.0185097 0.0547541
2 0.220491 0.201623 0.0365412 0.0296098
5 0.640892 0.163634 0.0349876 0.035918
2 0.0766191 0.303033 0.0446591 0.0380345
2 0.544254 0.300992 0.0287954 0.0515009
0 0.0160863 0.493383 0.0224557 0.0980539
2 0.304715 0.3342 0.0322495 0.0642168
0 0.132902 0.376131 0.0138718 0.0691065
2 0.456128 0.307528 0.0299911 0.0462238
0 0.178972 0.333298 0.013474 0.0495372
2 0.391785 0.269796 0.0306489 0.0407663
2 0.497068 0.295449 0.0301544 0.0336153
0 0.0688019 0.457859 0.0196196 0.0994408
0 0.0633117 0.471524 0.0148671 0.0739213
0 0.0477964 0.439248 0.0166609 0.0736436
2 0.176532 0.202325 0.0296998 0.0223531
2 0.639143 0.683345 0.0897695 0.169498
5 0.914272 0.488247 0.170705 0.254869
2 0.33799 0.934192 0.122351 0.130791
2 0.93414 0.653899 0.130944 0.153001
2 0.0654725 0.609989 0.126049 0.14702
5 0.767996 0.350639 0.185972 0.199628
2 0.522526 0.582763 0.0734922 0.150681
2 0.411893 0.57103 0.0635941 0.127921
2 0.53706 0.931708 0.114952 0.132546
2 0.293185 0.416998 0.0616292 0.0870595
5 0.287318 0.277499 0.075559 0.106353
2 0.578256 0.422452 0.0508962 0.0784711
2 0.195951 0.463658 0.0716105 0.0972112
2 0.251488 0.396055 0.0540643 0.0720227
5 0.0584938 0.838117 0.115959 0.311771
2 0.22253 0.520867 0.0965456 0.161945
2 0.436235 0.417111 0.0425581 0.0976323
2 0.446038 0.340016 0.0334179 0.0587537
5 0.650732 0.251116 0.0495243 0.0919254
2 0.551727 0.337698 0.0340555 0.0533836
2 0.327971 0.365893 0.0458936 0.06237
2 0.505395 0.397952 0.0450174 0.104007
0 0.442012 0.958535 0.0374245 0.0814433
2 0.281945 0.357211 0.0407862 0.0529199
2 0.14192 0.289184 0.0548745 0.0383881
5 0.324381 0.23561 0.0541446 0.0796014
0 0.112045 0.40118 0.0210191 0.10554
0 0.169721 0.358361 0.0137998 0.0581601
5 0.352662 0.307575 0.0433302 0.0907814
7 0.763085 0.934498 0.1445 0.126886
0 0.00499826 0.522444 0.00997038 0.0787899
2 0.763191 0.934496 0.1443 0.126219
2 0.502879 0.328901 0.0318771 0.0379758
0 0.869191 0.512948 0.0185097 0.0547541
2 0.220491 0.201623 0.0365412 0.0296098
5 0.640892 0.163634 0.0349876 0.035918
2 0.0766191 0.303033 0.0446591 0.0380345
2 0.544254 0.300992 0.0287954 0.0515009
0 0.0160863 0.493383 0.0224557 0.0980539
2 0.304715 0.3342 0.0322495 0.0642168
0 0.132902 0.376131 0.0138718 0.0691065
2 0.456128 0.307528 0.0299911 0.0462238
0 0.178972 0.333298 0.013474 0.0495372
2 0.391785 0.269796 0.0306489 0.0407663
2 0.497068 0.295449 0.0301544 0.0336153
0 0.0688019 0.457859 0.0196196 0.0994408
0 0.0633117 0.471524 0.0148671 0.0739213
0 0.0477964 0.439248 0.0166609 0.0736436
2 0.176532 0.202325 0.0296998 0.0223531
