2 0.664619 0.723358 0.108992 0.218227
2 0.0961565 0.733323 0.158 0.228708
2 0.388192 0.603498 0.0798505 0.154244
2 0.554984 0.86864 0.116673 0.258991
2 0.350713 0.89607 0.13262 0.202032
2 0.507183 0.579107 0.0729683 0.141696
5 0.857951 0.69834 0.283068 0.582714
2 0.0256949 0.929241 0.0511659 0.136376
5 0.89333 0.219624 0.139496 0.0956506
2 0.0380686 0.626033 0.0749004 0.203142
2 0.116752 0.507646 0.0933107 0.119752
2 0.783698 0.239108 0.0368879 0.0401694
5 0.281879 0.247012 0.0744987 0.104879
2 0.505579 0.369185 0.0442474 0.0776845
5 0.889892 0.441409 0.219314 0.295296
2 0.566812 0.373596 0.0452126 0.0727954
5 0.654762 0.22766 0.0624039 0.0958678
5 0.3204 0.209835 0.051601 0.0938567
2 0.433935 0.38089 0.0391603 0.0722094
2 0.285228 0.316687 0.0434411 0.0549941
2 0.555295 0.3183 0.0373972 0.0577004
2 0.201437 0.51699 0.135596 0.255151
5 0.369216 0.247787 0.0378758 0.0852583
2 0.343035 0.301332 0.0340932 0.0541837
2 0.249538 0.357586 0.0528567 0.0658746
7 0.613331 0.500397 0.0709726 0.150876
2 0.264712 0.426396 0.0676591 0.131403
2 0.299076 0.378256 0.048117 0.0880618
0 0.18504 0.320572 0.0149521 0.0591217
2 0.139166 0.258512 0.0498159 0.038559
2 0.308848 0.289586 0.0350823 0.0571315
2 0.194397 0.414919 0.0608697 0.0752263
2 0.613219 0.500249 0.0707179 0.150804
0 0.0857958 0.400513 0.0155128 0.074164
2 0.441805 0.319272 0.033547 0.0846822
2 0.497709 0.298604 0.0355461 0.0728968
2 0.538561 0.277377 0.0290579 0.0537066
2 0.70321 0.23229 0.0368458 0.0402838
0 0.131015 0.345813 0.0148411 0.0697617
0 0.107443 0.385023 0.0178173 0.0775758
2 0.0703907 0.27372 0.0440008 0.0404675
2 0.706217 0.226819 0.0330408 0.0434062
0 0.0438719 0.410258 0.0159308 0.0737605
0 0.0592461 0.437186 0.015931 0.0817925
2 0.451546 0.273084 0.030391 0.0449306
0 0.0582004 0.424011 0.0166436 0.111004
0 0.00808999 0.469631 0.01618 0.0884374
2 0.37829 0.192598 0.0215113 0.0288882
2 0.664619 0.723358 0.108992 0.218227
2 0.0961565 0.733323 0.158 0.228708
2 0.388192 0.603498 0.0798505 0.154244
2 0.554984 0.86864 0.116673 0.258991
2 0.350713 0.89607 0.13262 0.202032
2 0.507183 0.579107 0.0729683 0.141696
5 0.857951 0.69834 0.283068 0.582714
2 0.0256949 0.929241 0.0511659 0.136376
5 0.89333 0.219624 0.139496 0.0956506
2 0.0380686 0.626033 0.0749004 0.203142
2 0.116752 0.507646 0.0933107 0.119752
2 0.783698 0.239108 0.0368879 0.0401694
5 0.281879 0.247012 0.0744987 0.104879
2 0.505579 0.369185 0.0442474 0.0776845
5 0.889892 0.441409 0.219314 0.295296
2 0.566812 0.373596 0.0452126 0.0727954
5 0.654762 0.22766 0.0624039 0.0958678
5 0.3204 0.209835 0.051601 0.0938567
2 0.433935 0.38089 0.0391603 0.0722094
2 0.285228 0.316687 0.0434411 0.0549941
2 0.555295 0.3183 0.0373972 0.0577004
2 0.201437 0.51699 0.135596 0.255151
5 0.369216 0.247787 0.0378758 0.0852583
2 0.343035 0.301332 0.0340932 0.0541837
2 0.249538 0.357586 0.0528567 0.0658746
7 0.613331 0.500397 0.0709726 0.150876
2 0.264712 0.426396 0.0676591 0.131403
2 0.299076 0.378256 0.048117 0.0880618
0 0.18504 0.320572 0.0149521 0.0591217
2 0.139166 0.258512 0.0498159 0.038559
2 0.308848 0.289586 0.0350823 0.0571315
2 0.194397 0.414919 0.0608697 0.0752263
2 0.613219 0.500249 0.0707179 0.150804
0 0.0857958 0.400513 0.0155128 0.074164
2 0.441805 0.319272 0.033547 0.0846822
2 0.497709 0.298604 0.0355461 0.0728968
2 0.538561 0.277377 0.0290579 0.0537066
2 0.70321 0.23229 0.0368458 0.0402838
0 0.131015 0.345813 0.0148411 0.0697617
0 0.107443 0.385023 0.0178173 0.0775758
2 0.0703907 0.27372 0.0440008 0.0404675
2 0.706217 0.226819 0.0330408 0.0434062
0 0.0438719 0.410258 0.0159308 0.0737605
0 0.0592461 0.437186 0.015931 0.0817925
2 0.451546 0.273084 0.030391 0.0449306
0 0.0582004 0.424011 0.0166436 0.111004
0 0.00808999 0.469631 0.01618 0.0884374
2 0.37829 0.192598 0.0215113 0.0288882
2 0.664619 0.723358 0.108992 0.218227
2 0.0961565 0.733323 0.158 0.228708
2 0.388192 0.603498 0.0798505 0.154244
2 0.554984 0.86864 0.116673 0.258991
2 0.350713 0.89607 0.13262 0.202032
2 0.507183 0.579107 0.0729683 0.141696
5 0.857951 0.69834 0.283068 0.582714
2 0.0256949 0.929241 0.0511659 0.136376
5 0.89333 0.219624 0.139496 0.0956506
2 0.0380686 0.626033 0.0749004 0.203142
2 0.116752 0.507646 0.0933107 0.119752
2 0.783698 0.239108 0.0368879 0.0401694
5 0.281879 0.247012 0.0744987 0.104879
2 0.505579 0.369185 0.0442474 0.0776845
5 0.889892 0.441409 0.219314 0.295296
2 0.566812 0.373596 0.0452126 0.0727954
5 0.654762 0.22766 0.0624039 0.0958678
5 0.3204 0.209835 0.051601 0.0938567
2 0.433935 0.38089 0.0391603 0.0722094
2 0.285228 0.316687 0.0434411 0.0549941
2 0.555295 0.3183 0.0373972 0.0577004
2 0.201437 0.51699 0.135596 0.255151
5 0.369216 0.247787 0.0378758 0.0852583
2 0.343035 0.301332 0.0340932 0.0541837
2 0.249538 0.357586 0.0528567 0.0658746
7 0.613331 0.500397 0.0709726 0.150876
2 0.264712 0.426396 0.0676591 0.131403
2 0.299076 0.378256 0.048117 0.0880618
0 0.18504 0.320572 0.0149521 0.0591217
2 0.139166 0.258512 0.0498159 0.038559
2 0.308848 0.289586 0.0350823 0.0571315
2 0.194397 0.414919 0.0608697 0.0752263
2 0.613219 0.500249 0.0707179 0.150804
0 0.0857958 0.400513 0.0155128 0.074164
2 0.441805 0.319272 0.033547 0.0846822
2 0.497709 0.298604 0.0355461 0.0728968
2 0.538561 0.277377 0.0290579 0.0537066
2 0.70321 0.23229 0.0368458 0.0402838
0 0.131015 0.345813 0.0148411 0.0697617
0 0.107443 0.385023 0.0178173 0.0775758
2 0.0703907 0.27372 0.0440008 0.0404675
2 0.706217 0.226819 0.0330408 0.0434062
0 0.0438719 0.410258 0.0159308 0.0737605
0 0.0592461 0.437186 0.015931 0.0817925
2 0.451546 0.273084 0.030391 0.0449306
0 0.0582004 0.424011 0.0166436 0.111004
0 0.00808999 0.469631 0.01618 0.0884374
2 0.37829 0.192598 0.0215113 0.0288882
2 0.664619 0.723358 0.108992 0.218227
2 0.0961565 0.733323 0.158 0.228708
2 0.388192 0.603498 0.0798505 0.154244
2 0.554984 0.86864 0.116673 0.258991
2 0.350713 0.89607 0.13262 0.202032
2 0.507183 0.579107 0.0729683 0.141696
5 0.857951 0.69834 0.283068 0.582714
2 0.0256949 0.929241 0.0511659 0.136376
5 0.89333 0.219624 0.139496 0.0956506
2 0.0380686 0.626033 0.0749004 0.203142
2 0.116752 0.507646 0.0933107 0.119752
2 0.783698 0.239108 0.0368879 0.0401694
5 0.281879 0.247012 0.0744987 0.104879
2 0.505579 0.369185 0.0442474 0.0776845
5 0.889892 0.441409 0.219314 0.295296
2 0.566812 0.373596 0.0452126 0.0727954
5 0.654762 0.22766 0.0624039 0.0958678
5 0.3204 0.209835 0.051601 0.0938567
2 0.433935 0.38089 0.0391603 0.0722094
2 0.285228 0.316687 0.0434411 0.0549941
2 0.555295 0.3183 0.0373972 0.0577004
2 0.201437 0.51699 0.135596 0.255151
5 0.369216 0.247787 0.0378758 0.0852583
2 0.343035 0.301332 0.0340932 0.0541837
2 0.249538 0.357586 0.0528567 0.0658746
7 0.613331 0.500397 0.0709726 0.150876
2 0.264712 0.426396 0.0676591 0.131403
2 0.299076 0.378256 0.048117 0.0880618
0 0.18504 0.320572 0.0149521 0.0591217
2 0.139166 0.258512 0.0498159 0.038559
2 0.308848 0.289586 0.0350823 0.0571315
2 0.194397 0.414919 0.0608697 0.0752263
2 0.613219 0.500249 0.0707179 0.150804
0 0.0857958 0.400513 0.0155128 0.074164
2 0.441805 0.319272 0.033547 0.0846822
2 0.497709 0.298604 0.0355461 0.0728968
2 0.538561 0.277377 0.0290579 0.0537066
2 0.70321 0.23229 0.0368458 0.0402838
0 0.131015 0.345813 0.0148411 0.0697617
0 0.107443 0.385023 0.0178173 0.0775758
2 0.0703907 0.27372 0.0440008 0.0404675
2 0.706217 0.226819 0.0330408 0.0434062
0 0.0438719 0.410258 0.0159308 0.0737605
0 0.0592461 0.437186 0.015931 0.0817925
2 0.451546 0.273084 0.030391 0.0449306
0 0.0582004 0.424011 0.0166436 0.111004
0 0.00808999 0.469631 0.01618 0.0884374
2 0.37829 0.192598 0.0215113 0.0288882
