2 0.340697 0.896516 0.130243 0.201336
2 0.934142 0.651527 0.131118 0.152673
5 0.914641 0.485663 0.170045 0.256089
2 0.536621 0.895222 0.126373 0.204318
5 0.764535 0.343305 0.17649 0.197698
2 0.628841 0.637648 0.0804247 0.153031
2 0.899503 0.329235 0.0633238 0.06147
2 0.417082 0.53655 0.0588336 0.114622
2 0.517944 0.539584 0.066769 0.13157
2 0.0930054 0.568363 0.113975 0.126694
5 0.286743 0.273688 0.0756001 0.104763
2 0.247108 0.480006 0.0886302 0.13974
2 0.196006 0.456039 0.0686871 0.0902847
2 0.571945 0.399253 0.0473095 0.0721648
5 0.0903778 0.780226 0.179849 0.42548
2 0.299829 0.406487 0.0552197 0.0827445
2 0.32682 0.361551 0.0437685 0.0609454
2 0.739873 0.880629 0.151496 0.233648
2 0.251781 0.388311 0.054263 0.0640766
2 0.446461 0.33042 0.0311022 0.056271
2 0.28186 0.353194 0.0415527 0.0544254
0 0.413522 0.665173 0.0385027 0.0968024
2 0.439529 0.39393 0.0425262 0.096503
3 0.416453 0.705063 0.0384576 0.0966506
2 0.14599 0.286365 0.0476267 0.038951
2 0.504813 0.380263 0.0443577 0.102963
5 0.32385 0.232557 0.0536724 0.0757181
5 0.354288 0.301957 0.0440617 0.0943766
5 0.658266 0.166138 0.0406173 0.0390153
5 0.629543 0.235221 0.0694521 0.0864766
0 0.242435 0.918427 0.0480443 0.153019
0 0.111703 0.400664 0.0178184 0.0998386
0 0.162227 0.365756 0.0120898 0.0565191
2 0.54623 0.307337 0.0340768 0.077756
2 0.0766004 0.300733 0.0438257 0.0361581
0 0.184292 0.330727 0.0126721 0.0524228
2 0.501677 0.304661 0.0306944 0.0538064
0 0.0049778 0.520137 0.00985996 0.0778103
0 0.133039 0.375187 0.012409 0.0630841
2 0.232947 0.206999 0.0238513 0.0304946
2 0.736156 0.203928 0.0237412 0.0257048
2 0.455804 0.302567 0.0247466 0.0453187
2 0.305693 0.329754 0.0336297 0.0587513
5 0.645243 0.245209 0.0380405 0.0677253
2 0.391606 0.264679 0.0282039 0.0339324
0 0.0627252 0.46279 0.0149859 0.0829005
2 0.492204 0.244617 0.0204437 0.0367142
2 0.340697 0.896516 0.130243 0.201336
2 0.934142 0.651527 0.131118 0.152673
5 0.914641 0.485663 0.170045 0.256089
2 0.536621 0.895222 0.126373 0.204318
5 0.764535 0.343305 0.17649 0.197698
2 0.628841 0.637648 0.0804247 0.153031
2 0.899503 0.329235 0.0633238 0.06147
2 0.417082 0.53655 0.0588336 0.114622
2 0.517944 0.539584 0.066769 0.13157
2 0.0930054 0.568363 0.113975 0.126694
5 0.286743 0.273688 0.0756001 0.104763
2 0.247108 0.480006 0.0886302 0.13974
2 0.196006 0.456039 0.0686871 0.0902847
2 0.571945 0.399253 0.0473095 0.0721648
5 0.0903778 0.780226 0.179849 0.42548
2 0.299829 0.406487 0.0552197 0.0827445
2 0.32682 0.361551 0.0437685 0.0609454
2 0.739873 0.880629 0.151496 0.233648
2 0.251781 0.388311 0.054263 0.0640766
2 0.446461 0.33042 0.0311022 0.056271
2 0.28186 0.353194 0.0415527 0.0544254
0 0.413522 0.665173 0.0385027 0.0968024
2 0.439529 0.39393 0.0425262 0.096503
3 0.416453 0.705063 0.0384576 0.0966506
2 0.14599 0.286365 0.0476267 0.038951
2 0.504813 0.380263 0.0443577 0.102963
5 0.32385 0.232557 0.0536724 0.0757181
5 0.354288 0.301957 0.0440617 0.0943766
5 0.658266 0.166138 0.0406173 0.0390153
5 0.629543 0.235221 0.0694521 0.0864766
0 0.242435 0.918427 0.0480443 0.153019
0 0.111703 0.400664 0.0178184 0.0998386
0 0.162227 0.365756 0.0120898 0.0565191
2 0.54623 0.307337 0.0340768 0.077756
2 0.0766004 0.300733 0.0438257 0.0361581
0 0.184292 0.330727 0.0126721 0.0524228
2 0.501677 0.304661 0.0306944 0.0538064
0 0.0049778 0.520137 0.00985996 0.0778103
0 0.133039 0.375187 0.012409 0.0630841
2 0.232947 0.206999 0.0238513 0.0304946
2 0.736156 0.203928 0.0237412 0.0257048
2 0.455804 0.302567 0.0247466 0.0453187
2 0.305693 0.329754 0.0336297 0.0587513
5 0.645243 0.245209 0.0380405 0.0677253
2 0.391606 0.264679 0.0282039 0.0339324
0 0.0627252 0.46279 0.0149859 0.0829005
2 0.492204 0.244617 0.0204437 0.0367142
2 0.340697 0.896516 0.130243 0.201336
2 0.934142 0.651527 0.131118 0.152673
5 0.914641 0.485663 0.170045 0.256089
2 0.536621 0.895222 0.126373 0.204318
5 0.764535 0.343305 0.17649 0.197698
2 0.628841 0.637648 0.0804247 0.153031
2 0.899503 0.329235 0.0633238 0.06147
2 0.417082 0.53655 0.0588336 0.114622
2 0.517944 0.539584 0.066769 0.13157
2 0.0930054 0.568363 0.113975 0.126694
5 0.286743 0.273688 0.0756001 0.104763
2 0.247108 0.480006 0.0886302 0.13974
2 0.196006 0.456039 0.0686871 0.0902847
2 0.571945 0.399253 0.0473095 0.0721648
5 0.0903778 0.780226 0.179849 0.42548
2 0.299829 0.406487 0.0552197 0.0827445
2 0.32682 0.361551 0.0437685 0.0609454
2 0.739873 0.880629 0.151496 0.233648
2 0.251781 0.388311 0.054263 0.0640766
2 0.446461 0.33042 0.0311022 0.056271
2 0.28186 0.353194 0.0415527 0.0544254
0 0.413522 0.665173 0.0385027 0.0968024
2 0.439529 0.39393 0.0425262 0.096503
3 0.416453 0.705063 0.0384576 0.0966506
2 0.14599 0.286365 0.0476267 0.038951
2 0.504813 0.380263 0.0443577 0.102963
5 0.32385 0.232557 0.0536724 0.0757181
5 0.354288 0.301957 0.0440617 0.0943766
5 0.658266 0.166138 0.0406173 0.0390153
5 0.629543 0.235221 0.0694521 0.0864766
0 0.242435 0.918427 0.0480443 0.153019
0 0.111703 0.400664 0.0178184 0.0998386
0 0.162227 0.365756 0.0120898 0.0565191
2 0.54623 0.307337 0.0340768 0.077756
2 0.0766004 0.300733 0.0438257 0.0361581
0 0.184292 0.330727 0.0126721 0.0524228
2 0.501677 0.304661 0.0306944 0.0538064
0 0.0049778 0.520137 0.00985996 0.0778103
0 0.133039 0.375187 0.012409 0.0630841
2 0.232947 0.206999 0.0238513 0.0304946
2 0.736156 0.203928 0.0237412 0.0257048
2 0.455804 0.302567 0.0247466 0.0453187
2 0.305693 0.329754 0.0336297 0.0587513
5 0.645243 0.245209 0.0380405 0.0677253
2 0.391606 0.264679 0.0282039 0.0339324
0 0.0627252 0.46279 0.0149859 0.0829005
2 0.492204 0.244617 0.0204437 0.0367142
2 0.340697 0.896516 0.130243 0.201336
2 0.934142 0.651527 0.131118 0.152673
5 0.914641 0.485663 0.170045 0.256089
2 0.536621 0.895222 0.126373 0.204318
5 0.764535 0.343305 0.17649 0.197698
2 0.628841 0.637648 0.0804247 0.153031
2 0.899503 0.329235 0.0633238 0.06147
2 0.417082 0.53655 0.0588336 0.114622
2 0.517944 0.539584 0.066769 0.13157
2 0.0930054 0.568363 0.113975 0.126694
5 0.286743 0.273688 0.0756001 0.104763
2 0.247108 0.480006 0.0886302 0.13974
2 0.196006 0.456039 0.0686871 0.0902847
2 0.571945 0.399253 0.0473095 0.0721648
5 0.0903778 0.780226 0.179849 0.42548
2 0.299829 0.406487 0.0552197 0.0827445
2 0.32682 0.361551 0.0437685 0.0609454
2 0.739873 0.880629 0.151496 0.233648
2 0.251781 0.388311 0.054263 0.0640766
2 0.446461 0.33042 0.0311022 0.056271
2 0.28186 0.353194 0.0415527 0.0544254
0 0.413522 0.665173 0.0385027 0.0968024
2 0.439529 0.39393 0.0425262 0.096503
3 0.416453 0.705063 0.0384576 0.0966506
2 0.14599 0.286365 0.0476267 0.038951
2 0.504813 0.380263 0.0443577 0.102963
5 0.32385 0.232557 0.0536724 0.0757181
5 0.354288 0.301957 0.0440617 0.0943766
5 0.658266 0.166138 0.0406173 0.0390153
5 0.629543 0.235221 0.0694521 0.0864766
0 0.242435 0.918427 0.0480443 0.153019
0 0.111703 0.400664 0.0178184 0.0998386
0 0.162227 0.365756 0.0120898 0.0565191
2 0.54623 0.307337 0.0340768 0.077756
2 0.0766004 0.300733 0.0438257 0.0361581
0 0.184292 0.330727 0.0126721 0.0524228
2 0.501677 0.304661 0.0306944 0.0538064
0 0.0049778 0.520137 0.00985996 0.0778103
0 0.133039 0.375187 0.012409 0.0630841
2 0.232947 0.206999 0.0238513 0.0304946
2 0.736156 0.203928 0.0237412 0.0257048
2 0.455804 0.302567 0.0247466 0.0453187
2 0.305693 0.329754 0.0336297 0.0587513
5 0.645243 0.245209 0.0380405 0.0677253
2 0.391606 0.264679 0.0282039 0.0339324
0 0.0627252 0.46279 0.0149859 0.0829005
2 0.492204 0.244617 0.0204437 0.0367142
