2 0.0980958 0.734631 0.156379 0.227862
2 0.677878 0.771529 0.120357 0.247655
2 0.386075 0.619969 0.0820798 0.161239
2 0.560216 0.883623 0.125697 0.228333
2 0.508972 0.59849 0.0744059 0.152056
2 0.346835 0.91007 0.135949 0.174814
2 0.115974 0.512217 0.0960324 0.121599
5 0.863468 0.210575 0.124346 0.0876676
2 0.0210426 0.940884 0.0420851 0.113599
5 0.898574 0.451198 0.200972 0.294052
2 0.0374015 0.62981 0.0737173 0.205649
2 0.569932 0.383335 0.0493853 0.0733954
2 0.433941 0.385693 0.039276 0.0748798
5 0.832386 0.661638 0.334054 0.654797
5 0.664555 0.236612 0.0718088 0.103513
2 0.506578 0.376278 0.0452893 0.079146
5 0.283056 0.249222 0.0756343 0.108942
2 0.555634 0.319743 0.0370663 0.0567283
5 0.319917 0.210843 0.0538067 0.092921
2 0.620731 0.523438 0.0751513 0.15936
2 0.747075 0.219477 0.0304534 0.0358423
2 0.28419 0.319282 0.0439486 0.0543758
2 0.265092 0.428272 0.0669585 0.134903
0 0.185596 0.320112 0.0143017 0.0558892
2 0.24757 0.358238 0.050472 0.058727
2 0.341982 0.305613 0.0345142 0.0562112
5 0.368177 0.249393 0.0358664 0.0815916
2 0.441547 0.317334 0.0355175 0.0860882
2 0.308466 0.293168 0.0362261 0.0596376
0 0.0862825 0.394944 0.015731 0.0733161
2 0.299202 0.378803 0.049733 0.0860035
2 0.498108 0.304267 0.035828 0.0735825
2 0.201916 0.517547 0.135375 0.253457
2 0.194705 0.417068 0.0620401 0.076502
2 0.539051 0.280786 0.0283298 0.0502513
5 0.201492 0.516808 0.135142 0.253027
2 0.141719 0.259276 0.0457139 0.0373823
0 0.107529 0.378555 0.0167478 0.08861
0 0.131547 0.345519 0.0148643 0.0736418
2 0.397569 0.220818 0.0248363 0.0325902
0 0.0589376 0.423809 0.0189767 0.112316
2 0.452894 0.274119 0.0279734 0.0460123
2 0.376842 0.197031 0.0205185 0.0269577
0 0.00605598 0.475386 0.012112 0.0900562
2 0.220221 0.173069 0.0262386 0.0256419
2 0.495474 0.259421 0.0279504 0.0252469
0 0.0445572 0.410041 0.0151606 0.0764325
2 0.651107 0.169519 0.0202511 0.0220595
2 0.495301 0.249091 0.0292353 0.0364399
2 0.0980958 0.734631 0.156379 0.227862
2 0.677878 0.771529 0.120357 0.247655
2 0.386075 0.619969 0.0820798 0.161239
2 0.560216 0.883623 0.125697 0.228333
2 0.508972 0.59849 0.0744059 0.152056
2 0.346835 0.91007 0.135949 0.174814
2 0.115974 0.512217 0.0960324 0.121599
5 0.863468 0.210575 0.124346 0.0876676
2 0.0210426 0.940884 0.0420851 0.113599
5 0.898574 0.451198 0.200972 0.294052
2 0.0374015 0.62981 0.0737173 0.205649
2 0.569932 0.383335 0.0493853 0.0733954
2 0.433941 0.385693 0.039276 0.0748798
5 0.832386 0.661638 0.334054 0.654797
5 0.664555 0.236612 0.0718088 0.103513
2 0.506578 0.376278 0.0452893 0.079146
5 0.283056 0.249222 0.0756343 0.108942
2 0.555634 0.319743 0.0370663 0.0567283
5 0.319917 0.210843 0.0538067 0.092921
2 0.620731 0.523438 0.0751513 0.15936
2 0.747075 0.219477 0.0304534 0.0358423
2 0.28419 0.319282 0.0439486 0.0543758
2 0.265092 0.428272 0.0669585 0.134903
0 0.185596 0.320112 0.0143017 0.0558892
2 0.24757 0.358238 0.050472 0.058727
2 0.341982 0.305613 0.0345142 0.0562112
5 0.368177 0.249393 0.0358664 0.0815916
2 0.441547 0.317334 0.0355175 0.0860882
2 0.308466 0.293168 0.0362261 0.0596376
0 0.0862825 0.394944 0.015731 0.0733161
2 0.299202 0.378803 0.049733 0.0860035
2 0.498108 0.304267 0.035828 0.0735825
2 0.201916 0.517547 0.135375 0.253457
2 0.194705 0.417068 0.0620401 0.076502
2 0.539051 0.280786 0.0283298 0.0502513
5 0.201492 0.516808 0.135142 0.253027
2 0.141719 0.259276 0.0457139 0.0373823
0 0.107529 0.378555 0.0167478 0.08861
0 0.131547 0.345519 0.0148643 0.0736418
2 0.397569 0.220818 0.0248363 0.0325902
0 0.0589376 0.423809 0.0189767 0.112316
2 0.452894 0.274119 0.0279734 0.0460123
2 0.376842 0.197031 0.0205185 0.0269577
0 0.00605598 0.475386 0.012112 0.0900562
2 0.220221 0.173069 0.0262386 0.0256419
2 0.495474 0.259421 0.0279504 0.0252469
0 0.0445572 0.410041 0.0151606 0.0764325
2 0.651107 0.169519 0.0202511 0.0220595
2 0.495301 0.249091 0.0292353 0.0364399
2 0.0980958 0.734631 0.156379 0.227862
2 0.677878 0.771529 0.120357 0.247655
2 0.386075 0.619969 0.0820798 0.161239
2 0.560216 0.883623 0.125697 0.228333
2 0.508972 0.59849 0.0744059 0.152056
2 0.346835 0.91007 0.135949 0.174814
2 0.115974 0.512217 0.0960324 0.121599
5 0.863468 0.210575 0.124346 0.0876676
2 0.0210426 0.940884 0.0420851 0.113599
5 0.898574 0.451198 0.200972 0.294052
2 0.0374015 0.62981 0.0737173 0.205649
2 0.569932 0.383335 0.0493853 0.0733954
2 0.433941 0.385693 0.039276 0.0748798
5 0.832386 0.661638 0.334054 0.654797
5 0.664555 0.236612 0.0718088 0.103513
2 0.506578 0.376278 0.0452893 0.079146
5 0.283056 0.249222 0.0756343 0.108942
2 0.555634 0.319743 0.0370663 0.0567283
5 0.319917 0.210843 0.0538067 0.092921
2 0.620731 0.523438 0.0751513 0.15936
2 0.747075 0.219477 0.0304534 0.0358423
2 0.28419 0.319282 0.0439486 0.0543758
2 0.265092 0.428272 0.0669585 0.134903
0 0.185596 0.320112 0.0143017 0.0558892
2 0.24757 0.358238 0.050472 0.058727
2 0.341982 0.305613 0.0345142 0.0562112
5 0.368177 0.249393 0.0358664 0.0815916
2 0.441547 0.317334 0.0355175 0.0860882
2 0.308466 0.293168 0.0362261 0.0596376
0 0.0862825 0.394944 0.015731 0.0733161
2 0.299202 0.378803 0.049733 0.0860035
2 0.498108 0.304267 0.035828 0.0735825
2 0.201916 0.517547 0.135375 0.253457
2 0.194705 0.417068 0.0620401 0.076502
2 0.539051 0.280786 0.0283298 0.0502513
5 0.201492 0.516808 0.135142 0.253027
2 0.141719 0.259276 0.0457139 0.0373823
0 0.107529 0.378555 0.0167478 0.08861
0 0.131547 0.345519 0.0148643 0.0736418
2 0.397569 0.220818 0.0248363 0.0325902
0 0.0589376 0.423809 0.0189767 0.112316
2 0.452894 0.274119 0.0279734 0.0460123
2 0.376842 0.197031 0.0205185 0.0269577
0 0.00605598 0.475386 0.012112 0.0900562
2 0.220221 0.173069 0.0262386 0.0256419
2 0.495474 0.259421 0.0279504 0.0252469
0 0.0445572 0.410041 0.0151606 0.0764325
2 0.651107 0.169519 0.0202511 0.0220595
2 0.495301 0.249091 0.0292353 0.0364399
2 0.0980958 0.734631 0.156379 0.227862
2 0.677878 0.771529 0.120357 0.247655
2 0.386075 0.619969 0.0820798 0.161239
2 0.560216 0.883623 0.125697 0.228333
2 0.508972 0.59849 0.0744059 0.152056
2 0.346835 0.91007 0.135949 0.174814
2 0.115974 0.512217 0.0960324 0.121599
5 0.863468 0.210575 0.124346 0.0876676
2 0.0210426 0.940884 0.0420851 0.113599
5 0.898574 0.451198 0.200972 0.294052
2 0.0374015 0.62981 0.0737173 0.205649
2 0.569932 0.383335 0.0493853 0.0733954
2 0.433941 0.385693 0.039276 0.0748798
5 0.832386 0.661638 0.334054 0.654797
5 0.664555 0.236612 0.0718088 0.103513
2 0.506578 0.376278 0.0452893 0.079146
5 0.283056 0.249222 0.0756343 0.108942
2 0.555634 0.319743 0.0370663 0.0567283
5 0.319917 0.210843 0.0538067 0.092921
2 0.620731 0.523438 0.0751513 0.15936
2 0.747075 0.219477 0.0304534 0.0358423
2 0.28419 0.319282 0.0439486 0.0543758
2 0.265092 0.428272 0.0669585 0.134903
0 0.185596 0.320112 0.0143017 0.0558892
2 0.24757 0.358238 0.050472 0.058727
2 0.341982 0.305613 0.0345142 0.0562112
5 0.368177 0.249393 0.0358664 0.0815916
2 0.441547 0.317334 0.0355175 0.0860882
2 0.308466 0.293168 0.0362261 0.0596376
0 0.0862825 0.394944 0.015731 0.0733161
2 0.299202 0.378803 0.049733 0.0860035
2 0.498108 0.304267 0.035828 0.0735825
2 0.201916 0.517547 0.135375 0.253457
2 0.194705 0.417068 0.0620401 0.076502
2 0.539051 0.280786 0.0283298 0.0502513
5 0.201492 0.516808 0.135142 0.253027
2 0.141719 0.259276 0.0457139 0.0373823
0 0.107529 0.378555 0.0167478 0.08861
0 0.131547 0.345519 0.0148643 0.0736418
2 0.397569 0.220818 0.0248363 0.0325902
0 0.0589376 0.423809 0.0189767 0.112316
2 0.452894 0.274119 0.0279734 0.0460123
2 0.376842 0.197031 0.0205185 0.0269577
0 0.00605598 0.475386 0.012112 0.0900562
2 0.220221 0.173069 0.0262386 0.0256419
2 0.495474 0.259421 0.0279504 0.0252469
0 0.0445572 0.410041 0.0151606 0.0764325
2 0.651107 0.169519 0.0202511 0.0220595
2 0.495301 0.249091 0.0292353 0.0364399
