2 0.0969362 0.721728 0.156731 0.227721
2 0.370147 0.817863 0.112999 0.271978
2 0.540681 0.727205 0.0935991 0.219547
2 0.931371 0.606876 0.13639 0.152866
5 0.85366 0.376935 0.272403 0.28475
2 0.736779 0.867483 0.161767 0.258266
2 0.628096 0.57269 0.0826133 0.15023
2 0.501806 0.50087 0.0641603 0.114734
2 0.399757 0.531213 0.0718675 0.128818
2 0.0423174 0.607453 0.082839 0.204322
2 0.0283459 0.918752 0.0564086 0.157681
5 0.97253 0.242586 0.0542503 0.0966082
2 0.122106 0.487453 0.0904612 0.116948
2 0.502641 0.338542 0.0403158 0.0744822
2 0.350349 0.280821 0.0329684 0.0489957
2 0.771907 0.220134 0.0375434 0.0447094
2 0.434295 0.358949 0.0378821 0.0723199
5 0.291535 0.21969 0.101385 0.138038
2 0.561557 0.352199 0.0436034 0.0716405
2 0.545512 0.973425 0.10649 0.0496134
2 0.291476 0.298246 0.0414064 0.0553345
2 0.995221 0.744271 0.00899468 0.116999
0 0.170506 0.312681 0.01372 0.0575093
2 0.256725 0.334311 0.0539797 0.0543122
2 0.204172 0.392265 0.0625186 0.0693202
2 0.20211 0.507932 0.134796 0.250543
2 0.263291 0.415569 0.0674813 0.131329
7 0.594309 0.432577 0.0590405 0.126288
2 0.594213 0.43219 0.0595382 0.125664
2 0.554221 0.304491 0.0344505 0.056106
2 0.136784 0.244856 0.0534158 0.0399238
5 0.318462 0.194585 0.0556157 0.0909727
7 0.202239 0.507587 0.134897 0.249282
5 0.368267 0.233359 0.0393676 0.0816345
2 0.293691 0.366418 0.0565894 0.0901047
2 0.316368 0.267759 0.0342211 0.0576129
2 0.960855 0.276142 0.0619961 0.0397658
2 0.0723295 0.261267 0.0529117 0.0410757
0 0.105818 0.363413 0.0210608 0.0983369
2 0.53785 0.264281 0.0291002 0.0503379
5 0.284326 0.233269 0.0865322 0.110197
2 0.496721 0.28024 0.0334551 0.0616241
7 0.368675 0.232864 0.0395792 0.0814729
2 0.531606 0.22423 0.0219379 0.0221854
2 0.227223 0.210554 0.0274928 0.0292244
5 0.441116 0.303914 0.0324646 0.0822428
2 0.219615 0.158384 0.0244923 0.0272929
0 0.0583796 0.428484 0.0165499 0.0743043
0 0.00670625 0.461199 0.0134125 0.08418
0 0.130069 0.335797 0.013696 0.0657561
5 0.575027 0.194363 0.0519496 0.0851266
2 0.386241 0.172759 0.018952 0.0356344
2 0.971306 0.260495 0.0556549 0.0671162
2 0.0969362 0.721728 0.156731 0.227721
2 0.370147 0.817863 0.112999 0.271978
2 0.540681 0.727205 0.0935991 0.219547
2 0.931371 0.606876 0.13639 0.152866
5 0.85366 0.376935 0.272403 0.28475
2 0.736779 0.867483 0.161767 0.258266
2 0.628096 0.57269 0.0826133 0.15023
2 0.501806 0.50087 0.0641603 0.114734
2 0.399757 0.531213 0.0718675 0.128818
2 0.0423174 0.607453 0.082839 0.204322
2 0.0283459 0.918752 0.0564086 0.157681
5 0.97253 0.242586 0.0542503 0.0966082
2 0.122106 0.487453 0.0904612 0.116948
2 0.502641 0.338542 0.0403158 0.0744822
2 0.350349 0.280821 0.0329684 0.0489957
2 0.771907 0.220134 0.0375434 0.0447094
2 0.434295 0.358949 0.0378821 0.0723199
5 0.291535 0.21969 0.101385 0.138038
2 0.561557 0.352199 0.0436034 0.0716405
2 0.545512 0.973425 0.10649 0.0496134
2 0.291476 0.298246 0.0414064 0.0553345
2 0.995221 0.744271 0.00899468 0.116999
0 0.170506 0.312681 0.01372 0.0575093
2 0.256725 0.334311 0.0539797 0.0543122
2 0.204172 0.392265 0.0625186 0.0693202
2 0.20211 0.507932 0.134796 0.250543
2 0.263291 0.415569 0.0674813 0.131329
7 0.594309 0.432577 0.0590405 0.126288
2 0.594213 0.43219 0.0595382 0.125664
2 0.554221 0.304491 0.0344505 0.056106
2 0.136784 0.244856 0.0534158 0.0399238
5 0.318462 0.194585 0.0556157 0.0909727
7 0.202239 0.507587 0.134897 0.249282
5 0.368267 0.233359 0.0393676 0.0816345
2 0.293691 0.366418 0.0565894 0.0901047
2 0.316368 0.267759 0.0342211 0.0576129
2 0.960855 0.276142 0.0619961 0.0397658
2 0.0723295 0.261267 0.0529117 0.0410757
0 0.105818 0.363413 0.0210608 0.0983369
2 0.53785 0.264281 0.0291002 0.0503379
5 0.284326 0.233269 0.0865322 0.110197
2 0.496721 0.28024 0.0334551 0.0616241
7 0.368675 0.232864 0.0395792 0.0814729
2 0.531606 0.22423 0.0219379 0.0221854
2 0.227223 0.210554 0.0274928 0.0292244
5 0.441116 0.303914 0.0324646 0.0822428
2 0.219615 0.158384 0.0244923 0.0272929
0 0.0583796 0.428484 0.0165499 0.0743043
0 0.00670625 0.461199 0.0134125 0.08418
0 0.130069 0.335797 0.013696 0.0657561
5 0.575027 0.194363 0.0519496 0.0851266
2 0.386241 0.172759 0.018952 0.0356344
2 0.971306 0.260495 0.0556549 0.0671162
2 0.0969362 0.721728 0.156731 0.227721
2 0.370147 0.817863 0.112999 0.271978
2 0.540681 0.727205 0.0935991 0.219547
2 0.931371 0.606876 0.13639 0.152866
5 0.85366 0.376935 0.272403 0.28475
2 0.736779 0.867483 0.161767 0.258266
2 0.628096 0.57269 0.0826133 0.15023
2 0.501806 0.50087 0.0641603 0.114734
2 0.399757 0.531213 0.0718675 0.128818
2 0.0423174 0.607453 0.082839 0.204322
2 0.0283459 0.918752 0.0564086 0.157681
5 0.97253 0.242586 0.0542503 0.0966082
2 0.122106 0.487453 0.0904612 0.116948
2 0.502641 0.338542 0.0403158 0.0744822
2 0.350349 0.280821 0.0329684 0.0489957
2 0.771907 0.220134 0.0375434 0.0447094
2 0.434295 0.358949 0.0378821 0.0723199
5 0.291535 0.21969 0.101385 0.138038
2 0.561557 0.352199 0.0436034 0.0716405
2 0.545512 0.973425 0.10649 0.0496134
2 0.291476 0.298246 0.0414064 0.0553345
2 0.995221 0.744271 0.00899468 0.116999
0 0.170506 0.312681 0.01372 0.0575093
2 0.256725 0.334311 0.0539797 0.0543122
2 0.204172 0.392265 0.0625186 0.0693202
2 0.20211 0.507932 0.134796 0.250543
2 0.263291 0.415569 0.0674813 0.131329
7 0.594309 0.432577 0.0590405 0.126288
2 0.594213 0.43219 0.0595382 0.125664
2 0.554221 0.304491 0.0344505 0.056106
2 0.136784 0.244856 0.0534158 0.0399238
5 0.318462 0.194585 0.0556157 0.0909727
7 0.202239 0.507587 0.134897 0.249282
5 0.368267 0.233359 0.0393676 0.0816345
2 0.293691 0.366418 0.0565894 0.0901047
2 0.316368 0.267759 0.0342211 0.0576129
2 0.960855 0.276142 0.0619961 0.0397658
2 0.0723295 0.261267 0.0529117 0.0410757
0 0.105818 0.363413 0.0210608 0.0983369
2 0.53785 0.264281 0.0291002 0.0503379
5 0.284326 0.233269 0.0865322 0.110197
2 0.496721 0.28024 0.0334551 0.0616241
7 0.368675 0.232864 0.0395792 0.0814729
2 0.531606 0.22423 0.0219379 0.0221854
2 0.227223 0.210554 0.0274928 0.0292244
5 0.441116 0.303914 0.0324646 0.0822428
2 0.219615 0.158384 0.0244923 0.0272929
0 0.0583796 0.428484 0.0165499 0.0743043
0 0.00670625 0.461199 0.0134125 0.08418
0 0.130069 0.335797 0.013696 0.0657561
5 0.575027 0.194363 0.0519496 0.0851266
2 0.386241 0.172759 0.018952 0.0356344
2 0.971306 0.260495 0.0556549 0.0671162
2 0.0969362 0.721728 0.156731 0.227721
2 0.370147 0.817863 0.112999 0.271978
2 0.540681 0.727205 0.0935991 0.219547
2 0.931371 0.606876 0.13639 0.152866
5 0.85366 0.376935 0.272403 0.28475
2 0.736779 0.867483 0.161767 0.258266
2 0.628096 0.57269 0.0826133 0.15023
2 0.501806 0.50087 0.0641603 0.114734
2 0.399757 0.531213 0.0718675 0.128818
2 0.0423174 0.607453 0.082839 0.204322
2 0.0283459 0.918752 0.0564086 0.157681
5 0.97253 0.242586 0.0542503 0.0966082
2 0.122106 0.487453 0.0904612 0.116948
2 0.502641 0.338542 0.0403158 0.0744822
2 0.350349 0.280821 0.0329684 0.0489957
2 0.771907 0.220134 0.0375434 0.0447094
2 0.434295 0.358949 0.0378821 0.0723199
5 0.291535 0.21969 0.101385 0.138038
2 0.561557 0.352199 0.0436034 0.0716405
2 0.545512 0.973425 0.10649 0.0496134
2 0.291476 0.298246 0.0414064 0.0553345
2 0.995221 0.744271 0.00899468 0.116999
0 0.170506 0.312681 0.01372 0.0575093
2 0.256725 0.334311 0.0539797 0.0543122
2 0.204172 0.392265 0.0625186 0.0693202
2 0.20211 0.507932 0.134796 0.250543
2 0.263291 0.415569 0.0674813 0.131329
7 0.594309 0.432577 0.0590405 0.126288
2 0.594213 0.43219 0.0595382 0.125664
2 0.554221 0.304491 0.0344505 0.056106
2 0.136784 0.244856 0.0534158 0.0399238
5 0.318462 0.194585 0.0556157 0.0909727
7 0.202239 0.507587 0.134897 0.249282
5 0.368267 0.233359 0.0393676 0.0816345
2 0.293691 0.366418 0.0565894 0.0901047
2 0.316368 0.267759 0.0342211 0.0576129
2 0.960855 0.276142 0.0619961 0.0397658
2 0.0723295 0.261267 0.0529117 0.0410757
0 0.105818 0.363413 0.0210608 0.0983369
2 0.53785 0.264281 0.0291002 0.0503379
5 0.284326 0.233269 0.0865322 0.110197
2 0.496721 0.28024 0.0334551 0.0616241
7 0.368675 0.232864 0.0395792 0.0814729
2 0.531606 0.22423 0.0219379 0.0221854
2 0.227223 0.210554 0.0274928 0.0292244
5 0.441116 0.303914 0.0324646 0.0822428
2 0.219615 0.158384 0.0244923 0.0272929
0 0.0583796 0.428484 0.0165499 0.0743043
0 0.00670625 0.461199 0.0134125 0.08418
0 0.130069 0.335797 0.013696 0.0657561
5 0.575027 0.194363 0.0519496 0.0851266
2 0.386241 0.172759 0.018952 0.0356344
2 0.971306 0.260495 0.0556549 0.0671162
