2 0.122585 0.632369 0.135496 0.196114
2 0.923542 0.576103 0.147727 0.152464
2 0.511015 0.638222 0.0855728 0.187324
2 0.0584062 0.507534 0.116 0.172016
2 0.635521 0.570616 0.0900288 0.206438
2 0.507336 0.478774 0.0630923 0.121513
2 0.399767 0.499425 0.0666934 0.127175
5 0.26847 0.206483 0.0802218 0.10469
5 0.894227 0.419844 0.210888 0.31222
2 0.485308 0.375555 0.0483674 0.0826497
2 0.152413 0.405908 0.0738823 0.100699
2 0.80105 0.245933 0.0510468 0.048669
2 0.587107 0.444784 0.0658995 0.112045
2 0.409308 0.398143 0.0527672 0.0902435
2 0.0235533 0.903152 0.0466854 0.175744
7 0.363734 0.715214 0.127047 0.278713
2 0.974711 0.31263 0.0499577 0.0642761
2 0.293448 0.317058 0.0573019 0.0955997
2 0.987612 0.696902 0.0240734 0.148869
2 0.220815 0.429003 0.114916 0.21411
2 0.363342 0.714712 0.127228 0.279954
2 0.534558 0.244998 0.0330036 0.0483295
2 0.423427 0.33057 0.0403028 0.0692235
2 0.23631 0.31184 0.0537953 0.0604254
5 0.848465 0.185768 0.0588493 0.0623998
2 0.489436 0.295247 0.0398137 0.0704096
5 0.748306 0.853334 0.196245 0.287314
2 0.569505 0.359045 0.0500855 0.107433
5 0.563099 0.860927 0.158794 0.27152
2 0.543213 0.309115 0.03703 0.0649623
7 0.773128 0.144972 0.0395217 0.0427032
2 0.0526055 0.235169 0.0440992 0.038088
2 0.121678 0.218028 0.0535385 0.0388947
2 0.708718 0.163544 0.0273302 0.0297365
2 0.69965 0.202346 0.0254259 0.0335434
2 0.681846 0.166531 0.0297847 0.0305693
2 0.484449 0.243272 0.0332304 0.0594911
2 0.283795 0.259114 0.0369957 0.0472011
0 0.0708258 0.372905 0.0186352 0.0720039
2 0.518797 0.200967 0.0292749 0.0537632
5 0.596506 0.153452 0.0606406 0.0770605
5 0.306269 0.165263 0.0540683 0.0852806
2 0.344535 0.248217 0.0328983 0.0540836
7 0.56282 0.860157 0.158978 0.269623
2 0.319183 0.279381 0.0406253 0.0667839
5 0.94607 0.456754 0.107337 0.239523
2 0.430449 0.273814 0.0331041 0.0845974
0 0.0346787 0.373594 0.0235195 0.0829734
0 0.134847 0.286619 0.0127477 0.0605264
2 0.33636 0.195471 0.0244404 0.0507473
2 0.43939 0.231682 0.0319614 0.046053
0 0.090366 0.347381 0.0168759 0.0751009
2 0.122585 0.632369 0.135496 0.196114
2 0.923542 0.576103 0.147727 0.152464
2 0.511015 0.638222 0.0855728 0.187324
2 0.0584062 0.507534 0.116 0.172016
2 0.635521 0.570616 0.0900288 0.206438
2 0.507336 0.478774 0.0630923 0.121513
2 0.399767 0.499425 0.0666934 0.127175
5 0.26847 0.206483 0.0802218 0.10469
5 0.894227 0.419844 0.210888 0.31222
2 0.485308 0.375555 0.0483674 0.0826497
2 0.152413 0.405908 0.0738823 0.100699
2 0.80105 0.245933 0.0510468 0.048669
2 0.587107 0.444784 0.0658995 0.112045
2 0.409308 0.398143 0.0527672 0.0902435
2 0.0235533 0.903152 0.0466854 0.175744
7 0.363734 0.715214 0.127047 0.278713
2 0.974711 0.31263 0.0499577 0.0642761
2 0.293448 0.317058 0.0573019 0.0955997
2 0.987612 0.696902 0.0240734 0.148869
2 0.220815 0.429003 0.114916 0.21411
2 0.363342 0.714712 0.127228 0.279954
2 0.534558 0.244998 0.0330036 0.0483295
2 0.423427 0.33057 0.0403028 0.0692235
2 0.23631 0.31184 0.0537953 0.0604254
5 0.848465 0.185768 0.0588493 0.0623998
2 0.489436 0.295247 0.0398137 0.0704096
5 0.748306 0.853334 0.196245 0.287314
2 0.569505 0.359045 0.0500855 0.107433
5 0.563099 0.860927 0.158794 0.27152
2 0.543213 0.309115 0.03703 0.0649623
7 0.773128 0.144972 0.0395217 0.0427032
2 0.0526055 0.235169 0.0440992 0.038088
2 0.121678 0.218028 0.0535385 0.0388947
2 0.708718 0.163544 0.0273302 0.0297365
2 0.69965 0.202346 0.0254259 0.0335434
2 0.681846 0.166531 0.0297847 0.0305693
2 0.484449 0.243272 0.0332304 0.0594911
2 0.283795 0.259114 0.0369957 0.0472011
0 0.0708258 0.372905 0.0186352 0.0720039
2 0.518797 0.200967 0.0292749 0.0537632
5 0.596506 0.153452 0.0606406 0.0770605
5 0.306269 0.165263 0.0540683 0.0852806
2 0.344535 0.248217 0.0328983 0.0540836
7 0.56282 0.860157 0.158978 0.269623
2 0.319183 0.279381 0.0406253 0.0667839
5 0.94607 0.456754 0.107337 0.239523
2 0.430449 0.273814 0.0331041 0.0845974
0 0.0346787 0.373594 0.0235195 0.0829734
0 0.134847 0.286619 0.0127477 0.0605264
2 0.33636 0.195471 0.0244404 0.0507473
2 0.43939 0.231682 0.0319614 0.046053
0 0.090366 0.347381 0.0168759 0.0751009
2 0.122585 0.632369 0.135496 0.196114
2 0.923542 0.576103 0.147727 0.152464
2 0.511015 0.638222 0.0855728 0.187324
2 0.0584062 0.507534 0.116 0.172016
2 0.635521 0.570616 0.0900288 0.206438
2 0.507336 0.478774 0.0630923 0.121513
2 0.399767 0.499425 0.0666934 0.127175
5 0.26847 0.206483 0.0802218 0.10469
5 0.894227 0.419844 0.210888 0.31222
2 0.485308 0.375555 0.0483674 0.0826497
2 0.152413 0.405908 0.0738823 0.100699
2 0.80105 0.245933 0.0510468 0.048669
2 0.587107 0.444784 0.0658995 0.112045
2 0.409308 0.398143 0.0527672 0.0902435
2 0.0235533 0.903152 0.0466854 0.175744
7 0.363734 0.715214 0.127047 0.278713
2 0.974711 0.31263 0.0499577 0.0642761
2 0.293448 0.317058 0.0573019 0.0955997
2 0.987612 0.696902 0.0240734 0.148869
2 0.220815 0.429003 0.114916 0.21411
2 0.363342 0.714712 0.127228 0.279954
2 0.534558 0.244998 0.0330036 0.0483295
2 0.423427 0.33057 0.0403028 0.0692235
2 0.23631 0.31184 0.0537953 0.0604254
5 0.848465 0.185768 0.0588493 0.0623998
2 0.489436 0.295247 0.0398137 0.0704096
5 0.748306 0.853334 0.196245 0.287314
2 0.569505 0.359045 0.0500855 0.107433
5 0.563099 0.860927 0.158794 0.27152
2 0.543213 0.309115 0.03703 0.0649623
7 0.773128 0.144972 0.0395217 0.0427032
2 0.0526055 0.235169 0.0440992 0.038088
2 0.121678 0.218028 0.0535385 0.0388947
2 0.708718 0.163544 0.0273302 0.0297365
2 0.69965 0.202346 0.0254259 0.0335434
2 0.681846 0.166531 0.0297847 0.0305693
2 0.484449 0.243272 0.0332304 0.0594911
2 0.283795 0.259114 0.0369957 0.0472011
0 0.0708258 0.372905 0.0186352 0.0720039
2 0.518797 0.200967 0.0292749 0.0537632
5 0.596506 0.153452 0.0606406 0.0770605
5 0.306269 0.165263 0.0540683 0.0852806
2 0.344535 0.248217 0.0328983 0.0540836
7 0.56282 0.860157 0.158978 0.269623
2 0.319183 0.279381 0.0406253 0.0667839
5 0.94607 0.456754 0.107337 0.239523
2 0.430449 0.273814 0.0331041 0.0845974
0 0.0346787 0.373594 0.0235195 0.0829734
0 0.134847 0.286619 0.0127477 0.0605264
2 0.33636 0.195471 0.0244404 0.0507473
2 0.43939 0.231682 0.0319614 0.046053
0 0.090366 0.347381 0.0168759 0.0751009
2 0.122585 0.632369 0.135496 0.196114
2 0.923542 0.576103 0.147727 0.152464
2 0.511015 0.638222 0.0855728 0.187324
2 0.0584062 0.507534 0.116 0.172016
2 0.635521 0.570616 0.0900288 0.206438
2 0.507336 0.478774 0.0630923 0.121513
2 0.399767 0.499425 0.0666934 0.127175
5 0.26847 0.206483 0.0802218 0.10469
5 0.894227 0.419844 0.210888 0.31222
2 0.485308 0.375555 0.0483674 0.0826497
2 0.152413 0.405908 0.0738823 0.100699
2 0.80105 0.245933 0.0510468 0.048669
2 0.587107 0.444784 0.0658995 0.112045
2 0.409308 0.398143 0.0527672 0.0902435
2 0.0235533 0.903152 0.0466854 0.175744
7 0.363734 0.715214 0.127047 0.278713
2 0.974711 0.31263 0.0499577 0.0642761
2 0.293448 0.317058 0.0573019 0.0955997
2 0.987612 0.696902 0.0240734 0.148869
2 0.220815 0.429003 0.114916 0.21411
2 0.363342 0.714712 0.127228 0.279954
2 0.534558 0.244998 0.0330036 0.0483295
2 0.423427 0.33057 0.0403028 0.0692235
2 0.23631 0.31184 0.0537953 0.0604254
5 0.848465 0.185768 0.0588493 0.0623998
2 0.489436 0.295247 0.0398137 0.0704096
5 0.748306 0.853334 0.196245 0.287314
2 0.569505 0.359045 0.0500855 0.107433
5 0.563099 0.860927 0.158794 0.27152
2 0.543213 0.309115 0.03703 0.0649623
7 0.773128 0.144972 0.0395217 0.0427032
2 0.0526055 0.235169 0.0440992 0.038088
2 0.121678 0.218028 0.0535385 0.0388947
2 0.708718 0.163544 0.0273302 0.0297365
2 0.69965 0.202346 0.0254259 0.0335434
2 0.681846 0.166531 0.0297847 0.0305693
2 0.484449 0.243272 0.0332304 0.0594911
2 0.283795 0.259114 0.0369957 0.0472011
0 0.0708258 0.372905 0.0186352 0.0720039
2 0.518797 0.200967 0.0292749 0.0537632
5 0.596506 0.153452 0.0606406 0.0770605
5 0.306269 0.165263 0.0540683 0.0852806
2 0.344535 0.248217 0.0328983 0.0540836
7 0.56282 0.860157 0.158978 0.269623
2 0.319183 0.279381 0.0406253 0.0667839
5 0.94607 0.456754 0.107337 0.239523
2 0.430449 0.273814 0.0331041 0.0845974
0 0.0346787 0.373594 0.0235195 0.0829734
0 0.134847 0.286619 0.0127477 0.0605264
2 0.33636 0.195471 0.0244404 0.0507473
2 0.43939 0.231682 0.0319614 0.046053
0 0.090366 0.347381 0.0168759 0.0751009
2 0.122585 0.632369 0.135496 0.196114
2 0.923542 0.576103 0.147727 0.152464
2 0.511015 0.638222 0.0855728 0.187324
2 0.0584062 0.507534 0.116 0.172016
2 0.635521 0.570616 0.0900288 0.206438
2 0.507336 0.478774 0.0630923 0.121513
2 0.399767 0.499425 0.0666934 0.127175
5 0.26847 0.206483 0.0802218 0.10469
5 0.894227 0.419844 0.210888 0.31222
2 0.485308 0.375555 0.0483674 0.0826497
2 0.152413 0.405908 0.0738823 0.100699
2 0.80105 0.245933 0.0510468 0.048669
2 0.587107 0.444784 0.0658995 0.112045
2 0.409308 0.398143 0.0527672 0.0902435
2 0.0235533 0.903152 0.0466854 0.175744
7 0.363734 0.715214 0.127047 0.278713
2 0.974711 0.31263 0.0499577 0.0642761
2 0.293448 0.317058 0.0573019 0.0955997
2 0.987612 0.696902 0.0240734 0.148869
2 0.220815 0.429003 0.114916 0.21411
2 0.363342 0.714712 0.127228 0.279954
2 0.534558 0.244998 0.0330036 0.0483295
2 0.423427 0.33057 0.0403028 0.0692235
2 0.23631 0.31184 0.0537953 0.0604254
5 0.848465 0.185768 0.0588493 0.0623998
2 0.489436 0.295247 0.0398137 0.0704096
5 0.748306 0.853334 0.196245 0.287314
2 0.569505 0.359045 0.0500855 0.107433
5 0.563099 0.860927 0.158794 0.27152
2 0.543213 0.309115 0.03703 0.0649623
7 0.773128 0.144972 0.0395217 0.0427032
2 0.0526055 0.235169 0.0440992 0.038088
2 0.121678 0.218028 0.0535385 0.0388947
2 0.708718 0.163544 0.0273302 0.0297365
2 0.69965 0.202346 0.0254259 0.0335434
2 0.681846 0.166531 0.0297847 0.0305693
2 0.484449 0.243272 0.0332304 0.0594911
2 0.283795 0.259114 0.0369957 0.0472011
0 0.0708258 0.372905 0.0186352 0.0720039
2 0.518797 0.200967 0.0292749 0.0537632
5 0.596506 0.153452 0.0606406 0.0770605
5 0.306269 0.165263 0.0540683 0.0852806
2 0.344535 0.248217 0.0328983 0.0540836
7 0.56282 0.860157 0.158978 0.269623
2 0.319183 0.279381 0.0406253 0.0667839
5 0.94607 0.456754 0.107337 0.239523
2 0.430449 0.273814 0.0331041 0.0845974
0 0.0346787 0.373594 0.0235195 0.0829734
0 0.134847 0.286619 0.0127477 0.0605264
2 0.33636 0.195471 0.0244404 0.0507473
2 0.43939 0.231682 0.0319614 0.046053
0 0.090366 0.347381 0.0168759 0.0751009
2 0.122585 0.632369 0.135496 0.196114
2 0.923542 0.576103 0.147727 0.152464
2 0.511015 0.638222 0.0855728 0.187324
2 0.0584062 0.507534 0.116 0.172016
2 0.635521 0.570616 0.0900288 0.206438
2 0.507336 0.478774 0.0630923 0.121513
2 0.399767 0.499425 0.0666934 0.127175
5 0.26847 0.206483 0.0802218 0.10469
5 0.894227 0.419844 0.210888 0.31222
2 0.485308 0.375555 0.0483674 0.0826497
2 0.152413 0.405908 0.0738823 0.100699
2 0.80105 0.245933 0.0510468 0.048669
2 0.587107 0.444784 0.0658995 0.112045
2 0.409308 0.398143 0.0527672 0.0902435
2 0.0235533 0.903152 0.0466854 0.175744
7 0.363734 0.715214 0.127047 0.278713
2 0.974711 0.31263 0.0499577 0.0642761
2 0.293448 0.317058 0.0573019 0.0955997
2 0.987612 0.696902 0.0240734 0.148869
2 0.220815 0.429003 0.114916 0.21411
2 0.363342 0.714712 0.127228 0.279954
2 0.534558 0.244998 0.0330036 0.0483295
2 0.423427 0.33057 0.0403028 0.0692235
2 0.23631 0.31184 0.0537953 0.0604254
5 0.848465 0.185768 0.0588493 0.0623998
2 0.489436 0.295247 0.0398137 0.0704096
5 0.748306 0.853334 0.196245 0.287314
2 0.569505 0.359045 0.0500855 0.107433
5 0.563099 0.860927 0.158794 0.27152
2 0.543213 0.309115 0.03703 0.0649623
7 0.773128 0.144972 0.0395217 0.0427032
2 0.0526055 0.235169 0.0440992 0.038088
2 0.121678 0.218028 0.0535385 0.0388947
2 0.708718 0.163544 0.0273302 0.0297365
2 0.69965 0.202346 0.0254259 0.0335434
2 0.681846 0.166531 0.0297847 0.0305693
2 0.484449 0.243272 0.0332304 0.0594911
2 0.283795 0.259114 0.0369957 0.0472011
0 0.0708258 0.372905 0.0186352 0.0720039
2 0.518797 0.200967 0.0292749 0.0537632
5 0.596506 0.153452 0.0606406 0.0770605
5 0.306269 0.165263 0.0540683 0.0852806
2 0.344535 0.248217 0.0328983 0.0540836
7 0.56282 0.860157 0.158978 0.269623
2 0.319183 0.279381 0.0406253 0.0667839
5 0.94607 0.456754 0.107337 0.239523
2 0.430449 0.273814 0.0331041 0.0845974
0 0.0346787 0.373594 0.0235195 0.0829734
0 0.134847 0.286619 0.0127477 0.0605264
2 0.33636 0.195471 0.0244404 0.0507473
2 0.43939 0.231682 0.0319614 0.046053
0 0.090366 0.347381 0.0168759 0.0751009
2 0.122585 0.632369 0.135496 0.196114
2 0.923542 0.576103 0.147727 0.152464
2 0.511015 0.638222 0.0855728 0.187324
2 0.0584062 0.507534 0.116 0.172016
2 0.635521 0.570616 0.0900288 0.206438
2 0.507336 0.478774 0.0630923 0.121513
2 0.399767 0.499425 0.0666934 0.127175
5 0.26847 0.206483 0.0802218 0.10469
5 0.894227 0.419844 0.210888 0.31222
2 0.485308 0.375555 0.0483674 0.0826497
2 0.152413 0.405908 0.0738823 0.100699
2 0.80105 0.245933 0.0510468 0.048669
2 0.587107 0.444784 0.0658995 0.112045
2 0.409308 0.398143 0.0527672 0.0902435
2 0.0235533 0.903152 0.0466854 0.175744
7 0.363734 0.715214 0.127047 0.278713
2 0.974711 0.31263 0.0499577 0.0642761
2 0.293448 0.317058 0.0573019 0.0955997
2 0.987612 0.696902 0.0240734 0.148869
2 0.220815 0.429003 0.114916 0.21411
2 0.363342 0.714712 0.127228 0.279954
2 0.534558 0.244998 0.0330036 0.0483295
2 0.423427 0.33057 0.0403028 0.0692235
2 0.23631 0.31184 0.0537953 0.0604254
5 0.848465 0.185768 0.0588493 0.0623998
2 0.489436 0.295247 0.0398137 0.0704096
5 0.748306 0.853334 0.196245 0.287314
2 0.569505 0.359045 0.0500855 0.107433
5 0.563099 0.860927 0.158794 0.27152
2 0.543213 0.309115 0.03703 0.0649623
7 0.773128 0.144972 0.0395217 0.0427032
2 0.0526055 0.235169 0.0440992 0.038088
2 0.121678 0.218028 0.0535385 0.0388947
2 0.708718 0.163544 0.0273302 0.0297365
2 0.69965 0.202346 0.0254259 0.0335434
2 0.681846 0.166531 0.0297847 0.0305693
2 0.484449 0.243272 0.0332304 0.0594911
2 0.283795 0.259114 0.0369957 0.0472011
0 0.0708258 0.372905 0.0186352 0.0720039
2 0.518797 0.200967 0.0292749 0.0537632
5 0.596506 0.153452 0.0606406 0.0770605
5 0.306269 0.165263 0.0540683 0.0852806
2 0.344535 0.248217 0.0328983 0.0540836
7 0.56282 0.860157 0.158978 0.269623
2 0.319183 0.279381 0.0406253 0.0667839
5 0.94607 0.456754 0.107337 0.239523
2 0.430449 0.273814 0.0331041 0.0845974
0 0.0346787 0.373594 0.0235195 0.0829734
0 0.134847 0.286619 0.0127477 0.0605264
2 0.33636 0.195471 0.0244404 0.0507473
2 0.43939 0.231682 0.0319614 0.046053
0 0.090366 0.347381 0.0168759 0.0751009
2 0.122585 0.632369 0.135496 0.196114
2 0.923542 0.576103 0.147727 0.152464
2 0.511015 0.638222 0.0855728 0.187324
2 0.0584062 0.507534 0.116 0.172016
2 0.635521 0.570616 0.0900288 0.206438
2 0.507336 0.478774 0.0630923 0.121513
2 0.399767 0.499425 0.0666934 0.127175
5 0.26847 0.206483 0.0802218 0.10469
5 0.894227 0.419844 0.210888 0.31222
2 0.485308 0.375555 0.0483674 0.0826497
2 0.152413 0.405908 0.0738823 0.100699
2 0.80105 0.245933 0.0510468 0.048669
2 0.587107 0.444784 0.0658995 0.112045
2 0.409308 0.398143 0.0527672 0.0902435
2 0.0235533 0.903152 0.0466854 0.175744
7 0.363734 0.715214 0.127047 0.278713
2 0.974711 0.31263 0.0499577 0.0642761
2 0.293448 0.317058 0.0573019 0.0955997
2 0.987612 0.696902 0.0240734 0.148869
2 0.220815 0.429003 0.114916 0.21411
2 0.363342 0.714712 0.127228 0.279954
2 0.534558 0.244998 0.0330036 0.0483295
2 0.423427 0.33057 0.0403028 0.0692235
2 0.23631 0.31184 0.0537953 0.0604254
5 0.848465 0.185768 0.0588493 0.0623998
2 0.489436 0.295247 0.0398137 0.0704096
5 0.748306 0.853334 0.196245 0.287314
2 0.569505 0.359045 0.0500855 0.107433
5 0.563099 0.860927 0.158794 0.27152
2 0.543213 0.309115 0.03703 0.0649623
7 0.773128 0.144972 0.0395217 0.0427032
2 0.0526055 0.235169 0.0440992 0.038088
2 0.121678 0.218028 0.0535385 0.0388947
2 0.708718 0.163544 0.0273302 0.0297365
2 0.69965 0.202346 0.0254259 0.0335434
2 0.681846 0.166531 0.0297847 0.0305693
2 0.484449 0.243272 0.0332304 0.0594911
2 0.283795 0.259114 0.0369957 0.0472011
0 0.0708258 0.372905 0.0186352 0.0720039
2 0.518797 0.200967 0.0292749 0.0537632
5 0.596506 0.153452 0.0606406 0.0770605
5 0.306269 0.165263 0.0540683 0.0852806
2 0.344535 0.248217 0.0328983 0.0540836
7 0.56282 0.860157 0.158978 0.269623
2 0.319183 0.279381 0.0406253 0.0667839
5 0.94607 0.456754 0.107337 0.239523
2 0.430449 0.273814 0.0331041 0.0845974
0 0.0346787 0.373594 0.0235195 0.0829734
0 0.134847 0.286619 0.0127477 0.0605264
2 0.33636 0.195471 0.0244404 0.0507473
2 0.43939 0.231682 0.0319614 0.046053
0 0.090366 0.347381 0.0168759 0.0751009
2 0.122585 0.632369 0.135496 0.196114
2 0.923542 0.576103 0.147727 0.152464
2 0.511015 0.638222 0.0855728 0.187324
2 0.0584062 0.507534 0.116 0.172016
2 0.635521 0.570616 0.0900288 0.206438
2 0.507336 0.478774 0.0630923 0.121513
2 0.399767 0.499425 0.0666934 0.127175
5 0.26847 0.206483 0.0802218 0.10469
5 0.894227 0.419844 0.210888 0.31222
2 0.485308 0.375555 0.0483674 0.0826497
2 0.152413 0.405908 0.0738823 0.100699
2 0.80105 0.245933 0.0510468 0.048669
2 0.587107 0.444784 0.0658995 0.112045
2 0.409308 0.398143 0.0527672 0.0902435
2 0.0235533 0.903152 0.0466854 0.175744
7 0.363734 0.715214 0.127047 0.278713
2 0.974711 0.31263 0.0499577 0.0642761
2 0.293448 0.317058 0.0573019 0.0955997
2 0.987612 0.696902 0.0240734 0.148869
2 0.220815 0.429003 0.114916 0.21411
2 0.363342 0.714712 0.127228 0.279954
2 0.534558 0.244998 0.0330036 0.0483295
2 0.423427 0.33057 0.0403028 0.0692235
2 0.23631 0.31184 0.0537953 0.0604254
5 0.848465 0.185768 0.0588493 0.0623998
2 0.489436 0.295247 0.0398137 0.0704096
5 0.748306 0.853334 0.196245 0.287314
2 0.569505 0.359045 0.0500855 0.107433
5 0.563099 0.860927 0.158794 0.27152
2 0.543213 0.309115 0.03703 0.0649623
7 0.773128 0.144972 0.0395217 0.0427032
2 0.0526055 0.235169 0.0440992 0.038088
2 0.121678 0.218028 0.0535385 0.0388947
2 0.708718 0.163544 0.0273302 0.0297365
2 0.69965 0.202346 0.0254259 0.0335434
2 0.681846 0.166531 0.0297847 0.0305693
2 0.484449 0.243272 0.0332304 0.0594911
2 0.283795 0.259114 0.0369957 0.0472011
0 0.0708258 0.372905 0.0186352 0.0720039
2 0.518797 0.200967 0.0292749 0.0537632
5 0.596506 0.153452 0.0606406 0.0770605
5 0.306269 0.165263 0.0540683 0.0852806
2 0.344535 0.248217 0.0328983 0.0540836
7 0.56282 0.860157 0.158978 0.269623
2 0.319183 0.279381 0.0406253 0.0667839
5 0.94607 0.456754 0.107337 0.239523
2 0.430449 0.273814 0.0331041 0.0845974
0 0.0346787 0.373594 0.0235195 0.0829734
0 0.134847 0.286619 0.0127477 0.0605264
2 0.33636 0.195471 0.0244404 0.0507473
2 0.43939 0.231682 0.0319614 0.046053
0 0.090366 0.347381 0.0168759 0.0751009
2 0.122585 0.632369 0.135496 0.196114
2 0.923542 0.576103 0.147727 0.152464
2 0.511015 0.638222 0.0855728 0.187324
2 0.0584062 0.507534 0.116 0.172016
2 0.635521 0.570616 0.0900288 0.206438
2 0.507336 0.478774 0.0630923 0.121513
2 0.399767 0.499425 0.0666934 0.127175
5 0.26847 0.206483 0.0802218 0.10469
5 0.894227 0.419844 0.210888 0.31222
2 0.485308 0.375555 0.0483674 0.0826497
2 0.152413 0.405908 0.0738823 0.100699
2 0.80105 0.245933 0.0510468 0.048669
2 0.587107 0.444784 0.0658995 0.112045
2 0.409308 0.398143 0.0527672 0.0902435
2 0.0235533 0.903152 0.0466854 0.175744
7 0.363734 0.715214 0.127047 0.278713
2 0.974711 0.31263 0.0499577 0.0642761
2 0.293448 0.317058 0.0573019 0.0955997
2 0.987612 0.696902 0.0240734 0.148869
2 0.220815 0.429003 0.114916 0.21411
2 0.363342 0.714712 0.127228 0.279954
2 0.534558 0.244998 0.0330036 0.0483295
2 0.423427 0.33057 0.0403028 0.0692235
2 0.23631 0.31184 0.0537953 0.0604254
5 0.848465 0.185768 0.0588493 0.0623998
2 0.489436 0.295247 0.0398137 0.0704096
5 0.748306 0.853334 0.196245 0.287314
2 0.569505 0.359045 0.0500855 0.107433
5 0.563099 0.860927 0.158794 0.27152
2 0.543213 0.309115 0.03703 0.0649623
7 0.773128 0.144972 0.0395217 0.0427032
2 0.0526055 0.235169 0.0440992 0.038088
2 0.121678 0.218028 0.0535385 0.0388947
2 0.708718 0.163544 0.0273302 0.0297365
2 0.69965 0.202346 0.0254259 0.0335434
2 0.681846 0.166531 0.0297847 0.0305693
2 0.484449 0.243272 0.0332304 0.0594911
2 0.283795 0.259114 0.0369957 0.0472011
0 0.0708258 0.372905 0.0186352 0.0720039
2 0.518797 0.200967 0.0292749 0.0537632
5 0.596506 0.153452 0.0606406 0.0770605
5 0.306269 0.165263 0.0540683 0.0852806
2 0.344535 0.248217 0.0328983 0.0540836
7 0.56282 0.860157 0.158978 0.269623
2 0.319183 0.279381 0.0406253 0.0667839
5 0.94607 0.456754 0.107337 0.239523
2 0.430449 0.273814 0.0331041 0.0845974
0 0.0346787 0.373594 0.0235195 0.0829734
0 0.134847 0.286619 0.0127477 0.0605264
2 0.33636 0.195471 0.0244404 0.0507473
2 0.43939 0.231682 0.0319614 0.046053
0 0.090366 0.347381 0.0168759 0.0751009
2 0.122585 0.632369 0.135496 0.196114
2 0.923542 0.576103 0.147727 0.152464
2 0.511015 0.638222 0.0855728 0.187324
2 0.0584062 0.507534 0.116 0.172016
2 0.635521 0.570616 0.0900288 0.206438
2 0.507336 0.478774 0.0630923 0.121513
2 0.399767 0.499425 0.0666934 0.127175
5 0.26847 0.206483 0.0802218 0.10469
5 0.894227 0.419844 0.210888 0.31222
2 0.485308 0.375555 0.0483674 0.0826497
2 0.152413 0.405908 0.0738823 0.100699
2 0.80105 0.245933 0.0510468 0.048669
2 0.587107 0.444784 0.0658995 0.112045
2 0.409308 0.398143 0.0527672 0.0902435
2 0.0235533 0.903152 0.0466854 0.175744
7 0.363734 0.715214 0.127047 0.278713
2 0.974711 0.31263 0.0499577 0.0642761
2 0.293448 0.317058 0.0573019 0.0955997
2 0.987612 0.696902 0.0240734 0.148869
2 0.220815 0.429003 0.114916 0.21411
2 0.363342 0.714712 0.127228 0.279954
2 0.534558 0.244998 0.0330036 0.0483295
2 0.423427 0.33057 0.0403028 0.0692235
2 0.23631 0.31184 0.0537953 0.0604254
5 0.848465 0.185768 0.0588493 0.0623998
2 0.489436 0.295247 0.0398137 0.0704096
5 0.748306 0.853334 0.196245 0.287314
2 0.569505 0.359045 0.0500855 0.107433
5 0.563099 0.860927 0.158794 0.27152
2 0.543213 0.309115 0.03703 0.0649623
7 0.773128 0.144972 0.0395217 0.0427032
2 0.0526055 0.235169 0.0440992 0.038088
2 0.121678 0.218028 0.0535385 0.0388947
2 0.708718 0.163544 0.0273302 0.0297365
2 0.69965 0.202346 0.0254259 0.0335434
2 0.681846 0.166531 0.0297847 0.0305693
2 0.484449 0.243272 0.0332304 0.0594911
2 0.283795 0.259114 0.0369957 0.0472011
0 0.0708258 0.372905 0.0186352 0.0720039
2 0.518797 0.200967 0.0292749 0.0537632
5 0.596506 0.153452 0.0606406 0.0770605
5 0.306269 0.165263 0.0540683 0.0852806
2 0.344535 0.248217 0.0328983 0.0540836
7 0.56282 0.860157 0.158978 0.269623
2 0.319183 0.279381 0.0406253 0.0667839
5 0.94607 0.456754 0.107337 0.239523
2 0.430449 0.273814 0.0331041 0.0845974
0 0.0346787 0.373594 0.0235195 0.0829734
0 0.134847 0.286619 0.0127477 0.0605264
2 0.33636 0.195471 0.0244404 0.0507473
2 0.43939 0.231682 0.0319614 0.046053
0 0.090366 0.347381 0.0168759 0.0751009
5 0.893468 0.426803 0.211568 0.325057
2 0.923703 0.576483 0.148974 0.151873
2 0.12276 0.632411 0.135737 0.198345
5 0.562365 0.860262 0.158553 0.268695
2 0.399514 0.500499 0.0678855 0.125896
2 0.0578766 0.509551 0.115753 0.175821
2 0.51154 0.637856 0.0861353 0.188225
5 0.26913 0.206371 0.0818598 0.106777
7 0.363548 0.715618 0.130641 0.281827
2 0.508132 0.479168 0.0634241 0.12015
2 0.0237092 0.905146 0.0470146 0.180389
2 0.586533 0.444798 0.0646893 0.110742
2 0.748046 0.851813 0.196205 0.282855
2 0.975123 0.312802 0.0490158 0.0628577
2 0.409247 0.39787 0.0545601 0.0880452
2 0.987566 0.696945 0.0240839 0.14983
2 0.152696 0.407433 0.0743317 0.100708
2 0.485841 0.375913 0.0507059 0.0817732
2 0.634993 0.571501 0.090339 0.20687
2 0.293567 0.315174 0.0577055 0.0958457
5 0.305322 0.162718 0.0549145 0.0832381
2 0.801754 0.245515 0.0501979 0.0476581
2 0.220803 0.431226 0.113718 0.214194
5 0.596686 0.154088 0.0579002 0.0751266
2 0.235822 0.313157 0.0520653 0.0606722
7 0.220673 0.431135 0.113331 0.214694
5 0.893468 0.426803 0.211568 0.325057
2 0.923703 0.576483 0.148974 0.151873
2 0.12276 0.632411 0.135737 0.198345
5 0.562365 0.860262 0.158553 0.268695
2 0.399514 0.500499 0.0678855 0.125896
2 0.0578766 0.509551 0.115753 0.175821
2 0.51154 0.637856 0.0861353 0.188225
5 0.26913 0.206371 0.0818598 0.106777
7 0.363548 0.715618 0.130641 0.281827
2 0.508132 0.479168 0.0634241 0.12015
2 0.0237092 0.905146 0.0470146 0.180389
2 0.586533 0.444798 0.0646893 0.110742
2 0.748046 0.851813 0.196205 0.282855
2 0.975123 0.312802 0.0490158 0.0628577
2 0.409247 0.39787 0.0545601 0.0880452
2 0.987566 0.696945 0.0240839 0.14983
2 0.152696 0.407433 0.0743317 0.100708
2 0.485841 0.375913 0.0507059 0.0817732
2 0.634993 0.571501 0.090339 0.20687
2 0.293567 0.315174 0.0577055 0.0958457
5 0.305322 0.162718 0.0549145 0.0832381
2 0.801754 0.245515 0.0501979 0.0476581
2 0.220803 0.431226 0.113718 0.214194
5 0.596686 0.154088 0.0579002 0.0751266
2 0.235822 0.313157 0.0520653 0.0606722
7 0.220673 0.431135 0.113331 0.214694
