2 0.0942352 0.708729 0.157498 0.22729
2 0.531161 0.811132 0.108731 0.274749
2 0.394283 0.615991 0.0817992 0.16806
2 0.929563 0.593752 0.140219 0.152279
2 0.664147 0.667618 0.107841 0.248815
2 0.519794 0.536972 0.0695263 0.134972
2 0.0476428 0.570499 0.0949649 0.196134
2 0.94207 0.300253 0.0603708 0.0575553
2 0.601175 0.47638 0.0696299 0.119261
2 0.410433 0.44635 0.0601555 0.101063
2 0.788431 0.950245 0.161392 0.0972911
2 0.494879 0.4272 0.0533275 0.0965933
5 0.277047 0.220514 0.0783464 0.104077
2 0.0266555 0.911991 0.0529452 0.168943
2 0.128517 0.461041 0.0860088 0.114004
2 0.896769 0.348115 0.0814934 0.0671909
5 0.724016 0.251545 0.0973843 0.121794
2 0.431085 0.344621 0.0374196 0.0715857
2 0.498582 0.311842 0.0394891 0.0678064
2 0.263844 0.393514 0.0721395 0.126051
2 0.992918 0.724206 0.0134026 0.127236
2 0.579197 0.380437 0.04991 0.1103
5 0.677072 0.330975 0.170741 0.276261
2 0.304843 0.330265 0.0511507 0.0742349
2 0.130145 0.231627 0.0555929 0.0371317
2 0.347885 0.265725 0.0324982 0.0494305
2 0.266681 0.306547 0.0439935 0.0600613
2 0.305829 0.262986 0.0343431 0.0486349
2 0.554864 0.338542 0.0369349 0.0701686
7 0.327367 0.903597 0.195616 0.17939
7 0.198434 0.493119 0.134054 0.248894
2 0.198451 0.493201 0.133206 0.250654
2 0.437158 0.293792 0.0345266 0.077612
2 0.213615 0.362884 0.0603205 0.0669391
2 0.549611 0.289613 0.035141 0.0595324
2 0.328609 0.233771 0.0296238 0.0505341
5 0.939335 0.237298 0.0755486 0.0661817
5 0.0289891 0.31518 0.0576746 0.105541
0 0.0542645 0.400845 0.0206992 0.0811245
7 0.365997 0.21694 0.0378992 0.0771305
2 0.532559 0.239679 0.0298872 0.038632
0 0.141417 0.297692 0.0136628 0.0696204
0 0.00831356 0.435895 0.0165605 0.0977336
2 0.492807 0.254721 0.0324457 0.0803453
5 0.366208 0.217266 0.0380381 0.0782196
2 0.531935 0.231592 0.0305906 0.0553222
0 0.126155 0.320891 0.0141997 0.0646103
2 0.065033 0.25021 0.0496322 0.0397489
5 0.166485 0.193375 0.0666295 0.0812976
2 0.0942352 0.708729 0.157498 0.22729
2 0.531161 0.811132 0.108731 0.274749
2 0.394283 0.615991 0.0817992 0.16806
2 0.929563 0.593752 0.140219 0.152279
2 0.664147 0.667618 0.107841 0.248815
2 0.519794 0.536972 0.0695263 0.134972
2 0.0476428 0.570499 0.0949649 0.196134
2 0.94207 0.300253 0.0603708 0.0575553
2 0.601175 0.47638 0.0696299 0.119261
2 0.410433 0.44635 0.0601555 0.101063
2 0.788431 0.950245 0.161392 0.0972911
2 0.494879 0.4272 0.0533275 0.0965933
5 0.277047 0.220514 0.0783464 0.104077
2 0.0266555 0.911991 0.0529452 0.168943
2 0.128517 0.461041 0.0860088 0.114004
2 0.896769 0.348115 0.0814934 0.0671909
5 0.724016 0.251545 0.0973843 0.121794
2 0.431085 0.344621 0.0374196 0.0715857
2 0.498582 0.311842 0.0394891 0.0678064
2 0.263844 0.393514 0.0721395 0.126051
2 0.992918 0.724206 0.0134026 0.127236
2 0.579197 0.380437 0.04991 0.1103
5 0.677072 0.330975 0.170741 0.276261
2 0.304843 0.330265 0.0511507 0.0742349
2 0.130145 0.231627 0.0555929 0.0371317
2 0.347885 0.265725 0.0324982 0.0494305
2 0.266681 0.306547 0.0439935 0.0600613
2 0.305829 0.262986 0.0343431 0.0486349
2 0.554864 0.338542 0.0369349 0.0701686
7 0.327367 0.903597 0.195616 0.17939
7 0.198434 0.493119 0.134054 0.248894
2 0.198451 0.493201 0.133206 0.250654
2 0.437158 0.293792 0.0345266 0.077612
2 0.213615 0.362884 0.0603205 0.0669391
2 0.549611 0.289613 0.035141 0.0595324
2 0.328609 0.233771 0.0296238 0.0505341
5 0.939335 0.237298 0.0755486 0.0661817
5 0.0289891 0.31518 0.0576746 0.105541
0 0.0542645 0.400845 0.0206992 0.0811245
7 0.365997 0.21694 0.0378992 0.0771305
2 0.532559 0.239679 0.0298872 0.038632
0 0.141417 0.297692 0.0136628 0.0696204
0 0.00831356 0.435895 0.0165605 0.0977336
2 0.492807 0.254721 0.0324457 0.0803453
5 0.366208 0.217266 0.0380381 0.0782196
2 0.531935 0.231592 0.0305906 0.0553222
0 0.126155 0.320891 0.0141997 0.0646103
2 0.065033 0.25021 0.0496322 0.0397489
5 0.166485 0.193375 0.0666295 0.0812976
2 0.0942352 0.708729 0.157498 0.22729
2 0.531161 0.811132 0.108731 0.274749
2 0.394283 0.615991 0.0817992 0.16806
2 0.929563 0.593752 0.140219 0.152279
2 0.664147 0.667618 0.107841 0.248815
2 0.519794 0.536972 0.0695263 0.134972
2 0.0476428 0.570499 0.0949649 0.196134
2 0.94207 0.300253 0.0603708 0.0575553
2 0.601175 0.47638 0.0696299 0.119261
2 0.410433 0.44635 0.0601555 0.101063
2 0.788431 0.950245 0.161392 0.0972911
2 0.494879 0.4272 0.0533275 0.0965933
5 0.277047 0.220514 0.0783464 0.104077
2 0.0266555 0.911991 0.0529452 0.168943
2 0.128517 0.461041 0.0860088 0.114004
2 0.896769 0.348115 0.0814934 0.0671909
5 0.724016 0.251545 0.0973843 0.121794
2 0.431085 0.344621 0.0374196 0.0715857
2 0.498582 0.311842 0.0394891 0.0678064
2 0.263844 0.393514 0.0721395 0.126051
2 0.992918 0.724206 0.0134026 0.127236
2 0.579197 0.380437 0.04991 0.1103
5 0.677072 0.330975 0.170741 0.276261
2 0.304843 0.330265 0.0511507 0.0742349
2 0.130145 0.231627 0.0555929 0.0371317
2 0.347885 0.265725 0.0324982 0.0494305
2 0.266681 0.306547 0.0439935 0.0600613
2 0.305829 0.262986 0.0343431 0.0486349
2 0.554864 0.338542 0.0369349 0.0701686
7 0.327367 0.903597 0.195616 0.17939
7 0.198434 0.493119 0.134054 0.248894
2 0.198451 0.493201 0.133206 0.250654
2 0.437158 0.293792 0.0345266 0.077612
2 0.213615 0.362884 0.0603205 0.0669391
2 0.549611 0.289613 0.035141 0.0595324
2 0.328609 0.233771 0.0296238 0.0505341
5 0.939335 0.237298 0.0755486 0.0661817
5 0.0289891 0.31518 0.0576746 0.105541
0 0.0542645 0.400845 0.0206992 0.0811245
7 0.365997 0.21694 0.0378992 0.0771305
2 0.532559 0.239679 0.0298872 0.038632
0 0.141417 0.297692 0.0136628 0.0696204
0 0.00831356 0.435895 0.0165605 0.0977336
2 0.492807 0.254721 0.0324457 0.0803453
5 0.366208 0.217266 0.0380381 0.0782196
2 0.531935 0.231592 0.0305906 0.0553222
0 0.126155 0.320891 0.0141997 0.0646103
2 0.065033 0.25021 0.0496322 0.0397489
5 0.166485 0.193375 0.0666295 0.0812976
2 0.0942352 0.708729 0.157498 0.22729
2 0.531161 0.811132 0.108731 0.274749
2 0.394283 0.615991 0.0817992 0.16806
2 0.929563 0.593752 0.140219 0.152279
2 0.664147 0.667618 0.107841 0.248815
2 0.519794 0.536972 0.0695263 0.134972
2 0.0476428 0.570499 0.0949649 0.196134
2 0.94207 0.300253 0.0603708 0.0575553
2 0.601175 0.47638 0.0696299 0.119261
2 0.410433 0.44635 0.0601555 0.101063
2 0.788431 0.950245 0.161392 0.0972911
2 0.494879 0.4272 0.0533275 0.0965933
5 0.277047 0.220514 0.0783464 0.104077
2 0.0266555 0.911991 0.0529452 0.168943
2 0.128517 0.461041 0.0860088 0.114004
2 0.896769 0.348115 0.0814934 0.0671909
5 0.724016 0.251545 0.0973843 0.121794
2 0.431085 0.344621 0.0374196 0.0715857
2 0.498582 0.311842 0.0394891 0.0678064
2 0.263844 0.393514 0.0721395 0.126051
2 0.992918 0.724206 0.0134026 0.127236
2 0.579197 0.380437 0.04991 0.1103
5 0.677072 0.330975 0.170741 0.276261
2 0.304843 0.330265 0.0511507 0.0742349
2 0.130145 0.231627 0.0555929 0.0371317
2 0.347885 0.265725 0.0324982 0.0494305
2 0.266681 0.306547 0.0439935 0.0600613
2 0.305829 0.262986 0.0343431 0.0486349
2 0.554864 0.338542 0.0369349 0.0701686
7 0.327367 0.903597 0.195616 0.17939
7 0.198434 0.493119 0.134054 0.248894
2 0.198451 0.493201 0.133206 0.250654
2 0.437158 0.293792 0.0345266 0.077612
2 0.213615 0.362884 0.0603205 0.0669391
2 0.549611 0.289613 0.035141 0.0595324
2 0.328609 0.233771 0.0296238 0.0505341
5 0.939335 0.237298 0.0755486 0.0661817
5 0.0289891 0.31518 0.0576746 0.105541
0 0.0542645 0.400845 0.0206992 0.0811245
7 0.365997 0.21694 0.0378992 0.0771305
2 0.532559 0.239679 0.0298872 0.038632
0 0.141417 0.297692 0.0136628 0.0696204
0 0.00831356 0.435895 0.0165605 0.0977336
2 0.492807 0.254721 0.0324457 0.0803453
5 0.366208 0.217266 0.0380381 0.0782196
2 0.531935 0.231592 0.0305906 0.0553222
0 0.126155 0.320891 0.0141997 0.0646103
2 0.065033 0.25021 0.0496322 0.0397489
5 0.166485 0.193375 0.0666295 0.0812976
