2 0.0976143 0.725793 0.155517 0.227266
2 0.36412 0.853659 0.11885 0.2874
5 0.954462 0.240664 0.0906563 0.106939
2 0.635138 0.603294 0.0875709 0.1615
2 0.543988 0.76784 0.0990332 0.241868
2 0.396463 0.550418 0.0732982 0.134464
2 0.931506 0.612048 0.136429 0.152729
2 0.503449 0.519961 0.0663881 0.120613
2 0.747049 0.895187 0.156753 0.198083
2 0.042224 0.610219 0.0831763 0.205779
5 0.866357 0.41211 0.266586 0.326971
2 0.0282088 0.922046 0.0561061 0.150988
2 0.120517 0.493169 0.0913229 0.118441
2 0.502688 0.348221 0.0399694 0.0715607
5 0.281983 0.235914 0.0797851 0.113543
2 0.980957 0.343722 0.0374111 0.0665911
2 0.562639 0.355581 0.0424783 0.067807
2 0.434166 0.363501 0.0374769 0.0711824
2 0.350022 0.285764 0.03406 0.0500713
2 0.737698 0.205599 0.0297539 0.0333634
2 0.288592 0.303779 0.0415862 0.0584298
5 0.319975 0.19809 0.0531754 0.0906441
2 0.201549 0.510217 0.134439 0.249113
2 0.295373 0.372885 0.0521754 0.0885449
2 0.995222 0.74955 0.00892029 0.117413
2 0.263705 0.419508 0.0675161 0.130648
2 0.55379 0.3105 0.0352248 0.0570302
7 0.598494 0.447969 0.0616447 0.128272
2 0.312975 0.274435 0.0362809 0.0567514
2 0.255143 0.338324 0.0504798 0.0548162
0 0.173687 0.314245 0.0140911 0.0592271
2 0.199709 0.400296 0.0653876 0.0750902
2 0.0696786 0.264633 0.0454189 0.038573
2 0.538095 0.270402 0.0289623 0.0526937
2 0.897748 0.255393 0.0569889 0.0399103
2 0.598528 0.448174 0.061733 0.128166
2 0.137832 0.251328 0.0511477 0.0368751
2 0.495887 0.281062 0.0324953 0.0671164
0 0.0584221 0.43252 0.0166397 0.0786245
0 0.130349 0.332435 0.0153562 0.0802927
5 0.368557 0.237179 0.042238 0.0786526
0 0.00747612 0.463789 0.0149522 0.0845617
0 0.105387 0.366377 0.0188182 0.0965704
5 0.616779 0.191399 0.0619175 0.0840388
2 0.448135 0.271144 0.0337845 0.0411469
2 0.885351 0.308304 0.0574698 0.0500547
2 0.177416 0.160533 0.0320338 0.0222139
2 0.442658 0.312166 0.0304367 0.0730774
2 0.384694 0.17882 0.0219625 0.0385903
2 0.219538 0.163759 0.0247814 0.0269661
2 0.882936 0.301824 0.0518024 0.0379648
2 0.0976143 0.725793 0.155517 0.227266
2 0.36412 0.853659 0.11885 0.2874
5 0.954462 0.240664 0.0906563 0.106939
2 0.635138 0.603294 0.0875709 0.1615
2 0.543988 0.76784 0.0990332 0.241868
2 0.396463 0.550418 0.0732982 0.134464
2 0.931506 0.612048 0.136429 0.152729
2 0.503449 0.519961 0.0663881 0.120613
2 0.747049 0.895187 0.156753 0.198083
2 0.042224 0.610219 0.0831763 0.205779
5 0.866357 0.41211 0.266586 0.326971
2 0.0282088 0.922046 0.0561061 0.150988
2 0.120517 0.493169 0.0913229 0.118441
2 0.502688 0.348221 0.0399694 0.0715607
5 0.281983 0.235914 0.0797851 0.113543
2 0.980957 0.343722 0.0374111 0.0665911
2 0.562639 0.355581 0.0424783 0.067807
2 0.434166 0.363501 0.0374769 0.0711824
2 0.350022 0.285764 0.03406 0.0500713
2 0.737698 0.205599 0.0297539 0.0333634
2 0.288592 0.303779 0.0415862 0.0584298
5 0.319975 0.19809 0.0531754 0.0906441
2 0.201549 0.510217 0.134439 0.249113
2 0.295373 0.372885 0.0521754 0.0885449
2 0.995222 0.74955 0.00892029 0.117413
2 0.263705 0.419508 0.0675161 0.130648
2 0.55379 0.3105 0.0352248 0.0570302
7 0.598494 0.447969 0.0616447 0.128272
2 0.312975 0.274435 0.0362809 0.0567514
2 0.255143 0.338324 0.0504798 0.0548162
0 0.173687 0.314245 0.0140911 0.0592271
2 0.199709 0.400296 0.0653876 0.0750902
2 0.0696786 0.264633 0.0454189 0.038573
2 0.538095 0.270402 0.0289623 0.0526937
2 0.897748 0.255393 0.0569889 0.0399103
2 0.598528 0.448174 0.061733 0.128166
2 0.137832 0.251328 0.0511477 0.0368751
2 0.495887 0.281062 0.0324953 0.0671164
0 0.0584221 0.43252 0.0166397 0.0786245
0 0.130349 0.332435 0.0153562 0.0802927
5 0.368557 0.237179 0.042238 0.0786526
0 0.00747612 0.463789 0.0149522 0.0845617
0 0.105387 0.366377 0.0188182 0.0965704
5 0.616779 0.191399 0.0619175 0.0840388
2 0.448135 0.271144 0.0337845 0.0411469
2 0.885351 0.308304 0.0574698 0.0500547
2 0.177416 0.160533 0.0320338 0.0222139
2 0.442658 0.312166 0.0304367 0.0730774
2 0.384694 0.17882 0.0219625 0.0385903
2 0.219538 0.163759 0.0247814 0.0269661
2 0.882936 0.301824 0.0518024 0.0379648
2 0.0976143 0.725793 0.155517 0.227266
2 0.36412 0.853659 0.11885 0.2874
5 0.954462 0.240664 0.0906563 0.106939
2 0.635138 0.603294 0.0875709 0.1615
2 0.543988 0.76784 0.0990332 0.241868
2 0.396463 0.550418 0.0732982 0.134464
2 0.931506 0.612048 0.136429 0.152729
2 0.503449 0.519961 0.0663881 0.120613
2 0.747049 0.895187 0.156753 0.198083
2 0.042224 0.610219 0.0831763 0.205779
5 0.866357 0.41211 0.266586 0.326971
2 0.0282088 0.922046 0.0561061 0.150988
2 0.120517 0.493169 0.0913229 0.118441
2 0.502688 0.348221 0.0399694 0.0715607
5 0.281983 0.235914 0.0797851 0.113543
2 0.980957 0.343722 0.0374111 0.0665911
2 0.562639 0.355581 0.0424783 0.067807
2 0.434166 0.363501 0.0374769 0.0711824
2 0.350022 0.285764 0.03406 0.0500713
2 0.737698 0.205599 0.0297539 0.0333634
2 0.288592 0.303779 0.0415862 0.0584298
5 0.319975 0.19809 0.0531754 0.0906441
2 0.201549 0.510217 0.134439 0.249113
2 0.295373 0.372885 0.0521754 0.0885449
2 0.995222 0.74955 0.00892029 0.117413
2 0.263705 0.419508 0.0675161 0.130648
2 0.55379 0.3105 0.0352248 0.0570302
7 0.598494 0.447969 0.0616447 0.128272
2 0.312975 0.274435 0.0362809 0.0567514
2 0.255143 0.338324 0.0504798 0.0548162
0 0.173687 0.314245 0.0140911 0.0592271
2 0.199709 0.400296 0.0653876 0.0750902
2 0.0696786 0.264633 0.0454189 0.038573
2 0.538095 0.270402 0.0289623 0.0526937
2 0.897748 0.255393 0.0569889 0.0399103
2 0.598528 0.448174 0.061733 0.128166
2 0.137832 0.251328 0.0511477 0.0368751
2 0.495887 0.281062 0.0324953 0.0671164
0 0.0584221 0.43252 0.0166397 0.0786245
0 0.130349 0.332435 0.0153562 0.0802927
5 0.368557 0.237179 0.042238 0.0786526
0 0.00747612 0.463789 0.0149522 0.0845617
0 0.105387 0.366377 0.0188182 0.0965704
5 0.616779 0.191399 0.0619175 0.0840388
2 0.448135 0.271144 0.0337845 0.0411469
2 0.885351 0.308304 0.0574698 0.0500547
2 0.177416 0.160533 0.0320338 0.0222139
2 0.442658 0.312166 0.0304367 0.0730774
2 0.384694 0.17882 0.0219625 0.0385903
2 0.219538 0.163759 0.0247814 0.0269661
2 0.882936 0.301824 0.0518024 0.0379648
2 0.0976143 0.725793 0.155517 0.227266
2 0.36412 0.853659 0.11885 0.2874
5 0.954462 0.240664 0.0906563 0.106939
2 0.635138 0.603294 0.0875709 0.1615
2 0.543988 0.76784 0.0990332 0.241868
2 0.396463 0.550418 0.0732982 0.134464
2 0.931506 0.612048 0.136429 0.152729
2 0.503449 0.519961 0.0663881 0.120613
2 0.747049 0.895187 0.156753 0.198083
2 0.042224 0.610219 0.0831763 0.205779
5 0.866357 0.41211 0.266586 0.326971
2 0.0282088 0.922046 0.0561061 0.150988
2 0.120517 0.493169 0.0913229 0.118441
2 0.502688 0.348221 0.0399694 0.0715607
5 0.281983 0.235914 0.0797851 0.113543
2 0.980957 0.343722 0.0374111 0.0665911
2 0.562639 0.355581 0.0424783 0.067807
2 0.434166 0.363501 0.0374769 0.0711824
2 0.350022 0.285764 0.03406 0.0500713
2 0.737698 0.205599 0.0297539 0.0333634
2 0.288592 0.303779 0.0415862 0.0584298
5 0.319975 0.19809 0.0531754 0.0906441
2 0.201549 0.510217 0.134439 0.249113
2 0.295373 0.372885 0.0521754 0.0885449
2 0.995222 0.74955 0.00892029 0.117413
2 0.263705 0.419508 0.0675161 0.130648
2 0.55379 0.3105 0.0352248 0.0570302
7 0.598494 0.447969 0.0616447 0.128272
2 0.312975 0.274435 0.0362809 0.0567514
2 0.255143 0.338324 0.0504798 0.0548162
0 0.173687 0.314245 0.0140911 0.0592271
2 0.199709 0.400296 0.0653876 0.0750902
2 0.0696786 0.264633 0.0454189 0.038573
2 0.538095 0.270402 0.0289623 0.0526937
2 0.897748 0.255393 0.0569889 0.0399103
2 0.598528 0.448174 0.061733 0.128166
2 0.137832 0.251328 0.0511477 0.0368751
2 0.495887 0.281062 0.0324953 0.0671164
0 0.0584221 0.43252 0.0166397 0.0786245
0 0.130349 0.332435 0.0153562 0.0802927
5 0.368557 0.237179 0.042238 0.0786526
0 0.00747612 0.463789 0.0149522 0.0845617
0 0.105387 0.366377 0.0188182 0.0965704
5 0.616779 0.191399 0.0619175 0.0840388
2 0.448135 0.271144 0.0337845 0.0411469
2 0.885351 0.308304 0.0574698 0.0500547
2 0.177416 0.160533 0.0320338 0.0222139
2 0.442658 0.312166 0.0304367 0.0730774
2 0.384694 0.17882 0.0219625 0.0385903
2 0.219538 0.163759 0.0247814 0.0269661
2 0.882936 0.301824 0.0518024 0.0379648
2 0.0976143 0.725793 0.155517 0.227266
2 0.36412 0.853659 0.11885 0.2874
5 0.954462 0.240664 0.0906563 0.106939
2 0.635138 0.603294 0.0875709 0.1615
2 0.543988 0.76784 0.0990332 0.241868
2 0.396463 0.550418 0.0732982 0.134464
2 0.931506 0.612048 0.136429 0.152729
2 0.503449 0.519961 0.0663881 0.120613
2 0.747049 0.895187 0.156753 0.198083
2 0.042224 0.610219 0.0831763 0.205779
5 0.866357 0.41211 0.266586 0.326971
2 0.0282088 0.922046 0.0561061 0.150988
2 0.120517 0.493169 0.0913229 0.118441
2 0.502688 0.348221 0.0399694 0.0715607
5 0.281983 0.235914 0.0797851 0.113543
2 0.980957 0.343722 0.0374111 0.0665911
2 0.562639 0.355581 0.0424783 0.067807
2 0.434166 0.363501 0.0374769 0.0711824
2 0.350022 0.285764 0.03406 0.0500713
2 0.737698 0.205599 0.0297539 0.0333634
2 0.288592 0.303779 0.0415862 0.0584298
5 0.319975 0.19809 0.0531754 0.0906441
2 0.201549 0.510217 0.134439 0.249113
2 0.295373 0.372885 0.0521754 0.0885449
2 0.995222 0.74955 0.00892029 0.117413
2 0.263705 0.419508 0.0675161 0.130648
2 0.55379 0.3105 0.0352248 0.0570302
7 0.598494 0.447969 0.0616447 0.128272
2 0.312975 0.274435 0.0362809 0.0567514
2 0.255143 0.338324 0.0504798 0.0548162
0 0.173687 0.314245 0.0140911 0.0592271
2 0.199709 0.400296 0.0653876 0.0750902
2 0.0696786 0.264633 0.0454189 0.038573
2 0.538095 0.270402 0.0289623 0.0526937
2 0.897748 0.255393 0.0569889 0.0399103
2 0.598528 0.448174 0.061733 0.128166
2 0.137832 0.251328 0.0511477 0.0368751
2 0.495887 0.281062 0.0324953 0.0671164
0 0.0584221 0.43252 0.0166397 0.0786245
0 0.130349 0.332435 0.0153562 0.0802927
5 0.368557 0.237179 0.042238 0.0786526
0 0.00747612 0.463789 0.0149522 0.0845617
0 0.105387 0.366377 0.0188182 0.0965704
5 0.616779 0.191399 0.0619175 0.0840388
2 0.448135 0.271144 0.0337845 0.0411469
2 0.885351 0.308304 0.0574698 0.0500547
2 0.177416 0.160533 0.0320338 0.0222139
2 0.442658 0.312166 0.0304367 0.0730774
2 0.384694 0.17882 0.0219625 0.0385903
2 0.219538 0.163759 0.0247814 0.0269661
2 0.882936 0.301824 0.0518024 0.0379648
2 0.0976143 0.725793 0.155517 0.227266
2 0.36412 0.853659 0.11885 0.2874
5 0.954462 0.240664 0.0906563 0.106939
2 0.635138 0.603294 0.0875709 0.1615
2 0.543988 0.76784 0.0990332 0.241868
2 0.396463 0.550418 0.0732982 0.134464
2 0.931506 0.612048 0.136429 0.152729
2 0.503449 0.519961 0.0663881 0.120613
2 0.747049 0.895187 0.156753 0.198083
2 0.042224 0.610219 0.0831763 0.205779
5 0.866357 0.41211 0.266586 0.326971
2 0.0282088 0.922046 0.0561061 0.150988
2 0.120517 0.493169 0.0913229 0.118441
2 0.502688 0.348221 0.0399694 0.0715607
5 0.281983 0.235914 0.0797851 0.113543
2 0.980957 0.343722 0.0374111 0.0665911
2 0.562639 0.355581 0.0424783 0.067807
2 0.434166 0.363501 0.0374769 0.0711824
2 0.350022 0.285764 0.03406 0.0500713
2 0.737698 0.205599 0.0297539 0.0333634
2 0.288592 0.303779 0.0415862 0.0584298
5 0.319975 0.19809 0.0531754 0.0906441
2 0.201549 0.510217 0.134439 0.249113
2 0.295373 0.372885 0.0521754 0.0885449
2 0.995222 0.74955 0.00892029 0.117413
2 0.263705 0.419508 0.0675161 0.130648
2 0.55379 0.3105 0.0352248 0.0570302
7 0.598494 0.447969 0.0616447 0.128272
2 0.312975 0.274435 0.0362809 0.0567514
2 0.255143 0.338324 0.0504798 0.0548162
0 0.173687 0.314245 0.0140911 0.0592271
2 0.199709 0.400296 0.0653876 0.0750902
2 0.0696786 0.264633 0.0454189 0.038573
2 0.538095 0.270402 0.0289623 0.0526937
2 0.897748 0.255393 0.0569889 0.0399103
2 0.598528 0.448174 0.061733 0.128166
2 0.137832 0.251328 0.0511477 0.0368751
2 0.495887 0.281062 0.0324953 0.0671164
0 0.0584221 0.43252 0.0166397 0.0786245
0 0.130349 0.332435 0.0153562 0.0802927
5 0.368557 0.237179 0.042238 0.0786526
0 0.00747612 0.463789 0.0149522 0.0845617
0 0.105387 0.366377 0.0188182 0.0965704
5 0.616779 0.191399 0.0619175 0.0840388
2 0.448135 0.271144 0.0337845 0.0411469
2 0.885351 0.308304 0.0574698 0.0500547
2 0.177416 0.160533 0.0320338 0.0222139
2 0.442658 0.312166 0.0304367 0.0730774
2 0.384694 0.17882 0.0219625 0.0385903
2 0.219538 0.163759 0.0247814 0.0269661
2 0.882936 0.301824 0.0518024 0.0379648
2 0.0976143 0.725793 0.155517 0.227266
2 0.36412 0.853659 0.11885 0.2874
5 0.954462 0.240664 0.0906563 0.106939
2 0.635138 0.603294 0.0875709 0.1615
2 0.543988 0.76784 0.0990332 0.241868
2 0.396463 0.550418 0.0732982 0.134464
2 0.931506 0.612048 0.136429 0.152729
2 0.503449 0.519961 0.0663881 0.120613
2 0.747049 0.895187 0.156753 0.198083
2 0.042224 0.610219 0.0831763 0.205779
5 0.866357 0.41211 0.266586 0.326971
2 0.0282088 0.922046 0.0561061 0.150988
2 0.120517 0.493169 0.0913229 0.118441
2 0.502688 0.348221 0.0399694 0.0715607
5 0.281983 0.235914 0.0797851 0.113543
2 0.980957 0.343722 0.0374111 0.0665911
2 0.562639 0.355581 0.0424783 0.067807
2 0.434166 0.363501 0.0374769 0.0711824
2 0.350022 0.285764 0.03406 0.0500713
2 0.737698 0.205599 0.0297539 0.0333634
2 0.288592 0.303779 0.0415862 0.0584298
5 0.319975 0.19809 0.0531754 0.0906441
2 0.201549 0.510217 0.134439 0.249113
2 0.295373 0.372885 0.0521754 0.0885449
2 0.995222 0.74955 0.00892029 0.117413
2 0.263705 0.419508 0.0675161 0.130648
2 0.55379 0.3105 0.0352248 0.0570302
7 0.598494 0.447969 0.0616447 0.128272
2 0.312975 0.274435 0.0362809 0.0567514
2 0.255143 0.338324 0.0504798 0.0548162
0 0.173687 0.314245 0.0140911 0.0592271
2 0.199709 0.400296 0.0653876 0.0750902
2 0.0696786 0.264633 0.0454189 0.038573
2 0.538095 0.270402 0.0289623 0.0526937
2 0.897748 0.255393 0.0569889 0.0399103
2 0.598528 0.448174 0.061733 0.128166
2 0.137832 0.251328 0.0511477 0.0368751
2 0.495887 0.281062 0.0324953 0.0671164
0 0.0584221 0.43252 0.0166397 0.0786245
0 0.130349 0.332435 0.0153562 0.0802927
5 0.368557 0.237179 0.042238 0.0786526
0 0.00747612 0.463789 0.0149522 0.0845617
0 0.105387 0.366377 0.0188182 0.0965704
5 0.616779 0.191399 0.0619175 0.0840388
2 0.448135 0.271144 0.0337845 0.0411469
2 0.885351 0.308304 0.0574698 0.0500547
2 0.177416 0.160533 0.0320338 0.0222139
2 0.442658 0.312166 0.0304367 0.0730774
2 0.384694 0.17882 0.0219625 0.0385903
2 0.219538 0.163759 0.0247814 0.0269661
2 0.882936 0.301824 0.0518024 0.0379648
2 0.0976143 0.725793 0.155517 0.227266
2 0.36412 0.853659 0.11885 0.2874
5 0.954462 0.240664 0.0906563 0.106939
2 0.635138 0.603294 0.0875709 0.1615
2 0.543988 0.76784 0.0990332 0.241868
2 0.396463 0.550418 0.0732982 0.134464
2 0.931506 0.612048 0.136429 0.152729
2 0.503449 0.519961 0.0663881 0.120613
2 0.747049 0.895187 0.156753 0.198083
2 0.042224 0.610219 0.0831763 0.205779
5 0.866357 0.41211 0.266586 0.326971
2 0.0282088 0.922046 0.0561061 0.150988
2 0.120517 0.493169 0.0913229 0.118441
2 0.502688 0.348221 0.0399694 0.0715607
5 0.281983 0.235914 0.0797851 0.113543
2 0.980957 0.343722 0.0374111 0.0665911
2 0.562639 0.355581 0.0424783 0.067807
2 0.434166 0.363501 0.0374769 0.0711824
2 0.350022 0.285764 0.03406 0.0500713
2 0.737698 0.205599 0.0297539 0.0333634
2 0.288592 0.303779 0.0415862 0.0584298
5 0.319975 0.19809 0.0531754 0.0906441
2 0.201549 0.510217 0.134439 0.249113
2 0.295373 0.372885 0.0521754 0.0885449
2 0.995222 0.74955 0.00892029 0.117413
2 0.263705 0.419508 0.0675161 0.130648
2 0.55379 0.3105 0.0352248 0.0570302
7 0.598494 0.447969 0.0616447 0.128272
2 0.312975 0.274435 0.0362809 0.0567514
2 0.255143 0.338324 0.0504798 0.0548162
0 0.173687 0.314245 0.0140911 0.0592271
2 0.199709 0.400296 0.0653876 0.0750902
2 0.0696786 0.264633 0.0454189 0.038573
2 0.538095 0.270402 0.0289623 0.0526937
2 0.897748 0.255393 0.0569889 0.0399103
2 0.598528 0.448174 0.061733 0.128166
2 0.137832 0.251328 0.0511477 0.0368751
2 0.495887 0.281062 0.0324953 0.0671164
0 0.0584221 0.43252 0.0166397 0.0786245
0 0.130349 0.332435 0.0153562 0.0802927
5 0.368557 0.237179 0.042238 0.0786526
0 0.00747612 0.463789 0.0149522 0.0845617
0 0.105387 0.366377 0.0188182 0.0965704
5 0.616779 0.191399 0.0619175 0.0840388
2 0.448135 0.271144 0.0337845 0.0411469
2 0.885351 0.308304 0.0574698 0.0500547
2 0.177416 0.160533 0.0320338 0.0222139
2 0.442658 0.312166 0.0304367 0.0730774
2 0.384694 0.17882 0.0219625 0.0385903
2 0.219538 0.163759 0.0247814 0.0269661
2 0.882936 0.301824 0.0518024 0.0379648
2 0.0976143 0.725793 0.155517 0.227266
2 0.36412 0.853659 0.11885 0.2874
5 0.954462 0.240664 0.0906563 0.106939
2 0.635138 0.603294 0.0875709 0.1615
2 0.543988 0.76784 0.0990332 0.241868
2 0.396463 0.550418 0.0732982 0.134464
2 0.931506 0.612048 0.136429 0.152729
2 0.503449 0.519961 0.0663881 0.120613
2 0.747049 0.895187 0.156753 0.198083
2 0.042224 0.610219 0.0831763 0.205779
5 0.866357 0.41211 0.266586 0.326971
2 0.0282088 0.922046 0.0561061 0.150988
2 0.120517 0.493169 0.0913229 0.118441
2 0.502688 0.348221 0.0399694 0.0715607
5 0.281983 0.235914 0.0797851 0.113543
2 0.980957 0.343722 0.0374111 0.0665911
2 0.562639 0.355581 0.0424783 0.067807
2 0.434166 0.363501 0.0374769 0.0711824
2 0.350022 0.285764 0.03406 0.0500713
2 0.737698 0.205599 0.0297539 0.0333634
2 0.288592 0.303779 0.0415862 0.0584298
5 0.319975 0.19809 0.0531754 0.0906441
2 0.201549 0.510217 0.134439 0.249113
2 0.295373 0.372885 0.0521754 0.0885449
2 0.995222 0.74955 0.00892029 0.117413
2 0.263705 0.419508 0.0675161 0.130648
2 0.55379 0.3105 0.0352248 0.0570302
7 0.598494 0.447969 0.0616447 0.128272
2 0.312975 0.274435 0.0362809 0.0567514
2 0.255143 0.338324 0.0504798 0.0548162
0 0.173687 0.314245 0.0140911 0.0592271
2 0.199709 0.400296 0.0653876 0.0750902
2 0.0696786 0.264633 0.0454189 0.038573
2 0.538095 0.270402 0.0289623 0.0526937
2 0.897748 0.255393 0.0569889 0.0399103
2 0.598528 0.448174 0.061733 0.128166
2 0.137832 0.251328 0.0511477 0.0368751
2 0.495887 0.281062 0.0324953 0.0671164
0 0.0584221 0.43252 0.0166397 0.0786245
0 0.130349 0.332435 0.0153562 0.0802927
5 0.368557 0.237179 0.042238 0.0786526
0 0.00747612 0.463789 0.0149522 0.0845617
0 0.105387 0.366377 0.0188182 0.0965704
5 0.616779 0.191399 0.0619175 0.0840388
2 0.448135 0.271144 0.0337845 0.0411469
2 0.885351 0.308304 0.0574698 0.0500547
2 0.177416 0.160533 0.0320338 0.0222139
2 0.442658 0.312166 0.0304367 0.0730774
2 0.384694 0.17882 0.0219625 0.0385903
2 0.219538 0.163759 0.0247814 0.0269661
2 0.882936 0.301824 0.0518024 0.0379648
2 0.0976143 0.725793 0.155517 0.227266
2 0.36412 0.853659 0.11885 0.2874
5 0.954462 0.240664 0.0906563 0.106939
2 0.635138 0.603294 0.0875709 0.1615
2 0.543988 0.76784 0.0990332 0.241868
2 0.396463 0.550418 0.0732982 0.134464
2 0.931506 0.612048 0.136429 0.152729
2 0.503449 0.519961 0.0663881 0.120613
2 0.747049 0.895187 0.156753 0.198083
2 0.042224 0.610219 0.0831763 0.205779
5 0.866357 0.41211 0.266586 0.326971
2 0.0282088 0.922046 0.0561061 0.150988
2 0.120517 0.493169 0.0913229 0.118441
2 0.502688 0.348221 0.0399694 0.0715607
5 0.281983 0.235914 0.0797851 0.113543
2 0.980957 0.343722 0.0374111 0.0665911
2 0.562639 0.355581 0.0424783 0.067807
2 0.434166 0.363501 0.0374769 0.0711824
2 0.350022 0.285764 0.03406 0.0500713
2 0.737698 0.205599 0.0297539 0.0333634
2 0.288592 0.303779 0.0415862 0.0584298
5 0.319975 0.19809 0.0531754 0.0906441
2 0.201549 0.510217 0.134439 0.249113
2 0.295373 0.372885 0.0521754 0.0885449
2 0.995222 0.74955 0.00892029 0.117413
2 0.263705 0.419508 0.0675161 0.130648
2 0.55379 0.3105 0.0352248 0.0570302
7 0.598494 0.447969 0.0616447 0.128272
2 0.312975 0.274435 0.0362809 0.0567514
2 0.255143 0.338324 0.0504798 0.0548162
0 0.173687 0.314245 0.0140911 0.0592271
2 0.199709 0.400296 0.0653876 0.0750902
2 0.0696786 0.264633 0.0454189 0.038573
2 0.538095 0.270402 0.0289623 0.0526937
2 0.897748 0.255393 0.0569889 0.0399103
2 0.598528 0.448174 0.061733 0.128166
2 0.137832 0.251328 0.0511477 0.0368751
2 0.495887 0.281062 0.0324953 0.0671164
0 0.0584221 0.43252 0.0166397 0.0786245
0 0.130349 0.332435 0.0153562 0.0802927
5 0.368557 0.237179 0.042238 0.0786526
0 0.00747612 0.463789 0.0149522 0.0845617
0 0.105387 0.366377 0.0188182 0.0965704
5 0.616779 0.191399 0.0619175 0.0840388
2 0.448135 0.271144 0.0337845 0.0411469
2 0.885351 0.308304 0.0574698 0.0500547
2 0.177416 0.160533 0.0320338 0.0222139
2 0.442658 0.312166 0.0304367 0.0730774
2 0.384694 0.17882 0.0219625 0.0385903
2 0.219538 0.163759 0.0247814 0.0269661
2 0.882936 0.301824 0.0518024 0.0379648
2 0.0976143 0.725793 0.155517 0.227266
2 0.36412 0.853659 0.11885 0.2874
5 0.954462 0.240664 0.0906563 0.106939
2 0.635138 0.603294 0.0875709 0.1615
2 0.543988 0.76784 0.0990332 0.241868
2 0.396463 0.550418 0.0732982 0.134464
2 0.931506 0.612048 0.136429 0.152729
2 0.503449 0.519961 0.0663881 0.120613
2 0.747049 0.895187 0.156753 0.198083
2 0.042224 0.610219 0.0831763 0.205779
5 0.866357 0.41211 0.266586 0.326971
2 0.0282088 0.922046 0.0561061 0.150988
2 0.120517 0.493169 0.0913229 0.118441
2 0.502688 0.348221 0.0399694 0.0715607
5 0.281983 0.235914 0.0797851 0.113543
2 0.980957 0.343722 0.0374111 0.0665911
2 0.562639 0.355581 0.0424783 0.067807
2 0.434166 0.363501 0.0374769 0.0711824
2 0.350022 0.285764 0.03406 0.0500713
2 0.737698 0.205599 0.0297539 0.0333634
2 0.288592 0.303779 0.0415862 0.0584298
5 0.319975 0.19809 0.0531754 0.0906441
2 0.201549 0.510217 0.134439 0.249113
2 0.295373 0.372885 0.0521754 0.0885449
2 0.995222 0.74955 0.00892029 0.117413
2 0.263705 0.419508 0.0675161 0.130648
2 0.55379 0.3105 0.0352248 0.0570302
7 0.598494 0.447969 0.0616447 0.128272
2 0.312975 0.274435 0.0362809 0.0567514
2 0.255143 0.338324 0.0504798 0.0548162
0 0.173687 0.314245 0.0140911 0.0592271
2 0.199709 0.400296 0.0653876 0.0750902
2 0.0696786 0.264633 0.0454189 0.038573
2 0.538095 0.270402 0.0289623 0.0526937
2 0.897748 0.255393 0.0569889 0.0399103
2 0.598528 0.448174 0.061733 0.128166
2 0.137832 0.251328 0.0511477 0.0368751
2 0.495887 0.281062 0.0324953 0.0671164
0 0.0584221 0.43252 0.0166397 0.0786245
0 0.130349 0.332435 0.0153562 0.0802927
5 0.368557 0.237179 0.042238 0.0786526
0 0.00747612 0.463789 0.0149522 0.0845617
0 0.105387 0.366377 0.0188182 0.0965704
5 0.616779 0.191399 0.0619175 0.0840388
2 0.448135 0.271144 0.0337845 0.0411469
2 0.885351 0.308304 0.0574698 0.0500547
2 0.177416 0.160533 0.0320338 0.0222139
2 0.442658 0.312166 0.0304367 0.0730774
2 0.384694 0.17882 0.0219625 0.0385903
2 0.219538 0.163759 0.0247814 0.0269661
2 0.882936 0.301824 0.0518024 0.0379648
2 0.36437 0.853013 0.118493 0.285517
2 0.931553 0.611568 0.136123 0.151368
2 0.0975815 0.72596 0.156667 0.230032
2 0.544406 0.768908 0.0995024 0.242585
5 0.954418 0.239213 0.090324 0.109414
2 0.396483 0.549911 0.0733506 0.135056
2 0.635284 0.603296 0.088092 0.162257
2 0.747055 0.895368 0.15473 0.200222
2 0.119695 0.495583 0.0884574 0.119234
2 0.504204 0.520326 0.0670904 0.121401
2 0.0283567 0.919391 0.0564562 0.15144
5 0.866051 0.414338 0.266381 0.329296
5 0.282393 0.236334 0.0766312 0.109584
7 0.200778 0.513273 0.132333 0.252538
7 0.598396 0.448547 0.062216 0.129921
2 0.0421105 0.609941 0.0833393 0.204714
2 0.979126 0.343663 0.0409126 0.0677522
2 0.433763 0.361519 0.0377188 0.0750614
5 0.319135 0.198153 0.0545967 0.0933467
2 0.562452 0.354949 0.0427553 0.0686579
2 0.502168 0.347354 0.0424526 0.0744565
2 0.262984 0.421517 0.0698335 0.131151
5 0.617127 0.189206 0.0594057 0.0877575
2 0.295105 0.372088 0.0552579 0.0882358
2 0.995427 0.747815 0.00832825 0.114341
2 0.289427 0.30445 0.0423693 0.0570704
2 0.36437 0.853013 0.118493 0.285517
2 0.931553 0.611568 0.136123 0.151368
2 0.0975815 0.72596 0.156667 0.230032
2 0.544406 0.768908 0.0995024 0.242585
5 0.954418 0.239213 0.090324 0.109414
2 0.396483 0.549911 0.0733506 0.135056
2 0.635284 0.603296 0.088092 0.162257
2 0.747055 0.895368 0.15473 0.200222
2 0.119695 0.495583 0.0884574 0.119234
2 0.504204 0.520326 0.0670904 0.121401
2 0.0283567 0.919391 0.0564562 0.15144
5 0.866051 0.414338 0.266381 0.329296
5 0.282393 0.236334 0.0766312 0.109584
7 0.200778 0.513273 0.132333 0.252538
7 0.598396 0.448547 0.062216 0.129921
2 0.0421105 0.609941 0.0833393 0.204714
2 0.979126 0.343663 0.0409126 0.0677522
2 0.433763 0.361519 0.0377188 0.0750614
5 0.319135 0.198153 0.0545967 0.0933467
2 0.562452 0.354949 0.0427553 0.0686579
2 0.502168 0.347354 0.0424526 0.0744565
2 0.262984 0.421517 0.0698335 0.131151
5 0.617127 0.189206 0.0594057 0.0877575
2 0.295105 0.372088 0.0552579 0.0882358
2 0.995427 0.747815 0.00832825 0.114341
2 0.289427 0.30445 0.0423693 0.0570704
2 0.36437 0.853013 0.118493 0.285517
2 0.931553 0.611568 0.136123 0.151368
2 0.0975815 0.72596 0.156667 0.230032
2 0.544406 0.768908 0.0995024 0.242585
5 0.954418 0.239213 0.090324 0.109414
2 0.396483 0.549911 0.0733506 0.135056
2 0.635284 0.603296 0.088092 0.162257
2 0.747055 0.895368 0.15473 0.200222
2 0.119695 0.495583 0.0884574 0.119234
2 0.504204 0.520326 0.0670904 0.121401
2 0.0283567 0.919391 0.0564562 0.15144
5 0.866051 0.414338 0.266381 0.329296
5 0.282393 0.236334 0.0766312 0.109584
7 0.200778 0.513273 0.132333 0.252538
7 0.598396 0.448547 0.062216 0.129921
2 0.0421105 0.609941 0.0833393 0.204714
2 0.979126 0.343663 0.0409126 0.0677522
2 0.433763 0.361519 0.0377188 0.0750614
5 0.319135 0.198153 0.0545967 0.0933467
2 0.562452 0.354949 0.0427553 0.0686579
2 0.502168 0.347354 0.0424526 0.0744565
2 0.262984 0.421517 0.0698335 0.131151
5 0.617127 0.189206 0.0594057 0.0877575
2 0.295105 0.372088 0.0552579 0.0882358
2 0.995427 0.747815 0.00832825 0.114341
2 0.289427 0.30445 0.0423693 0.0570704
2 0.36437 0.853013 0.118493 0.285517
2 0.931553 0.611568 0.136123 0.151368
2 0.0975815 0.72596 0.156667 0.230032
2 0.544406 0.768908 0.0995024 0.242585
5 0.954418 0.239213 0.090324 0.109414
2 0.396483 0.549911 0.0733506 0.135056
2 0.635284 0.603296 0.088092 0.162257
2 0.747055 0.895368 0.15473 0.200222
2 0.119695 0.495583 0.0884574 0.119234
2 0.504204 0.520326 0.0670904 0.121401
2 0.0283567 0.919391 0.0564562 0.15144
5 0.866051 0.414338 0.266381 0.329296
5 0.282393 0.236334 0.0766312 0.109584
7 0.200778 0.513273 0.132333 0.252538
7 0.598396 0.448547 0.062216 0.129921
2 0.0421105 0.609941 0.0833393 0.204714
2 0.979126 0.343663 0.0409126 0.0677522
2 0.433763 0.361519 0.0377188 0.0750614
5 0.319135 0.198153 0.0545967 0.0933467
2 0.562452 0.354949 0.0427553 0.0686579
2 0.502168 0.347354 0.0424526 0.0744565
2 0.262984 0.421517 0.0698335 0.131151
5 0.617127 0.189206 0.0594057 0.0877575
2 0.295105 0.372088 0.0552579 0.0882358
2 0.995427 0.747815 0.00832825 0.114341
2 0.289427 0.30445 0.0423693 0.0570704
2 0.36437 0.853013 0.118493 0.285517
2 0.931553 0.611568 0.136123 0.151368
2 0.0975815 0.72596 0.156667 0.230032
2 0.544406 0.768908 0.0995024 0.242585
5 0.954418 0.239213 0.090324 0.109414
2 0.396483 0.549911 0.0733506 0.135056
2 0.635284 0.603296 0.088092 0.162257
2 0.747055 0.895368 0.15473 0.200222
2 0.119695 0.495583 0.0884574 0.119234
2 0.504204 0.520326 0.0670904 0.121401
2 0.0283567 0.919391 0.0564562 0.15144
5 0.866051 0.414338 0.266381 0.329296
5 0.282393 0.236334 0.0766312 0.109584
7 0.200778 0.513273 0.132333 0.252538
7 0.598396 0.448547 0.062216 0.129921
2 0.0421105 0.609941 0.0833393 0.204714
2 0.979126 0.343663 0.0409126 0.0677522
2 0.433763 0.361519 0.0377188 0.0750614
5 0.319135 0.198153 0.0545967 0.0933467
2 0.562452 0.354949 0.0427553 0.0686579
2 0.502168 0.347354 0.0424526 0.0744565
2 0.262984 0.421517 0.0698335 0.131151
5 0.617127 0.189206 0.0594057 0.0877575
2 0.295105 0.372088 0.0552579 0.0882358
2 0.995427 0.747815 0.00832825 0.114341
2 0.289427 0.30445 0.0423693 0.0570704
2 0.36437 0.853013 0.118493 0.285517
2 0.931553 0.611568 0.136123 0.151368
2 0.0975815 0.72596 0.156667 0.230032
2 0.544406 0.768908 0.0995024 0.242585
5 0.954418 0.239213 0.090324 0.109414
2 0.396483 0.549911 0.0733506 0.135056
2 0.635284 0.603296 0.088092 0.162257
2 0.747055 0.895368 0.15473 0.200222
2 0.119695 0.495583 0.0884574 0.119234
2 0.504204 0.520326 0.0670904 0.121401
2 0.0283567 0.919391 0.0564562 0.15144
5 0.866051 0.414338 0.266381 0.329296
5 0.282393 0.236334 0.0766312 0.109584
7 0.200778 0.513273 0.132333 0.252538
7 0.598396 0.448547 0.062216 0.129921
2 0.0421105 0.609941 0.0833393 0.204714
2 0.979126 0.343663 0.0409126 0.0677522
2 0.433763 0.361519 0.0377188 0.0750614
5 0.319135 0.198153 0.0545967 0.0933467
2 0.562452 0.354949 0.0427553 0.0686579
2 0.502168 0.347354 0.0424526 0.0744565
2 0.262984 0.421517 0.0698335 0.131151
5 0.617127 0.189206 0.0594057 0.0877575
2 0.295105 0.372088 0.0552579 0.0882358
2 0.995427 0.747815 0.00832825 0.114341
2 0.289427 0.30445 0.0423693 0.0570704
2 0.36437 0.853013 0.118493 0.285517
2 0.931553 0.611568 0.136123 0.151368
2 0.0975815 0.72596 0.156667 0.230032
2 0.544406 0.768908 0.0995024 0.242585
5 0.954418 0.239213 0.090324 0.109414
2 0.396483 0.549911 0.0733506 0.135056
2 0.635284 0.603296 0.088092 0.162257
2 0.747055 0.895368 0.15473 0.200222
2 0.119695 0.495583 0.0884574 0.119234
2 0.504204 0.520326 0.0670904 0.121401
2 0.0283567 0.919391 0.0564562 0.15144
5 0.866051 0.414338 0.266381 0.329296
5 0.282393 0.236334 0.0766312 0.109584
7 0.200778 0.513273 0.132333 0.252538
7 0.598396 0.448547 0.062216 0.129921
2 0.0421105 0.609941 0.0833393 0.204714
2 0.979126 0.343663 0.0409126 0.0677522
2 0.433763 0.361519 0.0377188 0.0750614
5 0.319135 0.198153 0.0545967 0.0933467
2 0.562452 0.354949 0.0427553 0.0686579
2 0.502168 0.347354 0.0424526 0.0744565
2 0.262984 0.421517 0.0698335 0.131151
5 0.617127 0.189206 0.0594057 0.0877575
2 0.295105 0.372088 0.0552579 0.0882358
2 0.995427 0.747815 0.00832825 0.114341
2 0.289427 0.30445 0.0423693 0.0570704
2 0.36437 0.853013 0.118493 0.285517
2 0.931553 0.611568 0.136123 0.151368
2 0.0975815 0.72596 0.156667 0.230032
2 0.544406 0.768908 0.0995024 0.242585
5 0.954418 0.239213 0.090324 0.109414
2 0.396483 0.549911 0.0733506 0.135056
2 0.635284 0.603296 0.088092 0.162257
2 0.747055 0.895368 0.15473 0.200222
2 0.119695 0.495583 0.0884574 0.119234
2 0.504204 0.520326 0.0670904 0.121401
2 0.0283567 0.919391 0.0564562 0.15144
5 0.866051 0.414338 0.266381 0.329296
5 0.282393 0.236334 0.0766312 0.109584
7 0.200778 0.513273 0.132333 0.252538
7 0.598396 0.448547 0.062216 0.129921
2 0.0421105 0.609941 0.0833393 0.204714
2 0.979126 0.343663 0.0409126 0.0677522
2 0.433763 0.361519 0.0377188 0.0750614
5 0.319135 0.198153 0.0545967 0.0933467
2 0.562452 0.354949 0.0427553 0.0686579
2 0.502168 0.347354 0.0424526 0.0744565
2 0.262984 0.421517 0.0698335 0.131151
5 0.617127 0.189206 0.0594057 0.0877575
2 0.295105 0.372088 0.0552579 0.0882358
2 0.995427 0.747815 0.00832825 0.114341
2 0.289427 0.30445 0.0423693 0.0570704
2 0.25504 0.342114 0.0521585 0.0604121
0 0.173764 0.316915 0.014141 0.0544632
2 0.898959 0.255149 0.0535542 0.0343264
2 0.136575 0.250007 0.0537441 0.0381038
2 0.351624 0.284644 0.0374124 0.0505262
2 0.313562 0.274599 0.0341838 0.0556683
2 0.203126 0.398904 0.0631501 0.0706984
0 0.129913 0.342425 0.0161432 0.0578679
2 0.552947 0.309998 0.0361557 0.0569112
0 0.104332 0.374562 0.0183053 0.0792158
2 0.737142 0.205469 0.0305729 0.0335531
0 0.0583758 0.428604 0.0176317 0.0852782
0 0.00869887 0.464926 0.0173752 0.0833498
5 0.899678 0.427587 0.199879 0.292698
7 0.574011 0.189581 0.0304716 0.069025
