2 0.379584 0.660156 0.0880374 0.179672
2 0.704492 0.858015 0.142958 0.276803
2 0.0969591 0.739818 0.15713 0.227714
2 0.512157 0.639957 0.0828836 0.169834
5 0.90926 0.457296 0.180659 0.267123
2 0.931151 0.626281 0.136998 0.154377
2 0.563411 0.921869 0.118788 0.151606
2 0.0374437 0.633367 0.0739503 0.207217
2 0.112216 0.519819 0.0972383 0.124111
5 0.809951 0.192492 0.0981526 0.07513
2 0.348026 0.940391 0.124072 0.115369
5 0.283388 0.249892 0.0756981 0.102718
2 0.579116 0.414912 0.0507373 0.0815019
2 0.507863 0.38993 0.0480844 0.085915
5 0.746306 0.460139 0.251 0.418809
2 0.555786 0.324032 0.0368031 0.0573951
2 0.432229 0.402944 0.0402959 0.0792254
2 0.636315 0.578756 0.0841972 0.185324
2 0.337433 0.314462 0.0385266 0.0578745
2 0.28305 0.328161 0.0448327 0.0640639
2 0.265184 0.430522 0.0696834 0.134039
5 0.365799 0.255323 0.0350167 0.0864038
2 0.442559 0.321933 0.0345481 0.0881799
5 0.321005 0.211414 0.0535768 0.0854573
2 0.299067 0.379307 0.0479909 0.0863291
2 0.203313 0.520066 0.134188 0.253797
2 0.196743 0.422598 0.0654273 0.0770961
2 0.243892 0.360707 0.0434609 0.0550322
0 0.203352 0.354665 0.0209989 0.0615239
2 0.306133 0.295161 0.0347556 0.0530957
2 0.694165 0.192406 0.0228267 0.0295015
0 0.189853 0.318889 0.0136225 0.0584261
0 0.0957722 0.386843 0.0153801 0.0736927
2 0.540464 0.281177 0.0307129 0.052604
2 0.499561 0.314342 0.0366611 0.0748789
0 0.10848 0.380137 0.0171319 0.0897351
0 0.132045 0.353818 0.0149271 0.0615202
0 0.0605012 0.438799 0.0152355 0.0890049
2 0.995868 0.767885 0.00759697 0.0926524
5 0.675802 0.245556 0.103645 0.121659
2 0.337303 0.260356 0.0252806 0.0439932
2 0.216001 0.176022 0.0360592 0.0254061
2 0.00550943 0.982101 0.0110189 0.03477
2 0.452988 0.276346 0.0284657 0.0438783
2 0.496837 0.262577 0.0254402 0.0248056
5 0.689654 0.254291 0.0765589 0.102802
2 0.0688808 0.277048 0.037884 0.0333259
0 0.0443204 0.413782 0.0163947 0.0718497
0 0.007971 0.475103 0.015942 0.0919573
2 0.526108 0.227923 0.0218352 0.0344769
5 0.0326278 0.366104 0.064737 0.144921
0 0.0460601 0.419125 0.0123797 0.0640401
2 0.379584 0.660156 0.0880374 0.179672
2 0.704492 0.858015 0.142958 0.276803
2 0.0969591 0.739818 0.15713 0.227714
2 0.512157 0.639957 0.0828836 0.169834
5 0.90926 0.457296 0.180659 0.267123
2 0.931151 0.626281 0.136998 0.154377
2 0.563411 0.921869 0.118788 0.151606
2 0.0374437 0.633367 0.0739503 0.207217
2 0.112216 0.519819 0.0972383 0.124111
5 0.809951 0.192492 0.0981526 0.07513
2 0.348026 0.940391 0.124072 0.115369
5 0.283388 0.249892 0.0756981 0.102718
2 0.579116 0.414912 0.0507373 0.0815019
2 0.507863 0.38993 0.0480844 0.085915
5 0.746306 0.460139 0.251 0.418809
2 0.555786 0.324032 0.0368031 0.0573951
2 0.432229 0.402944 0.0402959 0.0792254
2 0.636315 0.578756 0.0841972 0.185324
2 0.337433 0.314462 0.0385266 0.0578745
2 0.28305 0.328161 0.0448327 0.0640639
2 0.265184 0.430522 0.0696834 0.134039
5 0.365799 0.255323 0.0350167 0.0864038
2 0.442559 0.321933 0.0345481 0.0881799
5 0.321005 0.211414 0.0535768 0.0854573
2 0.299067 0.379307 0.0479909 0.0863291
2 0.203313 0.520066 0.134188 0.253797
2 0.196743 0.422598 0.0654273 0.0770961
2 0.243892 0.360707 0.0434609 0.0550322
0 0.203352 0.354665 0.0209989 0.0615239
2 0.306133 0.295161 0.0347556 0.0530957
2 0.694165 0.192406 0.0228267 0.0295015
0 0.189853 0.318889 0.0136225 0.0584261
0 0.0957722 0.386843 0.0153801 0.0736927
2 0.540464 0.281177 0.0307129 0.052604
2 0.499561 0.314342 0.0366611 0.0748789
0 0.10848 0.380137 0.0171319 0.0897351
0 0.132045 0.353818 0.0149271 0.0615202
0 0.0605012 0.438799 0.0152355 0.0890049
2 0.995868 0.767885 0.00759697 0.0926524
5 0.675802 0.245556 0.103645 0.121659
2 0.337303 0.260356 0.0252806 0.0439932
2 0.216001 0.176022 0.0360592 0.0254061
2 0.00550943 0.982101 0.0110189 0.03477
2 0.452988 0.276346 0.0284657 0.0438783
2 0.496837 0.262577 0.0254402 0.0248056
5 0.689654 0.254291 0.0765589 0.102802
2 0.0688808 0.277048 0.037884 0.0333259
0 0.0443204 0.413782 0.0163947 0.0718497
0 0.007971 0.475103 0.015942 0.0919573
2 0.526108 0.227923 0.0218352 0.0344769
5 0.0326278 0.366104 0.064737 0.144921
0 0.0460601 0.419125 0.0123797 0.0640401
2 0.379584 0.660156 0.0880374 0.179672
2 0.704492 0.858015 0.142958 0.276803
2 0.0969591 0.739818 0.15713 0.227714
2 0.512157 0.639957 0.0828836 0.169834
5 0.90926 0.457296 0.180659 0.267123
2 0.931151 0.626281 0.136998 0.154377
2 0.563411 0.921869 0.118788 0.151606
2 0.0374437 0.633367 0.0739503 0.207217
2 0.112216 0.519819 0.0972383 0.124111
5 0.809951 0.192492 0.0981526 0.07513
2 0.348026 0.940391 0.124072 0.115369
5 0.283388 0.249892 0.0756981 0.102718
2 0.579116 0.414912 0.0507373 0.0815019
2 0.507863 0.38993 0.0480844 0.085915
5 0.746306 0.460139 0.251 0.418809
2 0.555786 0.324032 0.0368031 0.0573951
2 0.432229 0.402944 0.0402959 0.0792254
2 0.636315 0.578756 0.0841972 0.185324
2 0.337433 0.314462 0.0385266 0.0578745
2 0.28305 0.328161 0.0448327 0.0640639
2 0.265184 0.430522 0.0696834 0.134039
5 0.365799 0.255323 0.0350167 0.0864038
2 0.442559 0.321933 0.0345481 0.0881799
5 0.321005 0.211414 0.0535768 0.0854573
2 0.299067 0.379307 0.0479909 0.0863291
2 0.203313 0.520066 0.134188 0.253797
2 0.196743 0.422598 0.0654273 0.0770961
2 0.243892 0.360707 0.0434609 0.0550322
0 0.203352 0.354665 0.0209989 0.0615239
2 0.306133 0.295161 0.0347556 0.0530957
2 0.694165 0.192406 0.0228267 0.0295015
0 0.189853 0.318889 0.0136225 0.0584261
0 0.0957722 0.386843 0.0153801 0.0736927
2 0.540464 0.281177 0.0307129 0.052604
2 0.499561 0.314342 0.0366611 0.0748789
0 0.10848 0.380137 0.0171319 0.0897351
0 0.132045 0.353818 0.0149271 0.0615202
0 0.0605012 0.438799 0.0152355 0.0890049
2 0.995868 0.767885 0.00759697 0.0926524
5 0.675802 0.245556 0.103645 0.121659
2 0.337303 0.260356 0.0252806 0.0439932
2 0.216001 0.176022 0.0360592 0.0254061
2 0.00550943 0.982101 0.0110189 0.03477
2 0.452988 0.276346 0.0284657 0.0438783
2 0.496837 0.262577 0.0254402 0.0248056
5 0.689654 0.254291 0.0765589 0.102802
2 0.0688808 0.277048 0.037884 0.0333259
0 0.0443204 0.413782 0.0163947 0.0718497
0 0.007971 0.475103 0.015942 0.0919573
2 0.526108 0.227923 0.0218352 0.0344769
5 0.0326278 0.366104 0.064737 0.144921
0 0.0460601 0.419125 0.0123797 0.0640401
2 0.379584 0.660156 0.0880374 0.179672
2 0.704492 0.858015 0.142958 0.276803
2 0.0969591 0.739818 0.15713 0.227714
2 0.512157 0.639957 0.0828836 0.169834
5 0.90926 0.457296 0.180659 0.267123
2 0.931151 0.626281 0.136998 0.154377
2 0.563411 0.921869 0.118788 0.151606
2 0.0374437 0.633367 0.0739503 0.207217
2 0.112216 0.519819 0.0972383 0.124111
5 0.809951 0.192492 0.0981526 0.07513
2 0.348026 0.940391 0.124072 0.115369
5 0.283388 0.249892 0.0756981 0.102718
2 0.579116 0.414912 0.0507373 0.0815019
2 0.507863 0.38993 0.0480844 0.085915
5 0.746306 0.460139 0.251 0.418809
2 0.555786 0.324032 0.0368031 0.0573951
2 0.432229 0.402944 0.0402959 0.0792254
2 0.636315 0.578756 0.0841972 0.185324
2 0.337433 0.314462 0.0385266 0.0578745
2 0.28305 0.328161 0.0448327 0.0640639
2 0.265184 0.430522 0.0696834 0.134039
5 0.365799 0.255323 0.0350167 0.0864038
2 0.442559 0.321933 0.0345481 0.0881799
5 0.321005 0.211414 0.0535768 0.0854573
2 0.299067 0.379307 0.0479909 0.0863291
2 0.203313 0.520066 0.134188 0.253797
2 0.196743 0.422598 0.0654273 0.0770961
2 0.243892 0.360707 0.0434609 0.0550322
0 0.203352 0.354665 0.0209989 0.0615239
2 0.306133 0.295161 0.0347556 0.0530957
2 0.694165 0.192406 0.0228267 0.0295015
0 0.189853 0.318889 0.0136225 0.0584261
0 0.0957722 0.386843 0.0153801 0.0736927
2 0.540464 0.281177 0.0307129 0.052604
2 0.499561 0.314342 0.0366611 0.0748789
0 0.10848 0.380137 0.0171319 0.0897351
0 0.132045 0.353818 0.0149271 0.0615202
0 0.0605012 0.438799 0.0152355 0.0890049
2 0.995868 0.767885 0.00759697 0.0926524
5 0.675802 0.245556 0.103645 0.121659
2 0.337303 0.260356 0.0252806 0.0439932
2 0.216001 0.176022 0.0360592 0.0254061
2 0.00550943 0.982101 0.0110189 0.03477
2 0.452988 0.276346 0.0284657 0.0438783
2 0.496837 0.262577 0.0254402 0.0248056
5 0.689654 0.254291 0.0765589 0.102802
2 0.0688808 0.277048 0.037884 0.0333259
0 0.0443204 0.413782 0.0163947 0.0718497
0 0.007971 0.475103 0.015942 0.0919573
2 0.526108 0.227923 0.0218352 0.0344769
5 0.0326278 0.366104 0.064737 0.144921
0 0.0460601 0.419125 0.0123797 0.0640401
2 0.379584 0.660156 0.0880374 0.179672
2 0.704492 0.858015 0.142958 0.276803
2 0.0969591 0.739818 0.15713 0.227714
2 0.512157 0.639957 0.0828836 0.169834
5 0.90926 0.457296 0.180659 0.267123
2 0.931151 0.626281 0.136998 0.154377
2 0.563411 0.921869 0.118788 0.151606
2 0.0374437 0.633367 0.0739503 0.207217
2 0.112216 0.519819 0.0972383 0.124111
5 0.809951 0.192492 0.0981526 0.07513
2 0.348026 0.940391 0.124072 0.115369
5 0.283388 0.249892 0.0756981 0.102718
2 0.579116 0.414912 0.0507373 0.0815019
2 0.507863 0.38993 0.0480844 0.085915
5 0.746306 0.460139 0.251 0.418809
2 0.555786 0.324032 0.0368031 0.0573951
2 0.432229 0.402944 0.0402959 0.0792254
2 0.636315 0.578756 0.0841972 0.185324
2 0.337433 0.314462 0.0385266 0.0578745
2 0.28305 0.328161 0.0448327 0.0640639
2 0.265184 0.430522 0.0696834 0.134039
5 0.365799 0.255323 0.0350167 0.0864038
2 0.442559 0.321933 0.0345481 0.0881799
5 0.321005 0.211414 0.0535768 0.0854573
2 0.299067 0.379307 0.0479909 0.0863291
2 0.203313 0.520066 0.134188 0.253797
2 0.196743 0.422598 0.0654273 0.0770961
2 0.243892 0.360707 0.0434609 0.0550322
0 0.203352 0.354665 0.0209989 0.0615239
2 0.306133 0.295161 0.0347556 0.0530957
2 0.694165 0.192406 0.0228267 0.0295015
0 0.189853 0.318889 0.0136225 0.0584261
0 0.0957722 0.386843 0.0153801 0.0736927
2 0.540464 0.281177 0.0307129 0.052604
2 0.499561 0.314342 0.0366611 0.0748789
0 0.10848 0.380137 0.0171319 0.0897351
0 0.132045 0.353818 0.0149271 0.0615202
0 0.0605012 0.438799 0.0152355 0.0890049
2 0.995868 0.767885 0.00759697 0.0926524
5 0.675802 0.245556 0.103645 0.121659
2 0.337303 0.260356 0.0252806 0.0439932
2 0.216001 0.176022 0.0360592 0.0254061
2 0.00550943 0.982101 0.0110189 0.03477
2 0.452988 0.276346 0.0284657 0.0438783
2 0.496837 0.262577 0.0254402 0.0248056
5 0.689654 0.254291 0.0765589 0.102802
2 0.0688808 0.277048 0.037884 0.0333259
0 0.0443204 0.413782 0.0163947 0.0718497
0 0.007971 0.475103 0.015942 0.0919573
2 0.526108 0.227923 0.0218352 0.0344769
5 0.0326278 0.366104 0.064737 0.144921
0 0.0460601 0.419125 0.0123797 0.0640401
2 0.379584 0.660156 0.0880374 0.179672
2 0.704492 0.858015 0.142958 0.276803
2 0.0969591 0.739818 0.15713 0.227714
2 0.512157 0.639957 0.0828836 0.169834
5 0.90926 0.457296 0.180659 0.267123
2 0.931151 0.626281 0.136998 0.154377
2 0.563411 0.921869 0.118788 0.151606
2 0.0374437 0.633367 0.0739503 0.207217
2 0.112216 0.519819 0.0972383 0.124111
5 0.809951 0.192492 0.0981526 0.07513
2 0.348026 0.940391 0.124072 0.115369
5 0.283388 0.249892 0.0756981 0.102718
2 0.579116 0.414912 0.0507373 0.0815019
2 0.507863 0.38993 0.0480844 0.085915
5 0.746306 0.460139 0.251 0.418809
2 0.555786 0.324032 0.0368031 0.0573951
2 0.432229 0.402944 0.0402959 0.0792254
2 0.636315 0.578756 0.0841972 0.185324
2 0.337433 0.314462 0.0385266 0.0578745
2 0.28305 0.328161 0.0448327 0.0640639
2 0.265184 0.430522 0.0696834 0.134039
5 0.365799 0.255323 0.0350167 0.0864038
2 0.442559 0.321933 0.0345481 0.0881799
5 0.321005 0.211414 0.0535768 0.0854573
2 0.299067 0.379307 0.0479909 0.0863291
2 0.203313 0.520066 0.134188 0.253797
2 0.196743 0.422598 0.0654273 0.0770961
2 0.243892 0.360707 0.0434609 0.0550322
0 0.203352 0.354665 0.0209989 0.0615239
2 0.306133 0.295161 0.0347556 0.0530957
2 0.694165 0.192406 0.0228267 0.0295015
0 0.189853 0.318889 0.0136225 0.0584261
0 0.0957722 0.386843 0.0153801 0.0736927
2 0.540464 0.281177 0.0307129 0.052604
2 0.499561 0.314342 0.0366611 0.0748789
0 0.10848 0.380137 0.0171319 0.0897351
0 0.132045 0.353818 0.0149271 0.0615202
0 0.0605012 0.438799 0.0152355 0.0890049
2 0.995868 0.767885 0.00759697 0.0926524
5 0.675802 0.245556 0.103645 0.121659
2 0.337303 0.260356 0.0252806 0.0439932
2 0.216001 0.176022 0.0360592 0.0254061
2 0.00550943 0.982101 0.0110189 0.03477
2 0.452988 0.276346 0.0284657 0.0438783
2 0.496837 0.262577 0.0254402 0.0248056
5 0.689654 0.254291 0.0765589 0.102802
2 0.0688808 0.277048 0.037884 0.0333259
0 0.0443204 0.413782 0.0163947 0.0718497
0 0.007971 0.475103 0.015942 0.0919573
2 0.526108 0.227923 0.0218352 0.0344769
5 0.0326278 0.366104 0.064737 0.144921
0 0.0460601 0.419125 0.0123797 0.0640401
2 0.379584 0.660156 0.0880374 0.179672
2 0.704492 0.858015 0.142958 0.276803
2 0.0969591 0.739818 0.15713 0.227714
2 0.512157 0.639957 0.0828836 0.169834
5 0.90926 0.457296 0.180659 0.267123
2 0.931151 0.626281 0.136998 0.154377
2 0.563411 0.921869 0.118788 0.151606
2 0.0374437 0.633367 0.0739503 0.207217
2 0.112216 0.519819 0.0972383 0.124111
5 0.809951 0.192492 0.0981526 0.07513
2 0.348026 0.940391 0.124072 0.115369
5 0.283388 0.249892 0.0756981 0.102718
2 0.579116 0.414912 0.0507373 0.0815019
2 0.507863 0.38993 0.0480844 0.085915
5 0.746306 0.460139 0.251 0.418809
2 0.555786 0.324032 0.0368031 0.0573951
2 0.432229 0.402944 0.0402959 0.0792254
2 0.636315 0.578756 0.0841972 0.185324
2 0.337433 0.314462 0.0385266 0.0578745
2 0.28305 0.328161 0.0448327 0.0640639
2 0.265184 0.430522 0.0696834 0.134039
5 0.365799 0.255323 0.0350167 0.0864038
2 0.442559 0.321933 0.0345481 0.0881799
5 0.321005 0.211414 0.0535768 0.0854573
2 0.299067 0.379307 0.0479909 0.0863291
2 0.203313 0.520066 0.134188 0.253797
2 0.196743 0.422598 0.0654273 0.0770961
2 0.243892 0.360707 0.0434609 0.0550322
0 0.203352 0.354665 0.0209989 0.0615239
2 0.306133 0.295161 0.0347556 0.0530957
2 0.694165 0.192406 0.0228267 0.0295015
0 0.189853 0.318889 0.0136225 0.0584261
0 0.0957722 0.386843 0.0153801 0.0736927
2 0.540464 0.281177 0.0307129 0.052604
2 0.499561 0.314342 0.0366611 0.0748789
0 0.10848 0.380137 0.0171319 0.0897351
0 0.132045 0.353818 0.0149271 0.0615202
0 0.0605012 0.438799 0.0152355 0.0890049
2 0.995868 0.767885 0.00759697 0.0926524
5 0.675802 0.245556 0.103645 0.121659
2 0.337303 0.260356 0.0252806 0.0439932
2 0.216001 0.176022 0.0360592 0.0254061
2 0.00550943 0.982101 0.0110189 0.03477
2 0.452988 0.276346 0.0284657 0.0438783
2 0.496837 0.262577 0.0254402 0.0248056
5 0.689654 0.254291 0.0765589 0.102802
2 0.0688808 0.277048 0.037884 0.0333259
0 0.0443204 0.413782 0.0163947 0.0718497
0 0.007971 0.475103 0.015942 0.0919573
2 0.526108 0.227923 0.0218352 0.0344769
5 0.0326278 0.366104 0.064737 0.144921
0 0.0460601 0.419125 0.0123797 0.0640401
2 0.379584 0.660156 0.0880374 0.179672
2 0.704492 0.858015 0.142958 0.276803
2 0.0969591 0.739818 0.15713 0.227714
2 0.512157 0.639957 0.0828836 0.169834
5 0.90926 0.457296 0.180659 0.267123
2 0.931151 0.626281 0.136998 0.154377
2 0.563411 0.921869 0.118788 0.151606
2 0.0374437 0.633367 0.0739503 0.207217
2 0.112216 0.519819 0.0972383 0.124111
5 0.809951 0.192492 0.0981526 0.07513
2 0.348026 0.940391 0.124072 0.115369
5 0.283388 0.249892 0.0756981 0.102718
2 0.579116 0.414912 0.0507373 0.0815019
2 0.507863 0.38993 0.0480844 0.085915
5 0.746306 0.460139 0.251 0.418809
2 0.555786 0.324032 0.0368031 0.0573951
2 0.432229 0.402944 0.0402959 0.0792254
2 0.636315 0.578756 0.0841972 0.185324
2 0.337433 0.314462 0.0385266 0.0578745
2 0.28305 0.328161 0.0448327 0.0640639
2 0.265184 0.430522 0.0696834 0.134039
5 0.365799 0.255323 0.0350167 0.0864038
2 0.442559 0.321933 0.0345481 0.0881799
5 0.321005 0.211414 0.0535768 0.0854573
2 0.299067 0.379307 0.0479909 0.0863291
2 0.203313 0.520066 0.134188 0.253797
2 0.196743 0.422598 0.0654273 0.0770961
2 0.243892 0.360707 0.0434609 0.0550322
0 0.203352 0.354665 0.0209989 0.0615239
2 0.306133 0.295161 0.0347556 0.0530957
2 0.694165 0.192406 0.0228267 0.0295015
0 0.189853 0.318889 0.0136225 0.0584261
0 0.0957722 0.386843 0.0153801 0.0736927
2 0.540464 0.281177 0.0307129 0.052604
2 0.499561 0.314342 0.0366611 0.0748789
0 0.10848 0.380137 0.0171319 0.0897351
0 0.132045 0.353818 0.0149271 0.0615202
0 0.0605012 0.438799 0.0152355 0.0890049
2 0.995868 0.767885 0.00759697 0.0926524
5 0.675802 0.245556 0.103645 0.121659
2 0.337303 0.260356 0.0252806 0.0439932
2 0.216001 0.176022 0.0360592 0.0254061
2 0.00550943 0.982101 0.0110189 0.03477
2 0.452988 0.276346 0.0284657 0.0438783
2 0.496837 0.262577 0.0254402 0.0248056
5 0.689654 0.254291 0.0765589 0.102802
2 0.0688808 0.277048 0.037884 0.0333259
0 0.0443204 0.413782 0.0163947 0.0718497
0 0.007971 0.475103 0.015942 0.0919573
2 0.526108 0.227923 0.0218352 0.0344769
5 0.0326278 0.366104 0.064737 0.144921
0 0.0460601 0.419125 0.0123797 0.0640401
2 0.379584 0.660156 0.0880374 0.179672
2 0.704492 0.858015 0.142958 0.276803
2 0.0969591 0.739818 0.15713 0.227714
2 0.512157 0.639957 0.0828836 0.169834
5 0.90926 0.457296 0.180659 0.267123
2 0.931151 0.626281 0.136998 0.154377
2 0.563411 0.921869 0.118788 0.151606
2 0.0374437 0.633367 0.0739503 0.207217
2 0.112216 0.519819 0.0972383 0.124111
5 0.809951 0.192492 0.0981526 0.07513
2 0.348026 0.940391 0.124072 0.115369
5 0.283388 0.249892 0.0756981 0.102718
2 0.579116 0.414912 0.0507373 0.0815019
2 0.507863 0.38993 0.0480844 0.085915
5 0.746306 0.460139 0.251 0.418809
2 0.555786 0.324032 0.0368031 0.0573951
2 0.432229 0.402944 0.0402959 0.0792254
2 0.636315 0.578756 0.0841972 0.185324
2 0.337433 0.314462 0.0385266 0.0578745
2 0.28305 0.328161 0.0448327 0.0640639
2 0.265184 0.430522 0.0696834 0.134039
5 0.365799 0.255323 0.0350167 0.0864038
2 0.442559 0.321933 0.0345481 0.0881799
5 0.321005 0.211414 0.0535768 0.0854573
2 0.299067 0.379307 0.0479909 0.0863291
2 0.203313 0.520066 0.134188 0.253797
2 0.196743 0.422598 0.0654273 0.0770961
2 0.243892 0.360707 0.0434609 0.0550322
0 0.203352 0.354665 0.0209989 0.0615239
2 0.306133 0.295161 0.0347556 0.0530957
2 0.694165 0.192406 0.0228267 0.0295015
0 0.189853 0.318889 0.0136225 0.0584261
0 0.0957722 0.386843 0.0153801 0.0736927
2 0.540464 0.281177 0.0307129 0.052604
2 0.499561 0.314342 0.0366611 0.0748789
0 0.10848 0.380137 0.0171319 0.0897351
0 0.132045 0.353818 0.0149271 0.0615202
0 0.0605012 0.438799 0.0152355 0.0890049
2 0.995868 0.767885 0.00759697 0.0926524
5 0.675802 0.245556 0.103645 0.121659
2 0.337303 0.260356 0.0252806 0.0439932
2 0.216001 0.176022 0.0360592 0.0254061
2 0.00550943 0.982101 0.0110189 0.03477
2 0.452988 0.276346 0.0284657 0.0438783
2 0.496837 0.262577 0.0254402 0.0248056
5 0.689654 0.254291 0.0765589 0.102802
2 0.0688808 0.277048 0.037884 0.0333259
0 0.0443204 0.413782 0.0163947 0.0718497
0 0.007971 0.475103 0.015942 0.0919573
2 0.526108 0.227923 0.0218352 0.0344769
5 0.0326278 0.366104 0.064737 0.144921
0 0.0460601 0.419125 0.0123797 0.0640401
2 0.379584 0.660156 0.0880374 0.179672
2 0.704492 0.858015 0.142958 0.276803
2 0.0969591 0.739818 0.15713 0.227714
2 0.512157 0.639957 0.0828836 0.169834
5 0.90926 0.457296 0.180659 0.267123
2 0.931151 0.626281 0.136998 0.154377
2 0.563411 0.921869 0.118788 0.151606
2 0.0374437 0.633367 0.0739503 0.207217
2 0.112216 0.519819 0.0972383 0.124111
5 0.809951 0.192492 0.0981526 0.07513
2 0.348026 0.940391 0.124072 0.115369
5 0.283388 0.249892 0.0756981 0.102718
2 0.579116 0.414912 0.0507373 0.0815019
2 0.507863 0.38993 0.0480844 0.085915
5 0.746306 0.460139 0.251 0.418809
2 0.555786 0.324032 0.0368031 0.0573951
2 0.432229 0.402944 0.0402959 0.0792254
2 0.636315 0.578756 0.0841972 0.185324
2 0.337433 0.314462 0.0385266 0.0578745
2 0.28305 0.328161 0.0448327 0.0640639
2 0.265184 0.430522 0.0696834 0.134039
5 0.365799 0.255323 0.0350167 0.0864038
2 0.442559 0.321933 0.0345481 0.0881799
5 0.321005 0.211414 0.0535768 0.0854573
2 0.299067 0.379307 0.0479909 0.0863291
2 0.203313 0.520066 0.134188 0.253797
2 0.196743 0.422598 0.0654273 0.0770961
2 0.243892 0.360707 0.0434609 0.0550322
0 0.203352 0.354665 0.0209989 0.0615239
2 0.306133 0.295161 0.0347556 0.0530957
2 0.694165 0.192406 0.0228267 0.0295015
0 0.189853 0.318889 0.0136225 0.0584261
0 0.0957722 0.386843 0.0153801 0.0736927
2 0.540464 0.281177 0.0307129 0.052604
2 0.499561 0.314342 0.0366611 0.0748789
0 0.10848 0.380137 0.0171319 0.0897351
0 0.132045 0.353818 0.0149271 0.0615202
0 0.0605012 0.438799 0.0152355 0.0890049
2 0.995868 0.767885 0.00759697 0.0926524
5 0.675802 0.245556 0.103645 0.121659
2 0.337303 0.260356 0.0252806 0.0439932
2 0.216001 0.176022 0.0360592 0.0254061
2 0.00550943 0.982101 0.0110189 0.03477
2 0.452988 0.276346 0.0284657 0.0438783
2 0.496837 0.262577 0.0254402 0.0248056
5 0.689654 0.254291 0.0765589 0.102802
2 0.0688808 0.277048 0.037884 0.0333259
0 0.0443204 0.413782 0.0163947 0.0718497
0 0.007971 0.475103 0.015942 0.0919573
2 0.526108 0.227923 0.0218352 0.0344769
5 0.0326278 0.366104 0.064737 0.144921
0 0.0460601 0.419125 0.0123797 0.0640401
2 0.379584 0.660156 0.0880374 0.179672
2 0.704492 0.858015 0.142958 0.276803
2 0.0969591 0.739818 0.15713 0.227714
2 0.512157 0.639957 0.0828836 0.169834
5 0.90926 0.457296 0.180659 0.267123
2 0.931151 0.626281 0.136998 0.154377
2 0.563411 0.921869 0.118788 0.151606
2 0.0374437 0.633367 0.0739503 0.207217
2 0.112216 0.519819 0.0972383 0.124111
5 0.809951 0.192492 0.0981526 0.07513
2 0.348026 0.940391 0.124072 0.115369
5 0.283388 0.249892 0.0756981 0.102718
2 0.579116 0.414912 0.0507373 0.0815019
2 0.507863 0.38993 0.0480844 0.085915
5 0.746306 0.460139 0.251 0.418809
2 0.555786 0.324032 0.0368031 0.0573951
2 0.432229 0.402944 0.0402959 0.0792254
2 0.636315 0.578756 0.0841972 0.185324
2 0.337433 0.314462 0.0385266 0.0578745
2 0.28305 0.328161 0.0448327 0.0640639
2 0.265184 0.430522 0.0696834 0.134039
5 0.365799 0.255323 0.0350167 0.0864038
2 0.442559 0.321933 0.0345481 0.0881799
5 0.321005 0.211414 0.0535768 0.0854573
2 0.299067 0.379307 0.0479909 0.0863291
2 0.203313 0.520066 0.134188 0.253797
2 0.196743 0.422598 0.0654273 0.0770961
2 0.243892 0.360707 0.0434609 0.0550322
0 0.203352 0.354665 0.0209989 0.0615239
2 0.306133 0.295161 0.0347556 0.0530957
2 0.694165 0.192406 0.0228267 0.0295015
0 0.189853 0.318889 0.0136225 0.0584261
0 0.0957722 0.386843 0.0153801 0.0736927
2 0.540464 0.281177 0.0307129 0.052604
2 0.499561 0.314342 0.0366611 0.0748789
0 0.10848 0.380137 0.0171319 0.0897351
0 0.132045 0.353818 0.0149271 0.0615202
0 0.0605012 0.438799 0.0152355 0.0890049
2 0.995868 0.767885 0.00759697 0.0926524
5 0.675802 0.245556 0.103645 0.121659
2 0.337303 0.260356 0.0252806 0.0439932
2 0.216001 0.176022 0.0360592 0.0254061
2 0.00550943 0.982101 0.0110189 0.03477
2 0.452988 0.276346 0.0284657 0.0438783
2 0.496837 0.262577 0.0254402 0.0248056
5 0.689654 0.254291 0.0765589 0.102802
2 0.0688808 0.277048 0.037884 0.0333259
0 0.0443204 0.413782 0.0163947 0.0718497
0 0.007971 0.475103 0.015942 0.0919573
2 0.526108 0.227923 0.0218352 0.0344769
5 0.0326278 0.366104 0.064737 0.144921
0 0.0460601 0.419125 0.0123797 0.0640401
2 0.704088 0.857242 0.144232 0.275359
2 0.0969559 0.740895 0.157795 0.231093
2 0.379847 0.661149 0.0888487 0.181148
5 0.908712 0.45859 0.181174 0.269578
2 0.929942 0.613179 0.139296 0.17919
2 0.563284 0.922287 0.118326 0.150627
2 0.512366 0.639902 0.0816015 0.170566
2 0.110876 0.519864 0.0935896 0.123219
5 0.80962 0.192919 0.0986805 0.0744395
5 0.283966 0.249085 0.076622 0.106764
2 0.0374515 0.633659 0.0744552 0.205891
2 0.57935 0.415145 0.0505411 0.0818932
2 0.431612 0.403038 0.0433607 0.0790285
7 0.636591 0.579166 0.083836 0.186484
2 0.506185 0.390269 0.0464622 0.0860293
2 0.265694 0.431534 0.0695462 0.136333
2 0.347993 0.940274 0.121308 0.115513
2 0.194333 0.422391 0.0594292 0.0753599
5 0.757146 0.474236 0.22869 0.391869
2 0.300075 0.381896 0.0502184 0.0878876
7 0.202631 0.523395 0.132374 0.253186
7 0.563323 0.12616 0.0569119 0.124249
2 0.555779 0.323235 0.0371799 0.0579446
2 0.442875 0.323893 0.0337326 0.0836586
5 0.687926 0.257998 0.0798819 0.107363
5 0.320834 0.214206 0.0574152 0.0952875
0 0.190292 0.319291 0.0139243 0.0572548
2 0.704088 0.857242 0.144232 0.275359
2 0.0969559 0.740895 0.157795 0.231093
2 0.379847 0.661149 0.0888487 0.181148
5 0.908712 0.45859 0.181174 0.269578
2 0.929942 0.613179 0.139296 0.17919
2 0.563284 0.922287 0.118326 0.150627
2 0.512366 0.639902 0.0816015 0.170566
2 0.110876 0.519864 0.0935896 0.123219
5 0.80962 0.192919 0.0986805 0.0744395
5 0.283966 0.249085 0.076622 0.106764
2 0.0374515 0.633659 0.0744552 0.205891
2 0.57935 0.415145 0.0505411 0.0818932
2 0.431612 0.403038 0.0433607 0.0790285
7 0.636591 0.579166 0.083836 0.186484
2 0.506185 0.390269 0.0464622 0.0860293
2 0.265694 0.431534 0.0695462 0.136333
2 0.347993 0.940274 0.121308 0.115513
2 0.194333 0.422391 0.0594292 0.0753599
5 0.757146 0.474236 0.22869 0.391869
2 0.300075 0.381896 0.0502184 0.0878876
7 0.202631 0.523395 0.132374 0.253186
7 0.563323 0.12616 0.0569119 0.124249
2 0.555779 0.323235 0.0371799 0.0579446
2 0.442875 0.323893 0.0337326 0.0836586
5 0.687926 0.257998 0.0798819 0.107363
5 0.320834 0.214206 0.0574152 0.0952875
0 0.190292 0.319291 0.0139243 0.0572548
2 0.704088 0.857242 0.144232 0.275359
2 0.0969559 0.740895 0.157795 0.231093
2 0.379847 0.661149 0.0888487 0.181148
5 0.908712 0.45859 0.181174 0.269578
2 0.929942 0.613179 0.139296 0.17919
2 0.563284 0.922287 0.118326 0.150627
2 0.512366 0.639902 0.0816015 0.170566
2 0.110876 0.519864 0.0935896 0.123219
5 0.80962 0.192919 0.0986805 0.0744395
5 0.283966 0.249085 0.076622 0.106764
2 0.0374515 0.633659 0.0744552 0.205891
2 0.57935 0.415145 0.0505411 0.0818932
2 0.431612 0.403038 0.0433607 0.0790285
7 0.636591 0.579166 0.083836 0.186484
2 0.506185 0.390269 0.0464622 0.0860293
2 0.265694 0.431534 0.0695462 0.136333
2 0.347993 0.940274 0.121308 0.115513
2 0.194333 0.422391 0.0594292 0.0753599
5 0.757146 0.474236 0.22869 0.391869
2 0.300075 0.381896 0.0502184 0.0878876
7 0.202631 0.523395 0.132374 0.253186
7 0.563323 0.12616 0.0569119 0.124249
2 0.555779 0.323235 0.0371799 0.0579446
2 0.442875 0.323893 0.0337326 0.0836586
5 0.687926 0.257998 0.0798819 0.107363
5 0.320834 0.214206 0.0574152 0.0952875
0 0.190292 0.319291 0.0139243 0.0572548
2 0.704088 0.857242 0.144232 0.275359
2 0.0969559 0.740895 0.157795 0.231093
2 0.379847 0.661149 0.0888487 0.181148
5 0.908712 0.45859 0.181174 0.269578
2 0.929942 0.613179 0.139296 0.17919
2 0.563284 0.922287 0.118326 0.150627
2 0.512366 0.639902 0.0816015 0.170566
2 0.110876 0.519864 0.0935896 0.123219
5 0.80962 0.192919 0.0986805 0.0744395
5 0.283966 0.249085 0.076622 0.106764
2 0.0374515 0.633659 0.0744552 0.205891
2 0.57935 0.415145 0.0505411 0.0818932
2 0.431612 0.403038 0.0433607 0.0790285
7 0.636591 0.579166 0.083836 0.186484
2 0.506185 0.390269 0.0464622 0.0860293
2 0.265694 0.431534 0.0695462 0.136333
2 0.347993 0.940274 0.121308 0.115513
2 0.194333 0.422391 0.0594292 0.0753599
5 0.757146 0.474236 0.22869 0.391869
2 0.300075 0.381896 0.0502184 0.0878876
7 0.202631 0.523395 0.132374 0.253186
7 0.563323 0.12616 0.0569119 0.124249
2 0.555779 0.323235 0.0371799 0.0579446
2 0.442875 0.323893 0.0337326 0.0836586
5 0.687926 0.257998 0.0798819 0.107363
5 0.320834 0.214206 0.0574152 0.0952875
0 0.190292 0.319291 0.0139243 0.0572548
2 0.704088 0.857242 0.144232 0.275359
2 0.0969559 0.740895 0.157795 0.231093
2 0.379847 0.661149 0.0888487 0.181148
5 0.908712 0.45859 0.181174 0.269578
2 0.929942 0.613179 0.139296 0.17919
2 0.563284 0.922287 0.118326 0.150627
2 0.512366 0.639902 0.0816015 0.170566
2 0.110876 0.519864 0.0935896 0.123219
5 0.80962 0.192919 0.0986805 0.0744395
5 0.283966 0.249085 0.076622 0.106764
2 0.0374515 0.633659 0.0744552 0.205891
2 0.57935 0.415145 0.0505411 0.0818932
2 0.431612 0.403038 0.0433607 0.0790285
7 0.636591 0.579166 0.083836 0.186484
2 0.506185 0.390269 0.0464622 0.0860293
2 0.265694 0.431534 0.0695462 0.136333
2 0.347993 0.940274 0.121308 0.115513
2 0.194333 0.422391 0.0594292 0.0753599
5 0.757146 0.474236 0.22869 0.391869
2 0.300075 0.381896 0.0502184 0.0878876
7 0.202631 0.523395 0.132374 0.253186
7 0.563323 0.12616 0.0569119 0.124249
2 0.555779 0.323235 0.0371799 0.0579446
2 0.442875 0.323893 0.0337326 0.0836586
5 0.687926 0.257998 0.0798819 0.107363
5 0.320834 0.214206 0.0574152 0.0952875
0 0.190292 0.319291 0.0139243 0.0572548
2 0.704088 0.857242 0.144232 0.275359
2 0.0969559 0.740895 0.157795 0.231093
2 0.379847 0.661149 0.0888487 0.181148
5 0.908712 0.45859 0.181174 0.269578
2 0.929942 0.613179 0.139296 0.17919
2 0.563284 0.922287 0.118326 0.150627
2 0.512366 0.639902 0.0816015 0.170566
2 0.110876 0.519864 0.0935896 0.123219
5 0.80962 0.192919 0.0986805 0.0744395
5 0.283966 0.249085 0.076622 0.106764
2 0.0374515 0.633659 0.0744552 0.205891
2 0.57935 0.415145 0.0505411 0.0818932
2 0.431612 0.403038 0.0433607 0.0790285
7 0.636591 0.579166 0.083836 0.186484
2 0.506185 0.390269 0.0464622 0.0860293
2 0.265694 0.431534 0.0695462 0.136333
2 0.347993 0.940274 0.121308 0.115513
2 0.194333 0.422391 0.0594292 0.0753599
5 0.757146 0.474236 0.22869 0.391869
2 0.300075 0.381896 0.0502184 0.0878876
7 0.202631 0.523395 0.132374 0.253186
7 0.563323 0.12616 0.0569119 0.124249
2 0.555779 0.323235 0.0371799 0.0579446
2 0.442875 0.323893 0.0337326 0.0836586
5 0.687926 0.257998 0.0798819 0.107363
5 0.320834 0.214206 0.0574152 0.0952875
0 0.190292 0.319291 0.0139243 0.0572548
2 0.704088 0.857242 0.144232 0.275359
2 0.0969559 0.740895 0.157795 0.231093
2 0.379847 0.661149 0.0888487 0.181148
5 0.908712 0.45859 0.181174 0.269578
2 0.929942 0.613179 0.139296 0.17919
2 0.563284 0.922287 0.118326 0.150627
2 0.512366 0.639902 0.0816015 0.170566
2 0.110876 0.519864 0.0935896 0.123219
5 0.80962 0.192919 0.0986805 0.0744395
5 0.283966 0.249085 0.076622 0.106764
2 0.0374515 0.633659 0.0744552 0.205891
2 0.57935 0.415145 0.0505411 0.0818932
2 0.431612 0.403038 0.0433607 0.0790285
7 0.636591 0.579166 0.083836 0.186484
2 0.506185 0.390269 0.0464622 0.0860293
2 0.265694 0.431534 0.0695462 0.136333
2 0.347993 0.940274 0.121308 0.115513
2 0.194333 0.422391 0.0594292 0.0753599
5 0.757146 0.474236 0.22869 0.391869
2 0.300075 0.381896 0.0502184 0.0878876
7 0.202631 0.523395 0.132374 0.253186
7 0.563323 0.12616 0.0569119 0.124249
2 0.555779 0.323235 0.0371799 0.0579446
2 0.442875 0.323893 0.0337326 0.0836586
5 0.687926 0.257998 0.0798819 0.107363
5 0.320834 0.214206 0.0574152 0.0952875
0 0.190292 0.319291 0.0139243 0.0572548
2 0.704088 0.857242 0.144232 0.275359
2 0.0969559 0.740895 0.157795 0.231093
2 0.379847 0.661149 0.0888487 0.181148
5 0.908712 0.45859 0.181174 0.269578
2 0.929942 0.613179 0.139296 0.17919
2 0.563284 0.922287 0.118326 0.150627
2 0.512366 0.639902 0.0816015 0.170566
2 0.110876 0.519864 0.0935896 0.123219
5 0.80962 0.192919 0.0986805 0.0744395
5 0.283966 0.249085 0.076622 0.106764
2 0.0374515 0.633659 0.0744552 0.205891
2 0.57935 0.415145 0.0505411 0.0818932
2 0.431612 0.403038 0.0433607 0.0790285
7 0.636591 0.579166 0.083836 0.186484
2 0.506185 0.390269 0.0464622 0.0860293
2 0.265694 0.431534 0.0695462 0.136333
2 0.347993 0.940274 0.121308 0.115513
2 0.194333 0.422391 0.0594292 0.0753599
5 0.757146 0.474236 0.22869 0.391869
2 0.300075 0.381896 0.0502184 0.0878876
7 0.202631 0.523395 0.132374 0.253186
7 0.563323 0.12616 0.0569119 0.124249
2 0.555779 0.323235 0.0371799 0.0579446
2 0.442875 0.323893 0.0337326 0.0836586
5 0.687926 0.257998 0.0798819 0.107363
5 0.320834 0.214206 0.0574152 0.0952875
0 0.190292 0.319291 0.0139243 0.0572548
2 0.247234 0.364328 0.0531063 0.0635157
0 0.0952717 0.386209 0.0146181 0.0718372
2 0.282865 0.327813 0.0426412 0.0607736
0 0.131849 0.354402 0.0155193 0.0598623
0 0.0601064 0.430691 0.0182529 0.104431
2 0.338803 0.313199 0.0416894 0.0606703
2 0.137772 0.262158 0.0552747 0.0378872
2 0.498131 0.315091 0.0385409 0.0753791
0 0.0444147 0.415405 0.0163955 0.0733304
2 0.307279 0.293937 0.0381489 0.0560174
