5 0.122051 0.324435 0.146141 0.074213
2 0.17272 0.608444 0.215711 0.133241
2 0.34824 0.437608 0.117403 0.0578679
2 0.450987 0.516196 0.161973 0.0822371
2 0.43609 0.350206 0.0789595 0.0327509
2 0.521045 0.404581 0.107628 0.0515783
2 0.713136 0.491902 0.16425 0.0934375
3 0.491984 0.8099 0.134849 0.103542
2 0.701435 0.345796 0.0748252 0.034072
0 0.491728 0.742165 0.11139 0.0621496
2 0.57028 0.342671 0.0740339 0.0416975
2 0.281146 0.328427 0.0727249 0.0383
2 0.601013 0.318644 0.0570575 0.0261045
2 0.536856 0.304429 0.0459303 0.0273188
2 0.487741 0.308426 0.063942 0.0430743
2 0.35571 0.304301 0.0512041 0.0210999
5 0.689269 0.309931 0.0639355 0.0534517
7 0.487234 0.307747 0.0658826 0.0440416
7 0.688797 0.310946 0.0640369 0.052133
2 0.619494 0.310737 0.044845 0.0223435
5 0.540222 0.280763 0.0526247 0.0292198
7 0.540493 0.281067 0.0530777 0.0304628
2 0.689116 0.31359 0.0652368 0.0474384
5 0.122051 0.324435 0.146141 0.074213
2 0.17272 0.608444 0.215711 0.133241
2 0.34824 0.437608 0.117403 0.0578679
2 0.450987 0.516196 0.161973 0.0822371
2 0.43609 0.350206 0.0789595 0.0327509
2 0.521045 0.404581 0.107628 0.0515783
2 0.713136 0.491902 0.16425 0.0934375
3 0.491984 0.8099 0.134849 0.103542
2 0.701435 0.345796 0.0748252 0.034072
0 0.491728 0.742165 0.11139 0.0621496
2 0.57028 0.342671 0.0740339 0.0416975
2 0.281146 0.328427 0.0727249 0.0383
2 0.601013 0.318644 0.0570575 0.0261045
2 0.536856 0.304429 0.0459303 0.0273188
2 0.487741 0.308426 0.063942 0.0430743
2 0.35571 0.304301 0.0512041 0.0210999
5 0.689269 0.309931 0.0639355 0.0534517
7 0.487234 0.307747 0.0658826 0.0440416
7 0.688797 0.310946 0.0640369 0.052133
2 0.619494 0.310737 0.044845 0.0223435
5 0.540222 0.280763 0.0526247 0.0292198
7 0.540493 0.281067 0.0530777 0.0304628
2 0.689116 0.31359 0.0652368 0.0474384
5 0.122051 0.324435 0.146141 0.074213
2 0.17272 0.608444 0.215711 0.133241
2 0.34824 0.437608 0.117403 0.0578679
2 0.450987 0.516196 0.161973 0.0822371
2 0.43609 0.350206 0.0789595 0.0327509
2 0.521045 0.404581 0.107628 0.0515783
2 0.713136 0.491902 0.16425 0.0934375
3 0.491984 0.8099 0.134849 0.103542
2 0.701435 0.345796 0.0748252 0.034072
0 0.491728 0.742165 0.11139 0.0621496
2 0.57028 0.342671 0.0740339 0.0416975
2 0.281146 0.328427 0.0727249 0.0383
2 0.601013 0.318644 0.0570575 0.0261045
2 0.536856 0.304429 0.0459303 0.0273188
2 0.487741 0.308426 0.063942 0.0430743
2 0.35571 0.304301 0.0512041 0.0210999
5 0.689269 0.309931 0.0639355 0.0534517
7 0.487234 0.307747 0.0658826 0.0440416
7 0.688797 0.310946 0.0640369 0.052133
2 0.619494 0.310737 0.044845 0.0223435
5 0.540222 0.280763 0.0526247 0.0292198
7 0.540493 0.281067 0.0530777 0.0304628
2 0.689116 0.31359 0.0652368 0.0474384
5 0.122051 0.324435 0.146141 0.074213
2 0.17272 0.608444 0.215711 0.133241
2 0.34824 0.437608 0.117403 0.0578679
2 0.450987 0.516196 0.161973 0.0822371
2 0.43609 0.350206 0.0789595 0.0327509
2 0.521045 0.404581 0.107628 0.0515783
2 0.713136 0.491902 0.16425 0.0934375
3 0.491984 0.8099 0.134849 0.103542
2 0.701435 0.345796 0.0748252 0.034072
0 0.491728 0.742165 0.11139 0.0621496
2 0.57028 0.342671 0.0740339 0.0416975
2 0.281146 0.328427 0.0727249 0.0383
2 0.601013 0.318644 0.0570575 0.0261045
2 0.536856 0.304429 0.0459303 0.0273188
2 0.487741 0.308426 0.063942 0.0430743
2 0.35571 0.304301 0.0512041 0.0210999
5 0.689269 0.309931 0.0639355 0.0534517
7 0.487234 0.307747 0.0658826 0.0440416
7 0.688797 0.310946 0.0640369 0.052133
2 0.619494 0.310737 0.044845 0.0223435
5 0.540222 0.280763 0.0526247 0.0292198
7 0.540493 0.281067 0.0530777 0.0304628
2 0.689116 0.31359 0.0652368 0.0474384
5 0.122051 0.324435 0.146141 0.074213
2 0.17272 0.608444 0.215711 0.133241
2 0.34824 0.437608 0.117403 0.0578679
2 0.450987 0.516196 0.161973 0.0822371
2 0.43609 0.350206 0.0789595 0.0327509
2 0.521045 0.404581 0.107628 0.0515783
2 0.713136 0.491902 0.16425 0.0934375
3 0.491984 0.8099 0.134849 0.103542
2 0.701435 0.345796 0.0748252 0.034072
0 0.491728 0.742165 0.11139 0.0621496
2 0.57028 0.342671 0.0740339 0.0416975
2 0.281146 0.328427 0.0727249 0.0383
2 0.601013 0.318644 0.0570575 0.0261045
2 0.536856 0.304429 0.0459303 0.0273188
2 0.487741 0.308426 0.063942 0.0430743
2 0.35571 0.304301 0.0512041 0.0210999
5 0.689269 0.309931 0.0639355 0.0534517
7 0.487234 0.307747 0.0658826 0.0440416
7 0.688797 0.310946 0.0640369 0.052133
2 0.619494 0.310737 0.044845 0.0223435
5 0.540222 0.280763 0.0526247 0.0292198
7 0.540493 0.281067 0.0530777 0.0304628
2 0.689116 0.31359 0.0652368 0.0474384
