2 0.89218 0.799602 0.214496 0.15616
2 0.0684371 0.912458 0.135503 0.174639
2 0.301356 0.464739 0.143137 0.0813871
2 0.416664 0.373536 0.0899331 0.0396746
2 0.46369 0.40347 0.100581 0.0519278
2 0.559637 0.363669 0.0817026 0.0391012
2 0.488579 0.329366 0.0626104 0.0267687
2 0.704592 0.324621 0.0604851 0.027852
5 0.208886 0.315286 0.115384 0.0595976
2 0.596951 0.32674 0.0587146 0.0340257
2 0.678381 0.401648 0.102676 0.0624554
2 0.52253 0.773736 0.376554 0.32266
3 0.502064 0.487715 0.0650822 0.0521713
2 0.334214 0.317842 0.054587 0.0344571
2 0.544554 0.301646 0.0423993 0.0236122
0 0.586076 0.774166 0.0822908 0.0458015
0 0.500353 0.468128 0.0572569 0.0501226
5 0.69061 0.29623 0.0527398 0.0377953
2 0.613577 0.310575 0.0517742 0.0233142
2 0.376424 0.304423 0.0327816 0.0181872
2 0.494559 0.303008 0.0573973 0.0380084
2 0.307118 0.305693 0.0454657 0.0222399
7 0.494269 0.302844 0.058994 0.0382361
5 0.545136 0.282862 0.049189 0.0246167
2 0.89218 0.799602 0.214496 0.15616
2 0.0684371 0.912458 0.135503 0.174639
2 0.301356 0.464739 0.143137 0.0813871
2 0.416664 0.373536 0.0899331 0.0396746
2 0.46369 0.40347 0.100581 0.0519278
2 0.559637 0.363669 0.0817026 0.0391012
2 0.488579 0.329366 0.0626104 0.0267687
2 0.704592 0.324621 0.0604851 0.027852
5 0.208886 0.315286 0.115384 0.0595976
2 0.596951 0.32674 0.0587146 0.0340257
2 0.678381 0.401648 0.102676 0.0624554
2 0.52253 0.773736 0.376554 0.32266
3 0.502064 0.487715 0.0650822 0.0521713
2 0.334214 0.317842 0.054587 0.0344571
2 0.544554 0.301646 0.0423993 0.0236122
0 0.586076 0.774166 0.0822908 0.0458015
0 0.500353 0.468128 0.0572569 0.0501226
5 0.69061 0.29623 0.0527398 0.0377953
2 0.613577 0.310575 0.0517742 0.0233142
2 0.376424 0.304423 0.0327816 0.0181872
2 0.494559 0.303008 0.0573973 0.0380084
2 0.307118 0.305693 0.0454657 0.0222399
7 0.494269 0.302844 0.058994 0.0382361
5 0.545136 0.282862 0.049189 0.0246167
2 0.89218 0.799602 0.214496 0.15616
2 0.0684371 0.912458 0.135503 0.174639
2 0.301356 0.464739 0.143137 0.0813871
2 0.416664 0.373536 0.0899331 0.0396746
2 0.46369 0.40347 0.100581 0.0519278
2 0.559637 0.363669 0.0817026 0.0391012
2 0.488579 0.329366 0.0626104 0.0267687
2 0.704592 0.324621 0.0604851 0.027852
5 0.208886 0.315286 0.115384 0.0595976
2 0.596951 0.32674 0.0587146 0.0340257
2 0.678381 0.401648 0.102676 0.0624554
2 0.52253 0.773736 0.376554 0.32266
3 0.502064 0.487715 0.0650822 0.0521713
2 0.334214 0.317842 0.054587 0.0344571
2 0.544554 0.301646 0.0423993 0.0236122
0 0.586076 0.774166 0.0822908 0.0458015
0 0.500353 0.468128 0.0572569 0.0501226
5 0.69061 0.29623 0.0527398 0.0377953
2 0.613577 0.310575 0.0517742 0.0233142
2 0.376424 0.304423 0.0327816 0.0181872
2 0.494559 0.303008 0.0573973 0.0380084
2 0.307118 0.305693 0.0454657 0.0222399
7 0.494269 0.302844 0.058994 0.0382361
5 0.545136 0.282862 0.049189 0.0246167
2 0.89218 0.799602 0.214496 0.15616
2 0.0684371 0.912458 0.135503 0.174639
2 0.301356 0.464739 0.143137 0.0813871
2 0.416664 0.373536 0.0899331 0.0396746
2 0.46369 0.40347 0.100581 0.0519278
2 0.559637 0.363669 0.0817026 0.0391012
2 0.488579 0.329366 0.0626104 0.0267687
2 0.704592 0.324621 0.0604851 0.027852
5 0.208886 0.315286 0.115384 0.0595976
2 0.596951 0.32674 0.0587146 0.0340257
2 0.678381 0.401648 0.102676 0.0624554
2 0.52253 0.773736 0.376554 0.32266
3 0.502064 0.487715 0.0650822 0.0521713
2 0.334214 0.317842 0.054587 0.0344571
2 0.544554 0.301646 0.0423993 0.0236122
0 0.586076 0.774166 0.0822908 0.0458015
0 0.500353 0.468128 0.0572569 0.0501226
5 0.69061 0.29623 0.0527398 0.0377953
2 0.613577 0.310575 0.0517742 0.0233142
2 0.376424 0.304423 0.0327816 0.0181872
2 0.494559 0.303008 0.0573973 0.0380084
2 0.307118 0.305693 0.0454657 0.0222399
7 0.494269 0.302844 0.058994 0.0382361
5 0.545136 0.282862 0.049189 0.0246167
2 0.89218 0.799602 0.214496 0.15616
2 0.0684371 0.912458 0.135503 0.174639
2 0.301356 0.464739 0.143137 0.0813871
2 0.416664 0.373536 0.0899331 0.0396746
2 0.46369 0.40347 0.100581 0.0519278
2 0.559637 0.363669 0.0817026 0.0391012
2 0.488579 0.329366 0.0626104 0.0267687
2 0.704592 0.324621 0.0604851 0.027852
5 0.208886 0.315286 0.115384 0.0595976
2 0.596951 0.32674 0.0587146 0.0340257
2 0.678381 0.401648 0.102676 0.0624554
2 0.52253 0.773736 0.376554 0.32266
3 0.502064 0.487715 0.0650822 0.0521713
2 0.334214 0.317842 0.054587 0.0344571
2 0.544554 0.301646 0.0423993 0.0236122
0 0.586076 0.774166 0.0822908 0.0458015
0 0.500353 0.468128 0.0572569 0.0501226
5 0.69061 0.29623 0.0527398 0.0377953
2 0.613577 0.310575 0.0517742 0.0233142
2 0.376424 0.304423 0.0327816 0.0181872
2 0.494559 0.303008 0.0573973 0.0380084
2 0.307118 0.305693 0.0454657 0.0222399
7 0.494269 0.302844 0.058994 0.0382361
5 0.545136 0.282862 0.049189 0.0246167
2 0.89218 0.799602 0.214496 0.15616
2 0.0684371 0.912458 0.135503 0.174639
2 0.301356 0.464739 0.143137 0.0813871
2 0.416664 0.373536 0.0899331 0.0396746
2 0.46369 0.40347 0.100581 0.0519278
2 0.559637 0.363669 0.0817026 0.0391012
2 0.488579 0.329366 0.0626104 0.0267687
2 0.704592 0.324621 0.0604851 0.027852
5 0.208886 0.315286 0.115384 0.0595976
2 0.596951 0.32674 0.0587146 0.0340257
2 0.678381 0.401648 0.102676 0.0624554
2 0.52253 0.773736 0.376554 0.32266
3 0.502064 0.487715 0.0650822 0.0521713
2 0.334214 0.317842 0.054587 0.0344571
2 0.544554 0.301646 0.0423993 0.0236122
0 0.586076 0.774166 0.0822908 0.0458015
0 0.500353 0.468128 0.0572569 0.0501226
5 0.69061 0.29623 0.0527398 0.0377953
2 0.613577 0.310575 0.0517742 0.0233142
2 0.376424 0.304423 0.0327816 0.0181872
2 0.494559 0.303008 0.0573973 0.0380084
2 0.307118 0.305693 0.0454657 0.0222399
7 0.494269 0.302844 0.058994 0.0382361
5 0.545136 0.282862 0.049189 0.0246167
