2 0.495165 0.477319 0.13739 0.0670792
2 0.452377 0.767964 0.288397 0.194407
2 0.692438 0.457827 0.129704 0.0701984
7 0.268448 0.460687 0.165642 0.120384
2 0.506933 0.373848 0.0821187 0.0432012
2 0.19333 0.324314 0.0583009 0.026326
2 0.108985 0.392697 0.101533 0.0432323
2 0.676399 0.399708 0.0950427 0.0455392
2 0.663583 0.349882 0.0747029 0.0349726
2 0.183818 0.361098 0.0829791 0.0351479
2 0.484951 0.434333 0.120564 0.0589575
2 0.0644231 0.36071 0.0862469 0.0368233
2 0.349657 0.405626 0.107168 0.0636585
2 0.395812 0.357756 0.0853092 0.0472761
7 0.471689 0.315404 0.0898397 0.0564955
2 0.454162 0.341938 0.0615558 0.0296754
2 0.296853 0.308925 0.0479746 0.0232171
7 0.816801 0.598796 0.261875 0.219432
2 0.531859 0.312966 0.0467767 0.022884
0 0.870654 0.596771 0.0612749 0.0348309
2 0.336007 0.301577 0.0370605 0.0145357
2 0.816895 0.598462 0.262188 0.218657
0 0.505258 0.748419 0.0748449 0.0354734
2 0.666819 0.329264 0.0615949 0.0274832
0 0.76055 0.591391 0.0528563 0.0243149
2 0.495165 0.477319 0.13739 0.0670792
2 0.452377 0.767964 0.288397 0.194407
2 0.692438 0.457827 0.129704 0.0701984
7 0.268448 0.460687 0.165642 0.120384
2 0.506933 0.373848 0.0821187 0.0432012
2 0.19333 0.324314 0.0583009 0.026326
2 0.108985 0.392697 0.101533 0.0432323
2 0.676399 0.399708 0.0950427 0.0455392
2 0.663583 0.349882 0.0747029 0.0349726
2 0.183818 0.361098 0.0829791 0.0351479
2 0.484951 0.434333 0.120564 0.0589575
2 0.0644231 0.36071 0.0862469 0.0368233
2 0.349657 0.405626 0.107168 0.0636585
2 0.395812 0.357756 0.0853092 0.0472761
7 0.471689 0.315404 0.0898397 0.0564955
2 0.454162 0.341938 0.0615558 0.0296754
2 0.296853 0.308925 0.0479746 0.0232171
7 0.816801 0.598796 0.261875 0.219432
2 0.531859 0.312966 0.0467767 0.022884
0 0.870654 0.596771 0.0612749 0.0348309
2 0.336007 0.301577 0.0370605 0.0145357
2 0.816895 0.598462 0.262188 0.218657
0 0.505258 0.748419 0.0748449 0.0354734
2 0.666819 0.329264 0.0615949 0.0274832
0 0.76055 0.591391 0.0528563 0.0243149
2 0.495165 0.477319 0.13739 0.0670792
2 0.452377 0.767964 0.288397 0.194407
2 0.692438 0.457827 0.129704 0.0701984
7 0.268448 0.460687 0.165642 0.120384
2 0.506933 0.373848 0.0821187 0.0432012
2 0.19333 0.324314 0.0583009 0.026326
2 0.108985 0.392697 0.101533 0.0432323
2 0.676399 0.399708 0.0950427 0.0455392
2 0.663583 0.349882 0.0747029 0.0349726
2 0.183818 0.361098 0.0829791 0.0351479
2 0.484951 0.434333 0.120564 0.0589575
2 0.0644231 0.36071 0.0862469 0.0368233
2 0.349657 0.405626 0.107168 0.0636585
2 0.395812 0.357756 0.0853092 0.0472761
7 0.471689 0.315404 0.0898397 0.0564955
2 0.454162 0.341938 0.0615558 0.0296754
2 0.296853 0.308925 0.0479746 0.0232171
7 0.816801 0.598796 0.261875 0.219432
2 0.531859 0.312966 0.0467767 0.022884
0 0.870654 0.596771 0.0612749 0.0348309
2 0.336007 0.301577 0.0370605 0.0145357
2 0.816895 0.598462 0.262188 0.218657
0 0.505258 0.748419 0.0748449 0.0354734
2 0.666819 0.329264 0.0615949 0.0274832
0 0.76055 0.591391 0.0528563 0.0243149
2 0.495165 0.477319 0.13739 0.0670792
2 0.452377 0.767964 0.288397 0.194407
2 0.692438 0.457827 0.129704 0.0701984
7 0.268448 0.460687 0.165642 0.120384
2 0.506933 0.373848 0.0821187 0.0432012
2 0.19333 0.324314 0.0583009 0.026326
2 0.108985 0.392697 0.101533 0.0432323
2 0.676399 0.399708 0.0950427 0.0455392
2 0.663583 0.349882 0.0747029 0.0349726
2 0.183818 0.361098 0.0829791 0.0351479
2 0.484951 0.434333 0.120564 0.0589575
2 0.0644231 0.36071 0.0862469 0.0368233
2 0.349657 0.405626 0.107168 0.0636585
2 0.395812 0.357756 0.0853092 0.0472761
7 0.471689 0.315404 0.0898397 0.0564955
2 0.454162 0.341938 0.0615558 0.0296754
2 0.296853 0.308925 0.0479746 0.0232171
7 0.816801 0.598796 0.261875 0.219432
2 0.531859 0.312966 0.0467767 0.022884
0 0.870654 0.596771 0.0612749 0.0348309
2 0.336007 0.301577 0.0370605 0.0145357
2 0.816895 0.598462 0.262188 0.218657
0 0.505258 0.748419 0.0748449 0.0354734
2 0.666819 0.329264 0.0615949 0.0274832
0 0.76055 0.591391 0.0528563 0.0243149
2 0.495165 0.477319 0.13739 0.0670792
2 0.452377 0.767964 0.288397 0.194407
2 0.692438 0.457827 0.129704 0.0701984
7 0.268448 0.460687 0.165642 0.120384
2 0.506933 0.373848 0.0821187 0.0432012
2 0.19333 0.324314 0.0583009 0.026326
2 0.108985 0.392697 0.101533 0.0432323
2 0.676399 0.399708 0.0950427 0.0455392
2 0.663583 0.349882 0.0747029 0.0349726
2 0.183818 0.361098 0.0829791 0.0351479
2 0.484951 0.434333 0.120564 0.0589575
2 0.0644231 0.36071 0.0862469 0.0368233
2 0.349657 0.405626 0.107168 0.0636585
2 0.395812 0.357756 0.0853092 0.0472761
7 0.471689 0.315404 0.0898397 0.0564955
2 0.454162 0.341938 0.0615558 0.0296754
2 0.296853 0.308925 0.0479746 0.0232171
7 0.816801 0.598796 0.261875 0.219432
2 0.531859 0.312966 0.0467767 0.022884
0 0.870654 0.596771 0.0612749 0.0348309
2 0.336007 0.301577 0.0370605 0.0145357
2 0.816895 0.598462 0.262188 0.218657
0 0.505258 0.748419 0.0748449 0.0354734
2 0.666819 0.329264 0.0615949 0.0274832
0 0.76055 0.591391 0.0528563 0.0243149
2 0.495165 0.477319 0.13739 0.0670792
2 0.452377 0.767964 0.288397 0.194407
2 0.692438 0.457827 0.129704 0.0701984
7 0.268448 0.460687 0.165642 0.120384
2 0.506933 0.373848 0.0821187 0.0432012
2 0.19333 0.324314 0.0583009 0.026326
2 0.108985 0.392697 0.101533 0.0432323
2 0.676399 0.399708 0.0950427 0.0455392
2 0.663583 0.349882 0.0747029 0.0349726
2 0.183818 0.361098 0.0829791 0.0351479
2 0.484951 0.434333 0.120564 0.0589575
2 0.0644231 0.36071 0.0862469 0.0368233
2 0.349657 0.405626 0.107168 0.0636585
2 0.395812 0.357756 0.0853092 0.0472761
7 0.471689 0.315404 0.0898397 0.0564955
2 0.454162 0.341938 0.0615558 0.0296754
2 0.296853 0.308925 0.0479746 0.0232171
7 0.816801 0.598796 0.261875 0.219432
2 0.531859 0.312966 0.0467767 0.022884
0 0.870654 0.596771 0.0612749 0.0348309
2 0.336007 0.301577 0.0370605 0.0145357
2 0.816895 0.598462 0.262188 0.218657
0 0.505258 0.748419 0.0748449 0.0354734
2 0.666819 0.329264 0.0615949 0.0274832
0 0.76055 0.591391 0.0528563 0.0243149
