2 0.464744 0.876791 0.358457 0.245747
2 0.705511 0.553142 0.186436 0.0900797
2 0.510145 0.453828 0.134963 0.0626612
2 0.322424 0.406118 0.109486 0.0549541
2 0.603494 0.353898 0.0653958 0.0367112
2 0.423212 0.334027 0.0777942 0.0421817
2 0.0314534 0.343705 0.0629067 0.0332228
2 0.692752 0.396261 0.120661 0.0726492
3 0.147024 0.644134 0.0771193 0.0714658
2 0.16884 0.348444 0.0835022 0.0412382
5 0.281555 0.281358 0.0607445 0.0429228
2 0.523053 0.360492 0.116608 0.0819767
2 0.671812 0.306395 0.0594057 0.0332588
2 0.500615 0.306199 0.050125 0.0220059
7 0.524561 0.359408 0.112802 0.0834842
0 0.145855 0.611938 0.0873551 0.0783798
2 0.599545 0.30167 0.0530733 0.0230963
2 0.35586 0.286397 0.0391725 0.0232172
2 0.164438 0.325744 0.0656717 0.0252907
7 0.470406 0.276942 0.0418581 0.0275904
0 0.526723 0.869779 0.102936 0.0545097
2 0.1696 0.339872 0.0798008 0.0525478
2 0.527156 0.279834 0.0408496 0.0152243
2 0.486043 0.314877 0.0365567 0.0303352
2 0.470733 0.277254 0.0420795 0.027338
2 0.662321 0.282724 0.0446267 0.0192035
0 0.146099 0.596485 0.087245 0.0477333
2 0.646046 0.265721 0.0388936 0.0173412
2 0.168401 0.328919 0.0791313 0.030652
2 0.594797 0.285066 0.0463789 0.0211071
2 0.528118 0.291389 0.0450275 0.0275711
2 0.464744 0.876791 0.358457 0.245747
2 0.705511 0.553142 0.186436 0.0900797
2 0.510145 0.453828 0.134963 0.0626612
2 0.322424 0.406118 0.109486 0.0549541
2 0.603494 0.353898 0.0653958 0.0367112
2 0.423212 0.334027 0.0777942 0.0421817
2 0.0314534 0.343705 0.0629067 0.0332228
2 0.692752 0.396261 0.120661 0.0726492
3 0.147024 0.644134 0.0771193 0.0714658
2 0.16884 0.348444 0.0835022 0.0412382
5 0.281555 0.281358 0.0607445 0.0429228
2 0.523053 0.360492 0.116608 0.0819767
2 0.671812 0.306395 0.0594057 0.0332588
2 0.500615 0.306199 0.050125 0.0220059
7 0.524561 0.359408 0.112802 0.0834842
0 0.145855 0.611938 0.0873551 0.0783798
2 0.599545 0.30167 0.0530733 0.0230963
2 0.35586 0.286397 0.0391725 0.0232172
2 0.164438 0.325744 0.0656717 0.0252907
7 0.470406 0.276942 0.0418581 0.0275904
0 0.526723 0.869779 0.102936 0.0545097
2 0.1696 0.339872 0.0798008 0.0525478
2 0.527156 0.279834 0.0408496 0.0152243
2 0.486043 0.314877 0.0365567 0.0303352
2 0.470733 0.277254 0.0420795 0.027338
2 0.662321 0.282724 0.0446267 0.0192035
0 0.146099 0.596485 0.087245 0.0477333
2 0.646046 0.265721 0.0388936 0.0173412
2 0.168401 0.328919 0.0791313 0.030652
2 0.594797 0.285066 0.0463789 0.0211071
2 0.528118 0.291389 0.0450275 0.0275711
2 0.464744 0.876791 0.358457 0.245747
2 0.705511 0.553142 0.186436 0.0900797
2 0.510145 0.453828 0.134963 0.0626612
2 0.322424 0.406118 0.109486 0.0549541
2 0.603494 0.353898 0.0653958 0.0367112
2 0.423212 0.334027 0.0777942 0.0421817
2 0.0314534 0.343705 0.0629067 0.0332228
2 0.692752 0.396261 0.120661 0.0726492
3 0.147024 0.644134 0.0771193 0.0714658
2 0.16884 0.348444 0.0835022 0.0412382
5 0.281555 0.281358 0.0607445 0.0429228
2 0.523053 0.360492 0.116608 0.0819767
2 0.671812 0.306395 0.0594057 0.0332588
2 0.500615 0.306199 0.050125 0.0220059
7 0.524561 0.359408 0.112802 0.0834842
0 0.145855 0.611938 0.0873551 0.0783798
2 0.599545 0.30167 0.0530733 0.0230963
2 0.35586 0.286397 0.0391725 0.0232172
2 0.164438 0.325744 0.0656717 0.0252907
7 0.470406 0.276942 0.0418581 0.0275904
0 0.526723 0.869779 0.102936 0.0545097
2 0.1696 0.339872 0.0798008 0.0525478
2 0.527156 0.279834 0.0408496 0.0152243
2 0.486043 0.314877 0.0365567 0.0303352
2 0.470733 0.277254 0.0420795 0.027338
2 0.662321 0.282724 0.0446267 0.0192035
0 0.146099 0.596485 0.087245 0.0477333
2 0.646046 0.265721 0.0388936 0.0173412
2 0.168401 0.328919 0.0791313 0.030652
2 0.594797 0.285066 0.0463789 0.0211071
2 0.528118 0.291389 0.0450275 0.0275711
2 0.464744 0.876791 0.358457 0.245747
2 0.705511 0.553142 0.186436 0.0900797
2 0.510145 0.453828 0.134963 0.0626612
2 0.322424 0.406118 0.109486 0.0549541
2 0.603494 0.353898 0.0653958 0.0367112
2 0.423212 0.334027 0.0777942 0.0421817
2 0.0314534 0.343705 0.0629067 0.0332228
2 0.692752 0.396261 0.120661 0.0726492
3 0.147024 0.644134 0.0771193 0.0714658
2 0.16884 0.348444 0.0835022 0.0412382
5 0.281555 0.281358 0.0607445 0.0429228
2 0.523053 0.360492 0.116608 0.0819767
2 0.671812 0.306395 0.0594057 0.0332588
2 0.500615 0.306199 0.050125 0.0220059
7 0.524561 0.359408 0.112802 0.0834842
0 0.145855 0.611938 0.0873551 0.0783798
2 0.599545 0.30167 0.0530733 0.0230963
2 0.35586 0.286397 0.0391725 0.0232172
2 0.164438 0.325744 0.0656717 0.0252907
7 0.470406 0.276942 0.0418581 0.0275904
0 0.526723 0.869779 0.102936 0.0545097
2 0.1696 0.339872 0.0798008 0.0525478
2 0.527156 0.279834 0.0408496 0.0152243
2 0.486043 0.314877 0.0365567 0.0303352
2 0.470733 0.277254 0.0420795 0.027338
2 0.662321 0.282724 0.0446267 0.0192035
0 0.146099 0.596485 0.087245 0.0477333
2 0.646046 0.265721 0.0388936 0.0173412
2 0.168401 0.328919 0.0791313 0.030652
2 0.594797 0.285066 0.0463789 0.0211071
2 0.528118 0.291389 0.0450275 0.0275711
2 0.464744 0.876791 0.358457 0.245747
2 0.705511 0.553142 0.186436 0.0900797
2 0.510145 0.453828 0.134963 0.0626612
2 0.322424 0.406118 0.109486 0.0549541
2 0.603494 0.353898 0.0653958 0.0367112
2 0.423212 0.334027 0.0777942 0.0421817
2 0.0314534 0.343705 0.0629067 0.0332228
2 0.692752 0.396261 0.120661 0.0726492
3 0.147024 0.644134 0.0771193 0.0714658
2 0.16884 0.348444 0.0835022 0.0412382
5 0.281555 0.281358 0.0607445 0.0429228
2 0.523053 0.360492 0.116608 0.0819767
2 0.671812 0.306395 0.0594057 0.0332588
2 0.500615 0.306199 0.050125 0.0220059
7 0.524561 0.359408 0.112802 0.0834842
0 0.145855 0.611938 0.0873551 0.0783798
2 0.599545 0.30167 0.0530733 0.0230963
2 0.35586 0.286397 0.0391725 0.0232172
2 0.164438 0.325744 0.0656717 0.0252907
7 0.470406 0.276942 0.0418581 0.0275904
0 0.526723 0.869779 0.102936 0.0545097
2 0.1696 0.339872 0.0798008 0.0525478
2 0.527156 0.279834 0.0408496 0.0152243
2 0.486043 0.314877 0.0365567 0.0303352
2 0.470733 0.277254 0.0420795 0.027338
2 0.662321 0.282724 0.0446267 0.0192035
0 0.146099 0.596485 0.087245 0.0477333
2 0.646046 0.265721 0.0388936 0.0173412
2 0.168401 0.328919 0.0791313 0.030652
2 0.594797 0.285066 0.0463789 0.0211071
2 0.528118 0.291389 0.0450275 0.0275711
2 0.464744 0.876791 0.358457 0.245747
2 0.705511 0.553142 0.186436 0.0900797
2 0.510145 0.453828 0.134963 0.0626612
2 0.322424 0.406118 0.109486 0.0549541
2 0.603494 0.353898 0.0653958 0.0367112
2 0.423212 0.334027 0.0777942 0.0421817
2 0.0314534 0.343705 0.0629067 0.0332228
2 0.692752 0.396261 0.120661 0.0726492
3 0.147024 0.644134 0.0771193 0.0714658
2 0.16884 0.348444 0.0835022 0.0412382
5 0.281555 0.281358 0.0607445 0.0429228
2 0.523053 0.360492 0.116608 0.0819767
2 0.671812 0.306395 0.0594057 0.0332588
2 0.500615 0.306199 0.050125 0.0220059
7 0.524561 0.359408 0.112802 0.0834842
0 0.145855 0.611938 0.0873551 0.0783798
2 0.599545 0.30167 0.0530733 0.0230963
2 0.35586 0.286397 0.0391725 0.0232172
2 0.164438 0.325744 0.0656717 0.0252907
7 0.470406 0.276942 0.0418581 0.0275904
0 0.526723 0.869779 0.102936 0.0545097
2 0.1696 0.339872 0.0798008 0.0525478
2 0.527156 0.279834 0.0408496 0.0152243
2 0.486043 0.314877 0.0365567 0.0303352
2 0.470733 0.277254 0.0420795 0.027338
2 0.662321 0.282724 0.0446267 0.0192035
0 0.146099 0.596485 0.087245 0.0477333
2 0.646046 0.265721 0.0388936 0.0173412
2 0.168401 0.328919 0.0791313 0.030652
2 0.594797 0.285066 0.0463789 0.0211071
2 0.528118 0.291389 0.0450275 0.0275711
2 0.464744 0.876791 0.358457 0.245747
2 0.705511 0.553142 0.186436 0.0900797
2 0.510145 0.453828 0.134963 0.0626612
2 0.322424 0.406118 0.109486 0.0549541
2 0.603494 0.353898 0.0653958 0.0367112
2 0.423212 0.334027 0.0777942 0.0421817
2 0.0314534 0.343705 0.0629067 0.0332228
2 0.692752 0.396261 0.120661 0.0726492
3 0.147024 0.644134 0.0771193 0.0714658
2 0.16884 0.348444 0.0835022 0.0412382
5 0.281555 0.281358 0.0607445 0.0429228
2 0.523053 0.360492 0.116608 0.0819767
2 0.671812 0.306395 0.0594057 0.0332588
2 0.500615 0.306199 0.050125 0.0220059
7 0.524561 0.359408 0.112802 0.0834842
0 0.145855 0.611938 0.0873551 0.0783798
2 0.599545 0.30167 0.0530733 0.0230963
2 0.35586 0.286397 0.0391725 0.0232172
2 0.164438 0.325744 0.0656717 0.0252907
7 0.470406 0.276942 0.0418581 0.0275904
0 0.526723 0.869779 0.102936 0.0545097
2 0.1696 0.339872 0.0798008 0.0525478
2 0.527156 0.279834 0.0408496 0.0152243
2 0.486043 0.314877 0.0365567 0.0303352
2 0.470733 0.277254 0.0420795 0.027338
2 0.662321 0.282724 0.0446267 0.0192035
0 0.146099 0.596485 0.087245 0.0477333
2 0.646046 0.265721 0.0388936 0.0173412
2 0.168401 0.328919 0.0791313 0.030652
2 0.594797 0.285066 0.0463789 0.0211071
2 0.528118 0.291389 0.0450275 0.0275711
2 0.464744 0.876791 0.358457 0.245747
2 0.705511 0.553142 0.186436 0.0900797
2 0.510145 0.453828 0.134963 0.0626612
2 0.322424 0.406118 0.109486 0.0549541
2 0.603494 0.353898 0.0653958 0.0367112
2 0.423212 0.334027 0.0777942 0.0421817
2 0.0314534 0.343705 0.0629067 0.0332228
2 0.692752 0.396261 0.120661 0.0726492
3 0.147024 0.644134 0.0771193 0.0714658
2 0.16884 0.348444 0.0835022 0.0412382
5 0.281555 0.281358 0.0607445 0.0429228
2 0.523053 0.360492 0.116608 0.0819767
2 0.671812 0.306395 0.0594057 0.0332588
2 0.500615 0.306199 0.050125 0.0220059
7 0.524561 0.359408 0.112802 0.0834842
0 0.145855 0.611938 0.0873551 0.0783798
2 0.599545 0.30167 0.0530733 0.0230963
2 0.35586 0.286397 0.0391725 0.0232172
2 0.164438 0.325744 0.0656717 0.0252907
7 0.470406 0.276942 0.0418581 0.0275904
0 0.526723 0.869779 0.102936 0.0545097
2 0.1696 0.339872 0.0798008 0.0525478
2 0.527156 0.279834 0.0408496 0.0152243
2 0.486043 0.314877 0.0365567 0.0303352
2 0.470733 0.277254 0.0420795 0.027338
2 0.662321 0.282724 0.0446267 0.0192035
0 0.146099 0.596485 0.087245 0.0477333
2 0.646046 0.265721 0.0388936 0.0173412
2 0.168401 0.328919 0.0791313 0.030652
2 0.594797 0.285066 0.0463789 0.0211071
2 0.528118 0.291389 0.0450275 0.0275711
2 0.464744 0.876791 0.358457 0.245747
2 0.705511 0.553142 0.186436 0.0900797
2 0.510145 0.453828 0.134963 0.0626612
2 0.322424 0.406118 0.109486 0.0549541
2 0.603494 0.353898 0.0653958 0.0367112
2 0.423212 0.334027 0.0777942 0.0421817
2 0.0314534 0.343705 0.0629067 0.0332228
2 0.692752 0.396261 0.120661 0.0726492
3 0.147024 0.644134 0.0771193 0.0714658
2 0.16884 0.348444 0.0835022 0.0412382
5 0.281555 0.281358 0.0607445 0.0429228
2 0.523053 0.360492 0.116608 0.0819767
2 0.671812 0.306395 0.0594057 0.0332588
2 0.500615 0.306199 0.050125 0.0220059
7 0.524561 0.359408 0.112802 0.0834842
0 0.145855 0.611938 0.0873551 0.0783798
2 0.599545 0.30167 0.0530733 0.0230963
2 0.35586 0.286397 0.0391725 0.0232172
2 0.164438 0.325744 0.0656717 0.0252907
7 0.470406 0.276942 0.0418581 0.0275904
0 0.526723 0.869779 0.102936 0.0545097
2 0.1696 0.339872 0.0798008 0.0525478
2 0.527156 0.279834 0.0408496 0.0152243
2 0.486043 0.314877 0.0365567 0.0303352
2 0.470733 0.277254 0.0420795 0.027338
2 0.662321 0.282724 0.0446267 0.0192035
0 0.146099 0.596485 0.087245 0.0477333
2 0.646046 0.265721 0.0388936 0.0173412
2 0.168401 0.328919 0.0791313 0.030652
2 0.594797 0.285066 0.0463789 0.0211071
2 0.528118 0.291389 0.0450275 0.0275711
2 0.464744 0.876791 0.358457 0.245747
2 0.705511 0.553142 0.186436 0.0900797
2 0.510145 0.453828 0.134963 0.0626612
2 0.322424 0.406118 0.109486 0.0549541
2 0.603494 0.353898 0.0653958 0.0367112
2 0.423212 0.334027 0.0777942 0.0421817
2 0.0314534 0.343705 0.0629067 0.0332228
2 0.692752 0.396261 0.120661 0.0726492
3 0.147024 0.644134 0.0771193 0.0714658
2 0.16884 0.348444 0.0835022 0.0412382
5 0.281555 0.281358 0.0607445 0.0429228
2 0.523053 0.360492 0.116608 0.0819767
2 0.671812 0.306395 0.0594057 0.0332588
2 0.500615 0.306199 0.050125 0.0220059
7 0.524561 0.359408 0.112802 0.0834842
0 0.145855 0.611938 0.0873551 0.0783798
2 0.599545 0.30167 0.0530733 0.0230963
2 0.35586 0.286397 0.0391725 0.0232172
2 0.164438 0.325744 0.0656717 0.0252907
7 0.470406 0.276942 0.0418581 0.0275904
0 0.526723 0.869779 0.102936 0.0545097
2 0.1696 0.339872 0.0798008 0.0525478
2 0.527156 0.279834 0.0408496 0.0152243
2 0.486043 0.314877 0.0365567 0.0303352
2 0.470733 0.277254 0.0420795 0.027338
2 0.662321 0.282724 0.0446267 0.0192035
0 0.146099 0.596485 0.087245 0.0477333
2 0.646046 0.265721 0.0388936 0.0173412
2 0.168401 0.328919 0.0791313 0.030652
2 0.594797 0.285066 0.0463789 0.0211071
2 0.528118 0.291389 0.0450275 0.0275711
2 0.464744 0.876791 0.358457 0.245747
2 0.705511 0.553142 0.186436 0.0900797
2 0.510145 0.453828 0.134963 0.0626612
2 0.322424 0.406118 0.109486 0.0549541
2 0.603494 0.353898 0.0653958 0.0367112
2 0.423212 0.334027 0.0777942 0.0421817
2 0.0314534 0.343705 0.0629067 0.0332228
2 0.692752 0.396261 0.120661 0.0726492
3 0.147024 0.644134 0.0771193 0.0714658
2 0.16884 0.348444 0.0835022 0.0412382
5 0.281555 0.281358 0.0607445 0.0429228
2 0.523053 0.360492 0.116608 0.0819767
2 0.671812 0.306395 0.0594057 0.0332588
2 0.500615 0.306199 0.050125 0.0220059
7 0.524561 0.359408 0.112802 0.0834842
0 0.145855 0.611938 0.0873551 0.0783798
2 0.599545 0.30167 0.0530733 0.0230963
2 0.35586 0.286397 0.0391725 0.0232172
2 0.164438 0.325744 0.0656717 0.0252907
7 0.470406 0.276942 0.0418581 0.0275904
0 0.526723 0.869779 0.102936 0.0545097
2 0.1696 0.339872 0.0798008 0.0525478
2 0.527156 0.279834 0.0408496 0.0152243
2 0.486043 0.314877 0.0365567 0.0303352
2 0.470733 0.277254 0.0420795 0.027338
2 0.662321 0.282724 0.0446267 0.0192035
0 0.146099 0.596485 0.087245 0.0477333
2 0.646046 0.265721 0.0388936 0.0173412
2 0.168401 0.328919 0.0791313 0.030652
2 0.594797 0.285066 0.0463789 0.0211071
2 0.528118 0.291389 0.0450275 0.0275711
2 0.464744 0.876791 0.358457 0.245747
2 0.705511 0.553142 0.186436 0.0900797
2 0.510145 0.453828 0.134963 0.0626612
2 0.322424 0.406118 0.109486 0.0549541
2 0.603494 0.353898 0.0653958 0.0367112
2 0.423212 0.334027 0.0777942 0.0421817
2 0.0314534 0.343705 0.0629067 0.0332228
2 0.692752 0.396261 0.120661 0.0726492
3 0.147024 0.644134 0.0771193 0.0714658
2 0.16884 0.348444 0.0835022 0.0412382
5 0.281555 0.281358 0.0607445 0.0429228
2 0.523053 0.360492 0.116608 0.0819767
2 0.671812 0.306395 0.0594057 0.0332588
2 0.500615 0.306199 0.050125 0.0220059
7 0.524561 0.359408 0.112802 0.0834842
0 0.145855 0.611938 0.0873551 0.0783798
2 0.599545 0.30167 0.0530733 0.0230963
2 0.35586 0.286397 0.0391725 0.0232172
2 0.164438 0.325744 0.0656717 0.0252907
7 0.470406 0.276942 0.0418581 0.0275904
0 0.526723 0.869779 0.102936 0.0545097
2 0.1696 0.339872 0.0798008 0.0525478
2 0.527156 0.279834 0.0408496 0.0152243
2 0.486043 0.314877 0.0365567 0.0303352
2 0.470733 0.277254 0.0420795 0.027338
2 0.662321 0.282724 0.0446267 0.0192035
0 0.146099 0.596485 0.087245 0.0477333
2 0.646046 0.265721 0.0388936 0.0173412
2 0.168401 0.328919 0.0791313 0.030652
2 0.594797 0.285066 0.0463789 0.0211071
2 0.528118 0.291389 0.0450275 0.0275711
2 0.464744 0.876791 0.358457 0.245747
2 0.705511 0.553142 0.186436 0.0900797
2 0.510145 0.453828 0.134963 0.0626612
2 0.322424 0.406118 0.109486 0.0549541
2 0.603494 0.353898 0.0653958 0.0367112
2 0.423212 0.334027 0.0777942 0.0421817
2 0.0314534 0.343705 0.0629067 0.0332228
2 0.692752 0.396261 0.120661 0.0726492
3 0.147024 0.644134 0.0771193 0.0714658
2 0.16884 0.348444 0.0835022 0.0412382
5 0.281555 0.281358 0.0607445 0.0429228
2 0.523053 0.360492 0.116608 0.0819767
2 0.671812 0.306395 0.0594057 0.0332588
2 0.500615 0.306199 0.050125 0.0220059
7 0.524561 0.359408 0.112802 0.0834842
0 0.145855 0.611938 0.0873551 0.0783798
2 0.599545 0.30167 0.0530733 0.0230963
2 0.35586 0.286397 0.0391725 0.0232172
2 0.164438 0.325744 0.0656717 0.0252907
7 0.470406 0.276942 0.0418581 0.0275904
0 0.526723 0.869779 0.102936 0.0545097
2 0.1696 0.339872 0.0798008 0.0525478
2 0.527156 0.279834 0.0408496 0.0152243
2 0.486043 0.314877 0.0365567 0.0303352
2 0.470733 0.277254 0.0420795 0.027338
2 0.662321 0.282724 0.0446267 0.0192035
0 0.146099 0.596485 0.087245 0.0477333
2 0.646046 0.265721 0.0388936 0.0173412
2 0.168401 0.328919 0.0791313 0.030652
2 0.594797 0.285066 0.0463789 0.0211071
2 0.528118 0.291389 0.0450275 0.0275711
2 0.464125 0.877178 0.362556 0.24489
2 0.705537 0.554123 0.187337 0.0903408
2 0.321014 0.405904 0.111105 0.055379
2 0.51087 0.454042 0.138608 0.0622594
2 0.0316832 0.343884 0.0629654 0.033164
2 0.605268 0.353785 0.0647332 0.0364596
2 0.424034 0.3332 0.0754515 0.042756
3 0.146334 0.645216 0.0741596 0.0693452
2 0.169066 0.348767 0.0826606 0.0406876
2 0.695787 0.396417 0.127565 0.0726561
2 0.599937 0.30085 0.0514052 0.024734
5 0.285449 0.28141 0.0579376 0.0419358
7 0.523262 0.359076 0.115207 0.0844533
2 0.672773 0.306786 0.058532 0.0329586
0 0.147635 0.61329 0.0838206 0.080051
2 0.662208 0.283894 0.0450343 0.019091
7 0.472137 0.277417 0.0416963 0.0279643
2 0.50092 0.30632 0.0489254 0.0222678
2 0.464125 0.877178 0.362556 0.24489
2 0.705537 0.554123 0.187337 0.0903408
2 0.321014 0.405904 0.111105 0.055379
2 0.51087 0.454042 0.138608 0.0622594
2 0.0316832 0.343884 0.0629654 0.033164
2 0.605268 0.353785 0.0647332 0.0364596
2 0.424034 0.3332 0.0754515 0.042756
3 0.146334 0.645216 0.0741596 0.0693452
2 0.169066 0.348767 0.0826606 0.0406876
2 0.695787 0.396417 0.127565 0.0726561
2 0.599937 0.30085 0.0514052 0.024734
5 0.285449 0.28141 0.0579376 0.0419358
7 0.523262 0.359076 0.115207 0.0844533
2 0.672773 0.306786 0.058532 0.0329586
0 0.147635 0.61329 0.0838206 0.080051
2 0.662208 0.283894 0.0450343 0.019091
7 0.472137 0.277417 0.0416963 0.0279643
2 0.50092 0.30632 0.0489254 0.0222678
