2 0.111157 0.750466 0.221958 0.151162
2 0.807411 0.640496 0.204964 0.108301
2 0.324634 0.437282 0.131681 0.0728174
5 0.22901 0.311559 0.100505 0.0555328
2 0.469738 0.382573 0.0878832 0.0453493
2 0.571318 0.352629 0.0763904 0.0353244
2 0.439988 0.359001 0.0788179 0.036757
2 0.515095 0.631756 0.286767 0.229599
2 0.674657 0.381342 0.0998186 0.0558754
2 0.50417 0.321923 0.0589021 0.0249227
2 0.703234 0.318887 0.0598772 0.0243824
2 0.343492 0.317287 0.0505288 0.0251017
2 0.604399 0.320129 0.0562668 0.0320202
2 0.544385 0.299063 0.0442752 0.0222417
3 0.501648 0.446492 0.0508903 0.0371912
0 0.499585 0.427775 0.0549328 0.0430071
2 0.380009 0.301243 0.033541 0.0188489
2 0.30993 0.30369 0.0359184 0.0195977
0 0.564353 0.630265 0.0661697 0.0280663
2 0.49128 0.298994 0.052171 0.0365058
7 0.689038 0.293579 0.0535203 0.0342984
3 0.499588 0.434512 0.0562635 0.0557917
2 0.495344 0.302753 0.0500495 0.0325309
2 0.689908 0.305733 0.055523 0.0250547
2 0.111157 0.750466 0.221958 0.151162
2 0.807411 0.640496 0.204964 0.108301
2 0.324634 0.437282 0.131681 0.0728174
5 0.22901 0.311559 0.100505 0.0555328
2 0.469738 0.382573 0.0878832 0.0453493
2 0.571318 0.352629 0.0763904 0.0353244
2 0.439988 0.359001 0.0788179 0.036757
2 0.515095 0.631756 0.286767 0.229599
2 0.674657 0.381342 0.0998186 0.0558754
2 0.50417 0.321923 0.0589021 0.0249227
2 0.703234 0.318887 0.0598772 0.0243824
2 0.343492 0.317287 0.0505288 0.0251017
2 0.604399 0.320129 0.0562668 0.0320202
2 0.544385 0.299063 0.0442752 0.0222417
3 0.501648 0.446492 0.0508903 0.0371912
0 0.499585 0.427775 0.0549328 0.0430071
2 0.380009 0.301243 0.033541 0.0188489
2 0.30993 0.30369 0.0359184 0.0195977
0 0.564353 0.630265 0.0661697 0.0280663
2 0.49128 0.298994 0.052171 0.0365058
7 0.689038 0.293579 0.0535203 0.0342984
3 0.499588 0.434512 0.0562635 0.0557917
2 0.495344 0.302753 0.0500495 0.0325309
2 0.689908 0.305733 0.055523 0.0250547
2 0.111157 0.750466 0.221958 0.151162
2 0.807411 0.640496 0.204964 0.108301
2 0.324634 0.437282 0.131681 0.0728174
5 0.22901 0.311559 0.100505 0.0555328
2 0.469738 0.382573 0.0878832 0.0453493
2 0.571318 0.352629 0.0763904 0.0353244
2 0.439988 0.359001 0.0788179 0.036757
2 0.515095 0.631756 0.286767 0.229599
2 0.674657 0.381342 0.0998186 0.0558754
2 0.50417 0.321923 0.0589021 0.0249227
2 0.703234 0.318887 0.0598772 0.0243824
2 0.343492 0.317287 0.0505288 0.0251017
2 0.604399 0.320129 0.0562668 0.0320202
2 0.544385 0.299063 0.0442752 0.0222417
3 0.501648 0.446492 0.0508903 0.0371912
0 0.499585 0.427775 0.0549328 0.0430071
2 0.380009 0.301243 0.033541 0.0188489
2 0.30993 0.30369 0.0359184 0.0195977
0 0.564353 0.630265 0.0661697 0.0280663
2 0.49128 0.298994 0.052171 0.0365058
7 0.689038 0.293579 0.0535203 0.0342984
3 0.499588 0.434512 0.0562635 0.0557917
2 0.495344 0.302753 0.0500495 0.0325309
2 0.689908 0.305733 0.055523 0.0250547
2 0.111157 0.750466 0.221958 0.151162
2 0.807411 0.640496 0.204964 0.108301
2 0.324634 0.437282 0.131681 0.0728174
5 0.22901 0.311559 0.100505 0.0555328
2 0.469738 0.382573 0.0878832 0.0453493
2 0.571318 0.352629 0.0763904 0.0353244
2 0.439988 0.359001 0.0788179 0.036757
2 0.515095 0.631756 0.286767 0.229599
2 0.674657 0.381342 0.0998186 0.0558754
2 0.50417 0.321923 0.0589021 0.0249227
2 0.703234 0.318887 0.0598772 0.0243824
2 0.343492 0.317287 0.0505288 0.0251017
2 0.604399 0.320129 0.0562668 0.0320202
2 0.544385 0.299063 0.0442752 0.0222417
3 0.501648 0.446492 0.0508903 0.0371912
0 0.499585 0.427775 0.0549328 0.0430071
2 0.380009 0.301243 0.033541 0.0188489
2 0.30993 0.30369 0.0359184 0.0195977
0 0.564353 0.630265 0.0661697 0.0280663
2 0.49128 0.298994 0.052171 0.0365058
7 0.689038 0.293579 0.0535203 0.0342984
3 0.499588 0.434512 0.0562635 0.0557917
2 0.495344 0.302753 0.0500495 0.0325309
2 0.689908 0.305733 0.055523 0.0250547
2 0.111157 0.750466 0.221958 0.151162
2 0.807411 0.640496 0.204964 0.108301
2 0.324634 0.437282 0.131681 0.0728174
5 0.22901 0.311559 0.100505 0.0555328
2 0.469738 0.382573 0.0878832 0.0453493
2 0.571318 0.352629 0.0763904 0.0353244
2 0.439988 0.359001 0.0788179 0.036757
2 0.515095 0.631756 0.286767 0.229599
2 0.674657 0.381342 0.0998186 0.0558754
2 0.50417 0.321923 0.0589021 0.0249227
2 0.703234 0.318887 0.0598772 0.0243824
2 0.343492 0.317287 0.0505288 0.0251017
2 0.604399 0.320129 0.0562668 0.0320202
2 0.544385 0.299063 0.0442752 0.0222417
3 0.501648 0.446492 0.0508903 0.0371912
0 0.499585 0.427775 0.0549328 0.0430071
2 0.380009 0.301243 0.033541 0.0188489
2 0.30993 0.30369 0.0359184 0.0195977
0 0.564353 0.630265 0.0661697 0.0280663
2 0.49128 0.298994 0.052171 0.0365058
7 0.689038 0.293579 0.0535203 0.0342984
3 0.499588 0.434512 0.0562635 0.0557917
2 0.495344 0.302753 0.0500495 0.0325309
2 0.689908 0.305733 0.055523 0.0250547
2 0.111157 0.750466 0.221958 0.151162
2 0.807411 0.640496 0.204964 0.108301
2 0.324634 0.437282 0.131681 0.0728174
5 0.22901 0.311559 0.100505 0.0555328
2 0.469738 0.382573 0.0878832 0.0453493
2 0.571318 0.352629 0.0763904 0.0353244
2 0.439988 0.359001 0.0788179 0.036757
2 0.515095 0.631756 0.286767 0.229599
2 0.674657 0.381342 0.0998186 0.0558754
2 0.50417 0.321923 0.0589021 0.0249227
2 0.703234 0.318887 0.0598772 0.0243824
2 0.343492 0.317287 0.0505288 0.0251017
2 0.604399 0.320129 0.0562668 0.0320202
2 0.544385 0.299063 0.0442752 0.0222417
3 0.501648 0.446492 0.0508903 0.0371912
0 0.499585 0.427775 0.0549328 0.0430071
2 0.380009 0.301243 0.033541 0.0188489
2 0.30993 0.30369 0.0359184 0.0195977
0 0.564353 0.630265 0.0661697 0.0280663
2 0.49128 0.298994 0.052171 0.0365058
7 0.689038 0.293579 0.0535203 0.0342984
3 0.499588 0.434512 0.0562635 0.0557917
2 0.495344 0.302753 0.0500495 0.0325309
2 0.689908 0.305733 0.055523 0.0250547
2 0.111157 0.750466 0.221958 0.151162
2 0.807411 0.640496 0.204964 0.108301
2 0.324634 0.437282 0.131681 0.0728174
5 0.22901 0.311559 0.100505 0.0555328
2 0.469738 0.382573 0.0878832 0.0453493
2 0.571318 0.352629 0.0763904 0.0353244
2 0.439988 0.359001 0.0788179 0.036757
2 0.515095 0.631756 0.286767 0.229599
2 0.674657 0.381342 0.0998186 0.0558754
2 0.50417 0.321923 0.0589021 0.0249227
2 0.703234 0.318887 0.0598772 0.0243824
2 0.343492 0.317287 0.0505288 0.0251017
2 0.604399 0.320129 0.0562668 0.0320202
2 0.544385 0.299063 0.0442752 0.0222417
3 0.501648 0.446492 0.0508903 0.0371912
0 0.499585 0.427775 0.0549328 0.0430071
2 0.380009 0.301243 0.033541 0.0188489
2 0.30993 0.30369 0.0359184 0.0195977
0 0.564353 0.630265 0.0661697 0.0280663
2 0.49128 0.298994 0.052171 0.0365058
7 0.689038 0.293579 0.0535203 0.0342984
3 0.499588 0.434512 0.0562635 0.0557917
2 0.495344 0.302753 0.0500495 0.0325309
2 0.689908 0.305733 0.055523 0.0250547
2 0.111157 0.750466 0.221958 0.151162
2 0.807411 0.640496 0.204964 0.108301
2 0.324634 0.437282 0.131681 0.0728174
5 0.22901 0.311559 0.100505 0.0555328
2 0.469738 0.382573 0.0878832 0.0453493
2 0.571318 0.352629 0.0763904 0.0353244
2 0.439988 0.359001 0.0788179 0.036757
2 0.515095 0.631756 0.286767 0.229599
2 0.674657 0.381342 0.0998186 0.0558754
2 0.50417 0.321923 0.0589021 0.0249227
2 0.703234 0.318887 0.0598772 0.0243824
2 0.343492 0.317287 0.0505288 0.0251017
2 0.604399 0.320129 0.0562668 0.0320202
2 0.544385 0.299063 0.0442752 0.0222417
3 0.501648 0.446492 0.0508903 0.0371912
0 0.499585 0.427775 0.0549328 0.0430071
2 0.380009 0.301243 0.033541 0.0188489
2 0.30993 0.30369 0.0359184 0.0195977
0 0.564353 0.630265 0.0661697 0.0280663
2 0.49128 0.298994 0.052171 0.0365058
7 0.689038 0.293579 0.0535203 0.0342984
3 0.499588 0.434512 0.0562635 0.0557917
2 0.495344 0.302753 0.0500495 0.0325309
2 0.689908 0.305733 0.055523 0.0250547
2 0.111157 0.750466 0.221958 0.151162
2 0.807411 0.640496 0.204964 0.108301
2 0.324634 0.437282 0.131681 0.0728174
5 0.22901 0.311559 0.100505 0.0555328
2 0.469738 0.382573 0.0878832 0.0453493
2 0.571318 0.352629 0.0763904 0.0353244
2 0.439988 0.359001 0.0788179 0.036757
2 0.515095 0.631756 0.286767 0.229599
2 0.674657 0.381342 0.0998186 0.0558754
2 0.50417 0.321923 0.0589021 0.0249227
2 0.703234 0.318887 0.0598772 0.0243824
2 0.343492 0.317287 0.0505288 0.0251017
2 0.604399 0.320129 0.0562668 0.0320202
2 0.544385 0.299063 0.0442752 0.0222417
3 0.501648 0.446492 0.0508903 0.0371912
0 0.499585 0.427775 0.0549328 0.0430071
2 0.380009 0.301243 0.033541 0.0188489
2 0.30993 0.30369 0.0359184 0.0195977
0 0.564353 0.630265 0.0661697 0.0280663
2 0.49128 0.298994 0.052171 0.0365058
7 0.689038 0.293579 0.0535203 0.0342984
3 0.499588 0.434512 0.0562635 0.0557917
2 0.495344 0.302753 0.0500495 0.0325309
2 0.689908 0.305733 0.055523 0.0250547
2 0.111157 0.750466 0.221958 0.151162
2 0.807411 0.640496 0.204964 0.108301
2 0.324634 0.437282 0.131681 0.0728174
5 0.22901 0.311559 0.100505 0.0555328
2 0.469738 0.382573 0.0878832 0.0453493
2 0.571318 0.352629 0.0763904 0.0353244
2 0.439988 0.359001 0.0788179 0.036757
2 0.515095 0.631756 0.286767 0.229599
2 0.674657 0.381342 0.0998186 0.0558754
2 0.50417 0.321923 0.0589021 0.0249227
2 0.703234 0.318887 0.0598772 0.0243824
2 0.343492 0.317287 0.0505288 0.0251017
2 0.604399 0.320129 0.0562668 0.0320202
2 0.544385 0.299063 0.0442752 0.0222417
3 0.501648 0.446492 0.0508903 0.0371912
0 0.499585 0.427775 0.0549328 0.0430071
2 0.380009 0.301243 0.033541 0.0188489
2 0.30993 0.30369 0.0359184 0.0195977
0 0.564353 0.630265 0.0661697 0.0280663
2 0.49128 0.298994 0.052171 0.0365058
7 0.689038 0.293579 0.0535203 0.0342984
3 0.499588 0.434512 0.0562635 0.0557917
2 0.495344 0.302753 0.0500495 0.0325309
2 0.689908 0.305733 0.055523 0.0250547
2 0.111157 0.750466 0.221958 0.151162
2 0.807411 0.640496 0.204964 0.108301
2 0.324634 0.437282 0.131681 0.0728174
5 0.22901 0.311559 0.100505 0.0555328
2 0.469738 0.382573 0.0878832 0.0453493
2 0.571318 0.352629 0.0763904 0.0353244
2 0.439988 0.359001 0.0788179 0.036757
2 0.515095 0.631756 0.286767 0.229599
2 0.674657 0.381342 0.0998186 0.0558754
2 0.50417 0.321923 0.0589021 0.0249227
2 0.703234 0.318887 0.0598772 0.0243824
2 0.343492 0.317287 0.0505288 0.0251017
2 0.604399 0.320129 0.0562668 0.0320202
2 0.544385 0.299063 0.0442752 0.0222417
3 0.501648 0.446492 0.0508903 0.0371912
0 0.499585 0.427775 0.0549328 0.0430071
2 0.380009 0.301243 0.033541 0.0188489
2 0.30993 0.30369 0.0359184 0.0195977
0 0.564353 0.630265 0.0661697 0.0280663
2 0.49128 0.298994 0.052171 0.0365058
7 0.689038 0.293579 0.0535203 0.0342984
3 0.499588 0.434512 0.0562635 0.0557917
2 0.495344 0.302753 0.0500495 0.0325309
2 0.689908 0.305733 0.055523 0.0250547
2 0.111157 0.750466 0.221958 0.151162
2 0.807411 0.640496 0.204964 0.108301
2 0.324634 0.437282 0.131681 0.0728174
5 0.22901 0.311559 0.100505 0.0555328
2 0.469738 0.382573 0.0878832 0.0453493
2 0.571318 0.352629 0.0763904 0.0353244
2 0.439988 0.359001 0.0788179 0.036757
2 0.515095 0.631756 0.286767 0.229599
2 0.674657 0.381342 0.0998186 0.0558754
2 0.50417 0.321923 0.0589021 0.0249227
2 0.703234 0.318887 0.0598772 0.0243824
2 0.343492 0.317287 0.0505288 0.0251017
2 0.604399 0.320129 0.0562668 0.0320202
2 0.544385 0.299063 0.0442752 0.0222417
3 0.501648 0.446492 0.0508903 0.0371912
0 0.499585 0.427775 0.0549328 0.0430071
2 0.380009 0.301243 0.033541 0.0188489
2 0.30993 0.30369 0.0359184 0.0195977
0 0.564353 0.630265 0.0661697 0.0280663
2 0.49128 0.298994 0.052171 0.0365058
7 0.689038 0.293579 0.0535203 0.0342984
3 0.499588 0.434512 0.0562635 0.0557917
2 0.495344 0.302753 0.0500495 0.0325309
2 0.689908 0.305733 0.055523 0.0250547
2 0.807045 0.640625 0.203529 0.108155
2 0.111716 0.751248 0.221687 0.151861
2 0.471856 0.382729 0.0885091 0.0446536
2 0.325434 0.437012 0.129448 0.0720726
5 0.229265 0.310716 0.0993207 0.0559445
2 0.677565 0.38132 0.097205 0.0553467
2 0.702518 0.318613 0.0577976 0.0263203
2 0.571503 0.352906 0.0759515 0.0351213
2 0.441183 0.358429 0.0809965 0.0365679
2 0.50373 0.322172 0.0584476 0.0251183
2 0.604497 0.319757 0.0583354 0.032603
3 0.501276 0.444193 0.0543922 0.0421906
2 0.515374 0.632038 0.289966 0.229733
2 0.343819 0.314551 0.0522298 0.0301338
5 0.515775 0.632123 0.291363 0.229362
2 0.544992 0.299225 0.0434992 0.0224677
2 0.807045 0.640625 0.203529 0.108155
2 0.111716 0.751248 0.221687 0.151861
2 0.471856 0.382729 0.0885091 0.0446536
2 0.325434 0.437012 0.129448 0.0720726
5 0.229265 0.310716 0.0993207 0.0559445
2 0.677565 0.38132 0.097205 0.0553467
2 0.702518 0.318613 0.0577976 0.0263203
2 0.571503 0.352906 0.0759515 0.0351213
2 0.441183 0.358429 0.0809965 0.0365679
2 0.50373 0.322172 0.0584476 0.0251183
2 0.604497 0.319757 0.0583354 0.032603
3 0.501276 0.444193 0.0543922 0.0421906
2 0.515374 0.632038 0.289966 0.229733
2 0.343819 0.314551 0.0522298 0.0301338
5 0.515775 0.632123 0.291363 0.229362
2 0.544992 0.299225 0.0434992 0.0224677
2 0.807045 0.640625 0.203529 0.108155
2 0.111716 0.751248 0.221687 0.151861
2 0.471856 0.382729 0.0885091 0.0446536
2 0.325434 0.437012 0.129448 0.0720726
5 0.229265 0.310716 0.0993207 0.0559445
2 0.677565 0.38132 0.097205 0.0553467
2 0.702518 0.318613 0.0577976 0.0263203
2 0.571503 0.352906 0.0759515 0.0351213
2 0.441183 0.358429 0.0809965 0.0365679
2 0.50373 0.322172 0.0584476 0.0251183
2 0.604497 0.319757 0.0583354 0.032603
3 0.501276 0.444193 0.0543922 0.0421906
2 0.515374 0.632038 0.289966 0.229733
2 0.343819 0.314551 0.0522298 0.0301338
5 0.515775 0.632123 0.291363 0.229362
2 0.544992 0.299225 0.0434992 0.0224677
2 0.807045 0.640625 0.203529 0.108155
2 0.111716 0.751248 0.221687 0.151861
2 0.471856 0.382729 0.0885091 0.0446536
2 0.325434 0.437012 0.129448 0.0720726
5 0.229265 0.310716 0.0993207 0.0559445
2 0.677565 0.38132 0.097205 0.0553467
2 0.702518 0.318613 0.0577976 0.0263203
2 0.571503 0.352906 0.0759515 0.0351213
2 0.441183 0.358429 0.0809965 0.0365679
2 0.50373 0.322172 0.0584476 0.0251183
2 0.604497 0.319757 0.0583354 0.032603
3 0.501276 0.444193 0.0543922 0.0421906
2 0.515374 0.632038 0.289966 0.229733
2 0.343819 0.314551 0.0522298 0.0301338
5 0.515775 0.632123 0.291363 0.229362
2 0.544992 0.299225 0.0434992 0.0224677
2 0.807045 0.640625 0.203529 0.108155
2 0.111716 0.751248 0.221687 0.151861
2 0.471856 0.382729 0.0885091 0.0446536
2 0.325434 0.437012 0.129448 0.0720726
5 0.229265 0.310716 0.0993207 0.0559445
2 0.677565 0.38132 0.097205 0.0553467
2 0.702518 0.318613 0.0577976 0.0263203
2 0.571503 0.352906 0.0759515 0.0351213
2 0.441183 0.358429 0.0809965 0.0365679
2 0.50373 0.322172 0.0584476 0.0251183
2 0.604497 0.319757 0.0583354 0.032603
3 0.501276 0.444193 0.0543922 0.0421906
2 0.515374 0.632038 0.289966 0.229733
2 0.343819 0.314551 0.0522298 0.0301338
5 0.515775 0.632123 0.291363 0.229362
2 0.544992 0.299225 0.0434992 0.0224677
2 0.807045 0.640625 0.203529 0.108155
2 0.111716 0.751248 0.221687 0.151861
2 0.471856 0.382729 0.0885091 0.0446536
2 0.325434 0.437012 0.129448 0.0720726
5 0.229265 0.310716 0.0993207 0.0559445
2 0.677565 0.38132 0.097205 0.0553467
2 0.702518 0.318613 0.0577976 0.0263203
2 0.571503 0.352906 0.0759515 0.0351213
2 0.441183 0.358429 0.0809965 0.0365679
2 0.50373 0.322172 0.0584476 0.0251183
2 0.604497 0.319757 0.0583354 0.032603
3 0.501276 0.444193 0.0543922 0.0421906
2 0.515374 0.632038 0.289966 0.229733
2 0.343819 0.314551 0.0522298 0.0301338
5 0.515775 0.632123 0.291363 0.229362
2 0.544992 0.299225 0.0434992 0.0224677
2 0.807045 0.640625 0.203529 0.108155
2 0.111716 0.751248 0.221687 0.151861
2 0.471856 0.382729 0.0885091 0.0446536
2 0.325434 0.437012 0.129448 0.0720726
5 0.229265 0.310716 0.0993207 0.0559445
2 0.677565 0.38132 0.097205 0.0553467
2 0.702518 0.318613 0.0577976 0.0263203
2 0.571503 0.352906 0.0759515 0.0351213
2 0.441183 0.358429 0.0809965 0.0365679
2 0.50373 0.322172 0.0584476 0.0251183
2 0.604497 0.319757 0.0583354 0.032603
3 0.501276 0.444193 0.0543922 0.0421906
2 0.515374 0.632038 0.289966 0.229733
2 0.343819 0.314551 0.0522298 0.0301338
5 0.515775 0.632123 0.291363 0.229362
2 0.544992 0.299225 0.0434992 0.0224677
2 0.807045 0.640625 0.203529 0.108155
2 0.111716 0.751248 0.221687 0.151861
2 0.471856 0.382729 0.0885091 0.0446536
2 0.325434 0.437012 0.129448 0.0720726
5 0.229265 0.310716 0.0993207 0.0559445
2 0.677565 0.38132 0.097205 0.0553467
2 0.702518 0.318613 0.0577976 0.0263203
2 0.571503 0.352906 0.0759515 0.0351213
2 0.441183 0.358429 0.0809965 0.0365679
2 0.50373 0.322172 0.0584476 0.0251183
2 0.604497 0.319757 0.0583354 0.032603
3 0.501276 0.444193 0.0543922 0.0421906
2 0.515374 0.632038 0.289966 0.229733
2 0.343819 0.314551 0.0522298 0.0301338
5 0.515775 0.632123 0.291363 0.229362
2 0.544992 0.299225 0.0434992 0.0224677
0 0.500894 0.427495 0.0585744 0.0407206
7 0.689573 0.29568 0.0501258 0.0399844
7 0.493319 0.298793 0.049901 0.036228
0 0.562275 0.627034 0.0623479 0.033149
2 0.379203 0.301288 0.0332183 0.0184178
