2 0.113768 0.806079 0.227536 0.145346
7 0.178056 0.586387 0.313908 0.214814
2 0.69498 0.601157 0.188597 0.0934136
2 0.43245 0.361123 0.0745777 0.0366387
2 0.214298 0.366771 0.06287 0.0308342
5 0.822996 0.339093 0.09218 0.0608976
2 0.313586 0.337097 0.0478149 0.0227104
2 0.526621 0.386433 0.0865654 0.0516565
5 0.901111 0.315798 0.0649773 0.0424376
2 0.578618 0.330032 0.0455561 0.0211445
2 0.66866 0.352426 0.0582594 0.0243811
2 0.271716 0.325343 0.0399705 0.020223
2 0.486166 0.328609 0.0471327 0.0185631
2 0.353456 0.321969 0.0405141 0.0197544
0 0.236421 0.557279 0.0668857 0.0371931
2 0.485722 0.323171 0.0474511 0.0290598
2 0.667359 0.332409 0.0538711 0.0193124
2 0.449195 0.317186 0.0356181 0.0120521
5 0.940691 0.410218 0.118285 0.0798327
2 0.344453 0.321955 0.0572079 0.0207418
2 0.66052 0.319089 0.044643 0.013946
2 0.113768 0.806079 0.227536 0.145346
7 0.178056 0.586387 0.313908 0.214814
2 0.69498 0.601157 0.188597 0.0934136
2 0.43245 0.361123 0.0745777 0.0366387
2 0.214298 0.366771 0.06287 0.0308342
5 0.822996 0.339093 0.09218 0.0608976
2 0.313586 0.337097 0.0478149 0.0227104
2 0.526621 0.386433 0.0865654 0.0516565
5 0.901111 0.315798 0.0649773 0.0424376
2 0.578618 0.330032 0.0455561 0.0211445
2 0.66866 0.352426 0.0582594 0.0243811
2 0.271716 0.325343 0.0399705 0.020223
2 0.486166 0.328609 0.0471327 0.0185631
2 0.353456 0.321969 0.0405141 0.0197544
0 0.236421 0.557279 0.0668857 0.0371931
2 0.485722 0.323171 0.0474511 0.0290598
2 0.667359 0.332409 0.0538711 0.0193124
2 0.449195 0.317186 0.0356181 0.0120521
5 0.940691 0.410218 0.118285 0.0798327
2 0.344453 0.321955 0.0572079 0.0207418
2 0.66052 0.319089 0.044643 0.013946
2 0.113768 0.806079 0.227536 0.145346
7 0.178056 0.586387 0.313908 0.214814
2 0.69498 0.601157 0.188597 0.0934136
2 0.43245 0.361123 0.0745777 0.0366387
2 0.214298 0.366771 0.06287 0.0308342
5 0.822996 0.339093 0.09218 0.0608976
2 0.313586 0.337097 0.0478149 0.0227104
2 0.526621 0.386433 0.0865654 0.0516565
5 0.901111 0.315798 0.0649773 0.0424376
2 0.578618 0.330032 0.0455561 0.0211445
2 0.66866 0.352426 0.0582594 0.0243811
2 0.271716 0.325343 0.0399705 0.020223
2 0.486166 0.328609 0.0471327 0.0185631
2 0.353456 0.321969 0.0405141 0.0197544
0 0.236421 0.557279 0.0668857 0.0371931
2 0.485722 0.323171 0.0474511 0.0290598
2 0.667359 0.332409 0.0538711 0.0193124
2 0.449195 0.317186 0.0356181 0.0120521
5 0.940691 0.410218 0.118285 0.0798327
2 0.344453 0.321955 0.0572079 0.0207418
2 0.66052 0.319089 0.044643 0.013946
2 0.113768 0.806079 0.227536 0.145346
7 0.178056 0.586387 0.313908 0.214814
2 0.69498 0.601157 0.188597 0.0934136
2 0.43245 0.361123 0.0745777 0.0366387
2 0.214298 0.366771 0.06287 0.0308342
5 0.822996 0.339093 0.09218 0.0608976
2 0.313586 0.337097 0.0478149 0.0227104
2 0.526621 0.386433 0.0865654 0.0516565
5 0.901111 0.315798 0.0649773 0.0424376
2 0.578618 0.330032 0.0455561 0.0211445
2 0.66866 0.352426 0.0582594 0.0243811
2 0.271716 0.325343 0.0399705 0.020223
2 0.486166 0.328609 0.0471327 0.0185631
2 0.353456 0.321969 0.0405141 0.0197544
0 0.236421 0.557279 0.0668857 0.0371931
2 0.485722 0.323171 0.0474511 0.0290598
2 0.667359 0.332409 0.0538711 0.0193124
2 0.449195 0.317186 0.0356181 0.0120521
5 0.940691 0.410218 0.118285 0.0798327
2 0.344453 0.321955 0.0572079 0.0207418
2 0.66052 0.319089 0.044643 0.013946
2 0.113768 0.806079 0.227536 0.145346
7 0.178056 0.586387 0.313908 0.214814
2 0.69498 0.601157 0.188597 0.0934136
2 0.43245 0.361123 0.0745777 0.0366387
2 0.214298 0.366771 0.06287 0.0308342
5 0.822996 0.339093 0.09218 0.0608976
2 0.313586 0.337097 0.0478149 0.0227104
2 0.526621 0.386433 0.0865654 0.0516565
5 0.901111 0.315798 0.0649773 0.0424376
2 0.578618 0.330032 0.0455561 0.0211445
2 0.66866 0.352426 0.0582594 0.0243811
2 0.271716 0.325343 0.0399705 0.020223
2 0.486166 0.328609 0.0471327 0.0185631
2 0.353456 0.321969 0.0405141 0.0197544
0 0.236421 0.557279 0.0668857 0.0371931
2 0.485722 0.323171 0.0474511 0.0290598
2 0.667359 0.332409 0.0538711 0.0193124
2 0.449195 0.317186 0.0356181 0.0120521
5 0.940691 0.410218 0.118285 0.0798327
2 0.344453 0.321955 0.0572079 0.0207418
2 0.66052 0.319089 0.044643 0.013946
2 0.113768 0.806079 0.227536 0.145346
7 0.178056 0.586387 0.313908 0.214814
2 0.69498 0.601157 0.188597 0.0934136
2 0.43245 0.361123 0.0745777 0.0366387
2 0.214298 0.366771 0.06287 0.0308342
5 0.822996 0.339093 0.09218 0.0608976
2 0.313586 0.337097 0.0478149 0.0227104
2 0.526621 0.386433 0.0865654 0.0516565
5 0.901111 0.315798 0.0649773 0.0424376
2 0.578618 0.330032 0.0455561 0.0211445
2 0.66866 0.352426 0.0582594 0.0243811
2 0.271716 0.325343 0.0399705 0.020223
2 0.486166 0.328609 0.0471327 0.0185631
2 0.353456 0.321969 0.0405141 0.0197544
0 0.236421 0.557279 0.0668857 0.0371931
2 0.485722 0.323171 0.0474511 0.0290598
2 0.667359 0.332409 0.0538711 0.0193124
2 0.449195 0.317186 0.0356181 0.0120521
5 0.940691 0.410218 0.118285 0.0798327
2 0.344453 0.321955 0.0572079 0.0207418
2 0.66052 0.319089 0.044643 0.013946
