2 0.497143 0.927773 0.330903 0.143435
2 0.842694 0.667544 0.218153 0.116227
2 0.243283 0.564716 0.166517 0.0791778
2 0.0984818 0.740702 0.195923 0.173779
2 0.592805 0.45621 0.121256 0.0557528
7 0.29199 0.460906 0.217534 0.133517
2 0.0450404 0.433388 0.0900808 0.0493339
2 0.456255 0.340255 0.0621657 0.0300465
2 0.552731 0.350084 0.0680776 0.0381776
2 0.278316 0.345127 0.0568406 0.0268953
5 0.836135 0.34341 0.0931512 0.0673019
2 0.960957 0.978784 0.0767134 0.0415596
2 0.665492 0.325334 0.0467463 0.0203969
2 0.333048 0.32523 0.0433345 0.0177026
2 0.578366 0.317824 0.0389519 0.017973
2 0.283242 0.320405 0.0408155 0.0129028
0 0.556089 0.935159 0.084893 0.0465649
2 0.33403 0.32117 0.0461382 0.0249889
2 0.497143 0.927773 0.330903 0.143435
2 0.842694 0.667544 0.218153 0.116227
2 0.243283 0.564716 0.166517 0.0791778
2 0.0984818 0.740702 0.195923 0.173779
2 0.592805 0.45621 0.121256 0.0557528
7 0.29199 0.460906 0.217534 0.133517
2 0.0450404 0.433388 0.0900808 0.0493339
2 0.456255 0.340255 0.0621657 0.0300465
2 0.552731 0.350084 0.0680776 0.0381776
2 0.278316 0.345127 0.0568406 0.0268953
5 0.836135 0.34341 0.0931512 0.0673019
2 0.960957 0.978784 0.0767134 0.0415596
2 0.665492 0.325334 0.0467463 0.0203969
2 0.333048 0.32523 0.0433345 0.0177026
2 0.578366 0.317824 0.0389519 0.017973
2 0.283242 0.320405 0.0408155 0.0129028
0 0.556089 0.935159 0.084893 0.0465649
2 0.33403 0.32117 0.0461382 0.0249889
2 0.497143 0.927773 0.330903 0.143435
2 0.842694 0.667544 0.218153 0.116227
2 0.243283 0.564716 0.166517 0.0791778
2 0.0984818 0.740702 0.195923 0.173779
2 0.592805 0.45621 0.121256 0.0557528
7 0.29199 0.460906 0.217534 0.133517
2 0.0450404 0.433388 0.0900808 0.0493339
2 0.456255 0.340255 0.0621657 0.0300465
2 0.552731 0.350084 0.0680776 0.0381776
2 0.278316 0.345127 0.0568406 0.0268953
5 0.836135 0.34341 0.0931512 0.0673019
2 0.960957 0.978784 0.0767134 0.0415596
2 0.665492 0.325334 0.0467463 0.0203969
2 0.333048 0.32523 0.0433345 0.0177026
2 0.578366 0.317824 0.0389519 0.017973
2 0.283242 0.320405 0.0408155 0.0129028
0 0.556089 0.935159 0.084893 0.0465649
2 0.33403 0.32117 0.0461382 0.0249889
2 0.497143 0.927773 0.330903 0.143435
2 0.842694 0.667544 0.218153 0.116227
2 0.243283 0.564716 0.166517 0.0791778
2 0.0984818 0.740702 0.195923 0.173779
2 0.592805 0.45621 0.121256 0.0557528
7 0.29199 0.460906 0.217534 0.133517
2 0.0450404 0.433388 0.0900808 0.0493339
2 0.456255 0.340255 0.0621657 0.0300465
2 0.552731 0.350084 0.0680776 0.0381776
2 0.278316 0.345127 0.0568406 0.0268953
5 0.836135 0.34341 0.0931512 0.0673019
2 0.960957 0.978784 0.0767134 0.0415596
2 0.665492 0.325334 0.0467463 0.0203969
2 0.333048 0.32523 0.0433345 0.0177026
2 0.578366 0.317824 0.0389519 0.017973
2 0.283242 0.320405 0.0408155 0.0129028
0 0.556089 0.935159 0.084893 0.0465649
2 0.33403 0.32117 0.0461382 0.0249889
2 0.497143 0.927773 0.330903 0.143435
2 0.842694 0.667544 0.218153 0.116227
2 0.243283 0.564716 0.166517 0.0791778
2 0.0984818 0.740702 0.195923 0.173779
2 0.592805 0.45621 0.121256 0.0557528
7 0.29199 0.460906 0.217534 0.133517
2 0.0450404 0.433388 0.0900808 0.0493339
2 0.456255 0.340255 0.0621657 0.0300465
2 0.552731 0.350084 0.0680776 0.0381776
2 0.278316 0.345127 0.0568406 0.0268953
5 0.836135 0.34341 0.0931512 0.0673019
2 0.960957 0.978784 0.0767134 0.0415596
2 0.665492 0.325334 0.0467463 0.0203969
2 0.333048 0.32523 0.0433345 0.0177026
2 0.578366 0.317824 0.0389519 0.017973
2 0.283242 0.320405 0.0408155 0.0129028
0 0.556089 0.935159 0.084893 0.0465649
2 0.33403 0.32117 0.0461382 0.0249889
2 0.497143 0.927773 0.330903 0.143435
2 0.842694 0.667544 0.218153 0.116227
2 0.243283 0.564716 0.166517 0.0791778
2 0.0984818 0.740702 0.195923 0.173779
2 0.592805 0.45621 0.121256 0.0557528
7 0.29199 0.460906 0.217534 0.133517
2 0.0450404 0.433388 0.0900808 0.0493339
2 0.456255 0.340255 0.0621657 0.0300465
2 0.552731 0.350084 0.0680776 0.0381776
2 0.278316 0.345127 0.0568406 0.0268953
5 0.836135 0.34341 0.0931512 0.0673019
2 0.960957 0.978784 0.0767134 0.0415596
2 0.665492 0.325334 0.0467463 0.0203969
2 0.333048 0.32523 0.0433345 0.0177026
2 0.578366 0.317824 0.0389519 0.017973
2 0.283242 0.320405 0.0408155 0.0129028
0 0.556089 0.935159 0.084893 0.0465649
2 0.33403 0.32117 0.0461382 0.0249889
2 0.497143 0.927773 0.330903 0.143435
2 0.842694 0.667544 0.218153 0.116227
2 0.243283 0.564716 0.166517 0.0791778
2 0.0984818 0.740702 0.195923 0.173779
2 0.592805 0.45621 0.121256 0.0557528
7 0.29199 0.460906 0.217534 0.133517
2 0.0450404 0.433388 0.0900808 0.0493339
2 0.456255 0.340255 0.0621657 0.0300465
2 0.552731 0.350084 0.0680776 0.0381776
2 0.278316 0.345127 0.0568406 0.0268953
5 0.836135 0.34341 0.0931512 0.0673019
2 0.960957 0.978784 0.0767134 0.0415596
2 0.665492 0.325334 0.0467463 0.0203969
2 0.333048 0.32523 0.0433345 0.0177026
2 0.578366 0.317824 0.0389519 0.017973
2 0.283242 0.320405 0.0408155 0.0129028
0 0.556089 0.935159 0.084893 0.0465649
2 0.33403 0.32117 0.0461382 0.0249889
2 0.497143 0.927773 0.330903 0.143435
2 0.842694 0.667544 0.218153 0.116227
2 0.243283 0.564716 0.166517 0.0791778
2 0.0984818 0.740702 0.195923 0.173779
2 0.592805 0.45621 0.121256 0.0557528
7 0.29199 0.460906 0.217534 0.133517
2 0.0450404 0.433388 0.0900808 0.0493339
2 0.456255 0.340255 0.0621657 0.0300465
2 0.552731 0.350084 0.0680776 0.0381776
2 0.278316 0.345127 0.0568406 0.0268953
5 0.836135 0.34341 0.0931512 0.0673019
2 0.960957 0.978784 0.0767134 0.0415596
2 0.665492 0.325334 0.0467463 0.0203969
2 0.333048 0.32523 0.0433345 0.0177026
2 0.578366 0.317824 0.0389519 0.017973
2 0.283242 0.320405 0.0408155 0.0129028
0 0.556089 0.935159 0.084893 0.0465649
2 0.33403 0.32117 0.0461382 0.0249889
2 0.497143 0.927773 0.330903 0.143435
2 0.842694 0.667544 0.218153 0.116227
2 0.243283 0.564716 0.166517 0.0791778
2 0.0984818 0.740702 0.195923 0.173779
2 0.592805 0.45621 0.121256 0.0557528
7 0.29199 0.460906 0.217534 0.133517
2 0.0450404 0.433388 0.0900808 0.0493339
2 0.456255 0.340255 0.0621657 0.0300465
2 0.552731 0.350084 0.0680776 0.0381776
2 0.278316 0.345127 0.0568406 0.0268953
5 0.836135 0.34341 0.0931512 0.0673019
2 0.960957 0.978784 0.0767134 0.0415596
2 0.665492 0.325334 0.0467463 0.0203969
2 0.333048 0.32523 0.0433345 0.0177026
2 0.578366 0.317824 0.0389519 0.017973
2 0.283242 0.320405 0.0408155 0.0129028
0 0.556089 0.935159 0.084893 0.0465649
2 0.33403 0.32117 0.0461382 0.0249889
2 0.497143 0.927773 0.330903 0.143435
2 0.842694 0.667544 0.218153 0.116227
2 0.243283 0.564716 0.166517 0.0791778
2 0.0984818 0.740702 0.195923 0.173779
2 0.592805 0.45621 0.121256 0.0557528
7 0.29199 0.460906 0.217534 0.133517
2 0.0450404 0.433388 0.0900808 0.0493339
2 0.456255 0.340255 0.0621657 0.0300465
2 0.552731 0.350084 0.0680776 0.0381776
2 0.278316 0.345127 0.0568406 0.0268953
5 0.836135 0.34341 0.0931512 0.0673019
2 0.960957 0.978784 0.0767134 0.0415596
2 0.665492 0.325334 0.0467463 0.0203969
2 0.333048 0.32523 0.0433345 0.0177026
2 0.578366 0.317824 0.0389519 0.017973
2 0.283242 0.320405 0.0408155 0.0129028
0 0.556089 0.935159 0.084893 0.0465649
2 0.33403 0.32117 0.0461382 0.0249889
2 0.497143 0.927773 0.330903 0.143435
2 0.842694 0.667544 0.218153 0.116227
2 0.243283 0.564716 0.166517 0.0791778
2 0.0984818 0.740702 0.195923 0.173779
2 0.592805 0.45621 0.121256 0.0557528
7 0.29199 0.460906 0.217534 0.133517
2 0.0450404 0.433388 0.0900808 0.0493339
2 0.456255 0.340255 0.0621657 0.0300465
2 0.552731 0.350084 0.0680776 0.0381776
2 0.278316 0.345127 0.0568406 0.0268953
5 0.836135 0.34341 0.0931512 0.0673019
2 0.960957 0.978784 0.0767134 0.0415596
2 0.665492 0.325334 0.0467463 0.0203969
2 0.333048 0.32523 0.0433345 0.0177026
2 0.578366 0.317824 0.0389519 0.017973
2 0.283242 0.320405 0.0408155 0.0129028
0 0.556089 0.935159 0.084893 0.0465649
2 0.33403 0.32117 0.0461382 0.0249889
2 0.497143 0.927773 0.330903 0.143435
2 0.842694 0.667544 0.218153 0.116227
2 0.243283 0.564716 0.166517 0.0791778
2 0.0984818 0.740702 0.195923 0.173779
2 0.592805 0.45621 0.121256 0.0557528
7 0.29199 0.460906 0.217534 0.133517
2 0.0450404 0.433388 0.0900808 0.0493339
2 0.456255 0.340255 0.0621657 0.0300465
2 0.552731 0.350084 0.0680776 0.0381776
2 0.278316 0.345127 0.0568406 0.0268953
5 0.836135 0.34341 0.0931512 0.0673019
2 0.960957 0.978784 0.0767134 0.0415596
2 0.665492 0.325334 0.0467463 0.0203969
2 0.333048 0.32523 0.0433345 0.0177026
2 0.578366 0.317824 0.0389519 0.017973
2 0.283242 0.320405 0.0408155 0.0129028
0 0.556089 0.935159 0.084893 0.0465649
2 0.33403 0.32117 0.0461382 0.0249889
2 0.497527 0.92782 0.33088 0.143579
2 0.841391 0.668389 0.21893 0.118443
7 0.289593 0.460011 0.216553 0.137113
2 0.243516 0.565556 0.167137 0.0805555
2 0.591845 0.456343 0.122324 0.0556564
2 0.0983751 0.741495 0.195963 0.176129
2 0.0457769 0.433576 0.0915538 0.0500338
2 0.457195 0.340423 0.0626151 0.0295915
2 0.665985 0.325489 0.045401 0.0211612
5 0.822568 0.342031 0.121467 0.0678983
2 0.553315 0.349855 0.0700189 0.0393186
2 0.279002 0.344999 0.0595035 0.0275496
2 0.960113 0.979623 0.0762082 0.0399612
2 0.577084 0.317448 0.0409278 0.0183433
2 0.332555 0.327079 0.0429393 0.0145423
2 0.497527 0.92782 0.33088 0.143579
2 0.841391 0.668389 0.21893 0.118443
7 0.289593 0.460011 0.216553 0.137113
2 0.243516 0.565556 0.167137 0.0805555
2 0.591845 0.456343 0.122324 0.0556564
2 0.0983751 0.741495 0.195963 0.176129
2 0.0457769 0.433576 0.0915538 0.0500338
2 0.457195 0.340423 0.0626151 0.0295915
2 0.665985 0.325489 0.045401 0.0211612
5 0.822568 0.342031 0.121467 0.0678983
2 0.553315 0.349855 0.0700189 0.0393186
2 0.279002 0.344999 0.0595035 0.0275496
2 0.960113 0.979623 0.0762082 0.0399612
2 0.577084 0.317448 0.0409278 0.0183433
2 0.332555 0.327079 0.0429393 0.0145423
