2 0.454587 0.603314 0.175422 0.0979103
2 0.777919 0.582189 0.187452 0.0918154
2 0.0788463 0.85961 0.157123 0.223536
2 0.706723 0.481299 0.127265 0.0622408
2 0.329617 0.463423 0.113948 0.0541515
7 0.361787 0.402462 0.160179 0.0972795
2 0.179809 0.38123 0.0820066 0.0360528
2 0.557997 0.39509 0.0881025 0.0390334
2 0.0365772 0.393831 0.0731544 0.0369865
5 0.846805 0.361293 0.117244 0.0784687
2 0.578057 0.334718 0.0562497 0.029929
2 0.229784 0.536127 0.165702 0.0986764
2 0.31534 0.336964 0.0482748 0.0254775
2 0.477609 0.332331 0.0541816 0.0266753
2 0.65678 0.320656 0.0389391 0.0146128
2 0.462875 0.98245 0.250789 0.0343909
0 0.0788942 0.370591 0.0311863 0.036536
2 0.353327 0.32068 0.0362211 0.0182328
5 0.926752 0.401558 0.145907 0.0896091
2 0.0768896 0.372245 0.0294465 0.032148
2 0.304164 0.318763 0.0374554 0.0181498
5 0.833515 0.304715 0.0527192 0.0272593
2 0.454587 0.603314 0.175422 0.0979103
2 0.777919 0.582189 0.187452 0.0918154
2 0.0788463 0.85961 0.157123 0.223536
2 0.706723 0.481299 0.127265 0.0622408
2 0.329617 0.463423 0.113948 0.0541515
7 0.361787 0.402462 0.160179 0.0972795
2 0.179809 0.38123 0.0820066 0.0360528
2 0.557997 0.39509 0.0881025 0.0390334
2 0.0365772 0.393831 0.0731544 0.0369865
5 0.846805 0.361293 0.117244 0.0784687
2 0.578057 0.334718 0.0562497 0.029929
2 0.229784 0.536127 0.165702 0.0986764
2 0.31534 0.336964 0.0482748 0.0254775
2 0.477609 0.332331 0.0541816 0.0266753
2 0.65678 0.320656 0.0389391 0.0146128
2 0.462875 0.98245 0.250789 0.0343909
0 0.0788942 0.370591 0.0311863 0.036536
2 0.353327 0.32068 0.0362211 0.0182328
5 0.926752 0.401558 0.145907 0.0896091
2 0.0768896 0.372245 0.0294465 0.032148
2 0.304164 0.318763 0.0374554 0.0181498
5 0.833515 0.304715 0.0527192 0.0272593
2 0.454587 0.603314 0.175422 0.0979103
2 0.777919 0.582189 0.187452 0.0918154
2 0.0788463 0.85961 0.157123 0.223536
2 0.706723 0.481299 0.127265 0.0622408
2 0.329617 0.463423 0.113948 0.0541515
7 0.361787 0.402462 0.160179 0.0972795
2 0.179809 0.38123 0.0820066 0.0360528
2 0.557997 0.39509 0.0881025 0.0390334
2 0.0365772 0.393831 0.0731544 0.0369865
5 0.846805 0.361293 0.117244 0.0784687
2 0.578057 0.334718 0.0562497 0.029929
2 0.229784 0.536127 0.165702 0.0986764
2 0.31534 0.336964 0.0482748 0.0254775
2 0.477609 0.332331 0.0541816 0.0266753
2 0.65678 0.320656 0.0389391 0.0146128
2 0.462875 0.98245 0.250789 0.0343909
0 0.0788942 0.370591 0.0311863 0.036536
2 0.353327 0.32068 0.0362211 0.0182328
5 0.926752 0.401558 0.145907 0.0896091
2 0.0768896 0.372245 0.0294465 0.032148
2 0.304164 0.318763 0.0374554 0.0181498
5 0.833515 0.304715 0.0527192 0.0272593
2 0.454587 0.603314 0.175422 0.0979103
2 0.777919 0.582189 0.187452 0.0918154
2 0.0788463 0.85961 0.157123 0.223536
2 0.706723 0.481299 0.127265 0.0622408
2 0.329617 0.463423 0.113948 0.0541515
7 0.361787 0.402462 0.160179 0.0972795
2 0.179809 0.38123 0.0820066 0.0360528
2 0.557997 0.39509 0.0881025 0.0390334
2 0.0365772 0.393831 0.0731544 0.0369865
5 0.846805 0.361293 0.117244 0.0784687
2 0.578057 0.334718 0.0562497 0.029929
2 0.229784 0.536127 0.165702 0.0986764
2 0.31534 0.336964 0.0482748 0.0254775
2 0.477609 0.332331 0.0541816 0.0266753
2 0.65678 0.320656 0.0389391 0.0146128
2 0.462875 0.98245 0.250789 0.0343909
0 0.0788942 0.370591 0.0311863 0.036536
2 0.353327 0.32068 0.0362211 0.0182328
5 0.926752 0.401558 0.145907 0.0896091
2 0.0768896 0.372245 0.0294465 0.032148
2 0.304164 0.318763 0.0374554 0.0181498
5 0.833515 0.304715 0.0527192 0.0272593
2 0.454587 0.603314 0.175422 0.0979103
2 0.777919 0.582189 0.187452 0.0918154
2 0.0788463 0.85961 0.157123 0.223536
2 0.706723 0.481299 0.127265 0.0622408
2 0.329617 0.463423 0.113948 0.0541515
7 0.361787 0.402462 0.160179 0.0972795
2 0.179809 0.38123 0.0820066 0.0360528
2 0.557997 0.39509 0.0881025 0.0390334
2 0.0365772 0.393831 0.0731544 0.0369865
5 0.846805 0.361293 0.117244 0.0784687
2 0.578057 0.334718 0.0562497 0.029929
2 0.229784 0.536127 0.165702 0.0986764
2 0.31534 0.336964 0.0482748 0.0254775
2 0.477609 0.332331 0.0541816 0.0266753
2 0.65678 0.320656 0.0389391 0.0146128
2 0.462875 0.98245 0.250789 0.0343909
0 0.0788942 0.370591 0.0311863 0.036536
2 0.353327 0.32068 0.0362211 0.0182328
5 0.926752 0.401558 0.145907 0.0896091
2 0.0768896 0.372245 0.0294465 0.032148
2 0.304164 0.318763 0.0374554 0.0181498
5 0.833515 0.304715 0.0527192 0.0272593
2 0.454587 0.603314 0.175422 0.0979103
2 0.777919 0.582189 0.187452 0.0918154
2 0.0788463 0.85961 0.157123 0.223536
2 0.706723 0.481299 0.127265 0.0622408
2 0.329617 0.463423 0.113948 0.0541515
7 0.361787 0.402462 0.160179 0.0972795
2 0.179809 0.38123 0.0820066 0.0360528
2 0.557997 0.39509 0.0881025 0.0390334
2 0.0365772 0.393831 0.0731544 0.0369865
5 0.846805 0.361293 0.117244 0.0784687
2 0.578057 0.334718 0.0562497 0.029929
2 0.229784 0.536127 0.165702 0.0986764
2 0.31534 0.336964 0.0482748 0.0254775
2 0.477609 0.332331 0.0541816 0.0266753
2 0.65678 0.320656 0.0389391 0.0146128
2 0.462875 0.98245 0.250789 0.0343909
0 0.0788942 0.370591 0.0311863 0.036536
2 0.353327 0.32068 0.0362211 0.0182328
5 0.926752 0.401558 0.145907 0.0896091
2 0.0768896 0.372245 0.0294465 0.032148
2 0.304164 0.318763 0.0374554 0.0181498
5 0.833515 0.304715 0.0527192 0.0272593
2 0.454587 0.603314 0.175422 0.0979103
2 0.777919 0.582189 0.187452 0.0918154
2 0.0788463 0.85961 0.157123 0.223536
2 0.706723 0.481299 0.127265 0.0622408
2 0.329617 0.463423 0.113948 0.0541515
7 0.361787 0.402462 0.160179 0.0972795
2 0.179809 0.38123 0.0820066 0.0360528
2 0.557997 0.39509 0.0881025 0.0390334
2 0.0365772 0.393831 0.0731544 0.0369865
5 0.846805 0.361293 0.117244 0.0784687
2 0.578057 0.334718 0.0562497 0.029929
2 0.229784 0.536127 0.165702 0.0986764
2 0.31534 0.336964 0.0482748 0.0254775
2 0.477609 0.332331 0.0541816 0.0266753
2 0.65678 0.320656 0.0389391 0.0146128
2 0.462875 0.98245 0.250789 0.0343909
0 0.0788942 0.370591 0.0311863 0.036536
2 0.353327 0.32068 0.0362211 0.0182328
5 0.926752 0.401558 0.145907 0.0896091
2 0.0768896 0.372245 0.0294465 0.032148
2 0.304164 0.318763 0.0374554 0.0181498
5 0.833515 0.304715 0.0527192 0.0272593
2 0.454587 0.603314 0.175422 0.0979103
2 0.777919 0.582189 0.187452 0.0918154
2 0.0788463 0.85961 0.157123 0.223536
2 0.706723 0.481299 0.127265 0.0622408
2 0.329617 0.463423 0.113948 0.0541515
7 0.361787 0.402462 0.160179 0.0972795
2 0.179809 0.38123 0.0820066 0.0360528
2 0.557997 0.39509 0.0881025 0.0390334
2 0.0365772 0.393831 0.0731544 0.0369865
5 0.846805 0.361293 0.117244 0.0784687
2 0.578057 0.334718 0.0562497 0.029929
2 0.229784 0.536127 0.165702 0.0986764
2 0.31534 0.336964 0.0482748 0.0254775
2 0.477609 0.332331 0.0541816 0.0266753
2 0.65678 0.320656 0.0389391 0.0146128
2 0.462875 0.98245 0.250789 0.0343909
0 0.0788942 0.370591 0.0311863 0.036536
2 0.353327 0.32068 0.0362211 0.0182328
5 0.926752 0.401558 0.145907 0.0896091
2 0.0768896 0.372245 0.0294465 0.032148
2 0.304164 0.318763 0.0374554 0.0181498
5 0.833515 0.304715 0.0527192 0.0272593
2 0.454587 0.603314 0.175422 0.0979103
2 0.777919 0.582189 0.187452 0.0918154
2 0.0788463 0.85961 0.157123 0.223536
2 0.706723 0.481299 0.127265 0.0622408
2 0.329617 0.463423 0.113948 0.0541515
7 0.361787 0.402462 0.160179 0.0972795
2 0.179809 0.38123 0.0820066 0.0360528
2 0.557997 0.39509 0.0881025 0.0390334
2 0.0365772 0.393831 0.0731544 0.0369865
5 0.846805 0.361293 0.117244 0.0784687
2 0.578057 0.334718 0.0562497 0.029929
2 0.229784 0.536127 0.165702 0.0986764
2 0.31534 0.336964 0.0482748 0.0254775
2 0.477609 0.332331 0.0541816 0.0266753
2 0.65678 0.320656 0.0389391 0.0146128
2 0.462875 0.98245 0.250789 0.0343909
0 0.0788942 0.370591 0.0311863 0.036536
2 0.353327 0.32068 0.0362211 0.0182328
5 0.926752 0.401558 0.145907 0.0896091
2 0.0768896 0.372245 0.0294465 0.032148
2 0.304164 0.318763 0.0374554 0.0181498
5 0.833515 0.304715 0.0527192 0.0272593
2 0.454587 0.603314 0.175422 0.0979103
2 0.777919 0.582189 0.187452 0.0918154
2 0.0788463 0.85961 0.157123 0.223536
2 0.706723 0.481299 0.127265 0.0622408
2 0.329617 0.463423 0.113948 0.0541515
7 0.361787 0.402462 0.160179 0.0972795
2 0.179809 0.38123 0.0820066 0.0360528
2 0.557997 0.39509 0.0881025 0.0390334
2 0.0365772 0.393831 0.0731544 0.0369865
5 0.846805 0.361293 0.117244 0.0784687
2 0.578057 0.334718 0.0562497 0.029929
2 0.229784 0.536127 0.165702 0.0986764
2 0.31534 0.336964 0.0482748 0.0254775
2 0.477609 0.332331 0.0541816 0.0266753
2 0.65678 0.320656 0.0389391 0.0146128
2 0.462875 0.98245 0.250789 0.0343909
0 0.0788942 0.370591 0.0311863 0.036536
2 0.353327 0.32068 0.0362211 0.0182328
5 0.926752 0.401558 0.145907 0.0896091
2 0.0768896 0.372245 0.0294465 0.032148
2 0.304164 0.318763 0.0374554 0.0181498
5 0.833515 0.304715 0.0527192 0.0272593
2 0.454587 0.603314 0.175422 0.0979103
2 0.777919 0.582189 0.187452 0.0918154
2 0.0788463 0.85961 0.157123 0.223536
2 0.706723 0.481299 0.127265 0.0622408
2 0.329617 0.463423 0.113948 0.0541515
7 0.361787 0.402462 0.160179 0.0972795
2 0.179809 0.38123 0.0820066 0.0360528
2 0.557997 0.39509 0.0881025 0.0390334
2 0.0365772 0.393831 0.0731544 0.0369865
5 0.846805 0.361293 0.117244 0.0784687
2 0.578057 0.334718 0.0562497 0.029929
2 0.229784 0.536127 0.165702 0.0986764
2 0.31534 0.336964 0.0482748 0.0254775
2 0.477609 0.332331 0.0541816 0.0266753
2 0.65678 0.320656 0.0389391 0.0146128
2 0.462875 0.98245 0.250789 0.0343909
0 0.0788942 0.370591 0.0311863 0.036536
2 0.353327 0.32068 0.0362211 0.0182328
5 0.926752 0.401558 0.145907 0.0896091
2 0.0768896 0.372245 0.0294465 0.032148
2 0.304164 0.318763 0.0374554 0.0181498
5 0.833515 0.304715 0.0527192 0.0272593
2 0.454587 0.603314 0.175422 0.0979103
2 0.777919 0.582189 0.187452 0.0918154
2 0.0788463 0.85961 0.157123 0.223536
2 0.706723 0.481299 0.127265 0.0622408
2 0.329617 0.463423 0.113948 0.0541515
7 0.361787 0.402462 0.160179 0.0972795
2 0.179809 0.38123 0.0820066 0.0360528
2 0.557997 0.39509 0.0881025 0.0390334
2 0.0365772 0.393831 0.0731544 0.0369865
5 0.846805 0.361293 0.117244 0.0784687
2 0.578057 0.334718 0.0562497 0.029929
2 0.229784 0.536127 0.165702 0.0986764
2 0.31534 0.336964 0.0482748 0.0254775
2 0.477609 0.332331 0.0541816 0.0266753
2 0.65678 0.320656 0.0389391 0.0146128
2 0.462875 0.98245 0.250789 0.0343909
0 0.0788942 0.370591 0.0311863 0.036536
2 0.353327 0.32068 0.0362211 0.0182328
5 0.926752 0.401558 0.145907 0.0896091
2 0.0768896 0.372245 0.0294465 0.032148
2 0.304164 0.318763 0.0374554 0.0181498
5 0.833515 0.304715 0.0527192 0.0272593
2 0.454587 0.603314 0.175422 0.0979103
2 0.777919 0.582189 0.187452 0.0918154
2 0.0788463 0.85961 0.157123 0.223536
2 0.706723 0.481299 0.127265 0.0622408
2 0.329617 0.463423 0.113948 0.0541515
7 0.361787 0.402462 0.160179 0.0972795
2 0.179809 0.38123 0.0820066 0.0360528
2 0.557997 0.39509 0.0881025 0.0390334
2 0.0365772 0.393831 0.0731544 0.0369865
5 0.846805 0.361293 0.117244 0.0784687
2 0.578057 0.334718 0.0562497 0.029929
2 0.229784 0.536127 0.165702 0.0986764
2 0.31534 0.336964 0.0482748 0.0254775
2 0.477609 0.332331 0.0541816 0.0266753
2 0.65678 0.320656 0.0389391 0.0146128
2 0.462875 0.98245 0.250789 0.0343909
0 0.0788942 0.370591 0.0311863 0.036536
2 0.353327 0.32068 0.0362211 0.0182328
5 0.926752 0.401558 0.145907 0.0896091
2 0.0768896 0.372245 0.0294465 0.032148
2 0.304164 0.318763 0.0374554 0.0181498
5 0.833515 0.304715 0.0527192 0.0272593
2 0.778803 0.582213 0.18826 0.0916239
2 0.453111 0.603679 0.17889 0.0987932
7 0.361352 0.401838 0.159191 0.0972652
2 0.706973 0.480817 0.128136 0.062451
2 0.230009 0.536004 0.167258 0.0989563
2 0.55734 0.395232 0.0888028 0.0388
2 0.179925 0.381493 0.0819712 0.0359688
2 0.328559 0.464303 0.121519 0.0542814
2 0.0363969 0.393511 0.0725772 0.0370206
5 0.854024 0.358011 0.112736 0.0747807
2 0.0798367 0.860063 0.15918 0.223128
2 0.460654 0.982727 0.25841 0.0337758
2 0.657131 0.320453 0.0400575 0.0145277
2 0.579139 0.334714 0.0580036 0.0292419
2 0.351609 0.321301 0.0398966 0.0195859
2 0.315938 0.33771 0.0449218 0.0236659
2 0.477591 0.332475 0.0528463 0.0259103
5 0.834638 0.305334 0.0544902 0.029154
2 0.778803 0.582213 0.18826 0.0916239
2 0.453111 0.603679 0.17889 0.0987932
7 0.361352 0.401838 0.159191 0.0972652
2 0.706973 0.480817 0.128136 0.062451
2 0.230009 0.536004 0.167258 0.0989563
2 0.55734 0.395232 0.0888028 0.0388
2 0.179925 0.381493 0.0819712 0.0359688
2 0.328559 0.464303 0.121519 0.0542814
2 0.0363969 0.393511 0.0725772 0.0370206
5 0.854024 0.358011 0.112736 0.0747807
2 0.0798367 0.860063 0.15918 0.223128
2 0.460654 0.982727 0.25841 0.0337758
2 0.657131 0.320453 0.0400575 0.0145277
2 0.579139 0.334714 0.0580036 0.0292419
2 0.351609 0.321301 0.0398966 0.0195859
2 0.315938 0.33771 0.0449218 0.0236659
2 0.477591 0.332475 0.0528463 0.0259103
5 0.834638 0.305334 0.0544902 0.029154
