2 0.76637 0.647162 0.230314 0.117033
2 0.506566 0.500452 0.160913 0.0756622
2 0.615978 0.370077 0.0861235 0.0412501
2 0.712424 0.428238 0.141041 0.0860577
2 0.411372 0.340934 0.0807587 0.0440872
3 0.0655325 0.77873 0.0857345 0.0905332
2 0.299245 0.428928 0.122623 0.0636257
2 0.517768 0.375437 0.12554 0.0950316
5 0.278118 0.282041 0.0688164 0.045558
2 0.135522 0.360522 0.093154 0.0443999
2 0.672854 0.31102 0.0672604 0.0347975
2 0.355496 0.285353 0.0423083 0.0217542
0 0.0647721 0.713517 0.103916 0.0630299
2 0.0189677 0.349734 0.0379355 0.0343735
2 0.496979 0.311649 0.0572268 0.0276595
2 0.600971 0.302037 0.0564146 0.0273148
0 0.0648779 0.739097 0.105023 0.114177
2 0.141204 0.335435 0.0804328 0.0317401
7 0.474028 0.275627 0.0442546 0.0305971
2 0.528894 0.283119 0.0436718 0.021613
2 0.655479 0.266188 0.0394587 0.0191341
2 0.672503 0.284052 0.0554 0.0182142
2 0.524613 0.287778 0.0556545 0.0201796
2 0.76637 0.647162 0.230314 0.117033
2 0.506566 0.500452 0.160913 0.0756622
2 0.615978 0.370077 0.0861235 0.0412501
2 0.712424 0.428238 0.141041 0.0860577
2 0.411372 0.340934 0.0807587 0.0440872
3 0.0655325 0.77873 0.0857345 0.0905332
2 0.299245 0.428928 0.122623 0.0636257
2 0.517768 0.375437 0.12554 0.0950316
5 0.278118 0.282041 0.0688164 0.045558
2 0.135522 0.360522 0.093154 0.0443999
2 0.672854 0.31102 0.0672604 0.0347975
2 0.355496 0.285353 0.0423083 0.0217542
0 0.0647721 0.713517 0.103916 0.0630299
2 0.0189677 0.349734 0.0379355 0.0343735
2 0.496979 0.311649 0.0572268 0.0276595
2 0.600971 0.302037 0.0564146 0.0273148
0 0.0648779 0.739097 0.105023 0.114177
2 0.141204 0.335435 0.0804328 0.0317401
7 0.474028 0.275627 0.0442546 0.0305971
2 0.528894 0.283119 0.0436718 0.021613
2 0.655479 0.266188 0.0394587 0.0191341
2 0.672503 0.284052 0.0554 0.0182142
2 0.524613 0.287778 0.0556545 0.0201796
2 0.76637 0.647162 0.230314 0.117033
2 0.506566 0.500452 0.160913 0.0756622
2 0.615978 0.370077 0.0861235 0.0412501
2 0.712424 0.428238 0.141041 0.0860577
2 0.411372 0.340934 0.0807587 0.0440872
3 0.0655325 0.77873 0.0857345 0.0905332
2 0.299245 0.428928 0.122623 0.0636257
2 0.517768 0.375437 0.12554 0.0950316
5 0.278118 0.282041 0.0688164 0.045558
2 0.135522 0.360522 0.093154 0.0443999
2 0.672854 0.31102 0.0672604 0.0347975
2 0.355496 0.285353 0.0423083 0.0217542
0 0.0647721 0.713517 0.103916 0.0630299
2 0.0189677 0.349734 0.0379355 0.0343735
2 0.496979 0.311649 0.0572268 0.0276595
2 0.600971 0.302037 0.0564146 0.0273148
0 0.0648779 0.739097 0.105023 0.114177
2 0.141204 0.335435 0.0804328 0.0317401
7 0.474028 0.275627 0.0442546 0.0305971
2 0.528894 0.283119 0.0436718 0.021613
2 0.655479 0.266188 0.0394587 0.0191341
2 0.672503 0.284052 0.0554 0.0182142
2 0.524613 0.287778 0.0556545 0.0201796
2 0.76637 0.647162 0.230314 0.117033
2 0.506566 0.500452 0.160913 0.0756622
2 0.615978 0.370077 0.0861235 0.0412501
2 0.712424 0.428238 0.141041 0.0860577
2 0.411372 0.340934 0.0807587 0.0440872
3 0.0655325 0.77873 0.0857345 0.0905332
2 0.299245 0.428928 0.122623 0.0636257
2 0.517768 0.375437 0.12554 0.0950316
5 0.278118 0.282041 0.0688164 0.045558
2 0.135522 0.360522 0.093154 0.0443999
2 0.672854 0.31102 0.0672604 0.0347975
2 0.355496 0.285353 0.0423083 0.0217542
0 0.0647721 0.713517 0.103916 0.0630299
2 0.0189677 0.349734 0.0379355 0.0343735
2 0.496979 0.311649 0.0572268 0.0276595
2 0.600971 0.302037 0.0564146 0.0273148
0 0.0648779 0.739097 0.105023 0.114177
2 0.141204 0.335435 0.0804328 0.0317401
7 0.474028 0.275627 0.0442546 0.0305971
2 0.528894 0.283119 0.0436718 0.021613
2 0.655479 0.266188 0.0394587 0.0191341
2 0.672503 0.284052 0.0554 0.0182142
2 0.524613 0.287778 0.0556545 0.0201796
2 0.76637 0.647162 0.230314 0.117033
2 0.506566 0.500452 0.160913 0.0756622
2 0.615978 0.370077 0.0861235 0.0412501
2 0.712424 0.428238 0.141041 0.0860577
2 0.411372 0.340934 0.0807587 0.0440872
3 0.0655325 0.77873 0.0857345 0.0905332
2 0.299245 0.428928 0.122623 0.0636257
2 0.517768 0.375437 0.12554 0.0950316
5 0.278118 0.282041 0.0688164 0.045558
2 0.135522 0.360522 0.093154 0.0443999
2 0.672854 0.31102 0.0672604 0.0347975
2 0.355496 0.285353 0.0423083 0.0217542
0 0.0647721 0.713517 0.103916 0.0630299
2 0.0189677 0.349734 0.0379355 0.0343735
2 0.496979 0.311649 0.0572268 0.0276595
2 0.600971 0.302037 0.0564146 0.0273148
0 0.0648779 0.739097 0.105023 0.114177
2 0.141204 0.335435 0.0804328 0.0317401
7 0.474028 0.275627 0.0442546 0.0305971
2 0.528894 0.283119 0.0436718 0.021613
2 0.655479 0.266188 0.0394587 0.0191341
2 0.672503 0.284052 0.0554 0.0182142
2 0.524613 0.287778 0.0556545 0.0201796
2 0.76637 0.647162 0.230314 0.117033
2 0.506566 0.500452 0.160913 0.0756622
2 0.615978 0.370077 0.0861235 0.0412501
2 0.712424 0.428238 0.141041 0.0860577
2 0.411372 0.340934 0.0807587 0.0440872
3 0.0655325 0.77873 0.0857345 0.0905332
2 0.299245 0.428928 0.122623 0.0636257
2 0.517768 0.375437 0.12554 0.0950316
5 0.278118 0.282041 0.0688164 0.045558
2 0.135522 0.360522 0.093154 0.0443999
2 0.672854 0.31102 0.0672604 0.0347975
2 0.355496 0.285353 0.0423083 0.0217542
0 0.0647721 0.713517 0.103916 0.0630299
2 0.0189677 0.349734 0.0379355 0.0343735
2 0.496979 0.311649 0.0572268 0.0276595
2 0.600971 0.302037 0.0564146 0.0273148
0 0.0648779 0.739097 0.105023 0.114177
2 0.141204 0.335435 0.0804328 0.0317401
7 0.474028 0.275627 0.0442546 0.0305971
2 0.528894 0.283119 0.0436718 0.021613
2 0.655479 0.266188 0.0394587 0.0191341
2 0.672503 0.284052 0.0554 0.0182142
2 0.524613 0.287778 0.0556545 0.0201796
