2 0.707047 0.562214 0.177028 0.0878332
2 0.420599 0.524216 0.155866 0.074972
2 0.19448 0.512388 0.150287 0.0702383
2 0.0562021 0.925603 0.111121 0.148147
2 0.259341 0.458289 0.115307 0.0534441
2 0.367667 0.353878 0.0684269 0.0327033
2 0.424836 0.444255 0.123618 0.0727411
2 0.576698 0.378178 0.0784865 0.0355306
2 0.612176 0.426173 0.117578 0.0709278
2 0.510737 0.357531 0.0664875 0.0323239
2 0.108838 0.343705 0.0619346 0.0241543
2 0.240705 0.335876 0.0553009 0.027525
2 0.402262 0.32868 0.0537034 0.0280448
2 0.619238 0.337963 0.0631604 0.0368566
2 0.175869 0.332182 0.0505974 0.026169
3 0.30487 0.40167 0.0363208 0.0441895
0 0.30512 0.401226 0.0373891 0.0437358
5 0.236335 0.305638 0.0490542 0.0297624
2 0.46151 0.316201 0.0405226 0.019213
7 0.237311 0.306103 0.0518595 0.0300934
2 0.510392 0.327985 0.0692028 0.0420968
2 0.58679 0.315086 0.0418197 0.0243931
7 0.510949 0.329122 0.0697945 0.0456643
2 0.301027 0.312166 0.0379836 0.0161802
2 0.707047 0.562214 0.177028 0.0878332
2 0.420599 0.524216 0.155866 0.074972
2 0.19448 0.512388 0.150287 0.0702383
2 0.0562021 0.925603 0.111121 0.148147
2 0.259341 0.458289 0.115307 0.0534441
2 0.367667 0.353878 0.0684269 0.0327033
2 0.424836 0.444255 0.123618 0.0727411
2 0.576698 0.378178 0.0784865 0.0355306
2 0.612176 0.426173 0.117578 0.0709278
2 0.510737 0.357531 0.0664875 0.0323239
2 0.108838 0.343705 0.0619346 0.0241543
2 0.240705 0.335876 0.0553009 0.027525
2 0.402262 0.32868 0.0537034 0.0280448
2 0.619238 0.337963 0.0631604 0.0368566
2 0.175869 0.332182 0.0505974 0.026169
3 0.30487 0.40167 0.0363208 0.0441895
0 0.30512 0.401226 0.0373891 0.0437358
5 0.236335 0.305638 0.0490542 0.0297624
2 0.46151 0.316201 0.0405226 0.019213
7 0.237311 0.306103 0.0518595 0.0300934
2 0.510392 0.327985 0.0692028 0.0420968
2 0.58679 0.315086 0.0418197 0.0243931
7 0.510949 0.329122 0.0697945 0.0456643
2 0.301027 0.312166 0.0379836 0.0161802
2 0.707047 0.562214 0.177028 0.0878332
2 0.420599 0.524216 0.155866 0.074972
2 0.19448 0.512388 0.150287 0.0702383
2 0.0562021 0.925603 0.111121 0.148147
2 0.259341 0.458289 0.115307 0.0534441
2 0.367667 0.353878 0.0684269 0.0327033
2 0.424836 0.444255 0.123618 0.0727411
2 0.576698 0.378178 0.0784865 0.0355306
2 0.612176 0.426173 0.117578 0.0709278
2 0.510737 0.357531 0.0664875 0.0323239
2 0.108838 0.343705 0.0619346 0.0241543
2 0.240705 0.335876 0.0553009 0.027525
2 0.402262 0.32868 0.0537034 0.0280448
2 0.619238 0.337963 0.0631604 0.0368566
2 0.175869 0.332182 0.0505974 0.026169
3 0.30487 0.40167 0.0363208 0.0441895
0 0.30512 0.401226 0.0373891 0.0437358
5 0.236335 0.305638 0.0490542 0.0297624
2 0.46151 0.316201 0.0405226 0.019213
7 0.237311 0.306103 0.0518595 0.0300934
2 0.510392 0.327985 0.0692028 0.0420968
2 0.58679 0.315086 0.0418197 0.0243931
7 0.510949 0.329122 0.0697945 0.0456643
2 0.301027 0.312166 0.0379836 0.0161802
2 0.707047 0.562214 0.177028 0.0878332
2 0.420599 0.524216 0.155866 0.074972
2 0.19448 0.512388 0.150287 0.0702383
2 0.0562021 0.925603 0.111121 0.148147
2 0.259341 0.458289 0.115307 0.0534441
2 0.367667 0.353878 0.0684269 0.0327033
2 0.424836 0.444255 0.123618 0.0727411
2 0.576698 0.378178 0.0784865 0.0355306
2 0.612176 0.426173 0.117578 0.0709278
2 0.510737 0.357531 0.0664875 0.0323239
2 0.108838 0.343705 0.0619346 0.0241543
2 0.240705 0.335876 0.0553009 0.027525
2 0.402262 0.32868 0.0537034 0.0280448
2 0.619238 0.337963 0.0631604 0.0368566
2 0.175869 0.332182 0.0505974 0.026169
3 0.30487 0.40167 0.0363208 0.0441895
0 0.30512 0.401226 0.0373891 0.0437358
5 0.236335 0.305638 0.0490542 0.0297624
2 0.46151 0.316201 0.0405226 0.019213
7 0.237311 0.306103 0.0518595 0.0300934
2 0.510392 0.327985 0.0692028 0.0420968
2 0.58679 0.315086 0.0418197 0.0243931
7 0.510949 0.329122 0.0697945 0.0456643
2 0.301027 0.312166 0.0379836 0.0161802
2 0.707047 0.562214 0.177028 0.0878332
2 0.420599 0.524216 0.155866 0.074972
2 0.19448 0.512388 0.150287 0.0702383
2 0.0562021 0.925603 0.111121 0.148147
2 0.259341 0.458289 0.115307 0.0534441
2 0.367667 0.353878 0.0684269 0.0327033
2 0.424836 0.444255 0.123618 0.0727411
2 0.576698 0.378178 0.0784865 0.0355306
2 0.612176 0.426173 0.117578 0.0709278
2 0.510737 0.357531 0.0664875 0.0323239
2 0.108838 0.343705 0.0619346 0.0241543
2 0.240705 0.335876 0.0553009 0.027525
2 0.402262 0.32868 0.0537034 0.0280448
2 0.619238 0.337963 0.0631604 0.0368566
2 0.175869 0.332182 0.0505974 0.026169
3 0.30487 0.40167 0.0363208 0.0441895
0 0.30512 0.401226 0.0373891 0.0437358
5 0.236335 0.305638 0.0490542 0.0297624
2 0.46151 0.316201 0.0405226 0.019213
7 0.237311 0.306103 0.0518595 0.0300934
2 0.510392 0.327985 0.0692028 0.0420968
2 0.58679 0.315086 0.0418197 0.0243931
7 0.510949 0.329122 0.0697945 0.0456643
2 0.301027 0.312166 0.0379836 0.0161802
2 0.707047 0.562214 0.177028 0.0878332
2 0.420599 0.524216 0.155866 0.074972
2 0.19448 0.512388 0.150287 0.0702383
2 0.0562021 0.925603 0.111121 0.148147
2 0.259341 0.458289 0.115307 0.0534441
2 0.367667 0.353878 0.0684269 0.0327033
2 0.424836 0.444255 0.123618 0.0727411
2 0.576698 0.378178 0.0784865 0.0355306
2 0.612176 0.426173 0.117578 0.0709278
2 0.510737 0.357531 0.0664875 0.0323239
2 0.108838 0.343705 0.0619346 0.0241543
2 0.240705 0.335876 0.0553009 0.027525
2 0.402262 0.32868 0.0537034 0.0280448
2 0.619238 0.337963 0.0631604 0.0368566
2 0.175869 0.332182 0.0505974 0.026169
3 0.30487 0.40167 0.0363208 0.0441895
0 0.30512 0.401226 0.0373891 0.0437358
5 0.236335 0.305638 0.0490542 0.0297624
2 0.46151 0.316201 0.0405226 0.019213
7 0.237311 0.306103 0.0518595 0.0300934
2 0.510392 0.327985 0.0692028 0.0420968
2 0.58679 0.315086 0.0418197 0.0243931
7 0.510949 0.329122 0.0697945 0.0456643
2 0.301027 0.312166 0.0379836 0.0161802
