2 0.705959 0.562467 0.175733 0.087297
2 0.420855 0.524403 0.156708 0.0749874
2 0.19487 0.512252 0.149859 0.0707213
2 0.0566282 0.925676 0.111829 0.147992
2 0.260578 0.458293 0.114092 0.0537308
2 0.367232 0.353874 0.0682174 0.0324499
2 0.425236 0.444362 0.12347 0.0726133
2 0.511212 0.357796 0.0670878 0.0321239
2 0.576563 0.378002 0.0782162 0.0359453
2 0.611577 0.426301 0.116259 0.0712459
2 0.618778 0.337803 0.0631358 0.0372728
2 0.10885 0.343942 0.0618524 0.0244528
2 0.24087 0.335901 0.055878 0.0279704
2 0.402196 0.328695 0.0532135 0.0287009
2 0.175777 0.332344 0.0507379 0.0265957
3 0.304813 0.402084 0.0371108 0.0438427
0 0.304696 0.401919 0.0370653 0.0442206
2 0.58699 0.314955 0.0416921 0.0245393
5 0.236046 0.306093 0.0478445 0.0297563
7 0.236816 0.306165 0.0506603 0.0297569
2 0.461793 0.316389 0.0407706 0.0194002
2 0.399982 0.304305 0.0378398 0.0198051
2 0.510714 0.327747 0.066945 0.042796
7 0.511225 0.326872 0.0665176 0.0404584
2 0.302835 0.310357 0.0379308 0.0190893
2 0.705959 0.562467 0.175733 0.087297
2 0.420855 0.524403 0.156708 0.0749874
2 0.19487 0.512252 0.149859 0.0707213
2 0.0566282 0.925676 0.111829 0.147992
2 0.260578 0.458293 0.114092 0.0537308
2 0.367232 0.353874 0.0682174 0.0324499
2 0.425236 0.444362 0.12347 0.0726133
2 0.511212 0.357796 0.0670878 0.0321239
2 0.576563 0.378002 0.0782162 0.0359453
2 0.611577 0.426301 0.116259 0.0712459
2 0.618778 0.337803 0.0631358 0.0372728
2 0.10885 0.343942 0.0618524 0.0244528
2 0.24087 0.335901 0.055878 0.0279704
2 0.402196 0.328695 0.0532135 0.0287009
2 0.175777 0.332344 0.0507379 0.0265957
3 0.304813 0.402084 0.0371108 0.0438427
0 0.304696 0.401919 0.0370653 0.0442206
2 0.58699 0.314955 0.0416921 0.0245393
5 0.236046 0.306093 0.0478445 0.0297563
7 0.236816 0.306165 0.0506603 0.0297569
2 0.461793 0.316389 0.0407706 0.0194002
2 0.399982 0.304305 0.0378398 0.0198051
2 0.510714 0.327747 0.066945 0.042796
7 0.511225 0.326872 0.0665176 0.0404584
2 0.302835 0.310357 0.0379308 0.0190893
2 0.705959 0.562467 0.175733 0.087297
2 0.420855 0.524403 0.156708 0.0749874
2 0.19487 0.512252 0.149859 0.0707213
2 0.0566282 0.925676 0.111829 0.147992
2 0.260578 0.458293 0.114092 0.0537308
2 0.367232 0.353874 0.0682174 0.0324499
2 0.425236 0.444362 0.12347 0.0726133
2 0.511212 0.357796 0.0670878 0.0321239
2 0.576563 0.378002 0.0782162 0.0359453
2 0.611577 0.426301 0.116259 0.0712459
2 0.618778 0.337803 0.0631358 0.0372728
2 0.10885 0.343942 0.0618524 0.0244528
2 0.24087 0.335901 0.055878 0.0279704
2 0.402196 0.328695 0.0532135 0.0287009
2 0.175777 0.332344 0.0507379 0.0265957
3 0.304813 0.402084 0.0371108 0.0438427
0 0.304696 0.401919 0.0370653 0.0442206
2 0.58699 0.314955 0.0416921 0.0245393
5 0.236046 0.306093 0.0478445 0.0297563
7 0.236816 0.306165 0.0506603 0.0297569
2 0.461793 0.316389 0.0407706 0.0194002
2 0.399982 0.304305 0.0378398 0.0198051
2 0.510714 0.327747 0.066945 0.042796
7 0.511225 0.326872 0.0665176 0.0404584
2 0.302835 0.310357 0.0379308 0.0190893
2 0.705959 0.562467 0.175733 0.087297
2 0.420855 0.524403 0.156708 0.0749874
2 0.19487 0.512252 0.149859 0.0707213
2 0.0566282 0.925676 0.111829 0.147992
2 0.260578 0.458293 0.114092 0.0537308
2 0.367232 0.353874 0.0682174 0.0324499
2 0.425236 0.444362 0.12347 0.0726133
2 0.511212 0.357796 0.0670878 0.0321239
2 0.576563 0.378002 0.0782162 0.0359453
2 0.611577 0.426301 0.116259 0.0712459
2 0.618778 0.337803 0.0631358 0.0372728
2 0.10885 0.343942 0.0618524 0.0244528
2 0.24087 0.335901 0.055878 0.0279704
2 0.402196 0.328695 0.0532135 0.0287009
2 0.175777 0.332344 0.0507379 0.0265957
3 0.304813 0.402084 0.0371108 0.0438427
0 0.304696 0.401919 0.0370653 0.0442206
2 0.58699 0.314955 0.0416921 0.0245393
5 0.236046 0.306093 0.0478445 0.0297563
7 0.236816 0.306165 0.0506603 0.0297569
2 0.461793 0.316389 0.0407706 0.0194002
2 0.399982 0.304305 0.0378398 0.0198051
2 0.510714 0.327747 0.066945 0.042796
7 0.511225 0.326872 0.0665176 0.0404584
2 0.302835 0.310357 0.0379308 0.0190893
2 0.705959 0.562467 0.175733 0.087297
2 0.420855 0.524403 0.156708 0.0749874
2 0.19487 0.512252 0.149859 0.0707213
2 0.0566282 0.925676 0.111829 0.147992
2 0.260578 0.458293 0.114092 0.0537308
2 0.367232 0.353874 0.0682174 0.0324499
2 0.425236 0.444362 0.12347 0.0726133
2 0.511212 0.357796 0.0670878 0.0321239
2 0.576563 0.378002 0.0782162 0.0359453
2 0.611577 0.426301 0.116259 0.0712459
2 0.618778 0.337803 0.0631358 0.0372728
2 0.10885 0.343942 0.0618524 0.0244528
2 0.24087 0.335901 0.055878 0.0279704
2 0.402196 0.328695 0.0532135 0.0287009
2 0.175777 0.332344 0.0507379 0.0265957
3 0.304813 0.402084 0.0371108 0.0438427
0 0.304696 0.401919 0.0370653 0.0442206
2 0.58699 0.314955 0.0416921 0.0245393
5 0.236046 0.306093 0.0478445 0.0297563
7 0.236816 0.306165 0.0506603 0.0297569
2 0.461793 0.316389 0.0407706 0.0194002
2 0.399982 0.304305 0.0378398 0.0198051
2 0.510714 0.327747 0.066945 0.042796
7 0.511225 0.326872 0.0665176 0.0404584
2 0.302835 0.310357 0.0379308 0.0190893
2 0.705959 0.562467 0.175733 0.087297
2 0.420855 0.524403 0.156708 0.0749874
2 0.19487 0.512252 0.149859 0.0707213
2 0.0566282 0.925676 0.111829 0.147992
2 0.260578 0.458293 0.114092 0.0537308
2 0.367232 0.353874 0.0682174 0.0324499
2 0.425236 0.444362 0.12347 0.0726133
2 0.511212 0.357796 0.0670878 0.0321239
2 0.576563 0.378002 0.0782162 0.0359453
2 0.611577 0.426301 0.116259 0.0712459
2 0.618778 0.337803 0.0631358 0.0372728
2 0.10885 0.343942 0.0618524 0.0244528
2 0.24087 0.335901 0.055878 0.0279704
2 0.402196 0.328695 0.0532135 0.0287009
2 0.175777 0.332344 0.0507379 0.0265957
3 0.304813 0.402084 0.0371108 0.0438427
0 0.304696 0.401919 0.0370653 0.0442206
2 0.58699 0.314955 0.0416921 0.0245393
5 0.236046 0.306093 0.0478445 0.0297563
7 0.236816 0.306165 0.0506603 0.0297569
2 0.461793 0.316389 0.0407706 0.0194002
2 0.399982 0.304305 0.0378398 0.0198051
2 0.510714 0.327747 0.066945 0.042796
7 0.511225 0.326872 0.0665176 0.0404584
2 0.302835 0.310357 0.0379308 0.0190893
2 0.705959 0.562467 0.175733 0.087297
2 0.420855 0.524403 0.156708 0.0749874
2 0.19487 0.512252 0.149859 0.0707213
2 0.0566282 0.925676 0.111829 0.147992
2 0.260578 0.458293 0.114092 0.0537308
2 0.367232 0.353874 0.0682174 0.0324499
2 0.425236 0.444362 0.12347 0.0726133
2 0.511212 0.357796 0.0670878 0.0321239
2 0.576563 0.378002 0.0782162 0.0359453
2 0.611577 0.426301 0.116259 0.0712459
2 0.618778 0.337803 0.0631358 0.0372728
2 0.10885 0.343942 0.0618524 0.0244528
2 0.24087 0.335901 0.055878 0.0279704
2 0.402196 0.328695 0.0532135 0.0287009
2 0.175777 0.332344 0.0507379 0.0265957
3 0.304813 0.402084 0.0371108 0.0438427
0 0.304696 0.401919 0.0370653 0.0442206
2 0.58699 0.314955 0.0416921 0.0245393
5 0.236046 0.306093 0.0478445 0.0297563
7 0.236816 0.306165 0.0506603 0.0297569
2 0.461793 0.316389 0.0407706 0.0194002
2 0.399982 0.304305 0.0378398 0.0198051
2 0.510714 0.327747 0.066945 0.042796
7 0.511225 0.326872 0.0665176 0.0404584
2 0.302835 0.310357 0.0379308 0.0190893
2 0.705959 0.562467 0.175733 0.087297
2 0.420855 0.524403 0.156708 0.0749874
2 0.19487 0.512252 0.149859 0.0707213
2 0.0566282 0.925676 0.111829 0.147992
2 0.260578 0.458293 0.114092 0.0537308
2 0.367232 0.353874 0.0682174 0.0324499
2 0.425236 0.444362 0.12347 0.0726133
2 0.511212 0.357796 0.0670878 0.0321239
2 0.576563 0.378002 0.0782162 0.0359453
2 0.611577 0.426301 0.116259 0.0712459
2 0.618778 0.337803 0.0631358 0.0372728
2 0.10885 0.343942 0.0618524 0.0244528
2 0.24087 0.335901 0.055878 0.0279704
2 0.402196 0.328695 0.0532135 0.0287009
2 0.175777 0.332344 0.0507379 0.0265957
3 0.304813 0.402084 0.0371108 0.0438427
0 0.304696 0.401919 0.0370653 0.0442206
2 0.58699 0.314955 0.0416921 0.0245393
5 0.236046 0.306093 0.0478445 0.0297563
7 0.236816 0.306165 0.0506603 0.0297569
2 0.461793 0.316389 0.0407706 0.0194002
2 0.399982 0.304305 0.0378398 0.0198051
2 0.510714 0.327747 0.066945 0.042796
7 0.511225 0.326872 0.0665176 0.0404584
2 0.302835 0.310357 0.0379308 0.0190893
2 0.705959 0.562467 0.175733 0.087297
2 0.420855 0.524403 0.156708 0.0749874
2 0.19487 0.512252 0.149859 0.0707213
2 0.0566282 0.925676 0.111829 0.147992
2 0.260578 0.458293 0.114092 0.0537308
2 0.367232 0.353874 0.0682174 0.0324499
2 0.425236 0.444362 0.12347 0.0726133
2 0.511212 0.357796 0.0670878 0.0321239
2 0.576563 0.378002 0.0782162 0.0359453
2 0.611577 0.426301 0.116259 0.0712459
2 0.618778 0.337803 0.0631358 0.0372728
2 0.10885 0.343942 0.0618524 0.0244528
2 0.24087 0.335901 0.055878 0.0279704
2 0.402196 0.328695 0.0532135 0.0287009
2 0.175777 0.332344 0.0507379 0.0265957
3 0.304813 0.402084 0.0371108 0.0438427
0 0.304696 0.401919 0.0370653 0.0442206
2 0.58699 0.314955 0.0416921 0.0245393
5 0.236046 0.306093 0.0478445 0.0297563
7 0.236816 0.306165 0.0506603 0.0297569
2 0.461793 0.316389 0.0407706 0.0194002
2 0.399982 0.304305 0.0378398 0.0198051
2 0.510714 0.327747 0.066945 0.042796
7 0.511225 0.326872 0.0665176 0.0404584
2 0.302835 0.310357 0.0379308 0.0190893
2 0.705959 0.562467 0.175733 0.087297
2 0.420855 0.524403 0.156708 0.0749874
2 0.19487 0.512252 0.149859 0.0707213
2 0.0566282 0.925676 0.111829 0.147992
2 0.260578 0.458293 0.114092 0.0537308
2 0.367232 0.353874 0.0682174 0.0324499
2 0.425236 0.444362 0.12347 0.0726133
2 0.511212 0.357796 0.0670878 0.0321239
2 0.576563 0.378002 0.0782162 0.0359453
2 0.611577 0.426301 0.116259 0.0712459
2 0.618778 0.337803 0.0631358 0.0372728
2 0.10885 0.343942 0.0618524 0.0244528
2 0.24087 0.335901 0.055878 0.0279704
2 0.402196 0.328695 0.0532135 0.0287009
2 0.175777 0.332344 0.0507379 0.0265957
3 0.304813 0.402084 0.0371108 0.0438427
0 0.304696 0.401919 0.0370653 0.0442206
2 0.58699 0.314955 0.0416921 0.0245393
5 0.236046 0.306093 0.0478445 0.0297563
7 0.236816 0.306165 0.0506603 0.0297569
2 0.461793 0.316389 0.0407706 0.0194002
2 0.399982 0.304305 0.0378398 0.0198051
2 0.510714 0.327747 0.066945 0.042796
7 0.511225 0.326872 0.0665176 0.0404584
2 0.302835 0.310357 0.0379308 0.0190893
2 0.705959 0.562467 0.175733 0.087297
2 0.420855 0.524403 0.156708 0.0749874
2 0.19487 0.512252 0.149859 0.0707213
2 0.0566282 0.925676 0.111829 0.147992
2 0.260578 0.458293 0.114092 0.0537308
2 0.367232 0.353874 0.0682174 0.0324499
2 0.425236 0.444362 0.12347 0.0726133
2 0.511212 0.357796 0.0670878 0.0321239
2 0.576563 0.378002 0.0782162 0.0359453
2 0.611577 0.426301 0.116259 0.0712459
2 0.618778 0.337803 0.0631358 0.0372728
2 0.10885 0.343942 0.0618524 0.0244528
2 0.24087 0.335901 0.055878 0.0279704
2 0.402196 0.328695 0.0532135 0.0287009
2 0.175777 0.332344 0.0507379 0.0265957
3 0.304813 0.402084 0.0371108 0.0438427
0 0.304696 0.401919 0.0370653 0.0442206
2 0.58699 0.314955 0.0416921 0.0245393
5 0.236046 0.306093 0.0478445 0.0297563
7 0.236816 0.306165 0.0506603 0.0297569
2 0.461793 0.316389 0.0407706 0.0194002
2 0.399982 0.304305 0.0378398 0.0198051
2 0.510714 0.327747 0.066945 0.042796
7 0.511225 0.326872 0.0665176 0.0404584
2 0.302835 0.310357 0.0379308 0.0190893
2 0.705959 0.562467 0.175733 0.087297
2 0.420855 0.524403 0.156708 0.0749874
2 0.19487 0.512252 0.149859 0.0707213
2 0.0566282 0.925676 0.111829 0.147992
2 0.260578 0.458293 0.114092 0.0537308
2 0.367232 0.353874 0.0682174 0.0324499
2 0.425236 0.444362 0.12347 0.0726133
2 0.511212 0.357796 0.0670878 0.0321239
2 0.576563 0.378002 0.0782162 0.0359453
2 0.611577 0.426301 0.116259 0.0712459
2 0.618778 0.337803 0.0631358 0.0372728
2 0.10885 0.343942 0.0618524 0.0244528
2 0.24087 0.335901 0.055878 0.0279704
2 0.402196 0.328695 0.0532135 0.0287009
2 0.175777 0.332344 0.0507379 0.0265957
3 0.304813 0.402084 0.0371108 0.0438427
0 0.304696 0.401919 0.0370653 0.0442206
2 0.58699 0.314955 0.0416921 0.0245393
5 0.236046 0.306093 0.0478445 0.0297563
7 0.236816 0.306165 0.0506603 0.0297569
2 0.461793 0.316389 0.0407706 0.0194002
2 0.399982 0.304305 0.0378398 0.0198051
2 0.510714 0.327747 0.066945 0.042796
7 0.511225 0.326872 0.0665176 0.0404584
2 0.302835 0.310357 0.0379308 0.0190893
2 0.707376 0.56286 0.177912 0.0885687
2 0.41992 0.524567 0.156954 0.0743365
2 0.194656 0.511502 0.152435 0.0700027
2 0.258912 0.458333 0.116668 0.0535877
2 0.577382 0.377769 0.081401 0.0372056
2 0.0573628 0.925761 0.113494 0.147404
2 0.367433 0.353812 0.069249 0.0324762
2 0.511636 0.357798 0.0688833 0.0310946
2 0.425144 0.445305 0.125462 0.072189
2 0.609721 0.426215 0.119484 0.0710755
3 0.303701 0.407398 0.0357882 0.0327691
2 0.109936 0.343037 0.0634742 0.0257187
2 0.240141 0.335639 0.0552716 0.0276513
2 0.61875 0.33763 0.0633648 0.0377778
7 0.5107 0.329869 0.0738137 0.0449452
2 0.402425 0.329122 0.0563549 0.0292454
2 0.177509 0.332483 0.0552906 0.0266925
0 0.304299 0.399247 0.0368943 0.0392356
2 0.707376 0.56286 0.177912 0.0885687
2 0.41992 0.524567 0.156954 0.0743365
2 0.194656 0.511502 0.152435 0.0700027
2 0.258912 0.458333 0.116668 0.0535877
2 0.577382 0.377769 0.081401 0.0372056
2 0.0573628 0.925761 0.113494 0.147404
2 0.367433 0.353812 0.069249 0.0324762
2 0.511636 0.357798 0.0688833 0.0310946
2 0.425144 0.445305 0.125462 0.072189
2 0.609721 0.426215 0.119484 0.0710755
3 0.303701 0.407398 0.0357882 0.0327691
2 0.109936 0.343037 0.0634742 0.0257187
2 0.240141 0.335639 0.0552716 0.0276513
2 0.61875 0.33763 0.0633648 0.0377778
7 0.5107 0.329869 0.0738137 0.0449452
2 0.402425 0.329122 0.0563549 0.0292454
2 0.177509 0.332483 0.0552906 0.0266925
0 0.304299 0.399247 0.0368943 0.0392356
2 0.707376 0.56286 0.177912 0.0885687
2 0.41992 0.524567 0.156954 0.0743365
2 0.194656 0.511502 0.152435 0.0700027
2 0.258912 0.458333 0.116668 0.0535877
2 0.577382 0.377769 0.081401 0.0372056
2 0.0573628 0.925761 0.113494 0.147404
2 0.367433 0.353812 0.069249 0.0324762
2 0.511636 0.357798 0.0688833 0.0310946
2 0.425144 0.445305 0.125462 0.072189
2 0.609721 0.426215 0.119484 0.0710755
3 0.303701 0.407398 0.0357882 0.0327691
2 0.109936 0.343037 0.0634742 0.0257187
2 0.240141 0.335639 0.0552716 0.0276513
2 0.61875 0.33763 0.0633648 0.0377778
7 0.5107 0.329869 0.0738137 0.0449452
2 0.402425 0.329122 0.0563549 0.0292454
2 0.177509 0.332483 0.0552906 0.0266925
0 0.304299 0.399247 0.0368943 0.0392356
2 0.707376 0.56286 0.177912 0.0885687
2 0.41992 0.524567 0.156954 0.0743365
2 0.194656 0.511502 0.152435 0.0700027
2 0.258912 0.458333 0.116668 0.0535877
2 0.577382 0.377769 0.081401 0.0372056
2 0.0573628 0.925761 0.113494 0.147404
2 0.367433 0.353812 0.069249 0.0324762
2 0.511636 0.357798 0.0688833 0.0310946
2 0.425144 0.445305 0.125462 0.072189
2 0.609721 0.426215 0.119484 0.0710755
3 0.303701 0.407398 0.0357882 0.0327691
2 0.109936 0.343037 0.0634742 0.0257187
2 0.240141 0.335639 0.0552716 0.0276513
2 0.61875 0.33763 0.0633648 0.0377778
7 0.5107 0.329869 0.0738137 0.0449452
2 0.402425 0.329122 0.0563549 0.0292454
2 0.177509 0.332483 0.0552906 0.0266925
0 0.304299 0.399247 0.0368943 0.0392356
2 0.707376 0.56286 0.177912 0.0885687
2 0.41992 0.524567 0.156954 0.0743365
2 0.194656 0.511502 0.152435 0.0700027
2 0.258912 0.458333 0.116668 0.0535877
2 0.577382 0.377769 0.081401 0.0372056
2 0.0573628 0.925761 0.113494 0.147404
2 0.367433 0.353812 0.069249 0.0324762
2 0.511636 0.357798 0.0688833 0.0310946
2 0.425144 0.445305 0.125462 0.072189
2 0.609721 0.426215 0.119484 0.0710755
3 0.303701 0.407398 0.0357882 0.0327691
2 0.109936 0.343037 0.0634742 0.0257187
2 0.240141 0.335639 0.0552716 0.0276513
2 0.61875 0.33763 0.0633648 0.0377778
7 0.5107 0.329869 0.0738137 0.0449452
2 0.402425 0.329122 0.0563549 0.0292454
2 0.177509 0.332483 0.0552906 0.0266925
0 0.304299 0.399247 0.0368943 0.0392356
2 0.707376 0.56286 0.177912 0.0885687
2 0.41992 0.524567 0.156954 0.0743365
2 0.194656 0.511502 0.152435 0.0700027
2 0.258912 0.458333 0.116668 0.0535877
2 0.577382 0.377769 0.081401 0.0372056
2 0.0573628 0.925761 0.113494 0.147404
2 0.367433 0.353812 0.069249 0.0324762
2 0.511636 0.357798 0.0688833 0.0310946
2 0.425144 0.445305 0.125462 0.072189
2 0.609721 0.426215 0.119484 0.0710755
3 0.303701 0.407398 0.0357882 0.0327691
2 0.109936 0.343037 0.0634742 0.0257187
2 0.240141 0.335639 0.0552716 0.0276513
2 0.61875 0.33763 0.0633648 0.0377778
7 0.5107 0.329869 0.0738137 0.0449452
2 0.402425 0.329122 0.0563549 0.0292454
2 0.177509 0.332483 0.0552906 0.0266925
0 0.304299 0.399247 0.0368943 0.0392356
2 0.707376 0.56286 0.177912 0.0885687
2 0.41992 0.524567 0.156954 0.0743365
2 0.194656 0.511502 0.152435 0.0700027
2 0.258912 0.458333 0.116668 0.0535877
2 0.577382 0.377769 0.081401 0.0372056
2 0.0573628 0.925761 0.113494 0.147404
2 0.367433 0.353812 0.069249 0.0324762
2 0.511636 0.357798 0.0688833 0.0310946
2 0.425144 0.445305 0.125462 0.072189
2 0.609721 0.426215 0.119484 0.0710755
3 0.303701 0.407398 0.0357882 0.0327691
2 0.109936 0.343037 0.0634742 0.0257187
2 0.240141 0.335639 0.0552716 0.0276513
2 0.61875 0.33763 0.0633648 0.0377778
7 0.5107 0.329869 0.0738137 0.0449452
2 0.402425 0.329122 0.0563549 0.0292454
2 0.177509 0.332483 0.0552906 0.0266925
0 0.304299 0.399247 0.0368943 0.0392356
2 0.707376 0.56286 0.177912 0.0885687
2 0.41992 0.524567 0.156954 0.0743365
2 0.194656 0.511502 0.152435 0.0700027
2 0.258912 0.458333 0.116668 0.0535877
2 0.577382 0.377769 0.081401 0.0372056
2 0.0573628 0.925761 0.113494 0.147404
2 0.367433 0.353812 0.069249 0.0324762
2 0.511636 0.357798 0.0688833 0.0310946
2 0.425144 0.445305 0.125462 0.072189
2 0.609721 0.426215 0.119484 0.0710755
3 0.303701 0.407398 0.0357882 0.0327691
2 0.109936 0.343037 0.0634742 0.0257187
2 0.240141 0.335639 0.0552716 0.0276513
2 0.61875 0.33763 0.0633648 0.0377778
7 0.5107 0.329869 0.0738137 0.0449452
2 0.402425 0.329122 0.0563549 0.0292454
2 0.177509 0.332483 0.0552906 0.0266925
0 0.304299 0.399247 0.0368943 0.0392356
0 0.304731 0.391389 0.0359826 0.0241593
2 0.58842 0.315593 0.0470593 0.0237067
7 0.237774 0.306143 0.0518473 0.0313912
5 0.237029 0.305757 0.0503749 0.0302242
