2 0.497536 0.927739 0.331398 0.143518
2 0.842744 0.667317 0.218362 0.115808
2 0.243087 0.564788 0.165954 0.0795802
2 0.591935 0.456304 0.121336 0.0558108
2 0.098186 0.740528 0.19525 0.172686
7 0.291541 0.460376 0.216911 0.134234
2 0.045264 0.433267 0.0905281 0.0491678
2 0.456301 0.340053 0.0626675 0.0303203
5 0.831856 0.342862 0.102224 0.066999
2 0.278192 0.345248 0.0570128 0.0263075
2 0.552575 0.35003 0.0679399 0.0378754
2 0.959989 0.978972 0.0774054 0.0412422
2 0.665947 0.32584 0.0453046 0.0194664
2 0.3326 0.325317 0.0425003 0.0169029
2 0.577855 0.3179 0.0395994 0.0176771
2 0.283591 0.319844 0.0420109 0.0130156
0 0.553498 0.935376 0.0835859 0.0451233
5 0.858715 0.302586 0.0628964 0.0299186
2 0.478778 0.317951 0.053852 0.0185175
2 0.497536 0.927739 0.331398 0.143518
2 0.842744 0.667317 0.218362 0.115808
2 0.243087 0.564788 0.165954 0.0795802
2 0.591935 0.456304 0.121336 0.0558108
2 0.098186 0.740528 0.19525 0.172686
7 0.291541 0.460376 0.216911 0.134234
2 0.045264 0.433267 0.0905281 0.0491678
2 0.456301 0.340053 0.0626675 0.0303203
5 0.831856 0.342862 0.102224 0.066999
2 0.278192 0.345248 0.0570128 0.0263075
2 0.552575 0.35003 0.0679399 0.0378754
2 0.959989 0.978972 0.0774054 0.0412422
2 0.665947 0.32584 0.0453046 0.0194664
2 0.3326 0.325317 0.0425003 0.0169029
2 0.577855 0.3179 0.0395994 0.0176771
2 0.283591 0.319844 0.0420109 0.0130156
0 0.553498 0.935376 0.0835859 0.0451233
5 0.858715 0.302586 0.0628964 0.0299186
2 0.478778 0.317951 0.053852 0.0185175
2 0.497536 0.927739 0.331398 0.143518
2 0.842744 0.667317 0.218362 0.115808
2 0.243087 0.564788 0.165954 0.0795802
2 0.591935 0.456304 0.121336 0.0558108
2 0.098186 0.740528 0.19525 0.172686
7 0.291541 0.460376 0.216911 0.134234
2 0.045264 0.433267 0.0905281 0.0491678
2 0.456301 0.340053 0.0626675 0.0303203
5 0.831856 0.342862 0.102224 0.066999
2 0.278192 0.345248 0.0570128 0.0263075
2 0.552575 0.35003 0.0679399 0.0378754
2 0.959989 0.978972 0.0774054 0.0412422
2 0.665947 0.32584 0.0453046 0.0194664
2 0.3326 0.325317 0.0425003 0.0169029
2 0.577855 0.3179 0.0395994 0.0176771
2 0.283591 0.319844 0.0420109 0.0130156
0 0.553498 0.935376 0.0835859 0.0451233
5 0.858715 0.302586 0.0628964 0.0299186
2 0.478778 0.317951 0.053852 0.0185175
2 0.497536 0.927739 0.331398 0.143518
2 0.842744 0.667317 0.218362 0.115808
2 0.243087 0.564788 0.165954 0.0795802
2 0.591935 0.456304 0.121336 0.0558108
2 0.098186 0.740528 0.19525 0.172686
7 0.291541 0.460376 0.216911 0.134234
2 0.045264 0.433267 0.0905281 0.0491678
2 0.456301 0.340053 0.0626675 0.0303203
5 0.831856 0.342862 0.102224 0.066999
2 0.278192 0.345248 0.0570128 0.0263075
2 0.552575 0.35003 0.0679399 0.0378754
2 0.959989 0.978972 0.0774054 0.0412422
2 0.665947 0.32584 0.0453046 0.0194664
2 0.3326 0.325317 0.0425003 0.0169029
2 0.577855 0.3179 0.0395994 0.0176771
2 0.283591 0.319844 0.0420109 0.0130156
0 0.553498 0.935376 0.0835859 0.0451233
5 0.858715 0.302586 0.0628964 0.0299186
2 0.478778 0.317951 0.053852 0.0185175
2 0.497536 0.927739 0.331398 0.143518
2 0.842744 0.667317 0.218362 0.115808
2 0.243087 0.564788 0.165954 0.0795802
2 0.591935 0.456304 0.121336 0.0558108
2 0.098186 0.740528 0.19525 0.172686
7 0.291541 0.460376 0.216911 0.134234
2 0.045264 0.433267 0.0905281 0.0491678
2 0.456301 0.340053 0.0626675 0.0303203
5 0.831856 0.342862 0.102224 0.066999
2 0.278192 0.345248 0.0570128 0.0263075
2 0.552575 0.35003 0.0679399 0.0378754
2 0.959989 0.978972 0.0774054 0.0412422
2 0.665947 0.32584 0.0453046 0.0194664
2 0.3326 0.325317 0.0425003 0.0169029
2 0.577855 0.3179 0.0395994 0.0176771
2 0.283591 0.319844 0.0420109 0.0130156
0 0.553498 0.935376 0.0835859 0.0451233
5 0.858715 0.302586 0.0628964 0.0299186
2 0.478778 0.317951 0.053852 0.0185175
2 0.497536 0.927739 0.331398 0.143518
2 0.842744 0.667317 0.218362 0.115808
2 0.243087 0.564788 0.165954 0.0795802
2 0.591935 0.456304 0.121336 0.0558108
2 0.098186 0.740528 0.19525 0.172686
7 0.291541 0.460376 0.216911 0.134234
2 0.045264 0.433267 0.0905281 0.0491678
2 0.456301 0.340053 0.0626675 0.0303203
5 0.831856 0.342862 0.102224 0.066999
2 0.278192 0.345248 0.0570128 0.0263075
2 0.552575 0.35003 0.0679399 0.0378754
2 0.959989 0.978972 0.0774054 0.0412422
2 0.665947 0.32584 0.0453046 0.0194664
2 0.3326 0.325317 0.0425003 0.0169029
2 0.577855 0.3179 0.0395994 0.0176771
2 0.283591 0.319844 0.0420109 0.0130156
0 0.553498 0.935376 0.0835859 0.0451233
5 0.858715 0.302586 0.0628964 0.0299186
2 0.478778 0.317951 0.053852 0.0185175
2 0.497536 0.927739 0.331398 0.143518
2 0.842744 0.667317 0.218362 0.115808
2 0.243087 0.564788 0.165954 0.0795802
2 0.591935 0.456304 0.121336 0.0558108
2 0.098186 0.740528 0.19525 0.172686
7 0.291541 0.460376 0.216911 0.134234
2 0.045264 0.433267 0.0905281 0.0491678
2 0.456301 0.340053 0.0626675 0.0303203
5 0.831856 0.342862 0.102224 0.066999
2 0.278192 0.345248 0.0570128 0.0263075
2 0.552575 0.35003 0.0679399 0.0378754
2 0.959989 0.978972 0.0774054 0.0412422
2 0.665947 0.32584 0.0453046 0.0194664
2 0.3326 0.325317 0.0425003 0.0169029
2 0.577855 0.3179 0.0395994 0.0176771
2 0.283591 0.319844 0.0420109 0.0130156
0 0.553498 0.935376 0.0835859 0.0451233
5 0.858715 0.302586 0.0628964 0.0299186
2 0.478778 0.317951 0.053852 0.0185175
2 0.497536 0.927739 0.331398 0.143518
2 0.842744 0.667317 0.218362 0.115808
2 0.243087 0.564788 0.165954 0.0795802
2 0.591935 0.456304 0.121336 0.0558108
2 0.098186 0.740528 0.19525 0.172686
7 0.291541 0.460376 0.216911 0.134234
2 0.045264 0.433267 0.0905281 0.0491678
2 0.456301 0.340053 0.0626675 0.0303203
5 0.831856 0.342862 0.102224 0.066999
2 0.278192 0.345248 0.0570128 0.0263075
2 0.552575 0.35003 0.0679399 0.0378754
2 0.959989 0.978972 0.0774054 0.0412422
2 0.665947 0.32584 0.0453046 0.0194664
2 0.3326 0.325317 0.0425003 0.0169029
2 0.577855 0.3179 0.0395994 0.0176771
2 0.283591 0.319844 0.0420109 0.0130156
0 0.553498 0.935376 0.0835859 0.0451233
5 0.858715 0.302586 0.0628964 0.0299186
2 0.478778 0.317951 0.053852 0.0185175
2 0.497536 0.927739 0.331398 0.143518
2 0.842744 0.667317 0.218362 0.115808
2 0.243087 0.564788 0.165954 0.0795802
2 0.591935 0.456304 0.121336 0.0558108
2 0.098186 0.740528 0.19525 0.172686
7 0.291541 0.460376 0.216911 0.134234
2 0.045264 0.433267 0.0905281 0.0491678
2 0.456301 0.340053 0.0626675 0.0303203
5 0.831856 0.342862 0.102224 0.066999
2 0.278192 0.345248 0.0570128 0.0263075
2 0.552575 0.35003 0.0679399 0.0378754
2 0.959989 0.978972 0.0774054 0.0412422
2 0.665947 0.32584 0.0453046 0.0194664
2 0.3326 0.325317 0.0425003 0.0169029
2 0.577855 0.3179 0.0395994 0.0176771
2 0.283591 0.319844 0.0420109 0.0130156
0 0.553498 0.935376 0.0835859 0.0451233
5 0.858715 0.302586 0.0628964 0.0299186
2 0.478778 0.317951 0.053852 0.0185175
2 0.497536 0.927739 0.331398 0.143518
2 0.842744 0.667317 0.218362 0.115808
2 0.243087 0.564788 0.165954 0.0795802
2 0.591935 0.456304 0.121336 0.0558108
2 0.098186 0.740528 0.19525 0.172686
7 0.291541 0.460376 0.216911 0.134234
2 0.045264 0.433267 0.0905281 0.0491678
2 0.456301 0.340053 0.0626675 0.0303203
5 0.831856 0.342862 0.102224 0.066999
2 0.278192 0.345248 0.0570128 0.0263075
2 0.552575 0.35003 0.0679399 0.0378754
2 0.959989 0.978972 0.0774054 0.0412422
2 0.665947 0.32584 0.0453046 0.0194664
2 0.3326 0.325317 0.0425003 0.0169029
2 0.577855 0.3179 0.0395994 0.0176771
2 0.283591 0.319844 0.0420109 0.0130156
0 0.553498 0.935376 0.0835859 0.0451233
5 0.858715 0.302586 0.0628964 0.0299186
2 0.478778 0.317951 0.053852 0.0185175
2 0.497536 0.927739 0.331398 0.143518
2 0.842744 0.667317 0.218362 0.115808
2 0.243087 0.564788 0.165954 0.0795802
2 0.591935 0.456304 0.121336 0.0558108
2 0.098186 0.740528 0.19525 0.172686
7 0.291541 0.460376 0.216911 0.134234
2 0.045264 0.433267 0.0905281 0.0491678
2 0.456301 0.340053 0.0626675 0.0303203
5 0.831856 0.342862 0.102224 0.066999
2 0.278192 0.345248 0.0570128 0.0263075
2 0.552575 0.35003 0.0679399 0.0378754
2 0.959989 0.978972 0.0774054 0.0412422
2 0.665947 0.32584 0.0453046 0.0194664
2 0.3326 0.325317 0.0425003 0.0169029
2 0.577855 0.3179 0.0395994 0.0176771
2 0.283591 0.319844 0.0420109 0.0130156
0 0.553498 0.935376 0.0835859 0.0451233
5 0.858715 0.302586 0.0628964 0.0299186
2 0.478778 0.317951 0.053852 0.0185175
2 0.497536 0.927739 0.331398 0.143518
2 0.842744 0.667317 0.218362 0.115808
2 0.243087 0.564788 0.165954 0.0795802
2 0.591935 0.456304 0.121336 0.0558108
2 0.098186 0.740528 0.19525 0.172686
7 0.291541 0.460376 0.216911 0.134234
2 0.045264 0.433267 0.0905281 0.0491678
2 0.456301 0.340053 0.0626675 0.0303203
5 0.831856 0.342862 0.102224 0.066999
2 0.278192 0.345248 0.0570128 0.0263075
2 0.552575 0.35003 0.0679399 0.0378754
2 0.959989 0.978972 0.0774054 0.0412422
2 0.665947 0.32584 0.0453046 0.0194664
2 0.3326 0.325317 0.0425003 0.0169029
2 0.577855 0.3179 0.0395994 0.0176771
2 0.283591 0.319844 0.0420109 0.0130156
0 0.553498 0.935376 0.0835859 0.0451233
5 0.858715 0.302586 0.0628964 0.0299186
2 0.478778 0.317951 0.053852 0.0185175
2 0.497536 0.927739 0.331398 0.143518
2 0.842744 0.667317 0.218362 0.115808
2 0.243087 0.564788 0.165954 0.0795802
2 0.591935 0.456304 0.121336 0.0558108
2 0.098186 0.740528 0.19525 0.172686
7 0.291541 0.460376 0.216911 0.134234
2 0.045264 0.433267 0.0905281 0.0491678
2 0.456301 0.340053 0.0626675 0.0303203
5 0.831856 0.342862 0.102224 0.066999
2 0.278192 0.345248 0.0570128 0.0263075
2 0.552575 0.35003 0.0679399 0.0378754
2 0.959989 0.978972 0.0774054 0.0412422
2 0.665947 0.32584 0.0453046 0.0194664
2 0.3326 0.325317 0.0425003 0.0169029
2 0.577855 0.3179 0.0395994 0.0176771
2 0.283591 0.319844 0.0420109 0.0130156
0 0.553498 0.935376 0.0835859 0.0451233
5 0.858715 0.302586 0.0628964 0.0299186
2 0.478778 0.317951 0.053852 0.0185175
2 0.497475 0.927933 0.331773 0.143372
2 0.841644 0.668164 0.217734 0.117485
7 0.289176 0.459791 0.212986 0.137827
2 0.243214 0.565362 0.166661 0.0805121
2 0.591033 0.456307 0.121792 0.0559036
2 0.0983182 0.741429 0.19579 0.175194
2 0.0459699 0.433407 0.0919398 0.0495798
5 0.829605 0.341642 0.108286 0.0677505
2 0.457073 0.340227 0.0627129 0.029071
2 0.278808 0.345179 0.0583772 0.0264661
2 0.666102 0.325787 0.0451615 0.0205163
2 0.552812 0.349447 0.0701092 0.0388619
2 0.95971 0.979853 0.0778204 0.0393982
2 0.284248 0.317074 0.0408542 0.0184564
2 0.577899 0.31787 0.0395474 0.0174093
2 0.331483 0.32628 0.0429842 0.0160367
5 0.923098 0.423526 0.152585 0.146098
0 0.555436 0.934069 0.0888418 0.0491795
2 0.473919 0.317491 0.0478259 0.017679
2 0.497475 0.927933 0.331773 0.143372
2 0.841644 0.668164 0.217734 0.117485
7 0.289176 0.459791 0.212986 0.137827
2 0.243214 0.565362 0.166661 0.0805121
2 0.591033 0.456307 0.121792 0.0559036
2 0.0983182 0.741429 0.19579 0.175194
2 0.0459699 0.433407 0.0919398 0.0495798
5 0.829605 0.341642 0.108286 0.0677505
2 0.457073 0.340227 0.0627129 0.029071
2 0.278808 0.345179 0.0583772 0.0264661
2 0.666102 0.325787 0.0451615 0.0205163
2 0.552812 0.349447 0.0701092 0.0388619
2 0.95971 0.979853 0.0778204 0.0393982
2 0.284248 0.317074 0.0408542 0.0184564
2 0.577899 0.31787 0.0395474 0.0174093
2 0.331483 0.32628 0.0429842 0.0160367
5 0.923098 0.423526 0.152585 0.146098
0 0.555436 0.934069 0.0888418 0.0491795
2 0.473919 0.317491 0.0478259 0.017679
2 0.497475 0.927933 0.331773 0.143372
2 0.841644 0.668164 0.217734 0.117485
7 0.289176 0.459791 0.212986 0.137827
2 0.243214 0.565362 0.166661 0.0805121
2 0.591033 0.456307 0.121792 0.0559036
2 0.0983182 0.741429 0.19579 0.175194
2 0.0459699 0.433407 0.0919398 0.0495798
5 0.829605 0.341642 0.108286 0.0677505
2 0.457073 0.340227 0.0627129 0.029071
2 0.278808 0.345179 0.0583772 0.0264661
2 0.666102 0.325787 0.0451615 0.0205163
2 0.552812 0.349447 0.0701092 0.0388619
2 0.95971 0.979853 0.0778204 0.0393982
2 0.284248 0.317074 0.0408542 0.0184564
2 0.577899 0.31787 0.0395474 0.0174093
2 0.331483 0.32628 0.0429842 0.0160367
5 0.923098 0.423526 0.152585 0.146098
0 0.555436 0.934069 0.0888418 0.0491795
2 0.473919 0.317491 0.0478259 0.017679
2 0.497475 0.927933 0.331773 0.143372
2 0.841644 0.668164 0.217734 0.117485
7 0.289176 0.459791 0.212986 0.137827
2 0.243214 0.565362 0.166661 0.0805121
2 0.591033 0.456307 0.121792 0.0559036
2 0.0983182 0.741429 0.19579 0.175194
2 0.0459699 0.433407 0.0919398 0.0495798
5 0.829605 0.341642 0.108286 0.0677505
2 0.457073 0.340227 0.0627129 0.029071
2 0.278808 0.345179 0.0583772 0.0264661
2 0.666102 0.325787 0.0451615 0.0205163
2 0.552812 0.349447 0.0701092 0.0388619
2 0.95971 0.979853 0.0778204 0.0393982
2 0.284248 0.317074 0.0408542 0.0184564
2 0.577899 0.31787 0.0395474 0.0174093
2 0.331483 0.32628 0.0429842 0.0160367
5 0.923098 0.423526 0.152585 0.146098
0 0.555436 0.934069 0.0888418 0.0491795
2 0.473919 0.317491 0.0478259 0.017679
2 0.497475 0.927933 0.331773 0.143372
2 0.841644 0.668164 0.217734 0.117485
7 0.289176 0.459791 0.212986 0.137827
2 0.243214 0.565362 0.166661 0.0805121
2 0.591033 0.456307 0.121792 0.0559036
2 0.0983182 0.741429 0.19579 0.175194
2 0.0459699 0.433407 0.0919398 0.0495798
5 0.829605 0.341642 0.108286 0.0677505
2 0.457073 0.340227 0.0627129 0.029071
2 0.278808 0.345179 0.0583772 0.0264661
2 0.666102 0.325787 0.0451615 0.0205163
2 0.552812 0.349447 0.0701092 0.0388619
2 0.95971 0.979853 0.0778204 0.0393982
2 0.284248 0.317074 0.0408542 0.0184564
2 0.577899 0.31787 0.0395474 0.0174093
2 0.331483 0.32628 0.0429842 0.0160367
5 0.923098 0.423526 0.152585 0.146098
0 0.555436 0.934069 0.0888418 0.0491795
2 0.473919 0.317491 0.0478259 0.017679
2 0.497475 0.927933 0.331773 0.143372
2 0.841644 0.668164 0.217734 0.117485
7 0.289176 0.459791 0.212986 0.137827
2 0.243214 0.565362 0.166661 0.0805121
2 0.591033 0.456307 0.121792 0.0559036
2 0.0983182 0.741429 0.19579 0.175194
2 0.0459699 0.433407 0.0919398 0.0495798
5 0.829605 0.341642 0.108286 0.0677505
2 0.457073 0.340227 0.0627129 0.029071
2 0.278808 0.345179 0.0583772 0.0264661
2 0.666102 0.325787 0.0451615 0.0205163
2 0.552812 0.349447 0.0701092 0.0388619
2 0.95971 0.979853 0.0778204 0.0393982
2 0.284248 0.317074 0.0408542 0.0184564
2 0.577899 0.31787 0.0395474 0.0174093
2 0.331483 0.32628 0.0429842 0.0160367
5 0.923098 0.423526 0.152585 0.146098
0 0.555436 0.934069 0.0888418 0.0491795
2 0.473919 0.317491 0.0478259 0.017679
2 0.497475 0.927933 0.331773 0.143372
2 0.841644 0.668164 0.217734 0.117485
7 0.289176 0.459791 0.212986 0.137827
2 0.243214 0.565362 0.166661 0.0805121
2 0.591033 0.456307 0.121792 0.0559036
2 0.0983182 0.741429 0.19579 0.175194
2 0.0459699 0.433407 0.0919398 0.0495798
5 0.829605 0.341642 0.108286 0.0677505
2 0.457073 0.340227 0.0627129 0.029071
2 0.278808 0.345179 0.0583772 0.0264661
2 0.666102 0.325787 0.0451615 0.0205163
2 0.552812 0.349447 0.0701092 0.0388619
2 0.95971 0.979853 0.0778204 0.0393982
2 0.284248 0.317074 0.0408542 0.0184564
2 0.577899 0.31787 0.0395474 0.0174093
2 0.331483 0.32628 0.0429842 0.0160367
5 0.923098 0.423526 0.152585 0.146098
0 0.555436 0.934069 0.0888418 0.0491795
2 0.473919 0.317491 0.0478259 0.017679
2 0.497475 0.927933 0.331773 0.143372
2 0.841644 0.668164 0.217734 0.117485
7 0.289176 0.459791 0.212986 0.137827
2 0.243214 0.565362 0.166661 0.0805121
2 0.591033 0.456307 0.121792 0.0559036
2 0.0983182 0.741429 0.19579 0.175194
2 0.0459699 0.433407 0.0919398 0.0495798
5 0.829605 0.341642 0.108286 0.0677505
2 0.457073 0.340227 0.0627129 0.029071
2 0.278808 0.345179 0.0583772 0.0264661
2 0.666102 0.325787 0.0451615 0.0205163
2 0.552812 0.349447 0.0701092 0.0388619
2 0.95971 0.979853 0.0778204 0.0393982
2 0.284248 0.317074 0.0408542 0.0184564
2 0.577899 0.31787 0.0395474 0.0174093
2 0.331483 0.32628 0.0429842 0.0160367
5 0.923098 0.423526 0.152585 0.146098
0 0.555436 0.934069 0.0888418 0.0491795
2 0.473919 0.317491 0.0478259 0.017679
5 0.846584 0.304036 0.0876027 0.0352359
2 0.651656 0.317348 0.0412971 0.0162207
2 0.353731 0.314403 0.0372308 0.0151742
2 0.514969 0.311731 0.0313115 0.00895462
5 0.910127 0.296311 0.0702789 0.0366463
