2 0.0819886 0.904729 0.163614 0.188433
2 0.463383 0.646942 0.232348 0.145416
2 0.504282 0.444897 0.122494 0.0589785
7 0.298694 0.428155 0.153305 0.103876
2 0.518666 0.360957 0.0781991 0.039058
2 0.679018 0.423075 0.112677 0.0589556
2 0.149447 0.376605 0.0948002 0.0400664
2 0.209927 0.349494 0.0752504 0.0335807
2 0.378024 0.386347 0.0933516 0.0564446
2 0.497344 0.407821 0.107553 0.048027
2 0.671213 0.379514 0.0865576 0.0393273
2 0.469564 0.334331 0.0589474 0.0292907
2 0.414988 0.347914 0.0793172 0.0434612
2 0.20783 0.32041 0.0558895 0.0253619
7 0.75949 0.521199 0.21018 0.171413
2 0.0968911 0.351024 0.0785872 0.0341765
2 0.301548 0.306691 0.0453639 0.0201384
2 0.759971 0.521491 0.210133 0.171816
7 0.478384 0.310011 0.0894321 0.051671
2 0.666624 0.338197 0.0676158 0.0317329
2 0.529759 0.307354 0.0357171 0.0216006
2 0.666402 0.318386 0.0627389 0.0185926
2 0.337738 0.297649 0.0397105 0.0189643
2 0.613245 0.290601 0.0342499 0.0112612
2 0.666207 0.326654 0.064269 0.0345055
0 0.799134 0.517186 0.044735 0.0258475
3 0.0237089 0.377398 0.0248361 0.0247142
2 0.0819886 0.904729 0.163614 0.188433
2 0.463383 0.646942 0.232348 0.145416
2 0.504282 0.444897 0.122494 0.0589785
7 0.298694 0.428155 0.153305 0.103876
2 0.518666 0.360957 0.0781991 0.039058
2 0.679018 0.423075 0.112677 0.0589556
2 0.149447 0.376605 0.0948002 0.0400664
2 0.209927 0.349494 0.0752504 0.0335807
2 0.378024 0.386347 0.0933516 0.0564446
2 0.497344 0.407821 0.107553 0.048027
2 0.671213 0.379514 0.0865576 0.0393273
2 0.469564 0.334331 0.0589474 0.0292907
2 0.414988 0.347914 0.0793172 0.0434612
2 0.20783 0.32041 0.0558895 0.0253619
7 0.75949 0.521199 0.21018 0.171413
2 0.0968911 0.351024 0.0785872 0.0341765
2 0.301548 0.306691 0.0453639 0.0201384
2 0.759971 0.521491 0.210133 0.171816
7 0.478384 0.310011 0.0894321 0.051671
2 0.666624 0.338197 0.0676158 0.0317329
2 0.529759 0.307354 0.0357171 0.0216006
2 0.666402 0.318386 0.0627389 0.0185926
2 0.337738 0.297649 0.0397105 0.0189643
2 0.613245 0.290601 0.0342499 0.0112612
2 0.666207 0.326654 0.064269 0.0345055
0 0.799134 0.517186 0.044735 0.0258475
3 0.0237089 0.377398 0.0248361 0.0247142
2 0.0819886 0.904729 0.163614 0.188433
2 0.463383 0.646942 0.232348 0.145416
2 0.504282 0.444897 0.122494 0.0589785
7 0.298694 0.428155 0.153305 0.103876
2 0.518666 0.360957 0.0781991 0.039058
2 0.679018 0.423075 0.112677 0.0589556
2 0.149447 0.376605 0.0948002 0.0400664
2 0.209927 0.349494 0.0752504 0.0335807
2 0.378024 0.386347 0.0933516 0.0564446
2 0.497344 0.407821 0.107553 0.048027
2 0.671213 0.379514 0.0865576 0.0393273
2 0.469564 0.334331 0.0589474 0.0292907
2 0.414988 0.347914 0.0793172 0.0434612
2 0.20783 0.32041 0.0558895 0.0253619
7 0.75949 0.521199 0.21018 0.171413
2 0.0968911 0.351024 0.0785872 0.0341765
2 0.301548 0.306691 0.0453639 0.0201384
2 0.759971 0.521491 0.210133 0.171816
7 0.478384 0.310011 0.0894321 0.051671
2 0.666624 0.338197 0.0676158 0.0317329
2 0.529759 0.307354 0.0357171 0.0216006
2 0.666402 0.318386 0.0627389 0.0185926
2 0.337738 0.297649 0.0397105 0.0189643
2 0.613245 0.290601 0.0342499 0.0112612
2 0.666207 0.326654 0.064269 0.0345055
0 0.799134 0.517186 0.044735 0.0258475
3 0.0237089 0.377398 0.0248361 0.0247142
2 0.0819886 0.904729 0.163614 0.188433
2 0.463383 0.646942 0.232348 0.145416
2 0.504282 0.444897 0.122494 0.0589785
7 0.298694 0.428155 0.153305 0.103876
2 0.518666 0.360957 0.0781991 0.039058
2 0.679018 0.423075 0.112677 0.0589556
2 0.149447 0.376605 0.0948002 0.0400664
2 0.209927 0.349494 0.0752504 0.0335807
2 0.378024 0.386347 0.0933516 0.0564446
2 0.497344 0.407821 0.107553 0.048027
2 0.671213 0.379514 0.0865576 0.0393273
2 0.469564 0.334331 0.0589474 0.0292907
2 0.414988 0.347914 0.0793172 0.0434612
2 0.20783 0.32041 0.0558895 0.0253619
7 0.75949 0.521199 0.21018 0.171413
2 0.0968911 0.351024 0.0785872 0.0341765
2 0.301548 0.306691 0.0453639 0.0201384
2 0.759971 0.521491 0.210133 0.171816
7 0.478384 0.310011 0.0894321 0.051671
2 0.666624 0.338197 0.0676158 0.0317329
2 0.529759 0.307354 0.0357171 0.0216006
2 0.666402 0.318386 0.0627389 0.0185926
2 0.337738 0.297649 0.0397105 0.0189643
2 0.613245 0.290601 0.0342499 0.0112612
2 0.666207 0.326654 0.064269 0.0345055
0 0.799134 0.517186 0.044735 0.0258475
3 0.0237089 0.377398 0.0248361 0.0247142
2 0.0819886 0.904729 0.163614 0.188433
2 0.463383 0.646942 0.232348 0.145416
2 0.504282 0.444897 0.122494 0.0589785
7 0.298694 0.428155 0.153305 0.103876
2 0.518666 0.360957 0.0781991 0.039058
2 0.679018 0.423075 0.112677 0.0589556
2 0.149447 0.376605 0.0948002 0.0400664
2 0.209927 0.349494 0.0752504 0.0335807
2 0.378024 0.386347 0.0933516 0.0564446
2 0.497344 0.407821 0.107553 0.048027
2 0.671213 0.379514 0.0865576 0.0393273
2 0.469564 0.334331 0.0589474 0.0292907
2 0.414988 0.347914 0.0793172 0.0434612
2 0.20783 0.32041 0.0558895 0.0253619
7 0.75949 0.521199 0.21018 0.171413
2 0.0968911 0.351024 0.0785872 0.0341765
2 0.301548 0.306691 0.0453639 0.0201384
2 0.759971 0.521491 0.210133 0.171816
7 0.478384 0.310011 0.0894321 0.051671
2 0.666624 0.338197 0.0676158 0.0317329
2 0.529759 0.307354 0.0357171 0.0216006
2 0.666402 0.318386 0.0627389 0.0185926
2 0.337738 0.297649 0.0397105 0.0189643
2 0.613245 0.290601 0.0342499 0.0112612
2 0.666207 0.326654 0.064269 0.0345055
0 0.799134 0.517186 0.044735 0.0258475
3 0.0237089 0.377398 0.0248361 0.0247142
2 0.0819886 0.904729 0.163614 0.188433
2 0.463383 0.646942 0.232348 0.145416
2 0.504282 0.444897 0.122494 0.0589785
7 0.298694 0.428155 0.153305 0.103876
2 0.518666 0.360957 0.0781991 0.039058
2 0.679018 0.423075 0.112677 0.0589556
2 0.149447 0.376605 0.0948002 0.0400664
2 0.209927 0.349494 0.0752504 0.0335807
2 0.378024 0.386347 0.0933516 0.0564446
2 0.497344 0.407821 0.107553 0.048027
2 0.671213 0.379514 0.0865576 0.0393273
2 0.469564 0.334331 0.0589474 0.0292907
2 0.414988 0.347914 0.0793172 0.0434612
2 0.20783 0.32041 0.0558895 0.0253619
7 0.75949 0.521199 0.21018 0.171413
2 0.0968911 0.351024 0.0785872 0.0341765
2 0.301548 0.306691 0.0453639 0.0201384
2 0.759971 0.521491 0.210133 0.171816
7 0.478384 0.310011 0.0894321 0.051671
2 0.666624 0.338197 0.0676158 0.0317329
2 0.529759 0.307354 0.0357171 0.0216006
2 0.666402 0.318386 0.0627389 0.0185926
2 0.337738 0.297649 0.0397105 0.0189643
2 0.613245 0.290601 0.0342499 0.0112612
2 0.666207 0.326654 0.064269 0.0345055
0 0.799134 0.517186 0.044735 0.0258475
3 0.0237089 0.377398 0.0248361 0.0247142
2 0.0819886 0.904729 0.163614 0.188433
2 0.463383 0.646942 0.232348 0.145416
2 0.504282 0.444897 0.122494 0.0589785
7 0.298694 0.428155 0.153305 0.103876
2 0.518666 0.360957 0.0781991 0.039058
2 0.679018 0.423075 0.112677 0.0589556
2 0.149447 0.376605 0.0948002 0.0400664
2 0.209927 0.349494 0.0752504 0.0335807
2 0.378024 0.386347 0.0933516 0.0564446
2 0.497344 0.407821 0.107553 0.048027
2 0.671213 0.379514 0.0865576 0.0393273
2 0.469564 0.334331 0.0589474 0.0292907
2 0.414988 0.347914 0.0793172 0.0434612
2 0.20783 0.32041 0.0558895 0.0253619
7 0.75949 0.521199 0.21018 0.171413
2 0.0968911 0.351024 0.0785872 0.0341765
2 0.301548 0.306691 0.0453639 0.0201384
2 0.759971 0.521491 0.210133 0.171816
7 0.478384 0.310011 0.0894321 0.051671
2 0.666624 0.338197 0.0676158 0.0317329
2 0.529759 0.307354 0.0357171 0.0216006
2 0.666402 0.318386 0.0627389 0.0185926
2 0.337738 0.297649 0.0397105 0.0189643
2 0.613245 0.290601 0.0342499 0.0112612
2 0.666207 0.326654 0.064269 0.0345055
0 0.799134 0.517186 0.044735 0.0258475
3 0.0237089 0.377398 0.0248361 0.0247142
2 0.0819886 0.904729 0.163614 0.188433
2 0.463383 0.646942 0.232348 0.145416
2 0.504282 0.444897 0.122494 0.0589785
7 0.298694 0.428155 0.153305 0.103876
2 0.518666 0.360957 0.0781991 0.039058
2 0.679018 0.423075 0.112677 0.0589556
2 0.149447 0.376605 0.0948002 0.0400664
2 0.209927 0.349494 0.0752504 0.0335807
2 0.378024 0.386347 0.0933516 0.0564446
2 0.497344 0.407821 0.107553 0.048027
2 0.671213 0.379514 0.0865576 0.0393273
2 0.469564 0.334331 0.0589474 0.0292907
2 0.414988 0.347914 0.0793172 0.0434612
2 0.20783 0.32041 0.0558895 0.0253619
7 0.75949 0.521199 0.21018 0.171413
2 0.0968911 0.351024 0.0785872 0.0341765
2 0.301548 0.306691 0.0453639 0.0201384
2 0.759971 0.521491 0.210133 0.171816
7 0.478384 0.310011 0.0894321 0.051671
2 0.666624 0.338197 0.0676158 0.0317329
2 0.529759 0.307354 0.0357171 0.0216006
2 0.666402 0.318386 0.0627389 0.0185926
2 0.337738 0.297649 0.0397105 0.0189643
2 0.613245 0.290601 0.0342499 0.0112612
2 0.666207 0.326654 0.064269 0.0345055
0 0.799134 0.517186 0.044735 0.0258475
3 0.0237089 0.377398 0.0248361 0.0247142
2 0.0819886 0.904729 0.163614 0.188433
2 0.463383 0.646942 0.232348 0.145416
2 0.504282 0.444897 0.122494 0.0589785
7 0.298694 0.428155 0.153305 0.103876
2 0.518666 0.360957 0.0781991 0.039058
2 0.679018 0.423075 0.112677 0.0589556
2 0.149447 0.376605 0.0948002 0.0400664
2 0.209927 0.349494 0.0752504 0.0335807
2 0.378024 0.386347 0.0933516 0.0564446
2 0.497344 0.407821 0.107553 0.048027
2 0.671213 0.379514 0.0865576 0.0393273
2 0.469564 0.334331 0.0589474 0.0292907
2 0.414988 0.347914 0.0793172 0.0434612
2 0.20783 0.32041 0.0558895 0.0253619
7 0.75949 0.521199 0.21018 0.171413
2 0.0968911 0.351024 0.0785872 0.0341765
2 0.301548 0.306691 0.0453639 0.0201384
2 0.759971 0.521491 0.210133 0.171816
7 0.478384 0.310011 0.0894321 0.051671
2 0.666624 0.338197 0.0676158 0.0317329
2 0.529759 0.307354 0.0357171 0.0216006
2 0.666402 0.318386 0.0627389 0.0185926
2 0.337738 0.297649 0.0397105 0.0189643
2 0.613245 0.290601 0.0342499 0.0112612
2 0.666207 0.326654 0.064269 0.0345055
0 0.799134 0.517186 0.044735 0.0258475
3 0.0237089 0.377398 0.0248361 0.0247142
2 0.0819886 0.904729 0.163614 0.188433
2 0.463383 0.646942 0.232348 0.145416
2 0.504282 0.444897 0.122494 0.0589785
7 0.298694 0.428155 0.153305 0.103876
2 0.518666 0.360957 0.0781991 0.039058
2 0.679018 0.423075 0.112677 0.0589556
2 0.149447 0.376605 0.0948002 0.0400664
2 0.209927 0.349494 0.0752504 0.0335807
2 0.378024 0.386347 0.0933516 0.0564446
2 0.497344 0.407821 0.107553 0.048027
2 0.671213 0.379514 0.0865576 0.0393273
2 0.469564 0.334331 0.0589474 0.0292907
2 0.414988 0.347914 0.0793172 0.0434612
2 0.20783 0.32041 0.0558895 0.0253619
7 0.75949 0.521199 0.21018 0.171413
2 0.0968911 0.351024 0.0785872 0.0341765
2 0.301548 0.306691 0.0453639 0.0201384
2 0.759971 0.521491 0.210133 0.171816
7 0.478384 0.310011 0.0894321 0.051671
2 0.666624 0.338197 0.0676158 0.0317329
2 0.529759 0.307354 0.0357171 0.0216006
2 0.666402 0.318386 0.0627389 0.0185926
2 0.337738 0.297649 0.0397105 0.0189643
2 0.613245 0.290601 0.0342499 0.0112612
2 0.666207 0.326654 0.064269 0.0345055
0 0.799134 0.517186 0.044735 0.0258475
3 0.0237089 0.377398 0.0248361 0.0247142
2 0.0819886 0.904729 0.163614 0.188433
2 0.463383 0.646942 0.232348 0.145416
2 0.504282 0.444897 0.122494 0.0589785
7 0.298694 0.428155 0.153305 0.103876
2 0.518666 0.360957 0.0781991 0.039058
2 0.679018 0.423075 0.112677 0.0589556
2 0.149447 0.376605 0.0948002 0.0400664
2 0.209927 0.349494 0.0752504 0.0335807
2 0.378024 0.386347 0.0933516 0.0564446
2 0.497344 0.407821 0.107553 0.048027
2 0.671213 0.379514 0.0865576 0.0393273
2 0.469564 0.334331 0.0589474 0.0292907
2 0.414988 0.347914 0.0793172 0.0434612
2 0.20783 0.32041 0.0558895 0.0253619
7 0.75949 0.521199 0.21018 0.171413
2 0.0968911 0.351024 0.0785872 0.0341765
2 0.301548 0.306691 0.0453639 0.0201384
2 0.759971 0.521491 0.210133 0.171816
7 0.478384 0.310011 0.0894321 0.051671
2 0.666624 0.338197 0.0676158 0.0317329
2 0.529759 0.307354 0.0357171 0.0216006
2 0.666402 0.318386 0.0627389 0.0185926
2 0.337738 0.297649 0.0397105 0.0189643
2 0.613245 0.290601 0.0342499 0.0112612
2 0.666207 0.326654 0.064269 0.0345055
0 0.799134 0.517186 0.044735 0.0258475
3 0.0237089 0.377398 0.0248361 0.0247142
2 0.0819886 0.904729 0.163614 0.188433
2 0.463383 0.646942 0.232348 0.145416
2 0.504282 0.444897 0.122494 0.0589785
7 0.298694 0.428155 0.153305 0.103876
2 0.518666 0.360957 0.0781991 0.039058
2 0.679018 0.423075 0.112677 0.0589556
2 0.149447 0.376605 0.0948002 0.0400664
2 0.209927 0.349494 0.0752504 0.0335807
2 0.378024 0.386347 0.0933516 0.0564446
2 0.497344 0.407821 0.107553 0.048027
2 0.671213 0.379514 0.0865576 0.0393273
2 0.469564 0.334331 0.0589474 0.0292907
2 0.414988 0.347914 0.0793172 0.0434612
2 0.20783 0.32041 0.0558895 0.0253619
7 0.75949 0.521199 0.21018 0.171413
2 0.0968911 0.351024 0.0785872 0.0341765
2 0.301548 0.306691 0.0453639 0.0201384
2 0.759971 0.521491 0.210133 0.171816
7 0.478384 0.310011 0.0894321 0.051671
2 0.666624 0.338197 0.0676158 0.0317329
2 0.529759 0.307354 0.0357171 0.0216006
2 0.666402 0.318386 0.0627389 0.0185926
2 0.337738 0.297649 0.0397105 0.0189643
2 0.613245 0.290601 0.0342499 0.0112612
2 0.666207 0.326654 0.064269 0.0345055
0 0.799134 0.517186 0.044735 0.0258475
3 0.0237089 0.377398 0.0248361 0.0247142
2 0.0819886 0.904729 0.163614 0.188433
2 0.463383 0.646942 0.232348 0.145416
2 0.504282 0.444897 0.122494 0.0589785
7 0.298694 0.428155 0.153305 0.103876
2 0.518666 0.360957 0.0781991 0.039058
2 0.679018 0.423075 0.112677 0.0589556
2 0.149447 0.376605 0.0948002 0.0400664
2 0.209927 0.349494 0.0752504 0.0335807
2 0.378024 0.386347 0.0933516 0.0564446
2 0.497344 0.407821 0.107553 0.048027
2 0.671213 0.379514 0.0865576 0.0393273
2 0.469564 0.334331 0.0589474 0.0292907
2 0.414988 0.347914 0.0793172 0.0434612
2 0.20783 0.32041 0.0558895 0.0253619
7 0.75949 0.521199 0.21018 0.171413
2 0.0968911 0.351024 0.0785872 0.0341765
2 0.301548 0.306691 0.0453639 0.0201384
2 0.759971 0.521491 0.210133 0.171816
7 0.478384 0.310011 0.0894321 0.051671
2 0.666624 0.338197 0.0676158 0.0317329
2 0.529759 0.307354 0.0357171 0.0216006
2 0.666402 0.318386 0.0627389 0.0185926
2 0.337738 0.297649 0.0397105 0.0189643
2 0.613245 0.290601 0.0342499 0.0112612
2 0.666207 0.326654 0.064269 0.0345055
0 0.799134 0.517186 0.044735 0.0258475
3 0.0237089 0.377398 0.0248361 0.0247142
2 0.0826136 0.904882 0.16352 0.188905
2 0.463593 0.647555 0.231647 0.147148
2 0.503945 0.445414 0.123927 0.0575239
2 0.67792 0.421757 0.113979 0.0633997
2 0.519252 0.361066 0.0788969 0.0386683
7 0.29842 0.428086 0.152555 0.104619
2 0.14851 0.376762 0.0942557 0.0402753
2 0.670464 0.378633 0.0929967 0.0361175
2 0.211072 0.349806 0.0754647 0.0328928
2 0.497506 0.408652 0.108285 0.0495426
2 0.376834 0.38661 0.0937124 0.0566574
2 0.208492 0.320177 0.0554582 0.0254422
2 0.0958639 0.351652 0.0768915 0.0339155
7 0.478847 0.307998 0.0832763 0.0521566
2 0.3014 0.305225 0.0443729 0.0211741
2 0.667302 0.337477 0.0700723 0.0335126
3 0.0234185 0.376339 0.0288661 0.0250746
2 0.415574 0.347385 0.0799837 0.0455002
2 0.469485 0.334131 0.0569255 0.0276347
7 0.758568 0.521072 0.21188 0.173199
0 0.0233212 0.359144 0.0321154 0.0193163
2 0.0826136 0.904882 0.16352 0.188905
2 0.463593 0.647555 0.231647 0.147148
2 0.503945 0.445414 0.123927 0.0575239
2 0.67792 0.421757 0.113979 0.0633997
2 0.519252 0.361066 0.0788969 0.0386683
7 0.29842 0.428086 0.152555 0.104619
2 0.14851 0.376762 0.0942557 0.0402753
2 0.670464 0.378633 0.0929967 0.0361175
2 0.211072 0.349806 0.0754647 0.0328928
2 0.497506 0.408652 0.108285 0.0495426
2 0.376834 0.38661 0.0937124 0.0566574
2 0.208492 0.320177 0.0554582 0.0254422
2 0.0958639 0.351652 0.0768915 0.0339155
7 0.478847 0.307998 0.0832763 0.0521566
2 0.3014 0.305225 0.0443729 0.0211741
2 0.667302 0.337477 0.0700723 0.0335126
3 0.0234185 0.376339 0.0288661 0.0250746
2 0.415574 0.347385 0.0799837 0.0455002
2 0.469485 0.334131 0.0569255 0.0276347
7 0.758568 0.521072 0.21188 0.173199
0 0.0233212 0.359144 0.0321154 0.0193163
