7 0.159772 0.65625 0.317596 0.255561
2 0.751744 0.695445 0.229534 0.115442
2 0.0806544 0.937767 0.160008 0.124046
2 0.41633 0.373611 0.0785687 0.0384472
5 0.813038 0.339554 0.0889589 0.0603446
2 0.664384 0.366315 0.0645957 0.0311894
2 0.18786 0.377277 0.0760746 0.0339026
2 0.572956 0.337336 0.0497632 0.0236638
2 0.513476 0.406306 0.102552 0.0578003
2 0.300816 0.343721 0.054101 0.0273187
2 0.4825 0.334878 0.04661 0.0215297
2 0.666129 0.34297 0.0585487 0.0320193
2 0.264591 0.330277 0.0360536 0.0213789
5 0.906444 0.322099 0.0723009 0.0441256
0 0.177645 0.628616 0.0792168 0.0439188
2 0.483693 0.31868 0.0388602 0.0171575
2 0.449327 0.321709 0.0341882 0.0129291
2 0.545633 0.320916 0.0342625 0.0131286
5 0.969229 0.321514 0.0593035 0.0412672
2 0.341053 0.330611 0.0378654 0.0161193
2 0.625178 0.316366 0.0364245 0.0127302
5 0.893531 0.319641 0.0988332 0.0518187
7 0.159772 0.65625 0.317596 0.255561
2 0.751744 0.695445 0.229534 0.115442
2 0.0806544 0.937767 0.160008 0.124046
2 0.41633 0.373611 0.0785687 0.0384472
5 0.813038 0.339554 0.0889589 0.0603446
2 0.664384 0.366315 0.0645957 0.0311894
2 0.18786 0.377277 0.0760746 0.0339026
2 0.572956 0.337336 0.0497632 0.0236638
2 0.513476 0.406306 0.102552 0.0578003
2 0.300816 0.343721 0.054101 0.0273187
2 0.4825 0.334878 0.04661 0.0215297
2 0.666129 0.34297 0.0585487 0.0320193
2 0.264591 0.330277 0.0360536 0.0213789
5 0.906444 0.322099 0.0723009 0.0441256
0 0.177645 0.628616 0.0792168 0.0439188
2 0.483693 0.31868 0.0388602 0.0171575
2 0.449327 0.321709 0.0341882 0.0129291
2 0.545633 0.320916 0.0342625 0.0131286
5 0.969229 0.321514 0.0593035 0.0412672
2 0.341053 0.330611 0.0378654 0.0161193
2 0.625178 0.316366 0.0364245 0.0127302
5 0.893531 0.319641 0.0988332 0.0518187
7 0.159772 0.65625 0.317596 0.255561
2 0.751744 0.695445 0.229534 0.115442
2 0.0806544 0.937767 0.160008 0.124046
2 0.41633 0.373611 0.0785687 0.0384472
5 0.813038 0.339554 0.0889589 0.0603446
2 0.664384 0.366315 0.0645957 0.0311894
2 0.18786 0.377277 0.0760746 0.0339026
2 0.572956 0.337336 0.0497632 0.0236638
2 0.513476 0.406306 0.102552 0.0578003
2 0.300816 0.343721 0.054101 0.0273187
2 0.4825 0.334878 0.04661 0.0215297
2 0.666129 0.34297 0.0585487 0.0320193
2 0.264591 0.330277 0.0360536 0.0213789
5 0.906444 0.322099 0.0723009 0.0441256
0 0.177645 0.628616 0.0792168 0.0439188
2 0.483693 0.31868 0.0388602 0.0171575
2 0.449327 0.321709 0.0341882 0.0129291
2 0.545633 0.320916 0.0342625 0.0131286
5 0.969229 0.321514 0.0593035 0.0412672
2 0.341053 0.330611 0.0378654 0.0161193
2 0.625178 0.316366 0.0364245 0.0127302
5 0.893531 0.319641 0.0988332 0.0518187
7 0.159772 0.65625 0.317596 0.255561
2 0.751744 0.695445 0.229534 0.115442
2 0.0806544 0.937767 0.160008 0.124046
2 0.41633 0.373611 0.0785687 0.0384472
5 0.813038 0.339554 0.0889589 0.0603446
2 0.664384 0.366315 0.0645957 0.0311894
2 0.18786 0.377277 0.0760746 0.0339026
2 0.572956 0.337336 0.0497632 0.0236638
2 0.513476 0.406306 0.102552 0.0578003
2 0.300816 0.343721 0.054101 0.0273187
2 0.4825 0.334878 0.04661 0.0215297
2 0.666129 0.34297 0.0585487 0.0320193
2 0.264591 0.330277 0.0360536 0.0213789
5 0.906444 0.322099 0.0723009 0.0441256
0 0.177645 0.628616 0.0792168 0.0439188
2 0.483693 0.31868 0.0388602 0.0171575
2 0.449327 0.321709 0.0341882 0.0129291
2 0.545633 0.320916 0.0342625 0.0131286
5 0.969229 0.321514 0.0593035 0.0412672
2 0.341053 0.330611 0.0378654 0.0161193
2 0.625178 0.316366 0.0364245 0.0127302
5 0.893531 0.319641 0.0988332 0.0518187
7 0.159772 0.65625 0.317596 0.255561
2 0.751744 0.695445 0.229534 0.115442
2 0.0806544 0.937767 0.160008 0.124046
2 0.41633 0.373611 0.0785687 0.0384472
5 0.813038 0.339554 0.0889589 0.0603446
2 0.664384 0.366315 0.0645957 0.0311894
2 0.18786 0.377277 0.0760746 0.0339026
2 0.572956 0.337336 0.0497632 0.0236638
2 0.513476 0.406306 0.102552 0.0578003
2 0.300816 0.343721 0.054101 0.0273187
2 0.4825 0.334878 0.04661 0.0215297
2 0.666129 0.34297 0.0585487 0.0320193
2 0.264591 0.330277 0.0360536 0.0213789
5 0.906444 0.322099 0.0723009 0.0441256
0 0.177645 0.628616 0.0792168 0.0439188
2 0.483693 0.31868 0.0388602 0.0171575
2 0.449327 0.321709 0.0341882 0.0129291
2 0.545633 0.320916 0.0342625 0.0131286
5 0.969229 0.321514 0.0593035 0.0412672
2 0.341053 0.330611 0.0378654 0.0161193
2 0.625178 0.316366 0.0364245 0.0127302
5 0.893531 0.319641 0.0988332 0.0518187
