2 0.811569 0.671867 0.23753 0.149791
2 0.467339 0.660304 0.213942 0.113161
2 0.7289 0.521639 0.158248 0.0743711
2 0.453809 0.563043 0.170162 0.0920045
2 0.659856 0.409268 0.100798 0.0490387
2 0.470882 0.43804 0.108041 0.0579418
7 0.121065 0.653708 0.241572 0.215618
2 0.327846 0.413044 0.108366 0.0633636
2 0.245896 0.504343 0.155826 0.0923135
7 0.430773 0.345743 0.1119 0.068507
2 0.0736862 0.416976 0.111745 0.0463677
2 0.393767 0.383211 0.0803251 0.0376755
2 0.658286 0.374994 0.0803213 0.0383803
2 0.532199 0.341317 0.062459 0.0286509
2 0.12932 0.351283 0.0702089 0.0302059
2 0.259403 0.334017 0.0596077 0.0267565
2 0.325734 0.317519 0.0395144 0.0191629
2 0.566604 0.31052 0.0457896 0.0219361
2 0.614987 0.302211 0.0539417 0.0137241
2 0.35202 0.305556 0.0368899 0.0156573
2 0.811569 0.671867 0.23753 0.149791
2 0.467339 0.660304 0.213942 0.113161
2 0.7289 0.521639 0.158248 0.0743711
2 0.453809 0.563043 0.170162 0.0920045
2 0.659856 0.409268 0.100798 0.0490387
2 0.470882 0.43804 0.108041 0.0579418
7 0.121065 0.653708 0.241572 0.215618
2 0.327846 0.413044 0.108366 0.0633636
2 0.245896 0.504343 0.155826 0.0923135
7 0.430773 0.345743 0.1119 0.068507
2 0.0736862 0.416976 0.111745 0.0463677
2 0.393767 0.383211 0.0803251 0.0376755
2 0.658286 0.374994 0.0803213 0.0383803
2 0.532199 0.341317 0.062459 0.0286509
2 0.12932 0.351283 0.0702089 0.0302059
2 0.259403 0.334017 0.0596077 0.0267565
2 0.325734 0.317519 0.0395144 0.0191629
2 0.566604 0.31052 0.0457896 0.0219361
2 0.614987 0.302211 0.0539417 0.0137241
2 0.35202 0.305556 0.0368899 0.0156573
2 0.811569 0.671867 0.23753 0.149791
2 0.467339 0.660304 0.213942 0.113161
2 0.7289 0.521639 0.158248 0.0743711
2 0.453809 0.563043 0.170162 0.0920045
2 0.659856 0.409268 0.100798 0.0490387
2 0.470882 0.43804 0.108041 0.0579418
7 0.121065 0.653708 0.241572 0.215618
2 0.327846 0.413044 0.108366 0.0633636
2 0.245896 0.504343 0.155826 0.0923135
7 0.430773 0.345743 0.1119 0.068507
2 0.0736862 0.416976 0.111745 0.0463677
2 0.393767 0.383211 0.0803251 0.0376755
2 0.658286 0.374994 0.0803213 0.0383803
2 0.532199 0.341317 0.062459 0.0286509
2 0.12932 0.351283 0.0702089 0.0302059
2 0.259403 0.334017 0.0596077 0.0267565
2 0.325734 0.317519 0.0395144 0.0191629
2 0.566604 0.31052 0.0457896 0.0219361
2 0.614987 0.302211 0.0539417 0.0137241
2 0.35202 0.305556 0.0368899 0.0156573
2 0.811569 0.671867 0.23753 0.149791
2 0.467339 0.660304 0.213942 0.113161
2 0.7289 0.521639 0.158248 0.0743711
2 0.453809 0.563043 0.170162 0.0920045
2 0.659856 0.409268 0.100798 0.0490387
2 0.470882 0.43804 0.108041 0.0579418
7 0.121065 0.653708 0.241572 0.215618
2 0.327846 0.413044 0.108366 0.0633636
2 0.245896 0.504343 0.155826 0.0923135
7 0.430773 0.345743 0.1119 0.068507
2 0.0736862 0.416976 0.111745 0.0463677
2 0.393767 0.383211 0.0803251 0.0376755
2 0.658286 0.374994 0.0803213 0.0383803
2 0.532199 0.341317 0.062459 0.0286509
2 0.12932 0.351283 0.0702089 0.0302059
2 0.259403 0.334017 0.0596077 0.0267565
2 0.325734 0.317519 0.0395144 0.0191629
2 0.566604 0.31052 0.0457896 0.0219361
2 0.614987 0.302211 0.0539417 0.0137241
2 0.35202 0.305556 0.0368899 0.0156573
2 0.811569 0.671867 0.23753 0.149791
2 0.467339 0.660304 0.213942 0.113161
2 0.7289 0.521639 0.158248 0.0743711
2 0.453809 0.563043 0.170162 0.0920045
2 0.659856 0.409268 0.100798 0.0490387
2 0.470882 0.43804 0.108041 0.0579418
7 0.121065 0.653708 0.241572 0.215618
2 0.327846 0.413044 0.108366 0.0633636
2 0.245896 0.504343 0.155826 0.0923135
7 0.430773 0.345743 0.1119 0.068507
2 0.0736862 0.416976 0.111745 0.0463677
2 0.393767 0.383211 0.0803251 0.0376755
2 0.658286 0.374994 0.0803213 0.0383803
2 0.532199 0.341317 0.062459 0.0286509
2 0.12932 0.351283 0.0702089 0.0302059
2 0.259403 0.334017 0.0596077 0.0267565
2 0.325734 0.317519 0.0395144 0.0191629
2 0.566604 0.31052 0.0457896 0.0219361
2 0.614987 0.302211 0.0539417 0.0137241
2 0.35202 0.305556 0.0368899 0.0156573
2 0.811569 0.671867 0.23753 0.149791
2 0.467339 0.660304 0.213942 0.113161
2 0.7289 0.521639 0.158248 0.0743711
2 0.453809 0.563043 0.170162 0.0920045
2 0.659856 0.409268 0.100798 0.0490387
2 0.470882 0.43804 0.108041 0.0579418
7 0.121065 0.653708 0.241572 0.215618
2 0.327846 0.413044 0.108366 0.0633636
2 0.245896 0.504343 0.155826 0.0923135
7 0.430773 0.345743 0.1119 0.068507
2 0.0736862 0.416976 0.111745 0.0463677
2 0.393767 0.383211 0.0803251 0.0376755
2 0.658286 0.374994 0.0803213 0.0383803
2 0.532199 0.341317 0.062459 0.0286509
2 0.12932 0.351283 0.0702089 0.0302059
2 0.259403 0.334017 0.0596077 0.0267565
2 0.325734 0.317519 0.0395144 0.0191629
2 0.566604 0.31052 0.0457896 0.0219361
2 0.614987 0.302211 0.0539417 0.0137241
2 0.35202 0.305556 0.0368899 0.0156573
2 0.811569 0.671867 0.23753 0.149791
2 0.467339 0.660304 0.213942 0.113161
2 0.7289 0.521639 0.158248 0.0743711
2 0.453809 0.563043 0.170162 0.0920045
2 0.659856 0.409268 0.100798 0.0490387
2 0.470882 0.43804 0.108041 0.0579418
7 0.121065 0.653708 0.241572 0.215618
2 0.327846 0.413044 0.108366 0.0633636
2 0.245896 0.504343 0.155826 0.0923135
7 0.430773 0.345743 0.1119 0.068507
2 0.0736862 0.416976 0.111745 0.0463677
2 0.393767 0.383211 0.0803251 0.0376755
2 0.658286 0.374994 0.0803213 0.0383803
2 0.532199 0.341317 0.062459 0.0286509
2 0.12932 0.351283 0.0702089 0.0302059
2 0.259403 0.334017 0.0596077 0.0267565
2 0.325734 0.317519 0.0395144 0.0191629
2 0.566604 0.31052 0.0457896 0.0219361
2 0.614987 0.302211 0.0539417 0.0137241
2 0.35202 0.305556 0.0368899 0.0156573
2 0.811569 0.671867 0.23753 0.149791
2 0.467339 0.660304 0.213942 0.113161
2 0.7289 0.521639 0.158248 0.0743711
2 0.453809 0.563043 0.170162 0.0920045
2 0.659856 0.409268 0.100798 0.0490387
2 0.470882 0.43804 0.108041 0.0579418
7 0.121065 0.653708 0.241572 0.215618
2 0.327846 0.413044 0.108366 0.0633636
2 0.245896 0.504343 0.155826 0.0923135
7 0.430773 0.345743 0.1119 0.068507
2 0.0736862 0.416976 0.111745 0.0463677
2 0.393767 0.383211 0.0803251 0.0376755
2 0.658286 0.374994 0.0803213 0.0383803
2 0.532199 0.341317 0.062459 0.0286509
2 0.12932 0.351283 0.0702089 0.0302059
2 0.259403 0.334017 0.0596077 0.0267565
2 0.325734 0.317519 0.0395144 0.0191629
2 0.566604 0.31052 0.0457896 0.0219361
2 0.614987 0.302211 0.0539417 0.0137241
2 0.35202 0.305556 0.0368899 0.0156573
2 0.811569 0.671867 0.23753 0.149791
2 0.467339 0.660304 0.213942 0.113161
2 0.7289 0.521639 0.158248 0.0743711
2 0.453809 0.563043 0.170162 0.0920045
2 0.659856 0.409268 0.100798 0.0490387
2 0.470882 0.43804 0.108041 0.0579418
7 0.121065 0.653708 0.241572 0.215618
2 0.327846 0.413044 0.108366 0.0633636
2 0.245896 0.504343 0.155826 0.0923135
7 0.430773 0.345743 0.1119 0.068507
2 0.0736862 0.416976 0.111745 0.0463677
2 0.393767 0.383211 0.0803251 0.0376755
2 0.658286 0.374994 0.0803213 0.0383803
2 0.532199 0.341317 0.062459 0.0286509
2 0.12932 0.351283 0.0702089 0.0302059
2 0.259403 0.334017 0.0596077 0.0267565
2 0.325734 0.317519 0.0395144 0.0191629
2 0.566604 0.31052 0.0457896 0.0219361
2 0.614987 0.302211 0.0539417 0.0137241
2 0.35202 0.305556 0.0368899 0.0156573
2 0.811569 0.671867 0.23753 0.149791
2 0.467339 0.660304 0.213942 0.113161
2 0.7289 0.521639 0.158248 0.0743711
2 0.453809 0.563043 0.170162 0.0920045
2 0.659856 0.409268 0.100798 0.0490387
2 0.470882 0.43804 0.108041 0.0579418
7 0.121065 0.653708 0.241572 0.215618
2 0.327846 0.413044 0.108366 0.0633636
2 0.245896 0.504343 0.155826 0.0923135
7 0.430773 0.345743 0.1119 0.068507
2 0.0736862 0.416976 0.111745 0.0463677
2 0.393767 0.383211 0.0803251 0.0376755
2 0.658286 0.374994 0.0803213 0.0383803
2 0.532199 0.341317 0.062459 0.0286509
2 0.12932 0.351283 0.0702089 0.0302059
2 0.259403 0.334017 0.0596077 0.0267565
2 0.325734 0.317519 0.0395144 0.0191629
2 0.566604 0.31052 0.0457896 0.0219361
2 0.614987 0.302211 0.0539417 0.0137241
2 0.35202 0.305556 0.0368899 0.0156573
2 0.811569 0.671867 0.23753 0.149791
2 0.467339 0.660304 0.213942 0.113161
2 0.7289 0.521639 0.158248 0.0743711
2 0.453809 0.563043 0.170162 0.0920045
2 0.659856 0.409268 0.100798 0.0490387
2 0.470882 0.43804 0.108041 0.0579418
7 0.121065 0.653708 0.241572 0.215618
2 0.327846 0.413044 0.108366 0.0633636
2 0.245896 0.504343 0.155826 0.0923135
7 0.430773 0.345743 0.1119 0.068507
2 0.0736862 0.416976 0.111745 0.0463677
2 0.393767 0.383211 0.0803251 0.0376755
2 0.658286 0.374994 0.0803213 0.0383803
2 0.532199 0.341317 0.062459 0.0286509
2 0.12932 0.351283 0.0702089 0.0302059
2 0.259403 0.334017 0.0596077 0.0267565
2 0.325734 0.317519 0.0395144 0.0191629
2 0.566604 0.31052 0.0457896 0.0219361
2 0.614987 0.302211 0.0539417 0.0137241
2 0.35202 0.305556 0.0368899 0.0156573
2 0.811569 0.671867 0.23753 0.149791
2 0.467339 0.660304 0.213942 0.113161
2 0.7289 0.521639 0.158248 0.0743711
2 0.453809 0.563043 0.170162 0.0920045
2 0.659856 0.409268 0.100798 0.0490387
2 0.470882 0.43804 0.108041 0.0579418
7 0.121065 0.653708 0.241572 0.215618
2 0.327846 0.413044 0.108366 0.0633636
2 0.245896 0.504343 0.155826 0.0923135
7 0.430773 0.345743 0.1119 0.068507
2 0.0736862 0.416976 0.111745 0.0463677
2 0.393767 0.383211 0.0803251 0.0376755
2 0.658286 0.374994 0.0803213 0.0383803
2 0.532199 0.341317 0.062459 0.0286509
2 0.12932 0.351283 0.0702089 0.0302059
2 0.259403 0.334017 0.0596077 0.0267565
2 0.325734 0.317519 0.0395144 0.0191629
2 0.566604 0.31052 0.0457896 0.0219361
2 0.614987 0.302211 0.0539417 0.0137241
2 0.35202 0.305556 0.0368899 0.0156573
2 0.811097 0.671858 0.238775 0.149135
2 0.466995 0.660414 0.213732 0.112943
7 0.121112 0.653255 0.242092 0.214736
2 0.729984 0.522064 0.161049 0.0740341
2 0.452974 0.562987 0.16897 0.0914
2 0.244616 0.504569 0.157192 0.0915327
7 0.429702 0.346417 0.111151 0.0680185
2 0.470969 0.438638 0.10985 0.0562403
2 0.659642 0.409087 0.105261 0.0494795
2 0.0719711 0.417018 0.11235 0.0471337
2 0.324403 0.412783 0.111333 0.0632248
2 0.657998 0.374781 0.0814847 0.0378625
2 0.390026 0.383552 0.0872231 0.0387534
2 0.531636 0.341222 0.0657649 0.0286778
2 0.811097 0.671858 0.238775 0.149135
2 0.466995 0.660414 0.213732 0.112943
7 0.121112 0.653255 0.242092 0.214736
2 0.729984 0.522064 0.161049 0.0740341
2 0.452974 0.562987 0.16897 0.0914
2 0.244616 0.504569 0.157192 0.0915327
7 0.429702 0.346417 0.111151 0.0680185
2 0.470969 0.438638 0.10985 0.0562403
2 0.659642 0.409087 0.105261 0.0494795
2 0.0719711 0.417018 0.11235 0.0471337
2 0.324403 0.412783 0.111333 0.0632248
2 0.657998 0.374781 0.0814847 0.0378625
2 0.390026 0.383552 0.0872231 0.0387534
2 0.531636 0.341222 0.0657649 0.0286778
2 0.811097 0.671858 0.238775 0.149135
2 0.466995 0.660414 0.213732 0.112943
7 0.121112 0.653255 0.242092 0.214736
2 0.729984 0.522064 0.161049 0.0740341
2 0.452974 0.562987 0.16897 0.0914
2 0.244616 0.504569 0.157192 0.0915327
7 0.429702 0.346417 0.111151 0.0680185
2 0.470969 0.438638 0.10985 0.0562403
2 0.659642 0.409087 0.105261 0.0494795
2 0.0719711 0.417018 0.11235 0.0471337
2 0.324403 0.412783 0.111333 0.0632248
2 0.657998 0.374781 0.0814847 0.0378625
2 0.390026 0.383552 0.0872231 0.0387534
2 0.531636 0.341222 0.0657649 0.0286778
2 0.811097 0.671858 0.238775 0.149135
2 0.466995 0.660414 0.213732 0.112943
7 0.121112 0.653255 0.242092 0.214736
2 0.729984 0.522064 0.161049 0.0740341
2 0.452974 0.562987 0.16897 0.0914
2 0.244616 0.504569 0.157192 0.0915327
7 0.429702 0.346417 0.111151 0.0680185
2 0.470969 0.438638 0.10985 0.0562403
2 0.659642 0.409087 0.105261 0.0494795
2 0.0719711 0.417018 0.11235 0.0471337
2 0.324403 0.412783 0.111333 0.0632248
2 0.657998 0.374781 0.0814847 0.0378625
2 0.390026 0.383552 0.0872231 0.0387534
2 0.531636 0.341222 0.0657649 0.0286778
2 0.811097 0.671858 0.238775 0.149135
2 0.466995 0.660414 0.213732 0.112943
7 0.121112 0.653255 0.242092 0.214736
2 0.729984 0.522064 0.161049 0.0740341
2 0.452974 0.562987 0.16897 0.0914
2 0.244616 0.504569 0.157192 0.0915327
7 0.429702 0.346417 0.111151 0.0680185
2 0.470969 0.438638 0.10985 0.0562403
2 0.659642 0.409087 0.105261 0.0494795
2 0.0719711 0.417018 0.11235 0.0471337
2 0.324403 0.412783 0.111333 0.0632248
2 0.657998 0.374781 0.0814847 0.0378625
2 0.390026 0.383552 0.0872231 0.0387534
2 0.531636 0.341222 0.0657649 0.0286778
2 0.811097 0.671858 0.238775 0.149135
2 0.466995 0.660414 0.213732 0.112943
7 0.121112 0.653255 0.242092 0.214736
2 0.729984 0.522064 0.161049 0.0740341
2 0.452974 0.562987 0.16897 0.0914
2 0.244616 0.504569 0.157192 0.0915327
7 0.429702 0.346417 0.111151 0.0680185
2 0.470969 0.438638 0.10985 0.0562403
2 0.659642 0.409087 0.105261 0.0494795
2 0.0719711 0.417018 0.11235 0.0471337
2 0.324403 0.412783 0.111333 0.0632248
2 0.657998 0.374781 0.0814847 0.0378625
2 0.390026 0.383552 0.0872231 0.0387534
2 0.531636 0.341222 0.0657649 0.0286778
2 0.811097 0.671858 0.238775 0.149135
2 0.466995 0.660414 0.213732 0.112943
7 0.121112 0.653255 0.242092 0.214736
2 0.729984 0.522064 0.161049 0.0740341
2 0.452974 0.562987 0.16897 0.0914
2 0.244616 0.504569 0.157192 0.0915327
7 0.429702 0.346417 0.111151 0.0680185
2 0.470969 0.438638 0.10985 0.0562403
2 0.659642 0.409087 0.105261 0.0494795
2 0.0719711 0.417018 0.11235 0.0471337
2 0.324403 0.412783 0.111333 0.0632248
2 0.657998 0.374781 0.0814847 0.0378625
2 0.390026 0.383552 0.0872231 0.0387534
2 0.531636 0.341222 0.0657649 0.0286778
2 0.811097 0.671858 0.238775 0.149135
2 0.466995 0.660414 0.213732 0.112943
7 0.121112 0.653255 0.242092 0.214736
2 0.729984 0.522064 0.161049 0.0740341
2 0.452974 0.562987 0.16897 0.0914
2 0.244616 0.504569 0.157192 0.0915327
7 0.429702 0.346417 0.111151 0.0680185
2 0.470969 0.438638 0.10985 0.0562403
2 0.659642 0.409087 0.105261 0.0494795
2 0.0719711 0.417018 0.11235 0.0471337
2 0.324403 0.412783 0.111333 0.0632248
2 0.657998 0.374781 0.0814847 0.0378625
2 0.390026 0.383552 0.0872231 0.0387534
2 0.531636 0.341222 0.0657649 0.0286778
2 0.129271 0.350721 0.0702005 0.0305154
2 0.259851 0.333968 0.0579943 0.0272449
2 0.325157 0.31649 0.0403536 0.0194398
2 0.565445 0.309593 0.046583 0.0246653
