2 0.890407 0.824665 0.21804 0.177884
2 0.443553 0.645594 0.212932 0.110343
2 0.127754 0.638572 0.205266 0.107742
2 0.230494 0.534194 0.153668 0.0751345
2 0.442676 0.506388 0.167509 0.0966148
2 0.603621 0.407565 0.099281 0.0474037
2 0.522342 0.375812 0.0813104 0.0363524
2 0.372605 0.365493 0.0786346 0.0370874
2 0.651931 0.348837 0.0742469 0.0424667
2 0.693417 0.507198 0.166164 0.104694
2 0.243513 0.338318 0.066593 0.0319163
2 0.195162 0.331713 0.0553683 0.0284754
2 0.430714 0.33075 0.0606509 0.0323843
2 0.0956969 0.344346 0.0680046 0.0278086
2 0.334385 0.304755 0.0386224 0.0196221
3 0.281716 0.447569 0.037116 0.0371386
5 0.26644 0.301273 0.0538881 0.0356989
2 0.625329 0.311605 0.0559867 0.0275913
5 0.535174 0.336372 0.0754793 0.0562667
0 0.282041 0.434122 0.0436473 0.0471727
0 0.282537 0.427688 0.0421807 0.0337397
2 0.48834 0.310916 0.0413271 0.0223804
7 0.534892 0.335979 0.0763976 0.0549522
7 0.266473 0.30115 0.053653 0.035473
7 0.438008 0.29902 0.0389722 0.0251784
2 0.890407 0.824665 0.21804 0.177884
2 0.443553 0.645594 0.212932 0.110343
2 0.127754 0.638572 0.205266 0.107742
2 0.230494 0.534194 0.153668 0.0751345
2 0.442676 0.506388 0.167509 0.0966148
2 0.603621 0.407565 0.099281 0.0474037
2 0.522342 0.375812 0.0813104 0.0363524
2 0.372605 0.365493 0.0786346 0.0370874
2 0.651931 0.348837 0.0742469 0.0424667
2 0.693417 0.507198 0.166164 0.104694
2 0.243513 0.338318 0.066593 0.0319163
2 0.195162 0.331713 0.0553683 0.0284754
2 0.430714 0.33075 0.0606509 0.0323843
2 0.0956969 0.344346 0.0680046 0.0278086
2 0.334385 0.304755 0.0386224 0.0196221
3 0.281716 0.447569 0.037116 0.0371386
5 0.26644 0.301273 0.0538881 0.0356989
2 0.625329 0.311605 0.0559867 0.0275913
5 0.535174 0.336372 0.0754793 0.0562667
0 0.282041 0.434122 0.0436473 0.0471727
0 0.282537 0.427688 0.0421807 0.0337397
2 0.48834 0.310916 0.0413271 0.0223804
7 0.534892 0.335979 0.0763976 0.0549522
7 0.266473 0.30115 0.053653 0.035473
7 0.438008 0.29902 0.0389722 0.0251784
2 0.890407 0.824665 0.21804 0.177884
2 0.443553 0.645594 0.212932 0.110343
2 0.127754 0.638572 0.205266 0.107742
2 0.230494 0.534194 0.153668 0.0751345
2 0.442676 0.506388 0.167509 0.0966148
2 0.603621 0.407565 0.099281 0.0474037
2 0.522342 0.375812 0.0813104 0.0363524
2 0.372605 0.365493 0.0786346 0.0370874
2 0.651931 0.348837 0.0742469 0.0424667
2 0.693417 0.507198 0.166164 0.104694
2 0.243513 0.338318 0.066593 0.0319163
2 0.195162 0.331713 0.0553683 0.0284754
2 0.430714 0.33075 0.0606509 0.0323843
2 0.0956969 0.344346 0.0680046 0.0278086
2 0.334385 0.304755 0.0386224 0.0196221
3 0.281716 0.447569 0.037116 0.0371386
5 0.26644 0.301273 0.0538881 0.0356989
2 0.625329 0.311605 0.0559867 0.0275913
5 0.535174 0.336372 0.0754793 0.0562667
0 0.282041 0.434122 0.0436473 0.0471727
0 0.282537 0.427688 0.0421807 0.0337397
2 0.48834 0.310916 0.0413271 0.0223804
7 0.534892 0.335979 0.0763976 0.0549522
7 0.266473 0.30115 0.053653 0.035473
7 0.438008 0.29902 0.0389722 0.0251784
2 0.890407 0.824665 0.21804 0.177884
2 0.443553 0.645594 0.212932 0.110343
2 0.127754 0.638572 0.205266 0.107742
2 0.230494 0.534194 0.153668 0.0751345
2 0.442676 0.506388 0.167509 0.0966148
2 0.603621 0.407565 0.099281 0.0474037
2 0.522342 0.375812 0.0813104 0.0363524
2 0.372605 0.365493 0.0786346 0.0370874
2 0.651931 0.348837 0.0742469 0.0424667
2 0.693417 0.507198 0.166164 0.104694
2 0.243513 0.338318 0.066593 0.0319163
2 0.195162 0.331713 0.0553683 0.0284754
2 0.430714 0.33075 0.0606509 0.0323843
2 0.0956969 0.344346 0.0680046 0.0278086
2 0.334385 0.304755 0.0386224 0.0196221
3 0.281716 0.447569 0.037116 0.0371386
5 0.26644 0.301273 0.0538881 0.0356989
2 0.625329 0.311605 0.0559867 0.0275913
5 0.535174 0.336372 0.0754793 0.0562667
0 0.282041 0.434122 0.0436473 0.0471727
0 0.282537 0.427688 0.0421807 0.0337397
2 0.48834 0.310916 0.0413271 0.0223804
7 0.534892 0.335979 0.0763976 0.0549522
7 0.266473 0.30115 0.053653 0.035473
7 0.438008 0.29902 0.0389722 0.0251784
2 0.890407 0.824665 0.21804 0.177884
2 0.443553 0.645594 0.212932 0.110343
2 0.127754 0.638572 0.205266 0.107742
2 0.230494 0.534194 0.153668 0.0751345
2 0.442676 0.506388 0.167509 0.0966148
2 0.603621 0.407565 0.099281 0.0474037
2 0.522342 0.375812 0.0813104 0.0363524
2 0.372605 0.365493 0.0786346 0.0370874
2 0.651931 0.348837 0.0742469 0.0424667
2 0.693417 0.507198 0.166164 0.104694
2 0.243513 0.338318 0.066593 0.0319163
2 0.195162 0.331713 0.0553683 0.0284754
2 0.430714 0.33075 0.0606509 0.0323843
2 0.0956969 0.344346 0.0680046 0.0278086
2 0.334385 0.304755 0.0386224 0.0196221
3 0.281716 0.447569 0.037116 0.0371386
5 0.26644 0.301273 0.0538881 0.0356989
2 0.625329 0.311605 0.0559867 0.0275913
5 0.535174 0.336372 0.0754793 0.0562667
0 0.282041 0.434122 0.0436473 0.0471727
0 0.282537 0.427688 0.0421807 0.0337397
2 0.48834 0.310916 0.0413271 0.0223804
7 0.534892 0.335979 0.0763976 0.0549522
7 0.266473 0.30115 0.053653 0.035473
7 0.438008 0.29902 0.0389722 0.0251784
2 0.890407 0.824665 0.21804 0.177884
2 0.443553 0.645594 0.212932 0.110343
2 0.127754 0.638572 0.205266 0.107742
2 0.230494 0.534194 0.153668 0.0751345
2 0.442676 0.506388 0.167509 0.0966148
2 0.603621 0.407565 0.099281 0.0474037
2 0.522342 0.375812 0.0813104 0.0363524
2 0.372605 0.365493 0.0786346 0.0370874
2 0.651931 0.348837 0.0742469 0.0424667
2 0.693417 0.507198 0.166164 0.104694
2 0.243513 0.338318 0.066593 0.0319163
2 0.195162 0.331713 0.0553683 0.0284754
2 0.430714 0.33075 0.0606509 0.0323843
2 0.0956969 0.344346 0.0680046 0.0278086
2 0.334385 0.304755 0.0386224 0.0196221
3 0.281716 0.447569 0.037116 0.0371386
5 0.26644 0.301273 0.0538881 0.0356989
2 0.625329 0.311605 0.0559867 0.0275913
5 0.535174 0.336372 0.0754793 0.0562667
0 0.282041 0.434122 0.0436473 0.0471727
0 0.282537 0.427688 0.0421807 0.0337397
2 0.48834 0.310916 0.0413271 0.0223804
7 0.534892 0.335979 0.0763976 0.0549522
7 0.266473 0.30115 0.053653 0.035473
7 0.438008 0.29902 0.0389722 0.0251784
2 0.890407 0.824665 0.21804 0.177884
2 0.443553 0.645594 0.212932 0.110343
2 0.127754 0.638572 0.205266 0.107742
2 0.230494 0.534194 0.153668 0.0751345
2 0.442676 0.506388 0.167509 0.0966148
2 0.603621 0.407565 0.099281 0.0474037
2 0.522342 0.375812 0.0813104 0.0363524
2 0.372605 0.365493 0.0786346 0.0370874
2 0.651931 0.348837 0.0742469 0.0424667
2 0.693417 0.507198 0.166164 0.104694
2 0.243513 0.338318 0.066593 0.0319163
2 0.195162 0.331713 0.0553683 0.0284754
2 0.430714 0.33075 0.0606509 0.0323843
2 0.0956969 0.344346 0.0680046 0.0278086
2 0.334385 0.304755 0.0386224 0.0196221
3 0.281716 0.447569 0.037116 0.0371386
5 0.26644 0.301273 0.0538881 0.0356989
2 0.625329 0.311605 0.0559867 0.0275913
5 0.535174 0.336372 0.0754793 0.0562667
0 0.282041 0.434122 0.0436473 0.0471727
0 0.282537 0.427688 0.0421807 0.0337397
2 0.48834 0.310916 0.0413271 0.0223804
7 0.534892 0.335979 0.0763976 0.0549522
7 0.266473 0.30115 0.053653 0.035473
7 0.438008 0.29902 0.0389722 0.0251784
2 0.890407 0.824665 0.21804 0.177884
2 0.443553 0.645594 0.212932 0.110343
2 0.127754 0.638572 0.205266 0.107742
2 0.230494 0.534194 0.153668 0.0751345
2 0.442676 0.506388 0.167509 0.0966148
2 0.603621 0.407565 0.099281 0.0474037
2 0.522342 0.375812 0.0813104 0.0363524
2 0.372605 0.365493 0.0786346 0.0370874
2 0.651931 0.348837 0.0742469 0.0424667
2 0.693417 0.507198 0.166164 0.104694
2 0.243513 0.338318 0.066593 0.0319163
2 0.195162 0.331713 0.0553683 0.0284754
2 0.430714 0.33075 0.0606509 0.0323843
2 0.0956969 0.344346 0.0680046 0.0278086
2 0.334385 0.304755 0.0386224 0.0196221
3 0.281716 0.447569 0.037116 0.0371386
5 0.26644 0.301273 0.0538881 0.0356989
2 0.625329 0.311605 0.0559867 0.0275913
5 0.535174 0.336372 0.0754793 0.0562667
0 0.282041 0.434122 0.0436473 0.0471727
0 0.282537 0.427688 0.0421807 0.0337397
2 0.48834 0.310916 0.0413271 0.0223804
7 0.534892 0.335979 0.0763976 0.0549522
7 0.266473 0.30115 0.053653 0.035473
7 0.438008 0.29902 0.0389722 0.0251784
2 0.890407 0.824665 0.21804 0.177884
2 0.443553 0.645594 0.212932 0.110343
2 0.127754 0.638572 0.205266 0.107742
2 0.230494 0.534194 0.153668 0.0751345
2 0.442676 0.506388 0.167509 0.0966148
2 0.603621 0.407565 0.099281 0.0474037
2 0.522342 0.375812 0.0813104 0.0363524
2 0.372605 0.365493 0.0786346 0.0370874
2 0.651931 0.348837 0.0742469 0.0424667
2 0.693417 0.507198 0.166164 0.104694
2 0.243513 0.338318 0.066593 0.0319163
2 0.195162 0.331713 0.0553683 0.0284754
2 0.430714 0.33075 0.0606509 0.0323843
2 0.0956969 0.344346 0.0680046 0.0278086
2 0.334385 0.304755 0.0386224 0.0196221
3 0.281716 0.447569 0.037116 0.0371386
5 0.26644 0.301273 0.0538881 0.0356989
2 0.625329 0.311605 0.0559867 0.0275913
5 0.535174 0.336372 0.0754793 0.0562667
0 0.282041 0.434122 0.0436473 0.0471727
0 0.282537 0.427688 0.0421807 0.0337397
2 0.48834 0.310916 0.0413271 0.0223804
7 0.534892 0.335979 0.0763976 0.0549522
7 0.266473 0.30115 0.053653 0.035473
7 0.438008 0.29902 0.0389722 0.0251784
2 0.890407 0.824665 0.21804 0.177884
2 0.443553 0.645594 0.212932 0.110343
2 0.127754 0.638572 0.205266 0.107742
2 0.230494 0.534194 0.153668 0.0751345
2 0.442676 0.506388 0.167509 0.0966148
2 0.603621 0.407565 0.099281 0.0474037
2 0.522342 0.375812 0.0813104 0.0363524
2 0.372605 0.365493 0.0786346 0.0370874
2 0.651931 0.348837 0.0742469 0.0424667
2 0.693417 0.507198 0.166164 0.104694
2 0.243513 0.338318 0.066593 0.0319163
2 0.195162 0.331713 0.0553683 0.0284754
2 0.430714 0.33075 0.0606509 0.0323843
2 0.0956969 0.344346 0.0680046 0.0278086
2 0.334385 0.304755 0.0386224 0.0196221
3 0.281716 0.447569 0.037116 0.0371386
5 0.26644 0.301273 0.0538881 0.0356989
2 0.625329 0.311605 0.0559867 0.0275913
5 0.535174 0.336372 0.0754793 0.0562667
0 0.282041 0.434122 0.0436473 0.0471727
0 0.282537 0.427688 0.0421807 0.0337397
2 0.48834 0.310916 0.0413271 0.0223804
7 0.534892 0.335979 0.0763976 0.0549522
7 0.266473 0.30115 0.053653 0.035473
7 0.438008 0.29902 0.0389722 0.0251784
2 0.890407 0.824665 0.21804 0.177884
2 0.443553 0.645594 0.212932 0.110343
2 0.127754 0.638572 0.205266 0.107742
2 0.230494 0.534194 0.153668 0.0751345
2 0.442676 0.506388 0.167509 0.0966148
2 0.603621 0.407565 0.099281 0.0474037
2 0.522342 0.375812 0.0813104 0.0363524
2 0.372605 0.365493 0.0786346 0.0370874
2 0.651931 0.348837 0.0742469 0.0424667
2 0.693417 0.507198 0.166164 0.104694
2 0.243513 0.338318 0.066593 0.0319163
2 0.195162 0.331713 0.0553683 0.0284754
2 0.430714 0.33075 0.0606509 0.0323843
2 0.0956969 0.344346 0.0680046 0.0278086
2 0.334385 0.304755 0.0386224 0.0196221
3 0.281716 0.447569 0.037116 0.0371386
5 0.26644 0.301273 0.0538881 0.0356989
2 0.625329 0.311605 0.0559867 0.0275913
5 0.535174 0.336372 0.0754793 0.0562667
0 0.282041 0.434122 0.0436473 0.0471727
0 0.282537 0.427688 0.0421807 0.0337397
2 0.48834 0.310916 0.0413271 0.0223804
7 0.534892 0.335979 0.0763976 0.0549522
7 0.266473 0.30115 0.053653 0.035473
7 0.438008 0.29902 0.0389722 0.0251784
2 0.890407 0.824665 0.21804 0.177884
2 0.443553 0.645594 0.212932 0.110343
2 0.127754 0.638572 0.205266 0.107742
2 0.230494 0.534194 0.153668 0.0751345
2 0.442676 0.506388 0.167509 0.0966148
2 0.603621 0.407565 0.099281 0.0474037
2 0.522342 0.375812 0.0813104 0.0363524
2 0.372605 0.365493 0.0786346 0.0370874
2 0.651931 0.348837 0.0742469 0.0424667
2 0.693417 0.507198 0.166164 0.104694
2 0.243513 0.338318 0.066593 0.0319163
2 0.195162 0.331713 0.0553683 0.0284754
2 0.430714 0.33075 0.0606509 0.0323843
2 0.0956969 0.344346 0.0680046 0.0278086
2 0.334385 0.304755 0.0386224 0.0196221
3 0.281716 0.447569 0.037116 0.0371386
5 0.26644 0.301273 0.0538881 0.0356989
2 0.625329 0.311605 0.0559867 0.0275913
5 0.535174 0.336372 0.0754793 0.0562667
0 0.282041 0.434122 0.0436473 0.0471727
0 0.282537 0.427688 0.0421807 0.0337397
2 0.48834 0.310916 0.0413271 0.0223804
7 0.534892 0.335979 0.0763976 0.0549522
7 0.266473 0.30115 0.053653 0.035473
7 0.438008 0.29902 0.0389722 0.0251784
2 0.889908 0.825939 0.219329 0.179636
2 0.443442 0.64605 0.211843 0.110879
2 0.12521 0.638458 0.210699 0.10836
2 0.229241 0.534902 0.155467 0.0741143
2 0.443234 0.506443 0.166836 0.0966486
2 0.602739 0.408063 0.104754 0.04808
2 0.52206 0.375374 0.0825411 0.0378738
2 0.373195 0.365248 0.0794022 0.0379671
2 0.693896 0.507215 0.165339 0.104181
3 0.281169 0.447847 0.0412716 0.0370272
0 0.281445 0.432926 0.0470735 0.0439636
2 0.431962 0.330836 0.0590254 0.0319122
2 0.242445 0.339056 0.0670101 0.0315999
7 0.534693 0.336282 0.0853433 0.0578045
2 0.0952841 0.343941 0.0697848 0.0286547
2 0.194609 0.331674 0.0559457 0.0291504
2 0.651866 0.348142 0.0736584 0.043255
2 0.889908 0.825939 0.219329 0.179636
2 0.443442 0.64605 0.211843 0.110879
2 0.12521 0.638458 0.210699 0.10836
2 0.229241 0.534902 0.155467 0.0741143
2 0.443234 0.506443 0.166836 0.0966486
2 0.602739 0.408063 0.104754 0.04808
2 0.52206 0.375374 0.0825411 0.0378738
2 0.373195 0.365248 0.0794022 0.0379671
2 0.693896 0.507215 0.165339 0.104181
3 0.281169 0.447847 0.0412716 0.0370272
0 0.281445 0.432926 0.0470735 0.0439636
2 0.431962 0.330836 0.0590254 0.0319122
2 0.242445 0.339056 0.0670101 0.0315999
7 0.534693 0.336282 0.0853433 0.0578045
2 0.0952841 0.343941 0.0697848 0.0286547
2 0.194609 0.331674 0.0559457 0.0291504
2 0.651866 0.348142 0.0736584 0.043255
