5 0.122199 0.324144 0.147206 0.074568
2 0.45079 0.515872 0.160433 0.0825048
2 0.172945 0.608324 0.215902 0.132294
2 0.435645 0.349988 0.0784587 0.0333274
2 0.348039 0.437293 0.117343 0.0575657
2 0.521369 0.404571 0.107451 0.0515503
2 0.713162 0.492285 0.163361 0.0942574
3 0.492189 0.807996 0.136299 0.107145
0 0.49298 0.741057 0.111073 0.0598816
2 0.701508 0.345674 0.0743886 0.0336085
2 0.569519 0.342636 0.0743863 0.0419935
2 0.601005 0.318535 0.0582488 0.025965
2 0.281754 0.328234 0.0735197 0.0379849
2 0.536682 0.304755 0.0457191 0.0275449
5 0.689295 0.31061 0.0610111 0.0549812
2 0.355817 0.304643 0.0516149 0.0209138
2 0.486869 0.307912 0.0631122 0.0434283
7 0.486593 0.307569 0.0649045 0.0444041
2 0.486474 0.315204 0.0617936 0.0298552
5 0.539711 0.280085 0.0527678 0.0295196
7 0.688901 0.311546 0.0625114 0.0538982
2 0.311822 0.314006 0.0471563 0.0270561
5 0.122199 0.324144 0.147206 0.074568
2 0.45079 0.515872 0.160433 0.0825048
2 0.172945 0.608324 0.215902 0.132294
2 0.435645 0.349988 0.0784587 0.0333274
2 0.348039 0.437293 0.117343 0.0575657
2 0.521369 0.404571 0.107451 0.0515503
2 0.713162 0.492285 0.163361 0.0942574
3 0.492189 0.807996 0.136299 0.107145
0 0.49298 0.741057 0.111073 0.0598816
2 0.701508 0.345674 0.0743886 0.0336085
2 0.569519 0.342636 0.0743863 0.0419935
2 0.601005 0.318535 0.0582488 0.025965
2 0.281754 0.328234 0.0735197 0.0379849
2 0.536682 0.304755 0.0457191 0.0275449
5 0.689295 0.31061 0.0610111 0.0549812
2 0.355817 0.304643 0.0516149 0.0209138
2 0.486869 0.307912 0.0631122 0.0434283
7 0.486593 0.307569 0.0649045 0.0444041
2 0.486474 0.315204 0.0617936 0.0298552
5 0.539711 0.280085 0.0527678 0.0295196
7 0.688901 0.311546 0.0625114 0.0538982
2 0.311822 0.314006 0.0471563 0.0270561
5 0.122199 0.324144 0.147206 0.074568
2 0.45079 0.515872 0.160433 0.0825048
2 0.172945 0.608324 0.215902 0.132294
2 0.435645 0.349988 0.0784587 0.0333274
2 0.348039 0.437293 0.117343 0.0575657
2 0.521369 0.404571 0.107451 0.0515503
2 0.713162 0.492285 0.163361 0.0942574
3 0.492189 0.807996 0.136299 0.107145
0 0.49298 0.741057 0.111073 0.0598816
2 0.701508 0.345674 0.0743886 0.0336085
2 0.569519 0.342636 0.0743863 0.0419935
2 0.601005 0.318535 0.0582488 0.025965
2 0.281754 0.328234 0.0735197 0.0379849
2 0.536682 0.304755 0.0457191 0.0275449
5 0.689295 0.31061 0.0610111 0.0549812
2 0.355817 0.304643 0.0516149 0.0209138
2 0.486869 0.307912 0.0631122 0.0434283
7 0.486593 0.307569 0.0649045 0.0444041
2 0.486474 0.315204 0.0617936 0.0298552
5 0.539711 0.280085 0.0527678 0.0295196
7 0.688901 0.311546 0.0625114 0.0538982
2 0.311822 0.314006 0.0471563 0.0270561
5 0.122199 0.324144 0.147206 0.074568
2 0.45079 0.515872 0.160433 0.0825048
2 0.172945 0.608324 0.215902 0.132294
2 0.435645 0.349988 0.0784587 0.0333274
2 0.348039 0.437293 0.117343 0.0575657
2 0.521369 0.404571 0.107451 0.0515503
2 0.713162 0.492285 0.163361 0.0942574
3 0.492189 0.807996 0.136299 0.107145
0 0.49298 0.741057 0.111073 0.0598816
2 0.701508 0.345674 0.0743886 0.0336085
2 0.569519 0.342636 0.0743863 0.0419935
2 0.601005 0.318535 0.0582488 0.025965
2 0.281754 0.328234 0.0735197 0.0379849
2 0.536682 0.304755 0.0457191 0.0275449
5 0.689295 0.31061 0.0610111 0.0549812
2 0.355817 0.304643 0.0516149 0.0209138
2 0.486869 0.307912 0.0631122 0.0434283
7 0.486593 0.307569 0.0649045 0.0444041
2 0.486474 0.315204 0.0617936 0.0298552
5 0.539711 0.280085 0.0527678 0.0295196
7 0.688901 0.311546 0.0625114 0.0538982
2 0.311822 0.314006 0.0471563 0.0270561
5 0.122199 0.324144 0.147206 0.074568
2 0.45079 0.515872 0.160433 0.0825048
2 0.172945 0.608324 0.215902 0.132294
2 0.435645 0.349988 0.0784587 0.0333274
2 0.348039 0.437293 0.117343 0.0575657
2 0.521369 0.404571 0.107451 0.0515503
2 0.713162 0.492285 0.163361 0.0942574
3 0.492189 0.807996 0.136299 0.107145
0 0.49298 0.741057 0.111073 0.0598816
2 0.701508 0.345674 0.0743886 0.0336085
2 0.569519 0.342636 0.0743863 0.0419935
2 0.601005 0.318535 0.0582488 0.025965
2 0.281754 0.328234 0.0735197 0.0379849
2 0.536682 0.304755 0.0457191 0.0275449
5 0.689295 0.31061 0.0610111 0.0549812
2 0.355817 0.304643 0.0516149 0.0209138
2 0.486869 0.307912 0.0631122 0.0434283
7 0.486593 0.307569 0.0649045 0.0444041
2 0.486474 0.315204 0.0617936 0.0298552
5 0.539711 0.280085 0.0527678 0.0295196
7 0.688901 0.311546 0.0625114 0.0538982
2 0.311822 0.314006 0.0471563 0.0270561
5 0.122199 0.324144 0.147206 0.074568
2 0.45079 0.515872 0.160433 0.0825048
2 0.172945 0.608324 0.215902 0.132294
2 0.435645 0.349988 0.0784587 0.0333274
2 0.348039 0.437293 0.117343 0.0575657
2 0.521369 0.404571 0.107451 0.0515503
2 0.713162 0.492285 0.163361 0.0942574
3 0.492189 0.807996 0.136299 0.107145
0 0.49298 0.741057 0.111073 0.0598816
2 0.701508 0.345674 0.0743886 0.0336085
2 0.569519 0.342636 0.0743863 0.0419935
2 0.601005 0.318535 0.0582488 0.025965
2 0.281754 0.328234 0.0735197 0.0379849
2 0.536682 0.304755 0.0457191 0.0275449
5 0.689295 0.31061 0.0610111 0.0549812
2 0.355817 0.304643 0.0516149 0.0209138
2 0.486869 0.307912 0.0631122 0.0434283
7 0.486593 0.307569 0.0649045 0.0444041
2 0.486474 0.315204 0.0617936 0.0298552
5 0.539711 0.280085 0.0527678 0.0295196
7 0.688901 0.311546 0.0625114 0.0538982
2 0.311822 0.314006 0.0471563 0.0270561
5 0.122199 0.324144 0.147206 0.074568
2 0.45079 0.515872 0.160433 0.0825048
2 0.172945 0.608324 0.215902 0.132294
2 0.435645 0.349988 0.0784587 0.0333274
2 0.348039 0.437293 0.117343 0.0575657
2 0.521369 0.404571 0.107451 0.0515503
2 0.713162 0.492285 0.163361 0.0942574
3 0.492189 0.807996 0.136299 0.107145
0 0.49298 0.741057 0.111073 0.0598816
2 0.701508 0.345674 0.0743886 0.0336085
2 0.569519 0.342636 0.0743863 0.0419935
2 0.601005 0.318535 0.0582488 0.025965
2 0.281754 0.328234 0.0735197 0.0379849
2 0.536682 0.304755 0.0457191 0.0275449
5 0.689295 0.31061 0.0610111 0.0549812
2 0.355817 0.304643 0.0516149 0.0209138
2 0.486869 0.307912 0.0631122 0.0434283
7 0.486593 0.307569 0.0649045 0.0444041
2 0.486474 0.315204 0.0617936 0.0298552
5 0.539711 0.280085 0.0527678 0.0295196
7 0.688901 0.311546 0.0625114 0.0538982
2 0.311822 0.314006 0.0471563 0.0270561
5 0.122199 0.324144 0.147206 0.074568
2 0.45079 0.515872 0.160433 0.0825048
2 0.172945 0.608324 0.215902 0.132294
2 0.435645 0.349988 0.0784587 0.0333274
2 0.348039 0.437293 0.117343 0.0575657
2 0.521369 0.404571 0.107451 0.0515503
2 0.713162 0.492285 0.163361 0.0942574
3 0.492189 0.807996 0.136299 0.107145
0 0.49298 0.741057 0.111073 0.0598816
2 0.701508 0.345674 0.0743886 0.0336085
2 0.569519 0.342636 0.0743863 0.0419935
2 0.601005 0.318535 0.0582488 0.025965
2 0.281754 0.328234 0.0735197 0.0379849
2 0.536682 0.304755 0.0457191 0.0275449
5 0.689295 0.31061 0.0610111 0.0549812
2 0.355817 0.304643 0.0516149 0.0209138
2 0.486869 0.307912 0.0631122 0.0434283
7 0.486593 0.307569 0.0649045 0.0444041
2 0.486474 0.315204 0.0617936 0.0298552
5 0.539711 0.280085 0.0527678 0.0295196
7 0.688901 0.311546 0.0625114 0.0538982
2 0.311822 0.314006 0.0471563 0.0270561
5 0.122199 0.324144 0.147206 0.074568
2 0.45079 0.515872 0.160433 0.0825048
2 0.172945 0.608324 0.215902 0.132294
2 0.435645 0.349988 0.0784587 0.0333274
2 0.348039 0.437293 0.117343 0.0575657
2 0.521369 0.404571 0.107451 0.0515503
2 0.713162 0.492285 0.163361 0.0942574
3 0.492189 0.807996 0.136299 0.107145
0 0.49298 0.741057 0.111073 0.0598816
2 0.701508 0.345674 0.0743886 0.0336085
2 0.569519 0.342636 0.0743863 0.0419935
2 0.601005 0.318535 0.0582488 0.025965
2 0.281754 0.328234 0.0735197 0.0379849
2 0.536682 0.304755 0.0457191 0.0275449
5 0.689295 0.31061 0.0610111 0.0549812
2 0.355817 0.304643 0.0516149 0.0209138
2 0.486869 0.307912 0.0631122 0.0434283
7 0.486593 0.307569 0.0649045 0.0444041
2 0.486474 0.315204 0.0617936 0.0298552
5 0.539711 0.280085 0.0527678 0.0295196
7 0.688901 0.311546 0.0625114 0.0538982
2 0.311822 0.314006 0.0471563 0.0270561
5 0.122199 0.324144 0.147206 0.074568
2 0.45079 0.515872 0.160433 0.0825048
2 0.172945 0.608324 0.215902 0.132294
2 0.435645 0.349988 0.0784587 0.0333274
2 0.348039 0.437293 0.117343 0.0575657
2 0.521369 0.404571 0.107451 0.0515503
2 0.713162 0.492285 0.163361 0.0942574
3 0.492189 0.807996 0.136299 0.107145
0 0.49298 0.741057 0.111073 0.0598816
2 0.701508 0.345674 0.0743886 0.0336085
2 0.569519 0.342636 0.0743863 0.0419935
2 0.601005 0.318535 0.0582488 0.025965
2 0.281754 0.328234 0.0735197 0.0379849
2 0.536682 0.304755 0.0457191 0.0275449
5 0.689295 0.31061 0.0610111 0.0549812
2 0.355817 0.304643 0.0516149 0.0209138
2 0.486869 0.307912 0.0631122 0.0434283
7 0.486593 0.307569 0.0649045 0.0444041
2 0.486474 0.315204 0.0617936 0.0298552
5 0.539711 0.280085 0.0527678 0.0295196
7 0.688901 0.311546 0.0625114 0.0538982
2 0.311822 0.314006 0.0471563 0.0270561
5 0.122199 0.324144 0.147206 0.074568
2 0.45079 0.515872 0.160433 0.0825048
2 0.172945 0.608324 0.215902 0.132294
2 0.435645 0.349988 0.0784587 0.0333274
2 0.348039 0.437293 0.117343 0.0575657
2 0.521369 0.404571 0.107451 0.0515503
2 0.713162 0.492285 0.163361 0.0942574
3 0.492189 0.807996 0.136299 0.107145
0 0.49298 0.741057 0.111073 0.0598816
2 0.701508 0.345674 0.0743886 0.0336085
2 0.569519 0.342636 0.0743863 0.0419935
2 0.601005 0.318535 0.0582488 0.025965
2 0.281754 0.328234 0.0735197 0.0379849
2 0.536682 0.304755 0.0457191 0.0275449
5 0.689295 0.31061 0.0610111 0.0549812
2 0.355817 0.304643 0.0516149 0.0209138
2 0.486869 0.307912 0.0631122 0.0434283
7 0.486593 0.307569 0.0649045 0.0444041
2 0.486474 0.315204 0.0617936 0.0298552
5 0.539711 0.280085 0.0527678 0.0295196
7 0.688901 0.311546 0.0625114 0.0538982
2 0.311822 0.314006 0.0471563 0.0270561
5 0.122199 0.324144 0.147206 0.074568
2 0.45079 0.515872 0.160433 0.0825048
2 0.172945 0.608324 0.215902 0.132294
2 0.435645 0.349988 0.0784587 0.0333274
2 0.348039 0.437293 0.117343 0.0575657
2 0.521369 0.404571 0.107451 0.0515503
2 0.713162 0.492285 0.163361 0.0942574
3 0.492189 0.807996 0.136299 0.107145
0 0.49298 0.741057 0.111073 0.0598816
2 0.701508 0.345674 0.0743886 0.0336085
2 0.569519 0.342636 0.0743863 0.0419935
2 0.601005 0.318535 0.0582488 0.025965
2 0.281754 0.328234 0.0735197 0.0379849
2 0.536682 0.304755 0.0457191 0.0275449
5 0.689295 0.31061 0.0610111 0.0549812
2 0.355817 0.304643 0.0516149 0.0209138
2 0.486869 0.307912 0.0631122 0.0434283
7 0.486593 0.307569 0.0649045 0.0444041
2 0.486474 0.315204 0.0617936 0.0298552
5 0.539711 0.280085 0.0527678 0.0295196
7 0.688901 0.311546 0.0625114 0.0538982
2 0.311822 0.314006 0.0471563 0.0270561
5 0.122199 0.324144 0.147206 0.074568
2 0.45079 0.515872 0.160433 0.0825048
2 0.172945 0.608324 0.215902 0.132294
2 0.435645 0.349988 0.0784587 0.0333274
2 0.348039 0.437293 0.117343 0.0575657
2 0.521369 0.404571 0.107451 0.0515503
2 0.713162 0.492285 0.163361 0.0942574
3 0.492189 0.807996 0.136299 0.107145
0 0.49298 0.741057 0.111073 0.0598816
2 0.701508 0.345674 0.0743886 0.0336085
2 0.569519 0.342636 0.0743863 0.0419935
2 0.601005 0.318535 0.0582488 0.025965
2 0.281754 0.328234 0.0735197 0.0379849
2 0.536682 0.304755 0.0457191 0.0275449
5 0.689295 0.31061 0.0610111 0.0549812
2 0.355817 0.304643 0.0516149 0.0209138
2 0.486869 0.307912 0.0631122 0.0434283
7 0.486593 0.307569 0.0649045 0.0444041
2 0.486474 0.315204 0.0617936 0.0298552
5 0.539711 0.280085 0.0527678 0.0295196
7 0.688901 0.311546 0.0625114 0.0538982
2 0.311822 0.314006 0.0471563 0.0270561
2 0.172921 0.608535 0.214286 0.131146
5 0.122677 0.324443 0.143659 0.0721516
2 0.345385 0.437576 0.121936 0.0564177
2 0.45112 0.510058 0.162496 0.0940325
2 0.714458 0.492822 0.159875 0.0936615
3 0.492046 0.80605 0.138151 0.111337
2 0.523024 0.405001 0.107545 0.052583
2 0.702142 0.345484 0.0748174 0.0345442
0 0.492893 0.739888 0.10631 0.0587807
2 0.434789 0.349896 0.0794083 0.0339374
2 0.569071 0.342001 0.0767214 0.0430449
2 0.599977 0.318303 0.0559572 0.0249771
7 0.486644 0.305495 0.0642487 0.0486294
7 0.540988 0.283477 0.0530914 0.0361927
2 0.281452 0.328539 0.0732314 0.0366029
7 0.690033 0.310771 0.0638772 0.0521627
2 0.172921 0.608535 0.214286 0.131146
5 0.122677 0.324443 0.143659 0.0721516
2 0.345385 0.437576 0.121936 0.0564177
2 0.45112 0.510058 0.162496 0.0940325
2 0.714458 0.492822 0.159875 0.0936615
3 0.492046 0.80605 0.138151 0.111337
2 0.523024 0.405001 0.107545 0.052583
2 0.702142 0.345484 0.0748174 0.0345442
0 0.492893 0.739888 0.10631 0.0587807
2 0.434789 0.349896 0.0794083 0.0339374
2 0.569071 0.342001 0.0767214 0.0430449
2 0.599977 0.318303 0.0559572 0.0249771
7 0.486644 0.305495 0.0642487 0.0486294
7 0.540988 0.283477 0.0530914 0.0361927
2 0.281452 0.328539 0.0732314 0.0366029
7 0.690033 0.310771 0.0638772 0.0521627
