2 0.466999 0.660007 0.214096 0.113098
2 0.811224 0.671838 0.237376 0.1485
2 0.728999 0.521507 0.158115 0.0742405
2 0.453918 0.563152 0.170153 0.0916087
7 0.120941 0.65334 0.241883 0.21462
2 0.660067 0.408955 0.101475 0.0494241
2 0.470971 0.438042 0.106872 0.0577354
2 0.245948 0.504014 0.156449 0.091755
7 0.429521 0.345408 0.1127 0.0691056
2 0.0731768 0.416715 0.111808 0.0463607
2 0.392215 0.383389 0.0818971 0.0374317
2 0.658204 0.374186 0.079968 0.0361728
2 0.327482 0.412985 0.106876 0.0628814
2 0.128093 0.351179 0.069817 0.030208
2 0.532389 0.341289 0.0619661 0.0283859
2 0.259151 0.333842 0.0583141 0.026512
2 0.32538 0.317432 0.0393018 0.0191124
2 0.566691 0.310015 0.0452848 0.0224764
2 0.351184 0.305432 0.0358286 0.015171
2 0.619402 0.302314 0.04543 0.0131491
2 0.466999 0.660007 0.214096 0.113098
2 0.811224 0.671838 0.237376 0.1485
2 0.728999 0.521507 0.158115 0.0742405
2 0.453918 0.563152 0.170153 0.0916087
7 0.120941 0.65334 0.241883 0.21462
2 0.660067 0.408955 0.101475 0.0494241
2 0.470971 0.438042 0.106872 0.0577354
2 0.245948 0.504014 0.156449 0.091755
7 0.429521 0.345408 0.1127 0.0691056
2 0.0731768 0.416715 0.111808 0.0463607
2 0.392215 0.383389 0.0818971 0.0374317
2 0.658204 0.374186 0.079968 0.0361728
2 0.327482 0.412985 0.106876 0.0628814
2 0.128093 0.351179 0.069817 0.030208
2 0.532389 0.341289 0.0619661 0.0283859
2 0.259151 0.333842 0.0583141 0.026512
2 0.32538 0.317432 0.0393018 0.0191124
2 0.566691 0.310015 0.0452848 0.0224764
2 0.351184 0.305432 0.0358286 0.015171
2 0.619402 0.302314 0.04543 0.0131491
2 0.466999 0.660007 0.214096 0.113098
2 0.811224 0.671838 0.237376 0.1485
2 0.728999 0.521507 0.158115 0.0742405
2 0.453918 0.563152 0.170153 0.0916087
7 0.120941 0.65334 0.241883 0.21462
2 0.660067 0.408955 0.101475 0.0494241
2 0.470971 0.438042 0.106872 0.0577354
2 0.245948 0.504014 0.156449 0.091755
7 0.429521 0.345408 0.1127 0.0691056
2 0.0731768 0.416715 0.111808 0.0463607
2 0.392215 0.383389 0.0818971 0.0374317
2 0.658204 0.374186 0.079968 0.0361728
2 0.327482 0.412985 0.106876 0.0628814
2 0.128093 0.351179 0.069817 0.030208
2 0.532389 0.341289 0.0619661 0.0283859
2 0.259151 0.333842 0.0583141 0.026512
2 0.32538 0.317432 0.0393018 0.0191124
2 0.566691 0.310015 0.0452848 0.0224764
2 0.351184 0.305432 0.0358286 0.015171
2 0.619402 0.302314 0.04543 0.0131491
2 0.466999 0.660007 0.214096 0.113098
2 0.811224 0.671838 0.237376 0.1485
2 0.728999 0.521507 0.158115 0.0742405
2 0.453918 0.563152 0.170153 0.0916087
7 0.120941 0.65334 0.241883 0.21462
2 0.660067 0.408955 0.101475 0.0494241
2 0.470971 0.438042 0.106872 0.0577354
2 0.245948 0.504014 0.156449 0.091755
7 0.429521 0.345408 0.1127 0.0691056
2 0.0731768 0.416715 0.111808 0.0463607
2 0.392215 0.383389 0.0818971 0.0374317
2 0.658204 0.374186 0.079968 0.0361728
2 0.327482 0.412985 0.106876 0.0628814
2 0.128093 0.351179 0.069817 0.030208
2 0.532389 0.341289 0.0619661 0.0283859
2 0.259151 0.333842 0.0583141 0.026512
2 0.32538 0.317432 0.0393018 0.0191124
2 0.566691 0.310015 0.0452848 0.0224764
2 0.351184 0.305432 0.0358286 0.015171
2 0.619402 0.302314 0.04543 0.0131491
2 0.466999 0.660007 0.214096 0.113098
2 0.811224 0.671838 0.237376 0.1485
2 0.728999 0.521507 0.158115 0.0742405
2 0.453918 0.563152 0.170153 0.0916087
7 0.120941 0.65334 0.241883 0.21462
2 0.660067 0.408955 0.101475 0.0494241
2 0.470971 0.438042 0.106872 0.0577354
2 0.245948 0.504014 0.156449 0.091755
7 0.429521 0.345408 0.1127 0.0691056
2 0.0731768 0.416715 0.111808 0.0463607
2 0.392215 0.383389 0.0818971 0.0374317
2 0.658204 0.374186 0.079968 0.0361728
2 0.327482 0.412985 0.106876 0.0628814
2 0.128093 0.351179 0.069817 0.030208
2 0.532389 0.341289 0.0619661 0.0283859
2 0.259151 0.333842 0.0583141 0.026512
2 0.32538 0.317432 0.0393018 0.0191124
2 0.566691 0.310015 0.0452848 0.0224764
2 0.351184 0.305432 0.0358286 0.015171
2 0.619402 0.302314 0.04543 0.0131491
2 0.466999 0.660007 0.214096 0.113098
2 0.811224 0.671838 0.237376 0.1485
2 0.728999 0.521507 0.158115 0.0742405
2 0.453918 0.563152 0.170153 0.0916087
7 0.120941 0.65334 0.241883 0.21462
2 0.660067 0.408955 0.101475 0.0494241
2 0.470971 0.438042 0.106872 0.0577354
2 0.245948 0.504014 0.156449 0.091755
7 0.429521 0.345408 0.1127 0.0691056
2 0.0731768 0.416715 0.111808 0.0463607
2 0.392215 0.383389 0.0818971 0.0374317
2 0.658204 0.374186 0.079968 0.0361728
2 0.327482 0.412985 0.106876 0.0628814
2 0.128093 0.351179 0.069817 0.030208
2 0.532389 0.341289 0.0619661 0.0283859
2 0.259151 0.333842 0.0583141 0.026512
2 0.32538 0.317432 0.0393018 0.0191124
2 0.566691 0.310015 0.0452848 0.0224764
2 0.351184 0.305432 0.0358286 0.015171
2 0.619402 0.302314 0.04543 0.0131491
2 0.466999 0.660007 0.214096 0.113098
2 0.811224 0.671838 0.237376 0.1485
2 0.728999 0.521507 0.158115 0.0742405
2 0.453918 0.563152 0.170153 0.0916087
7 0.120941 0.65334 0.241883 0.21462
2 0.660067 0.408955 0.101475 0.0494241
2 0.470971 0.438042 0.106872 0.0577354
2 0.245948 0.504014 0.156449 0.091755
7 0.429521 0.345408 0.1127 0.0691056
2 0.0731768 0.416715 0.111808 0.0463607
2 0.392215 0.383389 0.0818971 0.0374317
2 0.658204 0.374186 0.079968 0.0361728
2 0.327482 0.412985 0.106876 0.0628814
2 0.128093 0.351179 0.069817 0.030208
2 0.532389 0.341289 0.0619661 0.0283859
2 0.259151 0.333842 0.0583141 0.026512
2 0.32538 0.317432 0.0393018 0.0191124
2 0.566691 0.310015 0.0452848 0.0224764
2 0.351184 0.305432 0.0358286 0.015171
2 0.619402 0.302314 0.04543 0.0131491
2 0.466999 0.660007 0.214096 0.113098
2 0.811224 0.671838 0.237376 0.1485
2 0.728999 0.521507 0.158115 0.0742405
2 0.453918 0.563152 0.170153 0.0916087
7 0.120941 0.65334 0.241883 0.21462
2 0.660067 0.408955 0.101475 0.0494241
2 0.470971 0.438042 0.106872 0.0577354
2 0.245948 0.504014 0.156449 0.091755
7 0.429521 0.345408 0.1127 0.0691056
2 0.0731768 0.416715 0.111808 0.0463607
2 0.392215 0.383389 0.0818971 0.0374317
2 0.658204 0.374186 0.079968 0.0361728
2 0.327482 0.412985 0.106876 0.0628814
2 0.128093 0.351179 0.069817 0.030208
2 0.532389 0.341289 0.0619661 0.0283859
2 0.259151 0.333842 0.0583141 0.026512
2 0.32538 0.317432 0.0393018 0.0191124
2 0.566691 0.310015 0.0452848 0.0224764
2 0.351184 0.305432 0.0358286 0.015171
2 0.619402 0.302314 0.04543 0.0131491
2 0.466999 0.660007 0.214096 0.113098
2 0.811224 0.671838 0.237376 0.1485
2 0.728999 0.521507 0.158115 0.0742405
2 0.453918 0.563152 0.170153 0.0916087
7 0.120941 0.65334 0.241883 0.21462
2 0.660067 0.408955 0.101475 0.0494241
2 0.470971 0.438042 0.106872 0.0577354
2 0.245948 0.504014 0.156449 0.091755
7 0.429521 0.345408 0.1127 0.0691056
2 0.0731768 0.416715 0.111808 0.0463607
2 0.392215 0.383389 0.0818971 0.0374317
2 0.658204 0.374186 0.079968 0.0361728
2 0.327482 0.412985 0.106876 0.0628814
2 0.128093 0.351179 0.069817 0.030208
2 0.532389 0.341289 0.0619661 0.0283859
2 0.259151 0.333842 0.0583141 0.026512
2 0.32538 0.317432 0.0393018 0.0191124
2 0.566691 0.310015 0.0452848 0.0224764
2 0.351184 0.305432 0.0358286 0.015171
2 0.619402 0.302314 0.04543 0.0131491
2 0.466999 0.660007 0.214096 0.113098
2 0.811224 0.671838 0.237376 0.1485
2 0.728999 0.521507 0.158115 0.0742405
2 0.453918 0.563152 0.170153 0.0916087
7 0.120941 0.65334 0.241883 0.21462
2 0.660067 0.408955 0.101475 0.0494241
2 0.470971 0.438042 0.106872 0.0577354
2 0.245948 0.504014 0.156449 0.091755
7 0.429521 0.345408 0.1127 0.0691056
2 0.0731768 0.416715 0.111808 0.0463607
2 0.392215 0.383389 0.0818971 0.0374317
2 0.658204 0.374186 0.079968 0.0361728
2 0.327482 0.412985 0.106876 0.0628814
2 0.128093 0.351179 0.069817 0.030208
2 0.532389 0.341289 0.0619661 0.0283859
2 0.259151 0.333842 0.0583141 0.026512
2 0.32538 0.317432 0.0393018 0.0191124
2 0.566691 0.310015 0.0452848 0.0224764
2 0.351184 0.305432 0.0358286 0.015171
2 0.619402 0.302314 0.04543 0.0131491
2 0.466999 0.660007 0.214096 0.113098
2 0.811224 0.671838 0.237376 0.1485
2 0.728999 0.521507 0.158115 0.0742405
2 0.453918 0.563152 0.170153 0.0916087
7 0.120941 0.65334 0.241883 0.21462
2 0.660067 0.408955 0.101475 0.0494241
2 0.470971 0.438042 0.106872 0.0577354
2 0.245948 0.504014 0.156449 0.091755
7 0.429521 0.345408 0.1127 0.0691056
2 0.0731768 0.416715 0.111808 0.0463607
2 0.392215 0.383389 0.0818971 0.0374317
2 0.658204 0.374186 0.079968 0.0361728
2 0.327482 0.412985 0.106876 0.0628814
2 0.128093 0.351179 0.069817 0.030208
2 0.532389 0.341289 0.0619661 0.0283859
2 0.259151 0.333842 0.0583141 0.026512
2 0.32538 0.317432 0.0393018 0.0191124
2 0.566691 0.310015 0.0452848 0.0224764
2 0.351184 0.305432 0.0358286 0.015171
2 0.619402 0.302314 0.04543 0.0131491
2 0.466999 0.660007 0.214096 0.113098
2 0.811224 0.671838 0.237376 0.1485
2 0.728999 0.521507 0.158115 0.0742405
2 0.453918 0.563152 0.170153 0.0916087
7 0.120941 0.65334 0.241883 0.21462
2 0.660067 0.408955 0.101475 0.0494241
2 0.470971 0.438042 0.106872 0.0577354
2 0.245948 0.504014 0.156449 0.091755
7 0.429521 0.345408 0.1127 0.0691056
2 0.0731768 0.416715 0.111808 0.0463607
2 0.392215 0.383389 0.0818971 0.0374317
2 0.658204 0.374186 0.079968 0.0361728
2 0.327482 0.412985 0.106876 0.0628814
2 0.128093 0.351179 0.069817 0.030208
2 0.532389 0.341289 0.0619661 0.0283859
2 0.259151 0.333842 0.0583141 0.026512
2 0.32538 0.317432 0.0393018 0.0191124
2 0.566691 0.310015 0.0452848 0.0224764
2 0.351184 0.305432 0.0358286 0.015171
2 0.619402 0.302314 0.04543 0.0131491
2 0.466999 0.660007 0.214096 0.113098
2 0.811224 0.671838 0.237376 0.1485
2 0.728999 0.521507 0.158115 0.0742405
2 0.453918 0.563152 0.170153 0.0916087
7 0.120941 0.65334 0.241883 0.21462
2 0.660067 0.408955 0.101475 0.0494241
2 0.470971 0.438042 0.106872 0.0577354
2 0.245948 0.504014 0.156449 0.091755
7 0.429521 0.345408 0.1127 0.0691056
2 0.0731768 0.416715 0.111808 0.0463607
2 0.392215 0.383389 0.0818971 0.0374317
2 0.658204 0.374186 0.079968 0.0361728
2 0.327482 0.412985 0.106876 0.0628814
2 0.128093 0.351179 0.069817 0.030208
2 0.532389 0.341289 0.0619661 0.0283859
2 0.259151 0.333842 0.0583141 0.026512
2 0.32538 0.317432 0.0393018 0.0191124
2 0.566691 0.310015 0.0452848 0.0224764
2 0.351184 0.305432 0.0358286 0.015171
2 0.619402 0.302314 0.04543 0.0131491
2 0.810863 0.671908 0.238753 0.148305
2 0.466847 0.659965 0.213744 0.111975
2 0.72947 0.52172 0.160616 0.0734871
7 0.120889 0.652709 0.241524 0.213975
2 0.453237 0.562872 0.168636 0.0903584
2 0.244816 0.504538 0.157095 0.0918232
7 0.427879 0.345675 0.110108 0.0689169
2 0.470942 0.438554 0.109128 0.055757
2 0.659439 0.40898 0.1046 0.0492764
2 0.0722848 0.416883 0.111872 0.0471298
2 0.658152 0.374858 0.0808555 0.0380198
2 0.323615 0.412996 0.11261 0.0627786
2 0.389219 0.383574 0.0880098 0.0383892
2 0.531443 0.341206 0.0643806 0.0277481
2 0.259409 0.333662 0.0576393 0.0268567
2 0.128725 0.350606 0.0699382 0.0306484
2 0.810863 0.671908 0.238753 0.148305
2 0.466847 0.659965 0.213744 0.111975
2 0.72947 0.52172 0.160616 0.0734871
7 0.120889 0.652709 0.241524 0.213975
2 0.453237 0.562872 0.168636 0.0903584
2 0.244816 0.504538 0.157095 0.0918232
7 0.427879 0.345675 0.110108 0.0689169
2 0.470942 0.438554 0.109128 0.055757
2 0.659439 0.40898 0.1046 0.0492764
2 0.0722848 0.416883 0.111872 0.0471298
2 0.658152 0.374858 0.0808555 0.0380198
2 0.323615 0.412996 0.11261 0.0627786
2 0.389219 0.383574 0.0880098 0.0383892
2 0.531443 0.341206 0.0643806 0.0277481
2 0.259409 0.333662 0.0576393 0.0268567
2 0.128725 0.350606 0.0699382 0.0306484
