2 0.0919307 0.848171 0.181979 0.174813
2 0.457626 0.718153 0.27173 0.184892
2 0.66305 0.495018 0.15653 0.0737721
2 0.509803 0.423499 0.119109 0.0551077
2 0.337493 0.390528 0.101251 0.0502855
2 0.916268 0.893452 0.166051 0.212029
2 0.678327 0.376472 0.102705 0.0619666
2 0.429289 0.330253 0.0713928 0.0394031
2 0.0429763 0.342199 0.0774217 0.0320673
2 0.189738 0.343208 0.0807883 0.0391323
2 0.591273 0.344309 0.0462941 0.0330995
7 0.525561 0.350359 0.106139 0.0741577
3 0.196418 0.56379 0.0597683 0.058853
0 0.195287 0.540471 0.0705917 0.0689053
2 0.663034 0.307489 0.0561091 0.0314416
7 0.916348 0.893367 0.165597 0.211855
2 0.493029 0.302568 0.0515704 0.017887
5 0.278596 0.286536 0.0593596 0.0402702
2 0.350769 0.288001 0.0383808 0.0206988
2 0.179216 0.325474 0.0621139 0.0261519
2 0.178392 0.321562 0.0600989 0.0186852
2 0.46251 0.281811 0.0382198 0.0266177
2 0.525811 0.350785 0.105149 0.0736298
2 0.591575 0.30555 0.0504271 0.0206578
0 0.195618 0.527839 0.0696778 0.0430833
2 0.490024 0.310521 0.0631916 0.0296998
2 0.586375 0.289317 0.0505456 0.0187418
2 0.587754 0.295111 0.052144 0.0205999
2 0.0919307 0.848171 0.181979 0.174813
2 0.457626 0.718153 0.27173 0.184892
2 0.66305 0.495018 0.15653 0.0737721
2 0.509803 0.423499 0.119109 0.0551077
2 0.337493 0.390528 0.101251 0.0502855
2 0.916268 0.893452 0.166051 0.212029
2 0.678327 0.376472 0.102705 0.0619666
2 0.429289 0.330253 0.0713928 0.0394031
2 0.0429763 0.342199 0.0774217 0.0320673
2 0.189738 0.343208 0.0807883 0.0391323
2 0.591273 0.344309 0.0462941 0.0330995
7 0.525561 0.350359 0.106139 0.0741577
3 0.196418 0.56379 0.0597683 0.058853
0 0.195287 0.540471 0.0705917 0.0689053
2 0.663034 0.307489 0.0561091 0.0314416
7 0.916348 0.893367 0.165597 0.211855
2 0.493029 0.302568 0.0515704 0.017887
5 0.278596 0.286536 0.0593596 0.0402702
2 0.350769 0.288001 0.0383808 0.0206988
2 0.179216 0.325474 0.0621139 0.0261519
2 0.178392 0.321562 0.0600989 0.0186852
2 0.46251 0.281811 0.0382198 0.0266177
2 0.525811 0.350785 0.105149 0.0736298
2 0.591575 0.30555 0.0504271 0.0206578
0 0.195618 0.527839 0.0696778 0.0430833
2 0.490024 0.310521 0.0631916 0.0296998
2 0.586375 0.289317 0.0505456 0.0187418
2 0.587754 0.295111 0.052144 0.0205999
2 0.0919307 0.848171 0.181979 0.174813
2 0.457626 0.718153 0.27173 0.184892
2 0.66305 0.495018 0.15653 0.0737721
2 0.509803 0.423499 0.119109 0.0551077
2 0.337493 0.390528 0.101251 0.0502855
2 0.916268 0.893452 0.166051 0.212029
2 0.678327 0.376472 0.102705 0.0619666
2 0.429289 0.330253 0.0713928 0.0394031
2 0.0429763 0.342199 0.0774217 0.0320673
2 0.189738 0.343208 0.0807883 0.0391323
2 0.591273 0.344309 0.0462941 0.0330995
7 0.525561 0.350359 0.106139 0.0741577
3 0.196418 0.56379 0.0597683 0.058853
0 0.195287 0.540471 0.0705917 0.0689053
2 0.663034 0.307489 0.0561091 0.0314416
7 0.916348 0.893367 0.165597 0.211855
2 0.493029 0.302568 0.0515704 0.017887
5 0.278596 0.286536 0.0593596 0.0402702
2 0.350769 0.288001 0.0383808 0.0206988
2 0.179216 0.325474 0.0621139 0.0261519
2 0.178392 0.321562 0.0600989 0.0186852
2 0.46251 0.281811 0.0382198 0.0266177
2 0.525811 0.350785 0.105149 0.0736298
2 0.591575 0.30555 0.0504271 0.0206578
0 0.195618 0.527839 0.0696778 0.0430833
2 0.490024 0.310521 0.0631916 0.0296998
2 0.586375 0.289317 0.0505456 0.0187418
2 0.587754 0.295111 0.052144 0.0205999
2 0.0919307 0.848171 0.181979 0.174813
2 0.457626 0.718153 0.27173 0.184892
2 0.66305 0.495018 0.15653 0.0737721
2 0.509803 0.423499 0.119109 0.0551077
2 0.337493 0.390528 0.101251 0.0502855
2 0.916268 0.893452 0.166051 0.212029
2 0.678327 0.376472 0.102705 0.0619666
2 0.429289 0.330253 0.0713928 0.0394031
2 0.0429763 0.342199 0.0774217 0.0320673
2 0.189738 0.343208 0.0807883 0.0391323
2 0.591273 0.344309 0.0462941 0.0330995
7 0.525561 0.350359 0.106139 0.0741577
3 0.196418 0.56379 0.0597683 0.058853
0 0.195287 0.540471 0.0705917 0.0689053
2 0.663034 0.307489 0.0561091 0.0314416
7 0.916348 0.893367 0.165597 0.211855
2 0.493029 0.302568 0.0515704 0.017887
5 0.278596 0.286536 0.0593596 0.0402702
2 0.350769 0.288001 0.0383808 0.0206988
2 0.179216 0.325474 0.0621139 0.0261519
2 0.178392 0.321562 0.0600989 0.0186852
2 0.46251 0.281811 0.0382198 0.0266177
2 0.525811 0.350785 0.105149 0.0736298
2 0.591575 0.30555 0.0504271 0.0206578
0 0.195618 0.527839 0.0696778 0.0430833
2 0.490024 0.310521 0.0631916 0.0296998
2 0.586375 0.289317 0.0505456 0.0187418
2 0.587754 0.295111 0.052144 0.0205999
2 0.0919307 0.848171 0.181979 0.174813
2 0.457626 0.718153 0.27173 0.184892
2 0.66305 0.495018 0.15653 0.0737721
2 0.509803 0.423499 0.119109 0.0551077
2 0.337493 0.390528 0.101251 0.0502855
2 0.916268 0.893452 0.166051 0.212029
2 0.678327 0.376472 0.102705 0.0619666
2 0.429289 0.330253 0.0713928 0.0394031
2 0.0429763 0.342199 0.0774217 0.0320673
2 0.189738 0.343208 0.0807883 0.0391323
2 0.591273 0.344309 0.0462941 0.0330995
7 0.525561 0.350359 0.106139 0.0741577
3 0.196418 0.56379 0.0597683 0.058853
0 0.195287 0.540471 0.0705917 0.0689053
2 0.663034 0.307489 0.0561091 0.0314416
7 0.916348 0.893367 0.165597 0.211855
2 0.493029 0.302568 0.0515704 0.017887
5 0.278596 0.286536 0.0593596 0.0402702
2 0.350769 0.288001 0.0383808 0.0206988
2 0.179216 0.325474 0.0621139 0.0261519
2 0.178392 0.321562 0.0600989 0.0186852
2 0.46251 0.281811 0.0382198 0.0266177
2 0.525811 0.350785 0.105149 0.0736298
2 0.591575 0.30555 0.0504271 0.0206578
0 0.195618 0.527839 0.0696778 0.0430833
2 0.490024 0.310521 0.0631916 0.0296998
2 0.586375 0.289317 0.0505456 0.0187418
2 0.587754 0.295111 0.052144 0.0205999
2 0.0919307 0.848171 0.181979 0.174813
2 0.457626 0.718153 0.27173 0.184892
2 0.66305 0.495018 0.15653 0.0737721
2 0.509803 0.423499 0.119109 0.0551077
2 0.337493 0.390528 0.101251 0.0502855
2 0.916268 0.893452 0.166051 0.212029
2 0.678327 0.376472 0.102705 0.0619666
2 0.429289 0.330253 0.0713928 0.0394031
2 0.0429763 0.342199 0.0774217 0.0320673
2 0.189738 0.343208 0.0807883 0.0391323
2 0.591273 0.344309 0.0462941 0.0330995
7 0.525561 0.350359 0.106139 0.0741577
3 0.196418 0.56379 0.0597683 0.058853
0 0.195287 0.540471 0.0705917 0.0689053
2 0.663034 0.307489 0.0561091 0.0314416
7 0.916348 0.893367 0.165597 0.211855
2 0.493029 0.302568 0.0515704 0.017887
5 0.278596 0.286536 0.0593596 0.0402702
2 0.350769 0.288001 0.0383808 0.0206988
2 0.179216 0.325474 0.0621139 0.0261519
2 0.178392 0.321562 0.0600989 0.0186852
2 0.46251 0.281811 0.0382198 0.0266177
2 0.525811 0.350785 0.105149 0.0736298
2 0.591575 0.30555 0.0504271 0.0206578
0 0.195618 0.527839 0.0696778 0.0430833
2 0.490024 0.310521 0.0631916 0.0296998
2 0.586375 0.289317 0.0505456 0.0187418
2 0.587754 0.295111 0.052144 0.0205999
2 0.0919307 0.848171 0.181979 0.174813
2 0.457626 0.718153 0.27173 0.184892
2 0.66305 0.495018 0.15653 0.0737721
2 0.509803 0.423499 0.119109 0.0551077
2 0.337493 0.390528 0.101251 0.0502855
2 0.916268 0.893452 0.166051 0.212029
2 0.678327 0.376472 0.102705 0.0619666
2 0.429289 0.330253 0.0713928 0.0394031
2 0.0429763 0.342199 0.0774217 0.0320673
2 0.189738 0.343208 0.0807883 0.0391323
2 0.591273 0.344309 0.0462941 0.0330995
7 0.525561 0.350359 0.106139 0.0741577
3 0.196418 0.56379 0.0597683 0.058853
0 0.195287 0.540471 0.0705917 0.0689053
2 0.663034 0.307489 0.0561091 0.0314416
7 0.916348 0.893367 0.165597 0.211855
2 0.493029 0.302568 0.0515704 0.017887
5 0.278596 0.286536 0.0593596 0.0402702
2 0.350769 0.288001 0.0383808 0.0206988
2 0.179216 0.325474 0.0621139 0.0261519
2 0.178392 0.321562 0.0600989 0.0186852
2 0.46251 0.281811 0.0382198 0.0266177
2 0.525811 0.350785 0.105149 0.0736298
2 0.591575 0.30555 0.0504271 0.0206578
0 0.195618 0.527839 0.0696778 0.0430833
2 0.490024 0.310521 0.0631916 0.0296998
2 0.586375 0.289317 0.0505456 0.0187418
2 0.587754 0.295111 0.052144 0.0205999
2 0.0919307 0.848171 0.181979 0.174813
2 0.457626 0.718153 0.27173 0.184892
2 0.66305 0.495018 0.15653 0.0737721
2 0.509803 0.423499 0.119109 0.0551077
2 0.337493 0.390528 0.101251 0.0502855
2 0.916268 0.893452 0.166051 0.212029
2 0.678327 0.376472 0.102705 0.0619666
2 0.429289 0.330253 0.0713928 0.0394031
2 0.0429763 0.342199 0.0774217 0.0320673
2 0.189738 0.343208 0.0807883 0.0391323
2 0.591273 0.344309 0.0462941 0.0330995
7 0.525561 0.350359 0.106139 0.0741577
3 0.196418 0.56379 0.0597683 0.058853
0 0.195287 0.540471 0.0705917 0.0689053
2 0.663034 0.307489 0.0561091 0.0314416
7 0.916348 0.893367 0.165597 0.211855
2 0.493029 0.302568 0.0515704 0.017887
5 0.278596 0.286536 0.0593596 0.0402702
2 0.350769 0.288001 0.0383808 0.0206988
2 0.179216 0.325474 0.0621139 0.0261519
2 0.178392 0.321562 0.0600989 0.0186852
2 0.46251 0.281811 0.0382198 0.0266177
2 0.525811 0.350785 0.105149 0.0736298
2 0.591575 0.30555 0.0504271 0.0206578
0 0.195618 0.527839 0.0696778 0.0430833
2 0.490024 0.310521 0.0631916 0.0296998
2 0.586375 0.289317 0.0505456 0.0187418
2 0.587754 0.295111 0.052144 0.0205999
2 0.0919307 0.848171 0.181979 0.174813
2 0.457626 0.718153 0.27173 0.184892
2 0.66305 0.495018 0.15653 0.0737721
2 0.509803 0.423499 0.119109 0.0551077
2 0.337493 0.390528 0.101251 0.0502855
2 0.916268 0.893452 0.166051 0.212029
2 0.678327 0.376472 0.102705 0.0619666
2 0.429289 0.330253 0.0713928 0.0394031
2 0.0429763 0.342199 0.0774217 0.0320673
2 0.189738 0.343208 0.0807883 0.0391323
2 0.591273 0.344309 0.0462941 0.0330995
7 0.525561 0.350359 0.106139 0.0741577
3 0.196418 0.56379 0.0597683 0.058853
0 0.195287 0.540471 0.0705917 0.0689053
2 0.663034 0.307489 0.0561091 0.0314416
7 0.916348 0.893367 0.165597 0.211855
2 0.493029 0.302568 0.0515704 0.017887
5 0.278596 0.286536 0.0593596 0.0402702
2 0.350769 0.288001 0.0383808 0.0206988
2 0.179216 0.325474 0.0621139 0.0261519
2 0.178392 0.321562 0.0600989 0.0186852
2 0.46251 0.281811 0.0382198 0.0266177
2 0.525811 0.350785 0.105149 0.0736298
2 0.591575 0.30555 0.0504271 0.0206578
0 0.195618 0.527839 0.0696778 0.0430833
2 0.490024 0.310521 0.0631916 0.0296998
2 0.586375 0.289317 0.0505456 0.0187418
2 0.587754 0.295111 0.052144 0.0205999
2 0.0919307 0.848171 0.181979 0.174813
2 0.457626 0.718153 0.27173 0.184892
2 0.66305 0.495018 0.15653 0.0737721
2 0.509803 0.423499 0.119109 0.0551077
2 0.337493 0.390528 0.101251 0.0502855
2 0.916268 0.893452 0.166051 0.212029
2 0.678327 0.376472 0.102705 0.0619666
2 0.429289 0.330253 0.0713928 0.0394031
2 0.0429763 0.342199 0.0774217 0.0320673
2 0.189738 0.343208 0.0807883 0.0391323
2 0.591273 0.344309 0.0462941 0.0330995
7 0.525561 0.350359 0.106139 0.0741577
3 0.196418 0.56379 0.0597683 0.058853
0 0.195287 0.540471 0.0705917 0.0689053
2 0.663034 0.307489 0.0561091 0.0314416
7 0.916348 0.893367 0.165597 0.211855
2 0.493029 0.302568 0.0515704 0.017887
5 0.278596 0.286536 0.0593596 0.0402702
2 0.350769 0.288001 0.0383808 0.0206988
2 0.179216 0.325474 0.0621139 0.0261519
2 0.178392 0.321562 0.0600989 0.0186852
2 0.46251 0.281811 0.0382198 0.0266177
2 0.525811 0.350785 0.105149 0.0736298
2 0.591575 0.30555 0.0504271 0.0206578
0 0.195618 0.527839 0.0696778 0.0430833
2 0.490024 0.310521 0.0631916 0.0296998
2 0.586375 0.289317 0.0505456 0.0187418
2 0.587754 0.295111 0.052144 0.0205999
2 0.0919307 0.848171 0.181979 0.174813
2 0.457626 0.718153 0.27173 0.184892
2 0.66305 0.495018 0.15653 0.0737721
2 0.509803 0.423499 0.119109 0.0551077
2 0.337493 0.390528 0.101251 0.0502855
2 0.916268 0.893452 0.166051 0.212029
2 0.678327 0.376472 0.102705 0.0619666
2 0.429289 0.330253 0.0713928 0.0394031
2 0.0429763 0.342199 0.0774217 0.0320673
2 0.189738 0.343208 0.0807883 0.0391323
2 0.591273 0.344309 0.0462941 0.0330995
7 0.525561 0.350359 0.106139 0.0741577
3 0.196418 0.56379 0.0597683 0.058853
0 0.195287 0.540471 0.0705917 0.0689053
2 0.663034 0.307489 0.0561091 0.0314416
7 0.916348 0.893367 0.165597 0.211855
2 0.493029 0.302568 0.0515704 0.017887
5 0.278596 0.286536 0.0593596 0.0402702
2 0.350769 0.288001 0.0383808 0.0206988
2 0.179216 0.325474 0.0621139 0.0261519
2 0.178392 0.321562 0.0600989 0.0186852
2 0.46251 0.281811 0.0382198 0.0266177
2 0.525811 0.350785 0.105149 0.0736298
2 0.591575 0.30555 0.0504271 0.0206578
0 0.195618 0.527839 0.0696778 0.0430833
2 0.490024 0.310521 0.0631916 0.0296998
2 0.586375 0.289317 0.0505456 0.0187418
2 0.587754 0.295111 0.052144 0.0205999
2 0.0919307 0.848171 0.181979 0.174813
2 0.457626 0.718153 0.27173 0.184892
2 0.66305 0.495018 0.15653 0.0737721
2 0.509803 0.423499 0.119109 0.0551077
2 0.337493 0.390528 0.101251 0.0502855
2 0.916268 0.893452 0.166051 0.212029
2 0.678327 0.376472 0.102705 0.0619666
2 0.429289 0.330253 0.0713928 0.0394031
2 0.0429763 0.342199 0.0774217 0.0320673
2 0.189738 0.343208 0.0807883 0.0391323
2 0.591273 0.344309 0.0462941 0.0330995
7 0.525561 0.350359 0.106139 0.0741577
3 0.196418 0.56379 0.0597683 0.058853
0 0.195287 0.540471 0.0705917 0.0689053
2 0.663034 0.307489 0.0561091 0.0314416
7 0.916348 0.893367 0.165597 0.211855
2 0.493029 0.302568 0.0515704 0.017887
5 0.278596 0.286536 0.0593596 0.0402702
2 0.350769 0.288001 0.0383808 0.0206988
2 0.179216 0.325474 0.0621139 0.0261519
2 0.178392 0.321562 0.0600989 0.0186852
2 0.46251 0.281811 0.0382198 0.0266177
2 0.525811 0.350785 0.105149 0.0736298
2 0.591575 0.30555 0.0504271 0.0206578
0 0.195618 0.527839 0.0696778 0.0430833
2 0.490024 0.310521 0.0631916 0.0296998
2 0.586375 0.289317 0.0505456 0.0187418
2 0.587754 0.295111 0.052144 0.0205999
2 0.0923377 0.849421 0.182934 0.177077
2 0.458006 0.719679 0.27359 0.186765
2 0.663196 0.495741 0.155006 0.0734402
2 0.509718 0.423815 0.120427 0.0544867
2 0.336471 0.390421 0.102715 0.0504596
5 0.278387 0.285903 0.0618341 0.0405634
2 0.428227 0.329985 0.0742845 0.0389867
2 0.0430014 0.342154 0.0772933 0.0325373
3 0.194908 0.563885 0.0605416 0.0584809
2 0.67458 0.375961 0.106384 0.0629145
2 0.914625 0.89295 0.169116 0.213307
2 0.191081 0.343388 0.081728 0.0388912
7 0.526389 0.349331 0.103794 0.0775621
0 0.195556 0.539837 0.0693697 0.0691908
2 0.662815 0.306307 0.0552289 0.0314094
7 0.914486 0.893138 0.1693 0.213173
2 0.591992 0.343741 0.0444092 0.0314343
2 0.592459 0.302277 0.050206 0.0241684
2 0.0923377 0.849421 0.182934 0.177077
2 0.458006 0.719679 0.27359 0.186765
2 0.663196 0.495741 0.155006 0.0734402
2 0.509718 0.423815 0.120427 0.0544867
2 0.336471 0.390421 0.102715 0.0504596
5 0.278387 0.285903 0.0618341 0.0405634
2 0.428227 0.329985 0.0742845 0.0389867
2 0.0430014 0.342154 0.0772933 0.0325373
3 0.194908 0.563885 0.0605416 0.0584809
2 0.67458 0.375961 0.106384 0.0629145
2 0.914625 0.89295 0.169116 0.213307
2 0.191081 0.343388 0.081728 0.0388912
7 0.526389 0.349331 0.103794 0.0775621
0 0.195556 0.539837 0.0693697 0.0691908
2 0.662815 0.306307 0.0552289 0.0314094
7 0.914486 0.893138 0.1693 0.213173
2 0.591992 0.343741 0.0444092 0.0314343
2 0.592459 0.302277 0.050206 0.0241684
