2 0.455681 0.874467 0.299475 0.195472
2 0.907915 0.865466 0.181339 0.172614
2 0.730829 0.521353 0.157305 0.0754626
2 0.44713 0.549148 0.170548 0.0836156
2 0.686134 0.448613 0.111577 0.053993
2 0.348277 0.441692 0.106337 0.0483063
2 0.111495 0.717488 0.22275 0.163761
2 0.550002 0.381703 0.0786896 0.0353313
7 0.379496 0.389009 0.149626 0.0873624
2 0.260617 0.498601 0.148083 0.0874849
2 0.206101 0.36958 0.0730211 0.0326874
2 0.0558433 0.385174 0.0823137 0.0350983
0 0.495091 0.84246 0.0893515 0.040499
2 0.32191 0.335134 0.0468529 0.0226272
2 0.579927 0.330877 0.0502009 0.0264628
5 0.85204 0.363009 0.127297 0.0798168
2 0.479061 0.330385 0.0504421 0.0239372
2 0.352791 0.320314 0.0358715 0.0178013
2 0.649137 0.317394 0.0354632 0.0154657
0 0.138073 0.69551 0.07036 0.0313675
5 0.819801 0.307933 0.066069 0.0328254
2 0.308046 0.318586 0.0351286 0.0176387
2 0.455681 0.874467 0.299475 0.195472
2 0.907915 0.865466 0.181339 0.172614
2 0.730829 0.521353 0.157305 0.0754626
2 0.44713 0.549148 0.170548 0.0836156
2 0.686134 0.448613 0.111577 0.053993
2 0.348277 0.441692 0.106337 0.0483063
2 0.111495 0.717488 0.22275 0.163761
2 0.550002 0.381703 0.0786896 0.0353313
7 0.379496 0.389009 0.149626 0.0873624
2 0.260617 0.498601 0.148083 0.0874849
2 0.206101 0.36958 0.0730211 0.0326874
2 0.0558433 0.385174 0.0823137 0.0350983
0 0.495091 0.84246 0.0893515 0.040499
2 0.32191 0.335134 0.0468529 0.0226272
2 0.579927 0.330877 0.0502009 0.0264628
5 0.85204 0.363009 0.127297 0.0798168
2 0.479061 0.330385 0.0504421 0.0239372
2 0.352791 0.320314 0.0358715 0.0178013
2 0.649137 0.317394 0.0354632 0.0154657
0 0.138073 0.69551 0.07036 0.0313675
5 0.819801 0.307933 0.066069 0.0328254
2 0.308046 0.318586 0.0351286 0.0176387
2 0.455681 0.874467 0.299475 0.195472
2 0.907915 0.865466 0.181339 0.172614
2 0.730829 0.521353 0.157305 0.0754626
2 0.44713 0.549148 0.170548 0.0836156
2 0.686134 0.448613 0.111577 0.053993
2 0.348277 0.441692 0.106337 0.0483063
2 0.111495 0.717488 0.22275 0.163761
2 0.550002 0.381703 0.0786896 0.0353313
7 0.379496 0.389009 0.149626 0.0873624
2 0.260617 0.498601 0.148083 0.0874849
2 0.206101 0.36958 0.0730211 0.0326874
2 0.0558433 0.385174 0.0823137 0.0350983
0 0.495091 0.84246 0.0893515 0.040499
2 0.32191 0.335134 0.0468529 0.0226272
2 0.579927 0.330877 0.0502009 0.0264628
5 0.85204 0.363009 0.127297 0.0798168
2 0.479061 0.330385 0.0504421 0.0239372
2 0.352791 0.320314 0.0358715 0.0178013
2 0.649137 0.317394 0.0354632 0.0154657
0 0.138073 0.69551 0.07036 0.0313675
5 0.819801 0.307933 0.066069 0.0328254
2 0.308046 0.318586 0.0351286 0.0176387
2 0.455681 0.874467 0.299475 0.195472
2 0.907915 0.865466 0.181339 0.172614
2 0.730829 0.521353 0.157305 0.0754626
2 0.44713 0.549148 0.170548 0.0836156
2 0.686134 0.448613 0.111577 0.053993
2 0.348277 0.441692 0.106337 0.0483063
2 0.111495 0.717488 0.22275 0.163761
2 0.550002 0.381703 0.0786896 0.0353313
7 0.379496 0.389009 0.149626 0.0873624
2 0.260617 0.498601 0.148083 0.0874849
2 0.206101 0.36958 0.0730211 0.0326874
2 0.0558433 0.385174 0.0823137 0.0350983
0 0.495091 0.84246 0.0893515 0.040499
2 0.32191 0.335134 0.0468529 0.0226272
2 0.579927 0.330877 0.0502009 0.0264628
5 0.85204 0.363009 0.127297 0.0798168
2 0.479061 0.330385 0.0504421 0.0239372
2 0.352791 0.320314 0.0358715 0.0178013
2 0.649137 0.317394 0.0354632 0.0154657
0 0.138073 0.69551 0.07036 0.0313675
5 0.819801 0.307933 0.066069 0.0328254
2 0.308046 0.318586 0.0351286 0.0176387
2 0.455681 0.874467 0.299475 0.195472
2 0.907915 0.865466 0.181339 0.172614
2 0.730829 0.521353 0.157305 0.0754626
2 0.44713 0.549148 0.170548 0.0836156
2 0.686134 0.448613 0.111577 0.053993
2 0.348277 0.441692 0.106337 0.0483063
2 0.111495 0.717488 0.22275 0.163761
2 0.550002 0.381703 0.0786896 0.0353313
7 0.379496 0.389009 0.149626 0.0873624
2 0.260617 0.498601 0.148083 0.0874849
2 0.206101 0.36958 0.0730211 0.0326874
2 0.0558433 0.385174 0.0823137 0.0350983
0 0.495091 0.84246 0.0893515 0.040499
2 0.32191 0.335134 0.0468529 0.0226272
2 0.579927 0.330877 0.0502009 0.0264628
5 0.85204 0.363009 0.127297 0.0798168
2 0.479061 0.330385 0.0504421 0.0239372
2 0.352791 0.320314 0.0358715 0.0178013
2 0.649137 0.317394 0.0354632 0.0154657
0 0.138073 0.69551 0.07036 0.0313675
5 0.819801 0.307933 0.066069 0.0328254
2 0.308046 0.318586 0.0351286 0.0176387
2 0.455681 0.874467 0.299475 0.195472
2 0.907915 0.865466 0.181339 0.172614
2 0.730829 0.521353 0.157305 0.0754626
2 0.44713 0.549148 0.170548 0.0836156
2 0.686134 0.448613 0.111577 0.053993
2 0.348277 0.441692 0.106337 0.0483063
2 0.111495 0.717488 0.22275 0.163761
2 0.550002 0.381703 0.0786896 0.0353313
7 0.379496 0.389009 0.149626 0.0873624
2 0.260617 0.498601 0.148083 0.0874849
2 0.206101 0.36958 0.0730211 0.0326874
2 0.0558433 0.385174 0.0823137 0.0350983
0 0.495091 0.84246 0.0893515 0.040499
2 0.32191 0.335134 0.0468529 0.0226272
2 0.579927 0.330877 0.0502009 0.0264628
5 0.85204 0.363009 0.127297 0.0798168
2 0.479061 0.330385 0.0504421 0.0239372
2 0.352791 0.320314 0.0358715 0.0178013
2 0.649137 0.317394 0.0354632 0.0154657
0 0.138073 0.69551 0.07036 0.0313675
5 0.819801 0.307933 0.066069 0.0328254
2 0.308046 0.318586 0.0351286 0.0176387
2 0.455681 0.874467 0.299475 0.195472
2 0.907915 0.865466 0.181339 0.172614
2 0.730829 0.521353 0.157305 0.0754626
2 0.44713 0.549148 0.170548 0.0836156
2 0.686134 0.448613 0.111577 0.053993
2 0.348277 0.441692 0.106337 0.0483063
2 0.111495 0.717488 0.22275 0.163761
2 0.550002 0.381703 0.0786896 0.0353313
7 0.379496 0.389009 0.149626 0.0873624
2 0.260617 0.498601 0.148083 0.0874849
2 0.206101 0.36958 0.0730211 0.0326874
2 0.0558433 0.385174 0.0823137 0.0350983
0 0.495091 0.84246 0.0893515 0.040499
2 0.32191 0.335134 0.0468529 0.0226272
2 0.579927 0.330877 0.0502009 0.0264628
5 0.85204 0.363009 0.127297 0.0798168
2 0.479061 0.330385 0.0504421 0.0239372
2 0.352791 0.320314 0.0358715 0.0178013
2 0.649137 0.317394 0.0354632 0.0154657
0 0.138073 0.69551 0.07036 0.0313675
5 0.819801 0.307933 0.066069 0.0328254
2 0.308046 0.318586 0.0351286 0.0176387
2 0.455681 0.874467 0.299475 0.195472
2 0.907915 0.865466 0.181339 0.172614
2 0.730829 0.521353 0.157305 0.0754626
2 0.44713 0.549148 0.170548 0.0836156
2 0.686134 0.448613 0.111577 0.053993
2 0.348277 0.441692 0.106337 0.0483063
2 0.111495 0.717488 0.22275 0.163761
2 0.550002 0.381703 0.0786896 0.0353313
7 0.379496 0.389009 0.149626 0.0873624
2 0.260617 0.498601 0.148083 0.0874849
2 0.206101 0.36958 0.0730211 0.0326874
2 0.0558433 0.385174 0.0823137 0.0350983
0 0.495091 0.84246 0.0893515 0.040499
2 0.32191 0.335134 0.0468529 0.0226272
2 0.579927 0.330877 0.0502009 0.0264628
5 0.85204 0.363009 0.127297 0.0798168
2 0.479061 0.330385 0.0504421 0.0239372
2 0.352791 0.320314 0.0358715 0.0178013
2 0.649137 0.317394 0.0354632 0.0154657
0 0.138073 0.69551 0.07036 0.0313675
5 0.819801 0.307933 0.066069 0.0328254
2 0.308046 0.318586 0.0351286 0.0176387
2 0.455681 0.874467 0.299475 0.195472
2 0.907915 0.865466 0.181339 0.172614
2 0.730829 0.521353 0.157305 0.0754626
2 0.44713 0.549148 0.170548 0.0836156
2 0.686134 0.448613 0.111577 0.053993
2 0.348277 0.441692 0.106337 0.0483063
2 0.111495 0.717488 0.22275 0.163761
2 0.550002 0.381703 0.0786896 0.0353313
7 0.379496 0.389009 0.149626 0.0873624
2 0.260617 0.498601 0.148083 0.0874849
2 0.206101 0.36958 0.0730211 0.0326874
2 0.0558433 0.385174 0.0823137 0.0350983
0 0.495091 0.84246 0.0893515 0.040499
2 0.32191 0.335134 0.0468529 0.0226272
2 0.579927 0.330877 0.0502009 0.0264628
5 0.85204 0.363009 0.127297 0.0798168
2 0.479061 0.330385 0.0504421 0.0239372
2 0.352791 0.320314 0.0358715 0.0178013
2 0.649137 0.317394 0.0354632 0.0154657
0 0.138073 0.69551 0.07036 0.0313675
5 0.819801 0.307933 0.066069 0.0328254
2 0.308046 0.318586 0.0351286 0.0176387
2 0.455681 0.874467 0.299475 0.195472
2 0.907915 0.865466 0.181339 0.172614
2 0.730829 0.521353 0.157305 0.0754626
2 0.44713 0.549148 0.170548 0.0836156
2 0.686134 0.448613 0.111577 0.053993
2 0.348277 0.441692 0.106337 0.0483063
2 0.111495 0.717488 0.22275 0.163761
2 0.550002 0.381703 0.0786896 0.0353313
7 0.379496 0.389009 0.149626 0.0873624
2 0.260617 0.498601 0.148083 0.0874849
2 0.206101 0.36958 0.0730211 0.0326874
2 0.0558433 0.385174 0.0823137 0.0350983
0 0.495091 0.84246 0.0893515 0.040499
2 0.32191 0.335134 0.0468529 0.0226272
2 0.579927 0.330877 0.0502009 0.0264628
5 0.85204 0.363009 0.127297 0.0798168
2 0.479061 0.330385 0.0504421 0.0239372
2 0.352791 0.320314 0.0358715 0.0178013
2 0.649137 0.317394 0.0354632 0.0154657
0 0.138073 0.69551 0.07036 0.0313675
5 0.819801 0.307933 0.066069 0.0328254
2 0.308046 0.318586 0.0351286 0.0176387
2 0.455681 0.874467 0.299475 0.195472
2 0.907915 0.865466 0.181339 0.172614
2 0.730829 0.521353 0.157305 0.0754626
2 0.44713 0.549148 0.170548 0.0836156
2 0.686134 0.448613 0.111577 0.053993
2 0.348277 0.441692 0.106337 0.0483063
2 0.111495 0.717488 0.22275 0.163761
2 0.550002 0.381703 0.0786896 0.0353313
7 0.379496 0.389009 0.149626 0.0873624
2 0.260617 0.498601 0.148083 0.0874849
2 0.206101 0.36958 0.0730211 0.0326874
2 0.0558433 0.385174 0.0823137 0.0350983
0 0.495091 0.84246 0.0893515 0.040499
2 0.32191 0.335134 0.0468529 0.0226272
2 0.579927 0.330877 0.0502009 0.0264628
5 0.85204 0.363009 0.127297 0.0798168
2 0.479061 0.330385 0.0504421 0.0239372
2 0.352791 0.320314 0.0358715 0.0178013
2 0.649137 0.317394 0.0354632 0.0154657
0 0.138073 0.69551 0.07036 0.0313675
5 0.819801 0.307933 0.066069 0.0328254
2 0.308046 0.318586 0.0351286 0.0176387
2 0.455681 0.874467 0.299475 0.195472
2 0.907915 0.865466 0.181339 0.172614
2 0.730829 0.521353 0.157305 0.0754626
2 0.44713 0.549148 0.170548 0.0836156
2 0.686134 0.448613 0.111577 0.053993
2 0.348277 0.441692 0.106337 0.0483063
2 0.111495 0.717488 0.22275 0.163761
2 0.550002 0.381703 0.0786896 0.0353313
7 0.379496 0.389009 0.149626 0.0873624
2 0.260617 0.498601 0.148083 0.0874849
2 0.206101 0.36958 0.0730211 0.0326874
2 0.0558433 0.385174 0.0823137 0.0350983
0 0.495091 0.84246 0.0893515 0.040499
2 0.32191 0.335134 0.0468529 0.0226272
2 0.579927 0.330877 0.0502009 0.0264628
5 0.85204 0.363009 0.127297 0.0798168
2 0.479061 0.330385 0.0504421 0.0239372
2 0.352791 0.320314 0.0358715 0.0178013
2 0.649137 0.317394 0.0354632 0.0154657
0 0.138073 0.69551 0.07036 0.0313675
5 0.819801 0.307933 0.066069 0.0328254
2 0.308046 0.318586 0.0351286 0.0176387
2 0.455681 0.874467 0.299475 0.195472
2 0.907915 0.865466 0.181339 0.172614
2 0.730829 0.521353 0.157305 0.0754626
2 0.44713 0.549148 0.170548 0.0836156
2 0.686134 0.448613 0.111577 0.053993
2 0.348277 0.441692 0.106337 0.0483063
2 0.111495 0.717488 0.22275 0.163761
2 0.550002 0.381703 0.0786896 0.0353313
7 0.379496 0.389009 0.149626 0.0873624
2 0.260617 0.498601 0.148083 0.0874849
2 0.206101 0.36958 0.0730211 0.0326874
2 0.0558433 0.385174 0.0823137 0.0350983
0 0.495091 0.84246 0.0893515 0.040499
2 0.32191 0.335134 0.0468529 0.0226272
2 0.579927 0.330877 0.0502009 0.0264628
5 0.85204 0.363009 0.127297 0.0798168
2 0.479061 0.330385 0.0504421 0.0239372
2 0.352791 0.320314 0.0358715 0.0178013
2 0.649137 0.317394 0.0354632 0.0154657
0 0.138073 0.69551 0.07036 0.0313675
5 0.819801 0.307933 0.066069 0.0328254
2 0.308046 0.318586 0.0351286 0.0176387
2 0.455172 0.874536 0.299826 0.196248
2 0.908238 0.865701 0.181741 0.173434
2 0.731687 0.521552 0.157904 0.074796
2 0.451675 0.549274 0.157611 0.0826778
2 0.686253 0.448337 0.111407 0.0533422
7 0.376757 0.388355 0.146896 0.0871154
2 0.547602 0.381963 0.0842879 0.0366456
2 0.347396 0.442454 0.107525 0.049441
2 0.206055 0.369672 0.0732148 0.0331382
2 0.0568113 0.385545 0.0831769 0.0362303
5 0.852125 0.362877 0.126318 0.0805104
2 0.260568 0.498856 0.150227 0.0862354
0 0.495467 0.842699 0.0887217 0.0412183
2 0.111415 0.717741 0.221975 0.163052
7 0.111331 0.718019 0.222662 0.163326
2 0.578821 0.331609 0.0541789 0.0273486
5 0.81907 0.30882 0.072502 0.0333564
2 0.649562 0.317691 0.0377159 0.0153576
2 0.479012 0.330913 0.0501302 0.0236883
2 0.455172 0.874536 0.299826 0.196248
2 0.908238 0.865701 0.181741 0.173434
2 0.731687 0.521552 0.157904 0.074796
2 0.451675 0.549274 0.157611 0.0826778
2 0.686253 0.448337 0.111407 0.0533422
7 0.376757 0.388355 0.146896 0.0871154
2 0.547602 0.381963 0.0842879 0.0366456
2 0.347396 0.442454 0.107525 0.049441
2 0.206055 0.369672 0.0732148 0.0331382
2 0.0568113 0.385545 0.0831769 0.0362303
5 0.852125 0.362877 0.126318 0.0805104
2 0.260568 0.498856 0.150227 0.0862354
0 0.495467 0.842699 0.0887217 0.0412183
2 0.111415 0.717741 0.221975 0.163052
7 0.111331 0.718019 0.222662 0.163326
2 0.578821 0.331609 0.0541789 0.0273486
5 0.81907 0.30882 0.072502 0.0333564
2 0.649562 0.317691 0.0377159 0.0153576
2 0.479012 0.330913 0.0501302 0.0236883
