2 0.473294 0.579997 0.183924 0.0904011
2 0.461623 0.508724 0.153185 0.0783125
2 0.749978 0.570528 0.186765 0.113827
7 0.168904 0.566837 0.229211 0.171171
2 0.696112 0.46824 0.132872 0.0615749
5 0.908464 0.85659 0.179441 0.285737
2 0.6561 0.385338 0.0886412 0.0431454
2 0.482918 0.412254 0.0970485 0.0516393
2 0.411888 0.366999 0.0743625 0.0338414
2 0.658333 0.355548 0.0728512 0.032879
2 0.112938 0.395299 0.100424 0.0424622
2 0.348408 0.390727 0.0991171 0.0588139
5 0.445257 0.334266 0.0988073 0.0668439
2 0.151527 0.340665 0.0660451 0.0286555
2 0.0325689 0.441771 0.0651379 0.0525001
2 0.52895 0.329835 0.0577859 0.0262586
2 0.278949 0.4632 0.140138 0.0796021
2 0.274358 0.323713 0.0531837 0.0238498
7 0.44466 0.334271 0.0983492 0.0656659
2 0.0188601 0.387948 0.0377202 0.039542
2 0.327288 0.31122 0.0405642 0.0174769
2 0.560536 0.303423 0.044091 0.023748
2 0.61574 0.296888 0.037969 0.0110964
2 0.473294 0.579997 0.183924 0.0904011
2 0.461623 0.508724 0.153185 0.0783125
2 0.749978 0.570528 0.186765 0.113827
7 0.168904 0.566837 0.229211 0.171171
2 0.696112 0.46824 0.132872 0.0615749
5 0.908464 0.85659 0.179441 0.285737
2 0.6561 0.385338 0.0886412 0.0431454
2 0.482918 0.412254 0.0970485 0.0516393
2 0.411888 0.366999 0.0743625 0.0338414
2 0.658333 0.355548 0.0728512 0.032879
2 0.112938 0.395299 0.100424 0.0424622
2 0.348408 0.390727 0.0991171 0.0588139
5 0.445257 0.334266 0.0988073 0.0668439
2 0.151527 0.340665 0.0660451 0.0286555
2 0.0325689 0.441771 0.0651379 0.0525001
2 0.52895 0.329835 0.0577859 0.0262586
2 0.278949 0.4632 0.140138 0.0796021
2 0.274358 0.323713 0.0531837 0.0238498
7 0.44466 0.334271 0.0983492 0.0656659
2 0.0188601 0.387948 0.0377202 0.039542
2 0.327288 0.31122 0.0405642 0.0174769
2 0.560536 0.303423 0.044091 0.023748
2 0.61574 0.296888 0.037969 0.0110964
2 0.473294 0.579997 0.183924 0.0904011
2 0.461623 0.508724 0.153185 0.0783125
2 0.749978 0.570528 0.186765 0.113827
7 0.168904 0.566837 0.229211 0.171171
2 0.696112 0.46824 0.132872 0.0615749
5 0.908464 0.85659 0.179441 0.285737
2 0.6561 0.385338 0.0886412 0.0431454
2 0.482918 0.412254 0.0970485 0.0516393
2 0.411888 0.366999 0.0743625 0.0338414
2 0.658333 0.355548 0.0728512 0.032879
2 0.112938 0.395299 0.100424 0.0424622
2 0.348408 0.390727 0.0991171 0.0588139
5 0.445257 0.334266 0.0988073 0.0668439
2 0.151527 0.340665 0.0660451 0.0286555
2 0.0325689 0.441771 0.0651379 0.0525001
2 0.52895 0.329835 0.0577859 0.0262586
2 0.278949 0.4632 0.140138 0.0796021
2 0.274358 0.323713 0.0531837 0.0238498
7 0.44466 0.334271 0.0983492 0.0656659
2 0.0188601 0.387948 0.0377202 0.039542
2 0.327288 0.31122 0.0405642 0.0174769
2 0.560536 0.303423 0.044091 0.023748
2 0.61574 0.296888 0.037969 0.0110964
2 0.473294 0.579997 0.183924 0.0904011
2 0.461623 0.508724 0.153185 0.0783125
2 0.749978 0.570528 0.186765 0.113827
7 0.168904 0.566837 0.229211 0.171171
2 0.696112 0.46824 0.132872 0.0615749
5 0.908464 0.85659 0.179441 0.285737
2 0.6561 0.385338 0.0886412 0.0431454
2 0.482918 0.412254 0.0970485 0.0516393
2 0.411888 0.366999 0.0743625 0.0338414
2 0.658333 0.355548 0.0728512 0.032879
2 0.112938 0.395299 0.100424 0.0424622
2 0.348408 0.390727 0.0991171 0.0588139
5 0.445257 0.334266 0.0988073 0.0668439
2 0.151527 0.340665 0.0660451 0.0286555
2 0.0325689 0.441771 0.0651379 0.0525001
2 0.52895 0.329835 0.0577859 0.0262586
2 0.278949 0.4632 0.140138 0.0796021
2 0.274358 0.323713 0.0531837 0.0238498
7 0.44466 0.334271 0.0983492 0.0656659
2 0.0188601 0.387948 0.0377202 0.039542
2 0.327288 0.31122 0.0405642 0.0174769
2 0.560536 0.303423 0.044091 0.023748
2 0.61574 0.296888 0.037969 0.0110964
2 0.473294 0.579997 0.183924 0.0904011
2 0.461623 0.508724 0.153185 0.0783125
2 0.749978 0.570528 0.186765 0.113827
7 0.168904 0.566837 0.229211 0.171171
2 0.696112 0.46824 0.132872 0.0615749
5 0.908464 0.85659 0.179441 0.285737
2 0.6561 0.385338 0.0886412 0.0431454
2 0.482918 0.412254 0.0970485 0.0516393
2 0.411888 0.366999 0.0743625 0.0338414
2 0.658333 0.355548 0.0728512 0.032879
2 0.112938 0.395299 0.100424 0.0424622
2 0.348408 0.390727 0.0991171 0.0588139
5 0.445257 0.334266 0.0988073 0.0668439
2 0.151527 0.340665 0.0660451 0.0286555
2 0.0325689 0.441771 0.0651379 0.0525001
2 0.52895 0.329835 0.0577859 0.0262586
2 0.278949 0.4632 0.140138 0.0796021
2 0.274358 0.323713 0.0531837 0.0238498
7 0.44466 0.334271 0.0983492 0.0656659
2 0.0188601 0.387948 0.0377202 0.039542
2 0.327288 0.31122 0.0405642 0.0174769
2 0.560536 0.303423 0.044091 0.023748
2 0.61574 0.296888 0.037969 0.0110964
2 0.473294 0.579997 0.183924 0.0904011
2 0.461623 0.508724 0.153185 0.0783125
2 0.749978 0.570528 0.186765 0.113827
7 0.168904 0.566837 0.229211 0.171171
2 0.696112 0.46824 0.132872 0.0615749
5 0.908464 0.85659 0.179441 0.285737
2 0.6561 0.385338 0.0886412 0.0431454
2 0.482918 0.412254 0.0970485 0.0516393
2 0.411888 0.366999 0.0743625 0.0338414
2 0.658333 0.355548 0.0728512 0.032879
2 0.112938 0.395299 0.100424 0.0424622
2 0.348408 0.390727 0.0991171 0.0588139
5 0.445257 0.334266 0.0988073 0.0668439
2 0.151527 0.340665 0.0660451 0.0286555
2 0.0325689 0.441771 0.0651379 0.0525001
2 0.52895 0.329835 0.0577859 0.0262586
2 0.278949 0.4632 0.140138 0.0796021
2 0.274358 0.323713 0.0531837 0.0238498
7 0.44466 0.334271 0.0983492 0.0656659
2 0.0188601 0.387948 0.0377202 0.039542
2 0.327288 0.31122 0.0405642 0.0174769
2 0.560536 0.303423 0.044091 0.023748
2 0.61574 0.296888 0.037969 0.0110964
2 0.473294 0.579997 0.183924 0.0904011
2 0.461623 0.508724 0.153185 0.0783125
2 0.749978 0.570528 0.186765 0.113827
7 0.168904 0.566837 0.229211 0.171171
2 0.696112 0.46824 0.132872 0.0615749
5 0.908464 0.85659 0.179441 0.285737
2 0.6561 0.385338 0.0886412 0.0431454
2 0.482918 0.412254 0.0970485 0.0516393
2 0.411888 0.366999 0.0743625 0.0338414
2 0.658333 0.355548 0.0728512 0.032879
2 0.112938 0.395299 0.100424 0.0424622
2 0.348408 0.390727 0.0991171 0.0588139
5 0.445257 0.334266 0.0988073 0.0668439
2 0.151527 0.340665 0.0660451 0.0286555
2 0.0325689 0.441771 0.0651379 0.0525001
2 0.52895 0.329835 0.0577859 0.0262586
2 0.278949 0.4632 0.140138 0.0796021
2 0.274358 0.323713 0.0531837 0.0238498
7 0.44466 0.334271 0.0983492 0.0656659
2 0.0188601 0.387948 0.0377202 0.039542
2 0.327288 0.31122 0.0405642 0.0174769
2 0.560536 0.303423 0.044091 0.023748
2 0.61574 0.296888 0.037969 0.0110964
2 0.473294 0.579997 0.183924 0.0904011
2 0.461623 0.508724 0.153185 0.0783125
2 0.749978 0.570528 0.186765 0.113827
7 0.168904 0.566837 0.229211 0.171171
2 0.696112 0.46824 0.132872 0.0615749
5 0.908464 0.85659 0.179441 0.285737
2 0.6561 0.385338 0.0886412 0.0431454
2 0.482918 0.412254 0.0970485 0.0516393
2 0.411888 0.366999 0.0743625 0.0338414
2 0.658333 0.355548 0.0728512 0.032879
2 0.112938 0.395299 0.100424 0.0424622
2 0.348408 0.390727 0.0991171 0.0588139
5 0.445257 0.334266 0.0988073 0.0668439
2 0.151527 0.340665 0.0660451 0.0286555
2 0.0325689 0.441771 0.0651379 0.0525001
2 0.52895 0.329835 0.0577859 0.0262586
2 0.278949 0.4632 0.140138 0.0796021
2 0.274358 0.323713 0.0531837 0.0238498
7 0.44466 0.334271 0.0983492 0.0656659
2 0.0188601 0.387948 0.0377202 0.039542
2 0.327288 0.31122 0.0405642 0.0174769
2 0.560536 0.303423 0.044091 0.023748
2 0.61574 0.296888 0.037969 0.0110964
2 0.473294 0.579997 0.183924 0.0904011
2 0.461623 0.508724 0.153185 0.0783125
2 0.749978 0.570528 0.186765 0.113827
7 0.168904 0.566837 0.229211 0.171171
2 0.696112 0.46824 0.132872 0.0615749
5 0.908464 0.85659 0.179441 0.285737
2 0.6561 0.385338 0.0886412 0.0431454
2 0.482918 0.412254 0.0970485 0.0516393
2 0.411888 0.366999 0.0743625 0.0338414
2 0.658333 0.355548 0.0728512 0.032879
2 0.112938 0.395299 0.100424 0.0424622
2 0.348408 0.390727 0.0991171 0.0588139
5 0.445257 0.334266 0.0988073 0.0668439
2 0.151527 0.340665 0.0660451 0.0286555
2 0.0325689 0.441771 0.0651379 0.0525001
2 0.52895 0.329835 0.0577859 0.0262586
2 0.278949 0.4632 0.140138 0.0796021
2 0.274358 0.323713 0.0531837 0.0238498
7 0.44466 0.334271 0.0983492 0.0656659
2 0.0188601 0.387948 0.0377202 0.039542
2 0.327288 0.31122 0.0405642 0.0174769
2 0.560536 0.303423 0.044091 0.023748
2 0.61574 0.296888 0.037969 0.0110964
2 0.473294 0.579997 0.183924 0.0904011
2 0.461623 0.508724 0.153185 0.0783125
2 0.749978 0.570528 0.186765 0.113827
7 0.168904 0.566837 0.229211 0.171171
2 0.696112 0.46824 0.132872 0.0615749
5 0.908464 0.85659 0.179441 0.285737
2 0.6561 0.385338 0.0886412 0.0431454
2 0.482918 0.412254 0.0970485 0.0516393
2 0.411888 0.366999 0.0743625 0.0338414
2 0.658333 0.355548 0.0728512 0.032879
2 0.112938 0.395299 0.100424 0.0424622
2 0.348408 0.390727 0.0991171 0.0588139
5 0.445257 0.334266 0.0988073 0.0668439
2 0.151527 0.340665 0.0660451 0.0286555
2 0.0325689 0.441771 0.0651379 0.0525001
2 0.52895 0.329835 0.0577859 0.0262586
2 0.278949 0.4632 0.140138 0.0796021
2 0.274358 0.323713 0.0531837 0.0238498
7 0.44466 0.334271 0.0983492 0.0656659
2 0.0188601 0.387948 0.0377202 0.039542
2 0.327288 0.31122 0.0405642 0.0174769
2 0.560536 0.303423 0.044091 0.023748
2 0.61574 0.296888 0.037969 0.0110964
2 0.473294 0.579997 0.183924 0.0904011
2 0.461623 0.508724 0.153185 0.0783125
2 0.749978 0.570528 0.186765 0.113827
7 0.168904 0.566837 0.229211 0.171171
2 0.696112 0.46824 0.132872 0.0615749
5 0.908464 0.85659 0.179441 0.285737
2 0.6561 0.385338 0.0886412 0.0431454
2 0.482918 0.412254 0.0970485 0.0516393
2 0.411888 0.366999 0.0743625 0.0338414
2 0.658333 0.355548 0.0728512 0.032879
2 0.112938 0.395299 0.100424 0.0424622
2 0.348408 0.390727 0.0991171 0.0588139
5 0.445257 0.334266 0.0988073 0.0668439
2 0.151527 0.340665 0.0660451 0.0286555
2 0.0325689 0.441771 0.0651379 0.0525001
2 0.52895 0.329835 0.0577859 0.0262586
2 0.278949 0.4632 0.140138 0.0796021
2 0.274358 0.323713 0.0531837 0.0238498
7 0.44466 0.334271 0.0983492 0.0656659
2 0.0188601 0.387948 0.0377202 0.039542
2 0.327288 0.31122 0.0405642 0.0174769
2 0.560536 0.303423 0.044091 0.023748
2 0.61574 0.296888 0.037969 0.0110964
2 0.473294 0.579997 0.183924 0.0904011
2 0.461623 0.508724 0.153185 0.0783125
2 0.749978 0.570528 0.186765 0.113827
7 0.168904 0.566837 0.229211 0.171171
2 0.696112 0.46824 0.132872 0.0615749
5 0.908464 0.85659 0.179441 0.285737
2 0.6561 0.385338 0.0886412 0.0431454
2 0.482918 0.412254 0.0970485 0.0516393
2 0.411888 0.366999 0.0743625 0.0338414
2 0.658333 0.355548 0.0728512 0.032879
2 0.112938 0.395299 0.100424 0.0424622
2 0.348408 0.390727 0.0991171 0.0588139
5 0.445257 0.334266 0.0988073 0.0668439
2 0.151527 0.340665 0.0660451 0.0286555
2 0.0325689 0.441771 0.0651379 0.0525001
2 0.52895 0.329835 0.0577859 0.0262586
2 0.278949 0.4632 0.140138 0.0796021
2 0.274358 0.323713 0.0531837 0.0238498
7 0.44466 0.334271 0.0983492 0.0656659
2 0.0188601 0.387948 0.0377202 0.039542
2 0.327288 0.31122 0.0405642 0.0174769
2 0.560536 0.303423 0.044091 0.023748
2 0.61574 0.296888 0.037969 0.0110964
2 0.473294 0.579997 0.183924 0.0904011
2 0.461623 0.508724 0.153185 0.0783125
2 0.749978 0.570528 0.186765 0.113827
7 0.168904 0.566837 0.229211 0.171171
2 0.696112 0.46824 0.132872 0.0615749
5 0.908464 0.85659 0.179441 0.285737
2 0.6561 0.385338 0.0886412 0.0431454
2 0.482918 0.412254 0.0970485 0.0516393
2 0.411888 0.366999 0.0743625 0.0338414
2 0.658333 0.355548 0.0728512 0.032879
2 0.112938 0.395299 0.100424 0.0424622
2 0.348408 0.390727 0.0991171 0.0588139
5 0.445257 0.334266 0.0988073 0.0668439
2 0.151527 0.340665 0.0660451 0.0286555
2 0.0325689 0.441771 0.0651379 0.0525001
2 0.52895 0.329835 0.0577859 0.0262586
2 0.278949 0.4632 0.140138 0.0796021
2 0.274358 0.323713 0.0531837 0.0238498
7 0.44466 0.334271 0.0983492 0.0656659
2 0.0188601 0.387948 0.0377202 0.039542
2 0.327288 0.31122 0.0405642 0.0174769
2 0.560536 0.303423 0.044091 0.023748
2 0.61574 0.296888 0.037969 0.0110964
5 0.907438 0.856415 0.183839 0.285714
2 0.47241 0.579874 0.182449 0.0917329
2 0.750053 0.570142 0.188188 0.115649
7 0.443332 0.333231 0.100812 0.0653166
7 0.168754 0.567032 0.229253 0.170798
2 0.699778 0.468381 0.137849 0.0606735
2 0.461027 0.508938 0.148069 0.0770124
2 0.481823 0.412121 0.102765 0.0506945
2 0.656195 0.384839 0.092485 0.0439664
2 0.278252 0.463451 0.139692 0.079631
2 0.112142 0.395661 0.101875 0.0437435
2 0.348349 0.391429 0.0997572 0.0562885
2 0.656859 0.356098 0.0735984 0.0330515
2 0.4109 0.367519 0.0756768 0.0345161
2 0.52896 0.330005 0.058005 0.0266967
2 0.0325844 0.441157 0.0642136 0.0525114
2 0.152653 0.340343 0.0688135 0.0290688
5 0.907438 0.856415 0.183839 0.285714
2 0.47241 0.579874 0.182449 0.0917329
2 0.750053 0.570142 0.188188 0.115649
7 0.443332 0.333231 0.100812 0.0653166
7 0.168754 0.567032 0.229253 0.170798
2 0.699778 0.468381 0.137849 0.0606735
2 0.461027 0.508938 0.148069 0.0770124
2 0.481823 0.412121 0.102765 0.0506945
2 0.656195 0.384839 0.092485 0.0439664
2 0.278252 0.463451 0.139692 0.079631
2 0.112142 0.395661 0.101875 0.0437435
2 0.348349 0.391429 0.0997572 0.0562885
2 0.656859 0.356098 0.0735984 0.0330515
2 0.4109 0.367519 0.0756768 0.0345161
2 0.52896 0.330005 0.058005 0.0266967
2 0.0325844 0.441157 0.0642136 0.0525114
2 0.152653 0.340343 0.0688135 0.0290688
