2 0.448599 0.751543 0.258023 0.143823
2 0.0890494 0.753135 0.177051 0.142177
2 0.190841 0.598148 0.183685 0.0917861
2 0.613587 0.429845 0.113381 0.0534512
2 0.517812 0.388443 0.0912075 0.041231
2 0.447596 0.554426 0.185262 0.11586
2 0.362821 0.373657 0.0827864 0.0401062
2 0.434684 0.331716 0.062088 0.0348585
2 0.659225 0.357256 0.0796761 0.0462096
2 0.229001 0.340453 0.0711394 0.0317793
5 0.269166 0.296786 0.0584448 0.0370737
2 0.0787247 0.345461 0.0694847 0.0283727
2 0.750305 0.579978 0.202685 0.132827
2 0.192402 0.331506 0.0540799 0.0296442
3 0.258162 0.476563 0.0423459 0.0408794
0 0.256666 0.459403 0.0553448 0.0520701
7 0.750134 0.580122 0.202877 0.133279
7 0.532287 0.339774 0.0884006 0.063492
2 0.338048 0.300416 0.0389142 0.0194935
2 0.64054 0.312235 0.049724 0.0288994
2 0.532776 0.340158 0.0900296 0.0646841
2 0.48799 0.310376 0.0359711 0.021457
7 0.445798 0.294026 0.0366688 0.0250333
0 0.782031 0.570819 0.0475779 0.0214516
2 0.480871 0.312066 0.056911 0.0222603
2 0.448599 0.751543 0.258023 0.143823
2 0.0890494 0.753135 0.177051 0.142177
2 0.190841 0.598148 0.183685 0.0917861
2 0.613587 0.429845 0.113381 0.0534512
2 0.517812 0.388443 0.0912075 0.041231
2 0.447596 0.554426 0.185262 0.11586
2 0.362821 0.373657 0.0827864 0.0401062
2 0.434684 0.331716 0.062088 0.0348585
2 0.659225 0.357256 0.0796761 0.0462096
2 0.229001 0.340453 0.0711394 0.0317793
5 0.269166 0.296786 0.0584448 0.0370737
2 0.0787247 0.345461 0.0694847 0.0283727
2 0.750305 0.579978 0.202685 0.132827
2 0.192402 0.331506 0.0540799 0.0296442
3 0.258162 0.476563 0.0423459 0.0408794
0 0.256666 0.459403 0.0553448 0.0520701
7 0.750134 0.580122 0.202877 0.133279
7 0.532287 0.339774 0.0884006 0.063492
2 0.338048 0.300416 0.0389142 0.0194935
2 0.64054 0.312235 0.049724 0.0288994
2 0.532776 0.340158 0.0900296 0.0646841
2 0.48799 0.310376 0.0359711 0.021457
7 0.445798 0.294026 0.0366688 0.0250333
0 0.782031 0.570819 0.0475779 0.0214516
2 0.480871 0.312066 0.056911 0.0222603
2 0.448599 0.751543 0.258023 0.143823
2 0.0890494 0.753135 0.177051 0.142177
2 0.190841 0.598148 0.183685 0.0917861
2 0.613587 0.429845 0.113381 0.0534512
2 0.517812 0.388443 0.0912075 0.041231
2 0.447596 0.554426 0.185262 0.11586
2 0.362821 0.373657 0.0827864 0.0401062
2 0.434684 0.331716 0.062088 0.0348585
2 0.659225 0.357256 0.0796761 0.0462096
2 0.229001 0.340453 0.0711394 0.0317793
5 0.269166 0.296786 0.0584448 0.0370737
2 0.0787247 0.345461 0.0694847 0.0283727
2 0.750305 0.579978 0.202685 0.132827
2 0.192402 0.331506 0.0540799 0.0296442
3 0.258162 0.476563 0.0423459 0.0408794
0 0.256666 0.459403 0.0553448 0.0520701
7 0.750134 0.580122 0.202877 0.133279
7 0.532287 0.339774 0.0884006 0.063492
2 0.338048 0.300416 0.0389142 0.0194935
2 0.64054 0.312235 0.049724 0.0288994
2 0.532776 0.340158 0.0900296 0.0646841
2 0.48799 0.310376 0.0359711 0.021457
7 0.445798 0.294026 0.0366688 0.0250333
0 0.782031 0.570819 0.0475779 0.0214516
2 0.480871 0.312066 0.056911 0.0222603
2 0.448599 0.751543 0.258023 0.143823
2 0.0890494 0.753135 0.177051 0.142177
2 0.190841 0.598148 0.183685 0.0917861
2 0.613587 0.429845 0.113381 0.0534512
2 0.517812 0.388443 0.0912075 0.041231
2 0.447596 0.554426 0.185262 0.11586
2 0.362821 0.373657 0.0827864 0.0401062
2 0.434684 0.331716 0.062088 0.0348585
2 0.659225 0.357256 0.0796761 0.0462096
2 0.229001 0.340453 0.0711394 0.0317793
5 0.269166 0.296786 0.0584448 0.0370737
2 0.0787247 0.345461 0.0694847 0.0283727
2 0.750305 0.579978 0.202685 0.132827
2 0.192402 0.331506 0.0540799 0.0296442
3 0.258162 0.476563 0.0423459 0.0408794
0 0.256666 0.459403 0.0553448 0.0520701
7 0.750134 0.580122 0.202877 0.133279
7 0.532287 0.339774 0.0884006 0.063492
2 0.338048 0.300416 0.0389142 0.0194935
2 0.64054 0.312235 0.049724 0.0288994
2 0.532776 0.340158 0.0900296 0.0646841
2 0.48799 0.310376 0.0359711 0.021457
7 0.445798 0.294026 0.0366688 0.0250333
0 0.782031 0.570819 0.0475779 0.0214516
2 0.480871 0.312066 0.056911 0.0222603
2 0.448599 0.751543 0.258023 0.143823
2 0.0890494 0.753135 0.177051 0.142177
2 0.190841 0.598148 0.183685 0.0917861
2 0.613587 0.429845 0.113381 0.0534512
2 0.517812 0.388443 0.0912075 0.041231
2 0.447596 0.554426 0.185262 0.11586
2 0.362821 0.373657 0.0827864 0.0401062
2 0.434684 0.331716 0.062088 0.0348585
2 0.659225 0.357256 0.0796761 0.0462096
2 0.229001 0.340453 0.0711394 0.0317793
5 0.269166 0.296786 0.0584448 0.0370737
2 0.0787247 0.345461 0.0694847 0.0283727
2 0.750305 0.579978 0.202685 0.132827
2 0.192402 0.331506 0.0540799 0.0296442
3 0.258162 0.476563 0.0423459 0.0408794
0 0.256666 0.459403 0.0553448 0.0520701
7 0.750134 0.580122 0.202877 0.133279
7 0.532287 0.339774 0.0884006 0.063492
2 0.338048 0.300416 0.0389142 0.0194935
2 0.64054 0.312235 0.049724 0.0288994
2 0.532776 0.340158 0.0900296 0.0646841
2 0.48799 0.310376 0.0359711 0.021457
7 0.445798 0.294026 0.0366688 0.0250333
0 0.782031 0.570819 0.0475779 0.0214516
2 0.480871 0.312066 0.056911 0.0222603
2 0.448599 0.751543 0.258023 0.143823
2 0.0890494 0.753135 0.177051 0.142177
2 0.190841 0.598148 0.183685 0.0917861
2 0.613587 0.429845 0.113381 0.0534512
2 0.517812 0.388443 0.0912075 0.041231
2 0.447596 0.554426 0.185262 0.11586
2 0.362821 0.373657 0.0827864 0.0401062
2 0.434684 0.331716 0.062088 0.0348585
2 0.659225 0.357256 0.0796761 0.0462096
2 0.229001 0.340453 0.0711394 0.0317793
5 0.269166 0.296786 0.0584448 0.0370737
2 0.0787247 0.345461 0.0694847 0.0283727
2 0.750305 0.579978 0.202685 0.132827
2 0.192402 0.331506 0.0540799 0.0296442
3 0.258162 0.476563 0.0423459 0.0408794
0 0.256666 0.459403 0.0553448 0.0520701
7 0.750134 0.580122 0.202877 0.133279
7 0.532287 0.339774 0.0884006 0.063492
2 0.338048 0.300416 0.0389142 0.0194935
2 0.64054 0.312235 0.049724 0.0288994
2 0.532776 0.340158 0.0900296 0.0646841
2 0.48799 0.310376 0.0359711 0.021457
7 0.445798 0.294026 0.0366688 0.0250333
0 0.782031 0.570819 0.0475779 0.0214516
2 0.480871 0.312066 0.056911 0.0222603
2 0.448599 0.751543 0.258023 0.143823
2 0.0890494 0.753135 0.177051 0.142177
2 0.190841 0.598148 0.183685 0.0917861
2 0.613587 0.429845 0.113381 0.0534512
2 0.517812 0.388443 0.0912075 0.041231
2 0.447596 0.554426 0.185262 0.11586
2 0.362821 0.373657 0.0827864 0.0401062
2 0.434684 0.331716 0.062088 0.0348585
2 0.659225 0.357256 0.0796761 0.0462096
2 0.229001 0.340453 0.0711394 0.0317793
5 0.269166 0.296786 0.0584448 0.0370737
2 0.0787247 0.345461 0.0694847 0.0283727
2 0.750305 0.579978 0.202685 0.132827
2 0.192402 0.331506 0.0540799 0.0296442
3 0.258162 0.476563 0.0423459 0.0408794
0 0.256666 0.459403 0.0553448 0.0520701
7 0.750134 0.580122 0.202877 0.133279
7 0.532287 0.339774 0.0884006 0.063492
2 0.338048 0.300416 0.0389142 0.0194935
2 0.64054 0.312235 0.049724 0.0288994
2 0.532776 0.340158 0.0900296 0.0646841
2 0.48799 0.310376 0.0359711 0.021457
7 0.445798 0.294026 0.0366688 0.0250333
0 0.782031 0.570819 0.0475779 0.0214516
2 0.480871 0.312066 0.056911 0.0222603
2 0.448599 0.751543 0.258023 0.143823
2 0.0890494 0.753135 0.177051 0.142177
2 0.190841 0.598148 0.183685 0.0917861
2 0.613587 0.429845 0.113381 0.0534512
2 0.517812 0.388443 0.0912075 0.041231
2 0.447596 0.554426 0.185262 0.11586
2 0.362821 0.373657 0.0827864 0.0401062
2 0.434684 0.331716 0.062088 0.0348585
2 0.659225 0.357256 0.0796761 0.0462096
2 0.229001 0.340453 0.0711394 0.0317793
5 0.269166 0.296786 0.0584448 0.0370737
2 0.0787247 0.345461 0.0694847 0.0283727
2 0.750305 0.579978 0.202685 0.132827
2 0.192402 0.331506 0.0540799 0.0296442
3 0.258162 0.476563 0.0423459 0.0408794
0 0.256666 0.459403 0.0553448 0.0520701
7 0.750134 0.580122 0.202877 0.133279
7 0.532287 0.339774 0.0884006 0.063492
2 0.338048 0.300416 0.0389142 0.0194935
2 0.64054 0.312235 0.049724 0.0288994
2 0.532776 0.340158 0.0900296 0.0646841
2 0.48799 0.310376 0.0359711 0.021457
7 0.445798 0.294026 0.0366688 0.0250333
0 0.782031 0.570819 0.0475779 0.0214516
2 0.480871 0.312066 0.056911 0.0222603
2 0.448599 0.751543 0.258023 0.143823
2 0.0890494 0.753135 0.177051 0.142177
2 0.190841 0.598148 0.183685 0.0917861
2 0.613587 0.429845 0.113381 0.0534512
2 0.517812 0.388443 0.0912075 0.041231
2 0.447596 0.554426 0.185262 0.11586
2 0.362821 0.373657 0.0827864 0.0401062
2 0.434684 0.331716 0.062088 0.0348585
2 0.659225 0.357256 0.0796761 0.0462096
2 0.229001 0.340453 0.0711394 0.0317793
5 0.269166 0.296786 0.0584448 0.0370737
2 0.0787247 0.345461 0.0694847 0.0283727
2 0.750305 0.579978 0.202685 0.132827
2 0.192402 0.331506 0.0540799 0.0296442
3 0.258162 0.476563 0.0423459 0.0408794
0 0.256666 0.459403 0.0553448 0.0520701
7 0.750134 0.580122 0.202877 0.133279
7 0.532287 0.339774 0.0884006 0.063492
2 0.338048 0.300416 0.0389142 0.0194935
2 0.64054 0.312235 0.049724 0.0288994
2 0.532776 0.340158 0.0900296 0.0646841
2 0.48799 0.310376 0.0359711 0.021457
7 0.445798 0.294026 0.0366688 0.0250333
0 0.782031 0.570819 0.0475779 0.0214516
2 0.480871 0.312066 0.056911 0.0222603
2 0.448599 0.751543 0.258023 0.143823
2 0.0890494 0.753135 0.177051 0.142177
2 0.190841 0.598148 0.183685 0.0917861
2 0.613587 0.429845 0.113381 0.0534512
2 0.517812 0.388443 0.0912075 0.041231
2 0.447596 0.554426 0.185262 0.11586
2 0.362821 0.373657 0.0827864 0.0401062
2 0.434684 0.331716 0.062088 0.0348585
2 0.659225 0.357256 0.0796761 0.0462096
2 0.229001 0.340453 0.0711394 0.0317793
5 0.269166 0.296786 0.0584448 0.0370737
2 0.0787247 0.345461 0.0694847 0.0283727
2 0.750305 0.579978 0.202685 0.132827
2 0.192402 0.331506 0.0540799 0.0296442
3 0.258162 0.476563 0.0423459 0.0408794
0 0.256666 0.459403 0.0553448 0.0520701
7 0.750134 0.580122 0.202877 0.133279
7 0.532287 0.339774 0.0884006 0.063492
2 0.338048 0.300416 0.0389142 0.0194935
2 0.64054 0.312235 0.049724 0.0288994
2 0.532776 0.340158 0.0900296 0.0646841
2 0.48799 0.310376 0.0359711 0.021457
7 0.445798 0.294026 0.0366688 0.0250333
0 0.782031 0.570819 0.0475779 0.0214516
2 0.480871 0.312066 0.056911 0.0222603
2 0.448599 0.751543 0.258023 0.143823
2 0.0890494 0.753135 0.177051 0.142177
2 0.190841 0.598148 0.183685 0.0917861
2 0.613587 0.429845 0.113381 0.0534512
2 0.517812 0.388443 0.0912075 0.041231
2 0.447596 0.554426 0.185262 0.11586
2 0.362821 0.373657 0.0827864 0.0401062
2 0.434684 0.331716 0.062088 0.0348585
2 0.659225 0.357256 0.0796761 0.0462096
2 0.229001 0.340453 0.0711394 0.0317793
5 0.269166 0.296786 0.0584448 0.0370737
2 0.0787247 0.345461 0.0694847 0.0283727
2 0.750305 0.579978 0.202685 0.132827
2 0.192402 0.331506 0.0540799 0.0296442
3 0.258162 0.476563 0.0423459 0.0408794
0 0.256666 0.459403 0.0553448 0.0520701
7 0.750134 0.580122 0.202877 0.133279
7 0.532287 0.339774 0.0884006 0.063492
2 0.338048 0.300416 0.0389142 0.0194935
2 0.64054 0.312235 0.049724 0.0288994
2 0.532776 0.340158 0.0900296 0.0646841
2 0.48799 0.310376 0.0359711 0.021457
7 0.445798 0.294026 0.0366688 0.0250333
0 0.782031 0.570819 0.0475779 0.0214516
2 0.480871 0.312066 0.056911 0.0222603
2 0.448599 0.751543 0.258023 0.143823
2 0.0890494 0.753135 0.177051 0.142177
2 0.190841 0.598148 0.183685 0.0917861
2 0.613587 0.429845 0.113381 0.0534512
2 0.517812 0.388443 0.0912075 0.041231
2 0.447596 0.554426 0.185262 0.11586
2 0.362821 0.373657 0.0827864 0.0401062
2 0.434684 0.331716 0.062088 0.0348585
2 0.659225 0.357256 0.0796761 0.0462096
2 0.229001 0.340453 0.0711394 0.0317793
5 0.269166 0.296786 0.0584448 0.0370737
2 0.0787247 0.345461 0.0694847 0.0283727
2 0.750305 0.579978 0.202685 0.132827
2 0.192402 0.331506 0.0540799 0.0296442
3 0.258162 0.476563 0.0423459 0.0408794
0 0.256666 0.459403 0.0553448 0.0520701
7 0.750134 0.580122 0.202877 0.133279
7 0.532287 0.339774 0.0884006 0.063492
2 0.338048 0.300416 0.0389142 0.0194935
2 0.64054 0.312235 0.049724 0.0288994
2 0.532776 0.340158 0.0900296 0.0646841
2 0.48799 0.310376 0.0359711 0.021457
7 0.445798 0.294026 0.0366688 0.0250333
0 0.782031 0.570819 0.0475779 0.0214516
2 0.480871 0.312066 0.056911 0.0222603
2 0.448599 0.751543 0.258023 0.143823
2 0.0890494 0.753135 0.177051 0.142177
2 0.190841 0.598148 0.183685 0.0917861
2 0.613587 0.429845 0.113381 0.0534512
2 0.517812 0.388443 0.0912075 0.041231
2 0.447596 0.554426 0.185262 0.11586
2 0.362821 0.373657 0.0827864 0.0401062
2 0.434684 0.331716 0.062088 0.0348585
2 0.659225 0.357256 0.0796761 0.0462096
2 0.229001 0.340453 0.0711394 0.0317793
5 0.269166 0.296786 0.0584448 0.0370737
2 0.0787247 0.345461 0.0694847 0.0283727
2 0.750305 0.579978 0.202685 0.132827
2 0.192402 0.331506 0.0540799 0.0296442
3 0.258162 0.476563 0.0423459 0.0408794
0 0.256666 0.459403 0.0553448 0.0520701
7 0.750134 0.580122 0.202877 0.133279
7 0.532287 0.339774 0.0884006 0.063492
2 0.338048 0.300416 0.0389142 0.0194935
2 0.64054 0.312235 0.049724 0.0288994
2 0.532776 0.340158 0.0900296 0.0646841
2 0.48799 0.310376 0.0359711 0.021457
7 0.445798 0.294026 0.0366688 0.0250333
0 0.782031 0.570819 0.0475779 0.0214516
2 0.480871 0.312066 0.056911 0.0222603
2 0.449168 0.75166 0.261632 0.145063
2 0.0900041 0.754586 0.178356 0.143133
2 0.191412 0.598105 0.183388 0.0929138
2 0.447018 0.554336 0.186682 0.115912
2 0.615386 0.429766 0.114116 0.0540134
2 0.363451 0.373228 0.0847293 0.0415375
2 0.51678 0.388636 0.0948808 0.0412656
2 0.229874 0.340929 0.0698792 0.0323256
7 0.532678 0.340276 0.0942388 0.0623362
2 0.434739 0.331376 0.0631154 0.0345525
2 0.659845 0.356806 0.0809577 0.0460329
3 0.257116 0.475959 0.0437845 0.0424753
7 0.749809 0.580203 0.202812 0.133173
0 0.25609 0.457681 0.0549616 0.0514028
2 0.0780748 0.344629 0.0696636 0.0282293
2 0.192342 0.331719 0.0543452 0.0308498
2 0.641587 0.311795 0.0507535 0.0272751
2 0.749761 0.580145 0.202105 0.132638
2 0.449168 0.75166 0.261632 0.145063
2 0.0900041 0.754586 0.178356 0.143133
2 0.191412 0.598105 0.183388 0.0929138
2 0.447018 0.554336 0.186682 0.115912
2 0.615386 0.429766 0.114116 0.0540134
2 0.363451 0.373228 0.0847293 0.0415375
2 0.51678 0.388636 0.0948808 0.0412656
2 0.229874 0.340929 0.0698792 0.0323256
7 0.532678 0.340276 0.0942388 0.0623362
2 0.434739 0.331376 0.0631154 0.0345525
2 0.659845 0.356806 0.0809577 0.0460329
3 0.257116 0.475959 0.0437845 0.0424753
7 0.749809 0.580203 0.202812 0.133173
0 0.25609 0.457681 0.0549616 0.0514028
2 0.0780748 0.344629 0.0696636 0.0282293
2 0.192342 0.331719 0.0543452 0.0308498
2 0.641587 0.311795 0.0507535 0.0272751
2 0.749761 0.580145 0.202105 0.132638
