2 0.503002 0.675334 0.236696 0.122972
2 0.249274 0.504195 0.159881 0.0827929
2 0.665634 0.428025 0.116531 0.0558649
2 0.382758 0.366934 0.0977581 0.0552371
2 0.80346 0.547887 0.213873 0.133963
2 0.595896 0.317478 0.0622031 0.0294972
2 0.0548527 0.393698 0.109705 0.0534578
2 0.355962 0.293326 0.0450278 0.0240286
5 0.270438 0.290652 0.0796718 0.0471708
2 0.513211 0.433331 0.174212 0.124329
2 0.675784 0.330973 0.0763361 0.0397426
2 0.609674 0.294929 0.0488213 0.0286201
2 0.0768915 0.363119 0.0982436 0.0422931
2 0.494642 0.322948 0.0712869 0.0457064
2 0.529104 0.295237 0.0494093 0.0192843
2 0.687913 0.292841 0.0489099 0.0216734
7 0.513296 0.433264 0.174557 0.124065
2 0.481894 0.281315 0.049847 0.0304629
2 0.929382 0.985292 0.138247 0.0287943
3 0.495117 0.352837 0.0347782 0.0355432
2 0.503002 0.675334 0.236696 0.122972
2 0.249274 0.504195 0.159881 0.0827929
2 0.665634 0.428025 0.116531 0.0558649
2 0.382758 0.366934 0.0977581 0.0552371
2 0.80346 0.547887 0.213873 0.133963
2 0.595896 0.317478 0.0622031 0.0294972
2 0.0548527 0.393698 0.109705 0.0534578
2 0.355962 0.293326 0.0450278 0.0240286
5 0.270438 0.290652 0.0796718 0.0471708
2 0.513211 0.433331 0.174212 0.124329
2 0.675784 0.330973 0.0763361 0.0397426
2 0.609674 0.294929 0.0488213 0.0286201
2 0.0768915 0.363119 0.0982436 0.0422931
2 0.494642 0.322948 0.0712869 0.0457064
2 0.529104 0.295237 0.0494093 0.0192843
2 0.687913 0.292841 0.0489099 0.0216734
7 0.513296 0.433264 0.174557 0.124065
2 0.481894 0.281315 0.049847 0.0304629
2 0.929382 0.985292 0.138247 0.0287943
3 0.495117 0.352837 0.0347782 0.0355432
2 0.503002 0.675334 0.236696 0.122972
2 0.249274 0.504195 0.159881 0.0827929
2 0.665634 0.428025 0.116531 0.0558649
2 0.382758 0.366934 0.0977581 0.0552371
2 0.80346 0.547887 0.213873 0.133963
2 0.595896 0.317478 0.0622031 0.0294972
2 0.0548527 0.393698 0.109705 0.0534578
2 0.355962 0.293326 0.0450278 0.0240286
5 0.270438 0.290652 0.0796718 0.0471708
2 0.513211 0.433331 0.174212 0.124329
2 0.675784 0.330973 0.0763361 0.0397426
2 0.609674 0.294929 0.0488213 0.0286201
2 0.0768915 0.363119 0.0982436 0.0422931
2 0.494642 0.322948 0.0712869 0.0457064
2 0.529104 0.295237 0.0494093 0.0192843
2 0.687913 0.292841 0.0489099 0.0216734
7 0.513296 0.433264 0.174557 0.124065
2 0.481894 0.281315 0.049847 0.0304629
2 0.929382 0.985292 0.138247 0.0287943
3 0.495117 0.352837 0.0347782 0.0355432
2 0.503002 0.675334 0.236696 0.122972
2 0.249274 0.504195 0.159881 0.0827929
2 0.665634 0.428025 0.116531 0.0558649
2 0.382758 0.366934 0.0977581 0.0552371
2 0.80346 0.547887 0.213873 0.133963
2 0.595896 0.317478 0.0622031 0.0294972
2 0.0548527 0.393698 0.109705 0.0534578
2 0.355962 0.293326 0.0450278 0.0240286
5 0.270438 0.290652 0.0796718 0.0471708
2 0.513211 0.433331 0.174212 0.124329
2 0.675784 0.330973 0.0763361 0.0397426
2 0.609674 0.294929 0.0488213 0.0286201
2 0.0768915 0.363119 0.0982436 0.0422931
2 0.494642 0.322948 0.0712869 0.0457064
2 0.529104 0.295237 0.0494093 0.0192843
2 0.687913 0.292841 0.0489099 0.0216734
7 0.513296 0.433264 0.174557 0.124065
2 0.481894 0.281315 0.049847 0.0304629
2 0.929382 0.985292 0.138247 0.0287943
3 0.495117 0.352837 0.0347782 0.0355432
2 0.503002 0.675334 0.236696 0.122972
2 0.249274 0.504195 0.159881 0.0827929
2 0.665634 0.428025 0.116531 0.0558649
2 0.382758 0.366934 0.0977581 0.0552371
2 0.80346 0.547887 0.213873 0.133963
2 0.595896 0.317478 0.0622031 0.0294972
2 0.0548527 0.393698 0.109705 0.0534578
2 0.355962 0.293326 0.0450278 0.0240286
5 0.270438 0.290652 0.0796718 0.0471708
2 0.513211 0.433331 0.174212 0.124329
2 0.675784 0.330973 0.0763361 0.0397426
2 0.609674 0.294929 0.0488213 0.0286201
2 0.0768915 0.363119 0.0982436 0.0422931
2 0.494642 0.322948 0.0712869 0.0457064
2 0.529104 0.295237 0.0494093 0.0192843
2 0.687913 0.292841 0.0489099 0.0216734
7 0.513296 0.433264 0.174557 0.124065
2 0.481894 0.281315 0.049847 0.0304629
2 0.929382 0.985292 0.138247 0.0287943
3 0.495117 0.352837 0.0347782 0.0355432
2 0.503002 0.675334 0.236696 0.122972
2 0.249274 0.504195 0.159881 0.0827929
2 0.665634 0.428025 0.116531 0.0558649
2 0.382758 0.366934 0.0977581 0.0552371
2 0.80346 0.547887 0.213873 0.133963
2 0.595896 0.317478 0.0622031 0.0294972
2 0.0548527 0.393698 0.109705 0.0534578
2 0.355962 0.293326 0.0450278 0.0240286
5 0.270438 0.290652 0.0796718 0.0471708
2 0.513211 0.433331 0.174212 0.124329
2 0.675784 0.330973 0.0763361 0.0397426
2 0.609674 0.294929 0.0488213 0.0286201
2 0.0768915 0.363119 0.0982436 0.0422931
2 0.494642 0.322948 0.0712869 0.0457064
2 0.529104 0.295237 0.0494093 0.0192843
2 0.687913 0.292841 0.0489099 0.0216734
7 0.513296 0.433264 0.174557 0.124065
2 0.481894 0.281315 0.049847 0.0304629
2 0.929382 0.985292 0.138247 0.0287943
3 0.495117 0.352837 0.0347782 0.0355432
2 0.503002 0.675334 0.236696 0.122972
2 0.249274 0.504195 0.159881 0.0827929
2 0.665634 0.428025 0.116531 0.0558649
2 0.382758 0.366934 0.0977581 0.0552371
2 0.80346 0.547887 0.213873 0.133963
2 0.595896 0.317478 0.0622031 0.0294972
2 0.0548527 0.393698 0.109705 0.0534578
2 0.355962 0.293326 0.0450278 0.0240286
5 0.270438 0.290652 0.0796718 0.0471708
2 0.513211 0.433331 0.174212 0.124329
2 0.675784 0.330973 0.0763361 0.0397426
2 0.609674 0.294929 0.0488213 0.0286201
2 0.0768915 0.363119 0.0982436 0.0422931
2 0.494642 0.322948 0.0712869 0.0457064
2 0.529104 0.295237 0.0494093 0.0192843
2 0.687913 0.292841 0.0489099 0.0216734
7 0.513296 0.433264 0.174557 0.124065
2 0.481894 0.281315 0.049847 0.0304629
2 0.929382 0.985292 0.138247 0.0287943
3 0.495117 0.352837 0.0347782 0.0355432
2 0.503002 0.675334 0.236696 0.122972
2 0.249274 0.504195 0.159881 0.0827929
2 0.665634 0.428025 0.116531 0.0558649
2 0.382758 0.366934 0.0977581 0.0552371
2 0.80346 0.547887 0.213873 0.133963
2 0.595896 0.317478 0.0622031 0.0294972
2 0.0548527 0.393698 0.109705 0.0534578
2 0.355962 0.293326 0.0450278 0.0240286
5 0.270438 0.290652 0.0796718 0.0471708
2 0.513211 0.433331 0.174212 0.124329
2 0.675784 0.330973 0.0763361 0.0397426
2 0.609674 0.294929 0.0488213 0.0286201
2 0.0768915 0.363119 0.0982436 0.0422931
2 0.494642 0.322948 0.0712869 0.0457064
2 0.529104 0.295237 0.0494093 0.0192843
2 0.687913 0.292841 0.0489099 0.0216734
7 0.513296 0.433264 0.174557 0.124065
2 0.481894 0.281315 0.049847 0.0304629
2 0.929382 0.985292 0.138247 0.0287943
3 0.495117 0.352837 0.0347782 0.0355432
2 0.503002 0.675334 0.236696 0.122972
2 0.249274 0.504195 0.159881 0.0827929
2 0.665634 0.428025 0.116531 0.0558649
2 0.382758 0.366934 0.0977581 0.0552371
2 0.80346 0.547887 0.213873 0.133963
2 0.595896 0.317478 0.0622031 0.0294972
2 0.0548527 0.393698 0.109705 0.0534578
2 0.355962 0.293326 0.0450278 0.0240286
5 0.270438 0.290652 0.0796718 0.0471708
2 0.513211 0.433331 0.174212 0.124329
2 0.675784 0.330973 0.0763361 0.0397426
2 0.609674 0.294929 0.0488213 0.0286201
2 0.0768915 0.363119 0.0982436 0.0422931
2 0.494642 0.322948 0.0712869 0.0457064
2 0.529104 0.295237 0.0494093 0.0192843
2 0.687913 0.292841 0.0489099 0.0216734
7 0.513296 0.433264 0.174557 0.124065
2 0.481894 0.281315 0.049847 0.0304629
2 0.929382 0.985292 0.138247 0.0287943
3 0.495117 0.352837 0.0347782 0.0355432
2 0.503002 0.675334 0.236696 0.122972
2 0.249274 0.504195 0.159881 0.0827929
2 0.665634 0.428025 0.116531 0.0558649
2 0.382758 0.366934 0.0977581 0.0552371
2 0.80346 0.547887 0.213873 0.133963
2 0.595896 0.317478 0.0622031 0.0294972
2 0.0548527 0.393698 0.109705 0.0534578
2 0.355962 0.293326 0.0450278 0.0240286
5 0.270438 0.290652 0.0796718 0.0471708
2 0.513211 0.433331 0.174212 0.124329
2 0.675784 0.330973 0.0763361 0.0397426
2 0.609674 0.294929 0.0488213 0.0286201
2 0.0768915 0.363119 0.0982436 0.0422931
2 0.494642 0.322948 0.0712869 0.0457064
2 0.529104 0.295237 0.0494093 0.0192843
2 0.687913 0.292841 0.0489099 0.0216734
7 0.513296 0.433264 0.174557 0.124065
2 0.481894 0.281315 0.049847 0.0304629
2 0.929382 0.985292 0.138247 0.0287943
3 0.495117 0.352837 0.0347782 0.0355432
2 0.503002 0.675334 0.236696 0.122972
2 0.249274 0.504195 0.159881 0.0827929
2 0.665634 0.428025 0.116531 0.0558649
2 0.382758 0.366934 0.0977581 0.0552371
2 0.80346 0.547887 0.213873 0.133963
2 0.595896 0.317478 0.0622031 0.0294972
2 0.0548527 0.393698 0.109705 0.0534578
2 0.355962 0.293326 0.0450278 0.0240286
5 0.270438 0.290652 0.0796718 0.0471708
2 0.513211 0.433331 0.174212 0.124329
2 0.675784 0.330973 0.0763361 0.0397426
2 0.609674 0.294929 0.0488213 0.0286201
2 0.0768915 0.363119 0.0982436 0.0422931
2 0.494642 0.322948 0.0712869 0.0457064
2 0.529104 0.295237 0.0494093 0.0192843
2 0.687913 0.292841 0.0489099 0.0216734
7 0.513296 0.433264 0.174557 0.124065
2 0.481894 0.281315 0.049847 0.0304629
2 0.929382 0.985292 0.138247 0.0287943
3 0.495117 0.352837 0.0347782 0.0355432
2 0.503002 0.675334 0.236696 0.122972
2 0.249274 0.504195 0.159881 0.0827929
2 0.665634 0.428025 0.116531 0.0558649
2 0.382758 0.366934 0.0977581 0.0552371
2 0.80346 0.547887 0.213873 0.133963
2 0.595896 0.317478 0.0622031 0.0294972
2 0.0548527 0.393698 0.109705 0.0534578
2 0.355962 0.293326 0.0450278 0.0240286
5 0.270438 0.290652 0.0796718 0.0471708
2 0.513211 0.433331 0.174212 0.124329
2 0.675784 0.330973 0.0763361 0.0397426
2 0.609674 0.294929 0.0488213 0.0286201
2 0.0768915 0.363119 0.0982436 0.0422931
2 0.494642 0.322948 0.0712869 0.0457064
2 0.529104 0.295237 0.0494093 0.0192843
2 0.687913 0.292841 0.0489099 0.0216734
7 0.513296 0.433264 0.174557 0.124065
2 0.481894 0.281315 0.049847 0.0304629
2 0.929382 0.985292 0.138247 0.0287943
3 0.495117 0.352837 0.0347782 0.0355432
2 0.503179 0.675527 0.236855 0.123652
2 0.248731 0.504205 0.158496 0.081727
2 0.665453 0.428055 0.116652 0.0548462
7 0.51385 0.433464 0.176448 0.12438
2 0.802892 0.547694 0.213759 0.13436
2 0.3815 0.367536 0.0995897 0.0550995
2 0.595736 0.316945 0.0634884 0.0291986
2 0.687499 0.292318 0.0490631 0.0211349
2 0.677245 0.330511 0.0744722 0.039697
2 0.356065 0.29304 0.0446976 0.0256917
2 0.0773272 0.36341 0.0983545 0.0431167
2 0.0553219 0.393559 0.109901 0.0527466
2 0.610149 0.295681 0.0511759 0.0290555
2 0.529577 0.295868 0.0494367 0.020605
3 0.494678 0.353729 0.0342592 0.0308028
5 0.270443 0.287025 0.0790504 0.0541063
2 0.926988 0.985107 0.144079 0.0290386
2 0.503179 0.675527 0.236855 0.123652
2 0.248731 0.504205 0.158496 0.081727
2 0.665453 0.428055 0.116652 0.0548462
7 0.51385 0.433464 0.176448 0.12438
2 0.802892 0.547694 0.213759 0.13436
2 0.3815 0.367536 0.0995897 0.0550995
2 0.595736 0.316945 0.0634884 0.0291986
2 0.687499 0.292318 0.0490631 0.0211349
2 0.677245 0.330511 0.0744722 0.039697
2 0.356065 0.29304 0.0446976 0.0256917
2 0.0773272 0.36341 0.0983545 0.0431167
2 0.0553219 0.393559 0.109901 0.0527466
2 0.610149 0.295681 0.0511759 0.0290555
2 0.529577 0.295868 0.0494367 0.020605
3 0.494678 0.353729 0.0342592 0.0308028
5 0.270443 0.287025 0.0790504 0.0541063
2 0.926988 0.985107 0.144079 0.0290386
2 0.503179 0.675527 0.236855 0.123652
2 0.248731 0.504205 0.158496 0.081727
2 0.665453 0.428055 0.116652 0.0548462
7 0.51385 0.433464 0.176448 0.12438
2 0.802892 0.547694 0.213759 0.13436
2 0.3815 0.367536 0.0995897 0.0550995
2 0.595736 0.316945 0.0634884 0.0291986
2 0.687499 0.292318 0.0490631 0.0211349
2 0.677245 0.330511 0.0744722 0.039697
2 0.356065 0.29304 0.0446976 0.0256917
2 0.0773272 0.36341 0.0983545 0.0431167
2 0.0553219 0.393559 0.109901 0.0527466
2 0.610149 0.295681 0.0511759 0.0290555
2 0.529577 0.295868 0.0494367 0.020605
3 0.494678 0.353729 0.0342592 0.0308028
5 0.270443 0.287025 0.0790504 0.0541063
2 0.926988 0.985107 0.144079 0.0290386
2 0.503179 0.675527 0.236855 0.123652
2 0.248731 0.504205 0.158496 0.081727
2 0.665453 0.428055 0.116652 0.0548462
7 0.51385 0.433464 0.176448 0.12438
2 0.802892 0.547694 0.213759 0.13436
2 0.3815 0.367536 0.0995897 0.0550995
2 0.595736 0.316945 0.0634884 0.0291986
2 0.687499 0.292318 0.0490631 0.0211349
2 0.677245 0.330511 0.0744722 0.039697
2 0.356065 0.29304 0.0446976 0.0256917
2 0.0773272 0.36341 0.0983545 0.0431167
2 0.0553219 0.393559 0.109901 0.0527466
2 0.610149 0.295681 0.0511759 0.0290555
2 0.529577 0.295868 0.0494367 0.020605
3 0.494678 0.353729 0.0342592 0.0308028
5 0.270443 0.287025 0.0790504 0.0541063
2 0.926988 0.985107 0.144079 0.0290386
2 0.503179 0.675527 0.236855 0.123652
2 0.248731 0.504205 0.158496 0.081727
2 0.665453 0.428055 0.116652 0.0548462
7 0.51385 0.433464 0.176448 0.12438
2 0.802892 0.547694 0.213759 0.13436
2 0.3815 0.367536 0.0995897 0.0550995
2 0.595736 0.316945 0.0634884 0.0291986
2 0.687499 0.292318 0.0490631 0.0211349
2 0.677245 0.330511 0.0744722 0.039697
2 0.356065 0.29304 0.0446976 0.0256917
2 0.0773272 0.36341 0.0983545 0.0431167
2 0.0553219 0.393559 0.109901 0.0527466
2 0.610149 0.295681 0.0511759 0.0290555
2 0.529577 0.295868 0.0494367 0.020605
3 0.494678 0.353729 0.0342592 0.0308028
5 0.270443 0.287025 0.0790504 0.0541063
2 0.926988 0.985107 0.144079 0.0290386
2 0.503179 0.675527 0.236855 0.123652
2 0.248731 0.504205 0.158496 0.081727
2 0.665453 0.428055 0.116652 0.0548462
7 0.51385 0.433464 0.176448 0.12438
2 0.802892 0.547694 0.213759 0.13436
2 0.3815 0.367536 0.0995897 0.0550995
2 0.595736 0.316945 0.0634884 0.0291986
2 0.687499 0.292318 0.0490631 0.0211349
2 0.677245 0.330511 0.0744722 0.039697
2 0.356065 0.29304 0.0446976 0.0256917
2 0.0773272 0.36341 0.0983545 0.0431167
2 0.0553219 0.393559 0.109901 0.0527466
2 0.610149 0.295681 0.0511759 0.0290555
2 0.529577 0.295868 0.0494367 0.020605
3 0.494678 0.353729 0.0342592 0.0308028
5 0.270443 0.287025 0.0790504 0.0541063
2 0.926988 0.985107 0.144079 0.0290386
2 0.503179 0.675527 0.236855 0.123652
2 0.248731 0.504205 0.158496 0.081727
2 0.665453 0.428055 0.116652 0.0548462
7 0.51385 0.433464 0.176448 0.12438
2 0.802892 0.547694 0.213759 0.13436
2 0.3815 0.367536 0.0995897 0.0550995
2 0.595736 0.316945 0.0634884 0.0291986
2 0.687499 0.292318 0.0490631 0.0211349
2 0.677245 0.330511 0.0744722 0.039697
2 0.356065 0.29304 0.0446976 0.0256917
2 0.0773272 0.36341 0.0983545 0.0431167
2 0.0553219 0.393559 0.109901 0.0527466
2 0.610149 0.295681 0.0511759 0.0290555
2 0.529577 0.295868 0.0494367 0.020605
3 0.494678 0.353729 0.0342592 0.0308028
5 0.270443 0.287025 0.0790504 0.0541063
2 0.926988 0.985107 0.144079 0.0290386
2 0.503179 0.675527 0.236855 0.123652
2 0.248731 0.504205 0.158496 0.081727
2 0.665453 0.428055 0.116652 0.0548462
7 0.51385 0.433464 0.176448 0.12438
2 0.802892 0.547694 0.213759 0.13436
2 0.3815 0.367536 0.0995897 0.0550995
2 0.595736 0.316945 0.0634884 0.0291986
2 0.687499 0.292318 0.0490631 0.0211349
2 0.677245 0.330511 0.0744722 0.039697
2 0.356065 0.29304 0.0446976 0.0256917
2 0.0773272 0.36341 0.0983545 0.0431167
2 0.0553219 0.393559 0.109901 0.0527466
2 0.610149 0.295681 0.0511759 0.0290555
2 0.529577 0.295868 0.0494367 0.020605
3 0.494678 0.353729 0.0342592 0.0308028
5 0.270443 0.287025 0.0790504 0.0541063
2 0.926988 0.985107 0.144079 0.0290386
2 0.49376 0.330079 0.0690033 0.0340582
2 0.639647 0.27918 0.0225292 0.0157573
2 0.4957 0.323418 0.0682176 0.0440161
