2 0.892161 0.800219 0.214304 0.157116
2 0.0685968 0.912742 0.135949 0.174089
2 0.300573 0.464647 0.145064 0.082276
2 0.416485 0.37353 0.0893678 0.0398767
2 0.463287 0.403887 0.0990263 0.0519398
2 0.559724 0.363885 0.08174 0.0391491
2 0.488692 0.329329 0.0626478 0.0268047
5 0.209533 0.314979 0.11604 0.0611424
2 0.598473 0.32672 0.0596324 0.0343147
2 0.704477 0.324537 0.061378 0.0290091
2 0.521963 0.774221 0.37679 0.32355
2 0.679278 0.40137 0.103172 0.0620448
2 0.335384 0.317919 0.0577025 0.0337255
2 0.545022 0.302373 0.0413528 0.0227148
3 0.501857 0.487693 0.0644911 0.0513693
2 0.495987 0.303169 0.0589684 0.0387937
2 0.614009 0.310473 0.0478087 0.0239195
2 0.376928 0.304646 0.0341132 0.0172305
0 0.586238 0.77468 0.0839302 0.0449745
0 0.498459 0.469991 0.0543251 0.0511359
7 0.49588 0.303135 0.0606345 0.0394729
5 0.691855 0.296177 0.0543528 0.0377626
7 0.692067 0.297414 0.0551704 0.0395136
3 0.500346 0.477888 0.0653486 0.06705
2 0.892161 0.800219 0.214304 0.157116
2 0.0685968 0.912742 0.135949 0.174089
2 0.300573 0.464647 0.145064 0.082276
2 0.416485 0.37353 0.0893678 0.0398767
2 0.463287 0.403887 0.0990263 0.0519398
2 0.559724 0.363885 0.08174 0.0391491
2 0.488692 0.329329 0.0626478 0.0268047
5 0.209533 0.314979 0.11604 0.0611424
2 0.598473 0.32672 0.0596324 0.0343147
2 0.704477 0.324537 0.061378 0.0290091
2 0.521963 0.774221 0.37679 0.32355
2 0.679278 0.40137 0.103172 0.0620448
2 0.335384 0.317919 0.0577025 0.0337255
2 0.545022 0.302373 0.0413528 0.0227148
3 0.501857 0.487693 0.0644911 0.0513693
2 0.495987 0.303169 0.0589684 0.0387937
2 0.614009 0.310473 0.0478087 0.0239195
2 0.376928 0.304646 0.0341132 0.0172305
0 0.586238 0.77468 0.0839302 0.0449745
0 0.498459 0.469991 0.0543251 0.0511359
7 0.49588 0.303135 0.0606345 0.0394729
5 0.691855 0.296177 0.0543528 0.0377626
7 0.692067 0.297414 0.0551704 0.0395136
3 0.500346 0.477888 0.0653486 0.06705
2 0.892161 0.800219 0.214304 0.157116
2 0.0685968 0.912742 0.135949 0.174089
2 0.300573 0.464647 0.145064 0.082276
2 0.416485 0.37353 0.0893678 0.0398767
2 0.463287 0.403887 0.0990263 0.0519398
2 0.559724 0.363885 0.08174 0.0391491
2 0.488692 0.329329 0.0626478 0.0268047
5 0.209533 0.314979 0.11604 0.0611424
2 0.598473 0.32672 0.0596324 0.0343147
2 0.704477 0.324537 0.061378 0.0290091
2 0.521963 0.774221 0.37679 0.32355
2 0.679278 0.40137 0.103172 0.0620448
2 0.335384 0.317919 0.0577025 0.0337255
2 0.545022 0.302373 0.0413528 0.0227148
3 0.501857 0.487693 0.0644911 0.0513693
2 0.495987 0.303169 0.0589684 0.0387937
2 0.614009 0.310473 0.0478087 0.0239195
2 0.376928 0.304646 0.0341132 0.0172305
0 0.586238 0.77468 0.0839302 0.0449745
0 0.498459 0.469991 0.0543251 0.0511359
7 0.49588 0.303135 0.0606345 0.0394729
5 0.691855 0.296177 0.0543528 0.0377626
7 0.692067 0.297414 0.0551704 0.0395136
3 0.500346 0.477888 0.0653486 0.06705
2 0.892161 0.800219 0.214304 0.157116
2 0.0685968 0.912742 0.135949 0.174089
2 0.300573 0.464647 0.145064 0.082276
2 0.416485 0.37353 0.0893678 0.0398767
2 0.463287 0.403887 0.0990263 0.0519398
2 0.559724 0.363885 0.08174 0.0391491
2 0.488692 0.329329 0.0626478 0.0268047
5 0.209533 0.314979 0.11604 0.0611424
2 0.598473 0.32672 0.0596324 0.0343147
2 0.704477 0.324537 0.061378 0.0290091
2 0.521963 0.774221 0.37679 0.32355
2 0.679278 0.40137 0.103172 0.0620448
2 0.335384 0.317919 0.0577025 0.0337255
2 0.545022 0.302373 0.0413528 0.0227148
3 0.501857 0.487693 0.0644911 0.0513693
2 0.495987 0.303169 0.0589684 0.0387937
2 0.614009 0.310473 0.0478087 0.0239195
2 0.376928 0.304646 0.0341132 0.0172305
0 0.586238 0.77468 0.0839302 0.0449745
0 0.498459 0.469991 0.0543251 0.0511359
7 0.49588 0.303135 0.0606345 0.0394729
5 0.691855 0.296177 0.0543528 0.0377626
7 0.692067 0.297414 0.0551704 0.0395136
3 0.500346 0.477888 0.0653486 0.06705
2 0.892161 0.800219 0.214304 0.157116
2 0.0685968 0.912742 0.135949 0.174089
2 0.300573 0.464647 0.145064 0.082276
2 0.416485 0.37353 0.0893678 0.0398767
2 0.463287 0.403887 0.0990263 0.0519398
2 0.559724 0.363885 0.08174 0.0391491
2 0.488692 0.329329 0.0626478 0.0268047
5 0.209533 0.314979 0.11604 0.0611424
2 0.598473 0.32672 0.0596324 0.0343147
2 0.704477 0.324537 0.061378 0.0290091
2 0.521963 0.774221 0.37679 0.32355
2 0.679278 0.40137 0.103172 0.0620448
2 0.335384 0.317919 0.0577025 0.0337255
2 0.545022 0.302373 0.0413528 0.0227148
3 0.501857 0.487693 0.0644911 0.0513693
2 0.495987 0.303169 0.0589684 0.0387937
2 0.614009 0.310473 0.0478087 0.0239195
2 0.376928 0.304646 0.0341132 0.0172305
0 0.586238 0.77468 0.0839302 0.0449745
0 0.498459 0.469991 0.0543251 0.0511359
7 0.49588 0.303135 0.0606345 0.0394729
5 0.691855 0.296177 0.0543528 0.0377626
7 0.692067 0.297414 0.0551704 0.0395136
3 0.500346 0.477888 0.0653486 0.06705
