2 0.091143 0.848383 0.180516 0.174339
2 0.456757 0.717481 0.270567 0.183998
2 0.66284 0.494525 0.156528 0.0731571
2 0.509928 0.423348 0.118251 0.0541479
2 0.337629 0.390555 0.101506 0.0501264
2 0.678005 0.375917 0.103488 0.0617481
2 0.429689 0.33025 0.0709083 0.0393612
2 0.916297 0.893515 0.165581 0.211852
2 0.043173 0.342172 0.0779886 0.0320975
2 0.591076 0.343942 0.0467516 0.0324929
2 0.189455 0.342921 0.0809928 0.0391098
0 0.195414 0.539839 0.0707557 0.0676264
3 0.195136 0.562699 0.0625754 0.0601992
7 0.916488 0.893392 0.165305 0.211728
7 0.526283 0.351652 0.1041 0.0716837
2 0.662862 0.307266 0.056304 0.0312161
5 0.278214 0.286103 0.0585531 0.0397353
2 0.494787 0.302981 0.0486364 0.0184867
2 0.350867 0.288294 0.036892 0.0207889
2 0.591322 0.304199 0.0500913 0.0215623
2 0.52608 0.351764 0.103504 0.071649
2 0.462324 0.281727 0.038223 0.026755
2 0.178959 0.320893 0.0612754 0.0170211
2 0.180313 0.324098 0.0650892 0.0229925
2 0.589144 0.300206 0.0522282 0.0278019
2 0.489099 0.309965 0.0630147 0.0261467
0 0.509877 0.703676 0.0621104 0.0350792
2 0.091143 0.848383 0.180516 0.174339
2 0.456757 0.717481 0.270567 0.183998
2 0.66284 0.494525 0.156528 0.0731571
2 0.509928 0.423348 0.118251 0.0541479
2 0.337629 0.390555 0.101506 0.0501264
2 0.678005 0.375917 0.103488 0.0617481
2 0.429689 0.33025 0.0709083 0.0393612
2 0.916297 0.893515 0.165581 0.211852
2 0.043173 0.342172 0.0779886 0.0320975
2 0.591076 0.343942 0.0467516 0.0324929
2 0.189455 0.342921 0.0809928 0.0391098
0 0.195414 0.539839 0.0707557 0.0676264
3 0.195136 0.562699 0.0625754 0.0601992
7 0.916488 0.893392 0.165305 0.211728
7 0.526283 0.351652 0.1041 0.0716837
2 0.662862 0.307266 0.056304 0.0312161
5 0.278214 0.286103 0.0585531 0.0397353
2 0.494787 0.302981 0.0486364 0.0184867
2 0.350867 0.288294 0.036892 0.0207889
2 0.591322 0.304199 0.0500913 0.0215623
2 0.52608 0.351764 0.103504 0.071649
2 0.462324 0.281727 0.038223 0.026755
2 0.178959 0.320893 0.0612754 0.0170211
2 0.180313 0.324098 0.0650892 0.0229925
2 0.589144 0.300206 0.0522282 0.0278019
2 0.489099 0.309965 0.0630147 0.0261467
0 0.509877 0.703676 0.0621104 0.0350792
2 0.091143 0.848383 0.180516 0.174339
2 0.456757 0.717481 0.270567 0.183998
2 0.66284 0.494525 0.156528 0.0731571
2 0.509928 0.423348 0.118251 0.0541479
2 0.337629 0.390555 0.101506 0.0501264
2 0.678005 0.375917 0.103488 0.0617481
2 0.429689 0.33025 0.0709083 0.0393612
2 0.916297 0.893515 0.165581 0.211852
2 0.043173 0.342172 0.0779886 0.0320975
2 0.591076 0.343942 0.0467516 0.0324929
2 0.189455 0.342921 0.0809928 0.0391098
0 0.195414 0.539839 0.0707557 0.0676264
3 0.195136 0.562699 0.0625754 0.0601992
7 0.916488 0.893392 0.165305 0.211728
7 0.526283 0.351652 0.1041 0.0716837
2 0.662862 0.307266 0.056304 0.0312161
5 0.278214 0.286103 0.0585531 0.0397353
2 0.494787 0.302981 0.0486364 0.0184867
2 0.350867 0.288294 0.036892 0.0207889
2 0.591322 0.304199 0.0500913 0.0215623
2 0.52608 0.351764 0.103504 0.071649
2 0.462324 0.281727 0.038223 0.026755
2 0.178959 0.320893 0.0612754 0.0170211
2 0.180313 0.324098 0.0650892 0.0229925
2 0.589144 0.300206 0.0522282 0.0278019
2 0.489099 0.309965 0.0630147 0.0261467
0 0.509877 0.703676 0.0621104 0.0350792
2 0.091143 0.848383 0.180516 0.174339
2 0.456757 0.717481 0.270567 0.183998
2 0.66284 0.494525 0.156528 0.0731571
2 0.509928 0.423348 0.118251 0.0541479
2 0.337629 0.390555 0.101506 0.0501264
2 0.678005 0.375917 0.103488 0.0617481
2 0.429689 0.33025 0.0709083 0.0393612
2 0.916297 0.893515 0.165581 0.211852
2 0.043173 0.342172 0.0779886 0.0320975
2 0.591076 0.343942 0.0467516 0.0324929
2 0.189455 0.342921 0.0809928 0.0391098
0 0.195414 0.539839 0.0707557 0.0676264
3 0.195136 0.562699 0.0625754 0.0601992
7 0.916488 0.893392 0.165305 0.211728
7 0.526283 0.351652 0.1041 0.0716837
2 0.662862 0.307266 0.056304 0.0312161
5 0.278214 0.286103 0.0585531 0.0397353
2 0.494787 0.302981 0.0486364 0.0184867
2 0.350867 0.288294 0.036892 0.0207889
2 0.591322 0.304199 0.0500913 0.0215623
2 0.52608 0.351764 0.103504 0.071649
2 0.462324 0.281727 0.038223 0.026755
2 0.178959 0.320893 0.0612754 0.0170211
2 0.180313 0.324098 0.0650892 0.0229925
2 0.589144 0.300206 0.0522282 0.0278019
2 0.489099 0.309965 0.0630147 0.0261467
0 0.509877 0.703676 0.0621104 0.0350792
2 0.091143 0.848383 0.180516 0.174339
2 0.456757 0.717481 0.270567 0.183998
2 0.66284 0.494525 0.156528 0.0731571
2 0.509928 0.423348 0.118251 0.0541479
2 0.337629 0.390555 0.101506 0.0501264
2 0.678005 0.375917 0.103488 0.0617481
2 0.429689 0.33025 0.0709083 0.0393612
2 0.916297 0.893515 0.165581 0.211852
2 0.043173 0.342172 0.0779886 0.0320975
2 0.591076 0.343942 0.0467516 0.0324929
2 0.189455 0.342921 0.0809928 0.0391098
0 0.195414 0.539839 0.0707557 0.0676264
3 0.195136 0.562699 0.0625754 0.0601992
7 0.916488 0.893392 0.165305 0.211728
7 0.526283 0.351652 0.1041 0.0716837
2 0.662862 0.307266 0.056304 0.0312161
5 0.278214 0.286103 0.0585531 0.0397353
2 0.494787 0.302981 0.0486364 0.0184867
2 0.350867 0.288294 0.036892 0.0207889
2 0.591322 0.304199 0.0500913 0.0215623
2 0.52608 0.351764 0.103504 0.071649
2 0.462324 0.281727 0.038223 0.026755
2 0.178959 0.320893 0.0612754 0.0170211
2 0.180313 0.324098 0.0650892 0.0229925
2 0.589144 0.300206 0.0522282 0.0278019
2 0.489099 0.309965 0.0630147 0.0261467
0 0.509877 0.703676 0.0621104 0.0350792
2 0.091143 0.848383 0.180516 0.174339
2 0.456757 0.717481 0.270567 0.183998
2 0.66284 0.494525 0.156528 0.0731571
2 0.509928 0.423348 0.118251 0.0541479
2 0.337629 0.390555 0.101506 0.0501264
2 0.678005 0.375917 0.103488 0.0617481
2 0.429689 0.33025 0.0709083 0.0393612
2 0.916297 0.893515 0.165581 0.211852
2 0.043173 0.342172 0.0779886 0.0320975
2 0.591076 0.343942 0.0467516 0.0324929
2 0.189455 0.342921 0.0809928 0.0391098
0 0.195414 0.539839 0.0707557 0.0676264
3 0.195136 0.562699 0.0625754 0.0601992
7 0.916488 0.893392 0.165305 0.211728
7 0.526283 0.351652 0.1041 0.0716837
2 0.662862 0.307266 0.056304 0.0312161
5 0.278214 0.286103 0.0585531 0.0397353
2 0.494787 0.302981 0.0486364 0.0184867
2 0.350867 0.288294 0.036892 0.0207889
2 0.591322 0.304199 0.0500913 0.0215623
2 0.52608 0.351764 0.103504 0.071649
2 0.462324 0.281727 0.038223 0.026755
2 0.178959 0.320893 0.0612754 0.0170211
2 0.180313 0.324098 0.0650892 0.0229925
2 0.589144 0.300206 0.0522282 0.0278019
2 0.489099 0.309965 0.0630147 0.0261467
0 0.509877 0.703676 0.0621104 0.0350792
2 0.091143 0.848383 0.180516 0.174339
2 0.456757 0.717481 0.270567 0.183998
2 0.66284 0.494525 0.156528 0.0731571
2 0.509928 0.423348 0.118251 0.0541479
2 0.337629 0.390555 0.101506 0.0501264
2 0.678005 0.375917 0.103488 0.0617481
2 0.429689 0.33025 0.0709083 0.0393612
2 0.916297 0.893515 0.165581 0.211852
2 0.043173 0.342172 0.0779886 0.0320975
2 0.591076 0.343942 0.0467516 0.0324929
2 0.189455 0.342921 0.0809928 0.0391098
0 0.195414 0.539839 0.0707557 0.0676264
3 0.195136 0.562699 0.0625754 0.0601992
7 0.916488 0.893392 0.165305 0.211728
7 0.526283 0.351652 0.1041 0.0716837
2 0.662862 0.307266 0.056304 0.0312161
5 0.278214 0.286103 0.0585531 0.0397353
2 0.494787 0.302981 0.0486364 0.0184867
2 0.350867 0.288294 0.036892 0.0207889
2 0.591322 0.304199 0.0500913 0.0215623
2 0.52608 0.351764 0.103504 0.071649
2 0.462324 0.281727 0.038223 0.026755
2 0.178959 0.320893 0.0612754 0.0170211
2 0.180313 0.324098 0.0650892 0.0229925
2 0.589144 0.300206 0.0522282 0.0278019
2 0.489099 0.309965 0.0630147 0.0261467
0 0.509877 0.703676 0.0621104 0.0350792
2 0.091143 0.848383 0.180516 0.174339
2 0.456757 0.717481 0.270567 0.183998
2 0.66284 0.494525 0.156528 0.0731571
2 0.509928 0.423348 0.118251 0.0541479
2 0.337629 0.390555 0.101506 0.0501264
2 0.678005 0.375917 0.103488 0.0617481
2 0.429689 0.33025 0.0709083 0.0393612
2 0.916297 0.893515 0.165581 0.211852
2 0.043173 0.342172 0.0779886 0.0320975
2 0.591076 0.343942 0.0467516 0.0324929
2 0.189455 0.342921 0.0809928 0.0391098
0 0.195414 0.539839 0.0707557 0.0676264
3 0.195136 0.562699 0.0625754 0.0601992
7 0.916488 0.893392 0.165305 0.211728
7 0.526283 0.351652 0.1041 0.0716837
2 0.662862 0.307266 0.056304 0.0312161
5 0.278214 0.286103 0.0585531 0.0397353
2 0.494787 0.302981 0.0486364 0.0184867
2 0.350867 0.288294 0.036892 0.0207889
2 0.591322 0.304199 0.0500913 0.0215623
2 0.52608 0.351764 0.103504 0.071649
2 0.462324 0.281727 0.038223 0.026755
2 0.178959 0.320893 0.0612754 0.0170211
2 0.180313 0.324098 0.0650892 0.0229925
2 0.589144 0.300206 0.0522282 0.0278019
2 0.489099 0.309965 0.0630147 0.0261467
0 0.509877 0.703676 0.0621104 0.0350792
2 0.091143 0.848383 0.180516 0.174339
2 0.456757 0.717481 0.270567 0.183998
2 0.66284 0.494525 0.156528 0.0731571
2 0.509928 0.423348 0.118251 0.0541479
2 0.337629 0.390555 0.101506 0.0501264
2 0.678005 0.375917 0.103488 0.0617481
2 0.429689 0.33025 0.0709083 0.0393612
2 0.916297 0.893515 0.165581 0.211852
2 0.043173 0.342172 0.0779886 0.0320975
2 0.591076 0.343942 0.0467516 0.0324929
2 0.189455 0.342921 0.0809928 0.0391098
0 0.195414 0.539839 0.0707557 0.0676264
3 0.195136 0.562699 0.0625754 0.0601992
7 0.916488 0.893392 0.165305 0.211728
7 0.526283 0.351652 0.1041 0.0716837
2 0.662862 0.307266 0.056304 0.0312161
5 0.278214 0.286103 0.0585531 0.0397353
2 0.494787 0.302981 0.0486364 0.0184867
2 0.350867 0.288294 0.036892 0.0207889
2 0.591322 0.304199 0.0500913 0.0215623
2 0.52608 0.351764 0.103504 0.071649
2 0.462324 0.281727 0.038223 0.026755
2 0.178959 0.320893 0.0612754 0.0170211
2 0.180313 0.324098 0.0650892 0.0229925
2 0.589144 0.300206 0.0522282 0.0278019
2 0.489099 0.309965 0.0630147 0.0261467
0 0.509877 0.703676 0.0621104 0.0350792
2 0.091143 0.848383 0.180516 0.174339
2 0.456757 0.717481 0.270567 0.183998
2 0.66284 0.494525 0.156528 0.0731571
2 0.509928 0.423348 0.118251 0.0541479
2 0.337629 0.390555 0.101506 0.0501264
2 0.678005 0.375917 0.103488 0.0617481
2 0.429689 0.33025 0.0709083 0.0393612
2 0.916297 0.893515 0.165581 0.211852
2 0.043173 0.342172 0.0779886 0.0320975
2 0.591076 0.343942 0.0467516 0.0324929
2 0.189455 0.342921 0.0809928 0.0391098
0 0.195414 0.539839 0.0707557 0.0676264
3 0.195136 0.562699 0.0625754 0.0601992
7 0.916488 0.893392 0.165305 0.211728
7 0.526283 0.351652 0.1041 0.0716837
2 0.662862 0.307266 0.056304 0.0312161
5 0.278214 0.286103 0.0585531 0.0397353
2 0.494787 0.302981 0.0486364 0.0184867
2 0.350867 0.288294 0.036892 0.0207889
2 0.591322 0.304199 0.0500913 0.0215623
2 0.52608 0.351764 0.103504 0.071649
2 0.462324 0.281727 0.038223 0.026755
2 0.178959 0.320893 0.0612754 0.0170211
2 0.180313 0.324098 0.0650892 0.0229925
2 0.589144 0.300206 0.0522282 0.0278019
2 0.489099 0.309965 0.0630147 0.0261467
0 0.509877 0.703676 0.0621104 0.0350792
2 0.091143 0.848383 0.180516 0.174339
2 0.456757 0.717481 0.270567 0.183998
2 0.66284 0.494525 0.156528 0.0731571
2 0.509928 0.423348 0.118251 0.0541479
2 0.337629 0.390555 0.101506 0.0501264
2 0.678005 0.375917 0.103488 0.0617481
2 0.429689 0.33025 0.0709083 0.0393612
2 0.916297 0.893515 0.165581 0.211852
2 0.043173 0.342172 0.0779886 0.0320975
2 0.591076 0.343942 0.0467516 0.0324929
2 0.189455 0.342921 0.0809928 0.0391098
0 0.195414 0.539839 0.0707557 0.0676264
3 0.195136 0.562699 0.0625754 0.0601992
7 0.916488 0.893392 0.165305 0.211728
7 0.526283 0.351652 0.1041 0.0716837
2 0.662862 0.307266 0.056304 0.0312161
5 0.278214 0.286103 0.0585531 0.0397353
2 0.494787 0.302981 0.0486364 0.0184867
2 0.350867 0.288294 0.036892 0.0207889
2 0.591322 0.304199 0.0500913 0.0215623
2 0.52608 0.351764 0.103504 0.071649
2 0.462324 0.281727 0.038223 0.026755
2 0.178959 0.320893 0.0612754 0.0170211
2 0.180313 0.324098 0.0650892 0.0229925
2 0.589144 0.300206 0.0522282 0.0278019
2 0.489099 0.309965 0.0630147 0.0261467
0 0.509877 0.703676 0.0621104 0.0350792
2 0.091143 0.848383 0.180516 0.174339
2 0.456757 0.717481 0.270567 0.183998
2 0.66284 0.494525 0.156528 0.0731571
2 0.509928 0.423348 0.118251 0.0541479
2 0.337629 0.390555 0.101506 0.0501264
2 0.678005 0.375917 0.103488 0.0617481
2 0.429689 0.33025 0.0709083 0.0393612
2 0.916297 0.893515 0.165581 0.211852
2 0.043173 0.342172 0.0779886 0.0320975
2 0.591076 0.343942 0.0467516 0.0324929
2 0.189455 0.342921 0.0809928 0.0391098
0 0.195414 0.539839 0.0707557 0.0676264
3 0.195136 0.562699 0.0625754 0.0601992
7 0.916488 0.893392 0.165305 0.211728
7 0.526283 0.351652 0.1041 0.0716837
2 0.662862 0.307266 0.056304 0.0312161
5 0.278214 0.286103 0.0585531 0.0397353
2 0.494787 0.302981 0.0486364 0.0184867
2 0.350867 0.288294 0.036892 0.0207889
2 0.591322 0.304199 0.0500913 0.0215623
2 0.52608 0.351764 0.103504 0.071649
2 0.462324 0.281727 0.038223 0.026755
2 0.178959 0.320893 0.0612754 0.0170211
2 0.180313 0.324098 0.0650892 0.0229925
2 0.589144 0.300206 0.0522282 0.0278019
2 0.489099 0.309965 0.0630147 0.0261467
0 0.509877 0.703676 0.0621104 0.0350792
2 0.091143 0.848383 0.180516 0.174339
2 0.456757 0.717481 0.270567 0.183998
2 0.66284 0.494525 0.156528 0.0731571
2 0.509928 0.423348 0.118251 0.0541479
2 0.337629 0.390555 0.101506 0.0501264
2 0.678005 0.375917 0.103488 0.0617481
2 0.429689 0.33025 0.0709083 0.0393612
2 0.916297 0.893515 0.165581 0.211852
2 0.043173 0.342172 0.0779886 0.0320975
2 0.591076 0.343942 0.0467516 0.0324929
2 0.189455 0.342921 0.0809928 0.0391098
0 0.195414 0.539839 0.0707557 0.0676264
3 0.195136 0.562699 0.0625754 0.0601992
7 0.916488 0.893392 0.165305 0.211728
7 0.526283 0.351652 0.1041 0.0716837
2 0.662862 0.307266 0.056304 0.0312161
5 0.278214 0.286103 0.0585531 0.0397353
2 0.494787 0.302981 0.0486364 0.0184867
2 0.350867 0.288294 0.036892 0.0207889
2 0.591322 0.304199 0.0500913 0.0215623
2 0.52608 0.351764 0.103504 0.071649
2 0.462324 0.281727 0.038223 0.026755
2 0.178959 0.320893 0.0612754 0.0170211
2 0.180313 0.324098 0.0650892 0.0229925
2 0.589144 0.300206 0.0522282 0.0278019
2 0.489099 0.309965 0.0630147 0.0261467
0 0.509877 0.703676 0.0621104 0.0350792
2 0.0919432 0.849597 0.182302 0.176371
2 0.457569 0.719138 0.272739 0.185452
2 0.66273 0.495409 0.153982 0.0733941
2 0.336293 0.390213 0.103246 0.0505082
2 0.509518 0.4237 0.120292 0.0539807
2 0.0429774 0.341993 0.0770575 0.0324015
2 0.428568 0.330149 0.0724876 0.0386628
3 0.194334 0.563935 0.0609613 0.0587472
7 0.525612 0.350286 0.105181 0.0751054
2 0.915206 0.893058 0.167697 0.213018
2 0.675266 0.37578 0.111628 0.0628161
0 0.195211 0.540541 0.0697066 0.0696148
2 0.190532 0.343187 0.0814697 0.0387421
7 0.915022 0.893209 0.168107 0.2129
2 0.662991 0.306277 0.0549208 0.0313526
2 0.591887 0.301475 0.0500154 0.0246041
2 0.591668 0.343625 0.0449207 0.0307834
5 0.27878 0.285749 0.0618018 0.0403972
2 0.0919432 0.849597 0.182302 0.176371
2 0.457569 0.719138 0.272739 0.185452
2 0.66273 0.495409 0.153982 0.0733941
2 0.336293 0.390213 0.103246 0.0505082
2 0.509518 0.4237 0.120292 0.0539807
2 0.0429774 0.341993 0.0770575 0.0324015
2 0.428568 0.330149 0.0724876 0.0386628
3 0.194334 0.563935 0.0609613 0.0587472
7 0.525612 0.350286 0.105181 0.0751054
2 0.915206 0.893058 0.167697 0.213018
2 0.675266 0.37578 0.111628 0.0628161
0 0.195211 0.540541 0.0697066 0.0696148
2 0.190532 0.343187 0.0814697 0.0387421
7 0.915022 0.893209 0.168107 0.2129
2 0.662991 0.306277 0.0549208 0.0313526
2 0.591887 0.301475 0.0500154 0.0246041
2 0.591668 0.343625 0.0449207 0.0307834
5 0.27878 0.285749 0.0618018 0.0403972
2 0.0919432 0.849597 0.182302 0.176371
2 0.457569 0.719138 0.272739 0.185452
2 0.66273 0.495409 0.153982 0.0733941
2 0.336293 0.390213 0.103246 0.0505082
2 0.509518 0.4237 0.120292 0.0539807
2 0.0429774 0.341993 0.0770575 0.0324015
2 0.428568 0.330149 0.0724876 0.0386628
3 0.194334 0.563935 0.0609613 0.0587472
7 0.525612 0.350286 0.105181 0.0751054
2 0.915206 0.893058 0.167697 0.213018
2 0.675266 0.37578 0.111628 0.0628161
0 0.195211 0.540541 0.0697066 0.0696148
2 0.190532 0.343187 0.0814697 0.0387421
7 0.915022 0.893209 0.168107 0.2129
2 0.662991 0.306277 0.0549208 0.0313526
2 0.591887 0.301475 0.0500154 0.0246041
2 0.591668 0.343625 0.0449207 0.0307834
5 0.27878 0.285749 0.0618018 0.0403972
2 0.0919432 0.849597 0.182302 0.176371
2 0.457569 0.719138 0.272739 0.185452
2 0.66273 0.495409 0.153982 0.0733941
2 0.336293 0.390213 0.103246 0.0505082
2 0.509518 0.4237 0.120292 0.0539807
2 0.0429774 0.341993 0.0770575 0.0324015
2 0.428568 0.330149 0.0724876 0.0386628
3 0.194334 0.563935 0.0609613 0.0587472
7 0.525612 0.350286 0.105181 0.0751054
2 0.915206 0.893058 0.167697 0.213018
2 0.675266 0.37578 0.111628 0.0628161
0 0.195211 0.540541 0.0697066 0.0696148
2 0.190532 0.343187 0.0814697 0.0387421
7 0.915022 0.893209 0.168107 0.2129
2 0.662991 0.306277 0.0549208 0.0313526
2 0.591887 0.301475 0.0500154 0.0246041
2 0.591668 0.343625 0.0449207 0.0307834
5 0.27878 0.285749 0.0618018 0.0403972
2 0.0919432 0.849597 0.182302 0.176371
2 0.457569 0.719138 0.272739 0.185452
2 0.66273 0.495409 0.153982 0.0733941
2 0.336293 0.390213 0.103246 0.0505082
2 0.509518 0.4237 0.120292 0.0539807
2 0.0429774 0.341993 0.0770575 0.0324015
2 0.428568 0.330149 0.0724876 0.0386628
3 0.194334 0.563935 0.0609613 0.0587472
7 0.525612 0.350286 0.105181 0.0751054
2 0.915206 0.893058 0.167697 0.213018
2 0.675266 0.37578 0.111628 0.0628161
0 0.195211 0.540541 0.0697066 0.0696148
2 0.190532 0.343187 0.0814697 0.0387421
7 0.915022 0.893209 0.168107 0.2129
2 0.662991 0.306277 0.0549208 0.0313526
2 0.591887 0.301475 0.0500154 0.0246041
2 0.591668 0.343625 0.0449207 0.0307834
5 0.27878 0.285749 0.0618018 0.0403972
2 0.0919432 0.849597 0.182302 0.176371
2 0.457569 0.719138 0.272739 0.185452
2 0.66273 0.495409 0.153982 0.0733941
2 0.336293 0.390213 0.103246 0.0505082
2 0.509518 0.4237 0.120292 0.0539807
2 0.0429774 0.341993 0.0770575 0.0324015
2 0.428568 0.330149 0.0724876 0.0386628
3 0.194334 0.563935 0.0609613 0.0587472
7 0.525612 0.350286 0.105181 0.0751054
2 0.915206 0.893058 0.167697 0.213018
2 0.675266 0.37578 0.111628 0.0628161
0 0.195211 0.540541 0.0697066 0.0696148
2 0.190532 0.343187 0.0814697 0.0387421
7 0.915022 0.893209 0.168107 0.2129
2 0.662991 0.306277 0.0549208 0.0313526
2 0.591887 0.301475 0.0500154 0.0246041
2 0.591668 0.343625 0.0449207 0.0307834
5 0.27878 0.285749 0.0618018 0.0403972
2 0.0919432 0.849597 0.182302 0.176371
2 0.457569 0.719138 0.272739 0.185452
2 0.66273 0.495409 0.153982 0.0733941
2 0.336293 0.390213 0.103246 0.0505082
2 0.509518 0.4237 0.120292 0.0539807
2 0.0429774 0.341993 0.0770575 0.0324015
2 0.428568 0.330149 0.0724876 0.0386628
3 0.194334 0.563935 0.0609613 0.0587472
7 0.525612 0.350286 0.105181 0.0751054
2 0.915206 0.893058 0.167697 0.213018
2 0.675266 0.37578 0.111628 0.0628161
0 0.195211 0.540541 0.0697066 0.0696148
2 0.190532 0.343187 0.0814697 0.0387421
7 0.915022 0.893209 0.168107 0.2129
2 0.662991 0.306277 0.0549208 0.0313526
2 0.591887 0.301475 0.0500154 0.0246041
2 0.591668 0.343625 0.0449207 0.0307834
5 0.27878 0.285749 0.0618018 0.0403972
2 0.0919432 0.849597 0.182302 0.176371
2 0.457569 0.719138 0.272739 0.185452
2 0.66273 0.495409 0.153982 0.0733941
2 0.336293 0.390213 0.103246 0.0505082
2 0.509518 0.4237 0.120292 0.0539807
2 0.0429774 0.341993 0.0770575 0.0324015
2 0.428568 0.330149 0.0724876 0.0386628
3 0.194334 0.563935 0.0609613 0.0587472
7 0.525612 0.350286 0.105181 0.0751054
2 0.915206 0.893058 0.167697 0.213018
2 0.675266 0.37578 0.111628 0.0628161
0 0.195211 0.540541 0.0697066 0.0696148
2 0.190532 0.343187 0.0814697 0.0387421
7 0.915022 0.893209 0.168107 0.2129
2 0.662991 0.306277 0.0549208 0.0313526
2 0.591887 0.301475 0.0500154 0.0246041
2 0.591668 0.343625 0.0449207 0.0307834
5 0.27878 0.285749 0.0618018 0.0403972
2 0.178189 0.328723 0.0720944 0.0335769
2 0.493821 0.30331 0.0529219 0.0204163
0 0.500823 0.702642 0.0572879 0.0358342
7 0.46188 0.281567 0.0393742 0.0270012
2 0.350784 0.289362 0.0381119 0.0217188
7 0.518219 0.286344 0.0444986 0.0375767
