2 0.390079 0.390247 0.097504 0.0432092
2 0.269351 0.500149 0.159863 0.0932689
2 0.454576 0.431269 0.111722 0.0593847
2 0.546474 0.375 0.0883876 0.0452342
5 0.18793 0.318541 0.116024 0.0637062
2 0.473317 0.335423 0.0675672 0.0289657
2 0.704255 0.331281 0.0660979 0.0284328
2 0.587634 0.331377 0.0646361 0.0368658
3 0.498471 0.550186 0.0799784 0.0599772
2 0.684102 0.424962 0.121151 0.0705086
2 0.321255 0.321321 0.0606513 0.033102
2 0.372488 0.306746 0.0316462 0.0163447
2 0.493522 0.304277 0.0614315 0.0376596
0 0.498498 0.526132 0.0801493 0.0616955
2 0.542077 0.302003 0.0447319 0.0253565
2 0.610778 0.31282 0.0574788 0.0281546
7 0.543347 0.892926 0.424406 0.212997
0 0.498075 0.518737 0.0721515 0.0469613
2 0.542611 0.89292 0.421347 0.21299
5 0.543942 0.287712 0.0498595 0.0373348
2 0.492662 0.309983 0.0570745 0.027124
0 0.498575 0.511727 0.0612289 0.0332592
2 0.320823 0.315457 0.0616905 0.0249334
2 0.690978 0.314184 0.0574607 0.0271481
2 0.690898 0.303181 0.0575055 0.0460409
7 0.690501 0.30184 0.0586934 0.0458477
2 0.390079 0.390247 0.097504 0.0432092
2 0.269351 0.500149 0.159863 0.0932689
2 0.454576 0.431269 0.111722 0.0593847
2 0.546474 0.375 0.0883876 0.0452342
5 0.18793 0.318541 0.116024 0.0637062
2 0.473317 0.335423 0.0675672 0.0289657
2 0.704255 0.331281 0.0660979 0.0284328
2 0.587634 0.331377 0.0646361 0.0368658
3 0.498471 0.550186 0.0799784 0.0599772
2 0.684102 0.424962 0.121151 0.0705086
2 0.321255 0.321321 0.0606513 0.033102
2 0.372488 0.306746 0.0316462 0.0163447
2 0.493522 0.304277 0.0614315 0.0376596
0 0.498498 0.526132 0.0801493 0.0616955
2 0.542077 0.302003 0.0447319 0.0253565
2 0.610778 0.31282 0.0574788 0.0281546
7 0.543347 0.892926 0.424406 0.212997
0 0.498075 0.518737 0.0721515 0.0469613
2 0.542611 0.89292 0.421347 0.21299
5 0.543942 0.287712 0.0498595 0.0373348
2 0.492662 0.309983 0.0570745 0.027124
0 0.498575 0.511727 0.0612289 0.0332592
2 0.320823 0.315457 0.0616905 0.0249334
2 0.690978 0.314184 0.0574607 0.0271481
2 0.690898 0.303181 0.0575055 0.0460409
7 0.690501 0.30184 0.0586934 0.0458477
2 0.390079 0.390247 0.097504 0.0432092
2 0.269351 0.500149 0.159863 0.0932689
2 0.454576 0.431269 0.111722 0.0593847
2 0.546474 0.375 0.0883876 0.0452342
5 0.18793 0.318541 0.116024 0.0637062
2 0.473317 0.335423 0.0675672 0.0289657
2 0.704255 0.331281 0.0660979 0.0284328
2 0.587634 0.331377 0.0646361 0.0368658
3 0.498471 0.550186 0.0799784 0.0599772
2 0.684102 0.424962 0.121151 0.0705086
2 0.321255 0.321321 0.0606513 0.033102
2 0.372488 0.306746 0.0316462 0.0163447
2 0.493522 0.304277 0.0614315 0.0376596
0 0.498498 0.526132 0.0801493 0.0616955
2 0.542077 0.302003 0.0447319 0.0253565
2 0.610778 0.31282 0.0574788 0.0281546
7 0.543347 0.892926 0.424406 0.212997
0 0.498075 0.518737 0.0721515 0.0469613
2 0.542611 0.89292 0.421347 0.21299
5 0.543942 0.287712 0.0498595 0.0373348
2 0.492662 0.309983 0.0570745 0.027124
0 0.498575 0.511727 0.0612289 0.0332592
2 0.320823 0.315457 0.0616905 0.0249334
2 0.690978 0.314184 0.0574607 0.0271481
2 0.690898 0.303181 0.0575055 0.0460409
7 0.690501 0.30184 0.0586934 0.0458477
2 0.390079 0.390247 0.097504 0.0432092
2 0.269351 0.500149 0.159863 0.0932689
2 0.454576 0.431269 0.111722 0.0593847
2 0.546474 0.375 0.0883876 0.0452342
5 0.18793 0.318541 0.116024 0.0637062
2 0.473317 0.335423 0.0675672 0.0289657
2 0.704255 0.331281 0.0660979 0.0284328
2 0.587634 0.331377 0.0646361 0.0368658
3 0.498471 0.550186 0.0799784 0.0599772
2 0.684102 0.424962 0.121151 0.0705086
2 0.321255 0.321321 0.0606513 0.033102
2 0.372488 0.306746 0.0316462 0.0163447
2 0.493522 0.304277 0.0614315 0.0376596
0 0.498498 0.526132 0.0801493 0.0616955
2 0.542077 0.302003 0.0447319 0.0253565
2 0.610778 0.31282 0.0574788 0.0281546
7 0.543347 0.892926 0.424406 0.212997
0 0.498075 0.518737 0.0721515 0.0469613
2 0.542611 0.89292 0.421347 0.21299
5 0.543942 0.287712 0.0498595 0.0373348
2 0.492662 0.309983 0.0570745 0.027124
0 0.498575 0.511727 0.0612289 0.0332592
2 0.320823 0.315457 0.0616905 0.0249334
2 0.690978 0.314184 0.0574607 0.0271481
2 0.690898 0.303181 0.0575055 0.0460409
7 0.690501 0.30184 0.0586934 0.0458477
2 0.390079 0.390247 0.097504 0.0432092
2 0.269351 0.500149 0.159863 0.0932689
2 0.454576 0.431269 0.111722 0.0593847
2 0.546474 0.375 0.0883876 0.0452342
5 0.18793 0.318541 0.116024 0.0637062
2 0.473317 0.335423 0.0675672 0.0289657
2 0.704255 0.331281 0.0660979 0.0284328
2 0.587634 0.331377 0.0646361 0.0368658
3 0.498471 0.550186 0.0799784 0.0599772
2 0.684102 0.424962 0.121151 0.0705086
2 0.321255 0.321321 0.0606513 0.033102
2 0.372488 0.306746 0.0316462 0.0163447
2 0.493522 0.304277 0.0614315 0.0376596
0 0.498498 0.526132 0.0801493 0.0616955
2 0.542077 0.302003 0.0447319 0.0253565
2 0.610778 0.31282 0.0574788 0.0281546
7 0.543347 0.892926 0.424406 0.212997
0 0.498075 0.518737 0.0721515 0.0469613
2 0.542611 0.89292 0.421347 0.21299
5 0.543942 0.287712 0.0498595 0.0373348
2 0.492662 0.309983 0.0570745 0.027124
0 0.498575 0.511727 0.0612289 0.0332592
2 0.320823 0.315457 0.0616905 0.0249334
2 0.690978 0.314184 0.0574607 0.0271481
2 0.690898 0.303181 0.0575055 0.0460409
7 0.690501 0.30184 0.0586934 0.0458477
2 0.390079 0.390247 0.097504 0.0432092
2 0.269351 0.500149 0.159863 0.0932689
2 0.454576 0.431269 0.111722 0.0593847
2 0.546474 0.375 0.0883876 0.0452342
5 0.18793 0.318541 0.116024 0.0637062
2 0.473317 0.335423 0.0675672 0.0289657
2 0.704255 0.331281 0.0660979 0.0284328
2 0.587634 0.331377 0.0646361 0.0368658
3 0.498471 0.550186 0.0799784 0.0599772
2 0.684102 0.424962 0.121151 0.0705086
2 0.321255 0.321321 0.0606513 0.033102
2 0.372488 0.306746 0.0316462 0.0163447
2 0.493522 0.304277 0.0614315 0.0376596
0 0.498498 0.526132 0.0801493 0.0616955
2 0.542077 0.302003 0.0447319 0.0253565
2 0.610778 0.31282 0.0574788 0.0281546
7 0.543347 0.892926 0.424406 0.212997
0 0.498075 0.518737 0.0721515 0.0469613
2 0.542611 0.89292 0.421347 0.21299
5 0.543942 0.287712 0.0498595 0.0373348
2 0.492662 0.309983 0.0570745 0.027124
0 0.498575 0.511727 0.0612289 0.0332592
2 0.320823 0.315457 0.0616905 0.0249334
2 0.690978 0.314184 0.0574607 0.0271481
2 0.690898 0.303181 0.0575055 0.0460409
7 0.690501 0.30184 0.0586934 0.0458477
2 0.390079 0.390247 0.097504 0.0432092
2 0.269351 0.500149 0.159863 0.0932689
2 0.454576 0.431269 0.111722 0.0593847
2 0.546474 0.375 0.0883876 0.0452342
5 0.18793 0.318541 0.116024 0.0637062
2 0.473317 0.335423 0.0675672 0.0289657
2 0.704255 0.331281 0.0660979 0.0284328
2 0.587634 0.331377 0.0646361 0.0368658
3 0.498471 0.550186 0.0799784 0.0599772
2 0.684102 0.424962 0.121151 0.0705086
2 0.321255 0.321321 0.0606513 0.033102
2 0.372488 0.306746 0.0316462 0.0163447
2 0.493522 0.304277 0.0614315 0.0376596
0 0.498498 0.526132 0.0801493 0.0616955
2 0.542077 0.302003 0.0447319 0.0253565
2 0.610778 0.31282 0.0574788 0.0281546
7 0.543347 0.892926 0.424406 0.212997
0 0.498075 0.518737 0.0721515 0.0469613
2 0.542611 0.89292 0.421347 0.21299
5 0.543942 0.287712 0.0498595 0.0373348
2 0.492662 0.309983 0.0570745 0.027124
0 0.498575 0.511727 0.0612289 0.0332592
2 0.320823 0.315457 0.0616905 0.0249334
2 0.690978 0.314184 0.0574607 0.0271481
2 0.690898 0.303181 0.0575055 0.0460409
7 0.690501 0.30184 0.0586934 0.0458477
2 0.390079 0.390247 0.097504 0.0432092
2 0.269351 0.500149 0.159863 0.0932689
2 0.454576 0.431269 0.111722 0.0593847
2 0.546474 0.375 0.0883876 0.0452342
5 0.18793 0.318541 0.116024 0.0637062
2 0.473317 0.335423 0.0675672 0.0289657
2 0.704255 0.331281 0.0660979 0.0284328
2 0.587634 0.331377 0.0646361 0.0368658
3 0.498471 0.550186 0.0799784 0.0599772
2 0.684102 0.424962 0.121151 0.0705086
2 0.321255 0.321321 0.0606513 0.033102
2 0.372488 0.306746 0.0316462 0.0163447
2 0.493522 0.304277 0.0614315 0.0376596
0 0.498498 0.526132 0.0801493 0.0616955
2 0.542077 0.302003 0.0447319 0.0253565
2 0.610778 0.31282 0.0574788 0.0281546
7 0.543347 0.892926 0.424406 0.212997
0 0.498075 0.518737 0.0721515 0.0469613
2 0.542611 0.89292 0.421347 0.21299
5 0.543942 0.287712 0.0498595 0.0373348
2 0.492662 0.309983 0.0570745 0.027124
0 0.498575 0.511727 0.0612289 0.0332592
2 0.320823 0.315457 0.0616905 0.0249334
2 0.690978 0.314184 0.0574607 0.0271481
2 0.690898 0.303181 0.0575055 0.0460409
7 0.690501 0.30184 0.0586934 0.0458477
2 0.390079 0.390247 0.097504 0.0432092
2 0.269351 0.500149 0.159863 0.0932689
2 0.454576 0.431269 0.111722 0.0593847
2 0.546474 0.375 0.0883876 0.0452342
5 0.18793 0.318541 0.116024 0.0637062
2 0.473317 0.335423 0.0675672 0.0289657
2 0.704255 0.331281 0.0660979 0.0284328
2 0.587634 0.331377 0.0646361 0.0368658
3 0.498471 0.550186 0.0799784 0.0599772
2 0.684102 0.424962 0.121151 0.0705086
2 0.321255 0.321321 0.0606513 0.033102
2 0.372488 0.306746 0.0316462 0.0163447
2 0.493522 0.304277 0.0614315 0.0376596
0 0.498498 0.526132 0.0801493 0.0616955
2 0.542077 0.302003 0.0447319 0.0253565
2 0.610778 0.31282 0.0574788 0.0281546
7 0.543347 0.892926 0.424406 0.212997
0 0.498075 0.518737 0.0721515 0.0469613
2 0.542611 0.89292 0.421347 0.21299
5 0.543942 0.287712 0.0498595 0.0373348
2 0.492662 0.309983 0.0570745 0.027124
0 0.498575 0.511727 0.0612289 0.0332592
2 0.320823 0.315457 0.0616905 0.0249334
2 0.690978 0.314184 0.0574607 0.0271481
2 0.690898 0.303181 0.0575055 0.0460409
7 0.690501 0.30184 0.0586934 0.0458477
2 0.390079 0.390247 0.097504 0.0432092
2 0.269351 0.500149 0.159863 0.0932689
2 0.454576 0.431269 0.111722 0.0593847
2 0.546474 0.375 0.0883876 0.0452342
5 0.18793 0.318541 0.116024 0.0637062
2 0.473317 0.335423 0.0675672 0.0289657
2 0.704255 0.331281 0.0660979 0.0284328
2 0.587634 0.331377 0.0646361 0.0368658
3 0.498471 0.550186 0.0799784 0.0599772
2 0.684102 0.424962 0.121151 0.0705086
2 0.321255 0.321321 0.0606513 0.033102
2 0.372488 0.306746 0.0316462 0.0163447
2 0.493522 0.304277 0.0614315 0.0376596
0 0.498498 0.526132 0.0801493 0.0616955
2 0.542077 0.302003 0.0447319 0.0253565
2 0.610778 0.31282 0.0574788 0.0281546
7 0.543347 0.892926 0.424406 0.212997
0 0.498075 0.518737 0.0721515 0.0469613
2 0.542611 0.89292 0.421347 0.21299
5 0.543942 0.287712 0.0498595 0.0373348
2 0.492662 0.309983 0.0570745 0.027124
0 0.498575 0.511727 0.0612289 0.0332592
2 0.320823 0.315457 0.0616905 0.0249334
2 0.690978 0.314184 0.0574607 0.0271481
2 0.690898 0.303181 0.0575055 0.0460409
7 0.690501 0.30184 0.0586934 0.0458477
2 0.390079 0.390247 0.097504 0.0432092
2 0.269351 0.500149 0.159863 0.0932689
2 0.454576 0.431269 0.111722 0.0593847
2 0.546474 0.375 0.0883876 0.0452342
5 0.18793 0.318541 0.116024 0.0637062
2 0.473317 0.335423 0.0675672 0.0289657
2 0.704255 0.331281 0.0660979 0.0284328
2 0.587634 0.331377 0.0646361 0.0368658
3 0.498471 0.550186 0.0799784 0.0599772
2 0.684102 0.424962 0.121151 0.0705086
2 0.321255 0.321321 0.0606513 0.033102
2 0.372488 0.306746 0.0316462 0.0163447
2 0.493522 0.304277 0.0614315 0.0376596
0 0.498498 0.526132 0.0801493 0.0616955
2 0.542077 0.302003 0.0447319 0.0253565
2 0.610778 0.31282 0.0574788 0.0281546
7 0.543347 0.892926 0.424406 0.212997
0 0.498075 0.518737 0.0721515 0.0469613
2 0.542611 0.89292 0.421347 0.21299
5 0.543942 0.287712 0.0498595 0.0373348
2 0.492662 0.309983 0.0570745 0.027124
0 0.498575 0.511727 0.0612289 0.0332592
2 0.320823 0.315457 0.0616905 0.0249334
2 0.690978 0.314184 0.0574607 0.0271481
2 0.690898 0.303181 0.0575055 0.0460409
7 0.690501 0.30184 0.0586934 0.0458477
2 0.390079 0.390247 0.097504 0.0432092
2 0.269351 0.500149 0.159863 0.0932689
2 0.454576 0.431269 0.111722 0.0593847
2 0.546474 0.375 0.0883876 0.0452342
5 0.18793 0.318541 0.116024 0.0637062
2 0.473317 0.335423 0.0675672 0.0289657
2 0.704255 0.331281 0.0660979 0.0284328
2 0.587634 0.331377 0.0646361 0.0368658
3 0.498471 0.550186 0.0799784 0.0599772
2 0.684102 0.424962 0.121151 0.0705086
2 0.321255 0.321321 0.0606513 0.033102
2 0.372488 0.306746 0.0316462 0.0163447
2 0.493522 0.304277 0.0614315 0.0376596
0 0.498498 0.526132 0.0801493 0.0616955
2 0.542077 0.302003 0.0447319 0.0253565
2 0.610778 0.31282 0.0574788 0.0281546
7 0.543347 0.892926 0.424406 0.212997
0 0.498075 0.518737 0.0721515 0.0469613
2 0.542611 0.89292 0.421347 0.21299
5 0.543942 0.287712 0.0498595 0.0373348
2 0.492662 0.309983 0.0570745 0.027124
0 0.498575 0.511727 0.0612289 0.0332592
2 0.320823 0.315457 0.0616905 0.0249334
2 0.690978 0.314184 0.0574607 0.0271481
2 0.690898 0.303181 0.0575055 0.0460409
7 0.690501 0.30184 0.0586934 0.0458477
2 0.268297 0.499745 0.160911 0.0923998
2 0.454699 0.431277 0.118236 0.0588037
2 0.681469 0.425229 0.126046 0.06989
2 0.390648 0.390489 0.09759 0.0435496
2 0.54564 0.374428 0.091982 0.0430295
2 0.472651 0.335128 0.0674308 0.0283724
2 0.705444 0.330968 0.0648596 0.0292615
5 0.1888 0.317593 0.114933 0.0629071
3 0.498847 0.550064 0.0803051 0.060441
2 0.587547 0.331457 0.0657896 0.0366257
5 0.54648 0.892874 0.442703 0.212659
0 0.500752 0.511844 0.0654821 0.0338095
2 0.322899 0.320628 0.0622442 0.0339724
2 0.268297 0.499745 0.160911 0.0923998
2 0.454699 0.431277 0.118236 0.0588037
2 0.681469 0.425229 0.126046 0.06989
2 0.390648 0.390489 0.09759 0.0435496
2 0.54564 0.374428 0.091982 0.0430295
2 0.472651 0.335128 0.0674308 0.0283724
2 0.705444 0.330968 0.0648596 0.0292615
5 0.1888 0.317593 0.114933 0.0629071
3 0.498847 0.550064 0.0803051 0.060441
2 0.587547 0.331457 0.0657896 0.0366257
5 0.54648 0.892874 0.442703 0.212659
0 0.500752 0.511844 0.0654821 0.0338095
2 0.322899 0.320628 0.0622442 0.0339724
2 0.268297 0.499745 0.160911 0.0923998
2 0.454699 0.431277 0.118236 0.0588037
2 0.681469 0.425229 0.126046 0.06989
2 0.390648 0.390489 0.09759 0.0435496
2 0.54564 0.374428 0.091982 0.0430295
2 0.472651 0.335128 0.0674308 0.0283724
2 0.705444 0.330968 0.0648596 0.0292615
5 0.1888 0.317593 0.114933 0.0629071
3 0.498847 0.550064 0.0803051 0.060441
2 0.587547 0.331457 0.0657896 0.0366257
5 0.54648 0.892874 0.442703 0.212659
0 0.500752 0.511844 0.0654821 0.0338095
2 0.322899 0.320628 0.0622442 0.0339724
2 0.268297 0.499745 0.160911 0.0923998
2 0.454699 0.431277 0.118236 0.0588037
2 0.681469 0.425229 0.126046 0.06989
2 0.390648 0.390489 0.09759 0.0435496
2 0.54564 0.374428 0.091982 0.0430295
2 0.472651 0.335128 0.0674308 0.0283724
2 0.705444 0.330968 0.0648596 0.0292615
5 0.1888 0.317593 0.114933 0.0629071
3 0.498847 0.550064 0.0803051 0.060441
2 0.587547 0.331457 0.0657896 0.0366257
5 0.54648 0.892874 0.442703 0.212659
0 0.500752 0.511844 0.0654821 0.0338095
2 0.322899 0.320628 0.0622442 0.0339724
2 0.268297 0.499745 0.160911 0.0923998
2 0.454699 0.431277 0.118236 0.0588037
2 0.681469 0.425229 0.126046 0.06989
2 0.390648 0.390489 0.09759 0.0435496
2 0.54564 0.374428 0.091982 0.0430295
2 0.472651 0.335128 0.0674308 0.0283724
2 0.705444 0.330968 0.0648596 0.0292615
5 0.1888 0.317593 0.114933 0.0629071
3 0.498847 0.550064 0.0803051 0.060441
2 0.587547 0.331457 0.0657896 0.0366257
5 0.54648 0.892874 0.442703 0.212659
0 0.500752 0.511844 0.0654821 0.0338095
2 0.322899 0.320628 0.0622442 0.0339724
2 0.268297 0.499745 0.160911 0.0923998
2 0.454699 0.431277 0.118236 0.0588037
2 0.681469 0.425229 0.126046 0.06989
2 0.390648 0.390489 0.09759 0.0435496
2 0.54564 0.374428 0.091982 0.0430295
2 0.472651 0.335128 0.0674308 0.0283724
2 0.705444 0.330968 0.0648596 0.0292615
5 0.1888 0.317593 0.114933 0.0629071
3 0.498847 0.550064 0.0803051 0.060441
2 0.587547 0.331457 0.0657896 0.0366257
5 0.54648 0.892874 0.442703 0.212659
0 0.500752 0.511844 0.0654821 0.0338095
2 0.322899 0.320628 0.0622442 0.0339724
2 0.268297 0.499745 0.160911 0.0923998
2 0.454699 0.431277 0.118236 0.0588037
2 0.681469 0.425229 0.126046 0.06989
2 0.390648 0.390489 0.09759 0.0435496
2 0.54564 0.374428 0.091982 0.0430295
2 0.472651 0.335128 0.0674308 0.0283724
2 0.705444 0.330968 0.0648596 0.0292615
5 0.1888 0.317593 0.114933 0.0629071
3 0.498847 0.550064 0.0803051 0.060441
2 0.587547 0.331457 0.0657896 0.0366257
5 0.54648 0.892874 0.442703 0.212659
0 0.500752 0.511844 0.0654821 0.0338095
2 0.322899 0.320628 0.0622442 0.0339724
2 0.268297 0.499745 0.160911 0.0923998
2 0.454699 0.431277 0.118236 0.0588037
2 0.681469 0.425229 0.126046 0.06989
2 0.390648 0.390489 0.09759 0.0435496
2 0.54564 0.374428 0.091982 0.0430295
2 0.472651 0.335128 0.0674308 0.0283724
2 0.705444 0.330968 0.0648596 0.0292615
5 0.1888 0.317593 0.114933 0.0629071
3 0.498847 0.550064 0.0803051 0.060441
2 0.587547 0.331457 0.0657896 0.0366257
5 0.54648 0.892874 0.442703 0.212659
0 0.500752 0.511844 0.0654821 0.0338095
2 0.322899 0.320628 0.0622442 0.0339724
2 0.610959 0.313764 0.051632 0.0277248
2 0.543899 0.302116 0.0459507 0.0263141
2 0.4949 0.307607 0.0590463 0.0341498
7 0.689707 0.303809 0.0570038 0.0476297
7 0.543528 0.282359 0.0538051 0.0263954
2 0.366081 0.306004 0.0429042 0.0176655
