2 0.466508 0.87931 0.313711 0.191807
2 0.788276 0.572633 0.193321 0.0932959
2 0.235695 0.543819 0.172148 0.0803543
2 0.497823 0.473292 0.149765 0.0854766
2 0.536623 0.384981 0.0901165 0.0440548
2 0.0433438 0.422099 0.0866877 0.0681574
7 0.385132 0.370943 0.106044 0.074635
2 0.111009 0.380527 0.0918053 0.0414513
2 0.679903 0.409478 0.130683 0.0902776
2 0.562646 0.336425 0.0677758 0.031571
2 0.240959 0.345266 0.0740551 0.032589
2 0.290005 0.328985 0.0576102 0.0271253
2 0.448017 0.351219 0.0652065 0.0432155
2 0.179345 0.333655 0.0652011 0.0292991
2 0.505665 0.320845 0.0465037 0.0250118
2 0.544565 0.362816 0.0783269 0.0340017
2 0.307132 0.302551 0.0375582 0.0158364
2 0.677187 0.338646 0.0701102 0.0291291
5 0.508959 0.299039 0.0743052 0.0433066
7 0.68066 0.409577 0.12907 0.0905073
2 0.676473 0.315783 0.0555712 0.0215261
2 0.465295 0.32585 0.0642704 0.0383872
2 0.675308 0.356821 0.0793171 0.0197961
2 0.35394 0.298062 0.0326283 0.0154796
2 0.247171 0.313513 0.0436591 0.0230622
7 0.466631 0.325117 0.064087 0.0396165
2 0.466508 0.87931 0.313711 0.191807
2 0.788276 0.572633 0.193321 0.0932959
2 0.235695 0.543819 0.172148 0.0803543
2 0.497823 0.473292 0.149765 0.0854766
2 0.536623 0.384981 0.0901165 0.0440548
2 0.0433438 0.422099 0.0866877 0.0681574
7 0.385132 0.370943 0.106044 0.074635
2 0.111009 0.380527 0.0918053 0.0414513
2 0.679903 0.409478 0.130683 0.0902776
2 0.562646 0.336425 0.0677758 0.031571
2 0.240959 0.345266 0.0740551 0.032589
2 0.290005 0.328985 0.0576102 0.0271253
2 0.448017 0.351219 0.0652065 0.0432155
2 0.179345 0.333655 0.0652011 0.0292991
2 0.505665 0.320845 0.0465037 0.0250118
2 0.544565 0.362816 0.0783269 0.0340017
2 0.307132 0.302551 0.0375582 0.0158364
2 0.677187 0.338646 0.0701102 0.0291291
5 0.508959 0.299039 0.0743052 0.0433066
7 0.68066 0.409577 0.12907 0.0905073
2 0.676473 0.315783 0.0555712 0.0215261
2 0.465295 0.32585 0.0642704 0.0383872
2 0.675308 0.356821 0.0793171 0.0197961
2 0.35394 0.298062 0.0326283 0.0154796
2 0.247171 0.313513 0.0436591 0.0230622
7 0.466631 0.325117 0.064087 0.0396165
2 0.466508 0.87931 0.313711 0.191807
2 0.788276 0.572633 0.193321 0.0932959
2 0.235695 0.543819 0.172148 0.0803543
2 0.497823 0.473292 0.149765 0.0854766
2 0.536623 0.384981 0.0901165 0.0440548
2 0.0433438 0.422099 0.0866877 0.0681574
7 0.385132 0.370943 0.106044 0.074635
2 0.111009 0.380527 0.0918053 0.0414513
2 0.679903 0.409478 0.130683 0.0902776
2 0.562646 0.336425 0.0677758 0.031571
2 0.240959 0.345266 0.0740551 0.032589
2 0.290005 0.328985 0.0576102 0.0271253
2 0.448017 0.351219 0.0652065 0.0432155
2 0.179345 0.333655 0.0652011 0.0292991
2 0.505665 0.320845 0.0465037 0.0250118
2 0.544565 0.362816 0.0783269 0.0340017
2 0.307132 0.302551 0.0375582 0.0158364
2 0.677187 0.338646 0.0701102 0.0291291
5 0.508959 0.299039 0.0743052 0.0433066
7 0.68066 0.409577 0.12907 0.0905073
2 0.676473 0.315783 0.0555712 0.0215261
2 0.465295 0.32585 0.0642704 0.0383872
2 0.675308 0.356821 0.0793171 0.0197961
2 0.35394 0.298062 0.0326283 0.0154796
2 0.247171 0.313513 0.0436591 0.0230622
7 0.466631 0.325117 0.064087 0.0396165
2 0.466508 0.87931 0.313711 0.191807
2 0.788276 0.572633 0.193321 0.0932959
2 0.235695 0.543819 0.172148 0.0803543
2 0.497823 0.473292 0.149765 0.0854766
2 0.536623 0.384981 0.0901165 0.0440548
2 0.0433438 0.422099 0.0866877 0.0681574
7 0.385132 0.370943 0.106044 0.074635
2 0.111009 0.380527 0.0918053 0.0414513
2 0.679903 0.409478 0.130683 0.0902776
2 0.562646 0.336425 0.0677758 0.031571
2 0.240959 0.345266 0.0740551 0.032589
2 0.290005 0.328985 0.0576102 0.0271253
2 0.448017 0.351219 0.0652065 0.0432155
2 0.179345 0.333655 0.0652011 0.0292991
2 0.505665 0.320845 0.0465037 0.0250118
2 0.544565 0.362816 0.0783269 0.0340017
2 0.307132 0.302551 0.0375582 0.0158364
2 0.677187 0.338646 0.0701102 0.0291291
5 0.508959 0.299039 0.0743052 0.0433066
7 0.68066 0.409577 0.12907 0.0905073
2 0.676473 0.315783 0.0555712 0.0215261
2 0.465295 0.32585 0.0642704 0.0383872
2 0.675308 0.356821 0.0793171 0.0197961
2 0.35394 0.298062 0.0326283 0.0154796
2 0.247171 0.313513 0.0436591 0.0230622
7 0.466631 0.325117 0.064087 0.0396165
2 0.466508 0.87931 0.313711 0.191807
2 0.788276 0.572633 0.193321 0.0932959
2 0.235695 0.543819 0.172148 0.0803543
2 0.497823 0.473292 0.149765 0.0854766
2 0.536623 0.384981 0.0901165 0.0440548
2 0.0433438 0.422099 0.0866877 0.0681574
7 0.385132 0.370943 0.106044 0.074635
2 0.111009 0.380527 0.0918053 0.0414513
2 0.679903 0.409478 0.130683 0.0902776
2 0.562646 0.336425 0.0677758 0.031571
2 0.240959 0.345266 0.0740551 0.032589
2 0.290005 0.328985 0.0576102 0.0271253
2 0.448017 0.351219 0.0652065 0.0432155
2 0.179345 0.333655 0.0652011 0.0292991
2 0.505665 0.320845 0.0465037 0.0250118
2 0.544565 0.362816 0.0783269 0.0340017
2 0.307132 0.302551 0.0375582 0.0158364
2 0.677187 0.338646 0.0701102 0.0291291
5 0.508959 0.299039 0.0743052 0.0433066
7 0.68066 0.409577 0.12907 0.0905073
2 0.676473 0.315783 0.0555712 0.0215261
2 0.465295 0.32585 0.0642704 0.0383872
2 0.675308 0.356821 0.0793171 0.0197961
2 0.35394 0.298062 0.0326283 0.0154796
2 0.247171 0.313513 0.0436591 0.0230622
7 0.466631 0.325117 0.064087 0.0396165
2 0.466508 0.87931 0.313711 0.191807
2 0.788276 0.572633 0.193321 0.0932959
2 0.235695 0.543819 0.172148 0.0803543
2 0.497823 0.473292 0.149765 0.0854766
2 0.536623 0.384981 0.0901165 0.0440548
2 0.0433438 0.422099 0.0866877 0.0681574
7 0.385132 0.370943 0.106044 0.074635
2 0.111009 0.380527 0.0918053 0.0414513
2 0.679903 0.409478 0.130683 0.0902776
2 0.562646 0.336425 0.0677758 0.031571
2 0.240959 0.345266 0.0740551 0.032589
2 0.290005 0.328985 0.0576102 0.0271253
2 0.448017 0.351219 0.0652065 0.0432155
2 0.179345 0.333655 0.0652011 0.0292991
2 0.505665 0.320845 0.0465037 0.0250118
2 0.544565 0.362816 0.0783269 0.0340017
2 0.307132 0.302551 0.0375582 0.0158364
2 0.677187 0.338646 0.0701102 0.0291291
5 0.508959 0.299039 0.0743052 0.0433066
7 0.68066 0.409577 0.12907 0.0905073
2 0.676473 0.315783 0.0555712 0.0215261
2 0.465295 0.32585 0.0642704 0.0383872
2 0.675308 0.356821 0.0793171 0.0197961
2 0.35394 0.298062 0.0326283 0.0154796
2 0.247171 0.313513 0.0436591 0.0230622
7 0.466631 0.325117 0.064087 0.0396165
2 0.466508 0.87931 0.313711 0.191807
2 0.788276 0.572633 0.193321 0.0932959
2 0.235695 0.543819 0.172148 0.0803543
2 0.497823 0.473292 0.149765 0.0854766
2 0.536623 0.384981 0.0901165 0.0440548
2 0.0433438 0.422099 0.0866877 0.0681574
7 0.385132 0.370943 0.106044 0.074635
2 0.111009 0.380527 0.0918053 0.0414513
2 0.679903 0.409478 0.130683 0.0902776
2 0.562646 0.336425 0.0677758 0.031571
2 0.240959 0.345266 0.0740551 0.032589
2 0.290005 0.328985 0.0576102 0.0271253
2 0.448017 0.351219 0.0652065 0.0432155
2 0.179345 0.333655 0.0652011 0.0292991
2 0.505665 0.320845 0.0465037 0.0250118
2 0.544565 0.362816 0.0783269 0.0340017
2 0.307132 0.302551 0.0375582 0.0158364
2 0.677187 0.338646 0.0701102 0.0291291
5 0.508959 0.299039 0.0743052 0.0433066
7 0.68066 0.409577 0.12907 0.0905073
2 0.676473 0.315783 0.0555712 0.0215261
2 0.465295 0.32585 0.0642704 0.0383872
2 0.675308 0.356821 0.0793171 0.0197961
2 0.35394 0.298062 0.0326283 0.0154796
2 0.247171 0.313513 0.0436591 0.0230622
7 0.466631 0.325117 0.064087 0.0396165
2 0.466508 0.87931 0.313711 0.191807
2 0.788276 0.572633 0.193321 0.0932959
2 0.235695 0.543819 0.172148 0.0803543
2 0.497823 0.473292 0.149765 0.0854766
2 0.536623 0.384981 0.0901165 0.0440548
2 0.0433438 0.422099 0.0866877 0.0681574
7 0.385132 0.370943 0.106044 0.074635
2 0.111009 0.380527 0.0918053 0.0414513
2 0.679903 0.409478 0.130683 0.0902776
2 0.562646 0.336425 0.0677758 0.031571
2 0.240959 0.345266 0.0740551 0.032589
2 0.290005 0.328985 0.0576102 0.0271253
2 0.448017 0.351219 0.0652065 0.0432155
2 0.179345 0.333655 0.0652011 0.0292991
2 0.505665 0.320845 0.0465037 0.0250118
2 0.544565 0.362816 0.0783269 0.0340017
2 0.307132 0.302551 0.0375582 0.0158364
2 0.677187 0.338646 0.0701102 0.0291291
5 0.508959 0.299039 0.0743052 0.0433066
7 0.68066 0.409577 0.12907 0.0905073
2 0.676473 0.315783 0.0555712 0.0215261
2 0.465295 0.32585 0.0642704 0.0383872
2 0.675308 0.356821 0.0793171 0.0197961
2 0.35394 0.298062 0.0326283 0.0154796
2 0.247171 0.313513 0.0436591 0.0230622
7 0.466631 0.325117 0.064087 0.0396165
2 0.466508 0.87931 0.313711 0.191807
2 0.788276 0.572633 0.193321 0.0932959
2 0.235695 0.543819 0.172148 0.0803543
2 0.497823 0.473292 0.149765 0.0854766
2 0.536623 0.384981 0.0901165 0.0440548
2 0.0433438 0.422099 0.0866877 0.0681574
7 0.385132 0.370943 0.106044 0.074635
2 0.111009 0.380527 0.0918053 0.0414513
2 0.679903 0.409478 0.130683 0.0902776
2 0.562646 0.336425 0.0677758 0.031571
2 0.240959 0.345266 0.0740551 0.032589
2 0.290005 0.328985 0.0576102 0.0271253
2 0.448017 0.351219 0.0652065 0.0432155
2 0.179345 0.333655 0.0652011 0.0292991
2 0.505665 0.320845 0.0465037 0.0250118
2 0.544565 0.362816 0.0783269 0.0340017
2 0.307132 0.302551 0.0375582 0.0158364
2 0.677187 0.338646 0.0701102 0.0291291
5 0.508959 0.299039 0.0743052 0.0433066
7 0.68066 0.409577 0.12907 0.0905073
2 0.676473 0.315783 0.0555712 0.0215261
2 0.465295 0.32585 0.0642704 0.0383872
2 0.675308 0.356821 0.0793171 0.0197961
2 0.35394 0.298062 0.0326283 0.0154796
2 0.247171 0.313513 0.0436591 0.0230622
7 0.466631 0.325117 0.064087 0.0396165
2 0.466508 0.87931 0.313711 0.191807
2 0.788276 0.572633 0.193321 0.0932959
2 0.235695 0.543819 0.172148 0.0803543
2 0.497823 0.473292 0.149765 0.0854766
2 0.536623 0.384981 0.0901165 0.0440548
2 0.0433438 0.422099 0.0866877 0.0681574
7 0.385132 0.370943 0.106044 0.074635
2 0.111009 0.380527 0.0918053 0.0414513
2 0.679903 0.409478 0.130683 0.0902776
2 0.562646 0.336425 0.0677758 0.031571
2 0.240959 0.345266 0.0740551 0.032589
2 0.290005 0.328985 0.0576102 0.0271253
2 0.448017 0.351219 0.0652065 0.0432155
2 0.179345 0.333655 0.0652011 0.0292991
2 0.505665 0.320845 0.0465037 0.0250118
2 0.544565 0.362816 0.0783269 0.0340017
2 0.307132 0.302551 0.0375582 0.0158364
2 0.677187 0.338646 0.0701102 0.0291291
5 0.508959 0.299039 0.0743052 0.0433066
7 0.68066 0.409577 0.12907 0.0905073
2 0.676473 0.315783 0.0555712 0.0215261
2 0.465295 0.32585 0.0642704 0.0383872
2 0.675308 0.356821 0.0793171 0.0197961
2 0.35394 0.298062 0.0326283 0.0154796
2 0.247171 0.313513 0.0436591 0.0230622
7 0.466631 0.325117 0.064087 0.0396165
2 0.466508 0.87931 0.313711 0.191807
2 0.788276 0.572633 0.193321 0.0932959
2 0.235695 0.543819 0.172148 0.0803543
2 0.497823 0.473292 0.149765 0.0854766
2 0.536623 0.384981 0.0901165 0.0440548
2 0.0433438 0.422099 0.0866877 0.0681574
7 0.385132 0.370943 0.106044 0.074635
2 0.111009 0.380527 0.0918053 0.0414513
2 0.679903 0.409478 0.130683 0.0902776
2 0.562646 0.336425 0.0677758 0.031571
2 0.240959 0.345266 0.0740551 0.032589
2 0.290005 0.328985 0.0576102 0.0271253
2 0.448017 0.351219 0.0652065 0.0432155
2 0.179345 0.333655 0.0652011 0.0292991
2 0.505665 0.320845 0.0465037 0.0250118
2 0.544565 0.362816 0.0783269 0.0340017
2 0.307132 0.302551 0.0375582 0.0158364
2 0.677187 0.338646 0.0701102 0.0291291
5 0.508959 0.299039 0.0743052 0.0433066
7 0.68066 0.409577 0.12907 0.0905073
2 0.676473 0.315783 0.0555712 0.0215261
2 0.465295 0.32585 0.0642704 0.0383872
2 0.675308 0.356821 0.0793171 0.0197961
2 0.35394 0.298062 0.0326283 0.0154796
2 0.247171 0.313513 0.0436591 0.0230622
7 0.466631 0.325117 0.064087 0.0396165
2 0.466508 0.87931 0.313711 0.191807
2 0.788276 0.572633 0.193321 0.0932959
2 0.235695 0.543819 0.172148 0.0803543
2 0.497823 0.473292 0.149765 0.0854766
2 0.536623 0.384981 0.0901165 0.0440548
2 0.0433438 0.422099 0.0866877 0.0681574
7 0.385132 0.370943 0.106044 0.074635
2 0.111009 0.380527 0.0918053 0.0414513
2 0.679903 0.409478 0.130683 0.0902776
2 0.562646 0.336425 0.0677758 0.031571
2 0.240959 0.345266 0.0740551 0.032589
2 0.290005 0.328985 0.0576102 0.0271253
2 0.448017 0.351219 0.0652065 0.0432155
2 0.179345 0.333655 0.0652011 0.0292991
2 0.505665 0.320845 0.0465037 0.0250118
2 0.544565 0.362816 0.0783269 0.0340017
2 0.307132 0.302551 0.0375582 0.0158364
2 0.677187 0.338646 0.0701102 0.0291291
5 0.508959 0.299039 0.0743052 0.0433066
7 0.68066 0.409577 0.12907 0.0905073
2 0.676473 0.315783 0.0555712 0.0215261
2 0.465295 0.32585 0.0642704 0.0383872
2 0.675308 0.356821 0.0793171 0.0197961
2 0.35394 0.298062 0.0326283 0.0154796
2 0.247171 0.313513 0.0436591 0.0230622
7 0.466631 0.325117 0.064087 0.0396165
2 0.466568 0.878805 0.316629 0.191755
2 0.787178 0.572331 0.193823 0.0941246
2 0.234829 0.543714 0.170667 0.0809486
2 0.496031 0.474076 0.148977 0.0854267
2 0.53575 0.386074 0.0922268 0.0424647
2 0.564466 0.335553 0.0651615 0.031117
2 0.110689 0.380033 0.0927624 0.0406302
7 0.384203 0.370837 0.109897 0.0750995
2 0.541287 0.362787 0.0888233 0.0337936
2 0.681198 0.409136 0.131359 0.0904448
2 0.241765 0.346168 0.074251 0.0302735
2 0.0434607 0.422113 0.0859023 0.0686146
2 0.178668 0.333996 0.0646167 0.0289225
2 0.50637 0.32059 0.0479964 0.0242892
2 0.290236 0.329385 0.057121 0.0274183
2 0.305499 0.301776 0.037571 0.0178089
7 0.512008 0.301233 0.074864 0.0482325
2 0.466568 0.878805 0.316629 0.191755
2 0.787178 0.572331 0.193823 0.0941246
2 0.234829 0.543714 0.170667 0.0809486
2 0.496031 0.474076 0.148977 0.0854267
2 0.53575 0.386074 0.0922268 0.0424647
2 0.564466 0.335553 0.0651615 0.031117
2 0.110689 0.380033 0.0927624 0.0406302
7 0.384203 0.370837 0.109897 0.0750995
2 0.541287 0.362787 0.0888233 0.0337936
2 0.681198 0.409136 0.131359 0.0904448
2 0.241765 0.346168 0.074251 0.0302735
2 0.0434607 0.422113 0.0859023 0.0686146
2 0.178668 0.333996 0.0646167 0.0289225
2 0.50637 0.32059 0.0479964 0.0242892
2 0.290236 0.329385 0.057121 0.0274183
2 0.305499 0.301776 0.037571 0.0178089
7 0.512008 0.301233 0.074864 0.0482325
2 0.466568 0.878805 0.316629 0.191755
2 0.787178 0.572331 0.193823 0.0941246
2 0.234829 0.543714 0.170667 0.0809486
2 0.496031 0.474076 0.148977 0.0854267
2 0.53575 0.386074 0.0922268 0.0424647
2 0.564466 0.335553 0.0651615 0.031117
2 0.110689 0.380033 0.0927624 0.0406302
7 0.384203 0.370837 0.109897 0.0750995
2 0.541287 0.362787 0.0888233 0.0337936
2 0.681198 0.409136 0.131359 0.0904448
2 0.241765 0.346168 0.074251 0.0302735
2 0.0434607 0.422113 0.0859023 0.0686146
2 0.178668 0.333996 0.0646167 0.0289225
2 0.50637 0.32059 0.0479964 0.0242892
2 0.290236 0.329385 0.057121 0.0274183
2 0.305499 0.301776 0.037571 0.0178089
7 0.512008 0.301233 0.074864 0.0482325
2 0.466568 0.878805 0.316629 0.191755
2 0.787178 0.572331 0.193823 0.0941246
2 0.234829 0.543714 0.170667 0.0809486
2 0.496031 0.474076 0.148977 0.0854267
2 0.53575 0.386074 0.0922268 0.0424647
2 0.564466 0.335553 0.0651615 0.031117
2 0.110689 0.380033 0.0927624 0.0406302
7 0.384203 0.370837 0.109897 0.0750995
2 0.541287 0.362787 0.0888233 0.0337936
2 0.681198 0.409136 0.131359 0.0904448
2 0.241765 0.346168 0.074251 0.0302735
2 0.0434607 0.422113 0.0859023 0.0686146
2 0.178668 0.333996 0.0646167 0.0289225
2 0.50637 0.32059 0.0479964 0.0242892
2 0.290236 0.329385 0.057121 0.0274183
2 0.305499 0.301776 0.037571 0.0178089
7 0.512008 0.301233 0.074864 0.0482325
2 0.466568 0.878805 0.316629 0.191755
2 0.787178 0.572331 0.193823 0.0941246
2 0.234829 0.543714 0.170667 0.0809486
2 0.496031 0.474076 0.148977 0.0854267
2 0.53575 0.386074 0.0922268 0.0424647
2 0.564466 0.335553 0.0651615 0.031117
2 0.110689 0.380033 0.0927624 0.0406302
7 0.384203 0.370837 0.109897 0.0750995
2 0.541287 0.362787 0.0888233 0.0337936
2 0.681198 0.409136 0.131359 0.0904448
2 0.241765 0.346168 0.074251 0.0302735
2 0.0434607 0.422113 0.0859023 0.0686146
2 0.178668 0.333996 0.0646167 0.0289225
2 0.50637 0.32059 0.0479964 0.0242892
2 0.290236 0.329385 0.057121 0.0274183
2 0.305499 0.301776 0.037571 0.0178089
7 0.512008 0.301233 0.074864 0.0482325
2 0.466568 0.878805 0.316629 0.191755
2 0.787178 0.572331 0.193823 0.0941246
2 0.234829 0.543714 0.170667 0.0809486
2 0.496031 0.474076 0.148977 0.0854267
2 0.53575 0.386074 0.0922268 0.0424647
2 0.564466 0.335553 0.0651615 0.031117
2 0.110689 0.380033 0.0927624 0.0406302
7 0.384203 0.370837 0.109897 0.0750995
2 0.541287 0.362787 0.0888233 0.0337936
2 0.681198 0.409136 0.131359 0.0904448
2 0.241765 0.346168 0.074251 0.0302735
2 0.0434607 0.422113 0.0859023 0.0686146
2 0.178668 0.333996 0.0646167 0.0289225
2 0.50637 0.32059 0.0479964 0.0242892
2 0.290236 0.329385 0.057121 0.0274183
2 0.305499 0.301776 0.037571 0.0178089
7 0.512008 0.301233 0.074864 0.0482325
2 0.466568 0.878805 0.316629 0.191755
2 0.787178 0.572331 0.193823 0.0941246
2 0.234829 0.543714 0.170667 0.0809486
2 0.496031 0.474076 0.148977 0.0854267
2 0.53575 0.386074 0.0922268 0.0424647
2 0.564466 0.335553 0.0651615 0.031117
2 0.110689 0.380033 0.0927624 0.0406302
7 0.384203 0.370837 0.109897 0.0750995
2 0.541287 0.362787 0.0888233 0.0337936
2 0.681198 0.409136 0.131359 0.0904448
2 0.241765 0.346168 0.074251 0.0302735
2 0.0434607 0.422113 0.0859023 0.0686146
2 0.178668 0.333996 0.0646167 0.0289225
2 0.50637 0.32059 0.0479964 0.0242892
2 0.290236 0.329385 0.057121 0.0274183
2 0.305499 0.301776 0.037571 0.0178089
7 0.512008 0.301233 0.074864 0.0482325
2 0.466568 0.878805 0.316629 0.191755
2 0.787178 0.572331 0.193823 0.0941246
2 0.234829 0.543714 0.170667 0.0809486
2 0.496031 0.474076 0.148977 0.0854267
2 0.53575 0.386074 0.0922268 0.0424647
2 0.564466 0.335553 0.0651615 0.031117
2 0.110689 0.380033 0.0927624 0.0406302
7 0.384203 0.370837 0.109897 0.0750995
2 0.541287 0.362787 0.0888233 0.0337936
2 0.681198 0.409136 0.131359 0.0904448
2 0.241765 0.346168 0.074251 0.0302735
2 0.0434607 0.422113 0.0859023 0.0686146
2 0.178668 0.333996 0.0646167 0.0289225
2 0.50637 0.32059 0.0479964 0.0242892
2 0.290236 0.329385 0.057121 0.0274183
2 0.305499 0.301776 0.037571 0.0178089
7 0.512008 0.301233 0.074864 0.0482325
2 0.448082 0.351506 0.0631159 0.0419777
2 0.678822 0.316485 0.0560357 0.0237266
2 0.464909 0.328228 0.0648553 0.0364706
2 0.247818 0.313227 0.0451789 0.0222976
2 0.679059 0.333805 0.055815 0.019157
2 0.68067 0.338461 0.063185 0.0278974
2 0.35477 0.297771 0.0300605 0.0149075
2 0.672727 0.354199 0.0740014 0.0225256
