2 0.652059 0.536507 0.159975 0.0761223
2 0.159228 0.697462 0.221556 0.114358
7 0.226532 0.53213 0.275133 0.18459
5 0.832502 0.338751 0.0877699 0.0624962
2 0.444624 0.351479 0.0698269 0.0352151
2 0.24321 0.357052 0.0665004 0.0291869
2 0.535975 0.370461 0.0809153 0.0468676
5 0.886788 0.311087 0.0706848 0.0415043
2 0.580684 0.322464 0.0430259 0.0211542
2 0.321069 0.33056 0.0466726 0.0230426
2 0.670271 0.338239 0.0517459 0.0272009
2 0.485051 0.322647 0.0475374 0.0179939
2 0.276974 0.320269 0.0409237 0.0210319
2 0.355622 0.317783 0.0401739 0.018527
0 0.275426 0.506172 0.0626056 0.0310747
2 0.664765 0.321878 0.0443836 0.0161334
5 0.93908 0.404443 0.120376 0.0777586
0 0.96968 0.973029 0.0592682 0.0528992
2 0.652059 0.536507 0.159975 0.0761223
2 0.159228 0.697462 0.221556 0.114358
7 0.226532 0.53213 0.275133 0.18459
5 0.832502 0.338751 0.0877699 0.0624962
2 0.444624 0.351479 0.0698269 0.0352151
2 0.24321 0.357052 0.0665004 0.0291869
2 0.535975 0.370461 0.0809153 0.0468676
5 0.886788 0.311087 0.0706848 0.0415043
2 0.580684 0.322464 0.0430259 0.0211542
2 0.321069 0.33056 0.0466726 0.0230426
2 0.670271 0.338239 0.0517459 0.0272009
2 0.485051 0.322647 0.0475374 0.0179939
2 0.276974 0.320269 0.0409237 0.0210319
2 0.355622 0.317783 0.0401739 0.018527
0 0.275426 0.506172 0.0626056 0.0310747
2 0.664765 0.321878 0.0443836 0.0161334
5 0.93908 0.404443 0.120376 0.0777586
0 0.96968 0.973029 0.0592682 0.0528992
2 0.652059 0.536507 0.159975 0.0761223
2 0.159228 0.697462 0.221556 0.114358
7 0.226532 0.53213 0.275133 0.18459
5 0.832502 0.338751 0.0877699 0.0624962
2 0.444624 0.351479 0.0698269 0.0352151
2 0.24321 0.357052 0.0665004 0.0291869
2 0.535975 0.370461 0.0809153 0.0468676
5 0.886788 0.311087 0.0706848 0.0415043
2 0.580684 0.322464 0.0430259 0.0211542
2 0.321069 0.33056 0.0466726 0.0230426
2 0.670271 0.338239 0.0517459 0.0272009
2 0.485051 0.322647 0.0475374 0.0179939
2 0.276974 0.320269 0.0409237 0.0210319
2 0.355622 0.317783 0.0401739 0.018527
0 0.275426 0.506172 0.0626056 0.0310747
2 0.664765 0.321878 0.0443836 0.0161334
5 0.93908 0.404443 0.120376 0.0777586
0 0.96968 0.973029 0.0592682 0.0528992
2 0.652059 0.536507 0.159975 0.0761223
2 0.159228 0.697462 0.221556 0.114358
7 0.226532 0.53213 0.275133 0.18459
5 0.832502 0.338751 0.0877699 0.0624962
2 0.444624 0.351479 0.0698269 0.0352151
2 0.24321 0.357052 0.0665004 0.0291869
2 0.535975 0.370461 0.0809153 0.0468676
5 0.886788 0.311087 0.0706848 0.0415043
2 0.580684 0.322464 0.0430259 0.0211542
2 0.321069 0.33056 0.0466726 0.0230426
2 0.670271 0.338239 0.0517459 0.0272009
2 0.485051 0.322647 0.0475374 0.0179939
2 0.276974 0.320269 0.0409237 0.0210319
2 0.355622 0.317783 0.0401739 0.018527
0 0.275426 0.506172 0.0626056 0.0310747
2 0.664765 0.321878 0.0443836 0.0161334
5 0.93908 0.404443 0.120376 0.0777586
0 0.96968 0.973029 0.0592682 0.0528992
2 0.652059 0.536507 0.159975 0.0761223
2 0.159228 0.697462 0.221556 0.114358
7 0.226532 0.53213 0.275133 0.18459
5 0.832502 0.338751 0.0877699 0.0624962
2 0.444624 0.351479 0.0698269 0.0352151
2 0.24321 0.357052 0.0665004 0.0291869
2 0.535975 0.370461 0.0809153 0.0468676
5 0.886788 0.311087 0.0706848 0.0415043
2 0.580684 0.322464 0.0430259 0.0211542
2 0.321069 0.33056 0.0466726 0.0230426
2 0.670271 0.338239 0.0517459 0.0272009
2 0.485051 0.322647 0.0475374 0.0179939
2 0.276974 0.320269 0.0409237 0.0210319
2 0.355622 0.317783 0.0401739 0.018527
0 0.275426 0.506172 0.0626056 0.0310747
2 0.664765 0.321878 0.0443836 0.0161334
5 0.93908 0.404443 0.120376 0.0777586
0 0.96968 0.973029 0.0592682 0.0528992
2 0.652059 0.536507 0.159975 0.0761223
2 0.159228 0.697462 0.221556 0.114358
7 0.226532 0.53213 0.275133 0.18459
5 0.832502 0.338751 0.0877699 0.0624962
2 0.444624 0.351479 0.0698269 0.0352151
2 0.24321 0.357052 0.0665004 0.0291869
2 0.535975 0.370461 0.0809153 0.0468676
5 0.886788 0.311087 0.0706848 0.0415043
2 0.580684 0.322464 0.0430259 0.0211542
2 0.321069 0.33056 0.0466726 0.0230426
2 0.670271 0.338239 0.0517459 0.0272009
2 0.485051 0.322647 0.0475374 0.0179939
2 0.276974 0.320269 0.0409237 0.0210319
2 0.355622 0.317783 0.0401739 0.018527
0 0.275426 0.506172 0.0626056 0.0310747
2 0.664765 0.321878 0.0443836 0.0161334
5 0.93908 0.404443 0.120376 0.0777586
0 0.96968 0.973029 0.0592682 0.0528992
2 0.652059 0.536507 0.159975 0.0761223
2 0.159228 0.697462 0.221556 0.114358
7 0.226532 0.53213 0.275133 0.18459
5 0.832502 0.338751 0.0877699 0.0624962
2 0.444624 0.351479 0.0698269 0.0352151
2 0.24321 0.357052 0.0665004 0.0291869
2 0.535975 0.370461 0.0809153 0.0468676
5 0.886788 0.311087 0.0706848 0.0415043
2 0.580684 0.322464 0.0430259 0.0211542
2 0.321069 0.33056 0.0466726 0.0230426
2 0.670271 0.338239 0.0517459 0.0272009
2 0.485051 0.322647 0.0475374 0.0179939
2 0.276974 0.320269 0.0409237 0.0210319
2 0.355622 0.317783 0.0401739 0.018527
0 0.275426 0.506172 0.0626056 0.0310747
2 0.664765 0.321878 0.0443836 0.0161334
5 0.93908 0.404443 0.120376 0.0777586
0 0.96968 0.973029 0.0592682 0.0528992
2 0.652059 0.536507 0.159975 0.0761223
2 0.159228 0.697462 0.221556 0.114358
7 0.226532 0.53213 0.275133 0.18459
5 0.832502 0.338751 0.0877699 0.0624962
2 0.444624 0.351479 0.0698269 0.0352151
2 0.24321 0.357052 0.0665004 0.0291869
2 0.535975 0.370461 0.0809153 0.0468676
5 0.886788 0.311087 0.0706848 0.0415043
2 0.580684 0.322464 0.0430259 0.0211542
2 0.321069 0.33056 0.0466726 0.0230426
2 0.670271 0.338239 0.0517459 0.0272009
2 0.485051 0.322647 0.0475374 0.0179939
2 0.276974 0.320269 0.0409237 0.0210319
2 0.355622 0.317783 0.0401739 0.018527
0 0.275426 0.506172 0.0626056 0.0310747
2 0.664765 0.321878 0.0443836 0.0161334
5 0.93908 0.404443 0.120376 0.0777586
0 0.96968 0.973029 0.0592682 0.0528992
2 0.652059 0.536507 0.159975 0.0761223
2 0.159228 0.697462 0.221556 0.114358
7 0.226532 0.53213 0.275133 0.18459
5 0.832502 0.338751 0.0877699 0.0624962
2 0.444624 0.351479 0.0698269 0.0352151
2 0.24321 0.357052 0.0665004 0.0291869
2 0.535975 0.370461 0.0809153 0.0468676
5 0.886788 0.311087 0.0706848 0.0415043
2 0.580684 0.322464 0.0430259 0.0211542
2 0.321069 0.33056 0.0466726 0.0230426
2 0.670271 0.338239 0.0517459 0.0272009
2 0.485051 0.322647 0.0475374 0.0179939
2 0.276974 0.320269 0.0409237 0.0210319
2 0.355622 0.317783 0.0401739 0.018527
0 0.275426 0.506172 0.0626056 0.0310747
2 0.664765 0.321878 0.0443836 0.0161334
5 0.93908 0.404443 0.120376 0.0777586
0 0.96968 0.973029 0.0592682 0.0528992
2 0.652059 0.536507 0.159975 0.0761223
2 0.159228 0.697462 0.221556 0.114358
7 0.226532 0.53213 0.275133 0.18459
5 0.832502 0.338751 0.0877699 0.0624962
2 0.444624 0.351479 0.0698269 0.0352151
2 0.24321 0.357052 0.0665004 0.0291869
2 0.535975 0.370461 0.0809153 0.0468676
5 0.886788 0.311087 0.0706848 0.0415043
2 0.580684 0.322464 0.0430259 0.0211542
2 0.321069 0.33056 0.0466726 0.0230426
2 0.670271 0.338239 0.0517459 0.0272009
2 0.485051 0.322647 0.0475374 0.0179939
2 0.276974 0.320269 0.0409237 0.0210319
2 0.355622 0.317783 0.0401739 0.018527
0 0.275426 0.506172 0.0626056 0.0310747
2 0.664765 0.321878 0.0443836 0.0161334
5 0.93908 0.404443 0.120376 0.0777586
0 0.96968 0.973029 0.0592682 0.0528992
2 0.652059 0.536507 0.159975 0.0761223
2 0.159228 0.697462 0.221556 0.114358
7 0.226532 0.53213 0.275133 0.18459
5 0.832502 0.338751 0.0877699 0.0624962
2 0.444624 0.351479 0.0698269 0.0352151
2 0.24321 0.357052 0.0665004 0.0291869
2 0.535975 0.370461 0.0809153 0.0468676
5 0.886788 0.311087 0.0706848 0.0415043
2 0.580684 0.322464 0.0430259 0.0211542
2 0.321069 0.33056 0.0466726 0.0230426
2 0.670271 0.338239 0.0517459 0.0272009
2 0.485051 0.322647 0.0475374 0.0179939
2 0.276974 0.320269 0.0409237 0.0210319
2 0.355622 0.317783 0.0401739 0.018527
0 0.275426 0.506172 0.0626056 0.0310747
2 0.664765 0.321878 0.0443836 0.0161334
5 0.93908 0.404443 0.120376 0.0777586
0 0.96968 0.973029 0.0592682 0.0528992
2 0.652059 0.536507 0.159975 0.0761223
2 0.159228 0.697462 0.221556 0.114358
7 0.226532 0.53213 0.275133 0.18459
5 0.832502 0.338751 0.0877699 0.0624962
2 0.444624 0.351479 0.0698269 0.0352151
2 0.24321 0.357052 0.0665004 0.0291869
2 0.535975 0.370461 0.0809153 0.0468676
5 0.886788 0.311087 0.0706848 0.0415043
2 0.580684 0.322464 0.0430259 0.0211542
2 0.321069 0.33056 0.0466726 0.0230426
2 0.670271 0.338239 0.0517459 0.0272009
2 0.485051 0.322647 0.0475374 0.0179939
2 0.276974 0.320269 0.0409237 0.0210319
2 0.355622 0.317783 0.0401739 0.018527
0 0.275426 0.506172 0.0626056 0.0310747
2 0.664765 0.321878 0.0443836 0.0161334
5 0.93908 0.404443 0.120376 0.0777586
0 0.96968 0.973029 0.0592682 0.0528992
2 0.652059 0.536507 0.159975 0.0761223
2 0.159228 0.697462 0.221556 0.114358
7 0.226532 0.53213 0.275133 0.18459
5 0.832502 0.338751 0.0877699 0.0624962
2 0.444624 0.351479 0.0698269 0.0352151
2 0.24321 0.357052 0.0665004 0.0291869
2 0.535975 0.370461 0.0809153 0.0468676
5 0.886788 0.311087 0.0706848 0.0415043
2 0.580684 0.322464 0.0430259 0.0211542
2 0.321069 0.33056 0.0466726 0.0230426
2 0.670271 0.338239 0.0517459 0.0272009
2 0.485051 0.322647 0.0475374 0.0179939
2 0.276974 0.320269 0.0409237 0.0210319
2 0.355622 0.317783 0.0401739 0.018527
0 0.275426 0.506172 0.0626056 0.0310747
2 0.664765 0.321878 0.0443836 0.0161334
5 0.93908 0.404443 0.120376 0.0777586
0 0.96968 0.973029 0.0592682 0.0528992
7 0.228592 0.532398 0.274539 0.182662
2 0.158851 0.697276 0.223288 0.114708
2 0.651266 0.537463 0.158434 0.0775362
2 0.536351 0.37058 0.0855992 0.0465382
2 0.443923 0.350967 0.0704878 0.0355069
5 0.830782 0.338441 0.0892954 0.0639026
5 0.87703 0.310254 0.0907654 0.0444842
2 0.484935 0.32377 0.0476416 0.0173642
2 0.243687 0.35682 0.065949 0.029339
2 0.322652 0.330673 0.0480004 0.0232366
2 0.581786 0.322351 0.0451155 0.0217292
2 0.670606 0.337544 0.0545675 0.0285699
7 0.228592 0.532398 0.274539 0.182662
2 0.158851 0.697276 0.223288 0.114708
2 0.651266 0.537463 0.158434 0.0775362
2 0.536351 0.37058 0.0855992 0.0465382
2 0.443923 0.350967 0.0704878 0.0355069
5 0.830782 0.338441 0.0892954 0.0639026
5 0.87703 0.310254 0.0907654 0.0444842
2 0.484935 0.32377 0.0476416 0.0173642
2 0.243687 0.35682 0.065949 0.029339
2 0.322652 0.330673 0.0480004 0.0232366
2 0.581786 0.322351 0.0451155 0.0217292
2 0.670606 0.337544 0.0545675 0.0285699
