2 0.456223 0.874623 0.299576 0.195793
2 0.907766 0.865678 0.181546 0.172846
2 0.730766 0.521285 0.15798 0.0756265
2 0.446937 0.549226 0.170303 0.0836953
2 0.685647 0.449 0.112478 0.0537213
2 0.111811 0.717173 0.223131 0.163283
2 0.348369 0.441922 0.106545 0.0490675
2 0.550258 0.381742 0.079441 0.0358376
7 0.379631 0.390617 0.145112 0.0849526
2 0.205888 0.369995 0.0729301 0.0332314
2 0.0562227 0.38502 0.0826689 0.0359267
2 0.261067 0.498675 0.148012 0.0878359
5 0.851655 0.36318 0.129806 0.0806379
2 0.579842 0.329964 0.0496832 0.0287047
2 0.32119 0.335329 0.045763 0.0226872
0 0.496032 0.842959 0.0910422 0.0393875
2 0.478724 0.330249 0.0506317 0.0242235
2 0.354098 0.319997 0.0375041 0.0172287
2 0.649253 0.317563 0.036893 0.0155794
2 0.456223 0.874623 0.299576 0.195793
2 0.907766 0.865678 0.181546 0.172846
2 0.730766 0.521285 0.15798 0.0756265
2 0.446937 0.549226 0.170303 0.0836953
2 0.685647 0.449 0.112478 0.0537213
2 0.111811 0.717173 0.223131 0.163283
2 0.348369 0.441922 0.106545 0.0490675
2 0.550258 0.381742 0.079441 0.0358376
7 0.379631 0.390617 0.145112 0.0849526
2 0.205888 0.369995 0.0729301 0.0332314
2 0.0562227 0.38502 0.0826689 0.0359267
2 0.261067 0.498675 0.148012 0.0878359
5 0.851655 0.36318 0.129806 0.0806379
2 0.579842 0.329964 0.0496832 0.0287047
2 0.32119 0.335329 0.045763 0.0226872
0 0.496032 0.842959 0.0910422 0.0393875
2 0.478724 0.330249 0.0506317 0.0242235
2 0.354098 0.319997 0.0375041 0.0172287
2 0.649253 0.317563 0.036893 0.0155794
2 0.456223 0.874623 0.299576 0.195793
2 0.907766 0.865678 0.181546 0.172846
2 0.730766 0.521285 0.15798 0.0756265
2 0.446937 0.549226 0.170303 0.0836953
2 0.685647 0.449 0.112478 0.0537213
2 0.111811 0.717173 0.223131 0.163283
2 0.348369 0.441922 0.106545 0.0490675
2 0.550258 0.381742 0.079441 0.0358376
7 0.379631 0.390617 0.145112 0.0849526
2 0.205888 0.369995 0.0729301 0.0332314
2 0.0562227 0.38502 0.0826689 0.0359267
2 0.261067 0.498675 0.148012 0.0878359
5 0.851655 0.36318 0.129806 0.0806379
2 0.579842 0.329964 0.0496832 0.0287047
2 0.32119 0.335329 0.045763 0.0226872
0 0.496032 0.842959 0.0910422 0.0393875
2 0.478724 0.330249 0.0506317 0.0242235
2 0.354098 0.319997 0.0375041 0.0172287
2 0.649253 0.317563 0.036893 0.0155794
2 0.456223 0.874623 0.299576 0.195793
2 0.907766 0.865678 0.181546 0.172846
2 0.730766 0.521285 0.15798 0.0756265
2 0.446937 0.549226 0.170303 0.0836953
2 0.685647 0.449 0.112478 0.0537213
2 0.111811 0.717173 0.223131 0.163283
2 0.348369 0.441922 0.106545 0.0490675
2 0.550258 0.381742 0.079441 0.0358376
7 0.379631 0.390617 0.145112 0.0849526
2 0.205888 0.369995 0.0729301 0.0332314
2 0.0562227 0.38502 0.0826689 0.0359267
2 0.261067 0.498675 0.148012 0.0878359
5 0.851655 0.36318 0.129806 0.0806379
2 0.579842 0.329964 0.0496832 0.0287047
2 0.32119 0.335329 0.045763 0.0226872
0 0.496032 0.842959 0.0910422 0.0393875
2 0.478724 0.330249 0.0506317 0.0242235
2 0.354098 0.319997 0.0375041 0.0172287
2 0.649253 0.317563 0.036893 0.0155794
2 0.456223 0.874623 0.299576 0.195793
2 0.907766 0.865678 0.181546 0.172846
2 0.730766 0.521285 0.15798 0.0756265
2 0.446937 0.549226 0.170303 0.0836953
2 0.685647 0.449 0.112478 0.0537213
2 0.111811 0.717173 0.223131 0.163283
2 0.348369 0.441922 0.106545 0.0490675
2 0.550258 0.381742 0.079441 0.0358376
7 0.379631 0.390617 0.145112 0.0849526
2 0.205888 0.369995 0.0729301 0.0332314
2 0.0562227 0.38502 0.0826689 0.0359267
2 0.261067 0.498675 0.148012 0.0878359
5 0.851655 0.36318 0.129806 0.0806379
2 0.579842 0.329964 0.0496832 0.0287047
2 0.32119 0.335329 0.045763 0.0226872
0 0.496032 0.842959 0.0910422 0.0393875
2 0.478724 0.330249 0.0506317 0.0242235
2 0.354098 0.319997 0.0375041 0.0172287
2 0.649253 0.317563 0.036893 0.0155794
