2 0.160616 0.610095 0.0603133 0.0788739
2 0.289295 0.605344 0.060607 0.0773786
0 0.233239 0.650036 0.0330892 0.17664
5 0.923243 0.595356 0.151709 0.472218
7 0.436594 0.573156 0.0886825 0.115559
2 0.786678 0.594484 0.13094 0.157918
2 0.0693169 0.608904 0.0489122 0.0921687
2 0.0201559 0.594547 0.0403088 0.0701808
2 0.568359 0.55565 0.064539 0.05254
7 0.923359 0.595664 0.151641 0.472461
2 0.653876 0.545886 0.0259403 0.0284749
2 0.242907 0.562105 0.0222806 0.0370819
2 0.616858 0.548422 0.0416569 0.0428951
2 0.130689 0.584422 0.0223914 0.0271391
2 0.628952 0.546381 0.058139 0.041806
2 0.268392 0.560354 0.020859 0.0281277
2 0.383808 0.576577 0.0202136 0.017964
2 0.525288 0.548788 0.0288871 0.0303365
2 0.518734 0.547776 0.0331271 0.0294939
2 0.645739 0.545448 0.0403711 0.0341426
2 0.128467 0.593673 0.0194225 0.0461151
2 0.286641 0.556751 0.0224763 0.0251016
0 0.328509 0.553031 0.0112311 0.0536472
2 0.160616 0.610095 0.0603133 0.0788739
2 0.289295 0.605344 0.060607 0.0773786
0 0.233239 0.650036 0.0330892 0.17664
5 0.923243 0.595356 0.151709 0.472218
7 0.436594 0.573156 0.0886825 0.115559
2 0.786678 0.594484 0.13094 0.157918
2 0.0693169 0.608904 0.0489122 0.0921687
2 0.0201559 0.594547 0.0403088 0.0701808
2 0.568359 0.55565 0.064539 0.05254
7 0.923359 0.595664 0.151641 0.472461
2 0.653876 0.545886 0.0259403 0.0284749
2 0.242907 0.562105 0.0222806 0.0370819
2 0.616858 0.548422 0.0416569 0.0428951
2 0.130689 0.584422 0.0223914 0.0271391
2 0.628952 0.546381 0.058139 0.041806
2 0.268392 0.560354 0.020859 0.0281277
2 0.383808 0.576577 0.0202136 0.017964
2 0.525288 0.548788 0.0288871 0.0303365
2 0.518734 0.547776 0.0331271 0.0294939
2 0.645739 0.545448 0.0403711 0.0341426
2 0.128467 0.593673 0.0194225 0.0461151
2 0.286641 0.556751 0.0224763 0.0251016
0 0.328509 0.553031 0.0112311 0.0536472
2 0.160616 0.610095 0.0603133 0.0788739
2 0.289295 0.605344 0.060607 0.0773786
0 0.233239 0.650036 0.0330892 0.17664
5 0.923243 0.595356 0.151709 0.472218
7 0.436594 0.573156 0.0886825 0.115559
2 0.786678 0.594484 0.13094 0.157918
2 0.0693169 0.608904 0.0489122 0.0921687
2 0.0201559 0.594547 0.0403088 0.0701808
2 0.568359 0.55565 0.064539 0.05254
7 0.923359 0.595664 0.151641 0.472461
2 0.653876 0.545886 0.0259403 0.0284749
2 0.242907 0.562105 0.0222806 0.0370819
2 0.616858 0.548422 0.0416569 0.0428951
2 0.130689 0.584422 0.0223914 0.0271391
2 0.628952 0.546381 0.058139 0.041806
2 0.268392 0.560354 0.020859 0.0281277
2 0.383808 0.576577 0.0202136 0.017964
2 0.525288 0.548788 0.0288871 0.0303365
2 0.518734 0.547776 0.0331271 0.0294939
2 0.645739 0.545448 0.0403711 0.0341426
2 0.128467 0.593673 0.0194225 0.0461151
2 0.286641 0.556751 0.0224763 0.0251016
0 0.328509 0.553031 0.0112311 0.0536472
2 0.160616 0.610095 0.0603133 0.0788739
2 0.289295 0.605344 0.060607 0.0773786
0 0.233239 0.650036 0.0330892 0.17664
5 0.923243 0.595356 0.151709 0.472218
7 0.436594 0.573156 0.0886825 0.115559
2 0.786678 0.594484 0.13094 0.157918
2 0.0693169 0.608904 0.0489122 0.0921687
2 0.0201559 0.594547 0.0403088 0.0701808
2 0.568359 0.55565 0.064539 0.05254
7 0.923359 0.595664 0.151641 0.472461
2 0.653876 0.545886 0.0259403 0.0284749
2 0.242907 0.562105 0.0222806 0.0370819
2 0.616858 0.548422 0.0416569 0.0428951
2 0.130689 0.584422 0.0223914 0.0271391
2 0.628952 0.546381 0.058139 0.041806
2 0.268392 0.560354 0.020859 0.0281277
2 0.383808 0.576577 0.0202136 0.017964
2 0.525288 0.548788 0.0288871 0.0303365
2 0.518734 0.547776 0.0331271 0.0294939
2 0.645739 0.545448 0.0403711 0.0341426
2 0.128467 0.593673 0.0194225 0.0461151
2 0.286641 0.556751 0.0224763 0.0251016
0 0.328509 0.553031 0.0112311 0.0536472
2 0.160616 0.610095 0.0603133 0.0788739
2 0.289295 0.605344 0.060607 0.0773786
0 0.233239 0.650036 0.0330892 0.17664
5 0.923243 0.595356 0.151709 0.472218
7 0.436594 0.573156 0.0886825 0.115559
2 0.786678 0.594484 0.13094 0.157918
2 0.0693169 0.608904 0.0489122 0.0921687
2 0.0201559 0.594547 0.0403088 0.0701808
2 0.568359 0.55565 0.064539 0.05254
7 0.923359 0.595664 0.151641 0.472461
2 0.653876 0.545886 0.0259403 0.0284749
2 0.242907 0.562105 0.0222806 0.0370819
2 0.616858 0.548422 0.0416569 0.0428951
2 0.130689 0.584422 0.0223914 0.0271391
2 0.628952 0.546381 0.058139 0.041806
2 0.268392 0.560354 0.020859 0.0281277
2 0.383808 0.576577 0.0202136 0.017964
2 0.525288 0.548788 0.0288871 0.0303365
2 0.518734 0.547776 0.0331271 0.0294939
2 0.645739 0.545448 0.0403711 0.0341426
2 0.128467 0.593673 0.0194225 0.0461151
2 0.286641 0.556751 0.0224763 0.0251016
0 0.328509 0.553031 0.0112311 0.0536472
2 0.160616 0.610095 0.0603133 0.0788739
2 0.289295 0.605344 0.060607 0.0773786
0 0.233239 0.650036 0.0330892 0.17664
5 0.923243 0.595356 0.151709 0.472218
7 0.436594 0.573156 0.0886825 0.115559
2 0.786678 0.594484 0.13094 0.157918
2 0.0693169 0.608904 0.0489122 0.0921687
2 0.0201559 0.594547 0.0403088 0.0701808
2 0.568359 0.55565 0.064539 0.05254
7 0.923359 0.595664 0.151641 0.472461
2 0.653876 0.545886 0.0259403 0.0284749
2 0.242907 0.562105 0.0222806 0.0370819
2 0.616858 0.548422 0.0416569 0.0428951
2 0.130689 0.584422 0.0223914 0.0271391
2 0.628952 0.546381 0.058139 0.041806
2 0.268392 0.560354 0.020859 0.0281277
2 0.383808 0.576577 0.0202136 0.017964
2 0.525288 0.548788 0.0288871 0.0303365
2 0.518734 0.547776 0.0331271 0.0294939
2 0.645739 0.545448 0.0403711 0.0341426
2 0.128467 0.593673 0.0194225 0.0461151
2 0.286641 0.556751 0.0224763 0.0251016
0 0.328509 0.553031 0.0112311 0.0536472
2 0.160616 0.610095 0.0603133 0.0788739
2 0.289295 0.605344 0.060607 0.0773786
0 0.233239 0.650036 0.0330892 0.17664
5 0.923243 0.595356 0.151709 0.472218
7 0.436594 0.573156 0.0886825 0.115559
2 0.786678 0.594484 0.13094 0.157918
2 0.0693169 0.608904 0.0489122 0.0921687
2 0.0201559 0.594547 0.0403088 0.0701808
2 0.568359 0.55565 0.064539 0.05254
7 0.923359 0.595664 0.151641 0.472461
2 0.653876 0.545886 0.0259403 0.0284749
2 0.242907 0.562105 0.0222806 0.0370819
2 0.616858 0.548422 0.0416569 0.0428951
2 0.130689 0.584422 0.0223914 0.0271391
2 0.628952 0.546381 0.058139 0.041806
2 0.268392 0.560354 0.020859 0.0281277
2 0.383808 0.576577 0.0202136 0.017964
2 0.525288 0.548788 0.0288871 0.0303365
2 0.518734 0.547776 0.0331271 0.0294939
2 0.645739 0.545448 0.0403711 0.0341426
2 0.128467 0.593673 0.0194225 0.0461151
2 0.286641 0.556751 0.0224763 0.0251016
0 0.328509 0.553031 0.0112311 0.0536472
2 0.160616 0.610095 0.0603133 0.0788739
2 0.289295 0.605344 0.060607 0.0773786
0 0.233239 0.650036 0.0330892 0.17664
5 0.923243 0.595356 0.151709 0.472218
7 0.436594 0.573156 0.0886825 0.115559
2 0.786678 0.594484 0.13094 0.157918
2 0.0693169 0.608904 0.0489122 0.0921687
2 0.0201559 0.594547 0.0403088 0.0701808
2 0.568359 0.55565 0.064539 0.05254
7 0.923359 0.595664 0.151641 0.472461
2 0.653876 0.545886 0.0259403 0.0284749
2 0.242907 0.562105 0.0222806 0.0370819
2 0.616858 0.548422 0.0416569 0.0428951
2 0.130689 0.584422 0.0223914 0.0271391
2 0.628952 0.546381 0.058139 0.041806
2 0.268392 0.560354 0.020859 0.0281277
2 0.383808 0.576577 0.0202136 0.017964
2 0.525288 0.548788 0.0288871 0.0303365
2 0.518734 0.547776 0.0331271 0.0294939
2 0.645739 0.545448 0.0403711 0.0341426
2 0.128467 0.593673 0.0194225 0.0461151
2 0.286641 0.556751 0.0224763 0.0251016
0 0.328509 0.553031 0.0112311 0.0536472
2 0.160616 0.610095 0.0603133 0.0788739
2 0.289295 0.605344 0.060607 0.0773786
0 0.233239 0.650036 0.0330892 0.17664
5 0.923243 0.595356 0.151709 0.472218
7 0.436594 0.573156 0.0886825 0.115559
2 0.786678 0.594484 0.13094 0.157918
2 0.0693169 0.608904 0.0489122 0.0921687
2 0.0201559 0.594547 0.0403088 0.0701808
2 0.568359 0.55565 0.064539 0.05254
7 0.923359 0.595664 0.151641 0.472461
2 0.653876 0.545886 0.0259403 0.0284749
2 0.242907 0.562105 0.0222806 0.0370819
2 0.616858 0.548422 0.0416569 0.0428951
2 0.130689 0.584422 0.0223914 0.0271391
2 0.628952 0.546381 0.058139 0.041806
2 0.268392 0.560354 0.020859 0.0281277
2 0.383808 0.576577 0.0202136 0.017964
2 0.525288 0.548788 0.0288871 0.0303365
2 0.518734 0.547776 0.0331271 0.0294939
2 0.645739 0.545448 0.0403711 0.0341426
2 0.128467 0.593673 0.0194225 0.0461151
2 0.286641 0.556751 0.0224763 0.0251016
0 0.328509 0.553031 0.0112311 0.0536472
2 0.160616 0.610095 0.0603133 0.0788739
2 0.289295 0.605344 0.060607 0.0773786
0 0.233239 0.650036 0.0330892 0.17664
5 0.923243 0.595356 0.151709 0.472218
7 0.436594 0.573156 0.0886825 0.115559
2 0.786678 0.594484 0.13094 0.157918
2 0.0693169 0.608904 0.0489122 0.0921687
2 0.0201559 0.594547 0.0403088 0.0701808
2 0.568359 0.55565 0.064539 0.05254
7 0.923359 0.595664 0.151641 0.472461
2 0.653876 0.545886 0.0259403 0.0284749
2 0.242907 0.562105 0.0222806 0.0370819
2 0.616858 0.548422 0.0416569 0.0428951
2 0.130689 0.584422 0.0223914 0.0271391
2 0.628952 0.546381 0.058139 0.041806
2 0.268392 0.560354 0.020859 0.0281277
2 0.383808 0.576577 0.0202136 0.017964
2 0.525288 0.548788 0.0288871 0.0303365
2 0.518734 0.547776 0.0331271 0.0294939
2 0.645739 0.545448 0.0403711 0.0341426
2 0.128467 0.593673 0.0194225 0.0461151
2 0.286641 0.556751 0.0224763 0.0251016
0 0.328509 0.553031 0.0112311 0.0536472
2 0.160616 0.610095 0.0603133 0.0788739
2 0.289295 0.605344 0.060607 0.0773786
0 0.233239 0.650036 0.0330892 0.17664
5 0.923243 0.595356 0.151709 0.472218
7 0.436594 0.573156 0.0886825 0.115559
2 0.786678 0.594484 0.13094 0.157918
2 0.0693169 0.608904 0.0489122 0.0921687
2 0.0201559 0.594547 0.0403088 0.0701808
2 0.568359 0.55565 0.064539 0.05254
7 0.923359 0.595664 0.151641 0.472461
2 0.653876 0.545886 0.0259403 0.0284749
2 0.242907 0.562105 0.0222806 0.0370819
2 0.616858 0.548422 0.0416569 0.0428951
2 0.130689 0.584422 0.0223914 0.0271391
2 0.628952 0.546381 0.058139 0.041806
2 0.268392 0.560354 0.020859 0.0281277
2 0.383808 0.576577 0.0202136 0.017964
2 0.525288 0.548788 0.0288871 0.0303365
2 0.518734 0.547776 0.0331271 0.0294939
2 0.645739 0.545448 0.0403711 0.0341426
2 0.128467 0.593673 0.0194225 0.0461151
2 0.286641 0.556751 0.0224763 0.0251016
0 0.328509 0.553031 0.0112311 0.0536472
2 0.289024 0.604968 0.0611276 0.0774729
2 0.160974 0.61023 0.0606669 0.0788195
0 0.233131 0.649932 0.0330129 0.175552
2 0.568322 0.554954 0.0651392 0.0528303
2 0.78623 0.595417 0.13151 0.156318
2 0.0203425 0.596415 0.0406585 0.0690702
7 0.43654 0.573332 0.090266 0.117408
5 0.923883 0.596978 0.150854 0.473319
2 0.0689758 0.608692 0.0477726 0.0908243
2 0.128762 0.594291 0.0226293 0.044475
2 0.653024 0.547444 0.0238428 0.0306906
2 0.197053 0.571793 0.0211707 0.0295356
2 0.31048 0.556553 0.0194478 0.0251238
2 0.289024 0.604968 0.0611276 0.0774729
2 0.160974 0.61023 0.0606669 0.0788195
0 0.233131 0.649932 0.0330129 0.175552
2 0.568322 0.554954 0.0651392 0.0528303
2 0.78623 0.595417 0.13151 0.156318
2 0.0203425 0.596415 0.0406585 0.0690702
7 0.43654 0.573332 0.090266 0.117408
5 0.923883 0.596978 0.150854 0.473319
2 0.0689758 0.608692 0.0477726 0.0908243
2 0.128762 0.594291 0.0226293 0.044475
2 0.653024 0.547444 0.0238428 0.0306906
2 0.197053 0.571793 0.0211707 0.0295356
2 0.31048 0.556553 0.0194478 0.0251238
2 0.289024 0.604968 0.0611276 0.0774729
2 0.160974 0.61023 0.0606669 0.0788195
0 0.233131 0.649932 0.0330129 0.175552
2 0.568322 0.554954 0.0651392 0.0528303
2 0.78623 0.595417 0.13151 0.156318
2 0.0203425 0.596415 0.0406585 0.0690702
7 0.43654 0.573332 0.090266 0.117408
5 0.923883 0.596978 0.150854 0.473319
2 0.0689758 0.608692 0.0477726 0.0908243
2 0.128762 0.594291 0.0226293 0.044475
2 0.653024 0.547444 0.0238428 0.0306906
2 0.197053 0.571793 0.0211707 0.0295356
2 0.31048 0.556553 0.0194478 0.0251238
2 0.289024 0.604968 0.0611276 0.0774729
2 0.160974 0.61023 0.0606669 0.0788195
0 0.233131 0.649932 0.0330129 0.175552
2 0.568322 0.554954 0.0651392 0.0528303
2 0.78623 0.595417 0.13151 0.156318
2 0.0203425 0.596415 0.0406585 0.0690702
7 0.43654 0.573332 0.090266 0.117408
5 0.923883 0.596978 0.150854 0.473319
2 0.0689758 0.608692 0.0477726 0.0908243
2 0.128762 0.594291 0.0226293 0.044475
2 0.653024 0.547444 0.0238428 0.0306906
2 0.197053 0.571793 0.0211707 0.0295356
2 0.31048 0.556553 0.0194478 0.0251238
2 0.289024 0.604968 0.0611276 0.0774729
2 0.160974 0.61023 0.0606669 0.0788195
0 0.233131 0.649932 0.0330129 0.175552
2 0.568322 0.554954 0.0651392 0.0528303
2 0.78623 0.595417 0.13151 0.156318
2 0.0203425 0.596415 0.0406585 0.0690702
7 0.43654 0.573332 0.090266 0.117408
5 0.923883 0.596978 0.150854 0.473319
2 0.0689758 0.608692 0.0477726 0.0908243
2 0.128762 0.594291 0.0226293 0.044475
2 0.653024 0.547444 0.0238428 0.0306906
2 0.197053 0.571793 0.0211707 0.0295356
2 0.31048 0.556553 0.0194478 0.0251238
2 0.289024 0.604968 0.0611276 0.0774729
2 0.160974 0.61023 0.0606669 0.0788195
0 0.233131 0.649932 0.0330129 0.175552
2 0.568322 0.554954 0.0651392 0.0528303
2 0.78623 0.595417 0.13151 0.156318
2 0.0203425 0.596415 0.0406585 0.0690702
7 0.43654 0.573332 0.090266 0.117408
5 0.923883 0.596978 0.150854 0.473319
2 0.0689758 0.608692 0.0477726 0.0908243
2 0.128762 0.594291 0.0226293 0.044475
2 0.653024 0.547444 0.0238428 0.0306906
2 0.197053 0.571793 0.0211707 0.0295356
2 0.31048 0.556553 0.0194478 0.0251238
2 0.289024 0.604968 0.0611276 0.0774729
2 0.160974 0.61023 0.0606669 0.0788195
0 0.233131 0.649932 0.0330129 0.175552
2 0.568322 0.554954 0.0651392 0.0528303
2 0.78623 0.595417 0.13151 0.156318
2 0.0203425 0.596415 0.0406585 0.0690702
7 0.43654 0.573332 0.090266 0.117408
5 0.923883 0.596978 0.150854 0.473319
2 0.0689758 0.608692 0.0477726 0.0908243
2 0.128762 0.594291 0.0226293 0.044475
2 0.653024 0.547444 0.0238428 0.0306906
2 0.197053 0.571793 0.0211707 0.0295356
2 0.31048 0.556553 0.0194478 0.0251238
2 0.289024 0.604968 0.0611276 0.0774729
2 0.160974 0.61023 0.0606669 0.0788195
0 0.233131 0.649932 0.0330129 0.175552
2 0.568322 0.554954 0.0651392 0.0528303
2 0.78623 0.595417 0.13151 0.156318
2 0.0203425 0.596415 0.0406585 0.0690702
7 0.43654 0.573332 0.090266 0.117408
5 0.923883 0.596978 0.150854 0.473319
2 0.0689758 0.608692 0.0477726 0.0908243
2 0.128762 0.594291 0.0226293 0.044475
2 0.653024 0.547444 0.0238428 0.0306906
2 0.197053 0.571793 0.0211707 0.0295356
2 0.31048 0.556553 0.0194478 0.0251238
2 0.621287 0.547035 0.0531132 0.043911
2 0.286691 0.556885 0.020585 0.0229177
2 0.268931 0.561606 0.0180401 0.0289285
