7 0.641142 0.587451 0.125878 0.111428
7 0.333538 0.623317 0.132896 0.129666
2 0.018604 0.630484 0.0371563 0.0498939
2 0.778413 0.589622 0.0993145 0.0716183
2 0.105995 0.626463 0.0523124 0.0631466
7 0.180151 0.597778 0.0524958 0.0588849
2 0.484587 0.593819 0.0446253 0.0372776
0 0.868257 0.589603 0.0168484 0.0686067
7 0.0602065 0.607571 0.049717 0.0724323
7 0.2712 0.597564 0.0466721 0.067451
2 0.431018 0.594329 0.0272543 0.0309277
2 0.400655 0.593354 0.0205019 0.0266479
2 0.143262 0.603394 0.0274954 0.0245526
2 0.234121 0.602304 0.0124158 0.0245639
7 0.354729 0.544175 0.0733398 0.115913
2 0.239917 0.601436 0.0216253 0.0251019
7 0.641142 0.587451 0.125878 0.111428
7 0.333538 0.623317 0.132896 0.129666
2 0.018604 0.630484 0.0371563 0.0498939
2 0.778413 0.589622 0.0993145 0.0716183
2 0.105995 0.626463 0.0523124 0.0631466
7 0.180151 0.597778 0.0524958 0.0588849
2 0.484587 0.593819 0.0446253 0.0372776
0 0.868257 0.589603 0.0168484 0.0686067
7 0.0602065 0.607571 0.049717 0.0724323
7 0.2712 0.597564 0.0466721 0.067451
2 0.431018 0.594329 0.0272543 0.0309277
2 0.400655 0.593354 0.0205019 0.0266479
2 0.143262 0.603394 0.0274954 0.0245526
2 0.234121 0.602304 0.0124158 0.0245639
7 0.354729 0.544175 0.0733398 0.115913
2 0.239917 0.601436 0.0216253 0.0251019
7 0.641142 0.587451 0.125878 0.111428
7 0.333538 0.623317 0.132896 0.129666
2 0.018604 0.630484 0.0371563 0.0498939
2 0.778413 0.589622 0.0993145 0.0716183
2 0.105995 0.626463 0.0523124 0.0631466
7 0.180151 0.597778 0.0524958 0.0588849
2 0.484587 0.593819 0.0446253 0.0372776
0 0.868257 0.589603 0.0168484 0.0686067
7 0.0602065 0.607571 0.049717 0.0724323
7 0.2712 0.597564 0.0466721 0.067451
2 0.431018 0.594329 0.0272543 0.0309277
2 0.400655 0.593354 0.0205019 0.0266479
2 0.143262 0.603394 0.0274954 0.0245526
2 0.234121 0.602304 0.0124158 0.0245639
7 0.354729 0.544175 0.0733398 0.115913
2 0.239917 0.601436 0.0216253 0.0251019
7 0.641142 0.587451 0.125878 0.111428
7 0.333538 0.623317 0.132896 0.129666
2 0.018604 0.630484 0.0371563 0.0498939
2 0.778413 0.589622 0.0993145 0.0716183
2 0.105995 0.626463 0.0523124 0.0631466
7 0.180151 0.597778 0.0524958 0.0588849
2 0.484587 0.593819 0.0446253 0.0372776
0 0.868257 0.589603 0.0168484 0.0686067
7 0.0602065 0.607571 0.049717 0.0724323
7 0.2712 0.597564 0.0466721 0.067451
2 0.431018 0.594329 0.0272543 0.0309277
2 0.400655 0.593354 0.0205019 0.0266479
2 0.143262 0.603394 0.0274954 0.0245526
2 0.234121 0.602304 0.0124158 0.0245639
7 0.354729 0.544175 0.0733398 0.115913
2 0.239917 0.601436 0.0216253 0.0251019
