2 0.128552 0.587656 0.0823175 0.062925
7 0.544821 0.564201 0.141098 0.114827
0 0.783921 0.567258 0.0388256 0.113445
2 0.392703 0.565593 0.0820106 0.0651192
3 0.796424 0.594784 0.118597 0.0670885
0 0.471346 0.563341 0.0124241 0.0635077
0 0.80788 0.565881 0.0326954 0.102608
2 0.183464 0.56963 0.0444984 0.0458293
2 0.0509187 0.569156 0.050603 0.0452333
2 0.128552 0.587656 0.0823175 0.062925
7 0.544821 0.564201 0.141098 0.114827
0 0.783921 0.567258 0.0388256 0.113445
2 0.392703 0.565593 0.0820106 0.0651192
3 0.796424 0.594784 0.118597 0.0670885
0 0.471346 0.563341 0.0124241 0.0635077
0 0.80788 0.565881 0.0326954 0.102608
2 0.183464 0.56963 0.0444984 0.0458293
2 0.0509187 0.569156 0.050603 0.0452333
2 0.128552 0.587656 0.0823175 0.062925
7 0.544821 0.564201 0.141098 0.114827
0 0.783921 0.567258 0.0388256 0.113445
2 0.392703 0.565593 0.0820106 0.0651192
3 0.796424 0.594784 0.118597 0.0670885
0 0.471346 0.563341 0.0124241 0.0635077
0 0.80788 0.565881 0.0326954 0.102608
2 0.183464 0.56963 0.0444984 0.0458293
2 0.0509187 0.569156 0.050603 0.0452333
2 0.128552 0.587656 0.0823175 0.062925
7 0.544821 0.564201 0.141098 0.114827
0 0.783921 0.567258 0.0388256 0.113445
2 0.392703 0.565593 0.0820106 0.0651192
3 0.796424 0.594784 0.118597 0.0670885
0 0.471346 0.563341 0.0124241 0.0635077
0 0.80788 0.565881 0.0326954 0.102608
2 0.183464 0.56963 0.0444984 0.0458293
2 0.0509187 0.569156 0.050603 0.0452333
