2 0.904211 0.792444 0.189658 0.395293
2 0.403927 0.664511 0.157775 0.183506
2 0.82416 0.626958 0.208003 0.178638
2 0.971729 0.538991 0.0556206 0.0685693
2 0.308274 0.588061 0.0596128 0.0616559
2 0.0659485 0.631054 0.0522916 0.0816187
2 0.230633 0.588805 0.0456281 0.0494563
2 0.139644 0.59956 0.026804 0.0401109
7 0.585869 0.599421 0.260703 0.283237
2 0.262582 0.582451 0.0294858 0.0426275
0 0.100801 0.647935 0.0265682 0.12649
7 0.408031 0.562928 0.0962772 0.112297
7 0.23133 0.526131 0.048748 0.0748572
0 0.86927 0.527829 0.0127871 0.0318759
7 0.169188 0.589148 0.0416165 0.0774923
0 0.533263 0.592197 0.028854 0.163596
2 0.0400282 0.606431 0.0254992 0.0314758
1 0.101247 0.671086 0.0223759 0.0874298
2 0.169158 0.589214 0.0406296 0.0757241
2 0.0379316 0.618258 0.0250981 0.0548511
0 0.570131 0.553414 0.0275913 0.0598346
2 0.198063 0.576531 0.0169879 0.0203384
2 0.904211 0.792444 0.189658 0.395293
2 0.403927 0.664511 0.157775 0.183506
2 0.82416 0.626958 0.208003 0.178638
2 0.971729 0.538991 0.0556206 0.0685693
2 0.308274 0.588061 0.0596128 0.0616559
2 0.0659485 0.631054 0.0522916 0.0816187
2 0.230633 0.588805 0.0456281 0.0494563
2 0.139644 0.59956 0.026804 0.0401109
7 0.585869 0.599421 0.260703 0.283237
2 0.262582 0.582451 0.0294858 0.0426275
0 0.100801 0.647935 0.0265682 0.12649
7 0.408031 0.562928 0.0962772 0.112297
7 0.23133 0.526131 0.048748 0.0748572
0 0.86927 0.527829 0.0127871 0.0318759
7 0.169188 0.589148 0.0416165 0.0774923
0 0.533263 0.592197 0.028854 0.163596
2 0.0400282 0.606431 0.0254992 0.0314758
1 0.101247 0.671086 0.0223759 0.0874298
2 0.169158 0.589214 0.0406296 0.0757241
2 0.0379316 0.618258 0.0250981 0.0548511
0 0.570131 0.553414 0.0275913 0.0598346
2 0.198063 0.576531 0.0169879 0.0203384
2 0.904211 0.792444 0.189658 0.395293
2 0.403927 0.664511 0.157775 0.183506
2 0.82416 0.626958 0.208003 0.178638
2 0.971729 0.538991 0.0556206 0.0685693
2 0.308274 0.588061 0.0596128 0.0616559
2 0.0659485 0.631054 0.0522916 0.0816187
2 0.230633 0.588805 0.0456281 0.0494563
2 0.139644 0.59956 0.026804 0.0401109
7 0.585869 0.599421 0.260703 0.283237
2 0.262582 0.582451 0.0294858 0.0426275
0 0.100801 0.647935 0.0265682 0.12649
7 0.408031 0.562928 0.0962772 0.112297
7 0.23133 0.526131 0.048748 0.0748572
0 0.86927 0.527829 0.0127871 0.0318759
7 0.169188 0.589148 0.0416165 0.0774923
0 0.533263 0.592197 0.028854 0.163596
2 0.0400282 0.606431 0.0254992 0.0314758
1 0.101247 0.671086 0.0223759 0.0874298
2 0.169158 0.589214 0.0406296 0.0757241
2 0.0379316 0.618258 0.0250981 0.0548511
0 0.570131 0.553414 0.0275913 0.0598346
2 0.198063 0.576531 0.0169879 0.0203384
2 0.904211 0.792444 0.189658 0.395293
2 0.403927 0.664511 0.157775 0.183506
2 0.82416 0.626958 0.208003 0.178638
2 0.971729 0.538991 0.0556206 0.0685693
2 0.308274 0.588061 0.0596128 0.0616559
2 0.0659485 0.631054 0.0522916 0.0816187
2 0.230633 0.588805 0.0456281 0.0494563
2 0.139644 0.59956 0.026804 0.0401109
7 0.585869 0.599421 0.260703 0.283237
2 0.262582 0.582451 0.0294858 0.0426275
0 0.100801 0.647935 0.0265682 0.12649
7 0.408031 0.562928 0.0962772 0.112297
7 0.23133 0.526131 0.048748 0.0748572
0 0.86927 0.527829 0.0127871 0.0318759
7 0.169188 0.589148 0.0416165 0.0774923
0 0.533263 0.592197 0.028854 0.163596
2 0.0400282 0.606431 0.0254992 0.0314758
1 0.101247 0.671086 0.0223759 0.0874298
2 0.169158 0.589214 0.0406296 0.0757241
2 0.0379316 0.618258 0.0250981 0.0548511
0 0.570131 0.553414 0.0275913 0.0598346
2 0.198063 0.576531 0.0169879 0.0203384
