2 0.609702 0.698209 0.241991 0.263678
2 0.716709 0.602587 0.2042 0.163844
2 0.158754 0.613995 0.0615077 0.0803617
0 0.22472 0.647646 0.0308534 0.16043
2 0.895351 0.582429 0.208296 0.179386
2 0.25006 0.596847 0.0406172 0.0558542
2 0.0204655 0.597114 0.0406141 0.0688764
7 0.36094 0.571793 0.0602696 0.0825397
7 0.530699 0.573286 0.166766 0.199203
2 0.0678606 0.612953 0.048415 0.0949041
2 0.771649 0.541126 0.0717127 0.0577516
7 0.603328 0.485926 0.0683284 0.0893582
2 0.128826 0.592754 0.0228545 0.0387154
2 0.191295 0.57765 0.0155516 0.0229701
2 0.416653 0.5618 0.0228777 0.0200167
2 0.413349 0.562301 0.0190015 0.0179988
2 0.609702 0.698209 0.241991 0.263678
2 0.716709 0.602587 0.2042 0.163844
2 0.158754 0.613995 0.0615077 0.0803617
0 0.22472 0.647646 0.0308534 0.16043
2 0.895351 0.582429 0.208296 0.179386
2 0.25006 0.596847 0.0406172 0.0558542
2 0.0204655 0.597114 0.0406141 0.0688764
7 0.36094 0.571793 0.0602696 0.0825397
7 0.530699 0.573286 0.166766 0.199203
2 0.0678606 0.612953 0.048415 0.0949041
2 0.771649 0.541126 0.0717127 0.0577516
7 0.603328 0.485926 0.0683284 0.0893582
2 0.128826 0.592754 0.0228545 0.0387154
2 0.191295 0.57765 0.0155516 0.0229701
2 0.416653 0.5618 0.0228777 0.0200167
2 0.413349 0.562301 0.0190015 0.0179988
2 0.609702 0.698209 0.241991 0.263678
2 0.716709 0.602587 0.2042 0.163844
2 0.158754 0.613995 0.0615077 0.0803617
0 0.22472 0.647646 0.0308534 0.16043
2 0.895351 0.582429 0.208296 0.179386
2 0.25006 0.596847 0.0406172 0.0558542
2 0.0204655 0.597114 0.0406141 0.0688764
7 0.36094 0.571793 0.0602696 0.0825397
7 0.530699 0.573286 0.166766 0.199203
2 0.0678606 0.612953 0.048415 0.0949041
2 0.771649 0.541126 0.0717127 0.0577516
7 0.603328 0.485926 0.0683284 0.0893582
2 0.128826 0.592754 0.0228545 0.0387154
2 0.191295 0.57765 0.0155516 0.0229701
2 0.416653 0.5618 0.0228777 0.0200167
2 0.413349 0.562301 0.0190015 0.0179988
2 0.609702 0.698209 0.241991 0.263678
2 0.716709 0.602587 0.2042 0.163844
2 0.158754 0.613995 0.0615077 0.0803617
0 0.22472 0.647646 0.0308534 0.16043
2 0.895351 0.582429 0.208296 0.179386
2 0.25006 0.596847 0.0406172 0.0558542
2 0.0204655 0.597114 0.0406141 0.0688764
7 0.36094 0.571793 0.0602696 0.0825397
7 0.530699 0.573286 0.166766 0.199203
2 0.0678606 0.612953 0.048415 0.0949041
2 0.771649 0.541126 0.0717127 0.0577516
7 0.603328 0.485926 0.0683284 0.0893582
2 0.128826 0.592754 0.0228545 0.0387154
2 0.191295 0.57765 0.0155516 0.0229701
2 0.416653 0.5618 0.0228777 0.0200167
2 0.413349 0.562301 0.0190015 0.0179988
2 0.609702 0.698209 0.241991 0.263678
2 0.716709 0.602587 0.2042 0.163844
2 0.158754 0.613995 0.0615077 0.0803617
0 0.22472 0.647646 0.0308534 0.16043
2 0.895351 0.582429 0.208296 0.179386
2 0.25006 0.596847 0.0406172 0.0558542
2 0.0204655 0.597114 0.0406141 0.0688764
7 0.36094 0.571793 0.0602696 0.0825397
7 0.530699 0.573286 0.166766 0.199203
2 0.0678606 0.612953 0.048415 0.0949041
2 0.771649 0.541126 0.0717127 0.0577516
7 0.603328 0.485926 0.0683284 0.0893582
2 0.128826 0.592754 0.0228545 0.0387154
2 0.191295 0.57765 0.0155516 0.0229701
2 0.416653 0.5618 0.0228777 0.0200167
2 0.413349 0.562301 0.0190015 0.0179988
2 0.609702 0.698209 0.241991 0.263678
2 0.716709 0.602587 0.2042 0.163844
2 0.158754 0.613995 0.0615077 0.0803617
0 0.22472 0.647646 0.0308534 0.16043
2 0.895351 0.582429 0.208296 0.179386
2 0.25006 0.596847 0.0406172 0.0558542
2 0.0204655 0.597114 0.0406141 0.0688764
7 0.36094 0.571793 0.0602696 0.0825397
7 0.530699 0.573286 0.166766 0.199203
2 0.0678606 0.612953 0.048415 0.0949041
2 0.771649 0.541126 0.0717127 0.0577516
7 0.603328 0.485926 0.0683284 0.0893582
2 0.128826 0.592754 0.0228545 0.0387154
2 0.191295 0.57765 0.0155516 0.0229701
2 0.416653 0.5618 0.0228777 0.0200167
2 0.413349 0.562301 0.0190015 0.0179988
2 0.609702 0.698209 0.241991 0.263678
2 0.716709 0.602587 0.2042 0.163844
2 0.158754 0.613995 0.0615077 0.0803617
0 0.22472 0.647646 0.0308534 0.16043
2 0.895351 0.582429 0.208296 0.179386
2 0.25006 0.596847 0.0406172 0.0558542
2 0.0204655 0.597114 0.0406141 0.0688764
7 0.36094 0.571793 0.0602696 0.0825397
7 0.530699 0.573286 0.166766 0.199203
2 0.0678606 0.612953 0.048415 0.0949041
2 0.771649 0.541126 0.0717127 0.0577516
7 0.603328 0.485926 0.0683284 0.0893582
2 0.128826 0.592754 0.0228545 0.0387154
2 0.191295 0.57765 0.0155516 0.0229701
2 0.416653 0.5618 0.0228777 0.0200167
2 0.413349 0.562301 0.0190015 0.0179988
2 0.609702 0.698209 0.241991 0.263678
2 0.716709 0.602587 0.2042 0.163844
2 0.158754 0.613995 0.0615077 0.0803617
0 0.22472 0.647646 0.0308534 0.16043
2 0.895351 0.582429 0.208296 0.179386
2 0.25006 0.596847 0.0406172 0.0558542
2 0.0204655 0.597114 0.0406141 0.0688764
7 0.36094 0.571793 0.0602696 0.0825397
7 0.530699 0.573286 0.166766 0.199203
2 0.0678606 0.612953 0.048415 0.0949041
2 0.771649 0.541126 0.0717127 0.0577516
7 0.603328 0.485926 0.0683284 0.0893582
2 0.128826 0.592754 0.0228545 0.0387154
2 0.191295 0.57765 0.0155516 0.0229701
2 0.416653 0.5618 0.0228777 0.0200167
2 0.413349 0.562301 0.0190015 0.0179988
2 0.609702 0.698209 0.241991 0.263678
2 0.716709 0.602587 0.2042 0.163844
2 0.158754 0.613995 0.0615077 0.0803617
0 0.22472 0.647646 0.0308534 0.16043
2 0.895351 0.582429 0.208296 0.179386
2 0.25006 0.596847 0.0406172 0.0558542
2 0.0204655 0.597114 0.0406141 0.0688764
7 0.36094 0.571793 0.0602696 0.0825397
7 0.530699 0.573286 0.166766 0.199203
2 0.0678606 0.612953 0.048415 0.0949041
2 0.771649 0.541126 0.0717127 0.0577516
7 0.603328 0.485926 0.0683284 0.0893582
2 0.128826 0.592754 0.0228545 0.0387154
2 0.191295 0.57765 0.0155516 0.0229701
2 0.416653 0.5618 0.0228777 0.0200167
2 0.413349 0.562301 0.0190015 0.0179988
2 0.609702 0.698209 0.241991 0.263678
2 0.716709 0.602587 0.2042 0.163844
2 0.158754 0.613995 0.0615077 0.0803617
0 0.22472 0.647646 0.0308534 0.16043
2 0.895351 0.582429 0.208296 0.179386
2 0.25006 0.596847 0.0406172 0.0558542
2 0.0204655 0.597114 0.0406141 0.0688764
7 0.36094 0.571793 0.0602696 0.0825397
7 0.530699 0.573286 0.166766 0.199203
2 0.0678606 0.612953 0.048415 0.0949041
2 0.771649 0.541126 0.0717127 0.0577516
7 0.603328 0.485926 0.0683284 0.0893582
2 0.128826 0.592754 0.0228545 0.0387154
2 0.191295 0.57765 0.0155516 0.0229701
2 0.416653 0.5618 0.0228777 0.0200167
2 0.413349 0.562301 0.0190015 0.0179988
2 0.609702 0.698209 0.241991 0.263678
2 0.716709 0.602587 0.2042 0.163844
2 0.158754 0.613995 0.0615077 0.0803617
0 0.22472 0.647646 0.0308534 0.16043
2 0.895351 0.582429 0.208296 0.179386
2 0.25006 0.596847 0.0406172 0.0558542
2 0.0204655 0.597114 0.0406141 0.0688764
7 0.36094 0.571793 0.0602696 0.0825397
7 0.530699 0.573286 0.166766 0.199203
2 0.0678606 0.612953 0.048415 0.0949041
2 0.771649 0.541126 0.0717127 0.0577516
7 0.603328 0.485926 0.0683284 0.0893582
2 0.128826 0.592754 0.0228545 0.0387154
2 0.191295 0.57765 0.0155516 0.0229701
2 0.416653 0.5618 0.0228777 0.0200167
2 0.413349 0.562301 0.0190015 0.0179988
2 0.610057 0.697309 0.241464 0.266645
2 0.715988 0.603157 0.205532 0.163797
2 0.159101 0.614012 0.0606712 0.0786651
0 0.22423 0.64735 0.0305458 0.158521
2 0.249771 0.596867 0.0415041 0.057161
7 0.53106 0.574237 0.166037 0.201588
2 0.0204418 0.597085 0.0407589 0.0702911
2 0.769801 0.542524 0.0686035 0.0548876
2 0.0676684 0.612054 0.0483067 0.0945072
2 0.895528 0.574394 0.208054 0.196495
7 0.361999 0.57167 0.0604866 0.0838631
2 0.191329 0.576079 0.0160546 0.0276862
2 0.361955 0.571781 0.0606775 0.0834551
2 0.128011 0.598621 0.0216191 0.0446212
2 0.610057 0.697309 0.241464 0.266645
2 0.715988 0.603157 0.205532 0.163797
2 0.159101 0.614012 0.0606712 0.0786651
0 0.22423 0.64735 0.0305458 0.158521
2 0.249771 0.596867 0.0415041 0.057161
7 0.53106 0.574237 0.166037 0.201588
2 0.0204418 0.597085 0.0407589 0.0702911
2 0.769801 0.542524 0.0686035 0.0548876
2 0.0676684 0.612054 0.0483067 0.0945072
2 0.895528 0.574394 0.208054 0.196495
7 0.361999 0.57167 0.0604866 0.0838631
2 0.191329 0.576079 0.0160546 0.0276862
2 0.361955 0.571781 0.0606775 0.0834551
2 0.128011 0.598621 0.0216191 0.0446212
2 0.610057 0.697309 0.241464 0.266645
2 0.715988 0.603157 0.205532 0.163797
2 0.159101 0.614012 0.0606712 0.0786651
0 0.22423 0.64735 0.0305458 0.158521
2 0.249771 0.596867 0.0415041 0.057161
7 0.53106 0.574237 0.166037 0.201588
2 0.0204418 0.597085 0.0407589 0.0702911
2 0.769801 0.542524 0.0686035 0.0548876
2 0.0676684 0.612054 0.0483067 0.0945072
2 0.895528 0.574394 0.208054 0.196495
7 0.361999 0.57167 0.0604866 0.0838631
2 0.191329 0.576079 0.0160546 0.0276862
2 0.361955 0.571781 0.0606775 0.0834551
2 0.128011 0.598621 0.0216191 0.0446212
2 0.610057 0.697309 0.241464 0.266645
2 0.715988 0.603157 0.205532 0.163797
2 0.159101 0.614012 0.0606712 0.0786651
0 0.22423 0.64735 0.0305458 0.158521
2 0.249771 0.596867 0.0415041 0.057161
7 0.53106 0.574237 0.166037 0.201588
2 0.0204418 0.597085 0.0407589 0.0702911
2 0.769801 0.542524 0.0686035 0.0548876
2 0.0676684 0.612054 0.0483067 0.0945072
2 0.895528 0.574394 0.208054 0.196495
7 0.361999 0.57167 0.0604866 0.0838631
2 0.191329 0.576079 0.0160546 0.0276862
2 0.361955 0.571781 0.0606775 0.0834551
2 0.128011 0.598621 0.0216191 0.0446212
2 0.610057 0.697309 0.241464 0.266645
2 0.715988 0.603157 0.205532 0.163797
2 0.159101 0.614012 0.0606712 0.0786651
0 0.22423 0.64735 0.0305458 0.158521
2 0.249771 0.596867 0.0415041 0.057161
7 0.53106 0.574237 0.166037 0.201588
2 0.0204418 0.597085 0.0407589 0.0702911
2 0.769801 0.542524 0.0686035 0.0548876
2 0.0676684 0.612054 0.0483067 0.0945072
2 0.895528 0.574394 0.208054 0.196495
7 0.361999 0.57167 0.0604866 0.0838631
2 0.191329 0.576079 0.0160546 0.0276862
2 0.361955 0.571781 0.0606775 0.0834551
2 0.128011 0.598621 0.0216191 0.0446212
2 0.610057 0.697309 0.241464 0.266645
2 0.715988 0.603157 0.205532 0.163797
2 0.159101 0.614012 0.0606712 0.0786651
0 0.22423 0.64735 0.0305458 0.158521
2 0.249771 0.596867 0.0415041 0.057161
7 0.53106 0.574237 0.166037 0.201588
2 0.0204418 0.597085 0.0407589 0.0702911
2 0.769801 0.542524 0.0686035 0.0548876
2 0.0676684 0.612054 0.0483067 0.0945072
2 0.895528 0.574394 0.208054 0.196495
7 0.361999 0.57167 0.0604866 0.0838631
2 0.191329 0.576079 0.0160546 0.0276862
2 0.361955 0.571781 0.0606775 0.0834551
2 0.128011 0.598621 0.0216191 0.0446212
2 0.610057 0.697309 0.241464 0.266645
2 0.715988 0.603157 0.205532 0.163797
2 0.159101 0.614012 0.0606712 0.0786651
0 0.22423 0.64735 0.0305458 0.158521
2 0.249771 0.596867 0.0415041 0.057161
7 0.53106 0.574237 0.166037 0.201588
2 0.0204418 0.597085 0.0407589 0.0702911
2 0.769801 0.542524 0.0686035 0.0548876
2 0.0676684 0.612054 0.0483067 0.0945072
2 0.895528 0.574394 0.208054 0.196495
7 0.361999 0.57167 0.0604866 0.0838631
2 0.191329 0.576079 0.0160546 0.0276862
2 0.361955 0.571781 0.0606775 0.0834551
2 0.128011 0.598621 0.0216191 0.0446212
2 0.610057 0.697309 0.241464 0.266645
2 0.715988 0.603157 0.205532 0.163797
2 0.159101 0.614012 0.0606712 0.0786651
0 0.22423 0.64735 0.0305458 0.158521
2 0.249771 0.596867 0.0415041 0.057161
7 0.53106 0.574237 0.166037 0.201588
2 0.0204418 0.597085 0.0407589 0.0702911
2 0.769801 0.542524 0.0686035 0.0548876
2 0.0676684 0.612054 0.0483067 0.0945072
2 0.895528 0.574394 0.208054 0.196495
7 0.361999 0.57167 0.0604866 0.0838631
2 0.191329 0.576079 0.0160546 0.0276862
2 0.361955 0.571781 0.0606775 0.0834551
2 0.128011 0.598621 0.0216191 0.0446212
2 0.316709 0.559451 0.0174887 0.0285958
2 0.228763 0.561069 0.0210135 0.0271712
2 0.296543 0.562355 0.0140082 0.0271701
2 0.416835 0.561221 0.0226112 0.0234943
