7 0.207083 0.593721 0.0882304 0.0822011
2 0.659354 0.593783 0.0907724 0.0673425
7 0.333379 0.594954 0.0937826 0.0879889
2 0.113714 0.614843 0.0288065 0.0537156
0 0.74226 0.592727 0.014806 0.0658861
5 0.527319 0.597705 0.127939 0.0972929
2 0.149977 0.60413 0.0506541 0.0553111
2 0.406579 0.594869 0.0532847 0.0399317
7 0.0662729 0.657994 0.131626 0.300386
2 0.0661687 0.657423 0.131437 0.300923
5 0.0661064 0.657956 0.131319 0.300269
2 0.287724 0.592995 0.0240561 0.0307888
7 0.23909 0.546983 0.0784759 0.130881
2 0.398618 0.596685 0.0391199 0.0391393
7 0.527603 0.598689 0.127175 0.0951302
7 0.207083 0.593721 0.0882304 0.0822011
2 0.659354 0.593783 0.0907724 0.0673425
7 0.333379 0.594954 0.0937826 0.0879889
2 0.113714 0.614843 0.0288065 0.0537156
0 0.74226 0.592727 0.014806 0.0658861
5 0.527319 0.597705 0.127939 0.0972929
2 0.149977 0.60413 0.0506541 0.0553111
2 0.406579 0.594869 0.0532847 0.0399317
7 0.0662729 0.657994 0.131626 0.300386
2 0.0661687 0.657423 0.131437 0.300923
5 0.0661064 0.657956 0.131319 0.300269
2 0.287724 0.592995 0.0240561 0.0307888
7 0.23909 0.546983 0.0784759 0.130881
2 0.398618 0.596685 0.0391199 0.0391393
7 0.527603 0.598689 0.127175 0.0951302
7 0.207083 0.593721 0.0882304 0.0822011
2 0.659354 0.593783 0.0907724 0.0673425
7 0.333379 0.594954 0.0937826 0.0879889
2 0.113714 0.614843 0.0288065 0.0537156
0 0.74226 0.592727 0.014806 0.0658861
5 0.527319 0.597705 0.127939 0.0972929
2 0.149977 0.60413 0.0506541 0.0553111
2 0.406579 0.594869 0.0532847 0.0399317
7 0.0662729 0.657994 0.131626 0.300386
2 0.0661687 0.657423 0.131437 0.300923
5 0.0661064 0.657956 0.131319 0.300269
2 0.287724 0.592995 0.0240561 0.0307888
7 0.23909 0.546983 0.0784759 0.130881
2 0.398618 0.596685 0.0391199 0.0391393
7 0.527603 0.598689 0.127175 0.0951302
7 0.207083 0.593721 0.0882304 0.0822011
2 0.659354 0.593783 0.0907724 0.0673425
7 0.333379 0.594954 0.0937826 0.0879889
2 0.113714 0.614843 0.0288065 0.0537156
0 0.74226 0.592727 0.014806 0.0658861
5 0.527319 0.597705 0.127939 0.0972929
2 0.149977 0.60413 0.0506541 0.0553111
2 0.406579 0.594869 0.0532847 0.0399317
7 0.0662729 0.657994 0.131626 0.300386
2 0.0661687 0.657423 0.131437 0.300923
5 0.0661064 0.657956 0.131319 0.300269
2 0.287724 0.592995 0.0240561 0.0307888
7 0.23909 0.546983 0.0784759 0.130881
2 0.398618 0.596685 0.0391199 0.0391393
7 0.527603 0.598689 0.127175 0.0951302
