7 0.417628 0.571768 0.123862 0.103677
3 0.53167 0.598052 0.0762909 0.057832
0 0.530446 0.572779 0.0282239 0.0960956
2 0.0905256 0.57694 0.0419991 0.0390393
7 0.0642471 0.631056 0.128028 0.176352
0 0.195564 0.571774 0.0132216 0.0501706
0 0.547025 0.571561 0.0271988 0.0861037
2 0.0643545 0.630415 0.128271 0.177057
0 0.494361 0.566711 0.012324 0.0599003
2 0.193483 0.572118 0.0664855 0.0497386
0 0.195546 0.571186 0.0189008 0.0523927
0 0.479129 0.569897 0.0128575 0.0549194
0 0.542179 0.572746 0.0419147 0.0914039
0 0.531616 0.572402 0.0376867 0.103573
7 0.417628 0.571768 0.123862 0.103677
3 0.53167 0.598052 0.0762909 0.057832
0 0.530446 0.572779 0.0282239 0.0960956
2 0.0905256 0.57694 0.0419991 0.0390393
7 0.0642471 0.631056 0.128028 0.176352
0 0.195564 0.571774 0.0132216 0.0501706
0 0.547025 0.571561 0.0271988 0.0861037
2 0.0643545 0.630415 0.128271 0.177057
0 0.494361 0.566711 0.012324 0.0599003
2 0.193483 0.572118 0.0664855 0.0497386
0 0.195546 0.571186 0.0189008 0.0523927
0 0.479129 0.569897 0.0128575 0.0549194
0 0.542179 0.572746 0.0419147 0.0914039
0 0.531616 0.572402 0.0376867 0.103573
7 0.417628 0.571768 0.123862 0.103677
3 0.53167 0.598052 0.0762909 0.057832
0 0.530446 0.572779 0.0282239 0.0960956
2 0.0905256 0.57694 0.0419991 0.0390393
7 0.0642471 0.631056 0.128028 0.176352
0 0.195564 0.571774 0.0132216 0.0501706
0 0.547025 0.571561 0.0271988 0.0861037
2 0.0643545 0.630415 0.128271 0.177057
0 0.494361 0.566711 0.012324 0.0599003
2 0.193483 0.572118 0.0664855 0.0497386
0 0.195546 0.571186 0.0189008 0.0523927
0 0.479129 0.569897 0.0128575 0.0549194
0 0.542179 0.572746 0.0419147 0.0914039
0 0.531616 0.572402 0.0376867 0.103573
7 0.417628 0.571768 0.123862 0.103677
3 0.53167 0.598052 0.0762909 0.057832
0 0.530446 0.572779 0.0282239 0.0960956
2 0.0905256 0.57694 0.0419991 0.0390393
7 0.0642471 0.631056 0.128028 0.176352
0 0.195564 0.571774 0.0132216 0.0501706
0 0.547025 0.571561 0.0271988 0.0861037
2 0.0643545 0.630415 0.128271 0.177057
0 0.494361 0.566711 0.012324 0.0599003
2 0.193483 0.572118 0.0664855 0.0497386
0 0.195546 0.571186 0.0189008 0.0523927
0 0.479129 0.569897 0.0128575 0.0549194
0 0.542179 0.572746 0.0419147 0.0914039
0 0.531616 0.572402 0.0376867 0.103573
