2 0.31961 0.611334 0.0744701 0.0922718
2 0.160111 0.609192 0.0603348 0.0797099
0 0.23677 0.648595 0.0303288 0.17876
0 0.866608 0.553565 0.0177107 0.0591543
2 0.951581 0.598617 0.0956593 0.18538
2 0.0688017 0.60778 0.0478383 0.0919018
7 0.499732 0.576348 0.116655 0.146967
2 0.019287 0.591682 0.038574 0.074584
5 0.499729 0.575802 0.116704 0.146771
2 0.65263 0.544172 0.0283351 0.0309872
2 0.61335 0.550799 0.0478245 0.0399774
2 0.570157 0.548143 0.0490191 0.0411389
2 0.561474 0.548264 0.0325797 0.0386896
2 0.281583 0.557929 0.0204607 0.0255036
2 0.194207 0.575832 0.0151258 0.0245768
2 0.582814 0.545892 0.0387967 0.0430333
2 0.31961 0.611334 0.0744701 0.0922718
2 0.160111 0.609192 0.0603348 0.0797099
0 0.23677 0.648595 0.0303288 0.17876
0 0.866608 0.553565 0.0177107 0.0591543
2 0.951581 0.598617 0.0956593 0.18538
2 0.0688017 0.60778 0.0478383 0.0919018
7 0.499732 0.576348 0.116655 0.146967
2 0.019287 0.591682 0.038574 0.074584
5 0.499729 0.575802 0.116704 0.146771
2 0.65263 0.544172 0.0283351 0.0309872
2 0.61335 0.550799 0.0478245 0.0399774
2 0.570157 0.548143 0.0490191 0.0411389
2 0.561474 0.548264 0.0325797 0.0386896
2 0.281583 0.557929 0.0204607 0.0255036
2 0.194207 0.575832 0.0151258 0.0245768
2 0.582814 0.545892 0.0387967 0.0430333
2 0.31961 0.611334 0.0744701 0.0922718
2 0.160111 0.609192 0.0603348 0.0797099
0 0.23677 0.648595 0.0303288 0.17876
0 0.866608 0.553565 0.0177107 0.0591543
2 0.951581 0.598617 0.0956593 0.18538
2 0.0688017 0.60778 0.0478383 0.0919018
7 0.499732 0.576348 0.116655 0.146967
2 0.019287 0.591682 0.038574 0.074584
5 0.499729 0.575802 0.116704 0.146771
2 0.65263 0.544172 0.0283351 0.0309872
2 0.61335 0.550799 0.0478245 0.0399774
2 0.570157 0.548143 0.0490191 0.0411389
2 0.561474 0.548264 0.0325797 0.0386896
2 0.281583 0.557929 0.0204607 0.0255036
2 0.194207 0.575832 0.0151258 0.0245768
2 0.582814 0.545892 0.0387967 0.0430333
2 0.31961 0.611334 0.0744701 0.0922718
2 0.160111 0.609192 0.0603348 0.0797099
0 0.23677 0.648595 0.0303288 0.17876
0 0.866608 0.553565 0.0177107 0.0591543
2 0.951581 0.598617 0.0956593 0.18538
2 0.0688017 0.60778 0.0478383 0.0919018
7 0.499732 0.576348 0.116655 0.146967
2 0.019287 0.591682 0.038574 0.074584
5 0.499729 0.575802 0.116704 0.146771
2 0.65263 0.544172 0.0283351 0.0309872
2 0.61335 0.550799 0.0478245 0.0399774
2 0.570157 0.548143 0.0490191 0.0411389
2 0.561474 0.548264 0.0325797 0.0386896
2 0.281583 0.557929 0.0204607 0.0255036
2 0.194207 0.575832 0.0151258 0.0245768
2 0.582814 0.545892 0.0387967 0.0430333
2 0.31961 0.611334 0.0744701 0.0922718
2 0.160111 0.609192 0.0603348 0.0797099
0 0.23677 0.648595 0.0303288 0.17876
0 0.866608 0.553565 0.0177107 0.0591543
2 0.951581 0.598617 0.0956593 0.18538
2 0.0688017 0.60778 0.0478383 0.0919018
7 0.499732 0.576348 0.116655 0.146967
2 0.019287 0.591682 0.038574 0.074584
5 0.499729 0.575802 0.116704 0.146771
2 0.65263 0.544172 0.0283351 0.0309872
2 0.61335 0.550799 0.0478245 0.0399774
2 0.570157 0.548143 0.0490191 0.0411389
2 0.561474 0.548264 0.0325797 0.0386896
2 0.281583 0.557929 0.0204607 0.0255036
2 0.194207 0.575832 0.0151258 0.0245768
2 0.582814 0.545892 0.0387967 0.0430333
2 0.31961 0.611334 0.0744701 0.0922718
2 0.160111 0.609192 0.0603348 0.0797099
0 0.23677 0.648595 0.0303288 0.17876
0 0.866608 0.553565 0.0177107 0.0591543
2 0.951581 0.598617 0.0956593 0.18538
2 0.0688017 0.60778 0.0478383 0.0919018
7 0.499732 0.576348 0.116655 0.146967
2 0.019287 0.591682 0.038574 0.074584
5 0.499729 0.575802 0.116704 0.146771
2 0.65263 0.544172 0.0283351 0.0309872
2 0.61335 0.550799 0.0478245 0.0399774
2 0.570157 0.548143 0.0490191 0.0411389
2 0.561474 0.548264 0.0325797 0.0386896
2 0.281583 0.557929 0.0204607 0.0255036
2 0.194207 0.575832 0.0151258 0.0245768
2 0.582814 0.545892 0.0387967 0.0430333
2 0.31961 0.611334 0.0744701 0.0922718
2 0.160111 0.609192 0.0603348 0.0797099
0 0.23677 0.648595 0.0303288 0.17876
0 0.866608 0.553565 0.0177107 0.0591543
2 0.951581 0.598617 0.0956593 0.18538
2 0.0688017 0.60778 0.0478383 0.0919018
7 0.499732 0.576348 0.116655 0.146967
2 0.019287 0.591682 0.038574 0.074584
5 0.499729 0.575802 0.116704 0.146771
2 0.65263 0.544172 0.0283351 0.0309872
2 0.61335 0.550799 0.0478245 0.0399774
2 0.570157 0.548143 0.0490191 0.0411389
2 0.561474 0.548264 0.0325797 0.0386896
2 0.281583 0.557929 0.0204607 0.0255036
2 0.194207 0.575832 0.0151258 0.0245768
2 0.582814 0.545892 0.0387967 0.0430333
2 0.31961 0.611334 0.0744701 0.0922718
2 0.160111 0.609192 0.0603348 0.0797099
0 0.23677 0.648595 0.0303288 0.17876
0 0.866608 0.553565 0.0177107 0.0591543
2 0.951581 0.598617 0.0956593 0.18538
2 0.0688017 0.60778 0.0478383 0.0919018
7 0.499732 0.576348 0.116655 0.146967
2 0.019287 0.591682 0.038574 0.074584
5 0.499729 0.575802 0.116704 0.146771
2 0.65263 0.544172 0.0283351 0.0309872
2 0.61335 0.550799 0.0478245 0.0399774
2 0.570157 0.548143 0.0490191 0.0411389
2 0.561474 0.548264 0.0325797 0.0386896
2 0.281583 0.557929 0.0204607 0.0255036
2 0.194207 0.575832 0.0151258 0.0245768
2 0.582814 0.545892 0.0387967 0.0430333
2 0.31961 0.611334 0.0744701 0.0922718
2 0.160111 0.609192 0.0603348 0.0797099
0 0.23677 0.648595 0.0303288 0.17876
0 0.866608 0.553565 0.0177107 0.0591543
2 0.951581 0.598617 0.0956593 0.18538
2 0.0688017 0.60778 0.0478383 0.0919018
7 0.499732 0.576348 0.116655 0.146967
2 0.019287 0.591682 0.038574 0.074584
5 0.499729 0.575802 0.116704 0.146771
2 0.65263 0.544172 0.0283351 0.0309872
2 0.61335 0.550799 0.0478245 0.0399774
2 0.570157 0.548143 0.0490191 0.0411389
2 0.561474 0.548264 0.0325797 0.0386896
2 0.281583 0.557929 0.0204607 0.0255036
2 0.194207 0.575832 0.0151258 0.0245768
2 0.582814 0.545892 0.0387967 0.0430333
2 0.31961 0.611334 0.0744701 0.0922718
2 0.160111 0.609192 0.0603348 0.0797099
0 0.23677 0.648595 0.0303288 0.17876
0 0.866608 0.553565 0.0177107 0.0591543
2 0.951581 0.598617 0.0956593 0.18538
2 0.0688017 0.60778 0.0478383 0.0919018
7 0.499732 0.576348 0.116655 0.146967
2 0.019287 0.591682 0.038574 0.074584
5 0.499729 0.575802 0.116704 0.146771
2 0.65263 0.544172 0.0283351 0.0309872
2 0.61335 0.550799 0.0478245 0.0399774
2 0.570157 0.548143 0.0490191 0.0411389
2 0.561474 0.548264 0.0325797 0.0386896
2 0.281583 0.557929 0.0204607 0.0255036
2 0.194207 0.575832 0.0151258 0.0245768
2 0.582814 0.545892 0.0387967 0.0430333
2 0.31961 0.611334 0.0744701 0.0922718
2 0.160111 0.609192 0.0603348 0.0797099
0 0.23677 0.648595 0.0303288 0.17876
0 0.866608 0.553565 0.0177107 0.0591543
2 0.951581 0.598617 0.0956593 0.18538
2 0.0688017 0.60778 0.0478383 0.0919018
7 0.499732 0.576348 0.116655 0.146967
2 0.019287 0.591682 0.038574 0.074584
5 0.499729 0.575802 0.116704 0.146771
2 0.65263 0.544172 0.0283351 0.0309872
2 0.61335 0.550799 0.0478245 0.0399774
2 0.570157 0.548143 0.0490191 0.0411389
2 0.561474 0.548264 0.0325797 0.0386896
2 0.281583 0.557929 0.0204607 0.0255036
2 0.194207 0.575832 0.0151258 0.0245768
2 0.582814 0.545892 0.0387967 0.0430333
2 0.952686 0.59896 0.0936996 0.18752
2 0.3198 0.611241 0.075289 0.091724
2 0.16032 0.609224 0.0606253 0.0789
0 0.237021 0.647176 0.0307812 0.182291
0 0.866661 0.553966 0.0171604 0.0593017
2 0.0186308 0.59481 0.036979 0.0717878
7 0.499552 0.577901 0.117414 0.149067
2 0.195402 0.570616 0.0173063 0.0296024
2 0.128493 0.59399 0.020599 0.0495529
2 0.28208 0.557639 0.0212284 0.0251346
2 0.0682059 0.607694 0.0482478 0.0930769
2 0.653436 0.545684 0.022695 0.0301718
2 0.952686 0.59896 0.0936996 0.18752
2 0.3198 0.611241 0.075289 0.091724
2 0.16032 0.609224 0.0606253 0.0789
0 0.237021 0.647176 0.0307812 0.182291
0 0.866661 0.553966 0.0171604 0.0593017
2 0.0186308 0.59481 0.036979 0.0717878
7 0.499552 0.577901 0.117414 0.149067
2 0.195402 0.570616 0.0173063 0.0296024
2 0.128493 0.59399 0.020599 0.0495529
2 0.28208 0.557639 0.0212284 0.0251346
2 0.0682059 0.607694 0.0482478 0.0930769
2 0.653436 0.545684 0.022695 0.0301718
