5 0.936688 0.556151 0.125459 0.333188
2 0.321073 0.615287 0.0703267 0.0767194
2 0.13322 0.62629 0.0610808 0.0830154
2 0.529949 0.586647 0.102771 0.0935213
2 0.245872 0.607624 0.048014 0.0620612
0 0.188699 0.645916 0.0263998 0.142285
2 0.361782 0.588563 0.0557596 0.065994
2 0.0394013 0.626451 0.0495322 0.0949402
2 0.400003 0.581695 0.0415323 0.0533847
2 0.469398 0.573984 0.0586784 0.0817408
2 0.00724011 0.612727 0.0144802 0.0673261
7 0.270993 0.579325 0.0487106 0.0837018
2 0.103534 0.607497 0.0257307 0.0460105
2 0.59302 0.552169 0.0589068 0.0433345
2 0.651434 0.554211 0.0240347 0.0289015
2 0.172787 0.589547 0.0204764 0.0513538
5 0.271279 0.578876 0.0487816 0.0836617
2 0.640899 0.553167 0.0374725 0.0313488
2 0.011781 0.611675 0.0234793 0.0681417
7 0.286326 0.521378 0.0475735 0.0660624
5 0.936688 0.556151 0.125459 0.333188
2 0.321073 0.615287 0.0703267 0.0767194
2 0.13322 0.62629 0.0610808 0.0830154
2 0.529949 0.586647 0.102771 0.0935213
2 0.245872 0.607624 0.048014 0.0620612
0 0.188699 0.645916 0.0263998 0.142285
2 0.361782 0.588563 0.0557596 0.065994
2 0.0394013 0.626451 0.0495322 0.0949402
2 0.400003 0.581695 0.0415323 0.0533847
2 0.469398 0.573984 0.0586784 0.0817408
2 0.00724011 0.612727 0.0144802 0.0673261
7 0.270993 0.579325 0.0487106 0.0837018
2 0.103534 0.607497 0.0257307 0.0460105
2 0.59302 0.552169 0.0589068 0.0433345
2 0.651434 0.554211 0.0240347 0.0289015
2 0.172787 0.589547 0.0204764 0.0513538
5 0.271279 0.578876 0.0487816 0.0836617
2 0.640899 0.553167 0.0374725 0.0313488
2 0.011781 0.611675 0.0234793 0.0681417
7 0.286326 0.521378 0.0475735 0.0660624
5 0.936688 0.556151 0.125459 0.333188
2 0.321073 0.615287 0.0703267 0.0767194
2 0.13322 0.62629 0.0610808 0.0830154
2 0.529949 0.586647 0.102771 0.0935213
2 0.245872 0.607624 0.048014 0.0620612
0 0.188699 0.645916 0.0263998 0.142285
2 0.361782 0.588563 0.0557596 0.065994
2 0.0394013 0.626451 0.0495322 0.0949402
2 0.400003 0.581695 0.0415323 0.0533847
2 0.469398 0.573984 0.0586784 0.0817408
2 0.00724011 0.612727 0.0144802 0.0673261
7 0.270993 0.579325 0.0487106 0.0837018
2 0.103534 0.607497 0.0257307 0.0460105
2 0.59302 0.552169 0.0589068 0.0433345
2 0.651434 0.554211 0.0240347 0.0289015
2 0.172787 0.589547 0.0204764 0.0513538
5 0.271279 0.578876 0.0487816 0.0836617
2 0.640899 0.553167 0.0374725 0.0313488
2 0.011781 0.611675 0.0234793 0.0681417
7 0.286326 0.521378 0.0475735 0.0660624
5 0.936688 0.556151 0.125459 0.333188
2 0.321073 0.615287 0.0703267 0.0767194
2 0.13322 0.62629 0.0610808 0.0830154
2 0.529949 0.586647 0.102771 0.0935213
2 0.245872 0.607624 0.048014 0.0620612
0 0.188699 0.645916 0.0263998 0.142285
2 0.361782 0.588563 0.0557596 0.065994
2 0.0394013 0.626451 0.0495322 0.0949402
2 0.400003 0.581695 0.0415323 0.0533847
2 0.469398 0.573984 0.0586784 0.0817408
2 0.00724011 0.612727 0.0144802 0.0673261
7 0.270993 0.579325 0.0487106 0.0837018
2 0.103534 0.607497 0.0257307 0.0460105
2 0.59302 0.552169 0.0589068 0.0433345
2 0.651434 0.554211 0.0240347 0.0289015
2 0.172787 0.589547 0.0204764 0.0513538
5 0.271279 0.578876 0.0487816 0.0836617
2 0.640899 0.553167 0.0374725 0.0313488
2 0.011781 0.611675 0.0234793 0.0681417
7 0.286326 0.521378 0.0475735 0.0660624
5 0.936688 0.556151 0.125459 0.333188
2 0.321073 0.615287 0.0703267 0.0767194
2 0.13322 0.62629 0.0610808 0.0830154
2 0.529949 0.586647 0.102771 0.0935213
2 0.245872 0.607624 0.048014 0.0620612
0 0.188699 0.645916 0.0263998 0.142285
2 0.361782 0.588563 0.0557596 0.065994
2 0.0394013 0.626451 0.0495322 0.0949402
2 0.400003 0.581695 0.0415323 0.0533847
2 0.469398 0.573984 0.0586784 0.0817408
2 0.00724011 0.612727 0.0144802 0.0673261
7 0.270993 0.579325 0.0487106 0.0837018
2 0.103534 0.607497 0.0257307 0.0460105
2 0.59302 0.552169 0.0589068 0.0433345
2 0.651434 0.554211 0.0240347 0.0289015
2 0.172787 0.589547 0.0204764 0.0513538
5 0.271279 0.578876 0.0487816 0.0836617
2 0.640899 0.553167 0.0374725 0.0313488
2 0.011781 0.611675 0.0234793 0.0681417
7 0.286326 0.521378 0.0475735 0.0660624
5 0.936688 0.556151 0.125459 0.333188
2 0.321073 0.615287 0.0703267 0.0767194
2 0.13322 0.62629 0.0610808 0.0830154
2 0.529949 0.586647 0.102771 0.0935213
2 0.245872 0.607624 0.048014 0.0620612
0 0.188699 0.645916 0.0263998 0.142285
2 0.361782 0.588563 0.0557596 0.065994
2 0.0394013 0.626451 0.0495322 0.0949402
2 0.400003 0.581695 0.0415323 0.0533847
2 0.469398 0.573984 0.0586784 0.0817408
2 0.00724011 0.612727 0.0144802 0.0673261
7 0.270993 0.579325 0.0487106 0.0837018
2 0.103534 0.607497 0.0257307 0.0460105
2 0.59302 0.552169 0.0589068 0.0433345
2 0.651434 0.554211 0.0240347 0.0289015
2 0.172787 0.589547 0.0204764 0.0513538
5 0.271279 0.578876 0.0487816 0.0836617
2 0.640899 0.553167 0.0374725 0.0313488
2 0.011781 0.611675 0.0234793 0.0681417
7 0.286326 0.521378 0.0475735 0.0660624
5 0.936688 0.556151 0.125459 0.333188
2 0.321073 0.615287 0.0703267 0.0767194
2 0.13322 0.62629 0.0610808 0.0830154
2 0.529949 0.586647 0.102771 0.0935213
2 0.245872 0.607624 0.048014 0.0620612
0 0.188699 0.645916 0.0263998 0.142285
2 0.361782 0.588563 0.0557596 0.065994
2 0.0394013 0.626451 0.0495322 0.0949402
2 0.400003 0.581695 0.0415323 0.0533847
2 0.469398 0.573984 0.0586784 0.0817408
2 0.00724011 0.612727 0.0144802 0.0673261
7 0.270993 0.579325 0.0487106 0.0837018
2 0.103534 0.607497 0.0257307 0.0460105
2 0.59302 0.552169 0.0589068 0.0433345
2 0.651434 0.554211 0.0240347 0.0289015
2 0.172787 0.589547 0.0204764 0.0513538
5 0.271279 0.578876 0.0487816 0.0836617
2 0.640899 0.553167 0.0374725 0.0313488
2 0.011781 0.611675 0.0234793 0.0681417
7 0.286326 0.521378 0.0475735 0.0660624
5 0.936688 0.556151 0.125459 0.333188
2 0.321073 0.615287 0.0703267 0.0767194
2 0.13322 0.62629 0.0610808 0.0830154
2 0.529949 0.586647 0.102771 0.0935213
2 0.245872 0.607624 0.048014 0.0620612
0 0.188699 0.645916 0.0263998 0.142285
2 0.361782 0.588563 0.0557596 0.065994
2 0.0394013 0.626451 0.0495322 0.0949402
2 0.400003 0.581695 0.0415323 0.0533847
2 0.469398 0.573984 0.0586784 0.0817408
2 0.00724011 0.612727 0.0144802 0.0673261
7 0.270993 0.579325 0.0487106 0.0837018
2 0.103534 0.607497 0.0257307 0.0460105
2 0.59302 0.552169 0.0589068 0.0433345
2 0.651434 0.554211 0.0240347 0.0289015
2 0.172787 0.589547 0.0204764 0.0513538
5 0.271279 0.578876 0.0487816 0.0836617
2 0.640899 0.553167 0.0374725 0.0313488
2 0.011781 0.611675 0.0234793 0.0681417
7 0.286326 0.521378 0.0475735 0.0660624
5 0.936688 0.556151 0.125459 0.333188
2 0.321073 0.615287 0.0703267 0.0767194
2 0.13322 0.62629 0.0610808 0.0830154
2 0.529949 0.586647 0.102771 0.0935213
2 0.245872 0.607624 0.048014 0.0620612
0 0.188699 0.645916 0.0263998 0.142285
2 0.361782 0.588563 0.0557596 0.065994
2 0.0394013 0.626451 0.0495322 0.0949402
2 0.400003 0.581695 0.0415323 0.0533847
2 0.469398 0.573984 0.0586784 0.0817408
2 0.00724011 0.612727 0.0144802 0.0673261
7 0.270993 0.579325 0.0487106 0.0837018
2 0.103534 0.607497 0.0257307 0.0460105
2 0.59302 0.552169 0.0589068 0.0433345
2 0.651434 0.554211 0.0240347 0.0289015
2 0.172787 0.589547 0.0204764 0.0513538
5 0.271279 0.578876 0.0487816 0.0836617
2 0.640899 0.553167 0.0374725 0.0313488
2 0.011781 0.611675 0.0234793 0.0681417
7 0.286326 0.521378 0.0475735 0.0660624
5 0.936688 0.556151 0.125459 0.333188
2 0.321073 0.615287 0.0703267 0.0767194
2 0.13322 0.62629 0.0610808 0.0830154
2 0.529949 0.586647 0.102771 0.0935213
2 0.245872 0.607624 0.048014 0.0620612
0 0.188699 0.645916 0.0263998 0.142285
2 0.361782 0.588563 0.0557596 0.065994
2 0.0394013 0.626451 0.0495322 0.0949402
2 0.400003 0.581695 0.0415323 0.0533847
2 0.469398 0.573984 0.0586784 0.0817408
2 0.00724011 0.612727 0.0144802 0.0673261
7 0.270993 0.579325 0.0487106 0.0837018
2 0.103534 0.607497 0.0257307 0.0460105
2 0.59302 0.552169 0.0589068 0.0433345
2 0.651434 0.554211 0.0240347 0.0289015
2 0.172787 0.589547 0.0204764 0.0513538
5 0.271279 0.578876 0.0487816 0.0836617
2 0.640899 0.553167 0.0374725 0.0313488
2 0.011781 0.611675 0.0234793 0.0681417
7 0.286326 0.521378 0.0475735 0.0660624
5 0.936688 0.556151 0.125459 0.333188
2 0.321073 0.615287 0.0703267 0.0767194
2 0.13322 0.62629 0.0610808 0.0830154
2 0.529949 0.586647 0.102771 0.0935213
2 0.245872 0.607624 0.048014 0.0620612
0 0.188699 0.645916 0.0263998 0.142285
2 0.361782 0.588563 0.0557596 0.065994
2 0.0394013 0.626451 0.0495322 0.0949402
2 0.400003 0.581695 0.0415323 0.0533847
2 0.469398 0.573984 0.0586784 0.0817408
2 0.00724011 0.612727 0.0144802 0.0673261
7 0.270993 0.579325 0.0487106 0.0837018
2 0.103534 0.607497 0.0257307 0.0460105
2 0.59302 0.552169 0.0589068 0.0433345
2 0.651434 0.554211 0.0240347 0.0289015
2 0.172787 0.589547 0.0204764 0.0513538
5 0.271279 0.578876 0.0487816 0.0836617
2 0.640899 0.553167 0.0374725 0.0313488
2 0.011781 0.611675 0.0234793 0.0681417
7 0.286326 0.521378 0.0475735 0.0660624
5 0.936586 0.556033 0.125262 0.334113
2 0.529627 0.586491 0.10347 0.0940314
2 0.245173 0.608307 0.0488883 0.0624388
2 0.32081 0.61436 0.0702548 0.077998
2 0.133578 0.626337 0.0605008 0.0803341
0 0.188569 0.64611 0.0272737 0.141856
2 0.359887 0.587961 0.0578315 0.0665112
2 0.399253 0.581554 0.0443032 0.0542107
7 0.271386 0.579382 0.0491642 0.083489
2 0.0397301 0.625868 0.0501078 0.0925144
2 0.468735 0.574301 0.0587507 0.0812598
2 0.00754651 0.613509 0.015093 0.0654382
2 0.592196 0.552025 0.0502867 0.0417733
2 0.101657 0.610848 0.02099 0.0457261
5 0.936586 0.556033 0.125262 0.334113
2 0.529627 0.586491 0.10347 0.0940314
2 0.245173 0.608307 0.0488883 0.0624388
2 0.32081 0.61436 0.0702548 0.077998
2 0.133578 0.626337 0.0605008 0.0803341
0 0.188569 0.64611 0.0272737 0.141856
2 0.359887 0.587961 0.0578315 0.0665112
2 0.399253 0.581554 0.0443032 0.0542107
7 0.271386 0.579382 0.0491642 0.083489
2 0.0397301 0.625868 0.0501078 0.0925144
2 0.468735 0.574301 0.0587507 0.0812598
2 0.00754651 0.613509 0.015093 0.0654382
2 0.592196 0.552025 0.0502867 0.0417733
2 0.101657 0.610848 0.02099 0.0457261
