2 0.73907 0.593898 0.13608 0.0759187
2 0.065215 0.650651 0.072654 0.0889742
2 0.172895 0.622325 0.0538631 0.0610075
2 0.30144 0.620722 0.0782207 0.0837646
2 0.860485 0.574353 0.105197 0.0723996
7 0.962409 0.65506 0.074474 0.160204
3 0.136313 0.687496 0.038474 0.085168
2 0.0246878 0.636108 0.0417282 0.0633681
7 0.490662 0.579555 0.07761 0.0803915
0 0.136619 0.646823 0.0349738 0.106604
7 0.203082 0.593645 0.0617371 0.0826677
2 0.433361 0.580739 0.0481622 0.0437102
7 0.0943556 0.580011 0.0670483 0.148524
7 0.0932399 0.607514 0.0651549 0.0936588
2 0.336756 0.582038 0.0292825 0.0282547
2 0.39053 0.581805 0.0550048 0.0413457
2 0.203162 0.593364 0.0600619 0.0799683
7 0.142211 0.585393 0.0452333 0.0572279
0 0.954647 0.557694 0.0164776 0.0485547
2 0.377759 0.583547 0.0551957 0.0423882
2 0.365564 0.585125 0.0373401 0.036024
2 0.00504712 0.604419 0.00998854 0.0427623
7 0.931653 0.541388 0.135903 0.117191
2 0.543815 0.578146 0.0324444 0.0420951
2 0.537901 0.578507 0.0221872 0.0423197
2 0.408048 0.581224 0.0317226 0.0395435
2 0.551124 0.580056 0.0205398 0.0341226
7 0.279939 0.586949 0.0488094 0.0531379
2 0.73907 0.593898 0.13608 0.0759187
2 0.065215 0.650651 0.072654 0.0889742
2 0.172895 0.622325 0.0538631 0.0610075
2 0.30144 0.620722 0.0782207 0.0837646
2 0.860485 0.574353 0.105197 0.0723996
7 0.962409 0.65506 0.074474 0.160204
3 0.136313 0.687496 0.038474 0.085168
2 0.0246878 0.636108 0.0417282 0.0633681
7 0.490662 0.579555 0.07761 0.0803915
0 0.136619 0.646823 0.0349738 0.106604
7 0.203082 0.593645 0.0617371 0.0826677
2 0.433361 0.580739 0.0481622 0.0437102
7 0.0943556 0.580011 0.0670483 0.148524
7 0.0932399 0.607514 0.0651549 0.0936588
2 0.336756 0.582038 0.0292825 0.0282547
2 0.39053 0.581805 0.0550048 0.0413457
2 0.203162 0.593364 0.0600619 0.0799683
7 0.142211 0.585393 0.0452333 0.0572279
0 0.954647 0.557694 0.0164776 0.0485547
2 0.377759 0.583547 0.0551957 0.0423882
2 0.365564 0.585125 0.0373401 0.036024
2 0.00504712 0.604419 0.00998854 0.0427623
7 0.931653 0.541388 0.135903 0.117191
2 0.543815 0.578146 0.0324444 0.0420951
2 0.537901 0.578507 0.0221872 0.0423197
2 0.408048 0.581224 0.0317226 0.0395435
2 0.551124 0.580056 0.0205398 0.0341226
7 0.279939 0.586949 0.0488094 0.0531379
2 0.73907 0.593898 0.13608 0.0759187
2 0.065215 0.650651 0.072654 0.0889742
2 0.172895 0.622325 0.0538631 0.0610075
2 0.30144 0.620722 0.0782207 0.0837646
2 0.860485 0.574353 0.105197 0.0723996
7 0.962409 0.65506 0.074474 0.160204
3 0.136313 0.687496 0.038474 0.085168
2 0.0246878 0.636108 0.0417282 0.0633681
7 0.490662 0.579555 0.07761 0.0803915
0 0.136619 0.646823 0.0349738 0.106604
7 0.203082 0.593645 0.0617371 0.0826677
2 0.433361 0.580739 0.0481622 0.0437102
7 0.0943556 0.580011 0.0670483 0.148524
7 0.0932399 0.607514 0.0651549 0.0936588
2 0.336756 0.582038 0.0292825 0.0282547
2 0.39053 0.581805 0.0550048 0.0413457
2 0.203162 0.593364 0.0600619 0.0799683
7 0.142211 0.585393 0.0452333 0.0572279
0 0.954647 0.557694 0.0164776 0.0485547
2 0.377759 0.583547 0.0551957 0.0423882
2 0.365564 0.585125 0.0373401 0.036024
2 0.00504712 0.604419 0.00998854 0.0427623
7 0.931653 0.541388 0.135903 0.117191
2 0.543815 0.578146 0.0324444 0.0420951
2 0.537901 0.578507 0.0221872 0.0423197
2 0.408048 0.581224 0.0317226 0.0395435
2 0.551124 0.580056 0.0205398 0.0341226
7 0.279939 0.586949 0.0488094 0.0531379
2 0.73907 0.593898 0.13608 0.0759187
2 0.065215 0.650651 0.072654 0.0889742
2 0.172895 0.622325 0.0538631 0.0610075
2 0.30144 0.620722 0.0782207 0.0837646
2 0.860485 0.574353 0.105197 0.0723996
7 0.962409 0.65506 0.074474 0.160204
3 0.136313 0.687496 0.038474 0.085168
2 0.0246878 0.636108 0.0417282 0.0633681
7 0.490662 0.579555 0.07761 0.0803915
0 0.136619 0.646823 0.0349738 0.106604
7 0.203082 0.593645 0.0617371 0.0826677
2 0.433361 0.580739 0.0481622 0.0437102
7 0.0943556 0.580011 0.0670483 0.148524
7 0.0932399 0.607514 0.0651549 0.0936588
2 0.336756 0.582038 0.0292825 0.0282547
2 0.39053 0.581805 0.0550048 0.0413457
2 0.203162 0.593364 0.0600619 0.0799683
7 0.142211 0.585393 0.0452333 0.0572279
0 0.954647 0.557694 0.0164776 0.0485547
2 0.377759 0.583547 0.0551957 0.0423882
2 0.365564 0.585125 0.0373401 0.036024
2 0.00504712 0.604419 0.00998854 0.0427623
7 0.931653 0.541388 0.135903 0.117191
2 0.543815 0.578146 0.0324444 0.0420951
2 0.537901 0.578507 0.0221872 0.0423197
2 0.408048 0.581224 0.0317226 0.0395435
2 0.551124 0.580056 0.0205398 0.0341226
7 0.279939 0.586949 0.0488094 0.0531379
2 0.73907 0.593898 0.13608 0.0759187
2 0.065215 0.650651 0.072654 0.0889742
2 0.172895 0.622325 0.0538631 0.0610075
2 0.30144 0.620722 0.0782207 0.0837646
2 0.860485 0.574353 0.105197 0.0723996
7 0.962409 0.65506 0.074474 0.160204
3 0.136313 0.687496 0.038474 0.085168
2 0.0246878 0.636108 0.0417282 0.0633681
7 0.490662 0.579555 0.07761 0.0803915
0 0.136619 0.646823 0.0349738 0.106604
7 0.203082 0.593645 0.0617371 0.0826677
2 0.433361 0.580739 0.0481622 0.0437102
7 0.0943556 0.580011 0.0670483 0.148524
7 0.0932399 0.607514 0.0651549 0.0936588
2 0.336756 0.582038 0.0292825 0.0282547
2 0.39053 0.581805 0.0550048 0.0413457
2 0.203162 0.593364 0.0600619 0.0799683
7 0.142211 0.585393 0.0452333 0.0572279
0 0.954647 0.557694 0.0164776 0.0485547
2 0.377759 0.583547 0.0551957 0.0423882
2 0.365564 0.585125 0.0373401 0.036024
2 0.00504712 0.604419 0.00998854 0.0427623
7 0.931653 0.541388 0.135903 0.117191
2 0.543815 0.578146 0.0324444 0.0420951
2 0.537901 0.578507 0.0221872 0.0423197
2 0.408048 0.581224 0.0317226 0.0395435
2 0.551124 0.580056 0.0205398 0.0341226
7 0.279939 0.586949 0.0488094 0.0531379
2 0.73907 0.593898 0.13608 0.0759187
2 0.065215 0.650651 0.072654 0.0889742
2 0.172895 0.622325 0.0538631 0.0610075
2 0.30144 0.620722 0.0782207 0.0837646
2 0.860485 0.574353 0.105197 0.0723996
7 0.962409 0.65506 0.074474 0.160204
3 0.136313 0.687496 0.038474 0.085168
2 0.0246878 0.636108 0.0417282 0.0633681
7 0.490662 0.579555 0.07761 0.0803915
0 0.136619 0.646823 0.0349738 0.106604
7 0.203082 0.593645 0.0617371 0.0826677
2 0.433361 0.580739 0.0481622 0.0437102
7 0.0943556 0.580011 0.0670483 0.148524
7 0.0932399 0.607514 0.0651549 0.0936588
2 0.336756 0.582038 0.0292825 0.0282547
2 0.39053 0.581805 0.0550048 0.0413457
2 0.203162 0.593364 0.0600619 0.0799683
7 0.142211 0.585393 0.0452333 0.0572279
0 0.954647 0.557694 0.0164776 0.0485547
2 0.377759 0.583547 0.0551957 0.0423882
2 0.365564 0.585125 0.0373401 0.036024
2 0.00504712 0.604419 0.00998854 0.0427623
7 0.931653 0.541388 0.135903 0.117191
2 0.543815 0.578146 0.0324444 0.0420951
2 0.537901 0.578507 0.0221872 0.0423197
2 0.408048 0.581224 0.0317226 0.0395435
2 0.551124 0.580056 0.0205398 0.0341226
7 0.279939 0.586949 0.0488094 0.0531379
2 0.73907 0.593898 0.13608 0.0759187
2 0.065215 0.650651 0.072654 0.0889742
2 0.172895 0.622325 0.0538631 0.0610075
2 0.30144 0.620722 0.0782207 0.0837646
2 0.860485 0.574353 0.105197 0.0723996
7 0.962409 0.65506 0.074474 0.160204
3 0.136313 0.687496 0.038474 0.085168
2 0.0246878 0.636108 0.0417282 0.0633681
7 0.490662 0.579555 0.07761 0.0803915
0 0.136619 0.646823 0.0349738 0.106604
7 0.203082 0.593645 0.0617371 0.0826677
2 0.433361 0.580739 0.0481622 0.0437102
7 0.0943556 0.580011 0.0670483 0.148524
7 0.0932399 0.607514 0.0651549 0.0936588
2 0.336756 0.582038 0.0292825 0.0282547
2 0.39053 0.581805 0.0550048 0.0413457
2 0.203162 0.593364 0.0600619 0.0799683
7 0.142211 0.585393 0.0452333 0.0572279
0 0.954647 0.557694 0.0164776 0.0485547
2 0.377759 0.583547 0.0551957 0.0423882
2 0.365564 0.585125 0.0373401 0.036024
2 0.00504712 0.604419 0.00998854 0.0427623
7 0.931653 0.541388 0.135903 0.117191
2 0.543815 0.578146 0.0324444 0.0420951
2 0.537901 0.578507 0.0221872 0.0423197
2 0.408048 0.581224 0.0317226 0.0395435
2 0.551124 0.580056 0.0205398 0.0341226
7 0.279939 0.586949 0.0488094 0.0531379
2 0.73907 0.593898 0.13608 0.0759187
2 0.065215 0.650651 0.072654 0.0889742
2 0.172895 0.622325 0.0538631 0.0610075
2 0.30144 0.620722 0.0782207 0.0837646
2 0.860485 0.574353 0.105197 0.0723996
7 0.962409 0.65506 0.074474 0.160204
3 0.136313 0.687496 0.038474 0.085168
2 0.0246878 0.636108 0.0417282 0.0633681
7 0.490662 0.579555 0.07761 0.0803915
0 0.136619 0.646823 0.0349738 0.106604
7 0.203082 0.593645 0.0617371 0.0826677
2 0.433361 0.580739 0.0481622 0.0437102
7 0.0943556 0.580011 0.0670483 0.148524
7 0.0932399 0.607514 0.0651549 0.0936588
2 0.336756 0.582038 0.0292825 0.0282547
2 0.39053 0.581805 0.0550048 0.0413457
2 0.203162 0.593364 0.0600619 0.0799683
7 0.142211 0.585393 0.0452333 0.0572279
0 0.954647 0.557694 0.0164776 0.0485547
2 0.377759 0.583547 0.0551957 0.0423882
2 0.365564 0.585125 0.0373401 0.036024
2 0.00504712 0.604419 0.00998854 0.0427623
7 0.931653 0.541388 0.135903 0.117191
2 0.543815 0.578146 0.0324444 0.0420951
2 0.537901 0.578507 0.0221872 0.0423197
2 0.408048 0.581224 0.0317226 0.0395435
2 0.551124 0.580056 0.0205398 0.0341226
7 0.279939 0.586949 0.0488094 0.0531379
2 0.73907 0.593898 0.13608 0.0759187
2 0.065215 0.650651 0.072654 0.0889742
2 0.172895 0.622325 0.0538631 0.0610075
2 0.30144 0.620722 0.0782207 0.0837646
2 0.860485 0.574353 0.105197 0.0723996
7 0.962409 0.65506 0.074474 0.160204
3 0.136313 0.687496 0.038474 0.085168
2 0.0246878 0.636108 0.0417282 0.0633681
7 0.490662 0.579555 0.07761 0.0803915
0 0.136619 0.646823 0.0349738 0.106604
7 0.203082 0.593645 0.0617371 0.0826677
2 0.433361 0.580739 0.0481622 0.0437102
7 0.0943556 0.580011 0.0670483 0.148524
7 0.0932399 0.607514 0.0651549 0.0936588
2 0.336756 0.582038 0.0292825 0.0282547
2 0.39053 0.581805 0.0550048 0.0413457
2 0.203162 0.593364 0.0600619 0.0799683
7 0.142211 0.585393 0.0452333 0.0572279
0 0.954647 0.557694 0.0164776 0.0485547
2 0.377759 0.583547 0.0551957 0.0423882
2 0.365564 0.585125 0.0373401 0.036024
2 0.00504712 0.604419 0.00998854 0.0427623
7 0.931653 0.541388 0.135903 0.117191
2 0.543815 0.578146 0.0324444 0.0420951
2 0.537901 0.578507 0.0221872 0.0423197
2 0.408048 0.581224 0.0317226 0.0395435
2 0.551124 0.580056 0.0205398 0.0341226
7 0.279939 0.586949 0.0488094 0.0531379
2 0.73907 0.593898 0.13608 0.0759187
2 0.065215 0.650651 0.072654 0.0889742
2 0.172895 0.622325 0.0538631 0.0610075
2 0.30144 0.620722 0.0782207 0.0837646
2 0.860485 0.574353 0.105197 0.0723996
7 0.962409 0.65506 0.074474 0.160204
3 0.136313 0.687496 0.038474 0.085168
2 0.0246878 0.636108 0.0417282 0.0633681
7 0.490662 0.579555 0.07761 0.0803915
0 0.136619 0.646823 0.0349738 0.106604
7 0.203082 0.593645 0.0617371 0.0826677
2 0.433361 0.580739 0.0481622 0.0437102
7 0.0943556 0.580011 0.0670483 0.148524
7 0.0932399 0.607514 0.0651549 0.0936588
2 0.336756 0.582038 0.0292825 0.0282547
2 0.39053 0.581805 0.0550048 0.0413457
2 0.203162 0.593364 0.0600619 0.0799683
7 0.142211 0.585393 0.0452333 0.0572279
0 0.954647 0.557694 0.0164776 0.0485547
2 0.377759 0.583547 0.0551957 0.0423882
2 0.365564 0.585125 0.0373401 0.036024
2 0.00504712 0.604419 0.00998854 0.0427623
7 0.931653 0.541388 0.135903 0.117191
2 0.543815 0.578146 0.0324444 0.0420951
2 0.537901 0.578507 0.0221872 0.0423197
2 0.408048 0.581224 0.0317226 0.0395435
2 0.551124 0.580056 0.0205398 0.0341226
7 0.279939 0.586949 0.0488094 0.0531379
2 0.73907 0.593898 0.13608 0.0759187
2 0.065215 0.650651 0.072654 0.0889742
2 0.172895 0.622325 0.0538631 0.0610075
2 0.30144 0.620722 0.0782207 0.0837646
2 0.860485 0.574353 0.105197 0.0723996
7 0.962409 0.65506 0.074474 0.160204
3 0.136313 0.687496 0.038474 0.085168
2 0.0246878 0.636108 0.0417282 0.0633681
7 0.490662 0.579555 0.07761 0.0803915
0 0.136619 0.646823 0.0349738 0.106604
7 0.203082 0.593645 0.0617371 0.0826677
2 0.433361 0.580739 0.0481622 0.0437102
7 0.0943556 0.580011 0.0670483 0.148524
7 0.0932399 0.607514 0.0651549 0.0936588
2 0.336756 0.582038 0.0292825 0.0282547
2 0.39053 0.581805 0.0550048 0.0413457
2 0.203162 0.593364 0.0600619 0.0799683
7 0.142211 0.585393 0.0452333 0.0572279
0 0.954647 0.557694 0.0164776 0.0485547
2 0.377759 0.583547 0.0551957 0.0423882
2 0.365564 0.585125 0.0373401 0.036024
2 0.00504712 0.604419 0.00998854 0.0427623
7 0.931653 0.541388 0.135903 0.117191
2 0.543815 0.578146 0.0324444 0.0420951
2 0.537901 0.578507 0.0221872 0.0423197
2 0.408048 0.581224 0.0317226 0.0395435
2 0.551124 0.580056 0.0205398 0.0341226
7 0.279939 0.586949 0.0488094 0.0531379
2 0.739246 0.59388 0.135499 0.0759716
2 0.0637864 0.651296 0.071001 0.0885483
2 0.300689 0.620839 0.0779504 0.0839976
2 0.858722 0.573724 0.103185 0.0734301
7 0.490427 0.580128 0.0777647 0.0796939
2 0.171885 0.622839 0.0555144 0.0611279
2 0.0243821 0.636382 0.0415488 0.0640543
7 0.962483 0.655067 0.0742046 0.159404
3 0.136409 0.687496 0.0381435 0.0850462
0 0.136238 0.645565 0.0313808 0.099549
7 0.20327 0.592527 0.060452 0.080869
2 0.429362 0.581964 0.0558365 0.0446013
2 0.544485 0.578933 0.0340557 0.0402562
7 0.0934763 0.6082 0.065 0.0946546
7 0.142022 0.586895 0.0441299 0.056824
2 0.739246 0.59388 0.135499 0.0759716
2 0.0637864 0.651296 0.071001 0.0885483
2 0.300689 0.620839 0.0779504 0.0839976
2 0.858722 0.573724 0.103185 0.0734301
7 0.490427 0.580128 0.0777647 0.0796939
2 0.171885 0.622839 0.0555144 0.0611279
2 0.0243821 0.636382 0.0415488 0.0640543
7 0.962483 0.655067 0.0742046 0.159404
3 0.136409 0.687496 0.0381435 0.0850462
0 0.136238 0.645565 0.0313808 0.099549
7 0.20327 0.592527 0.060452 0.080869
2 0.429362 0.581964 0.0558365 0.0446013
2 0.544485 0.578933 0.0340557 0.0402562
7 0.0934763 0.6082 0.065 0.0946546
7 0.142022 0.586895 0.0441299 0.056824
