2 0.593618 0.650958 0.181165 0.172591
2 0.360988 0.628372 0.0911098 0.109674
2 0.922766 0.592212 0.153013 0.17249
2 0.155374 0.62131 0.060257 0.0783396
2 0.493925 0.590385 0.09467 0.101575
7 0.378087 0.576922 0.0919409 0.130024
2 0.0191576 0.603617 0.0374853 0.0707995
2 0.0632917 0.61978 0.0489894 0.0913849
0 0.214471 0.640887 0.0260497 0.137087
2 0.662035 0.57247 0.145451 0.117525
7 0.661877 0.573122 0.143673 0.117405
1 0.215346 0.67548 0.022418 0.0947154
2 0.124884 0.603863 0.0262162 0.0456153
2 0.311643 0.574247 0.0460376 0.0662668
0 0.824425 0.551305 0.0133841 0.053998
7 0.311695 0.574013 0.0457131 0.0663071
2 0.552263 0.552589 0.0376976 0.0363334
2 0.563094 0.551811 0.0590935 0.0385501
2 0.21711 0.595864 0.0302477 0.0497969
2 0.582609 0.548422 0.0295006 0.0361343
2 0.276057 0.565458 0.0183572 0.0242959
2 0.170728 0.577163 0.0192502 0.0238725
2 0.18274 0.584921 0.0160449 0.0300758
7 0.30637 0.520149 0.0497911 0.0735103
2 0.425565 0.563887 0.0208866 0.0264894
2 0.229811 0.598669 0.0156134 0.0415941
2 0.229884 0.588065 0.0162775 0.0333251
2 0.240786 0.576072 0.0146414 0.0176405
2 0.593618 0.650958 0.181165 0.172591
2 0.360988 0.628372 0.0911098 0.109674
2 0.922766 0.592212 0.153013 0.17249
2 0.155374 0.62131 0.060257 0.0783396
2 0.493925 0.590385 0.09467 0.101575
7 0.378087 0.576922 0.0919409 0.130024
2 0.0191576 0.603617 0.0374853 0.0707995
2 0.0632917 0.61978 0.0489894 0.0913849
0 0.214471 0.640887 0.0260497 0.137087
2 0.662035 0.57247 0.145451 0.117525
7 0.661877 0.573122 0.143673 0.117405
1 0.215346 0.67548 0.022418 0.0947154
2 0.124884 0.603863 0.0262162 0.0456153
2 0.311643 0.574247 0.0460376 0.0662668
0 0.824425 0.551305 0.0133841 0.053998
7 0.311695 0.574013 0.0457131 0.0663071
2 0.552263 0.552589 0.0376976 0.0363334
2 0.563094 0.551811 0.0590935 0.0385501
2 0.21711 0.595864 0.0302477 0.0497969
2 0.582609 0.548422 0.0295006 0.0361343
2 0.276057 0.565458 0.0183572 0.0242959
2 0.170728 0.577163 0.0192502 0.0238725
2 0.18274 0.584921 0.0160449 0.0300758
7 0.30637 0.520149 0.0497911 0.0735103
2 0.425565 0.563887 0.0208866 0.0264894
2 0.229811 0.598669 0.0156134 0.0415941
2 0.229884 0.588065 0.0162775 0.0333251
2 0.240786 0.576072 0.0146414 0.0176405
2 0.593618 0.650958 0.181165 0.172591
2 0.360988 0.628372 0.0911098 0.109674
2 0.922766 0.592212 0.153013 0.17249
2 0.155374 0.62131 0.060257 0.0783396
2 0.493925 0.590385 0.09467 0.101575
7 0.378087 0.576922 0.0919409 0.130024
2 0.0191576 0.603617 0.0374853 0.0707995
2 0.0632917 0.61978 0.0489894 0.0913849
0 0.214471 0.640887 0.0260497 0.137087
2 0.662035 0.57247 0.145451 0.117525
7 0.661877 0.573122 0.143673 0.117405
1 0.215346 0.67548 0.022418 0.0947154
2 0.124884 0.603863 0.0262162 0.0456153
2 0.311643 0.574247 0.0460376 0.0662668
0 0.824425 0.551305 0.0133841 0.053998
7 0.311695 0.574013 0.0457131 0.0663071
2 0.552263 0.552589 0.0376976 0.0363334
2 0.563094 0.551811 0.0590935 0.0385501
2 0.21711 0.595864 0.0302477 0.0497969
2 0.582609 0.548422 0.0295006 0.0361343
2 0.276057 0.565458 0.0183572 0.0242959
2 0.170728 0.577163 0.0192502 0.0238725
2 0.18274 0.584921 0.0160449 0.0300758
7 0.30637 0.520149 0.0497911 0.0735103
2 0.425565 0.563887 0.0208866 0.0264894
2 0.229811 0.598669 0.0156134 0.0415941
2 0.229884 0.588065 0.0162775 0.0333251
2 0.240786 0.576072 0.0146414 0.0176405
2 0.593618 0.650958 0.181165 0.172591
2 0.360988 0.628372 0.0911098 0.109674
2 0.922766 0.592212 0.153013 0.17249
2 0.155374 0.62131 0.060257 0.0783396
2 0.493925 0.590385 0.09467 0.101575
7 0.378087 0.576922 0.0919409 0.130024
2 0.0191576 0.603617 0.0374853 0.0707995
2 0.0632917 0.61978 0.0489894 0.0913849
0 0.214471 0.640887 0.0260497 0.137087
2 0.662035 0.57247 0.145451 0.117525
7 0.661877 0.573122 0.143673 0.117405
1 0.215346 0.67548 0.022418 0.0947154
2 0.124884 0.603863 0.0262162 0.0456153
2 0.311643 0.574247 0.0460376 0.0662668
0 0.824425 0.551305 0.0133841 0.053998
7 0.311695 0.574013 0.0457131 0.0663071
2 0.552263 0.552589 0.0376976 0.0363334
2 0.563094 0.551811 0.0590935 0.0385501
2 0.21711 0.595864 0.0302477 0.0497969
2 0.582609 0.548422 0.0295006 0.0361343
2 0.276057 0.565458 0.0183572 0.0242959
2 0.170728 0.577163 0.0192502 0.0238725
2 0.18274 0.584921 0.0160449 0.0300758
7 0.30637 0.520149 0.0497911 0.0735103
2 0.425565 0.563887 0.0208866 0.0264894
2 0.229811 0.598669 0.0156134 0.0415941
2 0.229884 0.588065 0.0162775 0.0333251
2 0.240786 0.576072 0.0146414 0.0176405
