2 0.180561 0.659211 0.100403 0.12176
2 0.514815 0.621774 0.131712 0.126442
2 0.290875 0.61752 0.0747274 0.0762898
3 0.361471 0.723023 0.0737022 0.164931
2 0.112108 0.634733 0.0578232 0.0815623
2 0.908593 0.564721 0.107463 0.0749449
0 0.363976 0.662272 0.0575591 0.174114
2 0.0407335 0.611831 0.0300366 0.0369438
0 0.0177792 0.654637 0.0257681 0.125273
7 0.29908 0.579558 0.0709623 0.0877023
2 0.5667 0.570242 0.0434954 0.0337468
7 0.195339 0.600608 0.0891887 0.116051
2 0.378532 0.573578 0.0296062 0.0250576
0 0.759843 0.57237 0.0139699 0.0594499
7 0.440244 0.573185 0.059169 0.0675798
2 0.405626 0.575659 0.0252622 0.0329207
2 0.0985268 0.602822 0.0323821 0.0427734
7 0.0590474 0.595618 0.0279802 0.0501777
3 0.0165972 0.682154 0.0251537 0.0769022
2 0.440544 0.573071 0.0593258 0.0670771
2 0.142588 0.596593 0.0210613 0.0358332
2 0.0778665 0.598469 0.0149855 0.0306759
2 0.339608 0.580757 0.0207666 0.0222933
2 0.353252 0.580039 0.013819 0.0180003
5 0.462211 0.510454 0.0646898 0.0869618
2 0.180561 0.659211 0.100403 0.12176
2 0.514815 0.621774 0.131712 0.126442
2 0.290875 0.61752 0.0747274 0.0762898
3 0.361471 0.723023 0.0737022 0.164931
2 0.112108 0.634733 0.0578232 0.0815623
2 0.908593 0.564721 0.107463 0.0749449
0 0.363976 0.662272 0.0575591 0.174114
2 0.0407335 0.611831 0.0300366 0.0369438
0 0.0177792 0.654637 0.0257681 0.125273
7 0.29908 0.579558 0.0709623 0.0877023
2 0.5667 0.570242 0.0434954 0.0337468
7 0.195339 0.600608 0.0891887 0.116051
2 0.378532 0.573578 0.0296062 0.0250576
0 0.759843 0.57237 0.0139699 0.0594499
7 0.440244 0.573185 0.059169 0.0675798
2 0.405626 0.575659 0.0252622 0.0329207
2 0.0985268 0.602822 0.0323821 0.0427734
7 0.0590474 0.595618 0.0279802 0.0501777
3 0.0165972 0.682154 0.0251537 0.0769022
2 0.440544 0.573071 0.0593258 0.0670771
2 0.142588 0.596593 0.0210613 0.0358332
2 0.0778665 0.598469 0.0149855 0.0306759
2 0.339608 0.580757 0.0207666 0.0222933
2 0.353252 0.580039 0.013819 0.0180003
5 0.462211 0.510454 0.0646898 0.0869618
2 0.180561 0.659211 0.100403 0.12176
2 0.514815 0.621774 0.131712 0.126442
2 0.290875 0.61752 0.0747274 0.0762898
3 0.361471 0.723023 0.0737022 0.164931
2 0.112108 0.634733 0.0578232 0.0815623
2 0.908593 0.564721 0.107463 0.0749449
0 0.363976 0.662272 0.0575591 0.174114
2 0.0407335 0.611831 0.0300366 0.0369438
0 0.0177792 0.654637 0.0257681 0.125273
7 0.29908 0.579558 0.0709623 0.0877023
2 0.5667 0.570242 0.0434954 0.0337468
7 0.195339 0.600608 0.0891887 0.116051
2 0.378532 0.573578 0.0296062 0.0250576
0 0.759843 0.57237 0.0139699 0.0594499
7 0.440244 0.573185 0.059169 0.0675798
2 0.405626 0.575659 0.0252622 0.0329207
2 0.0985268 0.602822 0.0323821 0.0427734
7 0.0590474 0.595618 0.0279802 0.0501777
3 0.0165972 0.682154 0.0251537 0.0769022
2 0.440544 0.573071 0.0593258 0.0670771
2 0.142588 0.596593 0.0210613 0.0358332
2 0.0778665 0.598469 0.0149855 0.0306759
2 0.339608 0.580757 0.0207666 0.0222933
2 0.353252 0.580039 0.013819 0.0180003
5 0.462211 0.510454 0.0646898 0.0869618
2 0.180561 0.659211 0.100403 0.12176
2 0.514815 0.621774 0.131712 0.126442
2 0.290875 0.61752 0.0747274 0.0762898
3 0.361471 0.723023 0.0737022 0.164931
2 0.112108 0.634733 0.0578232 0.0815623
2 0.908593 0.564721 0.107463 0.0749449
0 0.363976 0.662272 0.0575591 0.174114
2 0.0407335 0.611831 0.0300366 0.0369438
0 0.0177792 0.654637 0.0257681 0.125273
7 0.29908 0.579558 0.0709623 0.0877023
2 0.5667 0.570242 0.0434954 0.0337468
7 0.195339 0.600608 0.0891887 0.116051
2 0.378532 0.573578 0.0296062 0.0250576
0 0.759843 0.57237 0.0139699 0.0594499
7 0.440244 0.573185 0.059169 0.0675798
2 0.405626 0.575659 0.0252622 0.0329207
2 0.0985268 0.602822 0.0323821 0.0427734
7 0.0590474 0.595618 0.0279802 0.0501777
3 0.0165972 0.682154 0.0251537 0.0769022
2 0.440544 0.573071 0.0593258 0.0670771
2 0.142588 0.596593 0.0210613 0.0358332
2 0.0778665 0.598469 0.0149855 0.0306759
2 0.339608 0.580757 0.0207666 0.0222933
2 0.353252 0.580039 0.013819 0.0180003
5 0.462211 0.510454 0.0646898 0.0869618
2 0.180561 0.659211 0.100403 0.12176
2 0.514815 0.621774 0.131712 0.126442
2 0.290875 0.61752 0.0747274 0.0762898
3 0.361471 0.723023 0.0737022 0.164931
2 0.112108 0.634733 0.0578232 0.0815623
2 0.908593 0.564721 0.107463 0.0749449
0 0.363976 0.662272 0.0575591 0.174114
2 0.0407335 0.611831 0.0300366 0.0369438
0 0.0177792 0.654637 0.0257681 0.125273
7 0.29908 0.579558 0.0709623 0.0877023
2 0.5667 0.570242 0.0434954 0.0337468
7 0.195339 0.600608 0.0891887 0.116051
2 0.378532 0.573578 0.0296062 0.0250576
0 0.759843 0.57237 0.0139699 0.0594499
7 0.440244 0.573185 0.059169 0.0675798
2 0.405626 0.575659 0.0252622 0.0329207
2 0.0985268 0.602822 0.0323821 0.0427734
7 0.0590474 0.595618 0.0279802 0.0501777
3 0.0165972 0.682154 0.0251537 0.0769022
2 0.440544 0.573071 0.0593258 0.0670771
2 0.142588 0.596593 0.0210613 0.0358332
2 0.0778665 0.598469 0.0149855 0.0306759
2 0.339608 0.580757 0.0207666 0.0222933
2 0.353252 0.580039 0.013819 0.0180003
5 0.462211 0.510454 0.0646898 0.0869618
2 0.180561 0.659211 0.100403 0.12176
2 0.514815 0.621774 0.131712 0.126442
2 0.290875 0.61752 0.0747274 0.0762898
3 0.361471 0.723023 0.0737022 0.164931
2 0.112108 0.634733 0.0578232 0.0815623
2 0.908593 0.564721 0.107463 0.0749449
0 0.363976 0.662272 0.0575591 0.174114
2 0.0407335 0.611831 0.0300366 0.0369438
0 0.0177792 0.654637 0.0257681 0.125273
7 0.29908 0.579558 0.0709623 0.0877023
2 0.5667 0.570242 0.0434954 0.0337468
7 0.195339 0.600608 0.0891887 0.116051
2 0.378532 0.573578 0.0296062 0.0250576
0 0.759843 0.57237 0.0139699 0.0594499
7 0.440244 0.573185 0.059169 0.0675798
2 0.405626 0.575659 0.0252622 0.0329207
2 0.0985268 0.602822 0.0323821 0.0427734
7 0.0590474 0.595618 0.0279802 0.0501777
3 0.0165972 0.682154 0.0251537 0.0769022
2 0.440544 0.573071 0.0593258 0.0670771
2 0.142588 0.596593 0.0210613 0.0358332
2 0.0778665 0.598469 0.0149855 0.0306759
2 0.339608 0.580757 0.0207666 0.0222933
2 0.353252 0.580039 0.013819 0.0180003
5 0.462211 0.510454 0.0646898 0.0869618
2 0.180561 0.659211 0.100403 0.12176
2 0.514815 0.621774 0.131712 0.126442
2 0.290875 0.61752 0.0747274 0.0762898
3 0.361471 0.723023 0.0737022 0.164931
2 0.112108 0.634733 0.0578232 0.0815623
2 0.908593 0.564721 0.107463 0.0749449
0 0.363976 0.662272 0.0575591 0.174114
2 0.0407335 0.611831 0.0300366 0.0369438
0 0.0177792 0.654637 0.0257681 0.125273
7 0.29908 0.579558 0.0709623 0.0877023
2 0.5667 0.570242 0.0434954 0.0337468
7 0.195339 0.600608 0.0891887 0.116051
2 0.378532 0.573578 0.0296062 0.0250576
0 0.759843 0.57237 0.0139699 0.0594499
7 0.440244 0.573185 0.059169 0.0675798
2 0.405626 0.575659 0.0252622 0.0329207
2 0.0985268 0.602822 0.0323821 0.0427734
7 0.0590474 0.595618 0.0279802 0.0501777
3 0.0165972 0.682154 0.0251537 0.0769022
2 0.440544 0.573071 0.0593258 0.0670771
2 0.142588 0.596593 0.0210613 0.0358332
2 0.0778665 0.598469 0.0149855 0.0306759
2 0.339608 0.580757 0.0207666 0.0222933
2 0.353252 0.580039 0.013819 0.0180003
5 0.462211 0.510454 0.0646898 0.0869618
2 0.180561 0.659211 0.100403 0.12176
2 0.514815 0.621774 0.131712 0.126442
2 0.290875 0.61752 0.0747274 0.0762898
3 0.361471 0.723023 0.0737022 0.164931
2 0.112108 0.634733 0.0578232 0.0815623
2 0.908593 0.564721 0.107463 0.0749449
0 0.363976 0.662272 0.0575591 0.174114
2 0.0407335 0.611831 0.0300366 0.0369438
0 0.0177792 0.654637 0.0257681 0.125273
7 0.29908 0.579558 0.0709623 0.0877023
2 0.5667 0.570242 0.0434954 0.0337468
7 0.195339 0.600608 0.0891887 0.116051
2 0.378532 0.573578 0.0296062 0.0250576
0 0.759843 0.57237 0.0139699 0.0594499
7 0.440244 0.573185 0.059169 0.0675798
2 0.405626 0.575659 0.0252622 0.0329207
2 0.0985268 0.602822 0.0323821 0.0427734
7 0.0590474 0.595618 0.0279802 0.0501777
3 0.0165972 0.682154 0.0251537 0.0769022
2 0.440544 0.573071 0.0593258 0.0670771
2 0.142588 0.596593 0.0210613 0.0358332
2 0.0778665 0.598469 0.0149855 0.0306759
2 0.339608 0.580757 0.0207666 0.0222933
2 0.353252 0.580039 0.013819 0.0180003
5 0.462211 0.510454 0.0646898 0.0869618
2 0.180561 0.659211 0.100403 0.12176
2 0.514815 0.621774 0.131712 0.126442
2 0.290875 0.61752 0.0747274 0.0762898
3 0.361471 0.723023 0.0737022 0.164931
2 0.112108 0.634733 0.0578232 0.0815623
2 0.908593 0.564721 0.107463 0.0749449
0 0.363976 0.662272 0.0575591 0.174114
2 0.0407335 0.611831 0.0300366 0.0369438
0 0.0177792 0.654637 0.0257681 0.125273
7 0.29908 0.579558 0.0709623 0.0877023
2 0.5667 0.570242 0.0434954 0.0337468
7 0.195339 0.600608 0.0891887 0.116051
2 0.378532 0.573578 0.0296062 0.0250576
0 0.759843 0.57237 0.0139699 0.0594499
7 0.440244 0.573185 0.059169 0.0675798
2 0.405626 0.575659 0.0252622 0.0329207
2 0.0985268 0.602822 0.0323821 0.0427734
7 0.0590474 0.595618 0.0279802 0.0501777
3 0.0165972 0.682154 0.0251537 0.0769022
2 0.440544 0.573071 0.0593258 0.0670771
2 0.142588 0.596593 0.0210613 0.0358332
2 0.0778665 0.598469 0.0149855 0.0306759
2 0.339608 0.580757 0.0207666 0.0222933
2 0.353252 0.580039 0.013819 0.0180003
5 0.462211 0.510454 0.0646898 0.0869618
2 0.180561 0.659211 0.100403 0.12176
2 0.514815 0.621774 0.131712 0.126442
2 0.290875 0.61752 0.0747274 0.0762898
3 0.361471 0.723023 0.0737022 0.164931
2 0.112108 0.634733 0.0578232 0.0815623
2 0.908593 0.564721 0.107463 0.0749449
0 0.363976 0.662272 0.0575591 0.174114
2 0.0407335 0.611831 0.0300366 0.0369438
0 0.0177792 0.654637 0.0257681 0.125273
7 0.29908 0.579558 0.0709623 0.0877023
2 0.5667 0.570242 0.0434954 0.0337468
7 0.195339 0.600608 0.0891887 0.116051
2 0.378532 0.573578 0.0296062 0.0250576
0 0.759843 0.57237 0.0139699 0.0594499
7 0.440244 0.573185 0.059169 0.0675798
2 0.405626 0.575659 0.0252622 0.0329207
2 0.0985268 0.602822 0.0323821 0.0427734
7 0.0590474 0.595618 0.0279802 0.0501777
3 0.0165972 0.682154 0.0251537 0.0769022
2 0.440544 0.573071 0.0593258 0.0670771
2 0.142588 0.596593 0.0210613 0.0358332
2 0.0778665 0.598469 0.0149855 0.0306759
2 0.339608 0.580757 0.0207666 0.0222933
2 0.353252 0.580039 0.013819 0.0180003
5 0.462211 0.510454 0.0646898 0.0869618
2 0.180561 0.659211 0.100403 0.12176
2 0.514815 0.621774 0.131712 0.126442
2 0.290875 0.61752 0.0747274 0.0762898
3 0.361471 0.723023 0.0737022 0.164931
2 0.112108 0.634733 0.0578232 0.0815623
2 0.908593 0.564721 0.107463 0.0749449
0 0.363976 0.662272 0.0575591 0.174114
2 0.0407335 0.611831 0.0300366 0.0369438
0 0.0177792 0.654637 0.0257681 0.125273
7 0.29908 0.579558 0.0709623 0.0877023
2 0.5667 0.570242 0.0434954 0.0337468
7 0.195339 0.600608 0.0891887 0.116051
2 0.378532 0.573578 0.0296062 0.0250576
0 0.759843 0.57237 0.0139699 0.0594499
7 0.440244 0.573185 0.059169 0.0675798
2 0.405626 0.575659 0.0252622 0.0329207
2 0.0985268 0.602822 0.0323821 0.0427734
7 0.0590474 0.595618 0.0279802 0.0501777
3 0.0165972 0.682154 0.0251537 0.0769022
2 0.440544 0.573071 0.0593258 0.0670771
2 0.142588 0.596593 0.0210613 0.0358332
2 0.0778665 0.598469 0.0149855 0.0306759
2 0.339608 0.580757 0.0207666 0.0222933
2 0.353252 0.580039 0.013819 0.0180003
5 0.462211 0.510454 0.0646898 0.0869618
2 0.514895 0.622418 0.130838 0.127035
2 0.90811 0.564112 0.107897 0.0750999
2 0.180006 0.658934 0.100503 0.12135
2 0.290685 0.61731 0.075167 0.0774451
2 0.111807 0.635144 0.0575733 0.0815672
3 0.361713 0.72264 0.0735184 0.166676
0 0.364215 0.666491 0.0570157 0.179885
0 0.0183172 0.658678 0.0242512 0.123354
7 0.44079 0.57446 0.0596884 0.0662304
2 0.0414614 0.613428 0.0290866 0.0357104
2 0.566716 0.571429 0.044009 0.0342382
7 0.298676 0.577743 0.0696811 0.0838662
7 0.0585599 0.594976 0.0274047 0.04931
7 0.194227 0.600071 0.0893995 0.11604
0 0.759453 0.571481 0.0134411 0.0570388
2 0.0984819 0.601608 0.0318182 0.0408656
2 0.140888 0.599412 0.0244062 0.0417716
2 0.514895 0.622418 0.130838 0.127035
2 0.90811 0.564112 0.107897 0.0750999
2 0.180006 0.658934 0.100503 0.12135
2 0.290685 0.61731 0.075167 0.0774451
2 0.111807 0.635144 0.0575733 0.0815672
3 0.361713 0.72264 0.0735184 0.166676
0 0.364215 0.666491 0.0570157 0.179885
0 0.0183172 0.658678 0.0242512 0.123354
7 0.44079 0.57446 0.0596884 0.0662304
2 0.0414614 0.613428 0.0290866 0.0357104
2 0.566716 0.571429 0.044009 0.0342382
7 0.298676 0.577743 0.0696811 0.0838662
7 0.0585599 0.594976 0.0274047 0.04931
7 0.194227 0.600071 0.0893995 0.11604
0 0.759453 0.571481 0.0134411 0.0570388
2 0.0984819 0.601608 0.0318182 0.0408656
2 0.140888 0.599412 0.0244062 0.0417716
2 0.514895 0.622418 0.130838 0.127035
2 0.90811 0.564112 0.107897 0.0750999
2 0.180006 0.658934 0.100503 0.12135
2 0.290685 0.61731 0.075167 0.0774451
2 0.111807 0.635144 0.0575733 0.0815672
3 0.361713 0.72264 0.0735184 0.166676
0 0.364215 0.666491 0.0570157 0.179885
0 0.0183172 0.658678 0.0242512 0.123354
7 0.44079 0.57446 0.0596884 0.0662304
2 0.0414614 0.613428 0.0290866 0.0357104
2 0.566716 0.571429 0.044009 0.0342382
7 0.298676 0.577743 0.0696811 0.0838662
7 0.0585599 0.594976 0.0274047 0.04931
7 0.194227 0.600071 0.0893995 0.11604
0 0.759453 0.571481 0.0134411 0.0570388
2 0.0984819 0.601608 0.0318182 0.0408656
2 0.140888 0.599412 0.0244062 0.0417716
2 0.514895 0.622418 0.130838 0.127035
2 0.90811 0.564112 0.107897 0.0750999
2 0.180006 0.658934 0.100503 0.12135
2 0.290685 0.61731 0.075167 0.0774451
2 0.111807 0.635144 0.0575733 0.0815672
3 0.361713 0.72264 0.0735184 0.166676
0 0.364215 0.666491 0.0570157 0.179885
0 0.0183172 0.658678 0.0242512 0.123354
7 0.44079 0.57446 0.0596884 0.0662304
2 0.0414614 0.613428 0.0290866 0.0357104
2 0.566716 0.571429 0.044009 0.0342382
7 0.298676 0.577743 0.0696811 0.0838662
7 0.0585599 0.594976 0.0274047 0.04931
7 0.194227 0.600071 0.0893995 0.11604
0 0.759453 0.571481 0.0134411 0.0570388
2 0.0984819 0.601608 0.0318182 0.0408656
2 0.140888 0.599412 0.0244062 0.0417716
2 0.514895 0.622418 0.130838 0.127035
2 0.90811 0.564112 0.107897 0.0750999
2 0.180006 0.658934 0.100503 0.12135
2 0.290685 0.61731 0.075167 0.0774451
2 0.111807 0.635144 0.0575733 0.0815672
3 0.361713 0.72264 0.0735184 0.166676
0 0.364215 0.666491 0.0570157 0.179885
0 0.0183172 0.658678 0.0242512 0.123354
7 0.44079 0.57446 0.0596884 0.0662304
2 0.0414614 0.613428 0.0290866 0.0357104
2 0.566716 0.571429 0.044009 0.0342382
7 0.298676 0.577743 0.0696811 0.0838662
7 0.0585599 0.594976 0.0274047 0.04931
7 0.194227 0.600071 0.0893995 0.11604
0 0.759453 0.571481 0.0134411 0.0570388
2 0.0984819 0.601608 0.0318182 0.0408656
2 0.140888 0.599412 0.0244062 0.0417716
2 0.514895 0.622418 0.130838 0.127035
2 0.90811 0.564112 0.107897 0.0750999
2 0.180006 0.658934 0.100503 0.12135
2 0.290685 0.61731 0.075167 0.0774451
2 0.111807 0.635144 0.0575733 0.0815672
3 0.361713 0.72264 0.0735184 0.166676
0 0.364215 0.666491 0.0570157 0.179885
0 0.0183172 0.658678 0.0242512 0.123354
7 0.44079 0.57446 0.0596884 0.0662304
2 0.0414614 0.613428 0.0290866 0.0357104
2 0.566716 0.571429 0.044009 0.0342382
7 0.298676 0.577743 0.0696811 0.0838662
7 0.0585599 0.594976 0.0274047 0.04931
7 0.194227 0.600071 0.0893995 0.11604
0 0.759453 0.571481 0.0134411 0.0570388
2 0.0984819 0.601608 0.0318182 0.0408656
2 0.140888 0.599412 0.0244062 0.0417716
2 0.514895 0.622418 0.130838 0.127035
2 0.90811 0.564112 0.107897 0.0750999
2 0.180006 0.658934 0.100503 0.12135
2 0.290685 0.61731 0.075167 0.0774451
2 0.111807 0.635144 0.0575733 0.0815672
3 0.361713 0.72264 0.0735184 0.166676
0 0.364215 0.666491 0.0570157 0.179885
0 0.0183172 0.658678 0.0242512 0.123354
7 0.44079 0.57446 0.0596884 0.0662304
2 0.0414614 0.613428 0.0290866 0.0357104
2 0.566716 0.571429 0.044009 0.0342382
7 0.298676 0.577743 0.0696811 0.0838662
7 0.0585599 0.594976 0.0274047 0.04931
7 0.194227 0.600071 0.0893995 0.11604
0 0.759453 0.571481 0.0134411 0.0570388
2 0.0984819 0.601608 0.0318182 0.0408656
2 0.140888 0.599412 0.0244062 0.0417716
2 0.514895 0.622418 0.130838 0.127035
2 0.90811 0.564112 0.107897 0.0750999
2 0.180006 0.658934 0.100503 0.12135
2 0.290685 0.61731 0.075167 0.0774451
2 0.111807 0.635144 0.0575733 0.0815672
3 0.361713 0.72264 0.0735184 0.166676
0 0.364215 0.666491 0.0570157 0.179885
0 0.0183172 0.658678 0.0242512 0.123354
7 0.44079 0.57446 0.0596884 0.0662304
2 0.0414614 0.613428 0.0290866 0.0357104
2 0.566716 0.571429 0.044009 0.0342382
7 0.298676 0.577743 0.0696811 0.0838662
7 0.0585599 0.594976 0.0274047 0.04931
7 0.194227 0.600071 0.0893995 0.11604
0 0.759453 0.571481 0.0134411 0.0570388
2 0.0984819 0.601608 0.0318182 0.0408656
2 0.140888 0.599412 0.0244062 0.0417716
2 0.40494 0.578607 0.0265711 0.0308314
2 0.377687 0.573755 0.0275835 0.0260433
2 0.399814 0.578992 0.0334705 0.0316906
