2 0.624619 0.586917 0.132196 0.113279
2 0.377939 0.619865 0.0860673 0.0935569
2 0.275266 0.612191 0.0580396 0.0730587
2 0.143109 0.625267 0.0601408 0.0808631
2 0.522919 0.573987 0.0833538 0.0884594
2 0.400041 0.586663 0.0641619 0.0715414
2 0.0123523 0.61051 0.0246711 0.0655201
2 0.050597 0.623851 0.0485691 0.0930252
2 0.436781 0.57891 0.047228 0.0615328
0 0.200655 0.644233 0.0239855 0.143331
7 0.302834 0.579936 0.0557845 0.0931063
2 0.466414 0.567783 0.0326809 0.038876
7 0.300934 0.56017 0.0594719 0.132935
2 0.113229 0.606832 0.0256178 0.0449782
1 0.201502 0.674672 0.0200299 0.0882419
2 0.170554 0.596939 0.0184891 0.0356905
0 0.992557 0.542578 0.0140196 0.065025
2 0.154932 0.581815 0.0192199 0.0227825
2 0.220078 0.580069 0.0216154 0.0257029
2 0.624619 0.586917 0.132196 0.113279
2 0.377939 0.619865 0.0860673 0.0935569
2 0.275266 0.612191 0.0580396 0.0730587
2 0.143109 0.625267 0.0601408 0.0808631
2 0.522919 0.573987 0.0833538 0.0884594
2 0.400041 0.586663 0.0641619 0.0715414
2 0.0123523 0.61051 0.0246711 0.0655201
2 0.050597 0.623851 0.0485691 0.0930252
2 0.436781 0.57891 0.047228 0.0615328
0 0.200655 0.644233 0.0239855 0.143331
7 0.302834 0.579936 0.0557845 0.0931063
2 0.466414 0.567783 0.0326809 0.038876
7 0.300934 0.56017 0.0594719 0.132935
2 0.113229 0.606832 0.0256178 0.0449782
1 0.201502 0.674672 0.0200299 0.0882419
2 0.170554 0.596939 0.0184891 0.0356905
0 0.992557 0.542578 0.0140196 0.065025
2 0.154932 0.581815 0.0192199 0.0227825
2 0.220078 0.580069 0.0216154 0.0257029
2 0.624619 0.586917 0.132196 0.113279
2 0.377939 0.619865 0.0860673 0.0935569
2 0.275266 0.612191 0.0580396 0.0730587
2 0.143109 0.625267 0.0601408 0.0808631
2 0.522919 0.573987 0.0833538 0.0884594
2 0.400041 0.586663 0.0641619 0.0715414
2 0.0123523 0.61051 0.0246711 0.0655201
2 0.050597 0.623851 0.0485691 0.0930252
2 0.436781 0.57891 0.047228 0.0615328
0 0.200655 0.644233 0.0239855 0.143331
7 0.302834 0.579936 0.0557845 0.0931063
2 0.466414 0.567783 0.0326809 0.038876
7 0.300934 0.56017 0.0594719 0.132935
2 0.113229 0.606832 0.0256178 0.0449782
1 0.201502 0.674672 0.0200299 0.0882419
2 0.170554 0.596939 0.0184891 0.0356905
0 0.992557 0.542578 0.0140196 0.065025
2 0.154932 0.581815 0.0192199 0.0227825
2 0.220078 0.580069 0.0216154 0.0257029
2 0.624619 0.586917 0.132196 0.113279
2 0.377939 0.619865 0.0860673 0.0935569
2 0.275266 0.612191 0.0580396 0.0730587
2 0.143109 0.625267 0.0601408 0.0808631
2 0.522919 0.573987 0.0833538 0.0884594
2 0.400041 0.586663 0.0641619 0.0715414
2 0.0123523 0.61051 0.0246711 0.0655201
2 0.050597 0.623851 0.0485691 0.0930252
2 0.436781 0.57891 0.047228 0.0615328
0 0.200655 0.644233 0.0239855 0.143331
7 0.302834 0.579936 0.0557845 0.0931063
2 0.466414 0.567783 0.0326809 0.038876
7 0.300934 0.56017 0.0594719 0.132935
2 0.113229 0.606832 0.0256178 0.0449782
1 0.201502 0.674672 0.0200299 0.0882419
2 0.170554 0.596939 0.0184891 0.0356905
0 0.992557 0.542578 0.0140196 0.065025
2 0.154932 0.581815 0.0192199 0.0227825
2 0.220078 0.580069 0.0216154 0.0257029
