2 0.319521 0.720844 0.309851 0.274529
7 0.848158 0.645926 0.30114 0.30687
2 0.469782 0.581497 0.0832249 0.0651098
2 0.0229357 0.604316 0.0455962 0.0501019
2 0.0688269 0.586703 0.0321897 0.0323747
2 0.138813 0.587159 0.0430997 0.0409408
5 0.809831 0.555497 0.378431 0.172463
0 0.54602 0.581378 0.013375 0.0609212
7 0.808557 0.556099 0.380329 0.166733
0 0.226903 0.577884 0.0190868 0.038026
2 0.271559 0.567561 0.0795905 0.041374
7 0.731908 0.558881 0.2222 0.165036
7 0.271821 0.568569 0.0786072 0.0441789
7 0.0272523 0.565082 0.0541581 0.0840828
0 0.104365 0.584433 0.0113694 0.0424835
2 0.319521 0.720844 0.309851 0.274529
7 0.848158 0.645926 0.30114 0.30687
2 0.469782 0.581497 0.0832249 0.0651098
2 0.0229357 0.604316 0.0455962 0.0501019
2 0.0688269 0.586703 0.0321897 0.0323747
2 0.138813 0.587159 0.0430997 0.0409408
5 0.809831 0.555497 0.378431 0.172463
0 0.54602 0.581378 0.013375 0.0609212
7 0.808557 0.556099 0.380329 0.166733
0 0.226903 0.577884 0.0190868 0.038026
2 0.271559 0.567561 0.0795905 0.041374
7 0.731908 0.558881 0.2222 0.165036
7 0.271821 0.568569 0.0786072 0.0441789
7 0.0272523 0.565082 0.0541581 0.0840828
0 0.104365 0.584433 0.0113694 0.0424835
2 0.319521 0.720844 0.309851 0.274529
7 0.848158 0.645926 0.30114 0.30687
2 0.469782 0.581497 0.0832249 0.0651098
2 0.0229357 0.604316 0.0455962 0.0501019
2 0.0688269 0.586703 0.0321897 0.0323747
2 0.138813 0.587159 0.0430997 0.0409408
5 0.809831 0.555497 0.378431 0.172463
0 0.54602 0.581378 0.013375 0.0609212
7 0.808557 0.556099 0.380329 0.166733
0 0.226903 0.577884 0.0190868 0.038026
2 0.271559 0.567561 0.0795905 0.041374
7 0.731908 0.558881 0.2222 0.165036
7 0.271821 0.568569 0.0786072 0.0441789
7 0.0272523 0.565082 0.0541581 0.0840828
0 0.104365 0.584433 0.0113694 0.0424835
2 0.319521 0.720844 0.309851 0.274529
7 0.848158 0.645926 0.30114 0.30687
2 0.469782 0.581497 0.0832249 0.0651098
2 0.0229357 0.604316 0.0455962 0.0501019
2 0.0688269 0.586703 0.0321897 0.0323747
2 0.138813 0.587159 0.0430997 0.0409408
5 0.809831 0.555497 0.378431 0.172463
0 0.54602 0.581378 0.013375 0.0609212
7 0.808557 0.556099 0.380329 0.166733
0 0.226903 0.577884 0.0190868 0.038026
2 0.271559 0.567561 0.0795905 0.041374
7 0.731908 0.558881 0.2222 0.165036
7 0.271821 0.568569 0.0786072 0.0441789
7 0.0272523 0.565082 0.0541581 0.0840828
0 0.104365 0.584433 0.0113694 0.0424835
