7 0.689156 0.522496 0.613934 0.621522
7 0.121197 0.700354 0.242315 0.505809
2 0.847659 0.131914 0.235882 0.0802495
7 0.0865775 0.167876 0.172899 0.156085
2 0.266756 0.252602 0.236846 0.122139
2 0.406154 0.127547 0.152413 0.0750588
2 0.226238 0.0220982 0.121678 0.0440517
2 0.719347 0.0670012 0.142347 0.0635017
2 0.630765 0.197672 0.190511 0.045708
2 0.17054 0.0772775 0.144284 0.0649512
2 0.384729 0.0869942 0.137389 0.0655831
2 0.196342 0.44465 0.329645 0.159411
2 0.682315 0.041828 0.119385 0.0583162
7 0.416476 0.0389458 0.133827 0.0771506
2 0.608011 0.022969 0.110863 0.0457885
2 0.707632 0.010711 0.0915848 0.021422
7 0.915772 0.238135 0.168455 0.202583
7 0.612225 0.0226891 0.116854 0.0452337
2 0.666 0.989013 0.663765 0.0213697
5 0.916033 0.237369 0.167933 0.202449
7 0.689156 0.522496 0.613934 0.621522
7 0.121197 0.700354 0.242315 0.505809
2 0.847659 0.131914 0.235882 0.0802495
7 0.0865775 0.167876 0.172899 0.156085
2 0.266756 0.252602 0.236846 0.122139
2 0.406154 0.127547 0.152413 0.0750588
2 0.226238 0.0220982 0.121678 0.0440517
2 0.719347 0.0670012 0.142347 0.0635017
2 0.630765 0.197672 0.190511 0.045708
2 0.17054 0.0772775 0.144284 0.0649512
2 0.384729 0.0869942 0.137389 0.0655831
2 0.196342 0.44465 0.329645 0.159411
2 0.682315 0.041828 0.119385 0.0583162
7 0.416476 0.0389458 0.133827 0.0771506
2 0.608011 0.022969 0.110863 0.0457885
2 0.707632 0.010711 0.0915848 0.021422
7 0.915772 0.238135 0.168455 0.202583
7 0.612225 0.0226891 0.116854 0.0452337
2 0.666 0.989013 0.663765 0.0213697
5 0.916033 0.237369 0.167933 0.202449
7 0.689156 0.522496 0.613934 0.621522
7 0.121197 0.700354 0.242315 0.505809
2 0.847659 0.131914 0.235882 0.0802495
7 0.0865775 0.167876 0.172899 0.156085
2 0.266756 0.252602 0.236846 0.122139
2 0.406154 0.127547 0.152413 0.0750588
2 0.226238 0.0220982 0.121678 0.0440517
2 0.719347 0.0670012 0.142347 0.0635017
2 0.630765 0.197672 0.190511 0.045708
2 0.17054 0.0772775 0.144284 0.0649512
2 0.384729 0.0869942 0.137389 0.0655831
2 0.196342 0.44465 0.329645 0.159411
2 0.682315 0.041828 0.119385 0.0583162
7 0.416476 0.0389458 0.133827 0.0771506
2 0.608011 0.022969 0.110863 0.0457885
2 0.707632 0.010711 0.0915848 0.021422
7 0.915772 0.238135 0.168455 0.202583
7 0.612225 0.0226891 0.116854 0.0452337
2 0.666 0.989013 0.663765 0.0213697
5 0.916033 0.237369 0.167933 0.202449
7 0.689156 0.522496 0.613934 0.621522
7 0.121197 0.700354 0.242315 0.505809
2 0.847659 0.131914 0.235882 0.0802495
7 0.0865775 0.167876 0.172899 0.156085
2 0.266756 0.252602 0.236846 0.122139
2 0.406154 0.127547 0.152413 0.0750588
2 0.226238 0.0220982 0.121678 0.0440517
2 0.719347 0.0670012 0.142347 0.0635017
2 0.630765 0.197672 0.190511 0.045708
2 0.17054 0.0772775 0.144284 0.0649512
2 0.384729 0.0869942 0.137389 0.0655831
2 0.196342 0.44465 0.329645 0.159411
2 0.682315 0.041828 0.119385 0.0583162
7 0.416476 0.0389458 0.133827 0.0771506
2 0.608011 0.022969 0.110863 0.0457885
2 0.707632 0.010711 0.0915848 0.021422
7 0.915772 0.238135 0.168455 0.202583
7 0.612225 0.0226891 0.116854 0.0452337
2 0.666 0.989013 0.663765 0.0213697
5 0.916033 0.237369 0.167933 0.202449
