2 0.667708 0.270689 0.22488 0.0733288
2 0.739807 0.163592 0.203981 0.0865397
2 0.244944 0.308731 0.256884 0.141505
2 0.407425 0.159337 0.162387 0.0834384
7 0.657392 0.647197 0.683804 0.691694
2 0.120742 0.120914 0.169061 0.0753309
2 0.707294 0.0770778 0.148151 0.0696211
2 0.162427 0.550286 0.323193 0.192908
2 0.37032 0.106013 0.164026 0.0728941
2 0.203332 0.042026 0.140015 0.0565467
2 0.951914 0.281048 0.0947223 0.201161
2 0.705586 0.0404035 0.130932 0.0472742
7 0.421586 0.0492932 0.1421 0.0883346
2 0.722958 0.0137185 0.0867015 0.0274369
5 0.0484857 0.251299 0.095814 0.195236
2 0.618617 0.0272344 0.122306 0.0542137
7 0.0481764 0.251171 0.0955654 0.194674
2 0.0820688 0.811575 0.162867 0.374026
7 0.0815082 0.811368 0.163016 0.372627
0 0.0822045 0.210841 0.0308153 0.0206721
2 0.408247 0.0151244 0.106404 0.0302172
2 0.667708 0.270689 0.22488 0.0733288
2 0.739807 0.163592 0.203981 0.0865397
2 0.244944 0.308731 0.256884 0.141505
2 0.407425 0.159337 0.162387 0.0834384
7 0.657392 0.647197 0.683804 0.691694
2 0.120742 0.120914 0.169061 0.0753309
2 0.707294 0.0770778 0.148151 0.0696211
2 0.162427 0.550286 0.323193 0.192908
2 0.37032 0.106013 0.164026 0.0728941
2 0.203332 0.042026 0.140015 0.0565467
2 0.951914 0.281048 0.0947223 0.201161
2 0.705586 0.0404035 0.130932 0.0472742
7 0.421586 0.0492932 0.1421 0.0883346
2 0.722958 0.0137185 0.0867015 0.0274369
5 0.0484857 0.251299 0.095814 0.195236
2 0.618617 0.0272344 0.122306 0.0542137
7 0.0481764 0.251171 0.0955654 0.194674
2 0.0820688 0.811575 0.162867 0.374026
7 0.0815082 0.811368 0.163016 0.372627
0 0.0822045 0.210841 0.0308153 0.0206721
2 0.408247 0.0151244 0.106404 0.0302172
2 0.667708 0.270689 0.22488 0.0733288
2 0.739807 0.163592 0.203981 0.0865397
2 0.244944 0.308731 0.256884 0.141505
2 0.407425 0.159337 0.162387 0.0834384
7 0.657392 0.647197 0.683804 0.691694
2 0.120742 0.120914 0.169061 0.0753309
2 0.707294 0.0770778 0.148151 0.0696211
2 0.162427 0.550286 0.323193 0.192908
2 0.37032 0.106013 0.164026 0.0728941
2 0.203332 0.042026 0.140015 0.0565467
2 0.951914 0.281048 0.0947223 0.201161
2 0.705586 0.0404035 0.130932 0.0472742
7 0.421586 0.0492932 0.1421 0.0883346
2 0.722958 0.0137185 0.0867015 0.0274369
5 0.0484857 0.251299 0.095814 0.195236
2 0.618617 0.0272344 0.122306 0.0542137
7 0.0481764 0.251171 0.0955654 0.194674
2 0.0820688 0.811575 0.162867 0.374026
7 0.0815082 0.811368 0.163016 0.372627
0 0.0822045 0.210841 0.0308153 0.0206721
2 0.408247 0.0151244 0.106404 0.0302172
2 0.667708 0.270689 0.22488 0.0733288
2 0.739807 0.163592 0.203981 0.0865397
2 0.244944 0.308731 0.256884 0.141505
2 0.407425 0.159337 0.162387 0.0834384
7 0.657392 0.647197 0.683804 0.691694
2 0.120742 0.120914 0.169061 0.0753309
2 0.707294 0.0770778 0.148151 0.0696211
2 0.162427 0.550286 0.323193 0.192908
2 0.37032 0.106013 0.164026 0.0728941
2 0.203332 0.042026 0.140015 0.0565467
2 0.951914 0.281048 0.0947223 0.201161
2 0.705586 0.0404035 0.130932 0.0472742
7 0.421586 0.0492932 0.1421 0.0883346
2 0.722958 0.0137185 0.0867015 0.0274369
5 0.0484857 0.251299 0.095814 0.195236
2 0.618617 0.0272344 0.122306 0.0542137
7 0.0481764 0.251171 0.0955654 0.194674
2 0.0820688 0.811575 0.162867 0.374026
7 0.0815082 0.811368 0.163016 0.372627
0 0.0822045 0.210841 0.0308153 0.0206721
2 0.408247 0.0151244 0.106404 0.0302172
