2 0.17018 0.443263 0.325103 0.18705
2 0.755282 0.479928 0.305506 0.159963
2 0.698723 0.27187 0.242609 0.114717
2 0.403519 0.229142 0.200981 0.102453
2 0.0946362 0.877077 0.188245 0.244917
2 0.710678 0.10728 0.167423 0.0776681
2 0.125296 0.108956 0.176673 0.0778115
2 0.0411602 0.260151 0.0823204 0.109855
2 0.367794 0.154157 0.187274 0.088445
2 0.798476 0.0579978 0.127495 0.0676381
2 0.40921 0.0326194 0.120131 0.0628673
2 0.761042 0.013708 0.0967918 0.0272292
7 0.439785 0.0838351 0.158804 0.0957789
7 0.649313 0.03045 0.141103 0.0608031
2 0.439657 0.0832301 0.158078 0.0960472
2 0.17018 0.443263 0.325103 0.18705
2 0.755282 0.479928 0.305506 0.159963
2 0.698723 0.27187 0.242609 0.114717
2 0.403519 0.229142 0.200981 0.102453
2 0.0946362 0.877077 0.188245 0.244917
2 0.710678 0.10728 0.167423 0.0776681
2 0.125296 0.108956 0.176673 0.0778115
2 0.0411602 0.260151 0.0823204 0.109855
2 0.367794 0.154157 0.187274 0.088445
2 0.798476 0.0579978 0.127495 0.0676381
2 0.40921 0.0326194 0.120131 0.0628673
2 0.761042 0.013708 0.0967918 0.0272292
7 0.439785 0.0838351 0.158804 0.0957789
7 0.649313 0.03045 0.141103 0.0608031
2 0.439657 0.0832301 0.158078 0.0960472
2 0.17018 0.443263 0.325103 0.18705
2 0.755282 0.479928 0.305506 0.159963
2 0.698723 0.27187 0.242609 0.114717
2 0.403519 0.229142 0.200981 0.102453
2 0.0946362 0.877077 0.188245 0.244917
2 0.710678 0.10728 0.167423 0.0776681
2 0.125296 0.108956 0.176673 0.0778115
2 0.0411602 0.260151 0.0823204 0.109855
2 0.367794 0.154157 0.187274 0.088445
2 0.798476 0.0579978 0.127495 0.0676381
2 0.40921 0.0326194 0.120131 0.0628673
2 0.761042 0.013708 0.0967918 0.0272292
7 0.439785 0.0838351 0.158804 0.0957789
7 0.649313 0.03045 0.141103 0.0608031
2 0.439657 0.0832301 0.158078 0.0960472
2 0.17018 0.443263 0.325103 0.18705
2 0.755282 0.479928 0.305506 0.159963
2 0.698723 0.27187 0.242609 0.114717
2 0.403519 0.229142 0.200981 0.102453
2 0.0946362 0.877077 0.188245 0.244917
2 0.710678 0.10728 0.167423 0.0776681
2 0.125296 0.108956 0.176673 0.0778115
2 0.0411602 0.260151 0.0823204 0.109855
2 0.367794 0.154157 0.187274 0.088445
2 0.798476 0.0579978 0.127495 0.0676381
2 0.40921 0.0326194 0.120131 0.0628673
2 0.761042 0.013708 0.0967918 0.0272292
7 0.439785 0.0838351 0.158804 0.0957789
7 0.649313 0.03045 0.141103 0.0608031
2 0.439657 0.0832301 0.158078 0.0960472
