2 0.702497 0.238655 0.225799 0.106627
2 0.742726 0.422219 0.282377 0.145049
2 0.187173 0.408857 0.319159 0.169822
2 0.409287 0.210291 0.194774 0.0973371
2 0.118167 0.796116 0.234382 0.277427
2 0.0623712 0.214361 0.124456 0.0986854
2 0.375406 0.140675 0.163613 0.0858989
2 0.702915 0.0943487 0.150875 0.0750253
2 0.149776 0.0874908 0.162459 0.0722903
7 0.433432 0.0736149 0.153805 0.0919719
2 0.772777 0.0543911 0.131424 0.0663844
2 0.408798 0.0278105 0.118761 0.0551802
2 0.751069 0.0125924 0.0938263 0.0250696
2 0.643343 0.0286031 0.138578 0.0572062
2 0.433672 0.073003 0.153329 0.092858
2 0.750233 0.0167929 0.101003 0.0334613
2 0.702497 0.238655 0.225799 0.106627
2 0.742726 0.422219 0.282377 0.145049
2 0.187173 0.408857 0.319159 0.169822
2 0.409287 0.210291 0.194774 0.0973371
2 0.118167 0.796116 0.234382 0.277427
2 0.0623712 0.214361 0.124456 0.0986854
2 0.375406 0.140675 0.163613 0.0858989
2 0.702915 0.0943487 0.150875 0.0750253
2 0.149776 0.0874908 0.162459 0.0722903
7 0.433432 0.0736149 0.153805 0.0919719
2 0.772777 0.0543911 0.131424 0.0663844
2 0.408798 0.0278105 0.118761 0.0551802
2 0.751069 0.0125924 0.0938263 0.0250696
2 0.643343 0.0286031 0.138578 0.0572062
2 0.433672 0.073003 0.153329 0.092858
2 0.750233 0.0167929 0.101003 0.0334613
2 0.702497 0.238655 0.225799 0.106627
2 0.742726 0.422219 0.282377 0.145049
2 0.187173 0.408857 0.319159 0.169822
2 0.409287 0.210291 0.194774 0.0973371
2 0.118167 0.796116 0.234382 0.277427
2 0.0623712 0.214361 0.124456 0.0986854
2 0.375406 0.140675 0.163613 0.0858989
2 0.702915 0.0943487 0.150875 0.0750253
2 0.149776 0.0874908 0.162459 0.0722903
7 0.433432 0.0736149 0.153805 0.0919719
2 0.772777 0.0543911 0.131424 0.0663844
2 0.408798 0.0278105 0.118761 0.0551802
2 0.751069 0.0125924 0.0938263 0.0250696
2 0.643343 0.0286031 0.138578 0.0572062
2 0.433672 0.073003 0.153329 0.092858
2 0.750233 0.0167929 0.101003 0.0334613
2 0.702497 0.238655 0.225799 0.106627
2 0.742726 0.422219 0.282377 0.145049
2 0.187173 0.408857 0.319159 0.169822
2 0.409287 0.210291 0.194774 0.0973371
2 0.118167 0.796116 0.234382 0.277427
2 0.0623712 0.214361 0.124456 0.0986854
2 0.375406 0.140675 0.163613 0.0858989
2 0.702915 0.0943487 0.150875 0.0750253
2 0.149776 0.0874908 0.162459 0.0722903
7 0.433432 0.0736149 0.153805 0.0919719
2 0.772777 0.0543911 0.131424 0.0663844
2 0.408798 0.0278105 0.118761 0.0551802
2 0.751069 0.0125924 0.0938263 0.0250696
2 0.643343 0.0286031 0.138578 0.0572062
2 0.433672 0.073003 0.153329 0.092858
2 0.750233 0.0167929 0.101003 0.0334613
