7 0.673572 0.458906 0.561914 0.554695
7 0.134768 0.615211 0.269536 0.45429
7 0.0985418 0.134531 0.197084 0.144434
2 0.286049 0.225805 0.211243 0.115142
2 0.403641 0.114468 0.144599 0.0716557
2 0.734976 0.061085 0.144642 0.0634883
2 0.894292 0.118348 0.211416 0.0746309
2 0.240637 0.0152813 0.115361 0.0303434
2 0.385675 0.0768422 0.137221 0.0630572
2 0.193738 0.0584482 0.130685 0.0591362
5 0.909277 0.213814 0.18028 0.189363
2 0.622835 0.168351 0.175833 0.0358582
7 0.232549 0.403895 0.286501 0.150107
2 0.670736 0.038242 0.115341 0.0590969
7 0.609537 0.0220358 0.112664 0.0440715
2 0.232381 0.403879 0.286769 0.149705
7 0.413906 0.0340662 0.128672 0.0679595
2 0.413888 0.0345653 0.12761 0.0689362
2 0.706116 0.0102032 0.0851398 0.0204063
7 0.673572 0.458906 0.561914 0.554695
7 0.134768 0.615211 0.269536 0.45429
7 0.0985418 0.134531 0.197084 0.144434
2 0.286049 0.225805 0.211243 0.115142
2 0.403641 0.114468 0.144599 0.0716557
2 0.734976 0.061085 0.144642 0.0634883
2 0.894292 0.118348 0.211416 0.0746309
2 0.240637 0.0152813 0.115361 0.0303434
2 0.385675 0.0768422 0.137221 0.0630572
2 0.193738 0.0584482 0.130685 0.0591362
5 0.909277 0.213814 0.18028 0.189363
2 0.622835 0.168351 0.175833 0.0358582
7 0.232549 0.403895 0.286501 0.150107
2 0.670736 0.038242 0.115341 0.0590969
7 0.609537 0.0220358 0.112664 0.0440715
2 0.232381 0.403879 0.286769 0.149705
7 0.413906 0.0340662 0.128672 0.0679595
2 0.413888 0.0345653 0.12761 0.0689362
2 0.706116 0.0102032 0.0851398 0.0204063
7 0.673572 0.458906 0.561914 0.554695
7 0.134768 0.615211 0.269536 0.45429
7 0.0985418 0.134531 0.197084 0.144434
2 0.286049 0.225805 0.211243 0.115142
2 0.403641 0.114468 0.144599 0.0716557
2 0.734976 0.061085 0.144642 0.0634883
2 0.894292 0.118348 0.211416 0.0746309
2 0.240637 0.0152813 0.115361 0.0303434
2 0.385675 0.0768422 0.137221 0.0630572
2 0.193738 0.0584482 0.130685 0.0591362
5 0.909277 0.213814 0.18028 0.189363
2 0.622835 0.168351 0.175833 0.0358582
7 0.232549 0.403895 0.286501 0.150107
2 0.670736 0.038242 0.115341 0.0590969
7 0.609537 0.0220358 0.112664 0.0440715
2 0.232381 0.403879 0.286769 0.149705
7 0.413906 0.0340662 0.128672 0.0679595
2 0.413888 0.0345653 0.12761 0.0689362
2 0.706116 0.0102032 0.0851398 0.0204063
7 0.673572 0.458906 0.561914 0.554695
7 0.134768 0.615211 0.269536 0.45429
7 0.0985418 0.134531 0.197084 0.144434
2 0.286049 0.225805 0.211243 0.115142
2 0.403641 0.114468 0.144599 0.0716557
2 0.734976 0.061085 0.144642 0.0634883
2 0.894292 0.118348 0.211416 0.0746309
2 0.240637 0.0152813 0.115361 0.0303434
2 0.385675 0.0768422 0.137221 0.0630572
2 0.193738 0.0584482 0.130685 0.0591362
5 0.909277 0.213814 0.18028 0.189363
2 0.622835 0.168351 0.175833 0.0358582
7 0.232549 0.403895 0.286501 0.150107
2 0.670736 0.038242 0.115341 0.0590969
7 0.609537 0.0220358 0.112664 0.0440715
2 0.232381 0.403879 0.286769 0.149705
7 0.413906 0.0340662 0.128672 0.0679595
2 0.413888 0.0345653 0.12761 0.0689362
2 0.706116 0.0102032 0.0851398 0.0204063
7 0.673572 0.458906 0.561914 0.554695
7 0.134768 0.615211 0.269536 0.45429
7 0.0985418 0.134531 0.197084 0.144434
2 0.286049 0.225805 0.211243 0.115142
2 0.403641 0.114468 0.144599 0.0716557
2 0.734976 0.061085 0.144642 0.0634883
2 0.894292 0.118348 0.211416 0.0746309
2 0.240637 0.0152813 0.115361 0.0303434
2 0.385675 0.0768422 0.137221 0.0630572
2 0.193738 0.0584482 0.130685 0.0591362
5 0.909277 0.213814 0.18028 0.189363
2 0.622835 0.168351 0.175833 0.0358582
7 0.232549 0.403895 0.286501 0.150107
2 0.670736 0.038242 0.115341 0.0590969
7 0.609537 0.0220358 0.112664 0.0440715
2 0.232381 0.403879 0.286769 0.149705
7 0.413906 0.0340662 0.128672 0.0679595
2 0.413888 0.0345653 0.12761 0.0689362
2 0.706116 0.0102032 0.0851398 0.0204063
7 0.673572 0.458906 0.561914 0.554695
7 0.134768 0.615211 0.269536 0.45429
7 0.0985418 0.134531 0.197084 0.144434
2 0.286049 0.225805 0.211243 0.115142
2 0.403641 0.114468 0.144599 0.0716557
2 0.734976 0.061085 0.144642 0.0634883
2 0.894292 0.118348 0.211416 0.0746309
2 0.240637 0.0152813 0.115361 0.0303434
2 0.385675 0.0768422 0.137221 0.0630572
2 0.193738 0.0584482 0.130685 0.0591362
5 0.909277 0.213814 0.18028 0.189363
2 0.622835 0.168351 0.175833 0.0358582
7 0.232549 0.403895 0.286501 0.150107
2 0.670736 0.038242 0.115341 0.0590969
7 0.609537 0.0220358 0.112664 0.0440715
2 0.232381 0.403879 0.286769 0.149705
7 0.413906 0.0340662 0.128672 0.0679595
2 0.413888 0.0345653 0.12761 0.0689362
2 0.706116 0.0102032 0.0851398 0.0204063
7 0.673572 0.458906 0.561914 0.554695
7 0.134768 0.615211 0.269536 0.45429
7 0.0985418 0.134531 0.197084 0.144434
2 0.286049 0.225805 0.211243 0.115142
2 0.403641 0.114468 0.144599 0.0716557
2 0.734976 0.061085 0.144642 0.0634883
2 0.894292 0.118348 0.211416 0.0746309
2 0.240637 0.0152813 0.115361 0.0303434
2 0.385675 0.0768422 0.137221 0.0630572
2 0.193738 0.0584482 0.130685 0.0591362
5 0.909277 0.213814 0.18028 0.189363
2 0.622835 0.168351 0.175833 0.0358582
7 0.232549 0.403895 0.286501 0.150107
2 0.670736 0.038242 0.115341 0.0590969
7 0.609537 0.0220358 0.112664 0.0440715
2 0.232381 0.403879 0.286769 0.149705
7 0.413906 0.0340662 0.128672 0.0679595
2 0.413888 0.0345653 0.12761 0.0689362
2 0.706116 0.0102032 0.0851398 0.0204063
7 0.673572 0.458906 0.561914 0.554695
7 0.134768 0.615211 0.269536 0.45429
7 0.0985418 0.134531 0.197084 0.144434
2 0.286049 0.225805 0.211243 0.115142
2 0.403641 0.114468 0.144599 0.0716557
2 0.734976 0.061085 0.144642 0.0634883
2 0.894292 0.118348 0.211416 0.0746309
2 0.240637 0.0152813 0.115361 0.0303434
2 0.385675 0.0768422 0.137221 0.0630572
2 0.193738 0.0584482 0.130685 0.0591362
5 0.909277 0.213814 0.18028 0.189363
2 0.622835 0.168351 0.175833 0.0358582
7 0.232549 0.403895 0.286501 0.150107
2 0.670736 0.038242 0.115341 0.0590969
7 0.609537 0.0220358 0.112664 0.0440715
2 0.232381 0.403879 0.286769 0.149705
7 0.413906 0.0340662 0.128672 0.0679595
2 0.413888 0.0345653 0.12761 0.0689362
2 0.706116 0.0102032 0.0851398 0.0204063
7 0.673572 0.458906 0.561914 0.554695
7 0.134768 0.615211 0.269536 0.45429
7 0.0985418 0.134531 0.197084 0.144434
2 0.286049 0.225805 0.211243 0.115142
2 0.403641 0.114468 0.144599 0.0716557
2 0.734976 0.061085 0.144642 0.0634883
2 0.894292 0.118348 0.211416 0.0746309
2 0.240637 0.0152813 0.115361 0.0303434
2 0.385675 0.0768422 0.137221 0.0630572
2 0.193738 0.0584482 0.130685 0.0591362
5 0.909277 0.213814 0.18028 0.189363
2 0.622835 0.168351 0.175833 0.0358582
7 0.232549 0.403895 0.286501 0.150107
2 0.670736 0.038242 0.115341 0.0590969
7 0.609537 0.0220358 0.112664 0.0440715
2 0.232381 0.403879 0.286769 0.149705
7 0.413906 0.0340662 0.128672 0.0679595
2 0.413888 0.0345653 0.12761 0.0689362
2 0.706116 0.0102032 0.0851398 0.0204063
7 0.673572 0.458906 0.561914 0.554695
7 0.134768 0.615211 0.269536 0.45429
7 0.0985418 0.134531 0.197084 0.144434
2 0.286049 0.225805 0.211243 0.115142
2 0.403641 0.114468 0.144599 0.0716557
2 0.734976 0.061085 0.144642 0.0634883
2 0.894292 0.118348 0.211416 0.0746309
2 0.240637 0.0152813 0.115361 0.0303434
2 0.385675 0.0768422 0.137221 0.0630572
2 0.193738 0.0584482 0.130685 0.0591362
5 0.909277 0.213814 0.18028 0.189363
2 0.622835 0.168351 0.175833 0.0358582
7 0.232549 0.403895 0.286501 0.150107
2 0.670736 0.038242 0.115341 0.0590969
7 0.609537 0.0220358 0.112664 0.0440715
2 0.232381 0.403879 0.286769 0.149705
7 0.413906 0.0340662 0.128672 0.0679595
2 0.413888 0.0345653 0.12761 0.0689362
2 0.706116 0.0102032 0.0851398 0.0204063
7 0.673572 0.458906 0.561914 0.554695
7 0.134768 0.615211 0.269536 0.45429
7 0.0985418 0.134531 0.197084 0.144434
2 0.286049 0.225805 0.211243 0.115142
2 0.403641 0.114468 0.144599 0.0716557
2 0.734976 0.061085 0.144642 0.0634883
2 0.894292 0.118348 0.211416 0.0746309
2 0.240637 0.0152813 0.115361 0.0303434
2 0.385675 0.0768422 0.137221 0.0630572
2 0.193738 0.0584482 0.130685 0.0591362
5 0.909277 0.213814 0.18028 0.189363
2 0.622835 0.168351 0.175833 0.0358582
7 0.232549 0.403895 0.286501 0.150107
2 0.670736 0.038242 0.115341 0.0590969
7 0.609537 0.0220358 0.112664 0.0440715
2 0.232381 0.403879 0.286769 0.149705
7 0.413906 0.0340662 0.128672 0.0679595
2 0.413888 0.0345653 0.12761 0.0689362
2 0.706116 0.0102032 0.0851398 0.0204063
7 0.678749 0.458781 0.556487 0.554569
7 0.135254 0.615191 0.268259 0.458908
2 0.2825 0.226269 0.217986 0.114068
2 0.405 0.114974 0.142499 0.0702748
2 0.734524 0.0606088 0.146736 0.0630073
2 0.893642 0.117885 0.210112 0.0718459
2 0.190967 0.0586447 0.13474 0.0588131
2 0.240726 0.0158226 0.115793 0.031637
2 0.23316 0.405635 0.285358 0.153441
2 0.622012 0.169047 0.174249 0.0357977
5 0.909394 0.214277 0.179718 0.187338
5 0.0997942 0.135261 0.197799 0.144339
2 0.672318 0.0380076 0.120198 0.0588771
7 0.678749 0.458781 0.556487 0.554569
7 0.135254 0.615191 0.268259 0.458908
2 0.2825 0.226269 0.217986 0.114068
2 0.405 0.114974 0.142499 0.0702748
2 0.734524 0.0606088 0.146736 0.0630073
2 0.893642 0.117885 0.210112 0.0718459
2 0.190967 0.0586447 0.13474 0.0588131
2 0.240726 0.0158226 0.115793 0.031637
2 0.23316 0.405635 0.285358 0.153441
2 0.622012 0.169047 0.174249 0.0357977
5 0.909394 0.214277 0.179718 0.187338
5 0.0997942 0.135261 0.197799 0.144339
2 0.672318 0.0380076 0.120198 0.0588771
