7 0.666911 0.405739 0.511178 0.500163
7 0.148792 0.545617 0.297584 0.413684
2 0.293122 0.20157 0.204306 0.108043
2 0.39996 0.103518 0.13961 0.0696559
2 0.748534 0.0545278 0.142909 0.0622081
7 0.10705 0.107732 0.210259 0.133003
2 0.253476 0.011259 0.112673 0.0223735
2 0.254604 0.367492 0.266229 0.14095
2 0.388342 0.0667237 0.130346 0.0527343
7 0.674986 0.82904 0.647517 0.337987
2 0.659701 0.0343714 0.112922 0.0576369
2 0.205298 0.0435688 0.128479 0.0556964
2 0.619661 0.144273 0.167973 0.0301659
2 0.91641 0.0979403 0.166404 0.046196
2 0.412105 0.0313715 0.125456 0.0625385
2 0.0169482 0.282072 0.033615 0.0790797
7 0.602644 0.020909 0.103212 0.0418181
7 0.889338 0.19867 0.2203 0.181858
2 0.70015 0.00926184 0.0858008 0.0185237
2 0.601755 0.0211034 0.102684 0.0420738
7 0.666911 0.405739 0.511178 0.500163
7 0.148792 0.545617 0.297584 0.413684
2 0.293122 0.20157 0.204306 0.108043
2 0.39996 0.103518 0.13961 0.0696559
2 0.748534 0.0545278 0.142909 0.0622081
7 0.10705 0.107732 0.210259 0.133003
2 0.253476 0.011259 0.112673 0.0223735
2 0.254604 0.367492 0.266229 0.14095
2 0.388342 0.0667237 0.130346 0.0527343
7 0.674986 0.82904 0.647517 0.337987
2 0.659701 0.0343714 0.112922 0.0576369
2 0.205298 0.0435688 0.128479 0.0556964
2 0.619661 0.144273 0.167973 0.0301659
2 0.91641 0.0979403 0.166404 0.046196
2 0.412105 0.0313715 0.125456 0.0625385
2 0.0169482 0.282072 0.033615 0.0790797
7 0.602644 0.020909 0.103212 0.0418181
7 0.889338 0.19867 0.2203 0.181858
2 0.70015 0.00926184 0.0858008 0.0185237
2 0.601755 0.0211034 0.102684 0.0420738
7 0.666911 0.405739 0.511178 0.500163
7 0.148792 0.545617 0.297584 0.413684
2 0.293122 0.20157 0.204306 0.108043
2 0.39996 0.103518 0.13961 0.0696559
2 0.748534 0.0545278 0.142909 0.0622081
7 0.10705 0.107732 0.210259 0.133003
2 0.253476 0.011259 0.112673 0.0223735
2 0.254604 0.367492 0.266229 0.14095
2 0.388342 0.0667237 0.130346 0.0527343
7 0.674986 0.82904 0.647517 0.337987
2 0.659701 0.0343714 0.112922 0.0576369
2 0.205298 0.0435688 0.128479 0.0556964
2 0.619661 0.144273 0.167973 0.0301659
2 0.91641 0.0979403 0.166404 0.046196
2 0.412105 0.0313715 0.125456 0.0625385
2 0.0169482 0.282072 0.033615 0.0790797
7 0.602644 0.020909 0.103212 0.0418181
7 0.889338 0.19867 0.2203 0.181858
2 0.70015 0.00926184 0.0858008 0.0185237
2 0.601755 0.0211034 0.102684 0.0420738
7 0.666911 0.405739 0.511178 0.500163
7 0.148792 0.545617 0.297584 0.413684
2 0.293122 0.20157 0.204306 0.108043
2 0.39996 0.103518 0.13961 0.0696559
2 0.748534 0.0545278 0.142909 0.0622081
7 0.10705 0.107732 0.210259 0.133003
2 0.253476 0.011259 0.112673 0.0223735
2 0.254604 0.367492 0.266229 0.14095
2 0.388342 0.0667237 0.130346 0.0527343
7 0.674986 0.82904 0.647517 0.337987
2 0.659701 0.0343714 0.112922 0.0576369
2 0.205298 0.0435688 0.128479 0.0556964
2 0.619661 0.144273 0.167973 0.0301659
2 0.91641 0.0979403 0.166404 0.046196
2 0.412105 0.0313715 0.125456 0.0625385
2 0.0169482 0.282072 0.033615 0.0790797
7 0.602644 0.020909 0.103212 0.0418181
7 0.889338 0.19867 0.2203 0.181858
2 0.70015 0.00926184 0.0858008 0.0185237
2 0.601755 0.0211034 0.102684 0.0420738
