2 0.375125 0.289288 0.236491 0.118902
2 0.688994 0.397227 0.299438 0.148011
2 0.14289 0.592601 0.284032 0.224762
2 0.74459 0.172698 0.202487 0.0948078
2 0.793422 0.730696 0.409583 0.229272
2 0.350837 0.203012 0.196606 0.102317
2 0.0562723 0.207922 0.111622 0.101296
2 0.844766 0.0868121 0.158922 0.0776778
2 0.784897 0.0170973 0.108548 0.0340067
2 0.400788 0.0552519 0.149224 0.0711795
2 0.466871 0.122326 0.190932 0.111096
7 0.665128 0.039815 0.156372 0.0790914
2 0.468101 0.00540409 0.101469 0.0108016
2 0.267194 0.00393081 0.105501 0.0076651
2 0.375125 0.289288 0.236491 0.118902
2 0.688994 0.397227 0.299438 0.148011
2 0.14289 0.592601 0.284032 0.224762
2 0.74459 0.172698 0.202487 0.0948078
2 0.793422 0.730696 0.409583 0.229272
2 0.350837 0.203012 0.196606 0.102317
2 0.0562723 0.207922 0.111622 0.101296
2 0.844766 0.0868121 0.158922 0.0776778
2 0.784897 0.0170973 0.108548 0.0340067
2 0.400788 0.0552519 0.149224 0.0711795
2 0.466871 0.122326 0.190932 0.111096
7 0.665128 0.039815 0.156372 0.0790914
2 0.468101 0.00540409 0.101469 0.0108016
2 0.267194 0.00393081 0.105501 0.0076651
2 0.375125 0.289288 0.236491 0.118902
2 0.688994 0.397227 0.299438 0.148011
2 0.14289 0.592601 0.284032 0.224762
2 0.74459 0.172698 0.202487 0.0948078
2 0.793422 0.730696 0.409583 0.229272
2 0.350837 0.203012 0.196606 0.102317
2 0.0562723 0.207922 0.111622 0.101296
2 0.844766 0.0868121 0.158922 0.0776778
2 0.784897 0.0170973 0.108548 0.0340067
2 0.400788 0.0552519 0.149224 0.0711795
2 0.466871 0.122326 0.190932 0.111096
7 0.665128 0.039815 0.156372 0.0790914
2 0.468101 0.00540409 0.101469 0.0108016
2 0.267194 0.00393081 0.105501 0.0076651
2 0.375125 0.289288 0.236491 0.118902
2 0.688994 0.397227 0.299438 0.148011
2 0.14289 0.592601 0.284032 0.224762
2 0.74459 0.172698 0.202487 0.0948078
2 0.793422 0.730696 0.409583 0.229272
2 0.350837 0.203012 0.196606 0.102317
2 0.0562723 0.207922 0.111622 0.101296
2 0.844766 0.0868121 0.158922 0.0776778
2 0.784897 0.0170973 0.108548 0.0340067
2 0.400788 0.0552519 0.149224 0.0711795
2 0.466871 0.122326 0.190932 0.111096
7 0.665128 0.039815 0.156372 0.0790914
2 0.468101 0.00540409 0.101469 0.0108016
2 0.267194 0.00393081 0.105501 0.0076651
2 0.375125 0.289288 0.236491 0.118902
2 0.688994 0.397227 0.299438 0.148011
2 0.14289 0.592601 0.284032 0.224762
2 0.74459 0.172698 0.202487 0.0948078
2 0.793422 0.730696 0.409583 0.229272
2 0.350837 0.203012 0.196606 0.102317
2 0.0562723 0.207922 0.111622 0.101296
2 0.844766 0.0868121 0.158922 0.0776778
2 0.784897 0.0170973 0.108548 0.0340067
2 0.400788 0.0552519 0.149224 0.0711795
2 0.466871 0.122326 0.190932 0.111096
7 0.665128 0.039815 0.156372 0.0790914
2 0.468101 0.00540409 0.101469 0.0108016
2 0.267194 0.00393081 0.105501 0.0076651
2 0.375125 0.289288 0.236491 0.118902
2 0.688994 0.397227 0.299438 0.148011
2 0.14289 0.592601 0.284032 0.224762
2 0.74459 0.172698 0.202487 0.0948078
2 0.793422 0.730696 0.409583 0.229272
2 0.350837 0.203012 0.196606 0.102317
2 0.0562723 0.207922 0.111622 0.101296
2 0.844766 0.0868121 0.158922 0.0776778
2 0.784897 0.0170973 0.108548 0.0340067
2 0.400788 0.0552519 0.149224 0.0711795
2 0.466871 0.122326 0.190932 0.111096
7 0.665128 0.039815 0.156372 0.0790914
2 0.468101 0.00540409 0.101469 0.0108016
2 0.267194 0.00393081 0.105501 0.0076651
2 0.375125 0.289288 0.236491 0.118902
2 0.688994 0.397227 0.299438 0.148011
2 0.14289 0.592601 0.284032 0.224762
2 0.74459 0.172698 0.202487 0.0948078
2 0.793422 0.730696 0.409583 0.229272
2 0.350837 0.203012 0.196606 0.102317
2 0.0562723 0.207922 0.111622 0.101296
2 0.844766 0.0868121 0.158922 0.0776778
2 0.784897 0.0170973 0.108548 0.0340067
2 0.400788 0.0552519 0.149224 0.0711795
2 0.466871 0.122326 0.190932 0.111096
7 0.665128 0.039815 0.156372 0.0790914
2 0.468101 0.00540409 0.101469 0.0108016
2 0.267194 0.00393081 0.105501 0.0076651
2 0.375125 0.289288 0.236491 0.118902
2 0.688994 0.397227 0.299438 0.148011
2 0.14289 0.592601 0.284032 0.224762
2 0.74459 0.172698 0.202487 0.0948078
2 0.793422 0.730696 0.409583 0.229272
2 0.350837 0.203012 0.196606 0.102317
2 0.0562723 0.207922 0.111622 0.101296
2 0.844766 0.0868121 0.158922 0.0776778
2 0.784897 0.0170973 0.108548 0.0340067
2 0.400788 0.0552519 0.149224 0.0711795
2 0.466871 0.122326 0.190932 0.111096
7 0.665128 0.039815 0.156372 0.0790914
2 0.468101 0.00540409 0.101469 0.0108016
2 0.267194 0.00393081 0.105501 0.0076651
2 0.375125 0.289288 0.236491 0.118902
2 0.688994 0.397227 0.299438 0.148011
2 0.14289 0.592601 0.284032 0.224762
2 0.74459 0.172698 0.202487 0.0948078
2 0.793422 0.730696 0.409583 0.229272
2 0.350837 0.203012 0.196606 0.102317
2 0.0562723 0.207922 0.111622 0.101296
2 0.844766 0.0868121 0.158922 0.0776778
2 0.784897 0.0170973 0.108548 0.0340067
2 0.400788 0.0552519 0.149224 0.0711795
2 0.466871 0.122326 0.190932 0.111096
7 0.665128 0.039815 0.156372 0.0790914
2 0.468101 0.00540409 0.101469 0.0108016
2 0.267194 0.00393081 0.105501 0.0076651
2 0.375125 0.289288 0.236491 0.118902
2 0.688994 0.397227 0.299438 0.148011
2 0.14289 0.592601 0.284032 0.224762
2 0.74459 0.172698 0.202487 0.0948078
2 0.793422 0.730696 0.409583 0.229272
2 0.350837 0.203012 0.196606 0.102317
2 0.0562723 0.207922 0.111622 0.101296
2 0.844766 0.0868121 0.158922 0.0776778
2 0.784897 0.0170973 0.108548 0.0340067
2 0.400788 0.0552519 0.149224 0.0711795
2 0.466871 0.122326 0.190932 0.111096
7 0.665128 0.039815 0.156372 0.0790914
2 0.468101 0.00540409 0.101469 0.0108016
2 0.267194 0.00393081 0.105501 0.0076651
2 0.375125 0.289288 0.236491 0.118902
2 0.688994 0.397227 0.299438 0.148011
2 0.14289 0.592601 0.284032 0.224762
2 0.74459 0.172698 0.202487 0.0948078
2 0.793422 0.730696 0.409583 0.229272
2 0.350837 0.203012 0.196606 0.102317
2 0.0562723 0.207922 0.111622 0.101296
2 0.844766 0.0868121 0.158922 0.0776778
2 0.784897 0.0170973 0.108548 0.0340067
2 0.400788 0.0552519 0.149224 0.0711795
2 0.466871 0.122326 0.190932 0.111096
7 0.665128 0.039815 0.156372 0.0790914
2 0.468101 0.00540409 0.101469 0.0108016
2 0.267194 0.00393081 0.105501 0.0076651
2 0.791717 0.732204 0.407743 0.232081
2 0.687916 0.397441 0.29957 0.149684
2 0.142182 0.592965 0.2826 0.226958
2 0.375748 0.288558 0.23674 0.119284
2 0.744637 0.172854 0.201199 0.0937916
2 0.351486 0.203069 0.194573 0.0996606
2 0.461102 0.122606 0.191787 0.111282
2 0.0573284 0.208375 0.113261 0.100523
2 0.844975 0.0871183 0.159552 0.0770338
2 0.781983 0.0164922 0.112501 0.0327828
2 0.467917 0.00556151 0.102967 0.0110352
2 0.404419 0.0537655 0.150572 0.068386
2 0.791717 0.732204 0.407743 0.232081
2 0.687916 0.397441 0.29957 0.149684
2 0.142182 0.592965 0.2826 0.226958
2 0.375748 0.288558 0.23674 0.119284
2 0.744637 0.172854 0.201199 0.0937916
2 0.351486 0.203069 0.194573 0.0996606
2 0.461102 0.122606 0.191787 0.111282
2 0.0573284 0.208375 0.113261 0.100523
2 0.844975 0.0871183 0.159552 0.0770338
2 0.781983 0.0164922 0.112501 0.0327828
2 0.467917 0.00556151 0.102967 0.0110352
2 0.404419 0.0537655 0.150572 0.068386
