2 0.346263 0.361144 0.260614 0.138379
2 0.0950577 0.845762 0.189576 0.308389
2 0.796366 0.268679 0.242166 0.116507
2 0.703453 0.595541 0.388883 0.205496
2 0.218368 0.0254511 0.134444 0.0508012
2 0.316541 0.267771 0.231948 0.114701
2 0.8849 0.136105 0.183862 0.088218
2 0.381442 0.102566 0.171875 0.0797212
7 0.677328 0.0696907 0.178049 0.107361
2 0.465485 0.0181333 0.113521 0.0360512
2 0.797146 0.0265698 0.134691 0.0530801
7 0.495633 0.179303 0.239544 0.128864
2 0.495071 0.179759 0.240064 0.128462
2 0.346263 0.361144 0.260614 0.138379
2 0.0950577 0.845762 0.189576 0.308389
2 0.796366 0.268679 0.242166 0.116507
2 0.703453 0.595541 0.388883 0.205496
2 0.218368 0.0254511 0.134444 0.0508012
2 0.316541 0.267771 0.231948 0.114701
2 0.8849 0.136105 0.183862 0.088218
2 0.381442 0.102566 0.171875 0.0797212
7 0.677328 0.0696907 0.178049 0.107361
2 0.465485 0.0181333 0.113521 0.0360512
2 0.797146 0.0265698 0.134691 0.0530801
7 0.495633 0.179303 0.239544 0.128864
2 0.495071 0.179759 0.240064 0.128462
2 0.346263 0.361144 0.260614 0.138379
2 0.0950577 0.845762 0.189576 0.308389
2 0.796366 0.268679 0.242166 0.116507
2 0.703453 0.595541 0.388883 0.205496
2 0.218368 0.0254511 0.134444 0.0508012
2 0.316541 0.267771 0.231948 0.114701
2 0.8849 0.136105 0.183862 0.088218
2 0.381442 0.102566 0.171875 0.0797212
7 0.677328 0.0696907 0.178049 0.107361
2 0.465485 0.0181333 0.113521 0.0360512
2 0.797146 0.0265698 0.134691 0.0530801
7 0.495633 0.179303 0.239544 0.128864
2 0.495071 0.179759 0.240064 0.128462
2 0.346263 0.361144 0.260614 0.138379
2 0.0950577 0.845762 0.189576 0.308389
2 0.796366 0.268679 0.242166 0.116507
2 0.703453 0.595541 0.388883 0.205496
2 0.218368 0.0254511 0.134444 0.0508012
2 0.316541 0.267771 0.231948 0.114701
2 0.8849 0.136105 0.183862 0.088218
2 0.381442 0.102566 0.171875 0.0797212
7 0.677328 0.0696907 0.178049 0.107361
2 0.465485 0.0181333 0.113521 0.0360512
2 0.797146 0.0265698 0.134691 0.0530801
7 0.495633 0.179303 0.239544 0.128864
2 0.495071 0.179759 0.240064 0.128462
