7 0.656106 0.352315 0.465832 0.436972
7 0.158329 0.485815 0.316659 0.380277
7 0.129319 0.0882921 0.199195 0.120761
2 0.302193 0.183995 0.197328 0.104412
2 0.285034 0.335279 0.22543 0.130935
2 0.389467 0.0967507 0.137759 0.0682787
2 0.76763 0.0495569 0.144392 0.0601013
2 0.0404961 0.242103 0.0809923 0.112718
7 0.697754 0.778758 0.604492 0.438516
2 0.386209 0.0593291 0.128937 0.0456339
7 0.871992 0.184272 0.254989 0.17843
2 0.651857 0.033914 0.112917 0.0567885
2 0.619553 0.125078 0.158126 0.0240187
2 0.218472 0.0324895 0.125676 0.0533877
2 0.936262 0.0993026 0.126266 0.0564453
2 0.280409 0.00801991 0.0727448 0.0160398
7 0.599842 0.0207455 0.106334 0.0414909
7 0.411662 0.0286873 0.127876 0.0571305
2 0.688508 0.0104575 0.0977434 0.020915
2 0.268911 0.00867915 0.0977813 0.016785
7 0.656106 0.352315 0.465832 0.436972
7 0.158329 0.485815 0.316659 0.380277
7 0.129319 0.0882921 0.199195 0.120761
2 0.302193 0.183995 0.197328 0.104412
2 0.285034 0.335279 0.22543 0.130935
2 0.389467 0.0967507 0.137759 0.0682787
2 0.76763 0.0495569 0.144392 0.0601013
2 0.0404961 0.242103 0.0809923 0.112718
7 0.697754 0.778758 0.604492 0.438516
2 0.386209 0.0593291 0.128937 0.0456339
7 0.871992 0.184272 0.254989 0.17843
2 0.651857 0.033914 0.112917 0.0567885
2 0.619553 0.125078 0.158126 0.0240187
2 0.218472 0.0324895 0.125676 0.0533877
2 0.936262 0.0993026 0.126266 0.0564453
2 0.280409 0.00801991 0.0727448 0.0160398
7 0.599842 0.0207455 0.106334 0.0414909
7 0.411662 0.0286873 0.127876 0.0571305
2 0.688508 0.0104575 0.0977434 0.020915
2 0.268911 0.00867915 0.0977813 0.016785
7 0.656106 0.352315 0.465832 0.436972
7 0.158329 0.485815 0.316659 0.380277
7 0.129319 0.0882921 0.199195 0.120761
2 0.302193 0.183995 0.197328 0.104412
2 0.285034 0.335279 0.22543 0.130935
2 0.389467 0.0967507 0.137759 0.0682787
2 0.76763 0.0495569 0.144392 0.0601013
2 0.0404961 0.242103 0.0809923 0.112718
7 0.697754 0.778758 0.604492 0.438516
2 0.386209 0.0593291 0.128937 0.0456339
7 0.871992 0.184272 0.254989 0.17843
2 0.651857 0.033914 0.112917 0.0567885
2 0.619553 0.125078 0.158126 0.0240187
2 0.218472 0.0324895 0.125676 0.0533877
2 0.936262 0.0993026 0.126266 0.0564453
2 0.280409 0.00801991 0.0727448 0.0160398
7 0.599842 0.0207455 0.106334 0.0414909
7 0.411662 0.0286873 0.127876 0.0571305
2 0.688508 0.0104575 0.0977434 0.020915
2 0.268911 0.00867915 0.0977813 0.016785
7 0.656106 0.352315 0.465832 0.436972
7 0.158329 0.485815 0.316659 0.380277
7 0.129319 0.0882921 0.199195 0.120761
2 0.302193 0.183995 0.197328 0.104412
2 0.285034 0.335279 0.22543 0.130935
2 0.389467 0.0967507 0.137759 0.0682787
2 0.76763 0.0495569 0.144392 0.0601013
2 0.0404961 0.242103 0.0809923 0.112718
7 0.697754 0.778758 0.604492 0.438516
2 0.386209 0.0593291 0.128937 0.0456339
7 0.871992 0.184272 0.254989 0.17843
2 0.651857 0.033914 0.112917 0.0567885
2 0.619553 0.125078 0.158126 0.0240187
2 0.218472 0.0324895 0.125676 0.0533877
2 0.936262 0.0993026 0.126266 0.0564453
2 0.280409 0.00801991 0.0727448 0.0160398
7 0.599842 0.0207455 0.106334 0.0414909
7 0.411662 0.0286873 0.127876 0.0571305
2 0.688508 0.0104575 0.0977434 0.020915
2 0.268911 0.00867915 0.0977813 0.016785
