2 0.726215 0.369936 0.259499 0.126318
2 0.210253 0.373348 0.290121 0.158567
2 0.409768 0.193018 0.181247 0.0933239
2 0.705599 0.209369 0.210938 0.0986141
2 0.134687 0.696101 0.267179 0.240953
2 0.0782957 0.177556 0.15559 0.0889178
2 0.377518 0.128355 0.155303 0.0819045
2 0.698502 0.0865883 0.142399 0.0723349
2 0.168522 0.0702627 0.151613 0.0682087
2 0.407892 0.0250973 0.124434 0.0499971
2 0.743954 0.0528976 0.141369 0.0649086
7 0.429346 0.066168 0.151489 0.0874739
2 0.738773 0.0119243 0.0945553 0.0238019
2 0.429316 0.0656523 0.15065 0.0900354
7 0.633757 0.0278176 0.127192 0.0555704
2 0.412146 0.0180037 0.119315 0.0360075
7 0.591571 0.716082 0.816857 0.563496
2 0.726215 0.369936 0.259499 0.126318
2 0.210253 0.373348 0.290121 0.158567
2 0.409768 0.193018 0.181247 0.0933239
2 0.705599 0.209369 0.210938 0.0986141
2 0.134687 0.696101 0.267179 0.240953
2 0.0782957 0.177556 0.15559 0.0889178
2 0.377518 0.128355 0.155303 0.0819045
2 0.698502 0.0865883 0.142399 0.0723349
2 0.168522 0.0702627 0.151613 0.0682087
2 0.407892 0.0250973 0.124434 0.0499971
2 0.743954 0.0528976 0.141369 0.0649086
7 0.429346 0.066168 0.151489 0.0874739
2 0.738773 0.0119243 0.0945553 0.0238019
2 0.429316 0.0656523 0.15065 0.0900354
7 0.633757 0.0278176 0.127192 0.0555704
2 0.412146 0.0180037 0.119315 0.0360075
7 0.591571 0.716082 0.816857 0.563496
2 0.726215 0.369936 0.259499 0.126318
2 0.210253 0.373348 0.290121 0.158567
2 0.409768 0.193018 0.181247 0.0933239
2 0.705599 0.209369 0.210938 0.0986141
2 0.134687 0.696101 0.267179 0.240953
2 0.0782957 0.177556 0.15559 0.0889178
2 0.377518 0.128355 0.155303 0.0819045
2 0.698502 0.0865883 0.142399 0.0723349
2 0.168522 0.0702627 0.151613 0.0682087
2 0.407892 0.0250973 0.124434 0.0499971
2 0.743954 0.0528976 0.141369 0.0649086
7 0.429346 0.066168 0.151489 0.0874739
2 0.738773 0.0119243 0.0945553 0.0238019
2 0.429316 0.0656523 0.15065 0.0900354
7 0.633757 0.0278176 0.127192 0.0555704
2 0.412146 0.0180037 0.119315 0.0360075
7 0.591571 0.716082 0.816857 0.563496
2 0.726215 0.369936 0.259499 0.126318
2 0.210253 0.373348 0.290121 0.158567
2 0.409768 0.193018 0.181247 0.0933239
2 0.705599 0.209369 0.210938 0.0986141
2 0.134687 0.696101 0.267179 0.240953
2 0.0782957 0.177556 0.15559 0.0889178
2 0.377518 0.128355 0.155303 0.0819045
2 0.698502 0.0865883 0.142399 0.0723349
2 0.168522 0.0702627 0.151613 0.0682087
2 0.407892 0.0250973 0.124434 0.0499971
2 0.743954 0.0528976 0.141369 0.0649086
7 0.429346 0.066168 0.151489 0.0874739
2 0.738773 0.0119243 0.0945553 0.0238019
2 0.429316 0.0656523 0.15065 0.0900354
7 0.633757 0.0278176 0.127192 0.0555704
2 0.412146 0.0180037 0.119315 0.0360075
7 0.591571 0.716082 0.816857 0.563496
