7 0.6758 0.609214 0.647536 0.712534
2 0.786717 0.145926 0.21854 0.0818584
2 0.258425 0.280667 0.240408 0.130718
2 0.408261 0.142049 0.154478 0.0797165
2 0.172584 0.493356 0.342902 0.17374
2 0.644543 0.231828 0.206007 0.0584599
2 0.147454 0.0974115 0.155876 0.0680786
2 0.710978 0.0728687 0.148554 0.0671211
2 0.213796 0.0290511 0.125626 0.0544747
7 0.0711788 0.205872 0.141482 0.174249
7 0.105777 0.761535 0.208277 0.474221
2 0.379955 0.0971895 0.146621 0.0720956
2 0.69598 0.0390183 0.123533 0.0468265
7 0.932899 0.250569 0.132721 0.190536
2 0.715122 0.0123699 0.088427 0.0247026
7 0.418606 0.0429988 0.13483 0.0857539
2 0.419143 0.0435485 0.13648 0.0865672
2 0.615074 0.0253633 0.118983 0.0507031
7 0.615682 0.0253639 0.119144 0.0504659
5 0.932297 0.250933 0.132497 0.190145
7 0.6758 0.609214 0.647536 0.712534
2 0.786717 0.145926 0.21854 0.0818584
2 0.258425 0.280667 0.240408 0.130718
2 0.408261 0.142049 0.154478 0.0797165
2 0.172584 0.493356 0.342902 0.17374
2 0.644543 0.231828 0.206007 0.0584599
2 0.147454 0.0974115 0.155876 0.0680786
2 0.710978 0.0728687 0.148554 0.0671211
2 0.213796 0.0290511 0.125626 0.0544747
7 0.0711788 0.205872 0.141482 0.174249
7 0.105777 0.761535 0.208277 0.474221
2 0.379955 0.0971895 0.146621 0.0720956
2 0.69598 0.0390183 0.123533 0.0468265
7 0.932899 0.250569 0.132721 0.190536
2 0.715122 0.0123699 0.088427 0.0247026
7 0.418606 0.0429988 0.13483 0.0857539
2 0.419143 0.0435485 0.13648 0.0865672
2 0.615074 0.0253633 0.118983 0.0507031
7 0.615682 0.0253639 0.119144 0.0504659
5 0.932297 0.250933 0.132497 0.190145
7 0.6758 0.609214 0.647536 0.712534
2 0.786717 0.145926 0.21854 0.0818584
2 0.258425 0.280667 0.240408 0.130718
2 0.408261 0.142049 0.154478 0.0797165
2 0.172584 0.493356 0.342902 0.17374
2 0.644543 0.231828 0.206007 0.0584599
2 0.147454 0.0974115 0.155876 0.0680786
2 0.710978 0.0728687 0.148554 0.0671211
2 0.213796 0.0290511 0.125626 0.0544747
7 0.0711788 0.205872 0.141482 0.174249
7 0.105777 0.761535 0.208277 0.474221
2 0.379955 0.0971895 0.146621 0.0720956
2 0.69598 0.0390183 0.123533 0.0468265
7 0.932899 0.250569 0.132721 0.190536
2 0.715122 0.0123699 0.088427 0.0247026
7 0.418606 0.0429988 0.13483 0.0857539
2 0.419143 0.0435485 0.13648 0.0865672
2 0.615074 0.0253633 0.118983 0.0507031
7 0.615682 0.0253639 0.119144 0.0504659
5 0.932297 0.250933 0.132497 0.190145
7 0.6758 0.609214 0.647536 0.712534
2 0.786717 0.145926 0.21854 0.0818584
2 0.258425 0.280667 0.240408 0.130718
2 0.408261 0.142049 0.154478 0.0797165
2 0.172584 0.493356 0.342902 0.17374
2 0.644543 0.231828 0.206007 0.0584599
2 0.147454 0.0974115 0.155876 0.0680786
2 0.710978 0.0728687 0.148554 0.0671211
2 0.213796 0.0290511 0.125626 0.0544747
7 0.0711788 0.205872 0.141482 0.174249
7 0.105777 0.761535 0.208277 0.474221
2 0.379955 0.0971895 0.146621 0.0720956
2 0.69598 0.0390183 0.123533 0.0468265
7 0.932899 0.250569 0.132721 0.190536
2 0.715122 0.0123699 0.088427 0.0247026
7 0.418606 0.0429988 0.13483 0.0857539
2 0.419143 0.0435485 0.13648 0.0865672
2 0.615074 0.0253633 0.118983 0.0507031
7 0.615682 0.0253639 0.119144 0.0504659
5 0.932297 0.250933 0.132497 0.190145
7 0.6758 0.609214 0.647536 0.712534
2 0.786717 0.145926 0.21854 0.0818584
2 0.258425 0.280667 0.240408 0.130718
2 0.408261 0.142049 0.154478 0.0797165
2 0.172584 0.493356 0.342902 0.17374
2 0.644543 0.231828 0.206007 0.0584599
2 0.147454 0.0974115 0.155876 0.0680786
2 0.710978 0.0728687 0.148554 0.0671211
2 0.213796 0.0290511 0.125626 0.0544747
7 0.0711788 0.205872 0.141482 0.174249
7 0.105777 0.761535 0.208277 0.474221
2 0.379955 0.0971895 0.146621 0.0720956
2 0.69598 0.0390183 0.123533 0.0468265
7 0.932899 0.250569 0.132721 0.190536
2 0.715122 0.0123699 0.088427 0.0247026
7 0.418606 0.0429988 0.13483 0.0857539
2 0.419143 0.0435485 0.13648 0.0865672
2 0.615074 0.0253633 0.118983 0.0507031
7 0.615682 0.0253639 0.119144 0.0504659
5 0.932297 0.250933 0.132497 0.190145
7 0.6758 0.609214 0.647536 0.712534
2 0.786717 0.145926 0.21854 0.0818584
2 0.258425 0.280667 0.240408 0.130718
2 0.408261 0.142049 0.154478 0.0797165
2 0.172584 0.493356 0.342902 0.17374
2 0.644543 0.231828 0.206007 0.0584599
2 0.147454 0.0974115 0.155876 0.0680786
2 0.710978 0.0728687 0.148554 0.0671211
2 0.213796 0.0290511 0.125626 0.0544747
7 0.0711788 0.205872 0.141482 0.174249
7 0.105777 0.761535 0.208277 0.474221
2 0.379955 0.0971895 0.146621 0.0720956
2 0.69598 0.0390183 0.123533 0.0468265
7 0.932899 0.250569 0.132721 0.190536
2 0.715122 0.0123699 0.088427 0.0247026
7 0.418606 0.0429988 0.13483 0.0857539
2 0.419143 0.0435485 0.13648 0.0865672
2 0.615074 0.0253633 0.118983 0.0507031
7 0.615682 0.0253639 0.119144 0.0504659
5 0.932297 0.250933 0.132497 0.190145
7 0.6758 0.609214 0.647536 0.712534
2 0.786717 0.145926 0.21854 0.0818584
2 0.258425 0.280667 0.240408 0.130718
2 0.408261 0.142049 0.154478 0.0797165
2 0.172584 0.493356 0.342902 0.17374
2 0.644543 0.231828 0.206007 0.0584599
2 0.147454 0.0974115 0.155876 0.0680786
2 0.710978 0.0728687 0.148554 0.0671211
2 0.213796 0.0290511 0.125626 0.0544747
7 0.0711788 0.205872 0.141482 0.174249
7 0.105777 0.761535 0.208277 0.474221
2 0.379955 0.0971895 0.146621 0.0720956
2 0.69598 0.0390183 0.123533 0.0468265
7 0.932899 0.250569 0.132721 0.190536
2 0.715122 0.0123699 0.088427 0.0247026
7 0.418606 0.0429988 0.13483 0.0857539
2 0.419143 0.0435485 0.13648 0.0865672
2 0.615074 0.0253633 0.118983 0.0507031
7 0.615682 0.0253639 0.119144 0.0504659
5 0.932297 0.250933 0.132497 0.190145
7 0.6758 0.609214 0.647536 0.712534
2 0.786717 0.145926 0.21854 0.0818584
2 0.258425 0.280667 0.240408 0.130718
2 0.408261 0.142049 0.154478 0.0797165
2 0.172584 0.493356 0.342902 0.17374
2 0.644543 0.231828 0.206007 0.0584599
2 0.147454 0.0974115 0.155876 0.0680786
2 0.710978 0.0728687 0.148554 0.0671211
2 0.213796 0.0290511 0.125626 0.0544747
7 0.0711788 0.205872 0.141482 0.174249
7 0.105777 0.761535 0.208277 0.474221
2 0.379955 0.0971895 0.146621 0.0720956
2 0.69598 0.0390183 0.123533 0.0468265
7 0.932899 0.250569 0.132721 0.190536
2 0.715122 0.0123699 0.088427 0.0247026
7 0.418606 0.0429988 0.13483 0.0857539
2 0.419143 0.0435485 0.13648 0.0865672
2 0.615074 0.0253633 0.118983 0.0507031
7 0.615682 0.0253639 0.119144 0.0504659
5 0.932297 0.250933 0.132497 0.190145
7 0.6758 0.609214 0.647536 0.712534
2 0.786717 0.145926 0.21854 0.0818584
2 0.258425 0.280667 0.240408 0.130718
2 0.408261 0.142049 0.154478 0.0797165
2 0.172584 0.493356 0.342902 0.17374
2 0.644543 0.231828 0.206007 0.0584599
2 0.147454 0.0974115 0.155876 0.0680786
2 0.710978 0.0728687 0.148554 0.0671211
2 0.213796 0.0290511 0.125626 0.0544747
7 0.0711788 0.205872 0.141482 0.174249
7 0.105777 0.761535 0.208277 0.474221
2 0.379955 0.0971895 0.146621 0.0720956
2 0.69598 0.0390183 0.123533 0.0468265
7 0.932899 0.250569 0.132721 0.190536
2 0.715122 0.0123699 0.088427 0.0247026
7 0.418606 0.0429988 0.13483 0.0857539
2 0.419143 0.0435485 0.13648 0.0865672
2 0.615074 0.0253633 0.118983 0.0507031
7 0.615682 0.0253639 0.119144 0.0504659
5 0.932297 0.250933 0.132497 0.190145
7 0.6758 0.609214 0.647536 0.712534
2 0.786717 0.145926 0.21854 0.0818584
2 0.258425 0.280667 0.240408 0.130718
2 0.408261 0.142049 0.154478 0.0797165
2 0.172584 0.493356 0.342902 0.17374
2 0.644543 0.231828 0.206007 0.0584599
2 0.147454 0.0974115 0.155876 0.0680786
2 0.710978 0.0728687 0.148554 0.0671211
2 0.213796 0.0290511 0.125626 0.0544747
7 0.0711788 0.205872 0.141482 0.174249
7 0.105777 0.761535 0.208277 0.474221
2 0.379955 0.0971895 0.146621 0.0720956
2 0.69598 0.0390183 0.123533 0.0468265
7 0.932899 0.250569 0.132721 0.190536
2 0.715122 0.0123699 0.088427 0.0247026
7 0.418606 0.0429988 0.13483 0.0857539
2 0.419143 0.0435485 0.13648 0.0865672
2 0.615074 0.0253633 0.118983 0.0507031
7 0.615682 0.0253639 0.119144 0.0504659
5 0.932297 0.250933 0.132497 0.190145
7 0.6758 0.609214 0.647536 0.712534
2 0.786717 0.145926 0.21854 0.0818584
2 0.258425 0.280667 0.240408 0.130718
2 0.408261 0.142049 0.154478 0.0797165
2 0.172584 0.493356 0.342902 0.17374
2 0.644543 0.231828 0.206007 0.0584599
2 0.147454 0.0974115 0.155876 0.0680786
2 0.710978 0.0728687 0.148554 0.0671211
2 0.213796 0.0290511 0.125626 0.0544747
7 0.0711788 0.205872 0.141482 0.174249
7 0.105777 0.761535 0.208277 0.474221
2 0.379955 0.0971895 0.146621 0.0720956
2 0.69598 0.0390183 0.123533 0.0468265
7 0.932899 0.250569 0.132721 0.190536
2 0.715122 0.0123699 0.088427 0.0247026
7 0.418606 0.0429988 0.13483 0.0857539
2 0.419143 0.0435485 0.13648 0.0865672
2 0.615074 0.0253633 0.118983 0.0507031
7 0.615682 0.0253639 0.119144 0.0504659
5 0.932297 0.250933 0.132497 0.190145
7 0.676471 0.60903 0.646061 0.707874
7 0.105845 0.760275 0.21074 0.4751
2 0.174165 0.494276 0.340953 0.17645
2 0.258165 0.280482 0.242615 0.130132
2 0.407631 0.142539 0.154897 0.0780045
2 0.712081 0.0729093 0.146974 0.0644508
2 0.785773 0.145835 0.216429 0.0816345
2 0.147913 0.0970499 0.153899 0.067943
2 0.644524 0.232103 0.2042 0.058483
7 0.0710961 0.20618 0.141465 0.17554
2 0.213445 0.0291424 0.126738 0.0537719
7 0.932492 0.256664 0.132605 0.203101
2 0.418316 0.0501923 0.136893 0.0702403
2 0.380282 0.0977037 0.145375 0.070222
7 0.676471 0.60903 0.646061 0.707874
7 0.105845 0.760275 0.21074 0.4751
2 0.174165 0.494276 0.340953 0.17645
2 0.258165 0.280482 0.242615 0.130132
2 0.407631 0.142539 0.154897 0.0780045
2 0.712081 0.0729093 0.146974 0.0644508
2 0.785773 0.145835 0.216429 0.0816345
2 0.147913 0.0970499 0.153899 0.067943
2 0.644524 0.232103 0.2042 0.058483
7 0.0710961 0.20618 0.141465 0.17554
2 0.213445 0.0291424 0.126738 0.0537719
7 0.932492 0.256664 0.132605 0.203101
2 0.418316 0.0501923 0.136893 0.0702403
2 0.380282 0.0977037 0.145375 0.070222
