2 0.898617 0.869729 0.201226 0.119605
2 0.85732 0.789761 0.198079 0.0985403
2 0.566449 0.617258 0.0716927 0.0327124
2 0.122345 0.731779 0.144286 0.0724372
5 0.344335 0.707228 0.155455 0.132704
2 0.191653 0.664694 0.107642 0.0541385
7 0.0755001 0.856071 0.151 0.170545
2 0.26499 0.624192 0.0862175 0.035059
2 0.765327 0.73495 0.150629 0.0859602
2 0.529101 0.59384 0.0659614 0.0302872
2 0.505096 0.565382 0.0547124 0.0280236
2 0.075158 0.856342 0.150157 0.170704
2 0.39154 0.565271 0.0517994 0.024472
2 0.333215 0.590636 0.0652226 0.028303
2 0.727372 0.559097 0.0604319 0.0253904
2 0.838535 0.58586 0.107076 0.0485287
2 0.670819 0.546984 0.0498844 0.0186796
2 0.212893 0.574403 0.0668038 0.0325607
2 0.898617 0.869729 0.201226 0.119605
2 0.85732 0.789761 0.198079 0.0985403
2 0.566449 0.617258 0.0716927 0.0327124
2 0.122345 0.731779 0.144286 0.0724372
5 0.344335 0.707228 0.155455 0.132704
2 0.191653 0.664694 0.107642 0.0541385
7 0.0755001 0.856071 0.151 0.170545
2 0.26499 0.624192 0.0862175 0.035059
2 0.765327 0.73495 0.150629 0.0859602
2 0.529101 0.59384 0.0659614 0.0302872
2 0.505096 0.565382 0.0547124 0.0280236
2 0.075158 0.856342 0.150157 0.170704
2 0.39154 0.565271 0.0517994 0.024472
2 0.333215 0.590636 0.0652226 0.028303
2 0.727372 0.559097 0.0604319 0.0253904
2 0.838535 0.58586 0.107076 0.0485287
2 0.670819 0.546984 0.0498844 0.0186796
2 0.212893 0.574403 0.0668038 0.0325607
2 0.898617 0.869729 0.201226 0.119605
2 0.85732 0.789761 0.198079 0.0985403
2 0.566449 0.617258 0.0716927 0.0327124
2 0.122345 0.731779 0.144286 0.0724372
5 0.344335 0.707228 0.155455 0.132704
2 0.191653 0.664694 0.107642 0.0541385
7 0.0755001 0.856071 0.151 0.170545
2 0.26499 0.624192 0.0862175 0.035059
2 0.765327 0.73495 0.150629 0.0859602
2 0.529101 0.59384 0.0659614 0.0302872
2 0.505096 0.565382 0.0547124 0.0280236
2 0.075158 0.856342 0.150157 0.170704
2 0.39154 0.565271 0.0517994 0.024472
2 0.333215 0.590636 0.0652226 0.028303
2 0.727372 0.559097 0.0604319 0.0253904
2 0.838535 0.58586 0.107076 0.0485287
2 0.670819 0.546984 0.0498844 0.0186796
2 0.212893 0.574403 0.0668038 0.0325607
2 0.898617 0.869729 0.201226 0.119605
2 0.85732 0.789761 0.198079 0.0985403
2 0.566449 0.617258 0.0716927 0.0327124
2 0.122345 0.731779 0.144286 0.0724372
5 0.344335 0.707228 0.155455 0.132704
2 0.191653 0.664694 0.107642 0.0541385
7 0.0755001 0.856071 0.151 0.170545
2 0.26499 0.624192 0.0862175 0.035059
2 0.765327 0.73495 0.150629 0.0859602
2 0.529101 0.59384 0.0659614 0.0302872
2 0.505096 0.565382 0.0547124 0.0280236
2 0.075158 0.856342 0.150157 0.170704
2 0.39154 0.565271 0.0517994 0.024472
2 0.333215 0.590636 0.0652226 0.028303
2 0.727372 0.559097 0.0604319 0.0253904
2 0.838535 0.58586 0.107076 0.0485287
2 0.670819 0.546984 0.0498844 0.0186796
2 0.212893 0.574403 0.0668038 0.0325607
2 0.898617 0.869729 0.201226 0.119605
2 0.85732 0.789761 0.198079 0.0985403
2 0.566449 0.617258 0.0716927 0.0327124
2 0.122345 0.731779 0.144286 0.0724372
5 0.344335 0.707228 0.155455 0.132704
2 0.191653 0.664694 0.107642 0.0541385
7 0.0755001 0.856071 0.151 0.170545
2 0.26499 0.624192 0.0862175 0.035059
2 0.765327 0.73495 0.150629 0.0859602
2 0.529101 0.59384 0.0659614 0.0302872
2 0.505096 0.565382 0.0547124 0.0280236
2 0.075158 0.856342 0.150157 0.170704
2 0.39154 0.565271 0.0517994 0.024472
2 0.333215 0.590636 0.0652226 0.028303
2 0.727372 0.559097 0.0604319 0.0253904
2 0.838535 0.58586 0.107076 0.0485287
2 0.670819 0.546984 0.0498844 0.0186796
2 0.212893 0.574403 0.0668038 0.0325607
2 0.898617 0.869729 0.201226 0.119605
2 0.85732 0.789761 0.198079 0.0985403
2 0.566449 0.617258 0.0716927 0.0327124
2 0.122345 0.731779 0.144286 0.0724372
5 0.344335 0.707228 0.155455 0.132704
2 0.191653 0.664694 0.107642 0.0541385
7 0.0755001 0.856071 0.151 0.170545
2 0.26499 0.624192 0.0862175 0.035059
2 0.765327 0.73495 0.150629 0.0859602
2 0.529101 0.59384 0.0659614 0.0302872
2 0.505096 0.565382 0.0547124 0.0280236
2 0.075158 0.856342 0.150157 0.170704
2 0.39154 0.565271 0.0517994 0.024472
2 0.333215 0.590636 0.0652226 0.028303
2 0.727372 0.559097 0.0604319 0.0253904
2 0.838535 0.58586 0.107076 0.0485287
2 0.670819 0.546984 0.0498844 0.0186796
2 0.212893 0.574403 0.0668038 0.0325607
2 0.898617 0.869729 0.201226 0.119605
2 0.85732 0.789761 0.198079 0.0985403
2 0.566449 0.617258 0.0716927 0.0327124
2 0.122345 0.731779 0.144286 0.0724372
5 0.344335 0.707228 0.155455 0.132704
2 0.191653 0.664694 0.107642 0.0541385
7 0.0755001 0.856071 0.151 0.170545
2 0.26499 0.624192 0.0862175 0.035059
2 0.765327 0.73495 0.150629 0.0859602
2 0.529101 0.59384 0.0659614 0.0302872
2 0.505096 0.565382 0.0547124 0.0280236
2 0.075158 0.856342 0.150157 0.170704
2 0.39154 0.565271 0.0517994 0.024472
2 0.333215 0.590636 0.0652226 0.028303
2 0.727372 0.559097 0.0604319 0.0253904
2 0.838535 0.58586 0.107076 0.0485287
2 0.670819 0.546984 0.0498844 0.0186796
2 0.212893 0.574403 0.0668038 0.0325607
2 0.898617 0.869729 0.201226 0.119605
2 0.85732 0.789761 0.198079 0.0985403
2 0.566449 0.617258 0.0716927 0.0327124
2 0.122345 0.731779 0.144286 0.0724372
5 0.344335 0.707228 0.155455 0.132704
2 0.191653 0.664694 0.107642 0.0541385
7 0.0755001 0.856071 0.151 0.170545
2 0.26499 0.624192 0.0862175 0.035059
2 0.765327 0.73495 0.150629 0.0859602
2 0.529101 0.59384 0.0659614 0.0302872
2 0.505096 0.565382 0.0547124 0.0280236
2 0.075158 0.856342 0.150157 0.170704
2 0.39154 0.565271 0.0517994 0.024472
2 0.333215 0.590636 0.0652226 0.028303
2 0.727372 0.559097 0.0604319 0.0253904
2 0.838535 0.58586 0.107076 0.0485287
2 0.670819 0.546984 0.0498844 0.0186796
2 0.212893 0.574403 0.0668038 0.0325607
2 0.898617 0.869729 0.201226 0.119605
2 0.85732 0.789761 0.198079 0.0985403
2 0.566449 0.617258 0.0716927 0.0327124
2 0.122345 0.731779 0.144286 0.0724372
5 0.344335 0.707228 0.155455 0.132704
2 0.191653 0.664694 0.107642 0.0541385
7 0.0755001 0.856071 0.151 0.170545
2 0.26499 0.624192 0.0862175 0.035059
2 0.765327 0.73495 0.150629 0.0859602
2 0.529101 0.59384 0.0659614 0.0302872
2 0.505096 0.565382 0.0547124 0.0280236
2 0.075158 0.856342 0.150157 0.170704
2 0.39154 0.565271 0.0517994 0.024472
2 0.333215 0.590636 0.0652226 0.028303
2 0.727372 0.559097 0.0604319 0.0253904
2 0.838535 0.58586 0.107076 0.0485287
2 0.670819 0.546984 0.0498844 0.0186796
2 0.212893 0.574403 0.0668038 0.0325607
2 0.898617 0.869729 0.201226 0.119605
2 0.85732 0.789761 0.198079 0.0985403
2 0.566449 0.617258 0.0716927 0.0327124
2 0.122345 0.731779 0.144286 0.0724372
5 0.344335 0.707228 0.155455 0.132704
2 0.191653 0.664694 0.107642 0.0541385
7 0.0755001 0.856071 0.151 0.170545
2 0.26499 0.624192 0.0862175 0.035059
2 0.765327 0.73495 0.150629 0.0859602
2 0.529101 0.59384 0.0659614 0.0302872
2 0.505096 0.565382 0.0547124 0.0280236
2 0.075158 0.856342 0.150157 0.170704
2 0.39154 0.565271 0.0517994 0.024472
2 0.333215 0.590636 0.0652226 0.028303
2 0.727372 0.559097 0.0604319 0.0253904
2 0.838535 0.58586 0.107076 0.0485287
2 0.670819 0.546984 0.0498844 0.0186796
2 0.212893 0.574403 0.0668038 0.0325607
2 0.898617 0.869729 0.201226 0.119605
2 0.85732 0.789761 0.198079 0.0985403
2 0.566449 0.617258 0.0716927 0.0327124
2 0.122345 0.731779 0.144286 0.0724372
5 0.344335 0.707228 0.155455 0.132704
2 0.191653 0.664694 0.107642 0.0541385
7 0.0755001 0.856071 0.151 0.170545
2 0.26499 0.624192 0.0862175 0.035059
2 0.765327 0.73495 0.150629 0.0859602
2 0.529101 0.59384 0.0659614 0.0302872
2 0.505096 0.565382 0.0547124 0.0280236
2 0.075158 0.856342 0.150157 0.170704
2 0.39154 0.565271 0.0517994 0.024472
2 0.333215 0.590636 0.0652226 0.028303
2 0.727372 0.559097 0.0604319 0.0253904
2 0.838535 0.58586 0.107076 0.0485287
2 0.670819 0.546984 0.0498844 0.0186796
2 0.212893 0.574403 0.0668038 0.0325607
2 0.898617 0.869729 0.201226 0.119605
2 0.85732 0.789761 0.198079 0.0985403
2 0.566449 0.617258 0.0716927 0.0327124
2 0.122345 0.731779 0.144286 0.0724372
5 0.344335 0.707228 0.155455 0.132704
2 0.191653 0.664694 0.107642 0.0541385
7 0.0755001 0.856071 0.151 0.170545
2 0.26499 0.624192 0.0862175 0.035059
2 0.765327 0.73495 0.150629 0.0859602
2 0.529101 0.59384 0.0659614 0.0302872
2 0.505096 0.565382 0.0547124 0.0280236
2 0.075158 0.856342 0.150157 0.170704
2 0.39154 0.565271 0.0517994 0.024472
2 0.333215 0.590636 0.0652226 0.028303
2 0.727372 0.559097 0.0604319 0.0253904
2 0.838535 0.58586 0.107076 0.0485287
2 0.670819 0.546984 0.0498844 0.0186796
2 0.212893 0.574403 0.0668038 0.0325607
2 0.898617 0.869729 0.201226 0.119605
2 0.85732 0.789761 0.198079 0.0985403
2 0.566449 0.617258 0.0716927 0.0327124
2 0.122345 0.731779 0.144286 0.0724372
5 0.344335 0.707228 0.155455 0.132704
2 0.191653 0.664694 0.107642 0.0541385
7 0.0755001 0.856071 0.151 0.170545
2 0.26499 0.624192 0.0862175 0.035059
2 0.765327 0.73495 0.150629 0.0859602
2 0.529101 0.59384 0.0659614 0.0302872
2 0.505096 0.565382 0.0547124 0.0280236
2 0.075158 0.856342 0.150157 0.170704
2 0.39154 0.565271 0.0517994 0.024472
2 0.333215 0.590636 0.0652226 0.028303
2 0.727372 0.559097 0.0604319 0.0253904
2 0.838535 0.58586 0.107076 0.0485287
2 0.670819 0.546984 0.0498844 0.0186796
2 0.212893 0.574403 0.0668038 0.0325607
5 0.34394 0.707359 0.156313 0.132806
2 0.122783 0.730548 0.144796 0.0691704
2 0.859569 0.786934 0.200619 0.0934395
2 0.566791 0.617541 0.0748021 0.0323827
2 0.265824 0.62416 0.087234 0.0346509
2 0.89853 0.869246 0.202939 0.120136
2 0.762254 0.734273 0.146683 0.0850906
2 0.528332 0.591682 0.0628287 0.0282036
2 0.192405 0.664982 0.108665 0.0535244
2 0.333723 0.59089 0.0657066 0.0272367
2 0.503679 0.565073 0.0550474 0.0273893
2 0.391043 0.565713 0.0528962 0.0236849
2 0.726728 0.558529 0.060712 0.0254959
5 0.34394 0.707359 0.156313 0.132806
2 0.122783 0.730548 0.144796 0.0691704
2 0.859569 0.786934 0.200619 0.0934395
2 0.566791 0.617541 0.0748021 0.0323827
2 0.265824 0.62416 0.087234 0.0346509
2 0.89853 0.869246 0.202939 0.120136
2 0.762254 0.734273 0.146683 0.0850906
2 0.528332 0.591682 0.0628287 0.0282036
2 0.192405 0.664982 0.108665 0.0535244
2 0.333723 0.59089 0.0657066 0.0272367
2 0.503679 0.565073 0.0550474 0.0273893
2 0.391043 0.565713 0.0528962 0.0236849
2 0.726728 0.558529 0.060712 0.0254959
5 0.34394 0.707359 0.156313 0.132806
2 0.122783 0.730548 0.144796 0.0691704
2 0.859569 0.786934 0.200619 0.0934395
2 0.566791 0.617541 0.0748021 0.0323827
2 0.265824 0.62416 0.087234 0.0346509
2 0.89853 0.869246 0.202939 0.120136
2 0.762254 0.734273 0.146683 0.0850906
2 0.528332 0.591682 0.0628287 0.0282036
2 0.192405 0.664982 0.108665 0.0535244
2 0.333723 0.59089 0.0657066 0.0272367
2 0.503679 0.565073 0.0550474 0.0273893
2 0.391043 0.565713 0.0528962 0.0236849
2 0.726728 0.558529 0.060712 0.0254959
5 0.34394 0.707359 0.156313 0.132806
2 0.122783 0.730548 0.144796 0.0691704
2 0.859569 0.786934 0.200619 0.0934395
2 0.566791 0.617541 0.0748021 0.0323827
2 0.265824 0.62416 0.087234 0.0346509
2 0.89853 0.869246 0.202939 0.120136
2 0.762254 0.734273 0.146683 0.0850906
2 0.528332 0.591682 0.0628287 0.0282036
2 0.192405 0.664982 0.108665 0.0535244
2 0.333723 0.59089 0.0657066 0.0272367
2 0.503679 0.565073 0.0550474 0.0273893
2 0.391043 0.565713 0.0528962 0.0236849
2 0.726728 0.558529 0.060712 0.0254959
5 0.34394 0.707359 0.156313 0.132806
2 0.122783 0.730548 0.144796 0.0691704
2 0.859569 0.786934 0.200619 0.0934395
2 0.566791 0.617541 0.0748021 0.0323827
2 0.265824 0.62416 0.087234 0.0346509
2 0.89853 0.869246 0.202939 0.120136
2 0.762254 0.734273 0.146683 0.0850906
2 0.528332 0.591682 0.0628287 0.0282036
2 0.192405 0.664982 0.108665 0.0535244
2 0.333723 0.59089 0.0657066 0.0272367
2 0.503679 0.565073 0.0550474 0.0273893
2 0.391043 0.565713 0.0528962 0.0236849
2 0.726728 0.558529 0.060712 0.0254959
5 0.34394 0.707359 0.156313 0.132806
2 0.122783 0.730548 0.144796 0.0691704
2 0.859569 0.786934 0.200619 0.0934395
2 0.566791 0.617541 0.0748021 0.0323827
2 0.265824 0.62416 0.087234 0.0346509
2 0.89853 0.869246 0.202939 0.120136
2 0.762254 0.734273 0.146683 0.0850906
2 0.528332 0.591682 0.0628287 0.0282036
2 0.192405 0.664982 0.108665 0.0535244
2 0.333723 0.59089 0.0657066 0.0272367
2 0.503679 0.565073 0.0550474 0.0273893
2 0.391043 0.565713 0.0528962 0.0236849
2 0.726728 0.558529 0.060712 0.0254959
5 0.34394 0.707359 0.156313 0.132806
2 0.122783 0.730548 0.144796 0.0691704
2 0.859569 0.786934 0.200619 0.0934395
2 0.566791 0.617541 0.0748021 0.0323827
2 0.265824 0.62416 0.087234 0.0346509
2 0.89853 0.869246 0.202939 0.120136
2 0.762254 0.734273 0.146683 0.0850906
2 0.528332 0.591682 0.0628287 0.0282036
2 0.192405 0.664982 0.108665 0.0535244
2 0.333723 0.59089 0.0657066 0.0272367
2 0.503679 0.565073 0.0550474 0.0273893
2 0.391043 0.565713 0.0528962 0.0236849
2 0.726728 0.558529 0.060712 0.0254959
5 0.34394 0.707359 0.156313 0.132806
2 0.122783 0.730548 0.144796 0.0691704
2 0.859569 0.786934 0.200619 0.0934395
2 0.566791 0.617541 0.0748021 0.0323827
2 0.265824 0.62416 0.087234 0.0346509
2 0.89853 0.869246 0.202939 0.120136
2 0.762254 0.734273 0.146683 0.0850906
2 0.528332 0.591682 0.0628287 0.0282036
2 0.192405 0.664982 0.108665 0.0535244
2 0.333723 0.59089 0.0657066 0.0272367
2 0.503679 0.565073 0.0550474 0.0273893
2 0.391043 0.565713 0.0528962 0.0236849
2 0.726728 0.558529 0.060712 0.0254959
7 0.829609 0.585516 0.0893621 0.049225
7 0.0741375 0.854957 0.147614 0.168073
5 0.073871 0.854798 0.14734 0.166996
2 0.210604 0.573624 0.0696708 0.033405
