5 0.384996 0.873749 0.31837 0.25133
2 0.855659 0.789828 0.19911 0.0990971
2 0.0787149 0.787187 0.157395 0.0925152
2 0.144923 0.701963 0.12667 0.0564539
2 0.547889 0.675603 0.102354 0.047824
2 0.898657 0.870703 0.20053 0.120674
2 0.348916 0.73662 0.137701 0.0363441
2 0.219397 0.640866 0.092068 0.0408381
2 0.767606 0.733703 0.150806 0.0851978
2 0.311416 0.596861 0.0702928 0.0331735
2 0.50627 0.632811 0.0803489 0.0399666
2 0.0583993 0.956268 0.11628 0.0864769
2 0.461349 0.598923 0.0706585 0.0384764
7 0.358459 0.573164 0.0665608 0.0396271
2 0.742167 0.602851 0.121825 0.055502
7 0.481602 0.558731 0.0665151 0.049076
7 0.74231 0.602756 0.121494 0.0553406
2 0.675703 0.544649 0.0439295 0.0189695
2 0.787094 0.56807 0.0716088 0.0283491
7 0.244997 0.561204 0.0729579 0.039665
2 0.413156 0.556757 0.0603504 0.0254156
5 0.480861 0.557927 0.0680437 0.0484243
5 0.384996 0.873749 0.31837 0.25133
2 0.855659 0.789828 0.19911 0.0990971
2 0.0787149 0.787187 0.157395 0.0925152
2 0.144923 0.701963 0.12667 0.0564539
2 0.547889 0.675603 0.102354 0.047824
2 0.898657 0.870703 0.20053 0.120674
2 0.348916 0.73662 0.137701 0.0363441
2 0.219397 0.640866 0.092068 0.0408381
2 0.767606 0.733703 0.150806 0.0851978
2 0.311416 0.596861 0.0702928 0.0331735
2 0.50627 0.632811 0.0803489 0.0399666
2 0.0583993 0.956268 0.11628 0.0864769
2 0.461349 0.598923 0.0706585 0.0384764
7 0.358459 0.573164 0.0665608 0.0396271
2 0.742167 0.602851 0.121825 0.055502
7 0.481602 0.558731 0.0665151 0.049076
7 0.74231 0.602756 0.121494 0.0553406
2 0.675703 0.544649 0.0439295 0.0189695
2 0.787094 0.56807 0.0716088 0.0283491
7 0.244997 0.561204 0.0729579 0.039665
2 0.413156 0.556757 0.0603504 0.0254156
5 0.480861 0.557927 0.0680437 0.0484243
5 0.384996 0.873749 0.31837 0.25133
2 0.855659 0.789828 0.19911 0.0990971
2 0.0787149 0.787187 0.157395 0.0925152
2 0.144923 0.701963 0.12667 0.0564539
2 0.547889 0.675603 0.102354 0.047824
2 0.898657 0.870703 0.20053 0.120674
2 0.348916 0.73662 0.137701 0.0363441
2 0.219397 0.640866 0.092068 0.0408381
2 0.767606 0.733703 0.150806 0.0851978
2 0.311416 0.596861 0.0702928 0.0331735
2 0.50627 0.632811 0.0803489 0.0399666
2 0.0583993 0.956268 0.11628 0.0864769
2 0.461349 0.598923 0.0706585 0.0384764
7 0.358459 0.573164 0.0665608 0.0396271
2 0.742167 0.602851 0.121825 0.055502
7 0.481602 0.558731 0.0665151 0.049076
7 0.74231 0.602756 0.121494 0.0553406
2 0.675703 0.544649 0.0439295 0.0189695
2 0.787094 0.56807 0.0716088 0.0283491
7 0.244997 0.561204 0.0729579 0.039665
2 0.413156 0.556757 0.0603504 0.0254156
5 0.480861 0.557927 0.0680437 0.0484243
5 0.384996 0.873749 0.31837 0.25133
2 0.855659 0.789828 0.19911 0.0990971
2 0.0787149 0.787187 0.157395 0.0925152
2 0.144923 0.701963 0.12667 0.0564539
2 0.547889 0.675603 0.102354 0.047824
2 0.898657 0.870703 0.20053 0.120674
2 0.348916 0.73662 0.137701 0.0363441
2 0.219397 0.640866 0.092068 0.0408381
2 0.767606 0.733703 0.150806 0.0851978
2 0.311416 0.596861 0.0702928 0.0331735
2 0.50627 0.632811 0.0803489 0.0399666
2 0.0583993 0.956268 0.11628 0.0864769
2 0.461349 0.598923 0.0706585 0.0384764
7 0.358459 0.573164 0.0665608 0.0396271
2 0.742167 0.602851 0.121825 0.055502
7 0.481602 0.558731 0.0665151 0.049076
7 0.74231 0.602756 0.121494 0.0553406
2 0.675703 0.544649 0.0439295 0.0189695
2 0.787094 0.56807 0.0716088 0.0283491
7 0.244997 0.561204 0.0729579 0.039665
2 0.413156 0.556757 0.0603504 0.0254156
5 0.480861 0.557927 0.0680437 0.0484243
5 0.384996 0.873749 0.31837 0.25133
2 0.855659 0.789828 0.19911 0.0990971
2 0.0787149 0.787187 0.157395 0.0925152
2 0.144923 0.701963 0.12667 0.0564539
2 0.547889 0.675603 0.102354 0.047824
2 0.898657 0.870703 0.20053 0.120674
2 0.348916 0.73662 0.137701 0.0363441
2 0.219397 0.640866 0.092068 0.0408381
2 0.767606 0.733703 0.150806 0.0851978
2 0.311416 0.596861 0.0702928 0.0331735
2 0.50627 0.632811 0.0803489 0.0399666
2 0.0583993 0.956268 0.11628 0.0864769
2 0.461349 0.598923 0.0706585 0.0384764
7 0.358459 0.573164 0.0665608 0.0396271
2 0.742167 0.602851 0.121825 0.055502
7 0.481602 0.558731 0.0665151 0.049076
7 0.74231 0.602756 0.121494 0.0553406
2 0.675703 0.544649 0.0439295 0.0189695
2 0.787094 0.56807 0.0716088 0.0283491
7 0.244997 0.561204 0.0729579 0.039665
2 0.413156 0.556757 0.0603504 0.0254156
5 0.480861 0.557927 0.0680437 0.0484243
5 0.384996 0.873749 0.31837 0.25133
2 0.855659 0.789828 0.19911 0.0990971
2 0.0787149 0.787187 0.157395 0.0925152
2 0.144923 0.701963 0.12667 0.0564539
2 0.547889 0.675603 0.102354 0.047824
2 0.898657 0.870703 0.20053 0.120674
2 0.348916 0.73662 0.137701 0.0363441
2 0.219397 0.640866 0.092068 0.0408381
2 0.767606 0.733703 0.150806 0.0851978
2 0.311416 0.596861 0.0702928 0.0331735
2 0.50627 0.632811 0.0803489 0.0399666
2 0.0583993 0.956268 0.11628 0.0864769
2 0.461349 0.598923 0.0706585 0.0384764
7 0.358459 0.573164 0.0665608 0.0396271
2 0.742167 0.602851 0.121825 0.055502
7 0.481602 0.558731 0.0665151 0.049076
7 0.74231 0.602756 0.121494 0.0553406
2 0.675703 0.544649 0.0439295 0.0189695
2 0.787094 0.56807 0.0716088 0.0283491
7 0.244997 0.561204 0.0729579 0.039665
2 0.413156 0.556757 0.0603504 0.0254156
5 0.480861 0.557927 0.0680437 0.0484243
5 0.384996 0.873749 0.31837 0.25133
2 0.855659 0.789828 0.19911 0.0990971
2 0.0787149 0.787187 0.157395 0.0925152
2 0.144923 0.701963 0.12667 0.0564539
2 0.547889 0.675603 0.102354 0.047824
2 0.898657 0.870703 0.20053 0.120674
2 0.348916 0.73662 0.137701 0.0363441
2 0.219397 0.640866 0.092068 0.0408381
2 0.767606 0.733703 0.150806 0.0851978
2 0.311416 0.596861 0.0702928 0.0331735
2 0.50627 0.632811 0.0803489 0.0399666
2 0.0583993 0.956268 0.11628 0.0864769
2 0.461349 0.598923 0.0706585 0.0384764
7 0.358459 0.573164 0.0665608 0.0396271
2 0.742167 0.602851 0.121825 0.055502
7 0.481602 0.558731 0.0665151 0.049076
7 0.74231 0.602756 0.121494 0.0553406
2 0.675703 0.544649 0.0439295 0.0189695
2 0.787094 0.56807 0.0716088 0.0283491
7 0.244997 0.561204 0.0729579 0.039665
2 0.413156 0.556757 0.0603504 0.0254156
5 0.480861 0.557927 0.0680437 0.0484243
5 0.384996 0.873749 0.31837 0.25133
2 0.855659 0.789828 0.19911 0.0990971
2 0.0787149 0.787187 0.157395 0.0925152
2 0.144923 0.701963 0.12667 0.0564539
2 0.547889 0.675603 0.102354 0.047824
2 0.898657 0.870703 0.20053 0.120674
2 0.348916 0.73662 0.137701 0.0363441
2 0.219397 0.640866 0.092068 0.0408381
2 0.767606 0.733703 0.150806 0.0851978
2 0.311416 0.596861 0.0702928 0.0331735
2 0.50627 0.632811 0.0803489 0.0399666
2 0.0583993 0.956268 0.11628 0.0864769
2 0.461349 0.598923 0.0706585 0.0384764
7 0.358459 0.573164 0.0665608 0.0396271
2 0.742167 0.602851 0.121825 0.055502
7 0.481602 0.558731 0.0665151 0.049076
7 0.74231 0.602756 0.121494 0.0553406
2 0.675703 0.544649 0.0439295 0.0189695
2 0.787094 0.56807 0.0716088 0.0283491
7 0.244997 0.561204 0.0729579 0.039665
2 0.413156 0.556757 0.0603504 0.0254156
5 0.480861 0.557927 0.0680437 0.0484243
5 0.384996 0.873749 0.31837 0.25133
2 0.855659 0.789828 0.19911 0.0990971
2 0.0787149 0.787187 0.157395 0.0925152
2 0.144923 0.701963 0.12667 0.0564539
2 0.547889 0.675603 0.102354 0.047824
2 0.898657 0.870703 0.20053 0.120674
2 0.348916 0.73662 0.137701 0.0363441
2 0.219397 0.640866 0.092068 0.0408381
2 0.767606 0.733703 0.150806 0.0851978
2 0.311416 0.596861 0.0702928 0.0331735
2 0.50627 0.632811 0.0803489 0.0399666
2 0.0583993 0.956268 0.11628 0.0864769
2 0.461349 0.598923 0.0706585 0.0384764
7 0.358459 0.573164 0.0665608 0.0396271
2 0.742167 0.602851 0.121825 0.055502
7 0.481602 0.558731 0.0665151 0.049076
7 0.74231 0.602756 0.121494 0.0553406
2 0.675703 0.544649 0.0439295 0.0189695
2 0.787094 0.56807 0.0716088 0.0283491
7 0.244997 0.561204 0.0729579 0.039665
2 0.413156 0.556757 0.0603504 0.0254156
5 0.480861 0.557927 0.0680437 0.0484243
5 0.384996 0.873749 0.31837 0.25133
2 0.855659 0.789828 0.19911 0.0990971
2 0.0787149 0.787187 0.157395 0.0925152
2 0.144923 0.701963 0.12667 0.0564539
2 0.547889 0.675603 0.102354 0.047824
2 0.898657 0.870703 0.20053 0.120674
2 0.348916 0.73662 0.137701 0.0363441
2 0.219397 0.640866 0.092068 0.0408381
2 0.767606 0.733703 0.150806 0.0851978
2 0.311416 0.596861 0.0702928 0.0331735
2 0.50627 0.632811 0.0803489 0.0399666
2 0.0583993 0.956268 0.11628 0.0864769
2 0.461349 0.598923 0.0706585 0.0384764
7 0.358459 0.573164 0.0665608 0.0396271
2 0.742167 0.602851 0.121825 0.055502
7 0.481602 0.558731 0.0665151 0.049076
7 0.74231 0.602756 0.121494 0.0553406
2 0.675703 0.544649 0.0439295 0.0189695
2 0.787094 0.56807 0.0716088 0.0283491
7 0.244997 0.561204 0.0729579 0.039665
2 0.413156 0.556757 0.0603504 0.0254156
5 0.480861 0.557927 0.0680437 0.0484243
5 0.384996 0.873749 0.31837 0.25133
2 0.855659 0.789828 0.19911 0.0990971
2 0.0787149 0.787187 0.157395 0.0925152
2 0.144923 0.701963 0.12667 0.0564539
2 0.547889 0.675603 0.102354 0.047824
2 0.898657 0.870703 0.20053 0.120674
2 0.348916 0.73662 0.137701 0.0363441
2 0.219397 0.640866 0.092068 0.0408381
2 0.767606 0.733703 0.150806 0.0851978
2 0.311416 0.596861 0.0702928 0.0331735
2 0.50627 0.632811 0.0803489 0.0399666
2 0.0583993 0.956268 0.11628 0.0864769
2 0.461349 0.598923 0.0706585 0.0384764
7 0.358459 0.573164 0.0665608 0.0396271
2 0.742167 0.602851 0.121825 0.055502
7 0.481602 0.558731 0.0665151 0.049076
7 0.74231 0.602756 0.121494 0.0553406
2 0.675703 0.544649 0.0439295 0.0189695
2 0.787094 0.56807 0.0716088 0.0283491
7 0.244997 0.561204 0.0729579 0.039665
2 0.413156 0.556757 0.0603504 0.0254156
5 0.480861 0.557927 0.0680437 0.0484243
5 0.384996 0.873749 0.31837 0.25133
2 0.855659 0.789828 0.19911 0.0990971
2 0.0787149 0.787187 0.157395 0.0925152
2 0.144923 0.701963 0.12667 0.0564539
2 0.547889 0.675603 0.102354 0.047824
2 0.898657 0.870703 0.20053 0.120674
2 0.348916 0.73662 0.137701 0.0363441
2 0.219397 0.640866 0.092068 0.0408381
2 0.767606 0.733703 0.150806 0.0851978
2 0.311416 0.596861 0.0702928 0.0331735
2 0.50627 0.632811 0.0803489 0.0399666
2 0.0583993 0.956268 0.11628 0.0864769
2 0.461349 0.598923 0.0706585 0.0384764
7 0.358459 0.573164 0.0665608 0.0396271
2 0.742167 0.602851 0.121825 0.055502
7 0.481602 0.558731 0.0665151 0.049076
7 0.74231 0.602756 0.121494 0.0553406
2 0.675703 0.544649 0.0439295 0.0189695
2 0.787094 0.56807 0.0716088 0.0283491
7 0.244997 0.561204 0.0729579 0.039665
2 0.413156 0.556757 0.0603504 0.0254156
5 0.480861 0.557927 0.0680437 0.0484243
5 0.384996 0.873749 0.31837 0.25133
2 0.855659 0.789828 0.19911 0.0990971
2 0.0787149 0.787187 0.157395 0.0925152
2 0.144923 0.701963 0.12667 0.0564539
2 0.547889 0.675603 0.102354 0.047824
2 0.898657 0.870703 0.20053 0.120674
2 0.348916 0.73662 0.137701 0.0363441
2 0.219397 0.640866 0.092068 0.0408381
2 0.767606 0.733703 0.150806 0.0851978
2 0.311416 0.596861 0.0702928 0.0331735
2 0.50627 0.632811 0.0803489 0.0399666
2 0.0583993 0.956268 0.11628 0.0864769
2 0.461349 0.598923 0.0706585 0.0384764
7 0.358459 0.573164 0.0665608 0.0396271
2 0.742167 0.602851 0.121825 0.055502
7 0.481602 0.558731 0.0665151 0.049076
7 0.74231 0.602756 0.121494 0.0553406
2 0.675703 0.544649 0.0439295 0.0189695
2 0.787094 0.56807 0.0716088 0.0283491
7 0.244997 0.561204 0.0729579 0.039665
2 0.413156 0.556757 0.0603504 0.0254156
5 0.480861 0.557927 0.0680437 0.0484243
5 0.385025 0.874274 0.319513 0.251156
2 0.0800861 0.787701 0.159591 0.0935591
2 0.144747 0.701675 0.125527 0.0548498
2 0.549219 0.675395 0.101826 0.0467356
2 0.858357 0.787471 0.201058 0.0940358
2 0.347625 0.736395 0.137535 0.0356532
2 0.898497 0.870035 0.202925 0.120387
2 0.219689 0.641199 0.0941967 0.0415411
2 0.762378 0.734266 0.148573 0.0846031
2 0.50655 0.632516 0.0818153 0.0399246
2 0.312077 0.596822 0.0710997 0.0330656
7 0.740696 0.602221 0.11888 0.0554024
2 0.0581569 0.956418 0.114886 0.0862499
2 0.462092 0.597699 0.0719632 0.0377522
5 0.481673 0.557104 0.0691755 0.0511311
5 0.385025 0.874274 0.319513 0.251156
2 0.0800861 0.787701 0.159591 0.0935591
2 0.144747 0.701675 0.125527 0.0548498
2 0.549219 0.675395 0.101826 0.0467356
2 0.858357 0.787471 0.201058 0.0940358
2 0.347625 0.736395 0.137535 0.0356532
2 0.898497 0.870035 0.202925 0.120387
2 0.219689 0.641199 0.0941967 0.0415411
2 0.762378 0.734266 0.148573 0.0846031
2 0.50655 0.632516 0.0818153 0.0399246
2 0.312077 0.596822 0.0710997 0.0330656
7 0.740696 0.602221 0.11888 0.0554024
2 0.0581569 0.956418 0.114886 0.0862499
2 0.462092 0.597699 0.0719632 0.0377522
5 0.481673 0.557104 0.0691755 0.0511311
