2 0.0663309 0.780257 0.132656 0.0913977
2 0.64166 0.859993 0.232206 0.115278
5 0.364452 0.653402 0.135686 0.11294
2 0.855392 0.791066 0.2009 0.101102
2 0.764563 0.733242 0.148911 0.0819729
2 0.393426 0.794602 0.177706 0.103647
2 0.0349168 0.95098 0.0691706 0.0969881
5 0.134357 0.688513 0.143039 0.0892623
2 0.22235 0.648107 0.0954942 0.0396266
2 0.489216 0.58711 0.0653695 0.0262422
2 0.892092 0.991348 0.212838 0.0166658
7 0.563268 0.67763 0.125426 0.0921237
5 0.563534 0.677702 0.125725 0.0922079
2 0.445485 0.619428 0.0624524 0.0414074
2 0.310506 0.601407 0.0658639 0.0324252
2 0.139272 0.597814 0.0460783 0.030621
2 0.0308018 0.585369 0.0600164 0.0287671
2 0.217437 0.571688 0.067932 0.0342593
2 0.494671 0.557091 0.0438663 0.0188237
2 0.452802 0.568659 0.0483103 0.0253212
7 0.446192 0.619833 0.0632523 0.040585
2 0.58808 0.542247 0.0453502 0.0213511
2 0.0663309 0.780257 0.132656 0.0913977
2 0.64166 0.859993 0.232206 0.115278
5 0.364452 0.653402 0.135686 0.11294
2 0.855392 0.791066 0.2009 0.101102
2 0.764563 0.733242 0.148911 0.0819729
2 0.393426 0.794602 0.177706 0.103647
2 0.0349168 0.95098 0.0691706 0.0969881
5 0.134357 0.688513 0.143039 0.0892623
2 0.22235 0.648107 0.0954942 0.0396266
2 0.489216 0.58711 0.0653695 0.0262422
2 0.892092 0.991348 0.212838 0.0166658
7 0.563268 0.67763 0.125426 0.0921237
5 0.563534 0.677702 0.125725 0.0922079
2 0.445485 0.619428 0.0624524 0.0414074
2 0.310506 0.601407 0.0658639 0.0324252
2 0.139272 0.597814 0.0460783 0.030621
2 0.0308018 0.585369 0.0600164 0.0287671
2 0.217437 0.571688 0.067932 0.0342593
2 0.494671 0.557091 0.0438663 0.0188237
2 0.452802 0.568659 0.0483103 0.0253212
7 0.446192 0.619833 0.0632523 0.040585
2 0.58808 0.542247 0.0453502 0.0213511
2 0.0663309 0.780257 0.132656 0.0913977
2 0.64166 0.859993 0.232206 0.115278
5 0.364452 0.653402 0.135686 0.11294
2 0.855392 0.791066 0.2009 0.101102
2 0.764563 0.733242 0.148911 0.0819729
2 0.393426 0.794602 0.177706 0.103647
2 0.0349168 0.95098 0.0691706 0.0969881
5 0.134357 0.688513 0.143039 0.0892623
2 0.22235 0.648107 0.0954942 0.0396266
2 0.489216 0.58711 0.0653695 0.0262422
2 0.892092 0.991348 0.212838 0.0166658
7 0.563268 0.67763 0.125426 0.0921237
5 0.563534 0.677702 0.125725 0.0922079
2 0.445485 0.619428 0.0624524 0.0414074
2 0.310506 0.601407 0.0658639 0.0324252
2 0.139272 0.597814 0.0460783 0.030621
2 0.0308018 0.585369 0.0600164 0.0287671
2 0.217437 0.571688 0.067932 0.0342593
2 0.494671 0.557091 0.0438663 0.0188237
2 0.452802 0.568659 0.0483103 0.0253212
7 0.446192 0.619833 0.0632523 0.040585
2 0.58808 0.542247 0.0453502 0.0213511
2 0.0663309 0.780257 0.132656 0.0913977
2 0.64166 0.859993 0.232206 0.115278
5 0.364452 0.653402 0.135686 0.11294
2 0.855392 0.791066 0.2009 0.101102
2 0.764563 0.733242 0.148911 0.0819729
2 0.393426 0.794602 0.177706 0.103647
2 0.0349168 0.95098 0.0691706 0.0969881
5 0.134357 0.688513 0.143039 0.0892623
2 0.22235 0.648107 0.0954942 0.0396266
2 0.489216 0.58711 0.0653695 0.0262422
2 0.892092 0.991348 0.212838 0.0166658
7 0.563268 0.67763 0.125426 0.0921237
5 0.563534 0.677702 0.125725 0.0922079
2 0.445485 0.619428 0.0624524 0.0414074
2 0.310506 0.601407 0.0658639 0.0324252
2 0.139272 0.597814 0.0460783 0.030621
2 0.0308018 0.585369 0.0600164 0.0287671
2 0.217437 0.571688 0.067932 0.0342593
2 0.494671 0.557091 0.0438663 0.0188237
2 0.452802 0.568659 0.0483103 0.0253212
7 0.446192 0.619833 0.0632523 0.040585
2 0.58808 0.542247 0.0453502 0.0213511
2 0.0663309 0.780257 0.132656 0.0913977
2 0.64166 0.859993 0.232206 0.115278
5 0.364452 0.653402 0.135686 0.11294
2 0.855392 0.791066 0.2009 0.101102
2 0.764563 0.733242 0.148911 0.0819729
2 0.393426 0.794602 0.177706 0.103647
2 0.0349168 0.95098 0.0691706 0.0969881
5 0.134357 0.688513 0.143039 0.0892623
2 0.22235 0.648107 0.0954942 0.0396266
2 0.489216 0.58711 0.0653695 0.0262422
2 0.892092 0.991348 0.212838 0.0166658
7 0.563268 0.67763 0.125426 0.0921237
5 0.563534 0.677702 0.125725 0.0922079
2 0.445485 0.619428 0.0624524 0.0414074
2 0.310506 0.601407 0.0658639 0.0324252
2 0.139272 0.597814 0.0460783 0.030621
2 0.0308018 0.585369 0.0600164 0.0287671
2 0.217437 0.571688 0.067932 0.0342593
2 0.494671 0.557091 0.0438663 0.0188237
2 0.452802 0.568659 0.0483103 0.0253212
7 0.446192 0.619833 0.0632523 0.040585
2 0.58808 0.542247 0.0453502 0.0213511
2 0.0663309 0.780257 0.132656 0.0913977
2 0.64166 0.859993 0.232206 0.115278
5 0.364452 0.653402 0.135686 0.11294
2 0.855392 0.791066 0.2009 0.101102
2 0.764563 0.733242 0.148911 0.0819729
2 0.393426 0.794602 0.177706 0.103647
2 0.0349168 0.95098 0.0691706 0.0969881
5 0.134357 0.688513 0.143039 0.0892623
2 0.22235 0.648107 0.0954942 0.0396266
2 0.489216 0.58711 0.0653695 0.0262422
2 0.892092 0.991348 0.212838 0.0166658
7 0.563268 0.67763 0.125426 0.0921237
5 0.563534 0.677702 0.125725 0.0922079
2 0.445485 0.619428 0.0624524 0.0414074
2 0.310506 0.601407 0.0658639 0.0324252
2 0.139272 0.597814 0.0460783 0.030621
2 0.0308018 0.585369 0.0600164 0.0287671
2 0.217437 0.571688 0.067932 0.0342593
2 0.494671 0.557091 0.0438663 0.0188237
2 0.452802 0.568659 0.0483103 0.0253212
7 0.446192 0.619833 0.0632523 0.040585
2 0.58808 0.542247 0.0453502 0.0213511
2 0.0663309 0.780257 0.132656 0.0913977
2 0.64166 0.859993 0.232206 0.115278
5 0.364452 0.653402 0.135686 0.11294
2 0.855392 0.791066 0.2009 0.101102
2 0.764563 0.733242 0.148911 0.0819729
2 0.393426 0.794602 0.177706 0.103647
2 0.0349168 0.95098 0.0691706 0.0969881
5 0.134357 0.688513 0.143039 0.0892623
2 0.22235 0.648107 0.0954942 0.0396266
2 0.489216 0.58711 0.0653695 0.0262422
2 0.892092 0.991348 0.212838 0.0166658
7 0.563268 0.67763 0.125426 0.0921237
5 0.563534 0.677702 0.125725 0.0922079
2 0.445485 0.619428 0.0624524 0.0414074
2 0.310506 0.601407 0.0658639 0.0324252
2 0.139272 0.597814 0.0460783 0.030621
2 0.0308018 0.585369 0.0600164 0.0287671
2 0.217437 0.571688 0.067932 0.0342593
2 0.494671 0.557091 0.0438663 0.0188237
2 0.452802 0.568659 0.0483103 0.0253212
7 0.446192 0.619833 0.0632523 0.040585
2 0.58808 0.542247 0.0453502 0.0213511
2 0.0663309 0.780257 0.132656 0.0913977
2 0.64166 0.859993 0.232206 0.115278
5 0.364452 0.653402 0.135686 0.11294
2 0.855392 0.791066 0.2009 0.101102
2 0.764563 0.733242 0.148911 0.0819729
2 0.393426 0.794602 0.177706 0.103647
2 0.0349168 0.95098 0.0691706 0.0969881
5 0.134357 0.688513 0.143039 0.0892623
2 0.22235 0.648107 0.0954942 0.0396266
2 0.489216 0.58711 0.0653695 0.0262422
2 0.892092 0.991348 0.212838 0.0166658
7 0.563268 0.67763 0.125426 0.0921237
5 0.563534 0.677702 0.125725 0.0922079
2 0.445485 0.619428 0.0624524 0.0414074
2 0.310506 0.601407 0.0658639 0.0324252
2 0.139272 0.597814 0.0460783 0.030621
2 0.0308018 0.585369 0.0600164 0.0287671
2 0.217437 0.571688 0.067932 0.0342593
2 0.494671 0.557091 0.0438663 0.0188237
2 0.452802 0.568659 0.0483103 0.0253212
7 0.446192 0.619833 0.0632523 0.040585
2 0.58808 0.542247 0.0453502 0.0213511
2 0.0663309 0.780257 0.132656 0.0913977
2 0.64166 0.859993 0.232206 0.115278
5 0.364452 0.653402 0.135686 0.11294
2 0.855392 0.791066 0.2009 0.101102
2 0.764563 0.733242 0.148911 0.0819729
2 0.393426 0.794602 0.177706 0.103647
2 0.0349168 0.95098 0.0691706 0.0969881
5 0.134357 0.688513 0.143039 0.0892623
2 0.22235 0.648107 0.0954942 0.0396266
2 0.489216 0.58711 0.0653695 0.0262422
2 0.892092 0.991348 0.212838 0.0166658
7 0.563268 0.67763 0.125426 0.0921237
5 0.563534 0.677702 0.125725 0.0922079
2 0.445485 0.619428 0.0624524 0.0414074
2 0.310506 0.601407 0.0658639 0.0324252
2 0.139272 0.597814 0.0460783 0.030621
2 0.0308018 0.585369 0.0600164 0.0287671
2 0.217437 0.571688 0.067932 0.0342593
2 0.494671 0.557091 0.0438663 0.0188237
2 0.452802 0.568659 0.0483103 0.0253212
7 0.446192 0.619833 0.0632523 0.040585
2 0.58808 0.542247 0.0453502 0.0213511
2 0.0663309 0.780257 0.132656 0.0913977
2 0.64166 0.859993 0.232206 0.115278
5 0.364452 0.653402 0.135686 0.11294
2 0.855392 0.791066 0.2009 0.101102
2 0.764563 0.733242 0.148911 0.0819729
2 0.393426 0.794602 0.177706 0.103647
2 0.0349168 0.95098 0.0691706 0.0969881
5 0.134357 0.688513 0.143039 0.0892623
2 0.22235 0.648107 0.0954942 0.0396266
2 0.489216 0.58711 0.0653695 0.0262422
2 0.892092 0.991348 0.212838 0.0166658
7 0.563268 0.67763 0.125426 0.0921237
5 0.563534 0.677702 0.125725 0.0922079
2 0.445485 0.619428 0.0624524 0.0414074
2 0.310506 0.601407 0.0658639 0.0324252
2 0.139272 0.597814 0.0460783 0.030621
2 0.0308018 0.585369 0.0600164 0.0287671
2 0.217437 0.571688 0.067932 0.0342593
2 0.494671 0.557091 0.0438663 0.0188237
2 0.452802 0.568659 0.0483103 0.0253212
7 0.446192 0.619833 0.0632523 0.040585
2 0.58808 0.542247 0.0453502 0.0213511
2 0.0663309 0.780257 0.132656 0.0913977
2 0.64166 0.859993 0.232206 0.115278
5 0.364452 0.653402 0.135686 0.11294
2 0.855392 0.791066 0.2009 0.101102
2 0.764563 0.733242 0.148911 0.0819729
2 0.393426 0.794602 0.177706 0.103647
2 0.0349168 0.95098 0.0691706 0.0969881
5 0.134357 0.688513 0.143039 0.0892623
2 0.22235 0.648107 0.0954942 0.0396266
2 0.489216 0.58711 0.0653695 0.0262422
2 0.892092 0.991348 0.212838 0.0166658
7 0.563268 0.67763 0.125426 0.0921237
5 0.563534 0.677702 0.125725 0.0922079
2 0.445485 0.619428 0.0624524 0.0414074
2 0.310506 0.601407 0.0658639 0.0324252
2 0.139272 0.597814 0.0460783 0.030621
2 0.0308018 0.585369 0.0600164 0.0287671
2 0.217437 0.571688 0.067932 0.0342593
2 0.494671 0.557091 0.0438663 0.0188237
2 0.452802 0.568659 0.0483103 0.0253212
7 0.446192 0.619833 0.0632523 0.040585
2 0.58808 0.542247 0.0453502 0.0213511
2 0.0663309 0.780257 0.132656 0.0913977
2 0.64166 0.859993 0.232206 0.115278
5 0.364452 0.653402 0.135686 0.11294
2 0.855392 0.791066 0.2009 0.101102
2 0.764563 0.733242 0.148911 0.0819729
2 0.393426 0.794602 0.177706 0.103647
2 0.0349168 0.95098 0.0691706 0.0969881
5 0.134357 0.688513 0.143039 0.0892623
2 0.22235 0.648107 0.0954942 0.0396266
2 0.489216 0.58711 0.0653695 0.0262422
2 0.892092 0.991348 0.212838 0.0166658
7 0.563268 0.67763 0.125426 0.0921237
5 0.563534 0.677702 0.125725 0.0922079
2 0.445485 0.619428 0.0624524 0.0414074
2 0.310506 0.601407 0.0658639 0.0324252
2 0.139272 0.597814 0.0460783 0.030621
2 0.0308018 0.585369 0.0600164 0.0287671
2 0.217437 0.571688 0.067932 0.0342593
2 0.494671 0.557091 0.0438663 0.0188237
2 0.452802 0.568659 0.0483103 0.0253212
7 0.446192 0.619833 0.0632523 0.040585
2 0.58808 0.542247 0.0453502 0.0213511
2 0.0663309 0.780257 0.132656 0.0913977
2 0.64166 0.859993 0.232206 0.115278
5 0.364452 0.653402 0.135686 0.11294
2 0.855392 0.791066 0.2009 0.101102
2 0.764563 0.733242 0.148911 0.0819729
2 0.393426 0.794602 0.177706 0.103647
2 0.0349168 0.95098 0.0691706 0.0969881
5 0.134357 0.688513 0.143039 0.0892623
2 0.22235 0.648107 0.0954942 0.0396266
2 0.489216 0.58711 0.0653695 0.0262422
2 0.892092 0.991348 0.212838 0.0166658
7 0.563268 0.67763 0.125426 0.0921237
5 0.563534 0.677702 0.125725 0.0922079
2 0.445485 0.619428 0.0624524 0.0414074
2 0.310506 0.601407 0.0658639 0.0324252
2 0.139272 0.597814 0.0460783 0.030621
2 0.0308018 0.585369 0.0600164 0.0287671
2 0.217437 0.571688 0.067932 0.0342593
2 0.494671 0.557091 0.0438663 0.0188237
2 0.452802 0.568659 0.0483103 0.0253212
7 0.446192 0.619833 0.0632523 0.040585
2 0.58808 0.542247 0.0453502 0.0213511
2 0.64083 0.862777 0.23231 0.119556
2 0.0658081 0.780104 0.131411 0.0893732
5 0.134283 0.689271 0.145283 0.0890144
5 0.363428 0.653883 0.13364 0.112605
2 0.762284 0.733758 0.145542 0.0829765
2 0.891577 0.990429 0.216139 0.0184124
2 0.392074 0.794991 0.176472 0.103837
2 0.857229 0.790393 0.201596 0.0995501
2 0.222013 0.647744 0.0962678 0.0404229
2 0.126572 0.598264 0.0734265 0.0314123
5 0.562922 0.678167 0.126078 0.0926188
2 0.035112 0.950587 0.0681509 0.0978889
2 0.64083 0.862777 0.23231 0.119556
2 0.0658081 0.780104 0.131411 0.0893732
5 0.134283 0.689271 0.145283 0.0890144
5 0.363428 0.653883 0.13364 0.112605
2 0.762284 0.733758 0.145542 0.0829765
2 0.891577 0.990429 0.216139 0.0184124
2 0.392074 0.794991 0.176472 0.103837
2 0.857229 0.790393 0.201596 0.0995501
2 0.222013 0.647744 0.0962678 0.0404229
2 0.126572 0.598264 0.0734265 0.0314123
5 0.562922 0.678167 0.126078 0.0926188
2 0.035112 0.950587 0.0681509 0.0978889
