2 0.482397 0.93986 0.263255 0.119643
2 0.898325 0.869824 0.201339 0.119724
2 0.855911 0.789614 0.197729 0.0983214
2 0.375411 0.672368 0.106789 0.0577873
2 0.618485 0.600237 0.0720891 0.0335731
2 0.229977 0.634481 0.0812995 0.0385149
2 0.42126 0.624397 0.0889109 0.0440302
2 0.207505 0.575335 0.0705413 0.0350397
2 0.766614 0.734698 0.15081 0.0858174
2 0.358901 0.574446 0.0702816 0.0360199
2 0.49926 0.560809 0.0329295 0.0205685
7 0.452028 0.568103 0.0693627 0.0469193
2 0.598562 0.542617 0.0354431 0.0148963
2 0.248454 0.563149 0.0522406 0.0245393
2 0.30317 0.553807 0.0571342 0.0197531
2 0.482397 0.93986 0.263255 0.119643
2 0.898325 0.869824 0.201339 0.119724
2 0.855911 0.789614 0.197729 0.0983214
2 0.375411 0.672368 0.106789 0.0577873
2 0.618485 0.600237 0.0720891 0.0335731
2 0.229977 0.634481 0.0812995 0.0385149
2 0.42126 0.624397 0.0889109 0.0440302
2 0.207505 0.575335 0.0705413 0.0350397
2 0.766614 0.734698 0.15081 0.0858174
2 0.358901 0.574446 0.0702816 0.0360199
2 0.49926 0.560809 0.0329295 0.0205685
7 0.452028 0.568103 0.0693627 0.0469193
2 0.598562 0.542617 0.0354431 0.0148963
2 0.248454 0.563149 0.0522406 0.0245393
2 0.30317 0.553807 0.0571342 0.0197531
2 0.482397 0.93986 0.263255 0.119643
2 0.898325 0.869824 0.201339 0.119724
2 0.855911 0.789614 0.197729 0.0983214
2 0.375411 0.672368 0.106789 0.0577873
2 0.618485 0.600237 0.0720891 0.0335731
2 0.229977 0.634481 0.0812995 0.0385149
2 0.42126 0.624397 0.0889109 0.0440302
2 0.207505 0.575335 0.0705413 0.0350397
2 0.766614 0.734698 0.15081 0.0858174
2 0.358901 0.574446 0.0702816 0.0360199
2 0.49926 0.560809 0.0329295 0.0205685
7 0.452028 0.568103 0.0693627 0.0469193
2 0.598562 0.542617 0.0354431 0.0148963
2 0.248454 0.563149 0.0522406 0.0245393
2 0.30317 0.553807 0.0571342 0.0197531
2 0.482397 0.93986 0.263255 0.119643
2 0.898325 0.869824 0.201339 0.119724
2 0.855911 0.789614 0.197729 0.0983214
2 0.375411 0.672368 0.106789 0.0577873
2 0.618485 0.600237 0.0720891 0.0335731
2 0.229977 0.634481 0.0812995 0.0385149
2 0.42126 0.624397 0.0889109 0.0440302
2 0.207505 0.575335 0.0705413 0.0350397
2 0.766614 0.734698 0.15081 0.0858174
2 0.358901 0.574446 0.0702816 0.0360199
2 0.49926 0.560809 0.0329295 0.0205685
7 0.452028 0.568103 0.0693627 0.0469193
2 0.598562 0.542617 0.0354431 0.0148963
2 0.248454 0.563149 0.0522406 0.0245393
2 0.30317 0.553807 0.0571342 0.0197531
2 0.482397 0.93986 0.263255 0.119643
2 0.898325 0.869824 0.201339 0.119724
2 0.855911 0.789614 0.197729 0.0983214
2 0.375411 0.672368 0.106789 0.0577873
2 0.618485 0.600237 0.0720891 0.0335731
2 0.229977 0.634481 0.0812995 0.0385149
2 0.42126 0.624397 0.0889109 0.0440302
2 0.207505 0.575335 0.0705413 0.0350397
2 0.766614 0.734698 0.15081 0.0858174
2 0.358901 0.574446 0.0702816 0.0360199
2 0.49926 0.560809 0.0329295 0.0205685
7 0.452028 0.568103 0.0693627 0.0469193
2 0.598562 0.542617 0.0354431 0.0148963
2 0.248454 0.563149 0.0522406 0.0245393
2 0.30317 0.553807 0.0571342 0.0197531
2 0.482397 0.93986 0.263255 0.119643
2 0.898325 0.869824 0.201339 0.119724
2 0.855911 0.789614 0.197729 0.0983214
2 0.375411 0.672368 0.106789 0.0577873
2 0.618485 0.600237 0.0720891 0.0335731
2 0.229977 0.634481 0.0812995 0.0385149
2 0.42126 0.624397 0.0889109 0.0440302
2 0.207505 0.575335 0.0705413 0.0350397
2 0.766614 0.734698 0.15081 0.0858174
2 0.358901 0.574446 0.0702816 0.0360199
2 0.49926 0.560809 0.0329295 0.0205685
7 0.452028 0.568103 0.0693627 0.0469193
2 0.598562 0.542617 0.0354431 0.0148963
2 0.248454 0.563149 0.0522406 0.0245393
2 0.30317 0.553807 0.0571342 0.0197531
2 0.482397 0.93986 0.263255 0.119643
2 0.898325 0.869824 0.201339 0.119724
2 0.855911 0.789614 0.197729 0.0983214
2 0.375411 0.672368 0.106789 0.0577873
2 0.618485 0.600237 0.0720891 0.0335731
2 0.229977 0.634481 0.0812995 0.0385149
2 0.42126 0.624397 0.0889109 0.0440302
2 0.207505 0.575335 0.0705413 0.0350397
2 0.766614 0.734698 0.15081 0.0858174
2 0.358901 0.574446 0.0702816 0.0360199
2 0.49926 0.560809 0.0329295 0.0205685
7 0.452028 0.568103 0.0693627 0.0469193
2 0.598562 0.542617 0.0354431 0.0148963
2 0.248454 0.563149 0.0522406 0.0245393
2 0.30317 0.553807 0.0571342 0.0197531
2 0.482397 0.93986 0.263255 0.119643
2 0.898325 0.869824 0.201339 0.119724
2 0.855911 0.789614 0.197729 0.0983214
2 0.375411 0.672368 0.106789 0.0577873
2 0.618485 0.600237 0.0720891 0.0335731
2 0.229977 0.634481 0.0812995 0.0385149
2 0.42126 0.624397 0.0889109 0.0440302
2 0.207505 0.575335 0.0705413 0.0350397
2 0.766614 0.734698 0.15081 0.0858174
2 0.358901 0.574446 0.0702816 0.0360199
2 0.49926 0.560809 0.0329295 0.0205685
7 0.452028 0.568103 0.0693627 0.0469193
2 0.598562 0.542617 0.0354431 0.0148963
2 0.248454 0.563149 0.0522406 0.0245393
2 0.30317 0.553807 0.0571342 0.0197531
2 0.482397 0.93986 0.263255 0.119643
2 0.898325 0.869824 0.201339 0.119724
2 0.855911 0.789614 0.197729 0.0983214
2 0.375411 0.672368 0.106789 0.0577873
2 0.618485 0.600237 0.0720891 0.0335731
2 0.229977 0.634481 0.0812995 0.0385149
2 0.42126 0.624397 0.0889109 0.0440302
2 0.207505 0.575335 0.0705413 0.0350397
2 0.766614 0.734698 0.15081 0.0858174
2 0.358901 0.574446 0.0702816 0.0360199
2 0.49926 0.560809 0.0329295 0.0205685
7 0.452028 0.568103 0.0693627 0.0469193
2 0.598562 0.542617 0.0354431 0.0148963
2 0.248454 0.563149 0.0522406 0.0245393
2 0.30317 0.553807 0.0571342 0.0197531
2 0.482397 0.93986 0.263255 0.119643
2 0.898325 0.869824 0.201339 0.119724
2 0.855911 0.789614 0.197729 0.0983214
2 0.375411 0.672368 0.106789 0.0577873
2 0.618485 0.600237 0.0720891 0.0335731
2 0.229977 0.634481 0.0812995 0.0385149
2 0.42126 0.624397 0.0889109 0.0440302
2 0.207505 0.575335 0.0705413 0.0350397
2 0.766614 0.734698 0.15081 0.0858174
2 0.358901 0.574446 0.0702816 0.0360199
2 0.49926 0.560809 0.0329295 0.0205685
7 0.452028 0.568103 0.0693627 0.0469193
2 0.598562 0.542617 0.0354431 0.0148963
2 0.248454 0.563149 0.0522406 0.0245393
2 0.30317 0.553807 0.0571342 0.0197531
2 0.482397 0.93986 0.263255 0.119643
2 0.898325 0.869824 0.201339 0.119724
2 0.855911 0.789614 0.197729 0.0983214
2 0.375411 0.672368 0.106789 0.0577873
2 0.618485 0.600237 0.0720891 0.0335731
2 0.229977 0.634481 0.0812995 0.0385149
2 0.42126 0.624397 0.0889109 0.0440302
2 0.207505 0.575335 0.0705413 0.0350397
2 0.766614 0.734698 0.15081 0.0858174
2 0.358901 0.574446 0.0702816 0.0360199
2 0.49926 0.560809 0.0329295 0.0205685
7 0.452028 0.568103 0.0693627 0.0469193
2 0.598562 0.542617 0.0354431 0.0148963
2 0.248454 0.563149 0.0522406 0.0245393
2 0.30317 0.553807 0.0571342 0.0197531
2 0.482397 0.93986 0.263255 0.119643
2 0.898325 0.869824 0.201339 0.119724
2 0.855911 0.789614 0.197729 0.0983214
2 0.375411 0.672368 0.106789 0.0577873
2 0.618485 0.600237 0.0720891 0.0335731
2 0.229977 0.634481 0.0812995 0.0385149
2 0.42126 0.624397 0.0889109 0.0440302
2 0.207505 0.575335 0.0705413 0.0350397
2 0.766614 0.734698 0.15081 0.0858174
2 0.358901 0.574446 0.0702816 0.0360199
2 0.49926 0.560809 0.0329295 0.0205685
7 0.452028 0.568103 0.0693627 0.0469193
2 0.598562 0.542617 0.0354431 0.0148963
2 0.248454 0.563149 0.0522406 0.0245393
2 0.30317 0.553807 0.0571342 0.0197531
2 0.482397 0.93986 0.263255 0.119643
2 0.898325 0.869824 0.201339 0.119724
2 0.855911 0.789614 0.197729 0.0983214
2 0.375411 0.672368 0.106789 0.0577873
2 0.618485 0.600237 0.0720891 0.0335731
2 0.229977 0.634481 0.0812995 0.0385149
2 0.42126 0.624397 0.0889109 0.0440302
2 0.207505 0.575335 0.0705413 0.0350397
2 0.766614 0.734698 0.15081 0.0858174
2 0.358901 0.574446 0.0702816 0.0360199
2 0.49926 0.560809 0.0329295 0.0205685
7 0.452028 0.568103 0.0693627 0.0469193
2 0.598562 0.542617 0.0354431 0.0148963
2 0.248454 0.563149 0.0522406 0.0245393
2 0.30317 0.553807 0.0571342 0.0197531
2 0.481638 0.939566 0.261356 0.120429
2 0.375495 0.672026 0.106015 0.0544759
2 0.858759 0.787747 0.20125 0.0946163
2 0.229761 0.634408 0.0810355 0.0386997
2 0.619653 0.600307 0.0733278 0.0330618
2 0.898412 0.869482 0.203177 0.120375
2 0.76508 0.734743 0.148695 0.0852382
7 0.453135 0.567905 0.0690297 0.0476593
2 0.207838 0.575758 0.0696041 0.0342193
2 0.422093 0.624235 0.0896242 0.0433153
2 0.597548 0.540719 0.0387341 0.0188694
2 0.481638 0.939566 0.261356 0.120429
2 0.375495 0.672026 0.106015 0.0544759
2 0.858759 0.787747 0.20125 0.0946163
2 0.229761 0.634408 0.0810355 0.0386997
2 0.619653 0.600307 0.0733278 0.0330618
2 0.898412 0.869482 0.203177 0.120375
2 0.76508 0.734743 0.148695 0.0852382
7 0.453135 0.567905 0.0690297 0.0476593
2 0.207838 0.575758 0.0696041 0.0342193
2 0.422093 0.624235 0.0896242 0.0433153
2 0.597548 0.540719 0.0387341 0.0188694
