2 0.606136 0.945605 0.373318 0.107684
2 0.898151 0.869496 0.201969 0.118659
2 0.857594 0.789504 0.1991 0.0972232
2 0.454308 0.769712 0.148871 0.0860295
2 0.242374 0.633566 0.0914684 0.0394529
2 0.584291 0.582183 0.055117 0.0250179
7 0.378372 0.633761 0.113839 0.0857614
2 0.180165 0.580155 0.0699604 0.0261016
2 0.766824 0.734929 0.149736 0.0864574
2 0.298845 0.601381 0.0598579 0.0291723
2 0.358296 0.582307 0.0600559 0.0247639
2 0.554492 0.565084 0.0518024 0.0228924
2 0.158403 0.678658 0.133884 0.0825197
2 0.414796 0.559521 0.0465378 0.0212131
7 0.158368 0.678704 0.133434 0.0819655
2 0.883383 0.579332 0.0739716 0.0365377
2 0.270678 0.5626 0.0491655 0.0242571
2 0.205719 0.5593 0.0605579 0.0277229
2 0.655166 0.542574 0.0408116 0.0163246
2 0.606136 0.945605 0.373318 0.107684
2 0.898151 0.869496 0.201969 0.118659
2 0.857594 0.789504 0.1991 0.0972232
2 0.454308 0.769712 0.148871 0.0860295
2 0.242374 0.633566 0.0914684 0.0394529
2 0.584291 0.582183 0.055117 0.0250179
7 0.378372 0.633761 0.113839 0.0857614
2 0.180165 0.580155 0.0699604 0.0261016
2 0.766824 0.734929 0.149736 0.0864574
2 0.298845 0.601381 0.0598579 0.0291723
2 0.358296 0.582307 0.0600559 0.0247639
2 0.554492 0.565084 0.0518024 0.0228924
2 0.158403 0.678658 0.133884 0.0825197
2 0.414796 0.559521 0.0465378 0.0212131
7 0.158368 0.678704 0.133434 0.0819655
2 0.883383 0.579332 0.0739716 0.0365377
2 0.270678 0.5626 0.0491655 0.0242571
2 0.205719 0.5593 0.0605579 0.0277229
2 0.655166 0.542574 0.0408116 0.0163246
2 0.606136 0.945605 0.373318 0.107684
2 0.898151 0.869496 0.201969 0.118659
2 0.857594 0.789504 0.1991 0.0972232
2 0.454308 0.769712 0.148871 0.0860295
2 0.242374 0.633566 0.0914684 0.0394529
2 0.584291 0.582183 0.055117 0.0250179
7 0.378372 0.633761 0.113839 0.0857614
2 0.180165 0.580155 0.0699604 0.0261016
2 0.766824 0.734929 0.149736 0.0864574
2 0.298845 0.601381 0.0598579 0.0291723
2 0.358296 0.582307 0.0600559 0.0247639
2 0.554492 0.565084 0.0518024 0.0228924
2 0.158403 0.678658 0.133884 0.0825197
2 0.414796 0.559521 0.0465378 0.0212131
7 0.158368 0.678704 0.133434 0.0819655
2 0.883383 0.579332 0.0739716 0.0365377
2 0.270678 0.5626 0.0491655 0.0242571
2 0.205719 0.5593 0.0605579 0.0277229
2 0.655166 0.542574 0.0408116 0.0163246
2 0.606136 0.945605 0.373318 0.107684
2 0.898151 0.869496 0.201969 0.118659
2 0.857594 0.789504 0.1991 0.0972232
2 0.454308 0.769712 0.148871 0.0860295
2 0.242374 0.633566 0.0914684 0.0394529
2 0.584291 0.582183 0.055117 0.0250179
7 0.378372 0.633761 0.113839 0.0857614
2 0.180165 0.580155 0.0699604 0.0261016
2 0.766824 0.734929 0.149736 0.0864574
2 0.298845 0.601381 0.0598579 0.0291723
2 0.358296 0.582307 0.0600559 0.0247639
2 0.554492 0.565084 0.0518024 0.0228924
2 0.158403 0.678658 0.133884 0.0825197
2 0.414796 0.559521 0.0465378 0.0212131
7 0.158368 0.678704 0.133434 0.0819655
2 0.883383 0.579332 0.0739716 0.0365377
2 0.270678 0.5626 0.0491655 0.0242571
2 0.205719 0.5593 0.0605579 0.0277229
2 0.655166 0.542574 0.0408116 0.0163246
2 0.606136 0.945605 0.373318 0.107684
2 0.898151 0.869496 0.201969 0.118659
2 0.857594 0.789504 0.1991 0.0972232
2 0.454308 0.769712 0.148871 0.0860295
2 0.242374 0.633566 0.0914684 0.0394529
2 0.584291 0.582183 0.055117 0.0250179
7 0.378372 0.633761 0.113839 0.0857614
2 0.180165 0.580155 0.0699604 0.0261016
2 0.766824 0.734929 0.149736 0.0864574
2 0.298845 0.601381 0.0598579 0.0291723
2 0.358296 0.582307 0.0600559 0.0247639
2 0.554492 0.565084 0.0518024 0.0228924
2 0.158403 0.678658 0.133884 0.0825197
2 0.414796 0.559521 0.0465378 0.0212131
7 0.158368 0.678704 0.133434 0.0819655
2 0.883383 0.579332 0.0739716 0.0365377
2 0.270678 0.5626 0.0491655 0.0242571
2 0.205719 0.5593 0.0605579 0.0277229
2 0.655166 0.542574 0.0408116 0.0163246
2 0.606136 0.945605 0.373318 0.107684
2 0.898151 0.869496 0.201969 0.118659
2 0.857594 0.789504 0.1991 0.0972232
2 0.454308 0.769712 0.148871 0.0860295
2 0.242374 0.633566 0.0914684 0.0394529
2 0.584291 0.582183 0.055117 0.0250179
7 0.378372 0.633761 0.113839 0.0857614
2 0.180165 0.580155 0.0699604 0.0261016
2 0.766824 0.734929 0.149736 0.0864574
2 0.298845 0.601381 0.0598579 0.0291723
2 0.358296 0.582307 0.0600559 0.0247639
2 0.554492 0.565084 0.0518024 0.0228924
2 0.158403 0.678658 0.133884 0.0825197
2 0.414796 0.559521 0.0465378 0.0212131
7 0.158368 0.678704 0.133434 0.0819655
2 0.883383 0.579332 0.0739716 0.0365377
2 0.270678 0.5626 0.0491655 0.0242571
2 0.205719 0.5593 0.0605579 0.0277229
2 0.655166 0.542574 0.0408116 0.0163246
