7 0.0791909 0.770514 0.158382 0.129683
7 0.57073 0.731747 0.183761 0.120336
2 0.855627 0.791004 0.200841 0.101417
2 0.459381 0.938145 0.284062 0.122755
2 0.448742 0.619933 0.0809556 0.0357064
2 0.450686 0.578601 0.055656 0.0267042
2 0.0373413 0.935764 0.0746557 0.120128
2 0.234174 0.638131 0.093613 0.0444026
7 0.364484 0.71785 0.182619 0.158953
2 0.143211 0.704234 0.11938 0.0554876
2 0.682396 0.558698 0.0468745 0.0213678
7 0.766189 0.732416 0.151186 0.0820005
2 0.76573 0.732485 0.150743 0.0817199
2 0.376345 0.594842 0.0757776 0.0338367
2 0.475673 0.564425 0.0538725 0.0261256
2 0.565231 0.574661 0.0545397 0.0200574
2 0.566403 0.56944 0.0597207 0.0293356
2 0.166842 0.585355 0.0685707 0.0338123
7 0.568573 0.564319 0.0634214 0.0357613
2 0.860738 0.586688 0.0727578 0.0342703
2 0.227216 0.572445 0.0515841 0.0275602
7 0.0791909 0.770514 0.158382 0.129683
7 0.57073 0.731747 0.183761 0.120336
2 0.855627 0.791004 0.200841 0.101417
2 0.459381 0.938145 0.284062 0.122755
2 0.448742 0.619933 0.0809556 0.0357064
2 0.450686 0.578601 0.055656 0.0267042
2 0.0373413 0.935764 0.0746557 0.120128
2 0.234174 0.638131 0.093613 0.0444026
7 0.364484 0.71785 0.182619 0.158953
2 0.143211 0.704234 0.11938 0.0554876
2 0.682396 0.558698 0.0468745 0.0213678
7 0.766189 0.732416 0.151186 0.0820005
2 0.76573 0.732485 0.150743 0.0817199
2 0.376345 0.594842 0.0757776 0.0338367
2 0.475673 0.564425 0.0538725 0.0261256
2 0.565231 0.574661 0.0545397 0.0200574
2 0.566403 0.56944 0.0597207 0.0293356
2 0.166842 0.585355 0.0685707 0.0338123
7 0.568573 0.564319 0.0634214 0.0357613
2 0.860738 0.586688 0.0727578 0.0342703
2 0.227216 0.572445 0.0515841 0.0275602
7 0.0791909 0.770514 0.158382 0.129683
7 0.57073 0.731747 0.183761 0.120336
2 0.855627 0.791004 0.200841 0.101417
2 0.459381 0.938145 0.284062 0.122755
2 0.448742 0.619933 0.0809556 0.0357064
2 0.450686 0.578601 0.055656 0.0267042
2 0.0373413 0.935764 0.0746557 0.120128
2 0.234174 0.638131 0.093613 0.0444026
7 0.364484 0.71785 0.182619 0.158953
2 0.143211 0.704234 0.11938 0.0554876
2 0.682396 0.558698 0.0468745 0.0213678
7 0.766189 0.732416 0.151186 0.0820005
2 0.76573 0.732485 0.150743 0.0817199
2 0.376345 0.594842 0.0757776 0.0338367
2 0.475673 0.564425 0.0538725 0.0261256
2 0.565231 0.574661 0.0545397 0.0200574
2 0.566403 0.56944 0.0597207 0.0293356
2 0.166842 0.585355 0.0685707 0.0338123
7 0.568573 0.564319 0.0634214 0.0357613
2 0.860738 0.586688 0.0727578 0.0342703
2 0.227216 0.572445 0.0515841 0.0275602
7 0.0791909 0.770514 0.158382 0.129683
7 0.57073 0.731747 0.183761 0.120336
2 0.855627 0.791004 0.200841 0.101417
2 0.459381 0.938145 0.284062 0.122755
2 0.448742 0.619933 0.0809556 0.0357064
2 0.450686 0.578601 0.055656 0.0267042
2 0.0373413 0.935764 0.0746557 0.120128
2 0.234174 0.638131 0.093613 0.0444026
7 0.364484 0.71785 0.182619 0.158953
2 0.143211 0.704234 0.11938 0.0554876
2 0.682396 0.558698 0.0468745 0.0213678
7 0.766189 0.732416 0.151186 0.0820005
2 0.76573 0.732485 0.150743 0.0817199
2 0.376345 0.594842 0.0757776 0.0338367
2 0.475673 0.564425 0.0538725 0.0261256
2 0.565231 0.574661 0.0545397 0.0200574
2 0.566403 0.56944 0.0597207 0.0293356
2 0.166842 0.585355 0.0685707 0.0338123
7 0.568573 0.564319 0.0634214 0.0357613
2 0.860738 0.586688 0.0727578 0.0342703
2 0.227216 0.572445 0.0515841 0.0275602
7 0.0791909 0.770514 0.158382 0.129683
7 0.57073 0.731747 0.183761 0.120336
2 0.855627 0.791004 0.200841 0.101417
2 0.459381 0.938145 0.284062 0.122755
2 0.448742 0.619933 0.0809556 0.0357064
2 0.450686 0.578601 0.055656 0.0267042
2 0.0373413 0.935764 0.0746557 0.120128
2 0.234174 0.638131 0.093613 0.0444026
7 0.364484 0.71785 0.182619 0.158953
2 0.143211 0.704234 0.11938 0.0554876
2 0.682396 0.558698 0.0468745 0.0213678
7 0.766189 0.732416 0.151186 0.0820005
2 0.76573 0.732485 0.150743 0.0817199
2 0.376345 0.594842 0.0757776 0.0338367
2 0.475673 0.564425 0.0538725 0.0261256
2 0.565231 0.574661 0.0545397 0.0200574
2 0.566403 0.56944 0.0597207 0.0293356
2 0.166842 0.585355 0.0685707 0.0338123
7 0.568573 0.564319 0.0634214 0.0357613
2 0.860738 0.586688 0.0727578 0.0342703
2 0.227216 0.572445 0.0515841 0.0275602
7 0.0791909 0.770514 0.158382 0.129683
7 0.57073 0.731747 0.183761 0.120336
2 0.855627 0.791004 0.200841 0.101417
2 0.459381 0.938145 0.284062 0.122755
2 0.448742 0.619933 0.0809556 0.0357064
2 0.450686 0.578601 0.055656 0.0267042
2 0.0373413 0.935764 0.0746557 0.120128
2 0.234174 0.638131 0.093613 0.0444026
7 0.364484 0.71785 0.182619 0.158953
2 0.143211 0.704234 0.11938 0.0554876
2 0.682396 0.558698 0.0468745 0.0213678
7 0.766189 0.732416 0.151186 0.0820005
2 0.76573 0.732485 0.150743 0.0817199
2 0.376345 0.594842 0.0757776 0.0338367
2 0.475673 0.564425 0.0538725 0.0261256
2 0.565231 0.574661 0.0545397 0.0200574
2 0.566403 0.56944 0.0597207 0.0293356
2 0.166842 0.585355 0.0685707 0.0338123
7 0.568573 0.564319 0.0634214 0.0357613
2 0.860738 0.586688 0.0727578 0.0342703
2 0.227216 0.572445 0.0515841 0.0275602
7 0.0791909 0.770514 0.158382 0.129683
7 0.57073 0.731747 0.183761 0.120336
2 0.855627 0.791004 0.200841 0.101417
2 0.459381 0.938145 0.284062 0.122755
2 0.448742 0.619933 0.0809556 0.0357064
2 0.450686 0.578601 0.055656 0.0267042
2 0.0373413 0.935764 0.0746557 0.120128
2 0.234174 0.638131 0.093613 0.0444026
7 0.364484 0.71785 0.182619 0.158953
2 0.143211 0.704234 0.11938 0.0554876
2 0.682396 0.558698 0.0468745 0.0213678
7 0.766189 0.732416 0.151186 0.0820005
2 0.76573 0.732485 0.150743 0.0817199
2 0.376345 0.594842 0.0757776 0.0338367
2 0.475673 0.564425 0.0538725 0.0261256
2 0.565231 0.574661 0.0545397 0.0200574
2 0.566403 0.56944 0.0597207 0.0293356
2 0.166842 0.585355 0.0685707 0.0338123
7 0.568573 0.564319 0.0634214 0.0357613
2 0.860738 0.586688 0.0727578 0.0342703
2 0.227216 0.572445 0.0515841 0.0275602
7 0.0791909 0.770514 0.158382 0.129683
7 0.57073 0.731747 0.183761 0.120336
2 0.855627 0.791004 0.200841 0.101417
2 0.459381 0.938145 0.284062 0.122755
2 0.448742 0.619933 0.0809556 0.0357064
2 0.450686 0.578601 0.055656 0.0267042
2 0.0373413 0.935764 0.0746557 0.120128
2 0.234174 0.638131 0.093613 0.0444026
7 0.364484 0.71785 0.182619 0.158953
2 0.143211 0.704234 0.11938 0.0554876
2 0.682396 0.558698 0.0468745 0.0213678
7 0.766189 0.732416 0.151186 0.0820005
2 0.76573 0.732485 0.150743 0.0817199
2 0.376345 0.594842 0.0757776 0.0338367
2 0.475673 0.564425 0.0538725 0.0261256
2 0.565231 0.574661 0.0545397 0.0200574
2 0.566403 0.56944 0.0597207 0.0293356
2 0.166842 0.585355 0.0685707 0.0338123
7 0.568573 0.564319 0.0634214 0.0357613
2 0.860738 0.586688 0.0727578 0.0342703
2 0.227216 0.572445 0.0515841 0.0275602
7 0.0791909 0.770514 0.158382 0.129683
7 0.57073 0.731747 0.183761 0.120336
2 0.855627 0.791004 0.200841 0.101417
2 0.459381 0.938145 0.284062 0.122755
2 0.448742 0.619933 0.0809556 0.0357064
2 0.450686 0.578601 0.055656 0.0267042
2 0.0373413 0.935764 0.0746557 0.120128
2 0.234174 0.638131 0.093613 0.0444026
7 0.364484 0.71785 0.182619 0.158953
2 0.143211 0.704234 0.11938 0.0554876
2 0.682396 0.558698 0.0468745 0.0213678
7 0.766189 0.732416 0.151186 0.0820005
2 0.76573 0.732485 0.150743 0.0817199
2 0.376345 0.594842 0.0757776 0.0338367
2 0.475673 0.564425 0.0538725 0.0261256
2 0.565231 0.574661 0.0545397 0.0200574
2 0.566403 0.56944 0.0597207 0.0293356
2 0.166842 0.585355 0.0685707 0.0338123
7 0.568573 0.564319 0.0634214 0.0357613
2 0.860738 0.586688 0.0727578 0.0342703
2 0.227216 0.572445 0.0515841 0.0275602
7 0.0791909 0.770514 0.158382 0.129683
7 0.57073 0.731747 0.183761 0.120336
2 0.855627 0.791004 0.200841 0.101417
2 0.459381 0.938145 0.284062 0.122755
2 0.448742 0.619933 0.0809556 0.0357064
2 0.450686 0.578601 0.055656 0.0267042
2 0.0373413 0.935764 0.0746557 0.120128
2 0.234174 0.638131 0.093613 0.0444026
7 0.364484 0.71785 0.182619 0.158953
2 0.143211 0.704234 0.11938 0.0554876
2 0.682396 0.558698 0.0468745 0.0213678
7 0.766189 0.732416 0.151186 0.0820005
2 0.76573 0.732485 0.150743 0.0817199
2 0.376345 0.594842 0.0757776 0.0338367
2 0.475673 0.564425 0.0538725 0.0261256
2 0.565231 0.574661 0.0545397 0.0200574
2 0.566403 0.56944 0.0597207 0.0293356
2 0.166842 0.585355 0.0685707 0.0338123
7 0.568573 0.564319 0.0634214 0.0357613
2 0.860738 0.586688 0.0727578 0.0342703
2 0.227216 0.572445 0.0515841 0.0275602
7 0.0791909 0.770514 0.158382 0.129683
7 0.57073 0.731747 0.183761 0.120336
2 0.855627 0.791004 0.200841 0.101417
2 0.459381 0.938145 0.284062 0.122755
2 0.448742 0.619933 0.0809556 0.0357064
2 0.450686 0.578601 0.055656 0.0267042
2 0.0373413 0.935764 0.0746557 0.120128
2 0.234174 0.638131 0.093613 0.0444026
7 0.364484 0.71785 0.182619 0.158953
2 0.143211 0.704234 0.11938 0.0554876
2 0.682396 0.558698 0.0468745 0.0213678
7 0.766189 0.732416 0.151186 0.0820005
2 0.76573 0.732485 0.150743 0.0817199
2 0.376345 0.594842 0.0757776 0.0338367
2 0.475673 0.564425 0.0538725 0.0261256
2 0.565231 0.574661 0.0545397 0.0200574
2 0.566403 0.56944 0.0597207 0.0293356
2 0.166842 0.585355 0.0685707 0.0338123
7 0.568573 0.564319 0.0634214 0.0357613
2 0.860738 0.586688 0.0727578 0.0342703
2 0.227216 0.572445 0.0515841 0.0275602
7 0.0791909 0.770514 0.158382 0.129683
7 0.57073 0.731747 0.183761 0.120336
2 0.855627 0.791004 0.200841 0.101417
2 0.459381 0.938145 0.284062 0.122755
2 0.448742 0.619933 0.0809556 0.0357064
2 0.450686 0.578601 0.055656 0.0267042
2 0.0373413 0.935764 0.0746557 0.120128
2 0.234174 0.638131 0.093613 0.0444026
7 0.364484 0.71785 0.182619 0.158953
2 0.143211 0.704234 0.11938 0.0554876
2 0.682396 0.558698 0.0468745 0.0213678
7 0.766189 0.732416 0.151186 0.0820005
2 0.76573 0.732485 0.150743 0.0817199
2 0.376345 0.594842 0.0757776 0.0338367
2 0.475673 0.564425 0.0538725 0.0261256
2 0.565231 0.574661 0.0545397 0.0200574
2 0.566403 0.56944 0.0597207 0.0293356
2 0.166842 0.585355 0.0685707 0.0338123
7 0.568573 0.564319 0.0634214 0.0357613
2 0.860738 0.586688 0.0727578 0.0342703
2 0.227216 0.572445 0.0515841 0.0275602
7 0.0791909 0.770514 0.158382 0.129683
7 0.57073 0.731747 0.183761 0.120336
2 0.855627 0.791004 0.200841 0.101417
2 0.459381 0.938145 0.284062 0.122755
2 0.448742 0.619933 0.0809556 0.0357064
2 0.450686 0.578601 0.055656 0.0267042
2 0.0373413 0.935764 0.0746557 0.120128
2 0.234174 0.638131 0.093613 0.0444026
7 0.364484 0.71785 0.182619 0.158953
2 0.143211 0.704234 0.11938 0.0554876
2 0.682396 0.558698 0.0468745 0.0213678
7 0.766189 0.732416 0.151186 0.0820005
2 0.76573 0.732485 0.150743 0.0817199
2 0.376345 0.594842 0.0757776 0.0338367
2 0.475673 0.564425 0.0538725 0.0261256
2 0.565231 0.574661 0.0545397 0.0200574
2 0.566403 0.56944 0.0597207 0.0293356
2 0.166842 0.585355 0.0685707 0.0338123
7 0.568573 0.564319 0.0634214 0.0357613
2 0.860738 0.586688 0.0727578 0.0342703
2 0.227216 0.572445 0.0515841 0.0275602
2 0.458514 0.938103 0.285282 0.122977
5 0.571823 0.731157 0.185269 0.120145
5 0.363897 0.732409 0.184244 0.131603
2 0.449036 0.619511 0.081183 0.0349117
7 0.0793721 0.77059 0.158744 0.130191
2 0.0376282 0.937059 0.0740575 0.123805
2 0.763166 0.733376 0.145251 0.0832164
2 0.450706 0.578373 0.0559128 0.0264056
2 0.142526 0.704682 0.125274 0.0560522
2 0.376937 0.593826 0.0757417 0.0347723
2 0.857743 0.790614 0.200522 0.0999744
7 0.567774 0.564762 0.0603444 0.0382935
2 0.458514 0.938103 0.285282 0.122977
5 0.571823 0.731157 0.185269 0.120145
5 0.363897 0.732409 0.184244 0.131603
2 0.449036 0.619511 0.081183 0.0349117
7 0.0793721 0.77059 0.158744 0.130191
2 0.0376282 0.937059 0.0740575 0.123805
2 0.763166 0.733376 0.145251 0.0832164
2 0.450706 0.578373 0.0559128 0.0264056
2 0.142526 0.704682 0.125274 0.0560522
2 0.376937 0.593826 0.0757417 0.0347723
2 0.857743 0.790614 0.200522 0.0999744
7 0.567774 0.564762 0.0603444 0.0382935
2 0.458514 0.938103 0.285282 0.122977
5 0.571823 0.731157 0.185269 0.120145
5 0.363897 0.732409 0.184244 0.131603
2 0.449036 0.619511 0.081183 0.0349117
7 0.0793721 0.77059 0.158744 0.130191
2 0.0376282 0.937059 0.0740575 0.123805
2 0.763166 0.733376 0.145251 0.0832164
2 0.450706 0.578373 0.0559128 0.0264056
2 0.142526 0.704682 0.125274 0.0560522
2 0.376937 0.593826 0.0757417 0.0347723
2 0.857743 0.790614 0.200522 0.0999744
7 0.567774 0.564762 0.0603444 0.0382935
2 0.458514 0.938103 0.285282 0.122977
5 0.571823 0.731157 0.185269 0.120145
5 0.363897 0.732409 0.184244 0.131603
2 0.449036 0.619511 0.081183 0.0349117
7 0.0793721 0.77059 0.158744 0.130191
2 0.0376282 0.937059 0.0740575 0.123805
2 0.763166 0.733376 0.145251 0.0832164
2 0.450706 0.578373 0.0559128 0.0264056
2 0.142526 0.704682 0.125274 0.0560522
2 0.376937 0.593826 0.0757417 0.0347723
2 0.857743 0.790614 0.200522 0.0999744
7 0.567774 0.564762 0.0603444 0.0382935
2 0.458514 0.938103 0.285282 0.122977
5 0.571823 0.731157 0.185269 0.120145
5 0.363897 0.732409 0.184244 0.131603
2 0.449036 0.619511 0.081183 0.0349117
7 0.0793721 0.77059 0.158744 0.130191
2 0.0376282 0.937059 0.0740575 0.123805
2 0.763166 0.733376 0.145251 0.0832164
2 0.450706 0.578373 0.0559128 0.0264056
2 0.142526 0.704682 0.125274 0.0560522
2 0.376937 0.593826 0.0757417 0.0347723
2 0.857743 0.790614 0.200522 0.0999744
7 0.567774 0.564762 0.0603444 0.0382935
2 0.458514 0.938103 0.285282 0.122977
5 0.571823 0.731157 0.185269 0.120145
5 0.363897 0.732409 0.184244 0.131603
2 0.449036 0.619511 0.081183 0.0349117
7 0.0793721 0.77059 0.158744 0.130191
2 0.0376282 0.937059 0.0740575 0.123805
2 0.763166 0.733376 0.145251 0.0832164
2 0.450706 0.578373 0.0559128 0.0264056
2 0.142526 0.704682 0.125274 0.0560522
2 0.376937 0.593826 0.0757417 0.0347723
2 0.857743 0.790614 0.200522 0.0999744
7 0.567774 0.564762 0.0603444 0.0382935
2 0.458514 0.938103 0.285282 0.122977
5 0.571823 0.731157 0.185269 0.120145
5 0.363897 0.732409 0.184244 0.131603
2 0.449036 0.619511 0.081183 0.0349117
7 0.0793721 0.77059 0.158744 0.130191
2 0.0376282 0.937059 0.0740575 0.123805
2 0.763166 0.733376 0.145251 0.0832164
2 0.450706 0.578373 0.0559128 0.0264056
2 0.142526 0.704682 0.125274 0.0560522
2 0.376937 0.593826 0.0757417 0.0347723
2 0.857743 0.790614 0.200522 0.0999744
7 0.567774 0.564762 0.0603444 0.0382935
2 0.458514 0.938103 0.285282 0.122977
5 0.571823 0.731157 0.185269 0.120145
5 0.363897 0.732409 0.184244 0.131603
2 0.449036 0.619511 0.081183 0.0349117
7 0.0793721 0.77059 0.158744 0.130191
2 0.0376282 0.937059 0.0740575 0.123805
2 0.763166 0.733376 0.145251 0.0832164
2 0.450706 0.578373 0.0559128 0.0264056
2 0.142526 0.704682 0.125274 0.0560522
2 0.376937 0.593826 0.0757417 0.0347723
2 0.857743 0.790614 0.200522 0.0999744
7 0.567774 0.564762 0.0603444 0.0382935
2 0.234106 0.637657 0.0945171 0.0436504
2 0.680707 0.557789 0.0446716 0.0217684
