2 0.898616 0.869778 0.201048 0.118654
2 0.856856 0.789684 0.198097 0.0981861
2 0.422485 0.968864 0.287345 0.0615696
2 0.46734 0.716595 0.117462 0.0654745
2 0.280312 0.614274 0.080677 0.0337315
2 0.765558 0.734133 0.14726 0.0844188
7 0.438805 0.847014 0.232125 0.127169
7 0.392064 0.617059 0.101221 0.0748028
2 0.587621 0.573782 0.0528937 0.0224407
7 0.201176 0.650901 0.118727 0.0667139
2 0.144694 0.589938 0.0615045 0.0292446
2 0.244437 0.568587 0.0580205 0.0249107
2 0.561379 0.557224 0.047172 0.0204073
2 0.383903 0.572171 0.0555156 0.0187824
2 0.165665 0.565286 0.0731483 0.0294713
2 0.434161 0.553317 0.0442927 0.0169842
2 0.898616 0.869778 0.201048 0.118654
2 0.856856 0.789684 0.198097 0.0981861
2 0.422485 0.968864 0.287345 0.0615696
2 0.46734 0.716595 0.117462 0.0654745
2 0.280312 0.614274 0.080677 0.0337315
2 0.765558 0.734133 0.14726 0.0844188
7 0.438805 0.847014 0.232125 0.127169
7 0.392064 0.617059 0.101221 0.0748028
2 0.587621 0.573782 0.0528937 0.0224407
7 0.201176 0.650901 0.118727 0.0667139
2 0.144694 0.589938 0.0615045 0.0292446
2 0.244437 0.568587 0.0580205 0.0249107
2 0.561379 0.557224 0.047172 0.0204073
2 0.383903 0.572171 0.0555156 0.0187824
2 0.165665 0.565286 0.0731483 0.0294713
2 0.434161 0.553317 0.0442927 0.0169842
2 0.898616 0.869778 0.201048 0.118654
2 0.856856 0.789684 0.198097 0.0981861
2 0.422485 0.968864 0.287345 0.0615696
2 0.46734 0.716595 0.117462 0.0654745
2 0.280312 0.614274 0.080677 0.0337315
2 0.765558 0.734133 0.14726 0.0844188
7 0.438805 0.847014 0.232125 0.127169
7 0.392064 0.617059 0.101221 0.0748028
2 0.587621 0.573782 0.0528937 0.0224407
7 0.201176 0.650901 0.118727 0.0667139
2 0.144694 0.589938 0.0615045 0.0292446
2 0.244437 0.568587 0.0580205 0.0249107
2 0.561379 0.557224 0.047172 0.0204073
2 0.383903 0.572171 0.0555156 0.0187824
2 0.165665 0.565286 0.0731483 0.0294713
2 0.434161 0.553317 0.0442927 0.0169842
2 0.898616 0.869778 0.201048 0.118654
2 0.856856 0.789684 0.198097 0.0981861
2 0.422485 0.968864 0.287345 0.0615696
2 0.46734 0.716595 0.117462 0.0654745
2 0.280312 0.614274 0.080677 0.0337315
2 0.765558 0.734133 0.14726 0.0844188
7 0.438805 0.847014 0.232125 0.127169
7 0.392064 0.617059 0.101221 0.0748028
2 0.587621 0.573782 0.0528937 0.0224407
7 0.201176 0.650901 0.118727 0.0667139
2 0.144694 0.589938 0.0615045 0.0292446
2 0.244437 0.568587 0.0580205 0.0249107
2 0.561379 0.557224 0.047172 0.0204073
2 0.383903 0.572171 0.0555156 0.0187824
2 0.165665 0.565286 0.0731483 0.0294713
2 0.434161 0.553317 0.0442927 0.0169842
2 0.898616 0.869778 0.201048 0.118654
2 0.856856 0.789684 0.198097 0.0981861
2 0.422485 0.968864 0.287345 0.0615696
2 0.46734 0.716595 0.117462 0.0654745
2 0.280312 0.614274 0.080677 0.0337315
2 0.765558 0.734133 0.14726 0.0844188
7 0.438805 0.847014 0.232125 0.127169
7 0.392064 0.617059 0.101221 0.0748028
2 0.587621 0.573782 0.0528937 0.0224407
7 0.201176 0.650901 0.118727 0.0667139
2 0.144694 0.589938 0.0615045 0.0292446
2 0.244437 0.568587 0.0580205 0.0249107
2 0.561379 0.557224 0.047172 0.0204073
2 0.383903 0.572171 0.0555156 0.0187824
2 0.165665 0.565286 0.0731483 0.0294713
2 0.434161 0.553317 0.0442927 0.0169842
2 0.898616 0.869778 0.201048 0.118654
2 0.856856 0.789684 0.198097 0.0981861
2 0.422485 0.968864 0.287345 0.0615696
2 0.46734 0.716595 0.117462 0.0654745
2 0.280312 0.614274 0.080677 0.0337315
2 0.765558 0.734133 0.14726 0.0844188
7 0.438805 0.847014 0.232125 0.127169
7 0.392064 0.617059 0.101221 0.0748028
2 0.587621 0.573782 0.0528937 0.0224407
7 0.201176 0.650901 0.118727 0.0667139
2 0.144694 0.589938 0.0615045 0.0292446
2 0.244437 0.568587 0.0580205 0.0249107
2 0.561379 0.557224 0.047172 0.0204073
2 0.383903 0.572171 0.0555156 0.0187824
2 0.165665 0.565286 0.0731483 0.0294713
2 0.434161 0.553317 0.0442927 0.0169842
