2 0.79696 0.950254 0.338801 0.0983643
5 0.0867444 0.735923 0.170282 0.112899
2 0.855336 0.791075 0.199902 0.101099
2 0.0493445 0.8711 0.0986889 0.122094
2 0.465539 0.605688 0.0735022 0.0331905
2 0.170255 0.680799 0.109314 0.0505974
7 0.563122 0.706713 0.150726 0.107152
5 0.358942 0.689996 0.159271 0.137871
2 0.764724 0.733066 0.151289 0.0821468
2 0.420168 0.881771 0.229615 0.138161
2 0.467869 0.569907 0.0503967 0.0235825
2 0.264091 0.622286 0.0828325 0.0365294
2 0.409655 0.583762 0.0620409 0.0294098
2 0.19634 0.58048 0.0634334 0.0263153
2 0.691996 0.55004 0.0401693 0.0170458
2 0.488599 0.555872 0.0433351 0.0230083
2 0.252434 0.562799 0.0737403 0.0302769
2 0.79696 0.950254 0.338801 0.0983643
5 0.0867444 0.735923 0.170282 0.112899
2 0.855336 0.791075 0.199902 0.101099
2 0.0493445 0.8711 0.0986889 0.122094
2 0.465539 0.605688 0.0735022 0.0331905
2 0.170255 0.680799 0.109314 0.0505974
7 0.563122 0.706713 0.150726 0.107152
5 0.358942 0.689996 0.159271 0.137871
2 0.764724 0.733066 0.151289 0.0821468
2 0.420168 0.881771 0.229615 0.138161
2 0.467869 0.569907 0.0503967 0.0235825
2 0.264091 0.622286 0.0828325 0.0365294
2 0.409655 0.583762 0.0620409 0.0294098
2 0.19634 0.58048 0.0634334 0.0263153
2 0.691996 0.55004 0.0401693 0.0170458
2 0.488599 0.555872 0.0433351 0.0230083
2 0.252434 0.562799 0.0737403 0.0302769
2 0.79696 0.950254 0.338801 0.0983643
5 0.0867444 0.735923 0.170282 0.112899
2 0.855336 0.791075 0.199902 0.101099
2 0.0493445 0.8711 0.0986889 0.122094
2 0.465539 0.605688 0.0735022 0.0331905
2 0.170255 0.680799 0.109314 0.0505974
7 0.563122 0.706713 0.150726 0.107152
5 0.358942 0.689996 0.159271 0.137871
2 0.764724 0.733066 0.151289 0.0821468
2 0.420168 0.881771 0.229615 0.138161
2 0.467869 0.569907 0.0503967 0.0235825
2 0.264091 0.622286 0.0828325 0.0365294
2 0.409655 0.583762 0.0620409 0.0294098
2 0.19634 0.58048 0.0634334 0.0263153
2 0.691996 0.55004 0.0401693 0.0170458
2 0.488599 0.555872 0.0433351 0.0230083
2 0.252434 0.562799 0.0737403 0.0302769
2 0.79696 0.950254 0.338801 0.0983643
5 0.0867444 0.735923 0.170282 0.112899
2 0.855336 0.791075 0.199902 0.101099
2 0.0493445 0.8711 0.0986889 0.122094
2 0.465539 0.605688 0.0735022 0.0331905
2 0.170255 0.680799 0.109314 0.0505974
7 0.563122 0.706713 0.150726 0.107152
5 0.358942 0.689996 0.159271 0.137871
2 0.764724 0.733066 0.151289 0.0821468
2 0.420168 0.881771 0.229615 0.138161
2 0.467869 0.569907 0.0503967 0.0235825
2 0.264091 0.622286 0.0828325 0.0365294
2 0.409655 0.583762 0.0620409 0.0294098
2 0.19634 0.58048 0.0634334 0.0263153
2 0.691996 0.55004 0.0401693 0.0170458
2 0.488599 0.555872 0.0433351 0.0230083
2 0.252434 0.562799 0.0737403 0.0302769
2 0.79696 0.950254 0.338801 0.0983643
5 0.0867444 0.735923 0.170282 0.112899
2 0.855336 0.791075 0.199902 0.101099
2 0.0493445 0.8711 0.0986889 0.122094
2 0.465539 0.605688 0.0735022 0.0331905
2 0.170255 0.680799 0.109314 0.0505974
7 0.563122 0.706713 0.150726 0.107152
5 0.358942 0.689996 0.159271 0.137871
2 0.764724 0.733066 0.151289 0.0821468
2 0.420168 0.881771 0.229615 0.138161
2 0.467869 0.569907 0.0503967 0.0235825
2 0.264091 0.622286 0.0828325 0.0365294
2 0.409655 0.583762 0.0620409 0.0294098
2 0.19634 0.58048 0.0634334 0.0263153
2 0.691996 0.55004 0.0401693 0.0170458
2 0.488599 0.555872 0.0433351 0.0230083
2 0.252434 0.562799 0.0737403 0.0302769
2 0.79696 0.950254 0.338801 0.0983643
5 0.0867444 0.735923 0.170282 0.112899
2 0.855336 0.791075 0.199902 0.101099
2 0.0493445 0.8711 0.0986889 0.122094
2 0.465539 0.605688 0.0735022 0.0331905
2 0.170255 0.680799 0.109314 0.0505974
7 0.563122 0.706713 0.150726 0.107152
5 0.358942 0.689996 0.159271 0.137871
2 0.764724 0.733066 0.151289 0.0821468
2 0.420168 0.881771 0.229615 0.138161
2 0.467869 0.569907 0.0503967 0.0235825
2 0.264091 0.622286 0.0828325 0.0365294
2 0.409655 0.583762 0.0620409 0.0294098
2 0.19634 0.58048 0.0634334 0.0263153
2 0.691996 0.55004 0.0401693 0.0170458
2 0.488599 0.555872 0.0433351 0.0230083
2 0.252434 0.562799 0.0737403 0.0302769
