2 0.639169 0.810645 0.190617 0.085313
2 0.0557418 0.935407 0.111484 0.12846
2 0.161106 0.670139 0.112343 0.057437
2 0.856835 0.79055 0.201571 0.10052
2 0.389808 0.681507 0.112832 0.0622612
2 0.765699 0.731847 0.146124 0.0802429
2 0.421773 0.984369 0.269892 0.0306482
2 0.52183 0.728618 0.134493 0.0697681
2 0.326633 0.600423 0.0673362 0.030171
2 0.0650683 0.771558 0.130137 0.0736771
7 0.419204 0.600232 0.104004 0.0725436
2 0.788312 0.568412 0.0689099 0.0261065
7 0.241622 0.625 0.109441 0.0586542
2 0.490757 0.580201 0.0513321 0.0275102
7 0.615337 0.637145 0.123483 0.0740319
2 0.971757 0.973604 0.055201 0.0520357
2 0.212125 0.577533 0.0656697 0.0332291
2 0.639169 0.810645 0.190617 0.085313
2 0.0557418 0.935407 0.111484 0.12846
2 0.161106 0.670139 0.112343 0.057437
2 0.856835 0.79055 0.201571 0.10052
2 0.389808 0.681507 0.112832 0.0622612
2 0.765699 0.731847 0.146124 0.0802429
2 0.421773 0.984369 0.269892 0.0306482
2 0.52183 0.728618 0.134493 0.0697681
2 0.326633 0.600423 0.0673362 0.030171
2 0.0650683 0.771558 0.130137 0.0736771
7 0.419204 0.600232 0.104004 0.0725436
2 0.788312 0.568412 0.0689099 0.0261065
7 0.241622 0.625 0.109441 0.0586542
2 0.490757 0.580201 0.0513321 0.0275102
7 0.615337 0.637145 0.123483 0.0740319
2 0.971757 0.973604 0.055201 0.0520357
2 0.212125 0.577533 0.0656697 0.0332291
2 0.639169 0.810645 0.190617 0.085313
2 0.0557418 0.935407 0.111484 0.12846
2 0.161106 0.670139 0.112343 0.057437
2 0.856835 0.79055 0.201571 0.10052
2 0.389808 0.681507 0.112832 0.0622612
2 0.765699 0.731847 0.146124 0.0802429
2 0.421773 0.984369 0.269892 0.0306482
2 0.52183 0.728618 0.134493 0.0697681
2 0.326633 0.600423 0.0673362 0.030171
2 0.0650683 0.771558 0.130137 0.0736771
7 0.419204 0.600232 0.104004 0.0725436
2 0.788312 0.568412 0.0689099 0.0261065
7 0.241622 0.625 0.109441 0.0586542
2 0.490757 0.580201 0.0513321 0.0275102
7 0.615337 0.637145 0.123483 0.0740319
2 0.971757 0.973604 0.055201 0.0520357
2 0.212125 0.577533 0.0656697 0.0332291
2 0.639169 0.810645 0.190617 0.085313
2 0.0557418 0.935407 0.111484 0.12846
2 0.161106 0.670139 0.112343 0.057437
2 0.856835 0.79055 0.201571 0.10052
2 0.389808 0.681507 0.112832 0.0622612
2 0.765699 0.731847 0.146124 0.0802429
2 0.421773 0.984369 0.269892 0.0306482
2 0.52183 0.728618 0.134493 0.0697681
2 0.326633 0.600423 0.0673362 0.030171
2 0.0650683 0.771558 0.130137 0.0736771
7 0.419204 0.600232 0.104004 0.0725436
2 0.788312 0.568412 0.0689099 0.0261065
7 0.241622 0.625 0.109441 0.0586542
2 0.490757 0.580201 0.0513321 0.0275102
7 0.615337 0.637145 0.123483 0.0740319
2 0.971757 0.973604 0.055201 0.0520357
2 0.212125 0.577533 0.0656697 0.0332291
2 0.639169 0.810645 0.190617 0.085313
2 0.0557418 0.935407 0.111484 0.12846
2 0.161106 0.670139 0.112343 0.057437
2 0.856835 0.79055 0.201571 0.10052
2 0.389808 0.681507 0.112832 0.0622612
2 0.765699 0.731847 0.146124 0.0802429
2 0.421773 0.984369 0.269892 0.0306482
2 0.52183 0.728618 0.134493 0.0697681
2 0.326633 0.600423 0.0673362 0.030171
2 0.0650683 0.771558 0.130137 0.0736771
7 0.419204 0.600232 0.104004 0.0725436
2 0.788312 0.568412 0.0689099 0.0261065
7 0.241622 0.625 0.109441 0.0586542
2 0.490757 0.580201 0.0513321 0.0275102
7 0.615337 0.637145 0.123483 0.0740319
2 0.971757 0.973604 0.055201 0.0520357
2 0.212125 0.577533 0.0656697 0.0332291
2 0.639169 0.810645 0.190617 0.085313
2 0.0557418 0.935407 0.111484 0.12846
2 0.161106 0.670139 0.112343 0.057437
2 0.856835 0.79055 0.201571 0.10052
2 0.389808 0.681507 0.112832 0.0622612
2 0.765699 0.731847 0.146124 0.0802429
2 0.421773 0.984369 0.269892 0.0306482
2 0.52183 0.728618 0.134493 0.0697681
2 0.326633 0.600423 0.0673362 0.030171
2 0.0650683 0.771558 0.130137 0.0736771
7 0.419204 0.600232 0.104004 0.0725436
2 0.788312 0.568412 0.0689099 0.0261065
7 0.241622 0.625 0.109441 0.0586542
2 0.490757 0.580201 0.0513321 0.0275102
7 0.615337 0.637145 0.123483 0.0740319
2 0.971757 0.973604 0.055201 0.0520357
2 0.212125 0.577533 0.0656697 0.0332291
