2 0.898206 0.869455 0.202076 0.118491
2 0.856883 0.789422 0.199266 0.0973614
7 0.503509 0.905645 0.289672 0.1515
2 0.261411 0.624003 0.0851142 0.0362824
2 0.460068 0.741872 0.13081 0.0756556
2 0.586208 0.577688 0.0541569 0.023879
7 0.384687 0.624258 0.105805 0.0775397
2 0.766229 0.733967 0.147495 0.0848916
2 0.159084 0.585901 0.0697567 0.0284677
2 0.37167 0.576204 0.0540585 0.023794
2 0.178801 0.662842 0.125423 0.0758842
2 0.260031 0.565975 0.0560756 0.0249455
7 0.178501 0.662195 0.125307 0.075738
2 0.424621 0.554402 0.0468025 0.0184607
2 0.187352 0.562252 0.0627997 0.0290583
2 0.556503 0.561946 0.0491536 0.020644
2 0.886241 0.579952 0.0681814 0.0293351
2 0.315632 0.587057 0.059318 0.0351271
2 0.439101 0.606867 0.0349926 0.0399097
2 0.898206 0.869455 0.202076 0.118491
2 0.856883 0.789422 0.199266 0.0973614
7 0.503509 0.905645 0.289672 0.1515
2 0.261411 0.624003 0.0851142 0.0362824
2 0.460068 0.741872 0.13081 0.0756556
2 0.586208 0.577688 0.0541569 0.023879
7 0.384687 0.624258 0.105805 0.0775397
2 0.766229 0.733967 0.147495 0.0848916
2 0.159084 0.585901 0.0697567 0.0284677
2 0.37167 0.576204 0.0540585 0.023794
2 0.178801 0.662842 0.125423 0.0758842
2 0.260031 0.565975 0.0560756 0.0249455
7 0.178501 0.662195 0.125307 0.075738
2 0.424621 0.554402 0.0468025 0.0184607
2 0.187352 0.562252 0.0627997 0.0290583
2 0.556503 0.561946 0.0491536 0.020644
2 0.886241 0.579952 0.0681814 0.0293351
2 0.315632 0.587057 0.059318 0.0351271
2 0.439101 0.606867 0.0349926 0.0399097
2 0.898206 0.869455 0.202076 0.118491
2 0.856883 0.789422 0.199266 0.0973614
7 0.503509 0.905645 0.289672 0.1515
2 0.261411 0.624003 0.0851142 0.0362824
2 0.460068 0.741872 0.13081 0.0756556
2 0.586208 0.577688 0.0541569 0.023879
7 0.384687 0.624258 0.105805 0.0775397
2 0.766229 0.733967 0.147495 0.0848916
2 0.159084 0.585901 0.0697567 0.0284677
2 0.37167 0.576204 0.0540585 0.023794
2 0.178801 0.662842 0.125423 0.0758842
2 0.260031 0.565975 0.0560756 0.0249455
7 0.178501 0.662195 0.125307 0.075738
2 0.424621 0.554402 0.0468025 0.0184607
2 0.187352 0.562252 0.0627997 0.0290583
2 0.556503 0.561946 0.0491536 0.020644
2 0.886241 0.579952 0.0681814 0.0293351
2 0.315632 0.587057 0.059318 0.0351271
2 0.439101 0.606867 0.0349926 0.0399097
2 0.898206 0.869455 0.202076 0.118491
2 0.856883 0.789422 0.199266 0.0973614
7 0.503509 0.905645 0.289672 0.1515
2 0.261411 0.624003 0.0851142 0.0362824
2 0.460068 0.741872 0.13081 0.0756556
2 0.586208 0.577688 0.0541569 0.023879
7 0.384687 0.624258 0.105805 0.0775397
2 0.766229 0.733967 0.147495 0.0848916
2 0.159084 0.585901 0.0697567 0.0284677
2 0.37167 0.576204 0.0540585 0.023794
2 0.178801 0.662842 0.125423 0.0758842
2 0.260031 0.565975 0.0560756 0.0249455
7 0.178501 0.662195 0.125307 0.075738
2 0.424621 0.554402 0.0468025 0.0184607
2 0.187352 0.562252 0.0627997 0.0290583
2 0.556503 0.561946 0.0491536 0.020644
2 0.886241 0.579952 0.0681814 0.0293351
2 0.315632 0.587057 0.059318 0.0351271
2 0.439101 0.606867 0.0349926 0.0399097
2 0.898206 0.869455 0.202076 0.118491
2 0.856883 0.789422 0.199266 0.0973614
7 0.503509 0.905645 0.289672 0.1515
2 0.261411 0.624003 0.0851142 0.0362824
2 0.460068 0.741872 0.13081 0.0756556
2 0.586208 0.577688 0.0541569 0.023879
7 0.384687 0.624258 0.105805 0.0775397
2 0.766229 0.733967 0.147495 0.0848916
2 0.159084 0.585901 0.0697567 0.0284677
2 0.37167 0.576204 0.0540585 0.023794
2 0.178801 0.662842 0.125423 0.0758842
2 0.260031 0.565975 0.0560756 0.0249455
7 0.178501 0.662195 0.125307 0.075738
2 0.424621 0.554402 0.0468025 0.0184607
2 0.187352 0.562252 0.0627997 0.0290583
2 0.556503 0.561946 0.0491536 0.020644
2 0.886241 0.579952 0.0681814 0.0293351
2 0.315632 0.587057 0.059318 0.0351271
2 0.439101 0.606867 0.0349926 0.0399097
2 0.898206 0.869455 0.202076 0.118491
2 0.856883 0.789422 0.199266 0.0973614
7 0.503509 0.905645 0.289672 0.1515
2 0.261411 0.624003 0.0851142 0.0362824
2 0.460068 0.741872 0.13081 0.0756556
2 0.586208 0.577688 0.0541569 0.023879
7 0.384687 0.624258 0.105805 0.0775397
2 0.766229 0.733967 0.147495 0.0848916
2 0.159084 0.585901 0.0697567 0.0284677
2 0.37167 0.576204 0.0540585 0.023794
2 0.178801 0.662842 0.125423 0.0758842
2 0.260031 0.565975 0.0560756 0.0249455
7 0.178501 0.662195 0.125307 0.075738
2 0.424621 0.554402 0.0468025 0.0184607
2 0.187352 0.562252 0.0627997 0.0290583
2 0.556503 0.561946 0.0491536 0.020644
2 0.886241 0.579952 0.0681814 0.0293351
2 0.315632 0.587057 0.059318 0.0351271
2 0.439101 0.606867 0.0349926 0.0399097
2 0.898206 0.869455 0.202076 0.118491
2 0.856883 0.789422 0.199266 0.0973614
7 0.503509 0.905645 0.289672 0.1515
2 0.261411 0.624003 0.0851142 0.0362824
2 0.460068 0.741872 0.13081 0.0756556
2 0.586208 0.577688 0.0541569 0.023879
7 0.384687 0.624258 0.105805 0.0775397
2 0.766229 0.733967 0.147495 0.0848916
2 0.159084 0.585901 0.0697567 0.0284677
2 0.37167 0.576204 0.0540585 0.023794
2 0.178801 0.662842 0.125423 0.0758842
2 0.260031 0.565975 0.0560756 0.0249455
7 0.178501 0.662195 0.125307 0.075738
2 0.424621 0.554402 0.0468025 0.0184607
2 0.187352 0.562252 0.0627997 0.0290583
2 0.556503 0.561946 0.0491536 0.020644
2 0.886241 0.579952 0.0681814 0.0293351
2 0.315632 0.587057 0.059318 0.0351271
2 0.439101 0.606867 0.0349926 0.0399097
2 0.898206 0.869455 0.202076 0.118491
2 0.856883 0.789422 0.199266 0.0973614
7 0.503509 0.905645 0.289672 0.1515
2 0.261411 0.624003 0.0851142 0.0362824
2 0.460068 0.741872 0.13081 0.0756556
2 0.586208 0.577688 0.0541569 0.023879
7 0.384687 0.624258 0.105805 0.0775397
2 0.766229 0.733967 0.147495 0.0848916
2 0.159084 0.585901 0.0697567 0.0284677
2 0.37167 0.576204 0.0540585 0.023794
2 0.178801 0.662842 0.125423 0.0758842
2 0.260031 0.565975 0.0560756 0.0249455
7 0.178501 0.662195 0.125307 0.075738
2 0.424621 0.554402 0.0468025 0.0184607
2 0.187352 0.562252 0.0627997 0.0290583
2 0.556503 0.561946 0.0491536 0.020644
2 0.886241 0.579952 0.0681814 0.0293351
2 0.315632 0.587057 0.059318 0.0351271
2 0.439101 0.606867 0.0349926 0.0399097
2 0.898206 0.869455 0.202076 0.118491
2 0.856883 0.789422 0.199266 0.0973614
7 0.503509 0.905645 0.289672 0.1515
2 0.261411 0.624003 0.0851142 0.0362824
2 0.460068 0.741872 0.13081 0.0756556
2 0.586208 0.577688 0.0541569 0.023879
7 0.384687 0.624258 0.105805 0.0775397
2 0.766229 0.733967 0.147495 0.0848916
2 0.159084 0.585901 0.0697567 0.0284677
2 0.37167 0.576204 0.0540585 0.023794
2 0.178801 0.662842 0.125423 0.0758842
2 0.260031 0.565975 0.0560756 0.0249455
7 0.178501 0.662195 0.125307 0.075738
2 0.424621 0.554402 0.0468025 0.0184607
2 0.187352 0.562252 0.0627997 0.0290583
2 0.556503 0.561946 0.0491536 0.020644
2 0.886241 0.579952 0.0681814 0.0293351
2 0.315632 0.587057 0.059318 0.0351271
2 0.439101 0.606867 0.0349926 0.0399097
2 0.898206 0.869455 0.202076 0.118491
2 0.856883 0.789422 0.199266 0.0973614
7 0.503509 0.905645 0.289672 0.1515
2 0.261411 0.624003 0.0851142 0.0362824
2 0.460068 0.741872 0.13081 0.0756556
2 0.586208 0.577688 0.0541569 0.023879
7 0.384687 0.624258 0.105805 0.0775397
2 0.766229 0.733967 0.147495 0.0848916
2 0.159084 0.585901 0.0697567 0.0284677
2 0.37167 0.576204 0.0540585 0.023794
2 0.178801 0.662842 0.125423 0.0758842
2 0.260031 0.565975 0.0560756 0.0249455
7 0.178501 0.662195 0.125307 0.075738
2 0.424621 0.554402 0.0468025 0.0184607
2 0.187352 0.562252 0.0627997 0.0290583
2 0.556503 0.561946 0.0491536 0.020644
2 0.886241 0.579952 0.0681814 0.0293351
2 0.315632 0.587057 0.059318 0.0351271
2 0.439101 0.606867 0.0349926 0.0399097
2 0.898206 0.869455 0.202076 0.118491
2 0.856883 0.789422 0.199266 0.0973614
7 0.503509 0.905645 0.289672 0.1515
2 0.261411 0.624003 0.0851142 0.0362824
2 0.460068 0.741872 0.13081 0.0756556
2 0.586208 0.577688 0.0541569 0.023879
7 0.384687 0.624258 0.105805 0.0775397
2 0.766229 0.733967 0.147495 0.0848916
2 0.159084 0.585901 0.0697567 0.0284677
2 0.37167 0.576204 0.0540585 0.023794
2 0.178801 0.662842 0.125423 0.0758842
2 0.260031 0.565975 0.0560756 0.0249455
7 0.178501 0.662195 0.125307 0.075738
2 0.424621 0.554402 0.0468025 0.0184607
2 0.187352 0.562252 0.0627997 0.0290583
2 0.556503 0.561946 0.0491536 0.020644
2 0.886241 0.579952 0.0681814 0.0293351
2 0.315632 0.587057 0.059318 0.0351271
2 0.439101 0.606867 0.0349926 0.0399097
2 0.898206 0.869455 0.202076 0.118491
2 0.856883 0.789422 0.199266 0.0973614
7 0.503509 0.905645 0.289672 0.1515
2 0.261411 0.624003 0.0851142 0.0362824
2 0.460068 0.741872 0.13081 0.0756556
2 0.586208 0.577688 0.0541569 0.023879
7 0.384687 0.624258 0.105805 0.0775397
2 0.766229 0.733967 0.147495 0.0848916
2 0.159084 0.585901 0.0697567 0.0284677
2 0.37167 0.576204 0.0540585 0.023794
2 0.178801 0.662842 0.125423 0.0758842
2 0.260031 0.565975 0.0560756 0.0249455
7 0.178501 0.662195 0.125307 0.075738
2 0.424621 0.554402 0.0468025 0.0184607
2 0.187352 0.562252 0.0627997 0.0290583
2 0.556503 0.561946 0.0491536 0.020644
2 0.886241 0.579952 0.0681814 0.0293351
2 0.315632 0.587057 0.059318 0.0351271
2 0.439101 0.606867 0.0349926 0.0399097
2 0.898206 0.869455 0.202076 0.118491
2 0.856883 0.789422 0.199266 0.0973614
7 0.503509 0.905645 0.289672 0.1515
2 0.261411 0.624003 0.0851142 0.0362824
2 0.460068 0.741872 0.13081 0.0756556
2 0.586208 0.577688 0.0541569 0.023879
7 0.384687 0.624258 0.105805 0.0775397
2 0.766229 0.733967 0.147495 0.0848916
2 0.159084 0.585901 0.0697567 0.0284677
2 0.37167 0.576204 0.0540585 0.023794
2 0.178801 0.662842 0.125423 0.0758842
2 0.260031 0.565975 0.0560756 0.0249455
7 0.178501 0.662195 0.125307 0.075738
2 0.424621 0.554402 0.0468025 0.0184607
2 0.187352 0.562252 0.0627997 0.0290583
2 0.556503 0.561946 0.0491536 0.020644
2 0.886241 0.579952 0.0681814 0.0293351
2 0.315632 0.587057 0.059318 0.0351271
2 0.439101 0.606867 0.0349926 0.0399097
7 0.387288 0.624997 0.111379 0.0793146
7 0.178625 0.662811 0.124592 0.0774601
2 0.459901 0.741 0.130129 0.0743751
2 0.858519 0.787457 0.200963 0.0940969
7 0.503652 0.905955 0.29215 0.152103
2 0.897661 0.868545 0.204678 0.118076
2 0.262133 0.622912 0.0857327 0.0373953
2 0.762241 0.734326 0.147077 0.0851622
2 0.373064 0.575868 0.0579919 0.0240359
2 0.587185 0.57737 0.0535341 0.0243958
2 0.160588 0.585719 0.0713654 0.0266535
7 0.387288 0.624997 0.111379 0.0793146
7 0.178625 0.662811 0.124592 0.0774601
2 0.459901 0.741 0.130129 0.0743751
2 0.858519 0.787457 0.200963 0.0940969
7 0.503652 0.905955 0.29215 0.152103
2 0.897661 0.868545 0.204678 0.118076
2 0.262133 0.622912 0.0857327 0.0373953
2 0.762241 0.734326 0.147077 0.0851622
2 0.373064 0.575868 0.0579919 0.0240359
2 0.587185 0.57737 0.0535341 0.0243958
2 0.160588 0.585719 0.0713654 0.0266535
