7 0.603345 0.766252 0.222741 0.139331
7 0.0707601 0.808356 0.141484 0.151607
2 0.431489 0.635073 0.0914698 0.0399847
2 0.856464 0.790129 0.20168 0.0996235
2 0.338347 0.608507 0.0823751 0.0368149
2 0.433866 0.587945 0.0611774 0.0295379
2 0.205139 0.654699 0.102969 0.0498598
2 0.665589 0.569817 0.0552056 0.0225889
2 0.112787 0.740262 0.129357 0.0788026
2 0.767341 0.730913 0.144915 0.0799737
2 0.502945 0.987747 0.287141 0.0238586
5 0.370783 0.747496 0.21012 0.185033
2 0.46218 0.573101 0.0542659 0.0276541
2 0.688245 0.546401 0.0396844 0.0185177
7 0.554564 0.576082 0.0654897 0.0409045
2 0.336998 0.583465 0.0660856 0.0283337
2 0.839596 0.586438 0.10173 0.047482
2 0.0231892 0.988576 0.0401688 0.0223278
2 0.454265 0.576258 0.0608909 0.0307811
2 0.146364 0.598067 0.0575672 0.0346065
2 0.202262 0.578465 0.0599325 0.0309438
7 0.603345 0.766252 0.222741 0.139331
7 0.0707601 0.808356 0.141484 0.151607
2 0.431489 0.635073 0.0914698 0.0399847
2 0.856464 0.790129 0.20168 0.0996235
2 0.338347 0.608507 0.0823751 0.0368149
2 0.433866 0.587945 0.0611774 0.0295379
2 0.205139 0.654699 0.102969 0.0498598
2 0.665589 0.569817 0.0552056 0.0225889
2 0.112787 0.740262 0.129357 0.0788026
2 0.767341 0.730913 0.144915 0.0799737
2 0.502945 0.987747 0.287141 0.0238586
5 0.370783 0.747496 0.21012 0.185033
2 0.46218 0.573101 0.0542659 0.0276541
2 0.688245 0.546401 0.0396844 0.0185177
7 0.554564 0.576082 0.0654897 0.0409045
2 0.336998 0.583465 0.0660856 0.0283337
2 0.839596 0.586438 0.10173 0.047482
2 0.0231892 0.988576 0.0401688 0.0223278
2 0.454265 0.576258 0.0608909 0.0307811
2 0.146364 0.598067 0.0575672 0.0346065
2 0.202262 0.578465 0.0599325 0.0309438
7 0.603345 0.766252 0.222741 0.139331
7 0.0707601 0.808356 0.141484 0.151607
2 0.431489 0.635073 0.0914698 0.0399847
2 0.856464 0.790129 0.20168 0.0996235
2 0.338347 0.608507 0.0823751 0.0368149
2 0.433866 0.587945 0.0611774 0.0295379
2 0.205139 0.654699 0.102969 0.0498598
2 0.665589 0.569817 0.0552056 0.0225889
2 0.112787 0.740262 0.129357 0.0788026
2 0.767341 0.730913 0.144915 0.0799737
2 0.502945 0.987747 0.287141 0.0238586
5 0.370783 0.747496 0.21012 0.185033
2 0.46218 0.573101 0.0542659 0.0276541
2 0.688245 0.546401 0.0396844 0.0185177
7 0.554564 0.576082 0.0654897 0.0409045
2 0.336998 0.583465 0.0660856 0.0283337
2 0.839596 0.586438 0.10173 0.047482
2 0.0231892 0.988576 0.0401688 0.0223278
2 0.454265 0.576258 0.0608909 0.0307811
2 0.146364 0.598067 0.0575672 0.0346065
2 0.202262 0.578465 0.0599325 0.0309438
7 0.603345 0.766252 0.222741 0.139331
7 0.0707601 0.808356 0.141484 0.151607
2 0.431489 0.635073 0.0914698 0.0399847
2 0.856464 0.790129 0.20168 0.0996235
2 0.338347 0.608507 0.0823751 0.0368149
2 0.433866 0.587945 0.0611774 0.0295379
2 0.205139 0.654699 0.102969 0.0498598
2 0.665589 0.569817 0.0552056 0.0225889
2 0.112787 0.740262 0.129357 0.0788026
2 0.767341 0.730913 0.144915 0.0799737
2 0.502945 0.987747 0.287141 0.0238586
5 0.370783 0.747496 0.21012 0.185033
2 0.46218 0.573101 0.0542659 0.0276541
2 0.688245 0.546401 0.0396844 0.0185177
7 0.554564 0.576082 0.0654897 0.0409045
2 0.336998 0.583465 0.0660856 0.0283337
2 0.839596 0.586438 0.10173 0.047482
2 0.0231892 0.988576 0.0401688 0.0223278
2 0.454265 0.576258 0.0608909 0.0307811
2 0.146364 0.598067 0.0575672 0.0346065
2 0.202262 0.578465 0.0599325 0.0309438
7 0.603345 0.766252 0.222741 0.139331
7 0.0707601 0.808356 0.141484 0.151607
2 0.431489 0.635073 0.0914698 0.0399847
2 0.856464 0.790129 0.20168 0.0996235
2 0.338347 0.608507 0.0823751 0.0368149
2 0.433866 0.587945 0.0611774 0.0295379
2 0.205139 0.654699 0.102969 0.0498598
2 0.665589 0.569817 0.0552056 0.0225889
2 0.112787 0.740262 0.129357 0.0788026
2 0.767341 0.730913 0.144915 0.0799737
2 0.502945 0.987747 0.287141 0.0238586
5 0.370783 0.747496 0.21012 0.185033
2 0.46218 0.573101 0.0542659 0.0276541
2 0.688245 0.546401 0.0396844 0.0185177
7 0.554564 0.576082 0.0654897 0.0409045
2 0.336998 0.583465 0.0660856 0.0283337
2 0.839596 0.586438 0.10173 0.047482
2 0.0231892 0.988576 0.0401688 0.0223278
2 0.454265 0.576258 0.0608909 0.0307811
2 0.146364 0.598067 0.0575672 0.0346065
2 0.202262 0.578465 0.0599325 0.0309438
7 0.603345 0.766252 0.222741 0.139331
7 0.0707601 0.808356 0.141484 0.151607
2 0.431489 0.635073 0.0914698 0.0399847
2 0.856464 0.790129 0.20168 0.0996235
2 0.338347 0.608507 0.0823751 0.0368149
2 0.433866 0.587945 0.0611774 0.0295379
2 0.205139 0.654699 0.102969 0.0498598
2 0.665589 0.569817 0.0552056 0.0225889
2 0.112787 0.740262 0.129357 0.0788026
2 0.767341 0.730913 0.144915 0.0799737
2 0.502945 0.987747 0.287141 0.0238586
5 0.370783 0.747496 0.21012 0.185033
2 0.46218 0.573101 0.0542659 0.0276541
2 0.688245 0.546401 0.0396844 0.0185177
7 0.554564 0.576082 0.0654897 0.0409045
2 0.336998 0.583465 0.0660856 0.0283337
2 0.839596 0.586438 0.10173 0.047482
2 0.0231892 0.988576 0.0401688 0.0223278
2 0.454265 0.576258 0.0608909 0.0307811
2 0.146364 0.598067 0.0575672 0.0346065
2 0.202262 0.578465 0.0599325 0.0309438
