2 0.898363 0.86944 0.201598 0.118737
2 0.857597 0.789651 0.200407 0.0978857
2 0.35546 0.70878 0.117426 0.0665951
2 0.587446 0.616494 0.0828513 0.0382985
2 0.182302 0.664499 0.0982888 0.0471879
2 0.394802 0.648999 0.101837 0.0518524
2 0.765294 0.735278 0.152081 0.0854916
2 0.596021 0.545558 0.0391693 0.0173016
2 0.23507 0.56677 0.0561662 0.0298409
7 0.439315 0.580686 0.0725501 0.0459812
2 0.489069 0.568079 0.0333888 0.0254539
7 0.33128 0.584647 0.0761399 0.0428822
2 0.331331 0.584404 0.0751863 0.0424431
2 0.384017 0.570176 0.0509777 0.0247231
2 0.898363 0.86944 0.201598 0.118737
2 0.857597 0.789651 0.200407 0.0978857
2 0.35546 0.70878 0.117426 0.0665951
2 0.587446 0.616494 0.0828513 0.0382985
2 0.182302 0.664499 0.0982888 0.0471879
2 0.394802 0.648999 0.101837 0.0518524
2 0.765294 0.735278 0.152081 0.0854916
2 0.596021 0.545558 0.0391693 0.0173016
2 0.23507 0.56677 0.0561662 0.0298409
7 0.439315 0.580686 0.0725501 0.0459812
2 0.489069 0.568079 0.0333888 0.0254539
7 0.33128 0.584647 0.0761399 0.0428822
2 0.331331 0.584404 0.0751863 0.0424431
2 0.384017 0.570176 0.0509777 0.0247231
2 0.898363 0.86944 0.201598 0.118737
2 0.857597 0.789651 0.200407 0.0978857
2 0.35546 0.70878 0.117426 0.0665951
2 0.587446 0.616494 0.0828513 0.0382985
2 0.182302 0.664499 0.0982888 0.0471879
2 0.394802 0.648999 0.101837 0.0518524
2 0.765294 0.735278 0.152081 0.0854916
2 0.596021 0.545558 0.0391693 0.0173016
2 0.23507 0.56677 0.0561662 0.0298409
7 0.439315 0.580686 0.0725501 0.0459812
2 0.489069 0.568079 0.0333888 0.0254539
7 0.33128 0.584647 0.0761399 0.0428822
2 0.331331 0.584404 0.0751863 0.0424431
2 0.384017 0.570176 0.0509777 0.0247231
2 0.898363 0.86944 0.201598 0.118737
2 0.857597 0.789651 0.200407 0.0978857
2 0.35546 0.70878 0.117426 0.0665951
2 0.587446 0.616494 0.0828513 0.0382985
2 0.182302 0.664499 0.0982888 0.0471879
2 0.394802 0.648999 0.101837 0.0518524
2 0.765294 0.735278 0.152081 0.0854916
2 0.596021 0.545558 0.0391693 0.0173016
2 0.23507 0.56677 0.0561662 0.0298409
7 0.439315 0.580686 0.0725501 0.0459812
2 0.489069 0.568079 0.0333888 0.0254539
7 0.33128 0.584647 0.0761399 0.0428822
2 0.331331 0.584404 0.0751863 0.0424431
2 0.384017 0.570176 0.0509777 0.0247231
2 0.898363 0.86944 0.201598 0.118737
2 0.857597 0.789651 0.200407 0.0978857
2 0.35546 0.70878 0.117426 0.0665951
2 0.587446 0.616494 0.0828513 0.0382985
2 0.182302 0.664499 0.0982888 0.0471879
2 0.394802 0.648999 0.101837 0.0518524
2 0.765294 0.735278 0.152081 0.0854916
2 0.596021 0.545558 0.0391693 0.0173016
2 0.23507 0.56677 0.0561662 0.0298409
7 0.439315 0.580686 0.0725501 0.0459812
2 0.489069 0.568079 0.0333888 0.0254539
7 0.33128 0.584647 0.0761399 0.0428822
2 0.331331 0.584404 0.0751863 0.0424431
2 0.384017 0.570176 0.0509777 0.0247231
2 0.898363 0.86944 0.201598 0.118737
2 0.857597 0.789651 0.200407 0.0978857
2 0.35546 0.70878 0.117426 0.0665951
2 0.587446 0.616494 0.0828513 0.0382985
2 0.182302 0.664499 0.0982888 0.0471879
2 0.394802 0.648999 0.101837 0.0518524
2 0.765294 0.735278 0.152081 0.0854916
2 0.596021 0.545558 0.0391693 0.0173016
2 0.23507 0.56677 0.0561662 0.0298409
7 0.439315 0.580686 0.0725501 0.0459812
2 0.489069 0.568079 0.0333888 0.0254539
7 0.33128 0.584647 0.0761399 0.0428822
2 0.331331 0.584404 0.0751863 0.0424431
2 0.384017 0.570176 0.0509777 0.0247231
