2 0.898731 0.870496 0.201034 0.120094
2 0.857141 0.789893 0.20114 0.0987951
2 0.555268 0.641963 0.0874398 0.0379618
2 0.205775 0.656369 0.105621 0.0435178
2 0.0788906 0.820906 0.157781 0.10302
2 0.132759 0.715356 0.135001 0.0703033
2 0.0579326 0.968665 0.11522 0.0617275
2 0.765621 0.733733 0.149047 0.0845564
2 0.517839 0.611414 0.0714073 0.0347639
2 0.280176 0.613324 0.0766089 0.0327755
2 0.353982 0.579174 0.0609375 0.0291878
2 0.792594 0.593954 0.115469 0.0516862
2 0.487606 0.580946 0.0632128 0.0331728
2 0.720717 0.556439 0.0610735 0.0231173
5 0.342834 0.77063 0.207052 0.190176
7 0.343161 0.770847 0.206436 0.190525
7 0.189263 0.575419 0.0897762 0.0432398
5 0.747402 0.508476 0.108942 0.0519361
2 0.898731 0.870496 0.201034 0.120094
2 0.857141 0.789893 0.20114 0.0987951
2 0.555268 0.641963 0.0874398 0.0379618
2 0.205775 0.656369 0.105621 0.0435178
2 0.0788906 0.820906 0.157781 0.10302
2 0.132759 0.715356 0.135001 0.0703033
2 0.0579326 0.968665 0.11522 0.0617275
2 0.765621 0.733733 0.149047 0.0845564
2 0.517839 0.611414 0.0714073 0.0347639
2 0.280176 0.613324 0.0766089 0.0327755
2 0.353982 0.579174 0.0609375 0.0291878
2 0.792594 0.593954 0.115469 0.0516862
2 0.487606 0.580946 0.0632128 0.0331728
2 0.720717 0.556439 0.0610735 0.0231173
5 0.342834 0.77063 0.207052 0.190176
7 0.343161 0.770847 0.206436 0.190525
7 0.189263 0.575419 0.0897762 0.0432398
5 0.747402 0.508476 0.108942 0.0519361
2 0.898731 0.870496 0.201034 0.120094
2 0.857141 0.789893 0.20114 0.0987951
2 0.555268 0.641963 0.0874398 0.0379618
2 0.205775 0.656369 0.105621 0.0435178
2 0.0788906 0.820906 0.157781 0.10302
2 0.132759 0.715356 0.135001 0.0703033
2 0.0579326 0.968665 0.11522 0.0617275
2 0.765621 0.733733 0.149047 0.0845564
2 0.517839 0.611414 0.0714073 0.0347639
2 0.280176 0.613324 0.0766089 0.0327755
2 0.353982 0.579174 0.0609375 0.0291878
2 0.792594 0.593954 0.115469 0.0516862
2 0.487606 0.580946 0.0632128 0.0331728
2 0.720717 0.556439 0.0610735 0.0231173
5 0.342834 0.77063 0.207052 0.190176
7 0.343161 0.770847 0.206436 0.190525
7 0.189263 0.575419 0.0897762 0.0432398
5 0.747402 0.508476 0.108942 0.0519361
2 0.898731 0.870496 0.201034 0.120094
2 0.857141 0.789893 0.20114 0.0987951
2 0.555268 0.641963 0.0874398 0.0379618
2 0.205775 0.656369 0.105621 0.0435178
2 0.0788906 0.820906 0.157781 0.10302
2 0.132759 0.715356 0.135001 0.0703033
2 0.0579326 0.968665 0.11522 0.0617275
2 0.765621 0.733733 0.149047 0.0845564
2 0.517839 0.611414 0.0714073 0.0347639
2 0.280176 0.613324 0.0766089 0.0327755
2 0.353982 0.579174 0.0609375 0.0291878
2 0.792594 0.593954 0.115469 0.0516862
2 0.487606 0.580946 0.0632128 0.0331728
2 0.720717 0.556439 0.0610735 0.0231173
5 0.342834 0.77063 0.207052 0.190176
7 0.343161 0.770847 0.206436 0.190525
7 0.189263 0.575419 0.0897762 0.0432398
5 0.747402 0.508476 0.108942 0.0519361
2 0.898731 0.870496 0.201034 0.120094
2 0.857141 0.789893 0.20114 0.0987951
2 0.555268 0.641963 0.0874398 0.0379618
2 0.205775 0.656369 0.105621 0.0435178
2 0.0788906 0.820906 0.157781 0.10302
2 0.132759 0.715356 0.135001 0.0703033
2 0.0579326 0.968665 0.11522 0.0617275
2 0.765621 0.733733 0.149047 0.0845564
2 0.517839 0.611414 0.0714073 0.0347639
2 0.280176 0.613324 0.0766089 0.0327755
2 0.353982 0.579174 0.0609375 0.0291878
2 0.792594 0.593954 0.115469 0.0516862
2 0.487606 0.580946 0.0632128 0.0331728
2 0.720717 0.556439 0.0610735 0.0231173
5 0.342834 0.77063 0.207052 0.190176
7 0.343161 0.770847 0.206436 0.190525
7 0.189263 0.575419 0.0897762 0.0432398
5 0.747402 0.508476 0.108942 0.0519361
2 0.898731 0.870496 0.201034 0.120094
2 0.857141 0.789893 0.20114 0.0987951
2 0.555268 0.641963 0.0874398 0.0379618
2 0.205775 0.656369 0.105621 0.0435178
2 0.0788906 0.820906 0.157781 0.10302
2 0.132759 0.715356 0.135001 0.0703033
2 0.0579326 0.968665 0.11522 0.0617275
2 0.765621 0.733733 0.149047 0.0845564
2 0.517839 0.611414 0.0714073 0.0347639
2 0.280176 0.613324 0.0766089 0.0327755
2 0.353982 0.579174 0.0609375 0.0291878
2 0.792594 0.593954 0.115469 0.0516862
2 0.487606 0.580946 0.0632128 0.0331728
2 0.720717 0.556439 0.0610735 0.0231173
5 0.342834 0.77063 0.207052 0.190176
7 0.343161 0.770847 0.206436 0.190525
7 0.189263 0.575419 0.0897762 0.0432398
5 0.747402 0.508476 0.108942 0.0519361
2 0.898731 0.870496 0.201034 0.120094
2 0.857141 0.789893 0.20114 0.0987951
2 0.555268 0.641963 0.0874398 0.0379618
2 0.205775 0.656369 0.105621 0.0435178
2 0.0788906 0.820906 0.157781 0.10302
2 0.132759 0.715356 0.135001 0.0703033
2 0.0579326 0.968665 0.11522 0.0617275
2 0.765621 0.733733 0.149047 0.0845564
2 0.517839 0.611414 0.0714073 0.0347639
2 0.280176 0.613324 0.0766089 0.0327755
2 0.353982 0.579174 0.0609375 0.0291878
2 0.792594 0.593954 0.115469 0.0516862
2 0.487606 0.580946 0.0632128 0.0331728
2 0.720717 0.556439 0.0610735 0.0231173
5 0.342834 0.77063 0.207052 0.190176
7 0.343161 0.770847 0.206436 0.190525
7 0.189263 0.575419 0.0897762 0.0432398
5 0.747402 0.508476 0.108942 0.0519361
2 0.898731 0.870496 0.201034 0.120094
2 0.857141 0.789893 0.20114 0.0987951
2 0.555268 0.641963 0.0874398 0.0379618
2 0.205775 0.656369 0.105621 0.0435178
2 0.0788906 0.820906 0.157781 0.10302
2 0.132759 0.715356 0.135001 0.0703033
2 0.0579326 0.968665 0.11522 0.0617275
2 0.765621 0.733733 0.149047 0.0845564
2 0.517839 0.611414 0.0714073 0.0347639
2 0.280176 0.613324 0.0766089 0.0327755
2 0.353982 0.579174 0.0609375 0.0291878
2 0.792594 0.593954 0.115469 0.0516862
2 0.487606 0.580946 0.0632128 0.0331728
2 0.720717 0.556439 0.0610735 0.0231173
5 0.342834 0.77063 0.207052 0.190176
7 0.343161 0.770847 0.206436 0.190525
7 0.189263 0.575419 0.0897762 0.0432398
5 0.747402 0.508476 0.108942 0.0519361
2 0.898731 0.870496 0.201034 0.120094
2 0.857141 0.789893 0.20114 0.0987951
2 0.555268 0.641963 0.0874398 0.0379618
2 0.205775 0.656369 0.105621 0.0435178
2 0.0788906 0.820906 0.157781 0.10302
2 0.132759 0.715356 0.135001 0.0703033
2 0.0579326 0.968665 0.11522 0.0617275
2 0.765621 0.733733 0.149047 0.0845564
2 0.517839 0.611414 0.0714073 0.0347639
2 0.280176 0.613324 0.0766089 0.0327755
2 0.353982 0.579174 0.0609375 0.0291878
2 0.792594 0.593954 0.115469 0.0516862
2 0.487606 0.580946 0.0632128 0.0331728
2 0.720717 0.556439 0.0610735 0.0231173
5 0.342834 0.77063 0.207052 0.190176
7 0.343161 0.770847 0.206436 0.190525
7 0.189263 0.575419 0.0897762 0.0432398
5 0.747402 0.508476 0.108942 0.0519361
2 0.898731 0.870496 0.201034 0.120094
2 0.857141 0.789893 0.20114 0.0987951
2 0.555268 0.641963 0.0874398 0.0379618
2 0.205775 0.656369 0.105621 0.0435178
2 0.0788906 0.820906 0.157781 0.10302
2 0.132759 0.715356 0.135001 0.0703033
2 0.0579326 0.968665 0.11522 0.0617275
2 0.765621 0.733733 0.149047 0.0845564
2 0.517839 0.611414 0.0714073 0.0347639
2 0.280176 0.613324 0.0766089 0.0327755
2 0.353982 0.579174 0.0609375 0.0291878
2 0.792594 0.593954 0.115469 0.0516862
2 0.487606 0.580946 0.0632128 0.0331728
2 0.720717 0.556439 0.0610735 0.0231173
5 0.342834 0.77063 0.207052 0.190176
7 0.343161 0.770847 0.206436 0.190525
7 0.189263 0.575419 0.0897762 0.0432398
5 0.747402 0.508476 0.108942 0.0519361
2 0.898731 0.870496 0.201034 0.120094
2 0.857141 0.789893 0.20114 0.0987951
2 0.555268 0.641963 0.0874398 0.0379618
2 0.205775 0.656369 0.105621 0.0435178
2 0.0788906 0.820906 0.157781 0.10302
2 0.132759 0.715356 0.135001 0.0703033
2 0.0579326 0.968665 0.11522 0.0617275
2 0.765621 0.733733 0.149047 0.0845564
2 0.517839 0.611414 0.0714073 0.0347639
2 0.280176 0.613324 0.0766089 0.0327755
2 0.353982 0.579174 0.0609375 0.0291878
2 0.792594 0.593954 0.115469 0.0516862
2 0.487606 0.580946 0.0632128 0.0331728
2 0.720717 0.556439 0.0610735 0.0231173
5 0.342834 0.77063 0.207052 0.190176
7 0.343161 0.770847 0.206436 0.190525
7 0.189263 0.575419 0.0897762 0.0432398
5 0.747402 0.508476 0.108942 0.0519361
2 0.898731 0.870496 0.201034 0.120094
2 0.857141 0.789893 0.20114 0.0987951
2 0.555268 0.641963 0.0874398 0.0379618
2 0.205775 0.656369 0.105621 0.0435178
2 0.0788906 0.820906 0.157781 0.10302
2 0.132759 0.715356 0.135001 0.0703033
2 0.0579326 0.968665 0.11522 0.0617275
2 0.765621 0.733733 0.149047 0.0845564
2 0.517839 0.611414 0.0714073 0.0347639
2 0.280176 0.613324 0.0766089 0.0327755
2 0.353982 0.579174 0.0609375 0.0291878
2 0.792594 0.593954 0.115469 0.0516862
2 0.487606 0.580946 0.0632128 0.0331728
2 0.720717 0.556439 0.0610735 0.0231173
5 0.342834 0.77063 0.207052 0.190176
7 0.343161 0.770847 0.206436 0.190525
7 0.189263 0.575419 0.0897762 0.0432398
5 0.747402 0.508476 0.108942 0.0519361
2 0.898731 0.870496 0.201034 0.120094
2 0.857141 0.789893 0.20114 0.0987951
2 0.555268 0.641963 0.0874398 0.0379618
2 0.205775 0.656369 0.105621 0.0435178
2 0.0788906 0.820906 0.157781 0.10302
2 0.132759 0.715356 0.135001 0.0703033
2 0.0579326 0.968665 0.11522 0.0617275
2 0.765621 0.733733 0.149047 0.0845564
2 0.517839 0.611414 0.0714073 0.0347639
2 0.280176 0.613324 0.0766089 0.0327755
2 0.353982 0.579174 0.0609375 0.0291878
2 0.792594 0.593954 0.115469 0.0516862
2 0.487606 0.580946 0.0632128 0.0331728
2 0.720717 0.556439 0.0610735 0.0231173
5 0.342834 0.77063 0.207052 0.190176
7 0.343161 0.770847 0.206436 0.190525
7 0.189263 0.575419 0.0897762 0.0432398
5 0.747402 0.508476 0.108942 0.0519361
5 0.343218 0.76849 0.208652 0.187816
2 0.0787539 0.820636 0.157018 0.102713
2 0.133364 0.714705 0.135379 0.0686148
2 0.204908 0.655537 0.104016 0.0440359
2 0.554559 0.641763 0.0867997 0.0381474
2 0.859118 0.787172 0.201563 0.0940777
2 0.898103 0.869234 0.202834 0.119115
2 0.517772 0.610668 0.0712502 0.0347515
2 0.0567426 0.968535 0.111973 0.0619782
2 0.762003 0.734306 0.14585 0.0850595
2 0.280384 0.613086 0.0770374 0.0327129
2 0.354226 0.57836 0.0629245 0.0300444
2 0.486233 0.580042 0.0624836 0.0319319
7 0.499838 0.544446 0.0613667 0.048437
7 0.791982 0.589643 0.112735 0.0581729
5 0.343218 0.76849 0.208652 0.187816
2 0.0787539 0.820636 0.157018 0.102713
2 0.133364 0.714705 0.135379 0.0686148
2 0.204908 0.655537 0.104016 0.0440359
2 0.554559 0.641763 0.0867997 0.0381474
2 0.859118 0.787172 0.201563 0.0940777
2 0.898103 0.869234 0.202834 0.119115
2 0.517772 0.610668 0.0712502 0.0347515
2 0.0567426 0.968535 0.111973 0.0619782
2 0.762003 0.734306 0.14585 0.0850595
2 0.280384 0.613086 0.0770374 0.0327129
2 0.354226 0.57836 0.0629245 0.0300444
2 0.486233 0.580042 0.0624836 0.0319319
7 0.499838 0.544446 0.0613667 0.048437
7 0.791982 0.589643 0.112735 0.0581729
5 0.343218 0.76849 0.208652 0.187816
2 0.0787539 0.820636 0.157018 0.102713
2 0.133364 0.714705 0.135379 0.0686148
2 0.204908 0.655537 0.104016 0.0440359
2 0.554559 0.641763 0.0867997 0.0381474
2 0.859118 0.787172 0.201563 0.0940777
2 0.898103 0.869234 0.202834 0.119115
2 0.517772 0.610668 0.0712502 0.0347515
2 0.0567426 0.968535 0.111973 0.0619782
2 0.762003 0.734306 0.14585 0.0850595
2 0.280384 0.613086 0.0770374 0.0327129
2 0.354226 0.57836 0.0629245 0.0300444
2 0.486233 0.580042 0.0624836 0.0319319
7 0.499838 0.544446 0.0613667 0.048437
7 0.791982 0.589643 0.112735 0.0581729
5 0.343218 0.76849 0.208652 0.187816
2 0.0787539 0.820636 0.157018 0.102713
2 0.133364 0.714705 0.135379 0.0686148
2 0.204908 0.655537 0.104016 0.0440359
2 0.554559 0.641763 0.0867997 0.0381474
2 0.859118 0.787172 0.201563 0.0940777
2 0.898103 0.869234 0.202834 0.119115
2 0.517772 0.610668 0.0712502 0.0347515
2 0.0567426 0.968535 0.111973 0.0619782
2 0.762003 0.734306 0.14585 0.0850595
2 0.280384 0.613086 0.0770374 0.0327129
2 0.354226 0.57836 0.0629245 0.0300444
2 0.486233 0.580042 0.0624836 0.0319319
7 0.499838 0.544446 0.0613667 0.048437
7 0.791982 0.589643 0.112735 0.0581729
5 0.343218 0.76849 0.208652 0.187816
2 0.0787539 0.820636 0.157018 0.102713
2 0.133364 0.714705 0.135379 0.0686148
2 0.204908 0.655537 0.104016 0.0440359
2 0.554559 0.641763 0.0867997 0.0381474
2 0.859118 0.787172 0.201563 0.0940777
2 0.898103 0.869234 0.202834 0.119115
2 0.517772 0.610668 0.0712502 0.0347515
2 0.0567426 0.968535 0.111973 0.0619782
2 0.762003 0.734306 0.14585 0.0850595
2 0.280384 0.613086 0.0770374 0.0327129
2 0.354226 0.57836 0.0629245 0.0300444
2 0.486233 0.580042 0.0624836 0.0319319
7 0.499838 0.544446 0.0613667 0.048437
7 0.791982 0.589643 0.112735 0.0581729
5 0.343218 0.76849 0.208652 0.187816
2 0.0787539 0.820636 0.157018 0.102713
2 0.133364 0.714705 0.135379 0.0686148
2 0.204908 0.655537 0.104016 0.0440359
2 0.554559 0.641763 0.0867997 0.0381474
2 0.859118 0.787172 0.201563 0.0940777
2 0.898103 0.869234 0.202834 0.119115
2 0.517772 0.610668 0.0712502 0.0347515
2 0.0567426 0.968535 0.111973 0.0619782
2 0.762003 0.734306 0.14585 0.0850595
2 0.280384 0.613086 0.0770374 0.0327129
2 0.354226 0.57836 0.0629245 0.0300444
2 0.486233 0.580042 0.0624836 0.0319319
7 0.499838 0.544446 0.0613667 0.048437
7 0.791982 0.589643 0.112735 0.0581729
5 0.343218 0.76849 0.208652 0.187816
2 0.0787539 0.820636 0.157018 0.102713
2 0.133364 0.714705 0.135379 0.0686148
2 0.204908 0.655537 0.104016 0.0440359
2 0.554559 0.641763 0.0867997 0.0381474
2 0.859118 0.787172 0.201563 0.0940777
2 0.898103 0.869234 0.202834 0.119115
2 0.517772 0.610668 0.0712502 0.0347515
2 0.0567426 0.968535 0.111973 0.0619782
2 0.762003 0.734306 0.14585 0.0850595
2 0.280384 0.613086 0.0770374 0.0327129
2 0.354226 0.57836 0.0629245 0.0300444
2 0.486233 0.580042 0.0624836 0.0319319
7 0.499838 0.544446 0.0613667 0.048437
7 0.791982 0.589643 0.112735 0.0581729
5 0.343218 0.76849 0.208652 0.187816
2 0.0787539 0.820636 0.157018 0.102713
2 0.133364 0.714705 0.135379 0.0686148
2 0.204908 0.655537 0.104016 0.0440359
2 0.554559 0.641763 0.0867997 0.0381474
2 0.859118 0.787172 0.201563 0.0940777
2 0.898103 0.869234 0.202834 0.119115
2 0.517772 0.610668 0.0712502 0.0347515
2 0.0567426 0.968535 0.111973 0.0619782
2 0.762003 0.734306 0.14585 0.0850595
2 0.280384 0.613086 0.0770374 0.0327129
2 0.354226 0.57836 0.0629245 0.0300444
2 0.486233 0.580042 0.0624836 0.0319319
7 0.499838 0.544446 0.0613667 0.048437
7 0.791982 0.589643 0.112735 0.0581729
2 0.720334 0.555278 0.0606822 0.0242905
7 0.188579 0.57244 0.0849809 0.0443264
