2 0.898143 0.869709 0.202025 0.119038
2 0.857337 0.789639 0.198994 0.0975239
2 0.364961 0.688042 0.113976 0.0585873
2 0.206473 0.648349 0.0881748 0.0433653
2 0.603908 0.608259 0.0774226 0.0355789
2 0.524028 0.982585 0.292184 0.0341654
2 0.765018 0.735148 0.150718 0.0852095
2 0.408296 0.635765 0.0958108 0.0476087
7 0.444749 0.572106 0.0703129 0.0509783
2 0.34575 0.579545 0.0689197 0.0399308
2 0.223507 0.570525 0.0659695 0.0323686
2 0.597718 0.543458 0.0381736 0.017605
2 0.493518 0.566031 0.0306173 0.0207322
2 0.898143 0.869709 0.202025 0.119038
2 0.857337 0.789639 0.198994 0.0975239
2 0.364961 0.688042 0.113976 0.0585873
2 0.206473 0.648349 0.0881748 0.0433653
2 0.603908 0.608259 0.0774226 0.0355789
2 0.524028 0.982585 0.292184 0.0341654
2 0.765018 0.735148 0.150718 0.0852095
2 0.408296 0.635765 0.0958108 0.0476087
7 0.444749 0.572106 0.0703129 0.0509783
2 0.34575 0.579545 0.0689197 0.0399308
2 0.223507 0.570525 0.0659695 0.0323686
2 0.597718 0.543458 0.0381736 0.017605
2 0.493518 0.566031 0.0306173 0.0207322
2 0.898143 0.869709 0.202025 0.119038
2 0.857337 0.789639 0.198994 0.0975239
2 0.364961 0.688042 0.113976 0.0585873
2 0.206473 0.648349 0.0881748 0.0433653
2 0.603908 0.608259 0.0774226 0.0355789
2 0.524028 0.982585 0.292184 0.0341654
2 0.765018 0.735148 0.150718 0.0852095
2 0.408296 0.635765 0.0958108 0.0476087
7 0.444749 0.572106 0.0703129 0.0509783
2 0.34575 0.579545 0.0689197 0.0399308
2 0.223507 0.570525 0.0659695 0.0323686
2 0.597718 0.543458 0.0381736 0.017605
2 0.493518 0.566031 0.0306173 0.0207322
2 0.898143 0.869709 0.202025 0.119038
2 0.857337 0.789639 0.198994 0.0975239
2 0.364961 0.688042 0.113976 0.0585873
2 0.206473 0.648349 0.0881748 0.0433653
2 0.603908 0.608259 0.0774226 0.0355789
2 0.524028 0.982585 0.292184 0.0341654
2 0.765018 0.735148 0.150718 0.0852095
2 0.408296 0.635765 0.0958108 0.0476087
7 0.444749 0.572106 0.0703129 0.0509783
2 0.34575 0.579545 0.0689197 0.0399308
2 0.223507 0.570525 0.0659695 0.0323686
2 0.597718 0.543458 0.0381736 0.017605
2 0.493518 0.566031 0.0306173 0.0207322
2 0.898143 0.869709 0.202025 0.119038
2 0.857337 0.789639 0.198994 0.0975239
2 0.364961 0.688042 0.113976 0.0585873
2 0.206473 0.648349 0.0881748 0.0433653
2 0.603908 0.608259 0.0774226 0.0355789
2 0.524028 0.982585 0.292184 0.0341654
2 0.765018 0.735148 0.150718 0.0852095
2 0.408296 0.635765 0.0958108 0.0476087
7 0.444749 0.572106 0.0703129 0.0509783
2 0.34575 0.579545 0.0689197 0.0399308
2 0.223507 0.570525 0.0659695 0.0323686
2 0.597718 0.543458 0.0381736 0.017605
2 0.493518 0.566031 0.0306173 0.0207322
2 0.898143 0.869709 0.202025 0.119038
2 0.857337 0.789639 0.198994 0.0975239
2 0.364961 0.688042 0.113976 0.0585873
2 0.206473 0.648349 0.0881748 0.0433653
2 0.603908 0.608259 0.0774226 0.0355789
2 0.524028 0.982585 0.292184 0.0341654
2 0.765018 0.735148 0.150718 0.0852095
2 0.408296 0.635765 0.0958108 0.0476087
7 0.444749 0.572106 0.0703129 0.0509783
2 0.34575 0.579545 0.0689197 0.0399308
2 0.223507 0.570525 0.0659695 0.0323686
2 0.597718 0.543458 0.0381736 0.017605
2 0.493518 0.566031 0.0306173 0.0207322
