2 0.371958 0.905837 0.210984 0.120616
2 0.857143 0.790036 0.202587 0.0990927
2 0.580038 0.747908 0.148405 0.0667995
2 0.0703686 0.81606 0.140737 0.0916355
2 0.10895 0.713228 0.125696 0.0610096
2 0.922855 0.919684 0.152448 0.137539
2 0.510711 0.686162 0.106687 0.054314
2 0.0496139 0.968239 0.0992278 0.0625095
2 0.22092 0.637431 0.0955093 0.0449291
2 0.763192 0.733246 0.151831 0.0843052
2 0.51691 0.984985 0.375658 0.0294149
2 0.412313 0.64358 0.0981797 0.0525766
5 0.448107 0.580796 0.0903268 0.0646894
2 0.655219 0.62126 0.122837 0.0656755
7 0.447978 0.580995 0.090814 0.0648737
2 0.36723 0.581951 0.0587507 0.0265081
2 0.741396 0.557603 0.0609266 0.0227024
7 0.290503 0.598211 0.0944309 0.0584507
2 0.50472 0.565598 0.0435003 0.0256748
2 0.154565 0.589142 0.0773341 0.0381343
2 0.212499 0.578922 0.0672314 0.0296115
2 0.371958 0.905837 0.210984 0.120616
2 0.857143 0.790036 0.202587 0.0990927
2 0.580038 0.747908 0.148405 0.0667995
2 0.0703686 0.81606 0.140737 0.0916355
2 0.10895 0.713228 0.125696 0.0610096
2 0.922855 0.919684 0.152448 0.137539
2 0.510711 0.686162 0.106687 0.054314
2 0.0496139 0.968239 0.0992278 0.0625095
2 0.22092 0.637431 0.0955093 0.0449291
2 0.763192 0.733246 0.151831 0.0843052
2 0.51691 0.984985 0.375658 0.0294149
2 0.412313 0.64358 0.0981797 0.0525766
5 0.448107 0.580796 0.0903268 0.0646894
2 0.655219 0.62126 0.122837 0.0656755
7 0.447978 0.580995 0.090814 0.0648737
2 0.36723 0.581951 0.0587507 0.0265081
2 0.741396 0.557603 0.0609266 0.0227024
7 0.290503 0.598211 0.0944309 0.0584507
2 0.50472 0.565598 0.0435003 0.0256748
2 0.154565 0.589142 0.0773341 0.0381343
2 0.212499 0.578922 0.0672314 0.0296115
2 0.371958 0.905837 0.210984 0.120616
2 0.857143 0.790036 0.202587 0.0990927
2 0.580038 0.747908 0.148405 0.0667995
2 0.0703686 0.81606 0.140737 0.0916355
2 0.10895 0.713228 0.125696 0.0610096
2 0.922855 0.919684 0.152448 0.137539
2 0.510711 0.686162 0.106687 0.054314
2 0.0496139 0.968239 0.0992278 0.0625095
2 0.22092 0.637431 0.0955093 0.0449291
2 0.763192 0.733246 0.151831 0.0843052
2 0.51691 0.984985 0.375658 0.0294149
2 0.412313 0.64358 0.0981797 0.0525766
5 0.448107 0.580796 0.0903268 0.0646894
2 0.655219 0.62126 0.122837 0.0656755
7 0.447978 0.580995 0.090814 0.0648737
2 0.36723 0.581951 0.0587507 0.0265081
2 0.741396 0.557603 0.0609266 0.0227024
7 0.290503 0.598211 0.0944309 0.0584507
2 0.50472 0.565598 0.0435003 0.0256748
2 0.154565 0.589142 0.0773341 0.0381343
2 0.212499 0.578922 0.0672314 0.0296115
2 0.371958 0.905837 0.210984 0.120616
2 0.857143 0.790036 0.202587 0.0990927
2 0.580038 0.747908 0.148405 0.0667995
2 0.0703686 0.81606 0.140737 0.0916355
2 0.10895 0.713228 0.125696 0.0610096
2 0.922855 0.919684 0.152448 0.137539
2 0.510711 0.686162 0.106687 0.054314
2 0.0496139 0.968239 0.0992278 0.0625095
2 0.22092 0.637431 0.0955093 0.0449291
2 0.763192 0.733246 0.151831 0.0843052
2 0.51691 0.984985 0.375658 0.0294149
2 0.412313 0.64358 0.0981797 0.0525766
5 0.448107 0.580796 0.0903268 0.0646894
2 0.655219 0.62126 0.122837 0.0656755
7 0.447978 0.580995 0.090814 0.0648737
2 0.36723 0.581951 0.0587507 0.0265081
2 0.741396 0.557603 0.0609266 0.0227024
7 0.290503 0.598211 0.0944309 0.0584507
2 0.50472 0.565598 0.0435003 0.0256748
2 0.154565 0.589142 0.0773341 0.0381343
2 0.212499 0.578922 0.0672314 0.0296115
2 0.371958 0.905837 0.210984 0.120616
2 0.857143 0.790036 0.202587 0.0990927
2 0.580038 0.747908 0.148405 0.0667995
2 0.0703686 0.81606 0.140737 0.0916355
2 0.10895 0.713228 0.125696 0.0610096
2 0.922855 0.919684 0.152448 0.137539
2 0.510711 0.686162 0.106687 0.054314
2 0.0496139 0.968239 0.0992278 0.0625095
2 0.22092 0.637431 0.0955093 0.0449291
2 0.763192 0.733246 0.151831 0.0843052
2 0.51691 0.984985 0.375658 0.0294149
2 0.412313 0.64358 0.0981797 0.0525766
5 0.448107 0.580796 0.0903268 0.0646894
2 0.655219 0.62126 0.122837 0.0656755
7 0.447978 0.580995 0.090814 0.0648737
2 0.36723 0.581951 0.0587507 0.0265081
2 0.741396 0.557603 0.0609266 0.0227024
7 0.290503 0.598211 0.0944309 0.0584507
2 0.50472 0.565598 0.0435003 0.0256748
2 0.154565 0.589142 0.0773341 0.0381343
2 0.212499 0.578922 0.0672314 0.0296115
2 0.371958 0.905837 0.210984 0.120616
2 0.857143 0.790036 0.202587 0.0990927
2 0.580038 0.747908 0.148405 0.0667995
2 0.0703686 0.81606 0.140737 0.0916355
2 0.10895 0.713228 0.125696 0.0610096
2 0.922855 0.919684 0.152448 0.137539
2 0.510711 0.686162 0.106687 0.054314
2 0.0496139 0.968239 0.0992278 0.0625095
2 0.22092 0.637431 0.0955093 0.0449291
2 0.763192 0.733246 0.151831 0.0843052
2 0.51691 0.984985 0.375658 0.0294149
2 0.412313 0.64358 0.0981797 0.0525766
5 0.448107 0.580796 0.0903268 0.0646894
2 0.655219 0.62126 0.122837 0.0656755
7 0.447978 0.580995 0.090814 0.0648737
2 0.36723 0.581951 0.0587507 0.0265081
2 0.741396 0.557603 0.0609266 0.0227024
7 0.290503 0.598211 0.0944309 0.0584507
2 0.50472 0.565598 0.0435003 0.0256748
2 0.154565 0.589142 0.0773341 0.0381343
2 0.212499 0.578922 0.0672314 0.0296115
