2 0.856958 0.789783 0.201771 0.0990072
2 0.899036 0.870691 0.200244 0.120348
2 0.16422 0.686089 0.11848 0.0528041
2 0.549719 0.662915 0.0936766 0.043277
2 0.0926639 0.761282 0.163355 0.0846726
5 0.364061 0.840903 0.268656 0.238459
2 0.766657 0.733289 0.148848 0.0844134
2 0.509761 0.625559 0.0769563 0.039135
2 0.240849 0.630855 0.0877998 0.0382828
2 0.470205 0.593129 0.0677416 0.0355303
2 0.0655647 0.904571 0.131129 0.0989126
2 0.325788 0.589215 0.0668355 0.0337048
2 0.757923 0.599296 0.11878 0.053899
7 0.487422 0.555946 0.0662076 0.0441999
2 0.345805 0.714594 0.120511 0.0266809
7 0.228411 0.565171 0.0776772 0.0408073
2 0.0465955 0.963854 0.09314 0.0693665
5 0.487791 0.555579 0.0634947 0.0461037
2 0.065646 0.926225 0.130802 0.142252
5 0.227977 0.564986 0.0778632 0.0418292
2 0.762429 0.561969 0.0681407 0.0242914
7 0.372225 0.569465 0.0628506 0.0354805
2 0.856958 0.789783 0.201771 0.0990072
2 0.899036 0.870691 0.200244 0.120348
2 0.16422 0.686089 0.11848 0.0528041
2 0.549719 0.662915 0.0936766 0.043277
2 0.0926639 0.761282 0.163355 0.0846726
5 0.364061 0.840903 0.268656 0.238459
2 0.766657 0.733289 0.148848 0.0844134
2 0.509761 0.625559 0.0769563 0.039135
2 0.240849 0.630855 0.0877998 0.0382828
2 0.470205 0.593129 0.0677416 0.0355303
2 0.0655647 0.904571 0.131129 0.0989126
2 0.325788 0.589215 0.0668355 0.0337048
2 0.757923 0.599296 0.11878 0.053899
7 0.487422 0.555946 0.0662076 0.0441999
2 0.345805 0.714594 0.120511 0.0266809
7 0.228411 0.565171 0.0776772 0.0408073
2 0.0465955 0.963854 0.09314 0.0693665
5 0.487791 0.555579 0.0634947 0.0461037
2 0.065646 0.926225 0.130802 0.142252
5 0.227977 0.564986 0.0778632 0.0418292
2 0.762429 0.561969 0.0681407 0.0242914
7 0.372225 0.569465 0.0628506 0.0354805
2 0.856958 0.789783 0.201771 0.0990072
2 0.899036 0.870691 0.200244 0.120348
2 0.16422 0.686089 0.11848 0.0528041
2 0.549719 0.662915 0.0936766 0.043277
2 0.0926639 0.761282 0.163355 0.0846726
5 0.364061 0.840903 0.268656 0.238459
2 0.766657 0.733289 0.148848 0.0844134
2 0.509761 0.625559 0.0769563 0.039135
2 0.240849 0.630855 0.0877998 0.0382828
2 0.470205 0.593129 0.0677416 0.0355303
2 0.0655647 0.904571 0.131129 0.0989126
2 0.325788 0.589215 0.0668355 0.0337048
2 0.757923 0.599296 0.11878 0.053899
7 0.487422 0.555946 0.0662076 0.0441999
2 0.345805 0.714594 0.120511 0.0266809
7 0.228411 0.565171 0.0776772 0.0408073
2 0.0465955 0.963854 0.09314 0.0693665
5 0.487791 0.555579 0.0634947 0.0461037
2 0.065646 0.926225 0.130802 0.142252
5 0.227977 0.564986 0.0778632 0.0418292
2 0.762429 0.561969 0.0681407 0.0242914
7 0.372225 0.569465 0.0628506 0.0354805
2 0.856958 0.789783 0.201771 0.0990072
2 0.899036 0.870691 0.200244 0.120348
2 0.16422 0.686089 0.11848 0.0528041
2 0.549719 0.662915 0.0936766 0.043277
2 0.0926639 0.761282 0.163355 0.0846726
5 0.364061 0.840903 0.268656 0.238459
2 0.766657 0.733289 0.148848 0.0844134
2 0.509761 0.625559 0.0769563 0.039135
2 0.240849 0.630855 0.0877998 0.0382828
2 0.470205 0.593129 0.0677416 0.0355303
2 0.0655647 0.904571 0.131129 0.0989126
2 0.325788 0.589215 0.0668355 0.0337048
2 0.757923 0.599296 0.11878 0.053899
7 0.487422 0.555946 0.0662076 0.0441999
2 0.345805 0.714594 0.120511 0.0266809
7 0.228411 0.565171 0.0776772 0.0408073
2 0.0465955 0.963854 0.09314 0.0693665
5 0.487791 0.555579 0.0634947 0.0461037
2 0.065646 0.926225 0.130802 0.142252
5 0.227977 0.564986 0.0778632 0.0418292
2 0.762429 0.561969 0.0681407 0.0242914
7 0.372225 0.569465 0.0628506 0.0354805
2 0.856958 0.789783 0.201771 0.0990072
2 0.899036 0.870691 0.200244 0.120348
2 0.16422 0.686089 0.11848 0.0528041
2 0.549719 0.662915 0.0936766 0.043277
2 0.0926639 0.761282 0.163355 0.0846726
5 0.364061 0.840903 0.268656 0.238459
2 0.766657 0.733289 0.148848 0.0844134
2 0.509761 0.625559 0.0769563 0.039135
2 0.240849 0.630855 0.0877998 0.0382828
2 0.470205 0.593129 0.0677416 0.0355303
2 0.0655647 0.904571 0.131129 0.0989126
2 0.325788 0.589215 0.0668355 0.0337048
2 0.757923 0.599296 0.11878 0.053899
7 0.487422 0.555946 0.0662076 0.0441999
2 0.345805 0.714594 0.120511 0.0266809
7 0.228411 0.565171 0.0776772 0.0408073
2 0.0465955 0.963854 0.09314 0.0693665
5 0.487791 0.555579 0.0634947 0.0461037
2 0.065646 0.926225 0.130802 0.142252
5 0.227977 0.564986 0.0778632 0.0418292
2 0.762429 0.561969 0.0681407 0.0242914
7 0.372225 0.569465 0.0628506 0.0354805
2 0.856958 0.789783 0.201771 0.0990072
2 0.899036 0.870691 0.200244 0.120348
2 0.16422 0.686089 0.11848 0.0528041
2 0.549719 0.662915 0.0936766 0.043277
2 0.0926639 0.761282 0.163355 0.0846726
5 0.364061 0.840903 0.268656 0.238459
2 0.766657 0.733289 0.148848 0.0844134
2 0.509761 0.625559 0.0769563 0.039135
2 0.240849 0.630855 0.0877998 0.0382828
2 0.470205 0.593129 0.0677416 0.0355303
2 0.0655647 0.904571 0.131129 0.0989126
2 0.325788 0.589215 0.0668355 0.0337048
2 0.757923 0.599296 0.11878 0.053899
7 0.487422 0.555946 0.0662076 0.0441999
2 0.345805 0.714594 0.120511 0.0266809
7 0.228411 0.565171 0.0776772 0.0408073
2 0.0465955 0.963854 0.09314 0.0693665
5 0.487791 0.555579 0.0634947 0.0461037
2 0.065646 0.926225 0.130802 0.142252
5 0.227977 0.564986 0.0778632 0.0418292
2 0.762429 0.561969 0.0681407 0.0242914
7 0.372225 0.569465 0.0628506 0.0354805
