2 0.898911 0.869902 0.200507 0.119358
2 0.857109 0.789888 0.198699 0.098155
5 0.371054 0.640419 0.121314 0.0886253
2 0.199357 0.575843 0.0675407 0.0249287
2 0.583607 0.586571 0.0571364 0.0256836
2 0.220423 0.645121 0.0999839 0.0439003
7 0.459889 0.803665 0.154842 0.0964951
2 0.765578 0.734304 0.150916 0.0852986
5 0.137042 0.696555 0.143111 0.0889975
2 0.281887 0.607094 0.0654874 0.0371412
2 0.345124 0.586902 0.0653015 0.0273723
2 0.552256 0.570734 0.0539987 0.0237324
2 0.404119 0.565618 0.049488 0.020583
2 0.281389 0.559193 0.0491985 0.0237911
2 0.664412 0.544064 0.0409734 0.0167128
2 0.702533 0.992106 0.278545 0.0150436
2 0.441076 0.545686 0.0434383 0.0192427
2 0.880882 0.581853 0.0792196 0.033827
2 0.223433 0.556454 0.0598366 0.0259806
2 0.527029 0.546894 0.0410941 0.0132031
2 0.898911 0.869902 0.200507 0.119358
2 0.857109 0.789888 0.198699 0.098155
5 0.371054 0.640419 0.121314 0.0886253
2 0.199357 0.575843 0.0675407 0.0249287
2 0.583607 0.586571 0.0571364 0.0256836
2 0.220423 0.645121 0.0999839 0.0439003
7 0.459889 0.803665 0.154842 0.0964951
2 0.765578 0.734304 0.150916 0.0852986
5 0.137042 0.696555 0.143111 0.0889975
2 0.281887 0.607094 0.0654874 0.0371412
2 0.345124 0.586902 0.0653015 0.0273723
2 0.552256 0.570734 0.0539987 0.0237324
2 0.404119 0.565618 0.049488 0.020583
2 0.281389 0.559193 0.0491985 0.0237911
2 0.664412 0.544064 0.0409734 0.0167128
2 0.702533 0.992106 0.278545 0.0150436
2 0.441076 0.545686 0.0434383 0.0192427
2 0.880882 0.581853 0.0792196 0.033827
2 0.223433 0.556454 0.0598366 0.0259806
2 0.527029 0.546894 0.0410941 0.0132031
2 0.898911 0.869902 0.200507 0.119358
2 0.857109 0.789888 0.198699 0.098155
5 0.371054 0.640419 0.121314 0.0886253
2 0.199357 0.575843 0.0675407 0.0249287
2 0.583607 0.586571 0.0571364 0.0256836
2 0.220423 0.645121 0.0999839 0.0439003
7 0.459889 0.803665 0.154842 0.0964951
2 0.765578 0.734304 0.150916 0.0852986
5 0.137042 0.696555 0.143111 0.0889975
2 0.281887 0.607094 0.0654874 0.0371412
2 0.345124 0.586902 0.0653015 0.0273723
2 0.552256 0.570734 0.0539987 0.0237324
2 0.404119 0.565618 0.049488 0.020583
2 0.281389 0.559193 0.0491985 0.0237911
2 0.664412 0.544064 0.0409734 0.0167128
2 0.702533 0.992106 0.278545 0.0150436
2 0.441076 0.545686 0.0434383 0.0192427
2 0.880882 0.581853 0.0792196 0.033827
2 0.223433 0.556454 0.0598366 0.0259806
2 0.527029 0.546894 0.0410941 0.0132031
2 0.898911 0.869902 0.200507 0.119358
2 0.857109 0.789888 0.198699 0.098155
5 0.371054 0.640419 0.121314 0.0886253
2 0.199357 0.575843 0.0675407 0.0249287
2 0.583607 0.586571 0.0571364 0.0256836
2 0.220423 0.645121 0.0999839 0.0439003
7 0.459889 0.803665 0.154842 0.0964951
2 0.765578 0.734304 0.150916 0.0852986
5 0.137042 0.696555 0.143111 0.0889975
2 0.281887 0.607094 0.0654874 0.0371412
2 0.345124 0.586902 0.0653015 0.0273723
2 0.552256 0.570734 0.0539987 0.0237324
2 0.404119 0.565618 0.049488 0.020583
2 0.281389 0.559193 0.0491985 0.0237911
2 0.664412 0.544064 0.0409734 0.0167128
2 0.702533 0.992106 0.278545 0.0150436
2 0.441076 0.545686 0.0434383 0.0192427
2 0.880882 0.581853 0.0792196 0.033827
2 0.223433 0.556454 0.0598366 0.0259806
2 0.527029 0.546894 0.0410941 0.0132031
2 0.898911 0.869902 0.200507 0.119358
2 0.857109 0.789888 0.198699 0.098155
5 0.371054 0.640419 0.121314 0.0886253
2 0.199357 0.575843 0.0675407 0.0249287
2 0.583607 0.586571 0.0571364 0.0256836
2 0.220423 0.645121 0.0999839 0.0439003
7 0.459889 0.803665 0.154842 0.0964951
2 0.765578 0.734304 0.150916 0.0852986
5 0.137042 0.696555 0.143111 0.0889975
2 0.281887 0.607094 0.0654874 0.0371412
2 0.345124 0.586902 0.0653015 0.0273723
2 0.552256 0.570734 0.0539987 0.0237324
2 0.404119 0.565618 0.049488 0.020583
2 0.281389 0.559193 0.0491985 0.0237911
2 0.664412 0.544064 0.0409734 0.0167128
2 0.702533 0.992106 0.278545 0.0150436
2 0.441076 0.545686 0.0434383 0.0192427
2 0.880882 0.581853 0.0792196 0.033827
2 0.223433 0.556454 0.0598366 0.0259806
2 0.527029 0.546894 0.0410941 0.0132031
2 0.898911 0.869902 0.200507 0.119358
2 0.857109 0.789888 0.198699 0.098155
5 0.371054 0.640419 0.121314 0.0886253
2 0.199357 0.575843 0.0675407 0.0249287
2 0.583607 0.586571 0.0571364 0.0256836
2 0.220423 0.645121 0.0999839 0.0439003
7 0.459889 0.803665 0.154842 0.0964951
2 0.765578 0.734304 0.150916 0.0852986
5 0.137042 0.696555 0.143111 0.0889975
2 0.281887 0.607094 0.0654874 0.0371412
2 0.345124 0.586902 0.0653015 0.0273723
2 0.552256 0.570734 0.0539987 0.0237324
2 0.404119 0.565618 0.049488 0.020583
2 0.281389 0.559193 0.0491985 0.0237911
2 0.664412 0.544064 0.0409734 0.0167128
2 0.702533 0.992106 0.278545 0.0150436
2 0.441076 0.545686 0.0434383 0.0192427
2 0.880882 0.581853 0.0792196 0.033827
2 0.223433 0.556454 0.0598366 0.0259806
2 0.527029 0.546894 0.0410941 0.0132031
2 0.898911 0.869902 0.200507 0.119358
2 0.857109 0.789888 0.198699 0.098155
5 0.371054 0.640419 0.121314 0.0886253
2 0.199357 0.575843 0.0675407 0.0249287
2 0.583607 0.586571 0.0571364 0.0256836
2 0.220423 0.645121 0.0999839 0.0439003
7 0.459889 0.803665 0.154842 0.0964951
2 0.765578 0.734304 0.150916 0.0852986
5 0.137042 0.696555 0.143111 0.0889975
2 0.281887 0.607094 0.0654874 0.0371412
2 0.345124 0.586902 0.0653015 0.0273723
2 0.552256 0.570734 0.0539987 0.0237324
2 0.404119 0.565618 0.049488 0.020583
2 0.281389 0.559193 0.0491985 0.0237911
2 0.664412 0.544064 0.0409734 0.0167128
2 0.702533 0.992106 0.278545 0.0150436
2 0.441076 0.545686 0.0434383 0.0192427
2 0.880882 0.581853 0.0792196 0.033827
2 0.223433 0.556454 0.0598366 0.0259806
2 0.527029 0.546894 0.0410941 0.0132031
2 0.898911 0.869902 0.200507 0.119358
2 0.857109 0.789888 0.198699 0.098155
5 0.371054 0.640419 0.121314 0.0886253
2 0.199357 0.575843 0.0675407 0.0249287
2 0.583607 0.586571 0.0571364 0.0256836
2 0.220423 0.645121 0.0999839 0.0439003
7 0.459889 0.803665 0.154842 0.0964951
2 0.765578 0.734304 0.150916 0.0852986
5 0.137042 0.696555 0.143111 0.0889975
2 0.281887 0.607094 0.0654874 0.0371412
2 0.345124 0.586902 0.0653015 0.0273723
2 0.552256 0.570734 0.0539987 0.0237324
2 0.404119 0.565618 0.049488 0.020583
2 0.281389 0.559193 0.0491985 0.0237911
2 0.664412 0.544064 0.0409734 0.0167128
2 0.702533 0.992106 0.278545 0.0150436
2 0.441076 0.545686 0.0434383 0.0192427
2 0.880882 0.581853 0.0792196 0.033827
2 0.223433 0.556454 0.0598366 0.0259806
2 0.527029 0.546894 0.0410941 0.0132031
2 0.898911 0.869902 0.200507 0.119358
2 0.857109 0.789888 0.198699 0.098155
5 0.371054 0.640419 0.121314 0.0886253
2 0.199357 0.575843 0.0675407 0.0249287
2 0.583607 0.586571 0.0571364 0.0256836
2 0.220423 0.645121 0.0999839 0.0439003
7 0.459889 0.803665 0.154842 0.0964951
2 0.765578 0.734304 0.150916 0.0852986
5 0.137042 0.696555 0.143111 0.0889975
2 0.281887 0.607094 0.0654874 0.0371412
2 0.345124 0.586902 0.0653015 0.0273723
2 0.552256 0.570734 0.0539987 0.0237324
2 0.404119 0.565618 0.049488 0.020583
2 0.281389 0.559193 0.0491985 0.0237911
2 0.664412 0.544064 0.0409734 0.0167128
2 0.702533 0.992106 0.278545 0.0150436
2 0.441076 0.545686 0.0434383 0.0192427
2 0.880882 0.581853 0.0792196 0.033827
2 0.223433 0.556454 0.0598366 0.0259806
2 0.527029 0.546894 0.0410941 0.0132031
2 0.898911 0.869902 0.200507 0.119358
2 0.857109 0.789888 0.198699 0.098155
5 0.371054 0.640419 0.121314 0.0886253
2 0.199357 0.575843 0.0675407 0.0249287
2 0.583607 0.586571 0.0571364 0.0256836
2 0.220423 0.645121 0.0999839 0.0439003
7 0.459889 0.803665 0.154842 0.0964951
2 0.765578 0.734304 0.150916 0.0852986
5 0.137042 0.696555 0.143111 0.0889975
2 0.281887 0.607094 0.0654874 0.0371412
2 0.345124 0.586902 0.0653015 0.0273723
2 0.552256 0.570734 0.0539987 0.0237324
2 0.404119 0.565618 0.049488 0.020583
2 0.281389 0.559193 0.0491985 0.0237911
2 0.664412 0.544064 0.0409734 0.0167128
2 0.702533 0.992106 0.278545 0.0150436
2 0.441076 0.545686 0.0434383 0.0192427
2 0.880882 0.581853 0.0792196 0.033827
2 0.223433 0.556454 0.0598366 0.0259806
2 0.527029 0.546894 0.0410941 0.0132031
2 0.898911 0.869902 0.200507 0.119358
2 0.857109 0.789888 0.198699 0.098155
5 0.371054 0.640419 0.121314 0.0886253
2 0.199357 0.575843 0.0675407 0.0249287
2 0.583607 0.586571 0.0571364 0.0256836
2 0.220423 0.645121 0.0999839 0.0439003
7 0.459889 0.803665 0.154842 0.0964951
2 0.765578 0.734304 0.150916 0.0852986
5 0.137042 0.696555 0.143111 0.0889975
2 0.281887 0.607094 0.0654874 0.0371412
2 0.345124 0.586902 0.0653015 0.0273723
2 0.552256 0.570734 0.0539987 0.0237324
2 0.404119 0.565618 0.049488 0.020583
2 0.281389 0.559193 0.0491985 0.0237911
2 0.664412 0.544064 0.0409734 0.0167128
2 0.702533 0.992106 0.278545 0.0150436
2 0.441076 0.545686 0.0434383 0.0192427
2 0.880882 0.581853 0.0792196 0.033827
2 0.223433 0.556454 0.0598366 0.0259806
2 0.527029 0.546894 0.0410941 0.0132031
2 0.898911 0.869902 0.200507 0.119358
2 0.857109 0.789888 0.198699 0.098155
5 0.371054 0.640419 0.121314 0.0886253
2 0.199357 0.575843 0.0675407 0.0249287
2 0.583607 0.586571 0.0571364 0.0256836
2 0.220423 0.645121 0.0999839 0.0439003
7 0.459889 0.803665 0.154842 0.0964951
2 0.765578 0.734304 0.150916 0.0852986
5 0.137042 0.696555 0.143111 0.0889975
2 0.281887 0.607094 0.0654874 0.0371412
2 0.345124 0.586902 0.0653015 0.0273723
2 0.552256 0.570734 0.0539987 0.0237324
2 0.404119 0.565618 0.049488 0.020583
2 0.281389 0.559193 0.0491985 0.0237911
2 0.664412 0.544064 0.0409734 0.0167128
2 0.702533 0.992106 0.278545 0.0150436
2 0.441076 0.545686 0.0434383 0.0192427
2 0.880882 0.581853 0.0792196 0.033827
2 0.223433 0.556454 0.0598366 0.0259806
2 0.527029 0.546894 0.0410941 0.0132031
2 0.898911 0.869902 0.200507 0.119358
2 0.857109 0.789888 0.198699 0.098155
5 0.371054 0.640419 0.121314 0.0886253
2 0.199357 0.575843 0.0675407 0.0249287
2 0.583607 0.586571 0.0571364 0.0256836
2 0.220423 0.645121 0.0999839 0.0439003
7 0.459889 0.803665 0.154842 0.0964951
2 0.765578 0.734304 0.150916 0.0852986
5 0.137042 0.696555 0.143111 0.0889975
2 0.281887 0.607094 0.0654874 0.0371412
2 0.345124 0.586902 0.0653015 0.0273723
2 0.552256 0.570734 0.0539987 0.0237324
2 0.404119 0.565618 0.049488 0.020583
2 0.281389 0.559193 0.0491985 0.0237911
2 0.664412 0.544064 0.0409734 0.0167128
2 0.702533 0.992106 0.278545 0.0150436
2 0.441076 0.545686 0.0434383 0.0192427
2 0.880882 0.581853 0.0792196 0.033827
2 0.223433 0.556454 0.0598366 0.0259806
2 0.527029 0.546894 0.0410941 0.0132031
7 0.369546 0.643236 0.118718 0.0943788
2 0.858468 0.787914 0.201954 0.0939808
2 0.460498 0.803589 0.155546 0.0954651
2 0.898688 0.86918 0.202625 0.118963
2 0.222047 0.644333 0.0985652 0.0458071
2 0.761926 0.733794 0.149016 0.0844922
2 0.584714 0.586407 0.0597774 0.0260046
2 0.344842 0.586451 0.0674205 0.027709
2 0.199384 0.576569 0.0682508 0.024577
2 0.700103 0.990505 0.298903 0.0182175
2 0.284251 0.607367 0.0699273 0.0378923
2 0.551826 0.569264 0.0523009 0.0236544
7 0.369546 0.643236 0.118718 0.0943788
2 0.858468 0.787914 0.201954 0.0939808
2 0.460498 0.803589 0.155546 0.0954651
2 0.898688 0.86918 0.202625 0.118963
2 0.222047 0.644333 0.0985652 0.0458071
2 0.761926 0.733794 0.149016 0.0844922
2 0.584714 0.586407 0.0597774 0.0260046
2 0.344842 0.586451 0.0674205 0.027709
2 0.199384 0.576569 0.0682508 0.024577
2 0.700103 0.990505 0.298903 0.0182175
2 0.284251 0.607367 0.0699273 0.0378923
2 0.551826 0.569264 0.0523009 0.0236544
7 0.369546 0.643236 0.118718 0.0943788
2 0.858468 0.787914 0.201954 0.0939808
2 0.460498 0.803589 0.155546 0.0954651
2 0.898688 0.86918 0.202625 0.118963
2 0.222047 0.644333 0.0985652 0.0458071
2 0.761926 0.733794 0.149016 0.0844922
2 0.584714 0.586407 0.0597774 0.0260046
2 0.344842 0.586451 0.0674205 0.027709
2 0.199384 0.576569 0.0682508 0.024577
2 0.700103 0.990505 0.298903 0.0182175
2 0.284251 0.607367 0.0699273 0.0378923
2 0.551826 0.569264 0.0523009 0.0236544
7 0.369546 0.643236 0.118718 0.0943788
2 0.858468 0.787914 0.201954 0.0939808
2 0.460498 0.803589 0.155546 0.0954651
2 0.898688 0.86918 0.202625 0.118963
2 0.222047 0.644333 0.0985652 0.0458071
2 0.761926 0.733794 0.149016 0.0844922
2 0.584714 0.586407 0.0597774 0.0260046
2 0.344842 0.586451 0.0674205 0.027709
2 0.199384 0.576569 0.0682508 0.024577
2 0.700103 0.990505 0.298903 0.0182175
2 0.284251 0.607367 0.0699273 0.0378923
2 0.551826 0.569264 0.0523009 0.0236544
7 0.369546 0.643236 0.118718 0.0943788
2 0.858468 0.787914 0.201954 0.0939808
2 0.460498 0.803589 0.155546 0.0954651
2 0.898688 0.86918 0.202625 0.118963
2 0.222047 0.644333 0.0985652 0.0458071
2 0.761926 0.733794 0.149016 0.0844922
2 0.584714 0.586407 0.0597774 0.0260046
2 0.344842 0.586451 0.0674205 0.027709
2 0.199384 0.576569 0.0682508 0.024577
2 0.700103 0.990505 0.298903 0.0182175
2 0.284251 0.607367 0.0699273 0.0378923
2 0.551826 0.569264 0.0523009 0.0236544
7 0.369546 0.643236 0.118718 0.0943788
2 0.858468 0.787914 0.201954 0.0939808
2 0.460498 0.803589 0.155546 0.0954651
2 0.898688 0.86918 0.202625 0.118963
2 0.222047 0.644333 0.0985652 0.0458071
2 0.761926 0.733794 0.149016 0.0844922
2 0.584714 0.586407 0.0597774 0.0260046
2 0.344842 0.586451 0.0674205 0.027709
2 0.199384 0.576569 0.0682508 0.024577
2 0.700103 0.990505 0.298903 0.0182175
2 0.284251 0.607367 0.0699273 0.0378923
2 0.551826 0.569264 0.0523009 0.0236544
7 0.369546 0.643236 0.118718 0.0943788
2 0.858468 0.787914 0.201954 0.0939808
2 0.460498 0.803589 0.155546 0.0954651
2 0.898688 0.86918 0.202625 0.118963
2 0.222047 0.644333 0.0985652 0.0458071
2 0.761926 0.733794 0.149016 0.0844922
2 0.584714 0.586407 0.0597774 0.0260046
2 0.344842 0.586451 0.0674205 0.027709
2 0.199384 0.576569 0.0682508 0.024577
2 0.700103 0.990505 0.298903 0.0182175
2 0.284251 0.607367 0.0699273 0.0378923
2 0.551826 0.569264 0.0523009 0.0236544
7 0.369546 0.643236 0.118718 0.0943788
2 0.858468 0.787914 0.201954 0.0939808
2 0.460498 0.803589 0.155546 0.0954651
2 0.898688 0.86918 0.202625 0.118963
2 0.222047 0.644333 0.0985652 0.0458071
2 0.761926 0.733794 0.149016 0.0844922
2 0.584714 0.586407 0.0597774 0.0260046
2 0.344842 0.586451 0.0674205 0.027709
2 0.199384 0.576569 0.0682508 0.024577
2 0.700103 0.990505 0.298903 0.0182175
2 0.284251 0.607367 0.0699273 0.0378923
2 0.551826 0.569264 0.0523009 0.0236544
2 0.404521 0.564903 0.0508531 0.0210929
2 0.440741 0.545223 0.0442047 0.0201052
7 0.137378 0.697373 0.146072 0.0903754
2 0.662127 0.54285 0.046968 0.0196295
2 0.526411 0.545071 0.0457094 0.0208614
2 0.620908 0.531655 0.0428701 0.0226577
