2 0.89854 0.86969 0.201058 0.119253
2 0.8575 0.789812 0.199188 0.0989866
2 0.182973 0.67333 0.111395 0.0520735
2 0.577607 0.598329 0.0637605 0.0275942
2 0.0913892 0.74302 0.177108 0.111375
2 0.541933 0.578593 0.0560116 0.0258429
2 0.490387 0.901672 0.226659 0.133268
5 0.360614 0.663854 0.142637 0.104538
2 0.250249 0.627411 0.0886977 0.0431819
2 0.31639 0.599442 0.0714176 0.0277477
2 0.76728 0.734611 0.151609 0.0852413
2 0.155059 0.588367 0.0713769 0.0335062
2 0.23315 0.569053 0.0608518 0.0240813
2 0.379656 0.575704 0.0535475 0.0209816
2 0.683498 0.54816 0.0488093 0.020335
2 0.515269 0.552364 0.0512376 0.0196496
2 0.866231 0.579229 0.0872821 0.0481949
2 0.89854 0.86969 0.201058 0.119253
2 0.8575 0.789812 0.199188 0.0989866
2 0.182973 0.67333 0.111395 0.0520735
2 0.577607 0.598329 0.0637605 0.0275942
2 0.0913892 0.74302 0.177108 0.111375
2 0.541933 0.578593 0.0560116 0.0258429
2 0.490387 0.901672 0.226659 0.133268
5 0.360614 0.663854 0.142637 0.104538
2 0.250249 0.627411 0.0886977 0.0431819
2 0.31639 0.599442 0.0714176 0.0277477
2 0.76728 0.734611 0.151609 0.0852413
2 0.155059 0.588367 0.0713769 0.0335062
2 0.23315 0.569053 0.0608518 0.0240813
2 0.379656 0.575704 0.0535475 0.0209816
2 0.683498 0.54816 0.0488093 0.020335
2 0.515269 0.552364 0.0512376 0.0196496
2 0.866231 0.579229 0.0872821 0.0481949
2 0.89854 0.86969 0.201058 0.119253
2 0.8575 0.789812 0.199188 0.0989866
2 0.182973 0.67333 0.111395 0.0520735
2 0.577607 0.598329 0.0637605 0.0275942
2 0.0913892 0.74302 0.177108 0.111375
2 0.541933 0.578593 0.0560116 0.0258429
2 0.490387 0.901672 0.226659 0.133268
5 0.360614 0.663854 0.142637 0.104538
2 0.250249 0.627411 0.0886977 0.0431819
2 0.31639 0.599442 0.0714176 0.0277477
2 0.76728 0.734611 0.151609 0.0852413
2 0.155059 0.588367 0.0713769 0.0335062
2 0.23315 0.569053 0.0608518 0.0240813
2 0.379656 0.575704 0.0535475 0.0209816
2 0.683498 0.54816 0.0488093 0.020335
2 0.515269 0.552364 0.0512376 0.0196496
2 0.866231 0.579229 0.0872821 0.0481949
2 0.89854 0.86969 0.201058 0.119253
2 0.8575 0.789812 0.199188 0.0989866
2 0.182973 0.67333 0.111395 0.0520735
2 0.577607 0.598329 0.0637605 0.0275942
2 0.0913892 0.74302 0.177108 0.111375
2 0.541933 0.578593 0.0560116 0.0258429
2 0.490387 0.901672 0.226659 0.133268
5 0.360614 0.663854 0.142637 0.104538
2 0.250249 0.627411 0.0886977 0.0431819
2 0.31639 0.599442 0.0714176 0.0277477
2 0.76728 0.734611 0.151609 0.0852413
2 0.155059 0.588367 0.0713769 0.0335062
2 0.23315 0.569053 0.0608518 0.0240813
2 0.379656 0.575704 0.0535475 0.0209816
2 0.683498 0.54816 0.0488093 0.020335
2 0.515269 0.552364 0.0512376 0.0196496
2 0.866231 0.579229 0.0872821 0.0481949
2 0.89854 0.86969 0.201058 0.119253
2 0.8575 0.789812 0.199188 0.0989866
2 0.182973 0.67333 0.111395 0.0520735
2 0.577607 0.598329 0.0637605 0.0275942
2 0.0913892 0.74302 0.177108 0.111375
2 0.541933 0.578593 0.0560116 0.0258429
2 0.490387 0.901672 0.226659 0.133268
5 0.360614 0.663854 0.142637 0.104538
2 0.250249 0.627411 0.0886977 0.0431819
2 0.31639 0.599442 0.0714176 0.0277477
2 0.76728 0.734611 0.151609 0.0852413
2 0.155059 0.588367 0.0713769 0.0335062
2 0.23315 0.569053 0.0608518 0.0240813
2 0.379656 0.575704 0.0535475 0.0209816
2 0.683498 0.54816 0.0488093 0.020335
2 0.515269 0.552364 0.0512376 0.0196496
2 0.866231 0.579229 0.0872821 0.0481949
2 0.89854 0.86969 0.201058 0.119253
2 0.8575 0.789812 0.199188 0.0989866
2 0.182973 0.67333 0.111395 0.0520735
2 0.577607 0.598329 0.0637605 0.0275942
2 0.0913892 0.74302 0.177108 0.111375
2 0.541933 0.578593 0.0560116 0.0258429
2 0.490387 0.901672 0.226659 0.133268
5 0.360614 0.663854 0.142637 0.104538
2 0.250249 0.627411 0.0886977 0.0431819
2 0.31639 0.599442 0.0714176 0.0277477
2 0.76728 0.734611 0.151609 0.0852413
2 0.155059 0.588367 0.0713769 0.0335062
2 0.23315 0.569053 0.0608518 0.0240813
2 0.379656 0.575704 0.0535475 0.0209816
2 0.683498 0.54816 0.0488093 0.020335
2 0.515269 0.552364 0.0512376 0.0196496
2 0.866231 0.579229 0.0872821 0.0481949
2 0.89854 0.86969 0.201058 0.119253
2 0.8575 0.789812 0.199188 0.0989866
2 0.182973 0.67333 0.111395 0.0520735
2 0.577607 0.598329 0.0637605 0.0275942
2 0.0913892 0.74302 0.177108 0.111375
2 0.541933 0.578593 0.0560116 0.0258429
2 0.490387 0.901672 0.226659 0.133268
5 0.360614 0.663854 0.142637 0.104538
2 0.250249 0.627411 0.0886977 0.0431819
2 0.31639 0.599442 0.0714176 0.0277477
2 0.76728 0.734611 0.151609 0.0852413
2 0.155059 0.588367 0.0713769 0.0335062
2 0.23315 0.569053 0.0608518 0.0240813
2 0.379656 0.575704 0.0535475 0.0209816
2 0.683498 0.54816 0.0488093 0.020335
2 0.515269 0.552364 0.0512376 0.0196496
2 0.866231 0.579229 0.0872821 0.0481949
2 0.89854 0.86969 0.201058 0.119253
2 0.8575 0.789812 0.199188 0.0989866
2 0.182973 0.67333 0.111395 0.0520735
2 0.577607 0.598329 0.0637605 0.0275942
2 0.0913892 0.74302 0.177108 0.111375
2 0.541933 0.578593 0.0560116 0.0258429
2 0.490387 0.901672 0.226659 0.133268
5 0.360614 0.663854 0.142637 0.104538
2 0.250249 0.627411 0.0886977 0.0431819
2 0.31639 0.599442 0.0714176 0.0277477
2 0.76728 0.734611 0.151609 0.0852413
2 0.155059 0.588367 0.0713769 0.0335062
2 0.23315 0.569053 0.0608518 0.0240813
2 0.379656 0.575704 0.0535475 0.0209816
2 0.683498 0.54816 0.0488093 0.020335
2 0.515269 0.552364 0.0512376 0.0196496
2 0.866231 0.579229 0.0872821 0.0481949
2 0.89854 0.86969 0.201058 0.119253
2 0.8575 0.789812 0.199188 0.0989866
2 0.182973 0.67333 0.111395 0.0520735
2 0.577607 0.598329 0.0637605 0.0275942
2 0.0913892 0.74302 0.177108 0.111375
2 0.541933 0.578593 0.0560116 0.0258429
2 0.490387 0.901672 0.226659 0.133268
5 0.360614 0.663854 0.142637 0.104538
2 0.250249 0.627411 0.0886977 0.0431819
2 0.31639 0.599442 0.0714176 0.0277477
2 0.76728 0.734611 0.151609 0.0852413
2 0.155059 0.588367 0.0713769 0.0335062
2 0.23315 0.569053 0.0608518 0.0240813
2 0.379656 0.575704 0.0535475 0.0209816
2 0.683498 0.54816 0.0488093 0.020335
2 0.515269 0.552364 0.0512376 0.0196496
2 0.866231 0.579229 0.0872821 0.0481949
2 0.89854 0.86969 0.201058 0.119253
2 0.8575 0.789812 0.199188 0.0989866
2 0.182973 0.67333 0.111395 0.0520735
2 0.577607 0.598329 0.0637605 0.0275942
2 0.0913892 0.74302 0.177108 0.111375
2 0.541933 0.578593 0.0560116 0.0258429
2 0.490387 0.901672 0.226659 0.133268
5 0.360614 0.663854 0.142637 0.104538
2 0.250249 0.627411 0.0886977 0.0431819
2 0.31639 0.599442 0.0714176 0.0277477
2 0.76728 0.734611 0.151609 0.0852413
2 0.155059 0.588367 0.0713769 0.0335062
2 0.23315 0.569053 0.0608518 0.0240813
2 0.379656 0.575704 0.0535475 0.0209816
2 0.683498 0.54816 0.0488093 0.020335
2 0.515269 0.552364 0.0512376 0.0196496
2 0.866231 0.579229 0.0872821 0.0481949
2 0.89854 0.86969 0.201058 0.119253
2 0.8575 0.789812 0.199188 0.0989866
2 0.182973 0.67333 0.111395 0.0520735
2 0.577607 0.598329 0.0637605 0.0275942
2 0.0913892 0.74302 0.177108 0.111375
2 0.541933 0.578593 0.0560116 0.0258429
2 0.490387 0.901672 0.226659 0.133268
5 0.360614 0.663854 0.142637 0.104538
2 0.250249 0.627411 0.0886977 0.0431819
2 0.31639 0.599442 0.0714176 0.0277477
2 0.76728 0.734611 0.151609 0.0852413
2 0.155059 0.588367 0.0713769 0.0335062
2 0.23315 0.569053 0.0608518 0.0240813
2 0.379656 0.575704 0.0535475 0.0209816
2 0.683498 0.54816 0.0488093 0.020335
2 0.515269 0.552364 0.0512376 0.0196496
2 0.866231 0.579229 0.0872821 0.0481949
2 0.89854 0.86969 0.201058 0.119253
2 0.8575 0.789812 0.199188 0.0989866
2 0.182973 0.67333 0.111395 0.0520735
2 0.577607 0.598329 0.0637605 0.0275942
2 0.0913892 0.74302 0.177108 0.111375
2 0.541933 0.578593 0.0560116 0.0258429
2 0.490387 0.901672 0.226659 0.133268
5 0.360614 0.663854 0.142637 0.104538
2 0.250249 0.627411 0.0886977 0.0431819
2 0.31639 0.599442 0.0714176 0.0277477
2 0.76728 0.734611 0.151609 0.0852413
2 0.155059 0.588367 0.0713769 0.0335062
2 0.23315 0.569053 0.0608518 0.0240813
2 0.379656 0.575704 0.0535475 0.0209816
2 0.683498 0.54816 0.0488093 0.020335
2 0.515269 0.552364 0.0512376 0.0196496
2 0.866231 0.579229 0.0872821 0.0481949
2 0.89854 0.86969 0.201058 0.119253
2 0.8575 0.789812 0.199188 0.0989866
2 0.182973 0.67333 0.111395 0.0520735
2 0.577607 0.598329 0.0637605 0.0275942
2 0.0913892 0.74302 0.177108 0.111375
2 0.541933 0.578593 0.0560116 0.0258429
2 0.490387 0.901672 0.226659 0.133268
5 0.360614 0.663854 0.142637 0.104538
2 0.250249 0.627411 0.0886977 0.0431819
2 0.31639 0.599442 0.0714176 0.0277477
2 0.76728 0.734611 0.151609 0.0852413
2 0.155059 0.588367 0.0713769 0.0335062
2 0.23315 0.569053 0.0608518 0.0240813
2 0.379656 0.575704 0.0535475 0.0209816
2 0.683498 0.54816 0.0488093 0.020335
2 0.515269 0.552364 0.0512376 0.0196496
2 0.866231 0.579229 0.0872821 0.0481949
2 0.491074 0.900624 0.225248 0.130715
5 0.360413 0.664177 0.14025 0.104959
2 0.859491 0.7873 0.201417 0.0937252
2 0.182017 0.673432 0.112391 0.0526606
2 0.24972 0.627356 0.0872817 0.0417194
2 0.898291 0.869187 0.203418 0.119728
2 0.578864 0.598296 0.0658615 0.0280456
7 0.0959644 0.74345 0.174595 0.111404
2 0.76327 0.734446 0.147188 0.0849756
2 0.316764 0.599601 0.0737259 0.0278715
2 0.542415 0.578205 0.055561 0.0259785
2 0.380022 0.573131 0.0540772 0.0251301
2 0.683722 0.547844 0.047374 0.0216954
2 0.491074 0.900624 0.225248 0.130715
5 0.360413 0.664177 0.14025 0.104959
2 0.859491 0.7873 0.201417 0.0937252
2 0.182017 0.673432 0.112391 0.0526606
2 0.24972 0.627356 0.0872817 0.0417194
2 0.898291 0.869187 0.203418 0.119728
2 0.578864 0.598296 0.0658615 0.0280456
7 0.0959644 0.74345 0.174595 0.111404
2 0.76327 0.734446 0.147188 0.0849756
2 0.316764 0.599601 0.0737259 0.0278715
2 0.542415 0.578205 0.055561 0.0259785
2 0.380022 0.573131 0.0540772 0.0251301
2 0.683722 0.547844 0.047374 0.0216954
2 0.491074 0.900624 0.225248 0.130715
5 0.360413 0.664177 0.14025 0.104959
2 0.859491 0.7873 0.201417 0.0937252
2 0.182017 0.673432 0.112391 0.0526606
2 0.24972 0.627356 0.0872817 0.0417194
2 0.898291 0.869187 0.203418 0.119728
2 0.578864 0.598296 0.0658615 0.0280456
7 0.0959644 0.74345 0.174595 0.111404
2 0.76327 0.734446 0.147188 0.0849756
2 0.316764 0.599601 0.0737259 0.0278715
2 0.542415 0.578205 0.055561 0.0259785
2 0.380022 0.573131 0.0540772 0.0251301
2 0.683722 0.547844 0.047374 0.0216954
2 0.491074 0.900624 0.225248 0.130715
5 0.360413 0.664177 0.14025 0.104959
2 0.859491 0.7873 0.201417 0.0937252
2 0.182017 0.673432 0.112391 0.0526606
2 0.24972 0.627356 0.0872817 0.0417194
2 0.898291 0.869187 0.203418 0.119728
2 0.578864 0.598296 0.0658615 0.0280456
7 0.0959644 0.74345 0.174595 0.111404
2 0.76327 0.734446 0.147188 0.0849756
2 0.316764 0.599601 0.0737259 0.0278715
2 0.542415 0.578205 0.055561 0.0259785
2 0.380022 0.573131 0.0540772 0.0251301
2 0.683722 0.547844 0.047374 0.0216954
2 0.491074 0.900624 0.225248 0.130715
5 0.360413 0.664177 0.14025 0.104959
2 0.859491 0.7873 0.201417 0.0937252
2 0.182017 0.673432 0.112391 0.0526606
2 0.24972 0.627356 0.0872817 0.0417194
2 0.898291 0.869187 0.203418 0.119728
2 0.578864 0.598296 0.0658615 0.0280456
7 0.0959644 0.74345 0.174595 0.111404
2 0.76327 0.734446 0.147188 0.0849756
2 0.316764 0.599601 0.0737259 0.0278715
2 0.542415 0.578205 0.055561 0.0259785
2 0.380022 0.573131 0.0540772 0.0251301
2 0.683722 0.547844 0.047374 0.0216954
2 0.491074 0.900624 0.225248 0.130715
5 0.360413 0.664177 0.14025 0.104959
2 0.859491 0.7873 0.201417 0.0937252
2 0.182017 0.673432 0.112391 0.0526606
2 0.24972 0.627356 0.0872817 0.0417194
2 0.898291 0.869187 0.203418 0.119728
2 0.578864 0.598296 0.0658615 0.0280456
7 0.0959644 0.74345 0.174595 0.111404
2 0.76327 0.734446 0.147188 0.0849756
2 0.316764 0.599601 0.0737259 0.0278715
2 0.542415 0.578205 0.055561 0.0259785
2 0.380022 0.573131 0.0540772 0.0251301
2 0.683722 0.547844 0.047374 0.0216954
2 0.491074 0.900624 0.225248 0.130715
5 0.360413 0.664177 0.14025 0.104959
2 0.859491 0.7873 0.201417 0.0937252
2 0.182017 0.673432 0.112391 0.0526606
2 0.24972 0.627356 0.0872817 0.0417194
2 0.898291 0.869187 0.203418 0.119728
2 0.578864 0.598296 0.0658615 0.0280456
7 0.0959644 0.74345 0.174595 0.111404
2 0.76327 0.734446 0.147188 0.0849756
2 0.316764 0.599601 0.0737259 0.0278715
2 0.542415 0.578205 0.055561 0.0259785
2 0.380022 0.573131 0.0540772 0.0251301
2 0.683722 0.547844 0.047374 0.0216954
2 0.491074 0.900624 0.225248 0.130715
5 0.360413 0.664177 0.14025 0.104959
2 0.859491 0.7873 0.201417 0.0937252
2 0.182017 0.673432 0.112391 0.0526606
2 0.24972 0.627356 0.0872817 0.0417194
2 0.898291 0.869187 0.203418 0.119728
2 0.578864 0.598296 0.0658615 0.0280456
7 0.0959644 0.74345 0.174595 0.111404
2 0.76327 0.734446 0.147188 0.0849756
2 0.316764 0.599601 0.0737259 0.0278715
2 0.542415 0.578205 0.055561 0.0259785
2 0.380022 0.573131 0.0540772 0.0251301
2 0.683722 0.547844 0.047374 0.0216954
2 0.154904 0.588632 0.0714824 0.0327163
2 0.234136 0.56875 0.061741 0.022567
2 0.515797 0.550658 0.0496211 0.0220878
2 0.637837 0.540571 0.0427117 0.0163315
