2 0.734006 0.930771 0.295465 0.137366
2 0.854514 0.791053 0.201685 0.101343
5 0.102471 0.718121 0.160059 0.102732
2 0.056001 0.837254 0.112002 0.110045
5 0.35865 0.676847 0.151574 0.125329
2 0.408631 0.849578 0.209756 0.126618
2 0.473488 0.598968 0.0705694 0.0280476
2 0.764835 0.732606 0.15182 0.0816691
2 0.186616 0.668943 0.108669 0.0446636
7 0.561061 0.696252 0.134759 0.102692
2 0.28008 0.614539 0.0768636 0.0359482
2 0.175366 0.586179 0.0657005 0.0282699
2 0.425897 0.577634 0.0581625 0.0279074
2 0.695722 0.546329 0.0383162 0.0170351
2 0.476845 0.566183 0.0496522 0.0204636
2 0.583748 0.552418 0.0497954 0.0231403
2 0.434831 0.636312 0.0430591 0.0446014
7 0.584038 0.547959 0.0494341 0.0311783
2 0.734006 0.930771 0.295465 0.137366
2 0.854514 0.791053 0.201685 0.101343
5 0.102471 0.718121 0.160059 0.102732
2 0.056001 0.837254 0.112002 0.110045
5 0.35865 0.676847 0.151574 0.125329
2 0.408631 0.849578 0.209756 0.126618
2 0.473488 0.598968 0.0705694 0.0280476
2 0.764835 0.732606 0.15182 0.0816691
2 0.186616 0.668943 0.108669 0.0446636
7 0.561061 0.696252 0.134759 0.102692
2 0.28008 0.614539 0.0768636 0.0359482
2 0.175366 0.586179 0.0657005 0.0282699
2 0.425897 0.577634 0.0581625 0.0279074
2 0.695722 0.546329 0.0383162 0.0170351
2 0.476845 0.566183 0.0496522 0.0204636
2 0.583748 0.552418 0.0497954 0.0231403
2 0.434831 0.636312 0.0430591 0.0446014
7 0.584038 0.547959 0.0494341 0.0311783
2 0.734006 0.930771 0.295465 0.137366
2 0.854514 0.791053 0.201685 0.101343
5 0.102471 0.718121 0.160059 0.102732
2 0.056001 0.837254 0.112002 0.110045
5 0.35865 0.676847 0.151574 0.125329
2 0.408631 0.849578 0.209756 0.126618
2 0.473488 0.598968 0.0705694 0.0280476
2 0.764835 0.732606 0.15182 0.0816691
2 0.186616 0.668943 0.108669 0.0446636
7 0.561061 0.696252 0.134759 0.102692
2 0.28008 0.614539 0.0768636 0.0359482
2 0.175366 0.586179 0.0657005 0.0282699
2 0.425897 0.577634 0.0581625 0.0279074
2 0.695722 0.546329 0.0383162 0.0170351
2 0.476845 0.566183 0.0496522 0.0204636
2 0.583748 0.552418 0.0497954 0.0231403
2 0.434831 0.636312 0.0430591 0.0446014
7 0.584038 0.547959 0.0494341 0.0311783
2 0.734006 0.930771 0.295465 0.137366
2 0.854514 0.791053 0.201685 0.101343
5 0.102471 0.718121 0.160059 0.102732
2 0.056001 0.837254 0.112002 0.110045
5 0.35865 0.676847 0.151574 0.125329
2 0.408631 0.849578 0.209756 0.126618
2 0.473488 0.598968 0.0705694 0.0280476
2 0.764835 0.732606 0.15182 0.0816691
2 0.186616 0.668943 0.108669 0.0446636
7 0.561061 0.696252 0.134759 0.102692
2 0.28008 0.614539 0.0768636 0.0359482
2 0.175366 0.586179 0.0657005 0.0282699
2 0.425897 0.577634 0.0581625 0.0279074
2 0.695722 0.546329 0.0383162 0.0170351
2 0.476845 0.566183 0.0496522 0.0204636
2 0.583748 0.552418 0.0497954 0.0231403
2 0.434831 0.636312 0.0430591 0.0446014
7 0.584038 0.547959 0.0494341 0.0311783
2 0.734006 0.930771 0.295465 0.137366
2 0.854514 0.791053 0.201685 0.101343
5 0.102471 0.718121 0.160059 0.102732
2 0.056001 0.837254 0.112002 0.110045
5 0.35865 0.676847 0.151574 0.125329
2 0.408631 0.849578 0.209756 0.126618
2 0.473488 0.598968 0.0705694 0.0280476
2 0.764835 0.732606 0.15182 0.0816691
2 0.186616 0.668943 0.108669 0.0446636
7 0.561061 0.696252 0.134759 0.102692
2 0.28008 0.614539 0.0768636 0.0359482
2 0.175366 0.586179 0.0657005 0.0282699
2 0.425897 0.577634 0.0581625 0.0279074
2 0.695722 0.546329 0.0383162 0.0170351
2 0.476845 0.566183 0.0496522 0.0204636
2 0.583748 0.552418 0.0497954 0.0231403
2 0.434831 0.636312 0.0430591 0.0446014
7 0.584038 0.547959 0.0494341 0.0311783
2 0.734006 0.930771 0.295465 0.137366
2 0.854514 0.791053 0.201685 0.101343
5 0.102471 0.718121 0.160059 0.102732
2 0.056001 0.837254 0.112002 0.110045
5 0.35865 0.676847 0.151574 0.125329
2 0.408631 0.849578 0.209756 0.126618
2 0.473488 0.598968 0.0705694 0.0280476
2 0.764835 0.732606 0.15182 0.0816691
2 0.186616 0.668943 0.108669 0.0446636
7 0.561061 0.696252 0.134759 0.102692
2 0.28008 0.614539 0.0768636 0.0359482
2 0.175366 0.586179 0.0657005 0.0282699
2 0.425897 0.577634 0.0581625 0.0279074
2 0.695722 0.546329 0.0383162 0.0170351
2 0.476845 0.566183 0.0496522 0.0204636
2 0.583748 0.552418 0.0497954 0.0231403
2 0.434831 0.636312 0.0430591 0.0446014
7 0.584038 0.547959 0.0494341 0.0311783
2 0.734006 0.930771 0.295465 0.137366
2 0.854514 0.791053 0.201685 0.101343
5 0.102471 0.718121 0.160059 0.102732
2 0.056001 0.837254 0.112002 0.110045
5 0.35865 0.676847 0.151574 0.125329
2 0.408631 0.849578 0.209756 0.126618
2 0.473488 0.598968 0.0705694 0.0280476
2 0.764835 0.732606 0.15182 0.0816691
2 0.186616 0.668943 0.108669 0.0446636
7 0.561061 0.696252 0.134759 0.102692
2 0.28008 0.614539 0.0768636 0.0359482
2 0.175366 0.586179 0.0657005 0.0282699
2 0.425897 0.577634 0.0581625 0.0279074
2 0.695722 0.546329 0.0383162 0.0170351
2 0.476845 0.566183 0.0496522 0.0204636
2 0.583748 0.552418 0.0497954 0.0231403
2 0.434831 0.636312 0.0430591 0.0446014
7 0.584038 0.547959 0.0494341 0.0311783
2 0.734006 0.930771 0.295465 0.137366
2 0.854514 0.791053 0.201685 0.101343
5 0.102471 0.718121 0.160059 0.102732
2 0.056001 0.837254 0.112002 0.110045
5 0.35865 0.676847 0.151574 0.125329
2 0.408631 0.849578 0.209756 0.126618
2 0.473488 0.598968 0.0705694 0.0280476
2 0.764835 0.732606 0.15182 0.0816691
2 0.186616 0.668943 0.108669 0.0446636
7 0.561061 0.696252 0.134759 0.102692
2 0.28008 0.614539 0.0768636 0.0359482
2 0.175366 0.586179 0.0657005 0.0282699
2 0.425897 0.577634 0.0581625 0.0279074
2 0.695722 0.546329 0.0383162 0.0170351
2 0.476845 0.566183 0.0496522 0.0204636
2 0.583748 0.552418 0.0497954 0.0231403
2 0.434831 0.636312 0.0430591 0.0446014
7 0.584038 0.547959 0.0494341 0.0311783
2 0.734006 0.930771 0.295465 0.137366
2 0.854514 0.791053 0.201685 0.101343
5 0.102471 0.718121 0.160059 0.102732
2 0.056001 0.837254 0.112002 0.110045
5 0.35865 0.676847 0.151574 0.125329
2 0.408631 0.849578 0.209756 0.126618
2 0.473488 0.598968 0.0705694 0.0280476
2 0.764835 0.732606 0.15182 0.0816691
2 0.186616 0.668943 0.108669 0.0446636
7 0.561061 0.696252 0.134759 0.102692
2 0.28008 0.614539 0.0768636 0.0359482
2 0.175366 0.586179 0.0657005 0.0282699
2 0.425897 0.577634 0.0581625 0.0279074
2 0.695722 0.546329 0.0383162 0.0170351
2 0.476845 0.566183 0.0496522 0.0204636
2 0.583748 0.552418 0.0497954 0.0231403
2 0.434831 0.636312 0.0430591 0.0446014
7 0.584038 0.547959 0.0494341 0.0311783
2 0.734006 0.930771 0.295465 0.137366
2 0.854514 0.791053 0.201685 0.101343
5 0.102471 0.718121 0.160059 0.102732
2 0.056001 0.837254 0.112002 0.110045
5 0.35865 0.676847 0.151574 0.125329
2 0.408631 0.849578 0.209756 0.126618
2 0.473488 0.598968 0.0705694 0.0280476
2 0.764835 0.732606 0.15182 0.0816691
2 0.186616 0.668943 0.108669 0.0446636
7 0.561061 0.696252 0.134759 0.102692
2 0.28008 0.614539 0.0768636 0.0359482
2 0.175366 0.586179 0.0657005 0.0282699
2 0.425897 0.577634 0.0581625 0.0279074
2 0.695722 0.546329 0.0383162 0.0170351
2 0.476845 0.566183 0.0496522 0.0204636
2 0.583748 0.552418 0.0497954 0.0231403
2 0.434831 0.636312 0.0430591 0.0446014
7 0.584038 0.547959 0.0494341 0.0311783
2 0.734006 0.930771 0.295465 0.137366
2 0.854514 0.791053 0.201685 0.101343
5 0.102471 0.718121 0.160059 0.102732
2 0.056001 0.837254 0.112002 0.110045
5 0.35865 0.676847 0.151574 0.125329
2 0.408631 0.849578 0.209756 0.126618
2 0.473488 0.598968 0.0705694 0.0280476
2 0.764835 0.732606 0.15182 0.0816691
2 0.186616 0.668943 0.108669 0.0446636
7 0.561061 0.696252 0.134759 0.102692
2 0.28008 0.614539 0.0768636 0.0359482
2 0.175366 0.586179 0.0657005 0.0282699
2 0.425897 0.577634 0.0581625 0.0279074
2 0.695722 0.546329 0.0383162 0.0170351
2 0.476845 0.566183 0.0496522 0.0204636
2 0.583748 0.552418 0.0497954 0.0231403
2 0.434831 0.636312 0.0430591 0.0446014
7 0.584038 0.547959 0.0494341 0.0311783
2 0.734006 0.930771 0.295465 0.137366
2 0.854514 0.791053 0.201685 0.101343
5 0.102471 0.718121 0.160059 0.102732
2 0.056001 0.837254 0.112002 0.110045
5 0.35865 0.676847 0.151574 0.125329
2 0.408631 0.849578 0.209756 0.126618
2 0.473488 0.598968 0.0705694 0.0280476
2 0.764835 0.732606 0.15182 0.0816691
2 0.186616 0.668943 0.108669 0.0446636
7 0.561061 0.696252 0.134759 0.102692
2 0.28008 0.614539 0.0768636 0.0359482
2 0.175366 0.586179 0.0657005 0.0282699
2 0.425897 0.577634 0.0581625 0.0279074
2 0.695722 0.546329 0.0383162 0.0170351
2 0.476845 0.566183 0.0496522 0.0204636
2 0.583748 0.552418 0.0497954 0.0231403
2 0.434831 0.636312 0.0430591 0.0446014
7 0.584038 0.547959 0.0494341 0.0311783
2 0.734006 0.930771 0.295465 0.137366
2 0.854514 0.791053 0.201685 0.101343
5 0.102471 0.718121 0.160059 0.102732
2 0.056001 0.837254 0.112002 0.110045
5 0.35865 0.676847 0.151574 0.125329
2 0.408631 0.849578 0.209756 0.126618
2 0.473488 0.598968 0.0705694 0.0280476
2 0.764835 0.732606 0.15182 0.0816691
2 0.186616 0.668943 0.108669 0.0446636
7 0.561061 0.696252 0.134759 0.102692
2 0.28008 0.614539 0.0768636 0.0359482
2 0.175366 0.586179 0.0657005 0.0282699
2 0.425897 0.577634 0.0581625 0.0279074
2 0.695722 0.546329 0.0383162 0.0170351
2 0.476845 0.566183 0.0496522 0.0204636
2 0.583748 0.552418 0.0497954 0.0231403
2 0.434831 0.636312 0.0430591 0.0446014
7 0.584038 0.547959 0.0494341 0.0311783
2 0.732828 0.931365 0.295732 0.136876
5 0.357233 0.676647 0.150322 0.124963
5 0.557964 0.696633 0.142453 0.102668
2 0.0549455 0.836905 0.109891 0.109569
2 0.40912 0.850963 0.209865 0.126538
5 0.107591 0.718742 0.169803 0.102808
2 0.188694 0.668081 0.105753 0.0448416
2 0.761668 0.733197 0.145561 0.0826357
2 0.473982 0.599075 0.0719303 0.0283016
2 0.281061 0.615181 0.080442 0.0353697
2 0.856765 0.790307 0.201986 0.0993542
2 0.732828 0.931365 0.295732 0.136876
5 0.357233 0.676647 0.150322 0.124963
5 0.557964 0.696633 0.142453 0.102668
2 0.0549455 0.836905 0.109891 0.109569
2 0.40912 0.850963 0.209865 0.126538
5 0.107591 0.718742 0.169803 0.102808
2 0.188694 0.668081 0.105753 0.0448416
2 0.761668 0.733197 0.145561 0.0826357
2 0.473982 0.599075 0.0719303 0.0283016
2 0.281061 0.615181 0.080442 0.0353697
2 0.856765 0.790307 0.201986 0.0993542
2 0.732828 0.931365 0.295732 0.136876
5 0.357233 0.676647 0.150322 0.124963
5 0.557964 0.696633 0.142453 0.102668
2 0.0549455 0.836905 0.109891 0.109569
2 0.40912 0.850963 0.209865 0.126538
5 0.107591 0.718742 0.169803 0.102808
2 0.188694 0.668081 0.105753 0.0448416
2 0.761668 0.733197 0.145561 0.0826357
2 0.473982 0.599075 0.0719303 0.0283016
2 0.281061 0.615181 0.080442 0.0353697
2 0.856765 0.790307 0.201986 0.0993542
2 0.732828 0.931365 0.295732 0.136876
5 0.357233 0.676647 0.150322 0.124963
5 0.557964 0.696633 0.142453 0.102668
2 0.0549455 0.836905 0.109891 0.109569
2 0.40912 0.850963 0.209865 0.126538
5 0.107591 0.718742 0.169803 0.102808
2 0.188694 0.668081 0.105753 0.0448416
2 0.761668 0.733197 0.145561 0.0826357
2 0.473982 0.599075 0.0719303 0.0283016
2 0.281061 0.615181 0.080442 0.0353697
2 0.856765 0.790307 0.201986 0.0993542
2 0.732828 0.931365 0.295732 0.136876
5 0.357233 0.676647 0.150322 0.124963
5 0.557964 0.696633 0.142453 0.102668
2 0.0549455 0.836905 0.109891 0.109569
2 0.40912 0.850963 0.209865 0.126538
5 0.107591 0.718742 0.169803 0.102808
2 0.188694 0.668081 0.105753 0.0448416
2 0.761668 0.733197 0.145561 0.0826357
2 0.473982 0.599075 0.0719303 0.0283016
2 0.281061 0.615181 0.080442 0.0353697
2 0.856765 0.790307 0.201986 0.0993542
2 0.732828 0.931365 0.295732 0.136876
5 0.357233 0.676647 0.150322 0.124963
5 0.557964 0.696633 0.142453 0.102668
2 0.0549455 0.836905 0.109891 0.109569
2 0.40912 0.850963 0.209865 0.126538
5 0.107591 0.718742 0.169803 0.102808
2 0.188694 0.668081 0.105753 0.0448416
2 0.761668 0.733197 0.145561 0.0826357
2 0.473982 0.599075 0.0719303 0.0283016
2 0.281061 0.615181 0.080442 0.0353697
2 0.856765 0.790307 0.201986 0.0993542
2 0.732828 0.931365 0.295732 0.136876
5 0.357233 0.676647 0.150322 0.124963
5 0.557964 0.696633 0.142453 0.102668
2 0.0549455 0.836905 0.109891 0.109569
2 0.40912 0.850963 0.209865 0.126538
5 0.107591 0.718742 0.169803 0.102808
2 0.188694 0.668081 0.105753 0.0448416
2 0.761668 0.733197 0.145561 0.0826357
2 0.473982 0.599075 0.0719303 0.0283016
2 0.281061 0.615181 0.080442 0.0353697
2 0.856765 0.790307 0.201986 0.0993542
2 0.732828 0.931365 0.295732 0.136876
5 0.357233 0.676647 0.150322 0.124963
5 0.557964 0.696633 0.142453 0.102668
2 0.0549455 0.836905 0.109891 0.109569
2 0.40912 0.850963 0.209865 0.126538
5 0.107591 0.718742 0.169803 0.102808
2 0.188694 0.668081 0.105753 0.0448416
2 0.761668 0.733197 0.145561 0.0826357
2 0.473982 0.599075 0.0719303 0.0283016
2 0.281061 0.615181 0.080442 0.0353697
2 0.856765 0.790307 0.201986 0.0993542
2 0.176173 0.586058 0.066998 0.028072
2 0.428362 0.577044 0.0644474 0.0287384
7 0.856858 0.790359 0.202849 0.0997698
2 0.695722 0.545258 0.0372489 0.018271
2 0.477846 0.565126 0.0506482 0.0225549
2 0.493979 0.551315 0.0446328 0.0201346
