2 0.898744 0.869932 0.200317 0.119943
2 0.858032 0.789477 0.201351 0.0969108
2 0.409998 0.948338 0.243116 0.102731
2 0.418987 0.743533 0.139877 0.0728625
2 0.456046 0.622841 0.0916523 0.0442595
2 0.48076 0.588015 0.0749 0.0333097
2 0.318475 0.592151 0.0619002 0.0274887
2 0.765325 0.734972 0.150498 0.0859643
2 0.661882 0.57472 0.0571272 0.026631
2 0.479686 0.56042 0.0673938 0.0301109
2 0.25554 0.565613 0.0511022 0.0207209
2 0.413759 0.554831 0.0581073 0.0290885
2 0.208398 0.55844 0.0582154 0.0217762
2 0.307168 0.556603 0.0512508 0.0243351
2 0.898744 0.869932 0.200317 0.119943
2 0.858032 0.789477 0.201351 0.0969108
2 0.409998 0.948338 0.243116 0.102731
2 0.418987 0.743533 0.139877 0.0728625
2 0.456046 0.622841 0.0916523 0.0442595
2 0.48076 0.588015 0.0749 0.0333097
2 0.318475 0.592151 0.0619002 0.0274887
2 0.765325 0.734972 0.150498 0.0859643
2 0.661882 0.57472 0.0571272 0.026631
2 0.479686 0.56042 0.0673938 0.0301109
2 0.25554 0.565613 0.0511022 0.0207209
2 0.413759 0.554831 0.0581073 0.0290885
2 0.208398 0.55844 0.0582154 0.0217762
2 0.307168 0.556603 0.0512508 0.0243351
2 0.898744 0.869932 0.200317 0.119943
2 0.858032 0.789477 0.201351 0.0969108
2 0.409998 0.948338 0.243116 0.102731
2 0.418987 0.743533 0.139877 0.0728625
2 0.456046 0.622841 0.0916523 0.0442595
2 0.48076 0.588015 0.0749 0.0333097
2 0.318475 0.592151 0.0619002 0.0274887
2 0.765325 0.734972 0.150498 0.0859643
2 0.661882 0.57472 0.0571272 0.026631
2 0.479686 0.56042 0.0673938 0.0301109
2 0.25554 0.565613 0.0511022 0.0207209
2 0.413759 0.554831 0.0581073 0.0290885
2 0.208398 0.55844 0.0582154 0.0217762
2 0.307168 0.556603 0.0512508 0.0243351
2 0.898744 0.869932 0.200317 0.119943
2 0.858032 0.789477 0.201351 0.0969108
2 0.409998 0.948338 0.243116 0.102731
2 0.418987 0.743533 0.139877 0.0728625
2 0.456046 0.622841 0.0916523 0.0442595
2 0.48076 0.588015 0.0749 0.0333097
2 0.318475 0.592151 0.0619002 0.0274887
2 0.765325 0.734972 0.150498 0.0859643
2 0.661882 0.57472 0.0571272 0.026631
2 0.479686 0.56042 0.0673938 0.0301109
2 0.25554 0.565613 0.0511022 0.0207209
2 0.413759 0.554831 0.0581073 0.0290885
2 0.208398 0.55844 0.0582154 0.0217762
2 0.307168 0.556603 0.0512508 0.0243351
2 0.898744 0.869932 0.200317 0.119943
2 0.858032 0.789477 0.201351 0.0969108
2 0.409998 0.948338 0.243116 0.102731
2 0.418987 0.743533 0.139877 0.0728625
2 0.456046 0.622841 0.0916523 0.0442595
2 0.48076 0.588015 0.0749 0.0333097
2 0.318475 0.592151 0.0619002 0.0274887
2 0.765325 0.734972 0.150498 0.0859643
2 0.661882 0.57472 0.0571272 0.026631
2 0.479686 0.56042 0.0673938 0.0301109
2 0.25554 0.565613 0.0511022 0.0207209
2 0.413759 0.554831 0.0581073 0.0290885
2 0.208398 0.55844 0.0582154 0.0217762
2 0.307168 0.556603 0.0512508 0.0243351
2 0.898744 0.869932 0.200317 0.119943
2 0.858032 0.789477 0.201351 0.0969108
2 0.409998 0.948338 0.243116 0.102731
2 0.418987 0.743533 0.139877 0.0728625
2 0.456046 0.622841 0.0916523 0.0442595
2 0.48076 0.588015 0.0749 0.0333097
2 0.318475 0.592151 0.0619002 0.0274887
2 0.765325 0.734972 0.150498 0.0859643
2 0.661882 0.57472 0.0571272 0.026631
2 0.479686 0.56042 0.0673938 0.0301109
2 0.25554 0.565613 0.0511022 0.0207209
2 0.413759 0.554831 0.0581073 0.0290885
2 0.208398 0.55844 0.0582154 0.0217762
2 0.307168 0.556603 0.0512508 0.0243351
2 0.898744 0.869932 0.200317 0.119943
2 0.858032 0.789477 0.201351 0.0969108
2 0.409998 0.948338 0.243116 0.102731
2 0.418987 0.743533 0.139877 0.0728625
2 0.456046 0.622841 0.0916523 0.0442595
2 0.48076 0.588015 0.0749 0.0333097
2 0.318475 0.592151 0.0619002 0.0274887
2 0.765325 0.734972 0.150498 0.0859643
2 0.661882 0.57472 0.0571272 0.026631
2 0.479686 0.56042 0.0673938 0.0301109
2 0.25554 0.565613 0.0511022 0.0207209
2 0.413759 0.554831 0.0581073 0.0290885
2 0.208398 0.55844 0.0582154 0.0217762
2 0.307168 0.556603 0.0512508 0.0243351
2 0.898744 0.869932 0.200317 0.119943
2 0.858032 0.789477 0.201351 0.0969108
2 0.409998 0.948338 0.243116 0.102731
2 0.418987 0.743533 0.139877 0.0728625
2 0.456046 0.622841 0.0916523 0.0442595
2 0.48076 0.588015 0.0749 0.0333097
2 0.318475 0.592151 0.0619002 0.0274887
2 0.765325 0.734972 0.150498 0.0859643
2 0.661882 0.57472 0.0571272 0.026631
2 0.479686 0.56042 0.0673938 0.0301109
2 0.25554 0.565613 0.0511022 0.0207209
2 0.413759 0.554831 0.0581073 0.0290885
2 0.208398 0.55844 0.0582154 0.0217762
2 0.307168 0.556603 0.0512508 0.0243351
2 0.898744 0.869932 0.200317 0.119943
2 0.858032 0.789477 0.201351 0.0969108
2 0.409998 0.948338 0.243116 0.102731
2 0.418987 0.743533 0.139877 0.0728625
2 0.456046 0.622841 0.0916523 0.0442595
2 0.48076 0.588015 0.0749 0.0333097
2 0.318475 0.592151 0.0619002 0.0274887
2 0.765325 0.734972 0.150498 0.0859643
2 0.661882 0.57472 0.0571272 0.026631
2 0.479686 0.56042 0.0673938 0.0301109
2 0.25554 0.565613 0.0511022 0.0207209
2 0.413759 0.554831 0.0581073 0.0290885
2 0.208398 0.55844 0.0582154 0.0217762
2 0.307168 0.556603 0.0512508 0.0243351
2 0.898744 0.869932 0.200317 0.119943
2 0.858032 0.789477 0.201351 0.0969108
2 0.409998 0.948338 0.243116 0.102731
2 0.418987 0.743533 0.139877 0.0728625
2 0.456046 0.622841 0.0916523 0.0442595
2 0.48076 0.588015 0.0749 0.0333097
2 0.318475 0.592151 0.0619002 0.0274887
2 0.765325 0.734972 0.150498 0.0859643
2 0.661882 0.57472 0.0571272 0.026631
2 0.479686 0.56042 0.0673938 0.0301109
2 0.25554 0.565613 0.0511022 0.0207209
2 0.413759 0.554831 0.0581073 0.0290885
2 0.208398 0.55844 0.0582154 0.0217762
2 0.307168 0.556603 0.0512508 0.0243351
2 0.898744 0.869932 0.200317 0.119943
2 0.858032 0.789477 0.201351 0.0969108
2 0.409998 0.948338 0.243116 0.102731
2 0.418987 0.743533 0.139877 0.0728625
2 0.456046 0.622841 0.0916523 0.0442595
2 0.48076 0.588015 0.0749 0.0333097
2 0.318475 0.592151 0.0619002 0.0274887
2 0.765325 0.734972 0.150498 0.0859643
2 0.661882 0.57472 0.0571272 0.026631
2 0.479686 0.56042 0.0673938 0.0301109
2 0.25554 0.565613 0.0511022 0.0207209
2 0.413759 0.554831 0.0581073 0.0290885
2 0.208398 0.55844 0.0582154 0.0217762
2 0.307168 0.556603 0.0512508 0.0243351
2 0.898744 0.869932 0.200317 0.119943
2 0.858032 0.789477 0.201351 0.0969108
2 0.409998 0.948338 0.243116 0.102731
2 0.418987 0.743533 0.139877 0.0728625
2 0.456046 0.622841 0.0916523 0.0442595
2 0.48076 0.588015 0.0749 0.0333097
2 0.318475 0.592151 0.0619002 0.0274887
2 0.765325 0.734972 0.150498 0.0859643
2 0.661882 0.57472 0.0571272 0.026631
2 0.479686 0.56042 0.0673938 0.0301109
2 0.25554 0.565613 0.0511022 0.0207209
2 0.413759 0.554831 0.0581073 0.0290885
2 0.208398 0.55844 0.0582154 0.0217762
2 0.307168 0.556603 0.0512508 0.0243351
2 0.898744 0.869932 0.200317 0.119943
2 0.858032 0.789477 0.201351 0.0969108
2 0.409998 0.948338 0.243116 0.102731
2 0.418987 0.743533 0.139877 0.0728625
2 0.456046 0.622841 0.0916523 0.0442595
2 0.48076 0.588015 0.0749 0.0333097
2 0.318475 0.592151 0.0619002 0.0274887
2 0.765325 0.734972 0.150498 0.0859643
2 0.661882 0.57472 0.0571272 0.026631
2 0.479686 0.56042 0.0673938 0.0301109
2 0.25554 0.565613 0.0511022 0.0207209
2 0.413759 0.554831 0.0581073 0.0290885
2 0.208398 0.55844 0.0582154 0.0217762
2 0.307168 0.556603 0.0512508 0.0243351
2 0.411261 0.948478 0.24445 0.102073
2 0.418928 0.74401 0.140872 0.0725723
2 0.859481 0.78765 0.20288 0.0945201
2 0.456345 0.622889 0.0910741 0.042618
2 0.762719 0.734181 0.149051 0.084689
2 0.318306 0.592495 0.0617295 0.0285343
2 0.898103 0.869757 0.203794 0.120876
2 0.480919 0.587319 0.0735777 0.0330948
2 0.662019 0.575 0.0572239 0.026589
2 0.479169 0.55823 0.0631421 0.029454
2 0.411261 0.948478 0.24445 0.102073
2 0.418928 0.74401 0.140872 0.0725723
2 0.859481 0.78765 0.20288 0.0945201
2 0.456345 0.622889 0.0910741 0.042618
2 0.762719 0.734181 0.149051 0.084689
2 0.318306 0.592495 0.0617295 0.0285343
2 0.898103 0.869757 0.203794 0.120876
2 0.480919 0.587319 0.0735777 0.0330948
2 0.662019 0.575 0.0572239 0.026589
2 0.479169 0.55823 0.0631421 0.029454
