5 0.409775 0.845662 0.302826 0.271069
2 0.385074 0.679868 0.10868 0.0524832
2 0.869706 0.795642 0.198325 0.0996286
2 0.764592 0.732532 0.15066 0.0815575
2 0.239355 0.648526 0.105638 0.0481142
2 0.613679 0.598001 0.0673255 0.0281134
7 0.0479545 0.910319 0.095909 0.179085
2 0.140621 0.702851 0.127007 0.0630964
2 0.399171 0.617174 0.072769 0.0388253
5 0.047244 0.910091 0.0944527 0.178507
7 0.772656 0.891812 0.366713 0.215483
2 0.426095 0.595651 0.0666933 0.0319406
2 0.659976 0.56966 0.0547879 0.0245792
7 0.782011 0.604143 0.0996375 0.0554943
2 0.0719831 0.813734 0.143966 0.0899525
2 0.276534 0.612762 0.0797897 0.0415096
2 0.783039 0.604128 0.101562 0.0550362
7 0.528464 0.61685 0.0806798 0.0478882
2 0.23308 0.573428 0.0559832 0.0238325
5 0.409775 0.845662 0.302826 0.271069
2 0.385074 0.679868 0.10868 0.0524832
2 0.869706 0.795642 0.198325 0.0996286
2 0.764592 0.732532 0.15066 0.0815575
2 0.239355 0.648526 0.105638 0.0481142
2 0.613679 0.598001 0.0673255 0.0281134
7 0.0479545 0.910319 0.095909 0.179085
2 0.140621 0.702851 0.127007 0.0630964
2 0.399171 0.617174 0.072769 0.0388253
5 0.047244 0.910091 0.0944527 0.178507
7 0.772656 0.891812 0.366713 0.215483
2 0.426095 0.595651 0.0666933 0.0319406
2 0.659976 0.56966 0.0547879 0.0245792
7 0.782011 0.604143 0.0996375 0.0554943
2 0.0719831 0.813734 0.143966 0.0899525
2 0.276534 0.612762 0.0797897 0.0415096
2 0.783039 0.604128 0.101562 0.0550362
7 0.528464 0.61685 0.0806798 0.0478882
2 0.23308 0.573428 0.0559832 0.0238325
5 0.409775 0.845662 0.302826 0.271069
2 0.385074 0.679868 0.10868 0.0524832
2 0.869706 0.795642 0.198325 0.0996286
2 0.764592 0.732532 0.15066 0.0815575
2 0.239355 0.648526 0.105638 0.0481142
2 0.613679 0.598001 0.0673255 0.0281134
7 0.0479545 0.910319 0.095909 0.179085
2 0.140621 0.702851 0.127007 0.0630964
2 0.399171 0.617174 0.072769 0.0388253
5 0.047244 0.910091 0.0944527 0.178507
7 0.772656 0.891812 0.366713 0.215483
2 0.426095 0.595651 0.0666933 0.0319406
2 0.659976 0.56966 0.0547879 0.0245792
7 0.782011 0.604143 0.0996375 0.0554943
2 0.0719831 0.813734 0.143966 0.0899525
2 0.276534 0.612762 0.0797897 0.0415096
2 0.783039 0.604128 0.101562 0.0550362
7 0.528464 0.61685 0.0806798 0.0478882
2 0.23308 0.573428 0.0559832 0.0238325
5 0.409775 0.845662 0.302826 0.271069
2 0.385074 0.679868 0.10868 0.0524832
2 0.869706 0.795642 0.198325 0.0996286
2 0.764592 0.732532 0.15066 0.0815575
2 0.239355 0.648526 0.105638 0.0481142
2 0.613679 0.598001 0.0673255 0.0281134
7 0.0479545 0.910319 0.095909 0.179085
2 0.140621 0.702851 0.127007 0.0630964
2 0.399171 0.617174 0.072769 0.0388253
5 0.047244 0.910091 0.0944527 0.178507
7 0.772656 0.891812 0.366713 0.215483
2 0.426095 0.595651 0.0666933 0.0319406
2 0.659976 0.56966 0.0547879 0.0245792
7 0.782011 0.604143 0.0996375 0.0554943
2 0.0719831 0.813734 0.143966 0.0899525
2 0.276534 0.612762 0.0797897 0.0415096
2 0.783039 0.604128 0.101562 0.0550362
7 0.528464 0.61685 0.0806798 0.0478882
2 0.23308 0.573428 0.0559832 0.0238325
5 0.409775 0.845662 0.302826 0.271069
2 0.385074 0.679868 0.10868 0.0524832
2 0.869706 0.795642 0.198325 0.0996286
2 0.764592 0.732532 0.15066 0.0815575
2 0.239355 0.648526 0.105638 0.0481142
2 0.613679 0.598001 0.0673255 0.0281134
7 0.0479545 0.910319 0.095909 0.179085
2 0.140621 0.702851 0.127007 0.0630964
2 0.399171 0.617174 0.072769 0.0388253
5 0.047244 0.910091 0.0944527 0.178507
7 0.772656 0.891812 0.366713 0.215483
2 0.426095 0.595651 0.0666933 0.0319406
2 0.659976 0.56966 0.0547879 0.0245792
7 0.782011 0.604143 0.0996375 0.0554943
2 0.0719831 0.813734 0.143966 0.0899525
2 0.276534 0.612762 0.0797897 0.0415096
2 0.783039 0.604128 0.101562 0.0550362
7 0.528464 0.61685 0.0806798 0.0478882
2 0.23308 0.573428 0.0559832 0.0238325
5 0.409775 0.845662 0.302826 0.271069
2 0.385074 0.679868 0.10868 0.0524832
2 0.869706 0.795642 0.198325 0.0996286
2 0.764592 0.732532 0.15066 0.0815575
2 0.239355 0.648526 0.105638 0.0481142
2 0.613679 0.598001 0.0673255 0.0281134
7 0.0479545 0.910319 0.095909 0.179085
2 0.140621 0.702851 0.127007 0.0630964
2 0.399171 0.617174 0.072769 0.0388253
5 0.047244 0.910091 0.0944527 0.178507
7 0.772656 0.891812 0.366713 0.215483
2 0.426095 0.595651 0.0666933 0.0319406
2 0.659976 0.56966 0.0547879 0.0245792
7 0.782011 0.604143 0.0996375 0.0554943
2 0.0719831 0.813734 0.143966 0.0899525
2 0.276534 0.612762 0.0797897 0.0415096
2 0.783039 0.604128 0.101562 0.0550362
7 0.528464 0.61685 0.0806798 0.0478882
2 0.23308 0.573428 0.0559832 0.0238325
