5 0.454637 0.905714 0.438965 0.187366
2 0.552132 0.70145 0.114983 0.0540292
2 0.106256 0.741076 0.14524 0.0662529
2 0.856526 0.789543 0.201569 0.0973248
2 0.901412 0.876067 0.194892 0.1243
2 0.353511 0.789076 0.160068 0.0590475
2 0.0672947 0.857785 0.134589 0.118614
2 0.173889 0.667235 0.103529 0.049942
2 0.504151 0.650149 0.089815 0.0446133
2 0.764904 0.733684 0.148858 0.0846345
2 0.278627 0.611586 0.078201 0.0367598
2 0.442186 0.614685 0.0804983 0.0432716
5 0.469248 0.566887 0.0788733 0.0539967
7 0.706927 0.608321 0.121331 0.0565424
2 0.159715 0.590641 0.0726356 0.0288523
7 0.46967 0.567051 0.0794988 0.0536782
2 0.707904 0.607781 0.12285 0.0557856
7 0.336407 0.582709 0.080638 0.0442307
2 0.698936 0.548852 0.0522653 0.0211454
2 0.841499 0.577435 0.0880802 0.0297583
5 0.454637 0.905714 0.438965 0.187366
2 0.552132 0.70145 0.114983 0.0540292
2 0.106256 0.741076 0.14524 0.0662529
2 0.856526 0.789543 0.201569 0.0973248
2 0.901412 0.876067 0.194892 0.1243
2 0.353511 0.789076 0.160068 0.0590475
2 0.0672947 0.857785 0.134589 0.118614
2 0.173889 0.667235 0.103529 0.049942
2 0.504151 0.650149 0.089815 0.0446133
2 0.764904 0.733684 0.148858 0.0846345
2 0.278627 0.611586 0.078201 0.0367598
2 0.442186 0.614685 0.0804983 0.0432716
5 0.469248 0.566887 0.0788733 0.0539967
7 0.706927 0.608321 0.121331 0.0565424
2 0.159715 0.590641 0.0726356 0.0288523
7 0.46967 0.567051 0.0794988 0.0536782
2 0.707904 0.607781 0.12285 0.0557856
7 0.336407 0.582709 0.080638 0.0442307
2 0.698936 0.548852 0.0522653 0.0211454
2 0.841499 0.577435 0.0880802 0.0297583
5 0.454637 0.905714 0.438965 0.187366
2 0.552132 0.70145 0.114983 0.0540292
2 0.106256 0.741076 0.14524 0.0662529
2 0.856526 0.789543 0.201569 0.0973248
2 0.901412 0.876067 0.194892 0.1243
2 0.353511 0.789076 0.160068 0.0590475
2 0.0672947 0.857785 0.134589 0.118614
2 0.173889 0.667235 0.103529 0.049942
2 0.504151 0.650149 0.089815 0.0446133
2 0.764904 0.733684 0.148858 0.0846345
2 0.278627 0.611586 0.078201 0.0367598
2 0.442186 0.614685 0.0804983 0.0432716
5 0.469248 0.566887 0.0788733 0.0539967
7 0.706927 0.608321 0.121331 0.0565424
2 0.159715 0.590641 0.0726356 0.0288523
7 0.46967 0.567051 0.0794988 0.0536782
2 0.707904 0.607781 0.12285 0.0557856
7 0.336407 0.582709 0.080638 0.0442307
2 0.698936 0.548852 0.0522653 0.0211454
2 0.841499 0.577435 0.0880802 0.0297583
5 0.454637 0.905714 0.438965 0.187366
2 0.552132 0.70145 0.114983 0.0540292
2 0.106256 0.741076 0.14524 0.0662529
2 0.856526 0.789543 0.201569 0.0973248
2 0.901412 0.876067 0.194892 0.1243
2 0.353511 0.789076 0.160068 0.0590475
2 0.0672947 0.857785 0.134589 0.118614
2 0.173889 0.667235 0.103529 0.049942
2 0.504151 0.650149 0.089815 0.0446133
2 0.764904 0.733684 0.148858 0.0846345
2 0.278627 0.611586 0.078201 0.0367598
2 0.442186 0.614685 0.0804983 0.0432716
5 0.469248 0.566887 0.0788733 0.0539967
7 0.706927 0.608321 0.121331 0.0565424
2 0.159715 0.590641 0.0726356 0.0288523
7 0.46967 0.567051 0.0794988 0.0536782
2 0.707904 0.607781 0.12285 0.0557856
7 0.336407 0.582709 0.080638 0.0442307
2 0.698936 0.548852 0.0522653 0.0211454
2 0.841499 0.577435 0.0880802 0.0297583
5 0.454637 0.905714 0.438965 0.187366
2 0.552132 0.70145 0.114983 0.0540292
2 0.106256 0.741076 0.14524 0.0662529
2 0.856526 0.789543 0.201569 0.0973248
2 0.901412 0.876067 0.194892 0.1243
2 0.353511 0.789076 0.160068 0.0590475
2 0.0672947 0.857785 0.134589 0.118614
2 0.173889 0.667235 0.103529 0.049942
2 0.504151 0.650149 0.089815 0.0446133
2 0.764904 0.733684 0.148858 0.0846345
2 0.278627 0.611586 0.078201 0.0367598
2 0.442186 0.614685 0.0804983 0.0432716
5 0.469248 0.566887 0.0788733 0.0539967
7 0.706927 0.608321 0.121331 0.0565424
2 0.159715 0.590641 0.0726356 0.0288523
7 0.46967 0.567051 0.0794988 0.0536782
2 0.707904 0.607781 0.12285 0.0557856
7 0.336407 0.582709 0.080638 0.0442307
2 0.698936 0.548852 0.0522653 0.0211454
2 0.841499 0.577435 0.0880802 0.0297583
5 0.454637 0.905714 0.438965 0.187366
2 0.552132 0.70145 0.114983 0.0540292
2 0.106256 0.741076 0.14524 0.0662529
2 0.856526 0.789543 0.201569 0.0973248
2 0.901412 0.876067 0.194892 0.1243
2 0.353511 0.789076 0.160068 0.0590475
2 0.0672947 0.857785 0.134589 0.118614
2 0.173889 0.667235 0.103529 0.049942
2 0.504151 0.650149 0.089815 0.0446133
2 0.764904 0.733684 0.148858 0.0846345
2 0.278627 0.611586 0.078201 0.0367598
2 0.442186 0.614685 0.0804983 0.0432716
5 0.469248 0.566887 0.0788733 0.0539967
7 0.706927 0.608321 0.121331 0.0565424
2 0.159715 0.590641 0.0726356 0.0288523
7 0.46967 0.567051 0.0794988 0.0536782
2 0.707904 0.607781 0.12285 0.0557856
7 0.336407 0.582709 0.080638 0.0442307
2 0.698936 0.548852 0.0522653 0.0211454
2 0.841499 0.577435 0.0880802 0.0297583
5 0.454637 0.905714 0.438965 0.187366
2 0.552132 0.70145 0.114983 0.0540292
2 0.106256 0.741076 0.14524 0.0662529
2 0.856526 0.789543 0.201569 0.0973248
2 0.901412 0.876067 0.194892 0.1243
2 0.353511 0.789076 0.160068 0.0590475
2 0.0672947 0.857785 0.134589 0.118614
2 0.173889 0.667235 0.103529 0.049942
2 0.504151 0.650149 0.089815 0.0446133
2 0.764904 0.733684 0.148858 0.0846345
2 0.278627 0.611586 0.078201 0.0367598
2 0.442186 0.614685 0.0804983 0.0432716
5 0.469248 0.566887 0.0788733 0.0539967
7 0.706927 0.608321 0.121331 0.0565424
2 0.159715 0.590641 0.0726356 0.0288523
7 0.46967 0.567051 0.0794988 0.0536782
2 0.707904 0.607781 0.12285 0.0557856
7 0.336407 0.582709 0.080638 0.0442307
2 0.698936 0.548852 0.0522653 0.0211454
2 0.841499 0.577435 0.0880802 0.0297583
5 0.454637 0.905714 0.438965 0.187366
2 0.552132 0.70145 0.114983 0.0540292
2 0.106256 0.741076 0.14524 0.0662529
2 0.856526 0.789543 0.201569 0.0973248
2 0.901412 0.876067 0.194892 0.1243
2 0.353511 0.789076 0.160068 0.0590475
2 0.0672947 0.857785 0.134589 0.118614
2 0.173889 0.667235 0.103529 0.049942
2 0.504151 0.650149 0.089815 0.0446133
2 0.764904 0.733684 0.148858 0.0846345
2 0.278627 0.611586 0.078201 0.0367598
2 0.442186 0.614685 0.0804983 0.0432716
5 0.469248 0.566887 0.0788733 0.0539967
7 0.706927 0.608321 0.121331 0.0565424
2 0.159715 0.590641 0.0726356 0.0288523
7 0.46967 0.567051 0.0794988 0.0536782
2 0.707904 0.607781 0.12285 0.0557856
7 0.336407 0.582709 0.080638 0.0442307
2 0.698936 0.548852 0.0522653 0.0211454
2 0.841499 0.577435 0.0880802 0.0297583
5 0.454637 0.905714 0.438965 0.187366
2 0.552132 0.70145 0.114983 0.0540292
2 0.106256 0.741076 0.14524 0.0662529
2 0.856526 0.789543 0.201569 0.0973248
2 0.901412 0.876067 0.194892 0.1243
2 0.353511 0.789076 0.160068 0.0590475
2 0.0672947 0.857785 0.134589 0.118614
2 0.173889 0.667235 0.103529 0.049942
2 0.504151 0.650149 0.089815 0.0446133
2 0.764904 0.733684 0.148858 0.0846345
2 0.278627 0.611586 0.078201 0.0367598
2 0.442186 0.614685 0.0804983 0.0432716
5 0.469248 0.566887 0.0788733 0.0539967
7 0.706927 0.608321 0.121331 0.0565424
2 0.159715 0.590641 0.0726356 0.0288523
7 0.46967 0.567051 0.0794988 0.0536782
2 0.707904 0.607781 0.12285 0.0557856
7 0.336407 0.582709 0.080638 0.0442307
2 0.698936 0.548852 0.0522653 0.0211454
2 0.841499 0.577435 0.0880802 0.0297583
5 0.454637 0.905714 0.438965 0.187366
2 0.552132 0.70145 0.114983 0.0540292
2 0.106256 0.741076 0.14524 0.0662529
2 0.856526 0.789543 0.201569 0.0973248
2 0.901412 0.876067 0.194892 0.1243
2 0.353511 0.789076 0.160068 0.0590475
2 0.0672947 0.857785 0.134589 0.118614
2 0.173889 0.667235 0.103529 0.049942
2 0.504151 0.650149 0.089815 0.0446133
2 0.764904 0.733684 0.148858 0.0846345
2 0.278627 0.611586 0.078201 0.0367598
2 0.442186 0.614685 0.0804983 0.0432716
5 0.469248 0.566887 0.0788733 0.0539967
7 0.706927 0.608321 0.121331 0.0565424
2 0.159715 0.590641 0.0726356 0.0288523
7 0.46967 0.567051 0.0794988 0.0536782
2 0.707904 0.607781 0.12285 0.0557856
7 0.336407 0.582709 0.080638 0.0442307
2 0.698936 0.548852 0.0522653 0.0211454
2 0.841499 0.577435 0.0880802 0.0297583
5 0.454637 0.905714 0.438965 0.187366
2 0.552132 0.70145 0.114983 0.0540292
2 0.106256 0.741076 0.14524 0.0662529
2 0.856526 0.789543 0.201569 0.0973248
2 0.901412 0.876067 0.194892 0.1243
2 0.353511 0.789076 0.160068 0.0590475
2 0.0672947 0.857785 0.134589 0.118614
2 0.173889 0.667235 0.103529 0.049942
2 0.504151 0.650149 0.089815 0.0446133
2 0.764904 0.733684 0.148858 0.0846345
2 0.278627 0.611586 0.078201 0.0367598
2 0.442186 0.614685 0.0804983 0.0432716
5 0.469248 0.566887 0.0788733 0.0539967
7 0.706927 0.608321 0.121331 0.0565424
2 0.159715 0.590641 0.0726356 0.0288523
7 0.46967 0.567051 0.0794988 0.0536782
2 0.707904 0.607781 0.12285 0.0557856
7 0.336407 0.582709 0.080638 0.0442307
2 0.698936 0.548852 0.0522653 0.0211454
2 0.841499 0.577435 0.0880802 0.0297583
5 0.454637 0.905714 0.438965 0.187366
2 0.552132 0.70145 0.114983 0.0540292
2 0.106256 0.741076 0.14524 0.0662529
2 0.856526 0.789543 0.201569 0.0973248
2 0.901412 0.876067 0.194892 0.1243
2 0.353511 0.789076 0.160068 0.0590475
2 0.0672947 0.857785 0.134589 0.118614
2 0.173889 0.667235 0.103529 0.049942
2 0.504151 0.650149 0.089815 0.0446133
2 0.764904 0.733684 0.148858 0.0846345
2 0.278627 0.611586 0.078201 0.0367598
2 0.442186 0.614685 0.0804983 0.0432716
5 0.469248 0.566887 0.0788733 0.0539967
7 0.706927 0.608321 0.121331 0.0565424
2 0.159715 0.590641 0.0726356 0.0288523
7 0.46967 0.567051 0.0794988 0.0536782
2 0.707904 0.607781 0.12285 0.0557856
7 0.336407 0.582709 0.080638 0.0442307
2 0.698936 0.548852 0.0522653 0.0211454
2 0.841499 0.577435 0.0880802 0.0297583
5 0.454637 0.905714 0.438965 0.187366
2 0.552132 0.70145 0.114983 0.0540292
2 0.106256 0.741076 0.14524 0.0662529
2 0.856526 0.789543 0.201569 0.0973248
2 0.901412 0.876067 0.194892 0.1243
2 0.353511 0.789076 0.160068 0.0590475
2 0.0672947 0.857785 0.134589 0.118614
2 0.173889 0.667235 0.103529 0.049942
2 0.504151 0.650149 0.089815 0.0446133
2 0.764904 0.733684 0.148858 0.0846345
2 0.278627 0.611586 0.078201 0.0367598
2 0.442186 0.614685 0.0804983 0.0432716
5 0.469248 0.566887 0.0788733 0.0539967
7 0.706927 0.608321 0.121331 0.0565424
2 0.159715 0.590641 0.0726356 0.0288523
7 0.46967 0.567051 0.0794988 0.0536782
2 0.707904 0.607781 0.12285 0.0557856
7 0.336407 0.582709 0.080638 0.0442307
2 0.698936 0.548852 0.0522653 0.0211454
2 0.841499 0.577435 0.0880802 0.0297583
5 0.451661 0.905723 0.445176 0.187559
2 0.0673891 0.858531 0.134682 0.118361
2 0.551986 0.702877 0.115151 0.0549556
2 0.105862 0.740689 0.144751 0.0650965
2 0.353492 0.787875 0.160033 0.0576722
2 0.857739 0.788744 0.199904 0.0962208
7 0.705754 0.608706 0.120074 0.0565688
2 0.901752 0.876867 0.195775 0.124899
2 0.503658 0.65022 0.0892854 0.0440744
2 0.174886 0.66644 0.103914 0.0479885
2 0.761483 0.733666 0.148206 0.0836798
7 0.469768 0.566144 0.0812909 0.0548376
2 0.442992 0.613481 0.0822033 0.0416883
5 0.451661 0.905723 0.445176 0.187559
2 0.0673891 0.858531 0.134682 0.118361
2 0.551986 0.702877 0.115151 0.0549556
2 0.105862 0.740689 0.144751 0.0650965
2 0.353492 0.787875 0.160033 0.0576722
2 0.857739 0.788744 0.199904 0.0962208
7 0.705754 0.608706 0.120074 0.0565688
2 0.901752 0.876867 0.195775 0.124899
2 0.503658 0.65022 0.0892854 0.0440744
2 0.174886 0.66644 0.103914 0.0479885
2 0.761483 0.733666 0.148206 0.0836798
7 0.469768 0.566144 0.0812909 0.0548376
2 0.442992 0.613481 0.0822033 0.0416883
