2 0.80923 0.939339 0.296861 0.120717
2 0.855489 0.790933 0.201991 0.100784
5 0.380614 0.631 0.125334 0.0972696
2 0.587525 0.809178 0.190139 0.0956377
2 0.0849795 0.734923 0.153853 0.0773199
2 0.382838 0.749387 0.150067 0.0874487
2 0.259498 0.630842 0.0857784 0.0369329
2 0.0462434 0.885415 0.0924867 0.114252
2 0.76539 0.733169 0.147362 0.0824762
2 0.504449 0.577384 0.0579731 0.0237171
5 0.169239 0.662897 0.132627 0.0781731
7 0.168771 0.662938 0.132321 0.0794523
5 0.578594 0.666421 0.130676 0.0909662
2 0.184777 0.579882 0.0746227 0.0352344
2 0.862464 0.58027 0.0802043 0.0278475
2 0.34144 0.587511 0.0603751 0.029307
2 0.430867 0.548343 0.0424928 0.0227921
5 0.746178 0.510766 0.109149 0.0534517
2 0.481255 0.555701 0.0460361 0.0184714
2 0.459658 0.604155 0.0666629 0.0366105
2 0.312164 0.556189 0.0404902 0.01898
2 0.80923 0.939339 0.296861 0.120717
2 0.855489 0.790933 0.201991 0.100784
5 0.380614 0.631 0.125334 0.0972696
2 0.587525 0.809178 0.190139 0.0956377
2 0.0849795 0.734923 0.153853 0.0773199
2 0.382838 0.749387 0.150067 0.0874487
2 0.259498 0.630842 0.0857784 0.0369329
2 0.0462434 0.885415 0.0924867 0.114252
2 0.76539 0.733169 0.147362 0.0824762
2 0.504449 0.577384 0.0579731 0.0237171
5 0.169239 0.662897 0.132627 0.0781731
7 0.168771 0.662938 0.132321 0.0794523
5 0.578594 0.666421 0.130676 0.0909662
2 0.184777 0.579882 0.0746227 0.0352344
2 0.862464 0.58027 0.0802043 0.0278475
2 0.34144 0.587511 0.0603751 0.029307
2 0.430867 0.548343 0.0424928 0.0227921
5 0.746178 0.510766 0.109149 0.0534517
2 0.481255 0.555701 0.0460361 0.0184714
2 0.459658 0.604155 0.0666629 0.0366105
2 0.312164 0.556189 0.0404902 0.01898
2 0.80923 0.939339 0.296861 0.120717
2 0.855489 0.790933 0.201991 0.100784
5 0.380614 0.631 0.125334 0.0972696
2 0.587525 0.809178 0.190139 0.0956377
2 0.0849795 0.734923 0.153853 0.0773199
2 0.382838 0.749387 0.150067 0.0874487
2 0.259498 0.630842 0.0857784 0.0369329
2 0.0462434 0.885415 0.0924867 0.114252
2 0.76539 0.733169 0.147362 0.0824762
2 0.504449 0.577384 0.0579731 0.0237171
5 0.169239 0.662897 0.132627 0.0781731
7 0.168771 0.662938 0.132321 0.0794523
5 0.578594 0.666421 0.130676 0.0909662
2 0.184777 0.579882 0.0746227 0.0352344
2 0.862464 0.58027 0.0802043 0.0278475
2 0.34144 0.587511 0.0603751 0.029307
2 0.430867 0.548343 0.0424928 0.0227921
5 0.746178 0.510766 0.109149 0.0534517
2 0.481255 0.555701 0.0460361 0.0184714
2 0.459658 0.604155 0.0666629 0.0366105
2 0.312164 0.556189 0.0404902 0.01898
2 0.80923 0.939339 0.296861 0.120717
2 0.855489 0.790933 0.201991 0.100784
5 0.380614 0.631 0.125334 0.0972696
2 0.587525 0.809178 0.190139 0.0956377
2 0.0849795 0.734923 0.153853 0.0773199
2 0.382838 0.749387 0.150067 0.0874487
2 0.259498 0.630842 0.0857784 0.0369329
2 0.0462434 0.885415 0.0924867 0.114252
2 0.76539 0.733169 0.147362 0.0824762
2 0.504449 0.577384 0.0579731 0.0237171
5 0.169239 0.662897 0.132627 0.0781731
7 0.168771 0.662938 0.132321 0.0794523
5 0.578594 0.666421 0.130676 0.0909662
2 0.184777 0.579882 0.0746227 0.0352344
2 0.862464 0.58027 0.0802043 0.0278475
2 0.34144 0.587511 0.0603751 0.029307
2 0.430867 0.548343 0.0424928 0.0227921
5 0.746178 0.510766 0.109149 0.0534517
2 0.481255 0.555701 0.0460361 0.0184714
2 0.459658 0.604155 0.0666629 0.0366105
2 0.312164 0.556189 0.0404902 0.01898
2 0.80923 0.939339 0.296861 0.120717
2 0.855489 0.790933 0.201991 0.100784
5 0.380614 0.631 0.125334 0.0972696
2 0.587525 0.809178 0.190139 0.0956377
2 0.0849795 0.734923 0.153853 0.0773199
2 0.382838 0.749387 0.150067 0.0874487
2 0.259498 0.630842 0.0857784 0.0369329
2 0.0462434 0.885415 0.0924867 0.114252
2 0.76539 0.733169 0.147362 0.0824762
2 0.504449 0.577384 0.0579731 0.0237171
5 0.169239 0.662897 0.132627 0.0781731
7 0.168771 0.662938 0.132321 0.0794523
5 0.578594 0.666421 0.130676 0.0909662
2 0.184777 0.579882 0.0746227 0.0352344
2 0.862464 0.58027 0.0802043 0.0278475
2 0.34144 0.587511 0.0603751 0.029307
2 0.430867 0.548343 0.0424928 0.0227921
5 0.746178 0.510766 0.109149 0.0534517
2 0.481255 0.555701 0.0460361 0.0184714
2 0.459658 0.604155 0.0666629 0.0366105
2 0.312164 0.556189 0.0404902 0.01898
2 0.80923 0.939339 0.296861 0.120717
2 0.855489 0.790933 0.201991 0.100784
5 0.380614 0.631 0.125334 0.0972696
2 0.587525 0.809178 0.190139 0.0956377
2 0.0849795 0.734923 0.153853 0.0773199
2 0.382838 0.749387 0.150067 0.0874487
2 0.259498 0.630842 0.0857784 0.0369329
2 0.0462434 0.885415 0.0924867 0.114252
2 0.76539 0.733169 0.147362 0.0824762
2 0.504449 0.577384 0.0579731 0.0237171
5 0.169239 0.662897 0.132627 0.0781731
7 0.168771 0.662938 0.132321 0.0794523
5 0.578594 0.666421 0.130676 0.0909662
2 0.184777 0.579882 0.0746227 0.0352344
2 0.862464 0.58027 0.0802043 0.0278475
2 0.34144 0.587511 0.0603751 0.029307
2 0.430867 0.548343 0.0424928 0.0227921
5 0.746178 0.510766 0.109149 0.0534517
2 0.481255 0.555701 0.0460361 0.0184714
2 0.459658 0.604155 0.0666629 0.0366105
2 0.312164 0.556189 0.0404902 0.01898
