2 0.856867 0.790061 0.198779 0.0987421
2 0.898642 0.869721 0.200477 0.118998
2 0.412337 0.644187 0.099891 0.0494035
2 0.276749 0.609939 0.0707576 0.0308516
2 0.642608 0.585049 0.0620165 0.0295136
2 0.449162 0.604352 0.0814824 0.0382144
2 0.167326 0.585701 0.0798777 0.0393677
2 0.765605 0.735259 0.150573 0.0861999
2 0.429882 0.821447 0.177847 0.0997797
7 0.46729 0.562928 0.070243 0.0428071
2 0.386951 0.565407 0.0591265 0.0297314
2 0.216315 0.57129 0.0619828 0.0278069
2 0.0323911 0.588437 0.0613425 0.0319565
2 0.283249 0.5603 0.048747 0.0236616
2 0.856867 0.790061 0.198779 0.0987421
2 0.898642 0.869721 0.200477 0.118998
2 0.412337 0.644187 0.099891 0.0494035
2 0.276749 0.609939 0.0707576 0.0308516
2 0.642608 0.585049 0.0620165 0.0295136
2 0.449162 0.604352 0.0814824 0.0382144
2 0.167326 0.585701 0.0798777 0.0393677
2 0.765605 0.735259 0.150573 0.0861999
2 0.429882 0.821447 0.177847 0.0997797
7 0.46729 0.562928 0.070243 0.0428071
2 0.386951 0.565407 0.0591265 0.0297314
2 0.216315 0.57129 0.0619828 0.0278069
2 0.0323911 0.588437 0.0613425 0.0319565
2 0.283249 0.5603 0.048747 0.0236616
2 0.856867 0.790061 0.198779 0.0987421
2 0.898642 0.869721 0.200477 0.118998
2 0.412337 0.644187 0.099891 0.0494035
2 0.276749 0.609939 0.0707576 0.0308516
2 0.642608 0.585049 0.0620165 0.0295136
2 0.449162 0.604352 0.0814824 0.0382144
2 0.167326 0.585701 0.0798777 0.0393677
2 0.765605 0.735259 0.150573 0.0861999
2 0.429882 0.821447 0.177847 0.0997797
7 0.46729 0.562928 0.070243 0.0428071
2 0.386951 0.565407 0.0591265 0.0297314
2 0.216315 0.57129 0.0619828 0.0278069
2 0.0323911 0.588437 0.0613425 0.0319565
2 0.283249 0.5603 0.048747 0.0236616
2 0.856867 0.790061 0.198779 0.0987421
2 0.898642 0.869721 0.200477 0.118998
2 0.412337 0.644187 0.099891 0.0494035
2 0.276749 0.609939 0.0707576 0.0308516
2 0.642608 0.585049 0.0620165 0.0295136
2 0.449162 0.604352 0.0814824 0.0382144
2 0.167326 0.585701 0.0798777 0.0393677
2 0.765605 0.735259 0.150573 0.0861999
2 0.429882 0.821447 0.177847 0.0997797
7 0.46729 0.562928 0.070243 0.0428071
2 0.386951 0.565407 0.0591265 0.0297314
2 0.216315 0.57129 0.0619828 0.0278069
2 0.0323911 0.588437 0.0613425 0.0319565
2 0.283249 0.5603 0.048747 0.0236616
2 0.856867 0.790061 0.198779 0.0987421
2 0.898642 0.869721 0.200477 0.118998
2 0.412337 0.644187 0.099891 0.0494035
2 0.276749 0.609939 0.0707576 0.0308516
2 0.642608 0.585049 0.0620165 0.0295136
2 0.449162 0.604352 0.0814824 0.0382144
2 0.167326 0.585701 0.0798777 0.0393677
2 0.765605 0.735259 0.150573 0.0861999
2 0.429882 0.821447 0.177847 0.0997797
7 0.46729 0.562928 0.070243 0.0428071
2 0.386951 0.565407 0.0591265 0.0297314
2 0.216315 0.57129 0.0619828 0.0278069
2 0.0323911 0.588437 0.0613425 0.0319565
2 0.283249 0.5603 0.048747 0.0236616
2 0.856867 0.790061 0.198779 0.0987421
2 0.898642 0.869721 0.200477 0.118998
2 0.412337 0.644187 0.099891 0.0494035
2 0.276749 0.609939 0.0707576 0.0308516
2 0.642608 0.585049 0.0620165 0.0295136
2 0.449162 0.604352 0.0814824 0.0382144
2 0.167326 0.585701 0.0798777 0.0393677
2 0.765605 0.735259 0.150573 0.0861999
2 0.429882 0.821447 0.177847 0.0997797
7 0.46729 0.562928 0.070243 0.0428071
2 0.386951 0.565407 0.0591265 0.0297314
2 0.216315 0.57129 0.0619828 0.0278069
2 0.0323911 0.588437 0.0613425 0.0319565
2 0.283249 0.5603 0.048747 0.0236616
2 0.856867 0.790061 0.198779 0.0987421
2 0.898642 0.869721 0.200477 0.118998
2 0.412337 0.644187 0.099891 0.0494035
2 0.276749 0.609939 0.0707576 0.0308516
2 0.642608 0.585049 0.0620165 0.0295136
2 0.449162 0.604352 0.0814824 0.0382144
2 0.167326 0.585701 0.0798777 0.0393677
2 0.765605 0.735259 0.150573 0.0861999
2 0.429882 0.821447 0.177847 0.0997797
7 0.46729 0.562928 0.070243 0.0428071
2 0.386951 0.565407 0.0591265 0.0297314
2 0.216315 0.57129 0.0619828 0.0278069
2 0.0323911 0.588437 0.0613425 0.0319565
2 0.283249 0.5603 0.048747 0.0236616
2 0.856867 0.790061 0.198779 0.0987421
2 0.898642 0.869721 0.200477 0.118998
2 0.412337 0.644187 0.099891 0.0494035
2 0.276749 0.609939 0.0707576 0.0308516
2 0.642608 0.585049 0.0620165 0.0295136
2 0.449162 0.604352 0.0814824 0.0382144
2 0.167326 0.585701 0.0798777 0.0393677
2 0.765605 0.735259 0.150573 0.0861999
2 0.429882 0.821447 0.177847 0.0997797
7 0.46729 0.562928 0.070243 0.0428071
2 0.386951 0.565407 0.0591265 0.0297314
2 0.216315 0.57129 0.0619828 0.0278069
2 0.0323911 0.588437 0.0613425 0.0319565
2 0.283249 0.5603 0.048747 0.0236616
2 0.856867 0.790061 0.198779 0.0987421
2 0.898642 0.869721 0.200477 0.118998
2 0.412337 0.644187 0.099891 0.0494035
2 0.276749 0.609939 0.0707576 0.0308516
2 0.642608 0.585049 0.0620165 0.0295136
2 0.449162 0.604352 0.0814824 0.0382144
2 0.167326 0.585701 0.0798777 0.0393677
2 0.765605 0.735259 0.150573 0.0861999
2 0.429882 0.821447 0.177847 0.0997797
7 0.46729 0.562928 0.070243 0.0428071
2 0.386951 0.565407 0.0591265 0.0297314
2 0.216315 0.57129 0.0619828 0.0278069
2 0.0323911 0.588437 0.0613425 0.0319565
2 0.283249 0.5603 0.048747 0.0236616
2 0.856867 0.790061 0.198779 0.0987421
2 0.898642 0.869721 0.200477 0.118998
2 0.412337 0.644187 0.099891 0.0494035
2 0.276749 0.609939 0.0707576 0.0308516
2 0.642608 0.585049 0.0620165 0.0295136
2 0.449162 0.604352 0.0814824 0.0382144
2 0.167326 0.585701 0.0798777 0.0393677
2 0.765605 0.735259 0.150573 0.0861999
2 0.429882 0.821447 0.177847 0.0997797
7 0.46729 0.562928 0.070243 0.0428071
2 0.386951 0.565407 0.0591265 0.0297314
2 0.216315 0.57129 0.0619828 0.0278069
2 0.0323911 0.588437 0.0613425 0.0319565
2 0.283249 0.5603 0.048747 0.0236616
2 0.856867 0.790061 0.198779 0.0987421
2 0.898642 0.869721 0.200477 0.118998
2 0.412337 0.644187 0.099891 0.0494035
2 0.276749 0.609939 0.0707576 0.0308516
2 0.642608 0.585049 0.0620165 0.0295136
2 0.449162 0.604352 0.0814824 0.0382144
2 0.167326 0.585701 0.0798777 0.0393677
2 0.765605 0.735259 0.150573 0.0861999
2 0.429882 0.821447 0.177847 0.0997797
7 0.46729 0.562928 0.070243 0.0428071
2 0.386951 0.565407 0.0591265 0.0297314
2 0.216315 0.57129 0.0619828 0.0278069
2 0.0323911 0.588437 0.0613425 0.0319565
2 0.283249 0.5603 0.048747 0.0236616
2 0.856867 0.790061 0.198779 0.0987421
2 0.898642 0.869721 0.200477 0.118998
2 0.412337 0.644187 0.099891 0.0494035
2 0.276749 0.609939 0.0707576 0.0308516
2 0.642608 0.585049 0.0620165 0.0295136
2 0.449162 0.604352 0.0814824 0.0382144
2 0.167326 0.585701 0.0798777 0.0393677
2 0.765605 0.735259 0.150573 0.0861999
2 0.429882 0.821447 0.177847 0.0997797
7 0.46729 0.562928 0.070243 0.0428071
2 0.386951 0.565407 0.0591265 0.0297314
2 0.216315 0.57129 0.0619828 0.0278069
2 0.0323911 0.588437 0.0613425 0.0319565
2 0.283249 0.5603 0.048747 0.0236616
2 0.856867 0.790061 0.198779 0.0987421
2 0.898642 0.869721 0.200477 0.118998
2 0.412337 0.644187 0.099891 0.0494035
2 0.276749 0.609939 0.0707576 0.0308516
2 0.642608 0.585049 0.0620165 0.0295136
2 0.449162 0.604352 0.0814824 0.0382144
2 0.167326 0.585701 0.0798777 0.0393677
2 0.765605 0.735259 0.150573 0.0861999
2 0.429882 0.821447 0.177847 0.0997797
7 0.46729 0.562928 0.070243 0.0428071
2 0.386951 0.565407 0.0591265 0.0297314
2 0.216315 0.57129 0.0619828 0.0278069
2 0.0323911 0.588437 0.0613425 0.0319565
2 0.283249 0.5603 0.048747 0.0236616
2 0.429455 0.821119 0.178778 0.0976648
2 0.412527 0.643607 0.0996719 0.0477947
2 0.859162 0.787505 0.202547 0.093878
2 0.275941 0.610743 0.0704525 0.0317131
7 0.467082 0.562027 0.0680827 0.0425348
2 0.898242 0.869064 0.203516 0.118913
2 0.763196 0.734455 0.146862 0.0845123
2 0.643223 0.58514 0.0637984 0.0292342
2 0.45008 0.603722 0.0810164 0.0386888
2 0.168266 0.586832 0.0758729 0.0353352
2 0.429455 0.821119 0.178778 0.0976648
2 0.412527 0.643607 0.0996719 0.0477947
2 0.859162 0.787505 0.202547 0.093878
2 0.275941 0.610743 0.0704525 0.0317131
7 0.467082 0.562027 0.0680827 0.0425348
2 0.898242 0.869064 0.203516 0.118913
2 0.763196 0.734455 0.146862 0.0845123
2 0.643223 0.58514 0.0637984 0.0292342
2 0.45008 0.603722 0.0810164 0.0386888
2 0.168266 0.586832 0.0758729 0.0353352
2 0.429455 0.821119 0.178778 0.0976648
2 0.412527 0.643607 0.0996719 0.0477947
2 0.859162 0.787505 0.202547 0.093878
2 0.275941 0.610743 0.0704525 0.0317131
7 0.467082 0.562027 0.0680827 0.0425348
2 0.898242 0.869064 0.203516 0.118913
2 0.763196 0.734455 0.146862 0.0845123
2 0.643223 0.58514 0.0637984 0.0292342
2 0.45008 0.603722 0.0810164 0.0386888
2 0.168266 0.586832 0.0758729 0.0353352
2 0.429455 0.821119 0.178778 0.0976648
2 0.412527 0.643607 0.0996719 0.0477947
2 0.859162 0.787505 0.202547 0.093878
2 0.275941 0.610743 0.0704525 0.0317131
7 0.467082 0.562027 0.0680827 0.0425348
2 0.898242 0.869064 0.203516 0.118913
2 0.763196 0.734455 0.146862 0.0845123
2 0.643223 0.58514 0.0637984 0.0292342
2 0.45008 0.603722 0.0810164 0.0386888
2 0.168266 0.586832 0.0758729 0.0353352
2 0.429455 0.821119 0.178778 0.0976648
2 0.412527 0.643607 0.0996719 0.0477947
2 0.859162 0.787505 0.202547 0.093878
2 0.275941 0.610743 0.0704525 0.0317131
7 0.467082 0.562027 0.0680827 0.0425348
2 0.898242 0.869064 0.203516 0.118913
2 0.763196 0.734455 0.146862 0.0845123
2 0.643223 0.58514 0.0637984 0.0292342
2 0.45008 0.603722 0.0810164 0.0386888
2 0.168266 0.586832 0.0758729 0.0353352
2 0.429455 0.821119 0.178778 0.0976648
2 0.412527 0.643607 0.0996719 0.0477947
2 0.859162 0.787505 0.202547 0.093878
2 0.275941 0.610743 0.0704525 0.0317131
7 0.467082 0.562027 0.0680827 0.0425348
2 0.898242 0.869064 0.203516 0.118913
2 0.763196 0.734455 0.146862 0.0845123
2 0.643223 0.58514 0.0637984 0.0292342
2 0.45008 0.603722 0.0810164 0.0386888
2 0.168266 0.586832 0.0758729 0.0353352
2 0.429455 0.821119 0.178778 0.0976648
2 0.412527 0.643607 0.0996719 0.0477947
2 0.859162 0.787505 0.202547 0.093878
2 0.275941 0.610743 0.0704525 0.0317131
7 0.467082 0.562027 0.0680827 0.0425348
2 0.898242 0.869064 0.203516 0.118913
2 0.763196 0.734455 0.146862 0.0845123
2 0.643223 0.58514 0.0637984 0.0292342
2 0.45008 0.603722 0.0810164 0.0386888
2 0.168266 0.586832 0.0758729 0.0353352
2 0.429455 0.821119 0.178778 0.0976648
2 0.412527 0.643607 0.0996719 0.0477947
2 0.859162 0.787505 0.202547 0.093878
2 0.275941 0.610743 0.0704525 0.0317131
7 0.467082 0.562027 0.0680827 0.0425348
2 0.898242 0.869064 0.203516 0.118913
2 0.763196 0.734455 0.146862 0.0845123
2 0.643223 0.58514 0.0637984 0.0292342
2 0.45008 0.603722 0.0810164 0.0386888
2 0.168266 0.586832 0.0758729 0.0353352
2 0.388248 0.564417 0.0598919 0.0317709
7 0.388106 0.564001 0.0594579 0.0328808
7 0.509919 0.540452 0.0395215 0.0414557
2 0.218278 0.57128 0.0617788 0.0280367
2 0.0323907 0.588641 0.0598051 0.029657
