2 0.670397 0.836694 0.208291 0.0954319
2 0.530902 0.746752 0.145905 0.0725431
2 0.141199 0.684264 0.118793 0.0607702
2 0.0495741 0.95792 0.0991482 0.0834282
2 0.856669 0.790976 0.199397 0.101177
2 0.0638006 0.796278 0.127601 0.0819843
2 0.764324 0.733086 0.149805 0.0834486
2 0.385653 0.696435 0.117589 0.0666906
2 0.310763 0.60713 0.0716852 0.0310345
2 0.806275 0.571215 0.0699873 0.0266329
7 0.412342 0.606066 0.112145 0.0778864
5 0.412845 0.606014 0.111279 0.0775637
5 0.225128 0.632854 0.118068 0.0628344
5 0.604666 0.643676 0.126111 0.0759461
2 0.2294 0.572344 0.0653698 0.0301023
2 0.481588 0.584135 0.0634481 0.032529
2 0.517892 0.562911 0.0522483 0.0214442
7 0.605208 0.643444 0.125545 0.0756569
2 0.273954 0.563939 0.0502819 0.0226749
2 0.670397 0.836694 0.208291 0.0954319
2 0.530902 0.746752 0.145905 0.0725431
2 0.141199 0.684264 0.118793 0.0607702
2 0.0495741 0.95792 0.0991482 0.0834282
2 0.856669 0.790976 0.199397 0.101177
2 0.0638006 0.796278 0.127601 0.0819843
2 0.764324 0.733086 0.149805 0.0834486
2 0.385653 0.696435 0.117589 0.0666906
2 0.310763 0.60713 0.0716852 0.0310345
2 0.806275 0.571215 0.0699873 0.0266329
7 0.412342 0.606066 0.112145 0.0778864
5 0.412845 0.606014 0.111279 0.0775637
5 0.225128 0.632854 0.118068 0.0628344
5 0.604666 0.643676 0.126111 0.0759461
2 0.2294 0.572344 0.0653698 0.0301023
2 0.481588 0.584135 0.0634481 0.032529
2 0.517892 0.562911 0.0522483 0.0214442
7 0.605208 0.643444 0.125545 0.0756569
2 0.273954 0.563939 0.0502819 0.0226749
2 0.670397 0.836694 0.208291 0.0954319
2 0.530902 0.746752 0.145905 0.0725431
2 0.141199 0.684264 0.118793 0.0607702
2 0.0495741 0.95792 0.0991482 0.0834282
2 0.856669 0.790976 0.199397 0.101177
2 0.0638006 0.796278 0.127601 0.0819843
2 0.764324 0.733086 0.149805 0.0834486
2 0.385653 0.696435 0.117589 0.0666906
2 0.310763 0.60713 0.0716852 0.0310345
2 0.806275 0.571215 0.0699873 0.0266329
7 0.412342 0.606066 0.112145 0.0778864
5 0.412845 0.606014 0.111279 0.0775637
5 0.225128 0.632854 0.118068 0.0628344
5 0.604666 0.643676 0.126111 0.0759461
2 0.2294 0.572344 0.0653698 0.0301023
2 0.481588 0.584135 0.0634481 0.032529
2 0.517892 0.562911 0.0522483 0.0214442
7 0.605208 0.643444 0.125545 0.0756569
2 0.273954 0.563939 0.0502819 0.0226749
2 0.670397 0.836694 0.208291 0.0954319
2 0.530902 0.746752 0.145905 0.0725431
2 0.141199 0.684264 0.118793 0.0607702
2 0.0495741 0.95792 0.0991482 0.0834282
2 0.856669 0.790976 0.199397 0.101177
2 0.0638006 0.796278 0.127601 0.0819843
2 0.764324 0.733086 0.149805 0.0834486
2 0.385653 0.696435 0.117589 0.0666906
2 0.310763 0.60713 0.0716852 0.0310345
2 0.806275 0.571215 0.0699873 0.0266329
7 0.412342 0.606066 0.112145 0.0778864
5 0.412845 0.606014 0.111279 0.0775637
5 0.225128 0.632854 0.118068 0.0628344
5 0.604666 0.643676 0.126111 0.0759461
2 0.2294 0.572344 0.0653698 0.0301023
2 0.481588 0.584135 0.0634481 0.032529
2 0.517892 0.562911 0.0522483 0.0214442
7 0.605208 0.643444 0.125545 0.0756569
2 0.273954 0.563939 0.0502819 0.0226749
2 0.670397 0.836694 0.208291 0.0954319
2 0.530902 0.746752 0.145905 0.0725431
2 0.141199 0.684264 0.118793 0.0607702
2 0.0495741 0.95792 0.0991482 0.0834282
2 0.856669 0.790976 0.199397 0.101177
2 0.0638006 0.796278 0.127601 0.0819843
2 0.764324 0.733086 0.149805 0.0834486
2 0.385653 0.696435 0.117589 0.0666906
2 0.310763 0.60713 0.0716852 0.0310345
2 0.806275 0.571215 0.0699873 0.0266329
7 0.412342 0.606066 0.112145 0.0778864
5 0.412845 0.606014 0.111279 0.0775637
5 0.225128 0.632854 0.118068 0.0628344
5 0.604666 0.643676 0.126111 0.0759461
2 0.2294 0.572344 0.0653698 0.0301023
2 0.481588 0.584135 0.0634481 0.032529
2 0.517892 0.562911 0.0522483 0.0214442
7 0.605208 0.643444 0.125545 0.0756569
2 0.273954 0.563939 0.0502819 0.0226749
2 0.670397 0.836694 0.208291 0.0954319
2 0.530902 0.746752 0.145905 0.0725431
2 0.141199 0.684264 0.118793 0.0607702
2 0.0495741 0.95792 0.0991482 0.0834282
2 0.856669 0.790976 0.199397 0.101177
2 0.0638006 0.796278 0.127601 0.0819843
2 0.764324 0.733086 0.149805 0.0834486
2 0.385653 0.696435 0.117589 0.0666906
2 0.310763 0.60713 0.0716852 0.0310345
2 0.806275 0.571215 0.0699873 0.0266329
7 0.412342 0.606066 0.112145 0.0778864
5 0.412845 0.606014 0.111279 0.0775637
5 0.225128 0.632854 0.118068 0.0628344
5 0.604666 0.643676 0.126111 0.0759461
2 0.2294 0.572344 0.0653698 0.0301023
2 0.481588 0.584135 0.0634481 0.032529
2 0.517892 0.562911 0.0522483 0.0214442
7 0.605208 0.643444 0.125545 0.0756569
2 0.273954 0.563939 0.0502819 0.0226749
2 0.670397 0.836694 0.208291 0.0954319
2 0.530902 0.746752 0.145905 0.0725431
2 0.141199 0.684264 0.118793 0.0607702
2 0.0495741 0.95792 0.0991482 0.0834282
2 0.856669 0.790976 0.199397 0.101177
2 0.0638006 0.796278 0.127601 0.0819843
2 0.764324 0.733086 0.149805 0.0834486
2 0.385653 0.696435 0.117589 0.0666906
2 0.310763 0.60713 0.0716852 0.0310345
2 0.806275 0.571215 0.0699873 0.0266329
7 0.412342 0.606066 0.112145 0.0778864
5 0.412845 0.606014 0.111279 0.0775637
5 0.225128 0.632854 0.118068 0.0628344
5 0.604666 0.643676 0.126111 0.0759461
2 0.2294 0.572344 0.0653698 0.0301023
2 0.481588 0.584135 0.0634481 0.032529
2 0.517892 0.562911 0.0522483 0.0214442
7 0.605208 0.643444 0.125545 0.0756569
2 0.273954 0.563939 0.0502819 0.0226749
2 0.670397 0.836694 0.208291 0.0954319
2 0.530902 0.746752 0.145905 0.0725431
2 0.141199 0.684264 0.118793 0.0607702
2 0.0495741 0.95792 0.0991482 0.0834282
2 0.856669 0.790976 0.199397 0.101177
2 0.0638006 0.796278 0.127601 0.0819843
2 0.764324 0.733086 0.149805 0.0834486
2 0.385653 0.696435 0.117589 0.0666906
2 0.310763 0.60713 0.0716852 0.0310345
2 0.806275 0.571215 0.0699873 0.0266329
7 0.412342 0.606066 0.112145 0.0778864
5 0.412845 0.606014 0.111279 0.0775637
5 0.225128 0.632854 0.118068 0.0628344
5 0.604666 0.643676 0.126111 0.0759461
2 0.2294 0.572344 0.0653698 0.0301023
2 0.481588 0.584135 0.0634481 0.032529
2 0.517892 0.562911 0.0522483 0.0214442
7 0.605208 0.643444 0.125545 0.0756569
2 0.273954 0.563939 0.0502819 0.0226749
2 0.670397 0.836694 0.208291 0.0954319
2 0.530902 0.746752 0.145905 0.0725431
2 0.141199 0.684264 0.118793 0.0607702
2 0.0495741 0.95792 0.0991482 0.0834282
2 0.856669 0.790976 0.199397 0.101177
2 0.0638006 0.796278 0.127601 0.0819843
2 0.764324 0.733086 0.149805 0.0834486
2 0.385653 0.696435 0.117589 0.0666906
2 0.310763 0.60713 0.0716852 0.0310345
2 0.806275 0.571215 0.0699873 0.0266329
7 0.412342 0.606066 0.112145 0.0778864
5 0.412845 0.606014 0.111279 0.0775637
5 0.225128 0.632854 0.118068 0.0628344
5 0.604666 0.643676 0.126111 0.0759461
2 0.2294 0.572344 0.0653698 0.0301023
2 0.481588 0.584135 0.0634481 0.032529
2 0.517892 0.562911 0.0522483 0.0214442
7 0.605208 0.643444 0.125545 0.0756569
2 0.273954 0.563939 0.0502819 0.0226749
2 0.670397 0.836694 0.208291 0.0954319
2 0.530902 0.746752 0.145905 0.0725431
2 0.141199 0.684264 0.118793 0.0607702
2 0.0495741 0.95792 0.0991482 0.0834282
2 0.856669 0.790976 0.199397 0.101177
2 0.0638006 0.796278 0.127601 0.0819843
2 0.764324 0.733086 0.149805 0.0834486
2 0.385653 0.696435 0.117589 0.0666906
2 0.310763 0.60713 0.0716852 0.0310345
2 0.806275 0.571215 0.0699873 0.0266329
7 0.412342 0.606066 0.112145 0.0778864
5 0.412845 0.606014 0.111279 0.0775637
5 0.225128 0.632854 0.118068 0.0628344
5 0.604666 0.643676 0.126111 0.0759461
2 0.2294 0.572344 0.0653698 0.0301023
2 0.481588 0.584135 0.0634481 0.032529
2 0.517892 0.562911 0.0522483 0.0214442
7 0.605208 0.643444 0.125545 0.0756569
2 0.273954 0.563939 0.0502819 0.0226749
2 0.670397 0.836694 0.208291 0.0954319
2 0.530902 0.746752 0.145905 0.0725431
2 0.141199 0.684264 0.118793 0.0607702
2 0.0495741 0.95792 0.0991482 0.0834282
2 0.856669 0.790976 0.199397 0.101177
2 0.0638006 0.796278 0.127601 0.0819843
2 0.764324 0.733086 0.149805 0.0834486
2 0.385653 0.696435 0.117589 0.0666906
2 0.310763 0.60713 0.0716852 0.0310345
2 0.806275 0.571215 0.0699873 0.0266329
7 0.412342 0.606066 0.112145 0.0778864
5 0.412845 0.606014 0.111279 0.0775637
5 0.225128 0.632854 0.118068 0.0628344
5 0.604666 0.643676 0.126111 0.0759461
2 0.2294 0.572344 0.0653698 0.0301023
2 0.481588 0.584135 0.0634481 0.032529
2 0.517892 0.562911 0.0522483 0.0214442
7 0.605208 0.643444 0.125545 0.0756569
2 0.273954 0.563939 0.0502819 0.0226749
2 0.670397 0.836694 0.208291 0.0954319
2 0.530902 0.746752 0.145905 0.0725431
2 0.141199 0.684264 0.118793 0.0607702
2 0.0495741 0.95792 0.0991482 0.0834282
2 0.856669 0.790976 0.199397 0.101177
2 0.0638006 0.796278 0.127601 0.0819843
2 0.764324 0.733086 0.149805 0.0834486
2 0.385653 0.696435 0.117589 0.0666906
2 0.310763 0.60713 0.0716852 0.0310345
2 0.806275 0.571215 0.0699873 0.0266329
7 0.412342 0.606066 0.112145 0.0778864
5 0.412845 0.606014 0.111279 0.0775637
5 0.225128 0.632854 0.118068 0.0628344
5 0.604666 0.643676 0.126111 0.0759461
2 0.2294 0.572344 0.0653698 0.0301023
2 0.481588 0.584135 0.0634481 0.032529
2 0.517892 0.562911 0.0522483 0.0214442
7 0.605208 0.643444 0.125545 0.0756569
2 0.273954 0.563939 0.0502819 0.0226749
2 0.670397 0.836694 0.208291 0.0954319
2 0.530902 0.746752 0.145905 0.0725431
2 0.141199 0.684264 0.118793 0.0607702
2 0.0495741 0.95792 0.0991482 0.0834282
2 0.856669 0.790976 0.199397 0.101177
2 0.0638006 0.796278 0.127601 0.0819843
2 0.764324 0.733086 0.149805 0.0834486
2 0.385653 0.696435 0.117589 0.0666906
2 0.310763 0.60713 0.0716852 0.0310345
2 0.806275 0.571215 0.0699873 0.0266329
7 0.412342 0.606066 0.112145 0.0778864
5 0.412845 0.606014 0.111279 0.0775637
5 0.225128 0.632854 0.118068 0.0628344
5 0.604666 0.643676 0.126111 0.0759461
2 0.2294 0.572344 0.0653698 0.0301023
2 0.481588 0.584135 0.0634481 0.032529
2 0.517892 0.562911 0.0522483 0.0214442
7 0.605208 0.643444 0.125545 0.0756569
2 0.273954 0.563939 0.0502819 0.0226749
2 0.67052 0.837695 0.209554 0.0973197
2 0.064 0.797794 0.127472 0.084116
2 0.05005 0.957587 0.1001 0.0838522
2 0.762303 0.733771 0.146179 0.0842991
7 0.224018 0.632474 0.116309 0.0636817
2 0.140983 0.683851 0.1205 0.0579568
5 0.411934 0.605258 0.109886 0.0789002
7 0.857256 0.789847 0.200459 0.0987581
2 0.385143 0.697158 0.121491 0.0669275
7 0.603745 0.642736 0.126044 0.076014
2 0.806422 0.571252 0.0719357 0.0267479
2 0.85724 0.789946 0.200317 0.099116
2 0.530098 0.747854 0.14758 0.0747137
2 0.311385 0.607316 0.0728711 0.0308876
7 0.530324 0.747816 0.146832 0.0747746
2 0.67052 0.837695 0.209554 0.0973197
2 0.064 0.797794 0.127472 0.084116
2 0.05005 0.957587 0.1001 0.0838522
2 0.762303 0.733771 0.146179 0.0842991
7 0.224018 0.632474 0.116309 0.0636817
2 0.140983 0.683851 0.1205 0.0579568
5 0.411934 0.605258 0.109886 0.0789002
7 0.857256 0.789847 0.200459 0.0987581
2 0.385143 0.697158 0.121491 0.0669275
7 0.603745 0.642736 0.126044 0.076014
2 0.806422 0.571252 0.0719357 0.0267479
2 0.85724 0.789946 0.200317 0.099116
2 0.530098 0.747854 0.14758 0.0747137
2 0.311385 0.607316 0.0728711 0.0308876
7 0.530324 0.747816 0.146832 0.0747746
2 0.67052 0.837695 0.209554 0.0973197
2 0.064 0.797794 0.127472 0.084116
2 0.05005 0.957587 0.1001 0.0838522
2 0.762303 0.733771 0.146179 0.0842991
7 0.224018 0.632474 0.116309 0.0636817
2 0.140983 0.683851 0.1205 0.0579568
5 0.411934 0.605258 0.109886 0.0789002
7 0.857256 0.789847 0.200459 0.0987581
2 0.385143 0.697158 0.121491 0.0669275
7 0.603745 0.642736 0.126044 0.076014
2 0.806422 0.571252 0.0719357 0.0267479
2 0.85724 0.789946 0.200317 0.099116
2 0.530098 0.747854 0.14758 0.0747137
2 0.311385 0.607316 0.0728711 0.0308876
7 0.530324 0.747816 0.146832 0.0747746
2 0.67052 0.837695 0.209554 0.0973197
2 0.064 0.797794 0.127472 0.084116
2 0.05005 0.957587 0.1001 0.0838522
2 0.762303 0.733771 0.146179 0.0842991
7 0.224018 0.632474 0.116309 0.0636817
2 0.140983 0.683851 0.1205 0.0579568
5 0.411934 0.605258 0.109886 0.0789002
7 0.857256 0.789847 0.200459 0.0987581
2 0.385143 0.697158 0.121491 0.0669275
7 0.603745 0.642736 0.126044 0.076014
2 0.806422 0.571252 0.0719357 0.0267479
2 0.85724 0.789946 0.200317 0.099116
2 0.530098 0.747854 0.14758 0.0747137
2 0.311385 0.607316 0.0728711 0.0308876
7 0.530324 0.747816 0.146832 0.0747746
2 0.67052 0.837695 0.209554 0.0973197
2 0.064 0.797794 0.127472 0.084116
2 0.05005 0.957587 0.1001 0.0838522
2 0.762303 0.733771 0.146179 0.0842991
7 0.224018 0.632474 0.116309 0.0636817
2 0.140983 0.683851 0.1205 0.0579568
5 0.411934 0.605258 0.109886 0.0789002
7 0.857256 0.789847 0.200459 0.0987581
2 0.385143 0.697158 0.121491 0.0669275
7 0.603745 0.642736 0.126044 0.076014
2 0.806422 0.571252 0.0719357 0.0267479
2 0.85724 0.789946 0.200317 0.099116
2 0.530098 0.747854 0.14758 0.0747137
2 0.311385 0.607316 0.0728711 0.0308876
7 0.530324 0.747816 0.146832 0.0747746
2 0.67052 0.837695 0.209554 0.0973197
2 0.064 0.797794 0.127472 0.084116
2 0.05005 0.957587 0.1001 0.0838522
2 0.762303 0.733771 0.146179 0.0842991
7 0.224018 0.632474 0.116309 0.0636817
2 0.140983 0.683851 0.1205 0.0579568
5 0.411934 0.605258 0.109886 0.0789002
7 0.857256 0.789847 0.200459 0.0987581
2 0.385143 0.697158 0.121491 0.0669275
7 0.603745 0.642736 0.126044 0.076014
2 0.806422 0.571252 0.0719357 0.0267479
2 0.85724 0.789946 0.200317 0.099116
2 0.530098 0.747854 0.14758 0.0747137
2 0.311385 0.607316 0.0728711 0.0308876
7 0.530324 0.747816 0.146832 0.0747746
2 0.67052 0.837695 0.209554 0.0973197
2 0.064 0.797794 0.127472 0.084116
2 0.05005 0.957587 0.1001 0.0838522
2 0.762303 0.733771 0.146179 0.0842991
7 0.224018 0.632474 0.116309 0.0636817
2 0.140983 0.683851 0.1205 0.0579568
5 0.411934 0.605258 0.109886 0.0789002
7 0.857256 0.789847 0.200459 0.0987581
2 0.385143 0.697158 0.121491 0.0669275
7 0.603745 0.642736 0.126044 0.076014
2 0.806422 0.571252 0.0719357 0.0267479
2 0.85724 0.789946 0.200317 0.099116
2 0.530098 0.747854 0.14758 0.0747137
2 0.311385 0.607316 0.0728711 0.0308876
7 0.530324 0.747816 0.146832 0.0747746
2 0.67052 0.837695 0.209554 0.0973197
2 0.064 0.797794 0.127472 0.084116
2 0.05005 0.957587 0.1001 0.0838522
2 0.762303 0.733771 0.146179 0.0842991
7 0.224018 0.632474 0.116309 0.0636817
2 0.140983 0.683851 0.1205 0.0579568
5 0.411934 0.605258 0.109886 0.0789002
7 0.857256 0.789847 0.200459 0.0987581
2 0.385143 0.697158 0.121491 0.0669275
7 0.603745 0.642736 0.126044 0.076014
2 0.806422 0.571252 0.0719357 0.0267479
2 0.85724 0.789946 0.200317 0.099116
2 0.530098 0.747854 0.14758 0.0747137
2 0.311385 0.607316 0.0728711 0.0308876
7 0.530324 0.747816 0.146832 0.0747746
7 0.411669 0.60515 0.109338 0.0789202
2 0.485039 0.585613 0.0551544 0.0288054
2 0.518207 0.562183 0.0534629 0.0225547
