1 0.0639093 0.748264 0.127819 0.482971
0 0.335328 0.415226 0.1038 0.416549
0 0.0638024 0.458589 0.127225 0.651189
2 0.541725 0.24945 0.13606 0.0890856
1 0.33894 0.536956 0.0904504 0.275594
2 0.281955 0.333269 0.156245 0.252512
0 0.151666 0.415522 0.0733957 0.475635
0 0.950922 0.232279 0.0313812 0.100025
1 0.142581 0.584424 0.0847898 0.322589
0 0.708062 0.240921 0.0186157 0.105015
0 0.862215 0.240644 0.0257015 0.107804
3 0.951399 0.259784 0.0249985 0.0769112
0 0.776169 0.244274 0.0294088 0.105191
2 0.811669 0.25164 0.0517334 0.0776224
0 0.211894 0.190491 0.0266229 0.0509894
2 0.90271 0.277298 0.022979 0.0324079
2 0.649815 0.237606 0.104507 0.0894499
1 0.77913 0.278575 0.0188379 0.0809669
0 0.155064 0.178484 0.0772251 0.213941
0 0.886077 0.266141 0.013785 0.0517729
1 0.0639093 0.748264 0.127819 0.482971
0 0.335328 0.415226 0.1038 0.416549
0 0.0638024 0.458589 0.127225 0.651189
2 0.541725 0.24945 0.13606 0.0890856
1 0.33894 0.536956 0.0904504 0.275594
2 0.281955 0.333269 0.156245 0.252512
0 0.151666 0.415522 0.0733957 0.475635
0 0.950922 0.232279 0.0313812 0.100025
1 0.142581 0.584424 0.0847898 0.322589
0 0.708062 0.240921 0.0186157 0.105015
0 0.862215 0.240644 0.0257015 0.107804
3 0.951399 0.259784 0.0249985 0.0769112
0 0.776169 0.244274 0.0294088 0.105191
2 0.811669 0.25164 0.0517334 0.0776224
0 0.211894 0.190491 0.0266229 0.0509894
2 0.90271 0.277298 0.022979 0.0324079
2 0.649815 0.237606 0.104507 0.0894499
1 0.77913 0.278575 0.0188379 0.0809669
0 0.155064 0.178484 0.0772251 0.213941
0 0.886077 0.266141 0.013785 0.0517729
1 0.0639093 0.748264 0.127819 0.482971
0 0.335328 0.415226 0.1038 0.416549
0 0.0638024 0.458589 0.127225 0.651189
2 0.541725 0.24945 0.13606 0.0890856
1 0.33894 0.536956 0.0904504 0.275594
2 0.281955 0.333269 0.156245 0.252512
0 0.151666 0.415522 0.0733957 0.475635
0 0.950922 0.232279 0.0313812 0.100025
1 0.142581 0.584424 0.0847898 0.322589
0 0.708062 0.240921 0.0186157 0.105015
0 0.862215 0.240644 0.0257015 0.107804
3 0.951399 0.259784 0.0249985 0.0769112
0 0.776169 0.244274 0.0294088 0.105191
2 0.811669 0.25164 0.0517334 0.0776224
0 0.211894 0.190491 0.0266229 0.0509894
2 0.90271 0.277298 0.022979 0.0324079
2 0.649815 0.237606 0.104507 0.0894499
1 0.77913 0.278575 0.0188379 0.0809669
0 0.155064 0.178484 0.0772251 0.213941
0 0.886077 0.266141 0.013785 0.0517729
1 0.0639093 0.748264 0.127819 0.482971
0 0.335328 0.415226 0.1038 0.416549
0 0.0638024 0.458589 0.127225 0.651189
2 0.541725 0.24945 0.13606 0.0890856
1 0.33894 0.536956 0.0904504 0.275594
2 0.281955 0.333269 0.156245 0.252512
0 0.151666 0.415522 0.0733957 0.475635
0 0.950922 0.232279 0.0313812 0.100025
1 0.142581 0.584424 0.0847898 0.322589
0 0.708062 0.240921 0.0186157 0.105015
0 0.862215 0.240644 0.0257015 0.107804
3 0.951399 0.259784 0.0249985 0.0769112
0 0.776169 0.244274 0.0294088 0.105191
2 0.811669 0.25164 0.0517334 0.0776224
0 0.211894 0.190491 0.0266229 0.0509894
2 0.90271 0.277298 0.022979 0.0324079
2 0.649815 0.237606 0.104507 0.0894499
1 0.77913 0.278575 0.0188379 0.0809669
0 0.155064 0.178484 0.0772251 0.213941
0 0.886077 0.266141 0.013785 0.0517729
1 0.0639093 0.748264 0.127819 0.482971
0 0.335328 0.415226 0.1038 0.416549
0 0.0638024 0.458589 0.127225 0.651189
2 0.541725 0.24945 0.13606 0.0890856
1 0.33894 0.536956 0.0904504 0.275594
2 0.281955 0.333269 0.156245 0.252512
0 0.151666 0.415522 0.0733957 0.475635
0 0.950922 0.232279 0.0313812 0.100025
1 0.142581 0.584424 0.0847898 0.322589
0 0.708062 0.240921 0.0186157 0.105015
0 0.862215 0.240644 0.0257015 0.107804
3 0.951399 0.259784 0.0249985 0.0769112
0 0.776169 0.244274 0.0294088 0.105191
2 0.811669 0.25164 0.0517334 0.0776224
0 0.211894 0.190491 0.0266229 0.0509894
2 0.90271 0.277298 0.022979 0.0324079
2 0.649815 0.237606 0.104507 0.0894499
1 0.77913 0.278575 0.0188379 0.0809669
0 0.155064 0.178484 0.0772251 0.213941
0 0.886077 0.266141 0.013785 0.0517729
1 0.860877 0.276027 0.013299 0.0777934
0 0.829068 0.238069 0.0319063 0.10433
3 0.827036 0.266564 0.0265717 0.073105
2 0.80348 0.251213 0.0355011 0.0760784
0 0.0113815 0.210806 0.0226948 0.0839829
0 0.765717 0.241314 0.0130941 0.100218
0 0.233443 0.197803 0.0175255 0.0347846
