0 0.501046 0.565441 0.065035 0.103814
0 0.606046 0.5568 0.0539577 0.0799824
0 0.691558 0.555821 0.049821 0.0722116
0 0.828725 0.556101 0.0367935 0.0692726
1 0.690919 0.57535 0.0361972 0.0511331
0 0.912422 0.557445 0.0366669 0.0685646
0 0.857646 0.554203 0.0333476 0.0680786
0 0.881111 0.557151 0.0295203 0.0648286
1 0.503795 0.590778 0.0563614 0.0647181
1 0.603319 0.583161 0.0361144 0.0515663
0 0.501046 0.565441 0.065035 0.103814
0 0.606046 0.5568 0.0539577 0.0799824
0 0.691558 0.555821 0.049821 0.0722116
0 0.828725 0.556101 0.0367935 0.0692726
1 0.690919 0.57535 0.0361972 0.0511331
0 0.912422 0.557445 0.0366669 0.0685646
0 0.857646 0.554203 0.0333476 0.0680786
0 0.881111 0.557151 0.0295203 0.0648286
1 0.503795 0.590778 0.0563614 0.0647181
1 0.603319 0.583161 0.0361144 0.0515663
0 0.501046 0.565441 0.065035 0.103814
0 0.606046 0.5568 0.0539577 0.0799824
0 0.691558 0.555821 0.049821 0.0722116
0 0.828725 0.556101 0.0367935 0.0692726
1 0.690919 0.57535 0.0361972 0.0511331
0 0.912422 0.557445 0.0366669 0.0685646
0 0.857646 0.554203 0.0333476 0.0680786
0 0.881111 0.557151 0.0295203 0.0648286
1 0.503795 0.590778 0.0563614 0.0647181
1 0.603319 0.583161 0.0361144 0.0515663
0 0.501046 0.565441 0.065035 0.103814
0 0.606046 0.5568 0.0539577 0.0799824
0 0.691558 0.555821 0.049821 0.0722116
0 0.828725 0.556101 0.0367935 0.0692726
1 0.690919 0.57535 0.0361972 0.0511331
0 0.912422 0.557445 0.0366669 0.0685646
0 0.857646 0.554203 0.0333476 0.0680786
0 0.881111 0.557151 0.0295203 0.0648286
1 0.503795 0.590778 0.0563614 0.0647181
1 0.603319 0.583161 0.0361144 0.0515663
0 0.501046 0.565441 0.065035 0.103814
0 0.606046 0.5568 0.0539577 0.0799824
0 0.691558 0.555821 0.049821 0.0722116
0 0.828725 0.556101 0.0367935 0.0692726
1 0.690919 0.57535 0.0361972 0.0511331
0 0.912422 0.557445 0.0366669 0.0685646
0 0.857646 0.554203 0.0333476 0.0680786
0 0.881111 0.557151 0.0295203 0.0648286
1 0.503795 0.590778 0.0563614 0.0647181
1 0.603319 0.583161 0.0361144 0.0515663
0 0.501046 0.565441 0.065035 0.103814
0 0.606046 0.5568 0.0539577 0.0799824
0 0.691558 0.555821 0.049821 0.0722116
0 0.828725 0.556101 0.0367935 0.0692726
1 0.690919 0.57535 0.0361972 0.0511331
0 0.912422 0.557445 0.0366669 0.0685646
0 0.857646 0.554203 0.0333476 0.0680786
0 0.881111 0.557151 0.0295203 0.0648286
1 0.503795 0.590778 0.0563614 0.0647181
1 0.603319 0.583161 0.0361144 0.0515663
0 0.939681 0.556733 0.0371162 0.0641313
0 0.869448 0.55593 0.0490757 0.0698278
0 0.945982 0.556489 0.0279192 0.0626214
