0 0.058895 0.599865 0.117242 0.168717
0 0.178598 0.587429 0.0924472 0.152394
0 0.770373 0.554564 0.0523046 0.0697713
0 0.638807 0.557639 0.0652969 0.079748
1 0.183984 0.636135 0.0772173 0.0990505
1 0.0537495 0.655733 0.0972821 0.119186
0 0.929468 0.554616 0.0318212 0.0612057
1 0.642697 0.583649 0.0497213 0.0547531
0 0.952829 0.552763 0.0262 0.0582382
1 0.771319 0.577907 0.0367884 0.0449849
0 0.058895 0.599865 0.117242 0.168717
0 0.178598 0.587429 0.0924472 0.152394
0 0.770373 0.554564 0.0523046 0.0697713
0 0.638807 0.557639 0.0652969 0.079748
1 0.183984 0.636135 0.0772173 0.0990505
1 0.0537495 0.655733 0.0972821 0.119186
0 0.929468 0.554616 0.0318212 0.0612057
1 0.642697 0.583649 0.0497213 0.0547531
0 0.952829 0.552763 0.0262 0.0582382
1 0.771319 0.577907 0.0367884 0.0449849
0 0.058895 0.599865 0.117242 0.168717
0 0.178598 0.587429 0.0924472 0.152394
0 0.770373 0.554564 0.0523046 0.0697713
0 0.638807 0.557639 0.0652969 0.079748
1 0.183984 0.636135 0.0772173 0.0990505
1 0.0537495 0.655733 0.0972821 0.119186
0 0.929468 0.554616 0.0318212 0.0612057
1 0.642697 0.583649 0.0497213 0.0547531
0 0.952829 0.552763 0.0262 0.0582382
1 0.771319 0.577907 0.0367884 0.0449849
0 0.058895 0.599865 0.117242 0.168717
0 0.178598 0.587429 0.0924472 0.152394
0 0.770373 0.554564 0.0523046 0.0697713
0 0.638807 0.557639 0.0652969 0.079748
1 0.183984 0.636135 0.0772173 0.0990505
1 0.0537495 0.655733 0.0972821 0.119186
0 0.929468 0.554616 0.0318212 0.0612057
1 0.642697 0.583649 0.0497213 0.0547531
0 0.952829 0.552763 0.0262 0.0582382
1 0.771319 0.577907 0.0367884 0.0449849
0 0.058895 0.599865 0.117242 0.168717
0 0.178598 0.587429 0.0924472 0.152394
0 0.770373 0.554564 0.0523046 0.0697713
0 0.638807 0.557639 0.0652969 0.079748
1 0.183984 0.636135 0.0772173 0.0990505
1 0.0537495 0.655733 0.0972821 0.119186
0 0.929468 0.554616 0.0318212 0.0612057
1 0.642697 0.583649 0.0497213 0.0547531
0 0.952829 0.552763 0.0262 0.0582382
1 0.771319 0.577907 0.0367884 0.0449849
0 0.058895 0.599865 0.117242 0.168717
0 0.178598 0.587429 0.0924472 0.152394
0 0.770373 0.554564 0.0523046 0.0697713
0 0.638807 0.557639 0.0652969 0.079748
1 0.183984 0.636135 0.0772173 0.0990505
1 0.0537495 0.655733 0.0972821 0.119186
0 0.929468 0.554616 0.0318212 0.0612057
1 0.642697 0.583649 0.0497213 0.0547531
0 0.952829 0.552763 0.0262 0.0582382
1 0.771319 0.577907 0.0367884 0.0449849
