0 0.12388 0.603601 0.113494 0.185578
0 0.218562 0.598616 0.0922639 0.166615
0 0.296602 0.582188 0.0795341 0.141224
0 0.666728 0.561862 0.060986 0.0806053
0 0.776432 0.554827 0.0392029 0.0635008
1 0.119568 0.651975 0.0749887 0.116811
1 0.66676 0.58477 0.0538251 0.0494016
1 0.215947 0.640857 0.0439882 0.100002
1 0.304026 0.625894 0.0395284 0.0857759
1 0.788108 0.576279 0.0475284 0.0431169
1 0.663648 0.585969 0.0390354 0.0472035
1 0.122264 0.653933 0.0534054 0.113222
1 0.29948 0.625482 0.0642571 0.086948
0 0.802268 0.557613 0.0411038 0.063641
0 0.952367 0.556354 0.0263404 0.0598919
0 0.806461 0.551759 0.0330326 0.0521955
0 0.12388 0.603601 0.113494 0.185578
0 0.218562 0.598616 0.0922639 0.166615
0 0.296602 0.582188 0.0795341 0.141224
0 0.666728 0.561862 0.060986 0.0806053
0 0.776432 0.554827 0.0392029 0.0635008
1 0.119568 0.651975 0.0749887 0.116811
1 0.66676 0.58477 0.0538251 0.0494016
1 0.215947 0.640857 0.0439882 0.100002
1 0.304026 0.625894 0.0395284 0.0857759
1 0.788108 0.576279 0.0475284 0.0431169
1 0.663648 0.585969 0.0390354 0.0472035
1 0.122264 0.653933 0.0534054 0.113222
1 0.29948 0.625482 0.0642571 0.086948
0 0.802268 0.557613 0.0411038 0.063641
0 0.952367 0.556354 0.0263404 0.0598919
0 0.806461 0.551759 0.0330326 0.0521955
0 0.12388 0.603601 0.113494 0.185578
0 0.218562 0.598616 0.0922639 0.166615
0 0.296602 0.582188 0.0795341 0.141224
0 0.666728 0.561862 0.060986 0.0806053
0 0.776432 0.554827 0.0392029 0.0635008
1 0.119568 0.651975 0.0749887 0.116811
1 0.66676 0.58477 0.0538251 0.0494016
1 0.215947 0.640857 0.0439882 0.100002
1 0.304026 0.625894 0.0395284 0.0857759
1 0.788108 0.576279 0.0475284 0.0431169
1 0.663648 0.585969 0.0390354 0.0472035
1 0.122264 0.653933 0.0534054 0.113222
1 0.29948 0.625482 0.0642571 0.086948
0 0.802268 0.557613 0.0411038 0.063641
0 0.952367 0.556354 0.0263404 0.0598919
0 0.806461 0.551759 0.0330326 0.0521955
0 0.122765 0.60492 0.110288 0.187843
0 0.218089 0.596915 0.0907113 0.163844
0 0.295295 0.580794 0.081609 0.137384
0 0.666091 0.561423 0.061134 0.0798992
1 0.212812 0.637831 0.0760818 0.108601
1 0.115984 0.653135 0.0727279 0.115866
0 0.777543 0.555619 0.0403775 0.0632234
1 0.305967 0.625295 0.0521904 0.0888704
0 0.805276 0.555708 0.0356776 0.0628141
1 0.787343 0.577444 0.0464569 0.0432284
1 0.665902 0.586849 0.0376475 0.0462271
0 0.122765 0.60492 0.110288 0.187843
0 0.218089 0.596915 0.0907113 0.163844
0 0.295295 0.580794 0.081609 0.137384
0 0.666091 0.561423 0.061134 0.0798992
1 0.212812 0.637831 0.0760818 0.108601
1 0.115984 0.653135 0.0727279 0.115866
0 0.777543 0.555619 0.0403775 0.0632234
1 0.305967 0.625295 0.0521904 0.0888704
0 0.805276 0.555708 0.0356776 0.0628141
1 0.787343 0.577444 0.0464569 0.0432284
1 0.665902 0.586849 0.0376475 0.0462271
