0 0.907385 0.637993 0.184356 0.29302
1 0.876692 0.745206 0.244705 0.192871
0 0.475533 0.575245 0.121359 0.155955
1 0.481532 0.618562 0.115117 0.124877
0 0.312459 0.531902 0.0887059 0.137487
1 0.657901 0.582895 0.186484 0.127224
0 0.0577056 0.530581 0.0619802 0.0887409
0 0.863002 0.505547 0.104967 0.121718
0 0.634303 0.521978 0.124349 0.162664
0 0.129283 0.516774 0.0549868 0.0662464
1 0.326408 0.569462 0.0770789 0.093332
0 0.210405 0.526179 0.0564414 0.0871142
1 0.0618738 0.555673 0.0417363 0.0633385
1 0.818016 0.57319 0.0636742 0.0786083
1 0.130439 0.538361 0.024421 0.0420456
0 0.907385 0.637993 0.184356 0.29302
1 0.876692 0.745206 0.244705 0.192871
0 0.475533 0.575245 0.121359 0.155955
1 0.481532 0.618562 0.115117 0.124877
0 0.312459 0.531902 0.0887059 0.137487
1 0.657901 0.582895 0.186484 0.127224
0 0.0577056 0.530581 0.0619802 0.0887409
0 0.863002 0.505547 0.104967 0.121718
0 0.634303 0.521978 0.124349 0.162664
0 0.129283 0.516774 0.0549868 0.0662464
1 0.326408 0.569462 0.0770789 0.093332
0 0.210405 0.526179 0.0564414 0.0871142
1 0.0618738 0.555673 0.0417363 0.0633385
1 0.818016 0.57319 0.0636742 0.0786083
1 0.130439 0.538361 0.024421 0.0420456
0 0.690136 0.493521 0.0524807 0.0447653
1 0.128391 0.537792 0.0413364 0.0416437
0 0.413331 0.516701 0.0410186 0.0680307
0 0.810805 0.510278 0.0429345 0.081604
0 0.56162 0.51233 0.0334252 0.0613829
1 0.230866 0.560662 0.0357894 0.0761106
1 0.410313 0.53329 0.0297124 0.0389856
1 0.122355 0.535536 0.030874 0.0383539
