0 0.253833 0.574811 0.076593 0.115727
0 0.4104 0.567247 0.0659733 0.099675
0 0.66932 0.56345 0.0587086 0.0971696
0 0.570946 0.572256 0.0583688 0.095867
0 0.718706 0.563587 0.0487757 0.0857964
0 0.755984 0.560469 0.0423104 0.0859128
0 0.81028 0.558181 0.0385128 0.079339
1 0.256044 0.610665 0.0504877 0.0817171
1 0.407892 0.599203 0.0508311 0.064757
0 0.629864 0.567028 0.0386315 0.086883
0 0.836228 0.560229 0.0335164 0.0694796
0 0.867439 0.559414 0.0385144 0.0676227
0 0.253833 0.574811 0.076593 0.115727
0 0.4104 0.567247 0.0659733 0.099675
0 0.66932 0.56345 0.0587086 0.0971696
0 0.570946 0.572256 0.0583688 0.095867
0 0.718706 0.563587 0.0487757 0.0857964
0 0.755984 0.560469 0.0423104 0.0859128
0 0.81028 0.558181 0.0385128 0.079339
1 0.256044 0.610665 0.0504877 0.0817171
1 0.407892 0.599203 0.0508311 0.064757
0 0.629864 0.567028 0.0386315 0.086883
0 0.836228 0.560229 0.0335164 0.0694796
0 0.867439 0.559414 0.0385144 0.0676227
0 0.253833 0.574811 0.076593 0.115727
0 0.4104 0.567247 0.0659733 0.099675
0 0.66932 0.56345 0.0587086 0.0971696
0 0.570946 0.572256 0.0583688 0.095867
0 0.718706 0.563587 0.0487757 0.0857964
0 0.755984 0.560469 0.0423104 0.0859128
0 0.81028 0.558181 0.0385128 0.079339
1 0.256044 0.610665 0.0504877 0.0817171
1 0.407892 0.599203 0.0508311 0.064757
0 0.629864 0.567028 0.0386315 0.086883
0 0.836228 0.560229 0.0335164 0.0694796
0 0.867439 0.559414 0.0385144 0.0676227
0 0.253833 0.574811 0.076593 0.115727
0 0.4104 0.567247 0.0659733 0.099675
0 0.66932 0.56345 0.0587086 0.0971696
0 0.570946 0.572256 0.0583688 0.095867
0 0.718706 0.563587 0.0487757 0.0857964
0 0.755984 0.560469 0.0423104 0.0859128
0 0.81028 0.558181 0.0385128 0.079339
1 0.256044 0.610665 0.0504877 0.0817171
1 0.407892 0.599203 0.0508311 0.064757
0 0.629864 0.567028 0.0386315 0.086883
0 0.836228 0.560229 0.0335164 0.0694796
0 0.867439 0.559414 0.0385144 0.0676227
0 0.253833 0.574811 0.076593 0.115727
0 0.4104 0.567247 0.0659733 0.099675
0 0.66932 0.56345 0.0587086 0.0971696
0 0.570946 0.572256 0.0583688 0.095867
0 0.718706 0.563587 0.0487757 0.0857964
0 0.755984 0.560469 0.0423104 0.0859128
0 0.81028 0.558181 0.0385128 0.079339
1 0.256044 0.610665 0.0504877 0.0817171
1 0.407892 0.599203 0.0508311 0.064757
0 0.629864 0.567028 0.0386315 0.086883
0 0.836228 0.560229 0.0335164 0.0694796
0 0.867439 0.559414 0.0385144 0.0676227
0 0.253833 0.574811 0.076593 0.115727
0 0.4104 0.567247 0.0659733 0.099675
0 0.66932 0.56345 0.0587086 0.0971696
0 0.570946 0.572256 0.0583688 0.095867
0 0.718706 0.563587 0.0487757 0.0857964
0 0.755984 0.560469 0.0423104 0.0859128
0 0.81028 0.558181 0.0385128 0.079339
1 0.256044 0.610665 0.0504877 0.0817171
1 0.407892 0.599203 0.0508311 0.064757
0 0.629864 0.567028 0.0386315 0.086883
0 0.836228 0.560229 0.0335164 0.0694796
0 0.867439 0.559414 0.0385144 0.0676227
0 0.543061 0.559538 0.0367101 0.0816816
0 0.78461 0.558181 0.0248545 0.0785875
1 0.671941 0.591375 0.0359663 0.0591435
0 0.906322 0.558 0.0387824 0.0615736
1 0.737227 0.587938 0.0360101 0.0531253
1 0.564952 0.593688 0.0355048 0.0601561
1 0.574056 0.594872 0.0430874 0.057192
1 0.41301 0.59879 0.0326248 0.0651105
1 0.753727 0.586732 0.0427816 0.0529995
0 0.937234 0.555969 0.0252496 0.0552411
1 0.678151 0.590559 0.0378906 0.0604354
1 0.626899 0.590994 0.0262115 0.052876
