0 0.557637 0.558922 0.0554133 0.0885805
0 0.405791 0.570887 0.0781035 0.114608
0 0.63202 0.557655 0.0554648 0.0783461
0 0.860462 0.556482 0.0479279 0.0754247
0 0.781476 0.556275 0.0351284 0.0753778
1 0.40581 0.600769 0.0679854 0.0716914
1 0.5546 0.587804 0.0290454 0.0529976
1 0.633515 0.580283 0.0373903 0.0495348
1 0.557556 0.585863 0.0454603 0.0534128
0 0.81504 0.556691 0.0427561 0.0739798
0 0.89726 0.557826 0.0358931 0.0666075
0 0.809712 0.552523 0.0327176 0.0672546
0 0.940595 0.557326 0.027201 0.0680797
1 0.801445 0.574782 0.0336675 0.0420776
0 0.826731 0.556818 0.0321711 0.0741133
1 0.787498 0.576045 0.0373027 0.0400602
1 0.784005 0.571815 0.0369632 0.0487707
0 0.557637 0.558922 0.0554133 0.0885805
0 0.405791 0.570887 0.0781035 0.114608
0 0.63202 0.557655 0.0554648 0.0783461
0 0.860462 0.556482 0.0479279 0.0754247
0 0.781476 0.556275 0.0351284 0.0753778
1 0.40581 0.600769 0.0679854 0.0716914
1 0.5546 0.587804 0.0290454 0.0529976
1 0.633515 0.580283 0.0373903 0.0495348
1 0.557556 0.585863 0.0454603 0.0534128
0 0.81504 0.556691 0.0427561 0.0739798
0 0.89726 0.557826 0.0358931 0.0666075
0 0.809712 0.552523 0.0327176 0.0672546
0 0.940595 0.557326 0.027201 0.0680797
1 0.801445 0.574782 0.0336675 0.0420776
0 0.826731 0.556818 0.0321711 0.0741133
1 0.787498 0.576045 0.0373027 0.0400602
1 0.784005 0.571815 0.0369632 0.0487707
0 0.557637 0.558922 0.0554133 0.0885805
0 0.405791 0.570887 0.0781035 0.114608
0 0.63202 0.557655 0.0554648 0.0783461
0 0.860462 0.556482 0.0479279 0.0754247
0 0.781476 0.556275 0.0351284 0.0753778
1 0.40581 0.600769 0.0679854 0.0716914
1 0.5546 0.587804 0.0290454 0.0529976
1 0.633515 0.580283 0.0373903 0.0495348
1 0.557556 0.585863 0.0454603 0.0534128
0 0.81504 0.556691 0.0427561 0.0739798
0 0.89726 0.557826 0.0358931 0.0666075
0 0.809712 0.552523 0.0327176 0.0672546
0 0.940595 0.557326 0.027201 0.0680797
1 0.801445 0.574782 0.0336675 0.0420776
0 0.826731 0.556818 0.0321711 0.0741133
1 0.787498 0.576045 0.0373027 0.0400602
1 0.784005 0.571815 0.0369632 0.0487707
0 0.406524 0.571743 0.0776395 0.114013
0 0.556976 0.558356 0.05405 0.0880533
0 0.632542 0.557134 0.0512603 0.0773609
0 0.781379 0.555827 0.0351193 0.0761427
1 0.40391 0.601193 0.0689358 0.0699047
0 0.862669 0.55432 0.0445329 0.0720814
0 0.941588 0.555478 0.0284854 0.0684528
0 0.810667 0.554214 0.0351507 0.0712805
1 0.556042 0.585693 0.0384715 0.0563566
0 0.897037 0.555317 0.0350254 0.0659035
1 0.631853 0.579639 0.0293525 0.0512321
0 0.406524 0.571743 0.0776395 0.114013
0 0.556976 0.558356 0.05405 0.0880533
0 0.632542 0.557134 0.0512603 0.0773609
0 0.781379 0.555827 0.0351193 0.0761427
1 0.40391 0.601193 0.0689358 0.0699047
0 0.862669 0.55432 0.0445329 0.0720814
0 0.941588 0.555478 0.0284854 0.0684528
0 0.810667 0.554214 0.0351507 0.0712805
1 0.556042 0.585693 0.0384715 0.0563566
0 0.897037 0.555317 0.0350254 0.0659035
1 0.631853 0.579639 0.0293525 0.0512321
