1 0.093952 0.517392 0.086647 0.251495
1 0.280103 0.46608 0.0642795 0.191656
1 0.215021 0.485289 0.0608755 0.218158
0 0.208525 0.351225 0.0784192 0.288916
2 0.285339 0.330806 0.13021 0.244402
0 0.089519 0.398262 0.0911578 0.345074
1 0.62622 0.375372 0.0396641 0.165782
0 0.362334 0.357097 0.064155 0.307533
0 0.132904 0.296342 0.0513617 0.233283
0 0.278507 0.368612 0.0663888 0.276347
1 0.361548 0.44102 0.0533417 0.186153
0 0.728553 0.276783 0.0416341 0.213093
0 0.457995 0.330729 0.0633738 0.262053
0 0.840039 0.271881 0.039745 0.205588
0 0.772739 0.280747 0.0468372 0.206009
1 0.461618 0.417533 0.0529718 0.180305
0 0.688753 0.297732 0.0469681 0.244343
0 0.883364 0.2586 0.0270821 0.154775
1 0.840818 0.326036 0.0291998 0.128828
2 0.0416366 0.421943 0.0826465 0.326627
0 0.540416 0.324171 0.0534493 0.27397
0 0.626842 0.302483 0.0548882 0.271276
1 0.776106 0.34331 0.0221989 0.133265
0 0.393682 0.344358 0.0475086 0.275361
1 0.588398 0.377798 0.0447956 0.164548
1 0.732837 0.341114 0.0286538 0.132916
1 0.883403 0.291264 0.0216522 0.105911
1 0.542826 0.400217 0.0414894 0.164632
0 0.585666 0.300897 0.0442466 0.24753
1 0.693174 0.367296 0.0327351 0.159623
0 0.210997 0.191444 0.0296166 0.0574774
1 0.404174 0.420786 0.031113 0.165597
1 0.093952 0.517392 0.086647 0.251495
1 0.280103 0.46608 0.0642795 0.191656
1 0.215021 0.485289 0.0608755 0.218158
0 0.208525 0.351225 0.0784192 0.288916
2 0.285339 0.330806 0.13021 0.244402
0 0.089519 0.398262 0.0911578 0.345074
1 0.62622 0.375372 0.0396641 0.165782
0 0.362334 0.357097 0.064155 0.307533
0 0.132904 0.296342 0.0513617 0.233283
0 0.278507 0.368612 0.0663888 0.276347
1 0.361548 0.44102 0.0533417 0.186153
0 0.728553 0.276783 0.0416341 0.213093
0 0.457995 0.330729 0.0633738 0.262053
0 0.840039 0.271881 0.039745 0.205588
0 0.772739 0.280747 0.0468372 0.206009
1 0.461618 0.417533 0.0529718 0.180305
0 0.688753 0.297732 0.0469681 0.244343
0 0.883364 0.2586 0.0270821 0.154775
1 0.840818 0.326036 0.0291998 0.128828
2 0.0416366 0.421943 0.0826465 0.326627
0 0.540416 0.324171 0.0534493 0.27397
0 0.626842 0.302483 0.0548882 0.271276
1 0.776106 0.34331 0.0221989 0.133265
0 0.393682 0.344358 0.0475086 0.275361
1 0.588398 0.377798 0.0447956 0.164548
1 0.732837 0.341114 0.0286538 0.132916
1 0.883403 0.291264 0.0216522 0.105911
1 0.542826 0.400217 0.0414894 0.164632
0 0.585666 0.300897 0.0442466 0.24753
1 0.693174 0.367296 0.0327351 0.159623
0 0.210997 0.191444 0.0296166 0.0574774
1 0.404174 0.420786 0.031113 0.165597
1 0.093952 0.517392 0.086647 0.251495
1 0.280103 0.46608 0.0642795 0.191656
1 0.215021 0.485289 0.0608755 0.218158
0 0.208525 0.351225 0.0784192 0.288916
2 0.285339 0.330806 0.13021 0.244402
0 0.089519 0.398262 0.0911578 0.345074
1 0.62622 0.375372 0.0396641 0.165782
0 0.362334 0.357097 0.064155 0.307533
0 0.132904 0.296342 0.0513617 0.233283
0 0.278507 0.368612 0.0663888 0.276347
1 0.361548 0.44102 0.0533417 0.186153
0 0.728553 0.276783 0.0416341 0.213093
0 0.457995 0.330729 0.0633738 0.262053
0 0.840039 0.271881 0.039745 0.205588
0 0.772739 0.280747 0.0468372 0.206009
1 0.461618 0.417533 0.0529718 0.180305
0 0.688753 0.297732 0.0469681 0.244343
0 0.883364 0.2586 0.0270821 0.154775
1 0.840818 0.326036 0.0291998 0.128828
2 0.0416366 0.421943 0.0826465 0.326627
0 0.540416 0.324171 0.0534493 0.27397
0 0.626842 0.302483 0.0548882 0.271276
1 0.776106 0.34331 0.0221989 0.133265
0 0.393682 0.344358 0.0475086 0.275361
1 0.588398 0.377798 0.0447956 0.164548
1 0.732837 0.341114 0.0286538 0.132916
1 0.883403 0.291264 0.0216522 0.105911
1 0.542826 0.400217 0.0414894 0.164632
0 0.585666 0.300897 0.0442466 0.24753
1 0.693174 0.367296 0.0327351 0.159623
0 0.210997 0.191444 0.0296166 0.0574774
1 0.404174 0.420786 0.031113 0.165597
1 0.093952 0.517392 0.086647 0.251495
1 0.280103 0.46608 0.0642795 0.191656
1 0.215021 0.485289 0.0608755 0.218158
0 0.208525 0.351225 0.0784192 0.288916
2 0.285339 0.330806 0.13021 0.244402
0 0.089519 0.398262 0.0911578 0.345074
1 0.62622 0.375372 0.0396641 0.165782
0 0.362334 0.357097 0.064155 0.307533
0 0.132904 0.296342 0.0513617 0.233283
0 0.278507 0.368612 0.0663888 0.276347
1 0.361548 0.44102 0.0533417 0.186153
0 0.728553 0.276783 0.0416341 0.213093
0 0.457995 0.330729 0.0633738 0.262053
0 0.840039 0.271881 0.039745 0.205588
0 0.772739 0.280747 0.0468372 0.206009
1 0.461618 0.417533 0.0529718 0.180305
0 0.688753 0.297732 0.0469681 0.244343
0 0.883364 0.2586 0.0270821 0.154775
1 0.840818 0.326036 0.0291998 0.128828
2 0.0416366 0.421943 0.0826465 0.326627
0 0.540416 0.324171 0.0534493 0.27397
0 0.626842 0.302483 0.0548882 0.271276
1 0.776106 0.34331 0.0221989 0.133265
0 0.393682 0.344358 0.0475086 0.275361
1 0.588398 0.377798 0.0447956 0.164548
1 0.732837 0.341114 0.0286538 0.132916
1 0.883403 0.291264 0.0216522 0.105911
1 0.542826 0.400217 0.0414894 0.164632
0 0.585666 0.300897 0.0442466 0.24753
1 0.693174 0.367296 0.0327351 0.159623
0 0.210997 0.191444 0.0296166 0.0574774
1 0.404174 0.420786 0.031113 0.165597
1 0.093952 0.517392 0.086647 0.251495
1 0.280103 0.46608 0.0642795 0.191656
1 0.215021 0.485289 0.0608755 0.218158
0 0.208525 0.351225 0.0784192 0.288916
2 0.285339 0.330806 0.13021 0.244402
0 0.089519 0.398262 0.0911578 0.345074
1 0.62622 0.375372 0.0396641 0.165782
0 0.362334 0.357097 0.064155 0.307533
0 0.132904 0.296342 0.0513617 0.233283
0 0.278507 0.368612 0.0663888 0.276347
1 0.361548 0.44102 0.0533417 0.186153
0 0.728553 0.276783 0.0416341 0.213093
0 0.457995 0.330729 0.0633738 0.262053
0 0.840039 0.271881 0.039745 0.205588
0 0.772739 0.280747 0.0468372 0.206009
1 0.461618 0.417533 0.0529718 0.180305
0 0.688753 0.297732 0.0469681 0.244343
0 0.883364 0.2586 0.0270821 0.154775
1 0.840818 0.326036 0.0291998 0.128828
2 0.0416366 0.421943 0.0826465 0.326627
0 0.540416 0.324171 0.0534493 0.27397
0 0.626842 0.302483 0.0548882 0.271276
1 0.776106 0.34331 0.0221989 0.133265
0 0.393682 0.344358 0.0475086 0.275361
1 0.588398 0.377798 0.0447956 0.164548
1 0.732837 0.341114 0.0286538 0.132916
1 0.883403 0.291264 0.0216522 0.105911
1 0.542826 0.400217 0.0414894 0.164632
0 0.585666 0.300897 0.0442466 0.24753
1 0.693174 0.367296 0.0327351 0.159623
0 0.210997 0.191444 0.0296166 0.0574774
1 0.404174 0.420786 0.031113 0.165597
0 0.792855 0.271415 0.0311125 0.205491
0 0.815673 0.265472 0.0260105 0.192534
1 0.436091 0.401582 0.0232919 0.144732
1 0.686788 0.36371 0.045256 0.163359
1 0.805034 0.31128 0.0146927 0.0824218
1 0.515598 0.378647 0.024182 0.12941
2 0.0667411 0.422638 0.131879 0.323808
0 0.481243 0.307602 0.0352438 0.25244
0 0.792138 0.244657 0.0283598 0.153593
1 0.531932 0.398776 0.0394218 0.165505
1 0.490249 0.395472 0.0192065 0.165328
1 0.922635 0.268448 0.0190388 0.0501464
