0 0.0511721 0.606503 0.100815 0.190281
0 0.243713 0.587738 0.0922106 0.153353
0 0.14836 0.599725 0.104701 0.170112
0 0.654185 0.56037 0.0518773 0.0829334
1 0.0446964 0.663234 0.0690428 0.121501
1 0.250362 0.626837 0.0673175 0.0989908
0 0.779449 0.556306 0.0530168 0.0704273
1 0.148576 0.644307 0.0612036 0.117214
0 0.0511721 0.606503 0.100815 0.190281
0 0.243713 0.587738 0.0922106 0.153353
0 0.14836 0.599725 0.104701 0.170112
0 0.654185 0.56037 0.0518773 0.0829334
1 0.0446964 0.663234 0.0690428 0.121501
1 0.250362 0.626837 0.0673175 0.0989908
0 0.779449 0.556306 0.0530168 0.0704273
1 0.148576 0.644307 0.0612036 0.117214
0 0.0511721 0.606503 0.100815 0.190281
0 0.243713 0.587738 0.0922106 0.153353
0 0.14836 0.599725 0.104701 0.170112
0 0.654185 0.56037 0.0518773 0.0829334
1 0.0446964 0.663234 0.0690428 0.121501
1 0.250362 0.626837 0.0673175 0.0989908
0 0.779449 0.556306 0.0530168 0.0704273
1 0.148576 0.644307 0.0612036 0.117214
0 0.0511721 0.606503 0.100815 0.190281
0 0.243713 0.587738 0.0922106 0.153353
0 0.14836 0.599725 0.104701 0.170112
0 0.654185 0.56037 0.0518773 0.0829334
1 0.0446964 0.663234 0.0690428 0.121501
1 0.250362 0.626837 0.0673175 0.0989908
0 0.779449 0.556306 0.0530168 0.0704273
1 0.148576 0.644307 0.0612036 0.117214
0 0.0511721 0.606503 0.100815 0.190281
0 0.243713 0.587738 0.0922106 0.153353
0 0.14836 0.599725 0.104701 0.170112
0 0.654185 0.56037 0.0518773 0.0829334
1 0.0446964 0.663234 0.0690428 0.121501
1 0.250362 0.626837 0.0673175 0.0989908
0 0.779449 0.556306 0.0530168 0.0704273
1 0.148576 0.644307 0.0612036 0.117214
0 0.0511721 0.606503 0.100815 0.190281
0 0.243713 0.587738 0.0922106 0.153353
0 0.14836 0.599725 0.104701 0.170112
0 0.654185 0.56037 0.0518773 0.0829334
1 0.0446964 0.663234 0.0690428 0.121501
1 0.250362 0.626837 0.0673175 0.0989908
0 0.779449 0.556306 0.0530168 0.0704273
1 0.148576 0.644307 0.0612036 0.117214
1 0.653369 0.584556 0.0400412 0.0483932
1 0.781219 0.578032 0.0313134 0.0403399
0 0.949712 0.554941 0.0314236 0.0580531
