0 0.0931307 0.476726 0.165235 0.554485
0 0.664442 0.334891 0.0634377 0.31772
0 0.444289 0.4103 0.106662 0.536229
1 0.36404 0.523007 0.0818522 0.276426
2 0.812177 0.252751 0.056633 0.082866
0 0.51033 0.403058 0.0660889 0.476153
1 0.660669 0.415865 0.0528429 0.208213
0 0.267484 0.446629 0.111051 0.496352
1 0.448094 0.577923 0.08177 0.341782
1 0.102189 0.717854 0.154088 0.426968
0 0.362939 0.370754 0.0807949 0.385315
0 0.769597 0.242969 0.0201952 0.105098
1 0.271519 0.604139 0.0889639 0.358162
0 0.971124 0.238626 0.0293297 0.0887894
0 0.608526 0.296794 0.0512542 0.261009
0 0.577044 0.311323 0.0593301 0.27832
1 0.57433 0.407763 0.0398142 0.195253
0 0.707865 0.240995 0.0194412 0.106263
3 0.970825 0.261444 0.0248508 0.0658078
0 0.111882 0.253572 0.0631258 0.141297
1 0.540748 0.398364 0.0317566 0.164454
0 0.931373 0.23247 0.0228966 0.0847094
0 0.504069 0.155066 0.0492163 0.0983389
1 0.216483 0.575773 0.0666127 0.29461
2 0.902485 0.277417 0.024478 0.0337315
1 0.931121 0.268814 0.013073 0.0621302
1 0.610678 0.389755 0.036636 0.181392
0 0.0288617 0.37613 0.0574143 0.411511
1 0.0364392 0.679516 0.0713443 0.354515
2 0.304595 0.286825 0.0602532 0.154839
0 0.0931307 0.476726 0.165235 0.554485
0 0.664442 0.334891 0.0634377 0.31772
0 0.444289 0.4103 0.106662 0.536229
1 0.36404 0.523007 0.0818522 0.276426
2 0.812177 0.252751 0.056633 0.082866
0 0.51033 0.403058 0.0660889 0.476153
1 0.660669 0.415865 0.0528429 0.208213
0 0.267484 0.446629 0.111051 0.496352
1 0.448094 0.577923 0.08177 0.341782
1 0.102189 0.717854 0.154088 0.426968
0 0.362939 0.370754 0.0807949 0.385315
0 0.769597 0.242969 0.0201952 0.105098
1 0.271519 0.604139 0.0889639 0.358162
0 0.971124 0.238626 0.0293297 0.0887894
0 0.608526 0.296794 0.0512542 0.261009
0 0.577044 0.311323 0.0593301 0.27832
1 0.57433 0.407763 0.0398142 0.195253
0 0.707865 0.240995 0.0194412 0.106263
3 0.970825 0.261444 0.0248508 0.0658078
0 0.111882 0.253572 0.0631258 0.141297
1 0.540748 0.398364 0.0317566 0.164454
0 0.931373 0.23247 0.0228966 0.0847094
0 0.504069 0.155066 0.0492163 0.0983389
1 0.216483 0.575773 0.0666127 0.29461
2 0.902485 0.277417 0.024478 0.0337315
1 0.931121 0.268814 0.013073 0.0621302
1 0.610678 0.389755 0.036636 0.181392
0 0.0288617 0.37613 0.0574143 0.411511
1 0.0364392 0.679516 0.0713443 0.354515
2 0.304595 0.286825 0.0602532 0.154839
0 0.0931307 0.476726 0.165235 0.554485
0 0.664442 0.334891 0.0634377 0.31772
0 0.444289 0.4103 0.106662 0.536229
1 0.36404 0.523007 0.0818522 0.276426
2 0.812177 0.252751 0.056633 0.082866
0 0.51033 0.403058 0.0660889 0.476153
1 0.660669 0.415865 0.0528429 0.208213
0 0.267484 0.446629 0.111051 0.496352
1 0.448094 0.577923 0.08177 0.341782
1 0.102189 0.717854 0.154088 0.426968
0 0.362939 0.370754 0.0807949 0.385315
0 0.769597 0.242969 0.0201952 0.105098
1 0.271519 0.604139 0.0889639 0.358162
0 0.971124 0.238626 0.0293297 0.0887894
0 0.608526 0.296794 0.0512542 0.261009
0 0.577044 0.311323 0.0593301 0.27832
1 0.57433 0.407763 0.0398142 0.195253
0 0.707865 0.240995 0.0194412 0.106263
3 0.970825 0.261444 0.0248508 0.0658078
0 0.111882 0.253572 0.0631258 0.141297
1 0.540748 0.398364 0.0317566 0.164454
0 0.931373 0.23247 0.0228966 0.0847094
0 0.504069 0.155066 0.0492163 0.0983389
1 0.216483 0.575773 0.0666127 0.29461
2 0.902485 0.277417 0.024478 0.0337315
1 0.931121 0.268814 0.013073 0.0621302
1 0.610678 0.389755 0.036636 0.181392
0 0.0288617 0.37613 0.0574143 0.411511
1 0.0364392 0.679516 0.0713443 0.354515
2 0.304595 0.286825 0.0602532 0.154839
0 0.0931307 0.476726 0.165235 0.554485
0 0.664442 0.334891 0.0634377 0.31772
0 0.444289 0.4103 0.106662 0.536229
1 0.36404 0.523007 0.0818522 0.276426
2 0.812177 0.252751 0.056633 0.082866
0 0.51033 0.403058 0.0660889 0.476153
1 0.660669 0.415865 0.0528429 0.208213
0 0.267484 0.446629 0.111051 0.496352
1 0.448094 0.577923 0.08177 0.341782
1 0.102189 0.717854 0.154088 0.426968
0 0.362939 0.370754 0.0807949 0.385315
0 0.769597 0.242969 0.0201952 0.105098
1 0.271519 0.604139 0.0889639 0.358162
0 0.971124 0.238626 0.0293297 0.0887894
0 0.608526 0.296794 0.0512542 0.261009
0 0.577044 0.311323 0.0593301 0.27832
1 0.57433 0.407763 0.0398142 0.195253
0 0.707865 0.240995 0.0194412 0.106263
3 0.970825 0.261444 0.0248508 0.0658078
0 0.111882 0.253572 0.0631258 0.141297
1 0.540748 0.398364 0.0317566 0.164454
0 0.931373 0.23247 0.0228966 0.0847094
0 0.504069 0.155066 0.0492163 0.0983389
1 0.216483 0.575773 0.0666127 0.29461
2 0.902485 0.277417 0.024478 0.0337315
1 0.931121 0.268814 0.013073 0.0621302
1 0.610678 0.389755 0.036636 0.181392
0 0.0288617 0.37613 0.0574143 0.411511
1 0.0364392 0.679516 0.0713443 0.354515
2 0.304595 0.286825 0.0602532 0.154839
0 0.0931307 0.476726 0.165235 0.554485
0 0.664442 0.334891 0.0634377 0.31772
0 0.444289 0.4103 0.106662 0.536229
1 0.36404 0.523007 0.0818522 0.276426
2 0.812177 0.252751 0.056633 0.082866
0 0.51033 0.403058 0.0660889 0.476153
1 0.660669 0.415865 0.0528429 0.208213
0 0.267484 0.446629 0.111051 0.496352
1 0.448094 0.577923 0.08177 0.341782
1 0.102189 0.717854 0.154088 0.426968
0 0.362939 0.370754 0.0807949 0.385315
0 0.769597 0.242969 0.0201952 0.105098
1 0.271519 0.604139 0.0889639 0.358162
0 0.971124 0.238626 0.0293297 0.0887894
0 0.608526 0.296794 0.0512542 0.261009
0 0.577044 0.311323 0.0593301 0.27832
1 0.57433 0.407763 0.0398142 0.195253
0 0.707865 0.240995 0.0194412 0.106263
3 0.970825 0.261444 0.0248508 0.0658078
0 0.111882 0.253572 0.0631258 0.141297
1 0.540748 0.398364 0.0317566 0.164454
0 0.931373 0.23247 0.0228966 0.0847094
0 0.504069 0.155066 0.0492163 0.0983389
1 0.216483 0.575773 0.0666127 0.29461
2 0.902485 0.277417 0.024478 0.0337315
1 0.931121 0.268814 0.013073 0.0621302
1 0.610678 0.389755 0.036636 0.181392
0 0.0288617 0.37613 0.0574143 0.411511
1 0.0364392 0.679516 0.0713443 0.354515
2 0.304595 0.286825 0.0602532 0.154839
1 0.507727 0.498754 0.0416595 0.193381
0 0.862444 0.243083 0.0192085 0.0926977
0 0.212933 0.33223 0.0699265 0.288255
0 0.191557 0.255828 0.0397227 0.147334
0 0.212765 0.407913 0.0700406 0.43854
1 0.410643 0.481598 0.0280631 0.112176
1 0.873713 0.272293 0.0138763 0.0573047
0 0.878653 0.245679 0.0250549 0.0995938
2 0.846073 0.257643 0.0195469 0.0665638
1 0.229073 0.581954 0.04682 0.279967
