0 0.211993 0.546743 0.138435 0.188387
0 0.74421 0.528686 0.173227 0.171036
3 0.807246 0.606055 0.335366 0.153319
1 0.351171 0.581386 0.107048 0.106073
1 0.513516 0.548988 0.0866862 0.0742121
1 0.212002 0.603314 0.100766 0.127129
0 0.358366 0.526143 0.108781 0.158486
0 0.0671534 0.525597 0.0894641 0.121052
0 0.630976 0.51383 0.0675562 0.0808842
1 0.629118 0.544713 0.0869714 0.058906
1 0.417498 0.554951 0.0629111 0.0669094
0 0.818765 0.485717 0.0906645 0.0609591
0 0.915059 0.512848 0.0949868 0.103025
1 0.572369 0.526941 0.0399596 0.0418221
1 0.0645664 0.555573 0.0677896 0.0821248
0 0.519919 0.513022 0.0798857 0.103551
0 0.951864 0.490237 0.0709337 0.0503265
1 0.951675 0.552976 0.0952628 0.0831797
1 0.285514 0.551049 0.056075 0.0718307
0 0.211993 0.546743 0.138435 0.188387
0 0.74421 0.528686 0.173227 0.171036
3 0.807246 0.606055 0.335366 0.153319
1 0.351171 0.581386 0.107048 0.106073
1 0.513516 0.548988 0.0866862 0.0742121
1 0.212002 0.603314 0.100766 0.127129
0 0.358366 0.526143 0.108781 0.158486
0 0.0671534 0.525597 0.0894641 0.121052
0 0.630976 0.51383 0.0675562 0.0808842
1 0.629118 0.544713 0.0869714 0.058906
1 0.417498 0.554951 0.0629111 0.0669094
0 0.818765 0.485717 0.0906645 0.0609591
0 0.915059 0.512848 0.0949868 0.103025
1 0.572369 0.526941 0.0399596 0.0418221
1 0.0645664 0.555573 0.0677896 0.0821248
0 0.519919 0.513022 0.0798857 0.103551
0 0.951864 0.490237 0.0709337 0.0503265
1 0.951675 0.552976 0.0952628 0.0831797
1 0.285514 0.551049 0.056075 0.0718307
1 0.114968 0.533024 0.0295139 0.0320192
0 0.283608 0.515492 0.063333 0.0988176
1 0.275566 0.551214 0.0417982 0.0712706
0 0.475217 0.511644 0.0468789 0.0739035
0 0.118495 0.511935 0.0430609 0.0647004
1 0.464606 0.529172 0.0289249 0.0360546
1 0.272938 0.556379 0.0336224 0.0615662
0 0.569754 0.495417 0.0478022 0.0381914
0 0.416906 0.500486 0.0471419 0.0619058
