0 0.418894 0.411687 0.120137 0.518134
1 0.304167 0.6674 0.125679 0.420905
0 0.141152 0.438373 0.0860815 0.462392
0 0.294263 0.431304 0.157151 0.593253
0 0.0859388 0.500996 0.168882 0.631737
2 0.812214 0.252393 0.0573242 0.0823552
0 0.602646 0.33376 0.0674892 0.321033
1 0.0937961 0.705166 0.157681 0.436139
1 0.603837 0.451072 0.05587 0.2327
1 0.51178 0.43666 0.0462404 0.219066
0 0.51567 0.336421 0.0644556 0.329398
0 0.632916 0.322617 0.0312613 0.279578
1 0.423089 0.597809 0.104038 0.382918
0 0.96716 0.234896 0.0309055 0.0887066
0 0.769651 0.242812 0.0203279 0.105477
0 0.919659 0.237989 0.0236961 0.10027
0 0.708447 0.240985 0.0197701 0.10623
1 0.920057 0.267176 0.0162315 0.069298
1 0.557066 0.413678 0.0337215 0.197969
0 0.458802 0.168021 0.0515003 0.131488
3 0.968202 0.259286 0.0242512 0.0692648
0 0.460688 0.255601 0.0504593 0.168779
1 0.859958 0.272659 0.014938 0.0634983
0 0.196539 0.25213 0.0346603 0.133901
0 0.231848 0.311916 0.0662281 0.262401
0 0.418894 0.411687 0.120137 0.518134
1 0.304167 0.6674 0.125679 0.420905
0 0.141152 0.438373 0.0860815 0.462392
0 0.294263 0.431304 0.157151 0.593253
0 0.0859388 0.500996 0.168882 0.631737
2 0.812214 0.252393 0.0573242 0.0823552
0 0.602646 0.33376 0.0674892 0.321033
1 0.0937961 0.705166 0.157681 0.436139
1 0.603837 0.451072 0.05587 0.2327
1 0.51178 0.43666 0.0462404 0.219066
0 0.51567 0.336421 0.0644556 0.329398
0 0.632916 0.322617 0.0312613 0.279578
1 0.423089 0.597809 0.104038 0.382918
0 0.96716 0.234896 0.0309055 0.0887066
0 0.769651 0.242812 0.0203279 0.105477
0 0.919659 0.237989 0.0236961 0.10027
0 0.708447 0.240985 0.0197701 0.10623
1 0.920057 0.267176 0.0162315 0.069298
1 0.557066 0.413678 0.0337215 0.197969
0 0.458802 0.168021 0.0515003 0.131488
3 0.968202 0.259286 0.0242512 0.0692648
0 0.460688 0.255601 0.0504593 0.168779
1 0.859958 0.272659 0.014938 0.0634983
0 0.196539 0.25213 0.0346603 0.133901
0 0.231848 0.311916 0.0662281 0.262401
0 0.418894 0.411687 0.120137 0.518134
1 0.304167 0.6674 0.125679 0.420905
0 0.141152 0.438373 0.0860815 0.462392
0 0.294263 0.431304 0.157151 0.593253
0 0.0859388 0.500996 0.168882 0.631737
2 0.812214 0.252393 0.0573242 0.0823552
0 0.602646 0.33376 0.0674892 0.321033
1 0.0937961 0.705166 0.157681 0.436139
1 0.603837 0.451072 0.05587 0.2327
1 0.51178 0.43666 0.0462404 0.219066
0 0.51567 0.336421 0.0644556 0.329398
0 0.632916 0.322617 0.0312613 0.279578
1 0.423089 0.597809 0.104038 0.382918
0 0.96716 0.234896 0.0309055 0.0887066
0 0.769651 0.242812 0.0203279 0.105477
0 0.919659 0.237989 0.0236961 0.10027
0 0.708447 0.240985 0.0197701 0.10623
1 0.920057 0.267176 0.0162315 0.069298
1 0.557066 0.413678 0.0337215 0.197969
0 0.458802 0.168021 0.0515003 0.131488
3 0.968202 0.259286 0.0242512 0.0692648
0 0.460688 0.255601 0.0504593 0.168779
1 0.859958 0.272659 0.014938 0.0634983
0 0.196539 0.25213 0.0346603 0.133901
0 0.231848 0.311916 0.0662281 0.262401
0 0.418894 0.411687 0.120137 0.518134
1 0.304167 0.6674 0.125679 0.420905
0 0.141152 0.438373 0.0860815 0.462392
0 0.294263 0.431304 0.157151 0.593253
0 0.0859388 0.500996 0.168882 0.631737
2 0.812214 0.252393 0.0573242 0.0823552
0 0.602646 0.33376 0.0674892 0.321033
1 0.0937961 0.705166 0.157681 0.436139
1 0.603837 0.451072 0.05587 0.2327
1 0.51178 0.43666 0.0462404 0.219066
0 0.51567 0.336421 0.0644556 0.329398
0 0.632916 0.322617 0.0312613 0.279578
1 0.423089 0.597809 0.104038 0.382918
0 0.96716 0.234896 0.0309055 0.0887066
0 0.769651 0.242812 0.0203279 0.105477
0 0.919659 0.237989 0.0236961 0.10027
0 0.708447 0.240985 0.0197701 0.10623
1 0.920057 0.267176 0.0162315 0.069298
1 0.557066 0.413678 0.0337215 0.197969
0 0.458802 0.168021 0.0515003 0.131488
3 0.968202 0.259286 0.0242512 0.0692648
0 0.460688 0.255601 0.0504593 0.168779
1 0.859958 0.272659 0.014938 0.0634983
0 0.196539 0.25213 0.0346603 0.133901
0 0.231848 0.311916 0.0662281 0.262401
0 0.418894 0.411687 0.120137 0.518134
1 0.304167 0.6674 0.125679 0.420905
0 0.141152 0.438373 0.0860815 0.462392
0 0.294263 0.431304 0.157151 0.593253
0 0.0859388 0.500996 0.168882 0.631737
2 0.812214 0.252393 0.0573242 0.0823552
0 0.602646 0.33376 0.0674892 0.321033
1 0.0937961 0.705166 0.157681 0.436139
1 0.603837 0.451072 0.05587 0.2327
1 0.51178 0.43666 0.0462404 0.219066
0 0.51567 0.336421 0.0644556 0.329398
0 0.632916 0.322617 0.0312613 0.279578
1 0.423089 0.597809 0.104038 0.382918
0 0.96716 0.234896 0.0309055 0.0887066
0 0.769651 0.242812 0.0203279 0.105477
0 0.919659 0.237989 0.0236961 0.10027
0 0.708447 0.240985 0.0197701 0.10623
1 0.920057 0.267176 0.0162315 0.069298
1 0.557066 0.413678 0.0337215 0.197969
0 0.458802 0.168021 0.0515003 0.131488
3 0.968202 0.259286 0.0242512 0.0692648
0 0.460688 0.255601 0.0504593 0.168779
1 0.859958 0.272659 0.014938 0.0634983
0 0.196539 0.25213 0.0346603 0.133901
0 0.231848 0.311916 0.0662281 0.262401
0 0.859452 0.240219 0.0289507 0.0914465
0 0.548898 0.324053 0.0520599 0.298219
1 0.478275 0.422722 0.0212958 0.167197
1 0.223927 0.577718 0.0594215 0.324126
