0 0.443677 0.56457 0.0638502 0.0985769
0 0.162744 0.58288 0.0897228 0.135746
0 0.519581 0.562314 0.0586924 0.0857319
0 0.206853 0.581266 0.0550682 0.130426
0 0.666394 0.559222 0.0497582 0.0820255
1 0.177228 0.618349 0.0654394 0.0858664
0 0.773989 0.555206 0.046384 0.0765009
1 0.440093 0.598641 0.0401591 0.059488
0 0.734069 0.560538 0.0532176 0.0808502
0 0.89834 0.556278 0.0405146 0.068927
1 0.525192 0.588508 0.0355013 0.0542668
0 0.696457 0.559025 0.0389094 0.0807063
1 0.670175 0.585863 0.038337 0.0445942
0 0.810146 0.56185 0.0497125 0.0806727
0 0.85134 0.560178 0.0373686 0.0730315
1 0.726166 0.582884 0.0390639 0.046077
0 0.850648 0.542218 0.0321136 0.0375021
0 0.858744 0.560448 0.0441854 0.0724322
0 0.722864 0.559296 0.0442362 0.0831788
1 0.770943 0.583856 0.0436279 0.0419177
0 0.708375 0.558916 0.0394277 0.0831451
1 0.765389 0.58064 0.0376187 0.0462513
0 0.443677 0.56457 0.0638502 0.0985769
0 0.162744 0.58288 0.0897228 0.135746
0 0.519581 0.562314 0.0586924 0.0857319
0 0.206853 0.581266 0.0550682 0.130426
0 0.666394 0.559222 0.0497582 0.0820255
1 0.177228 0.618349 0.0654394 0.0858664
0 0.773989 0.555206 0.046384 0.0765009
1 0.440093 0.598641 0.0401591 0.059488
0 0.734069 0.560538 0.0532176 0.0808502
0 0.89834 0.556278 0.0405146 0.068927
1 0.525192 0.588508 0.0355013 0.0542668
0 0.696457 0.559025 0.0389094 0.0807063
1 0.670175 0.585863 0.038337 0.0445942
0 0.810146 0.56185 0.0497125 0.0806727
0 0.85134 0.560178 0.0373686 0.0730315
1 0.726166 0.582884 0.0390639 0.046077
0 0.850648 0.542218 0.0321136 0.0375021
0 0.858744 0.560448 0.0441854 0.0724322
0 0.722864 0.559296 0.0442362 0.0831788
1 0.770943 0.583856 0.0436279 0.0419177
0 0.708375 0.558916 0.0394277 0.0831451
1 0.765389 0.58064 0.0376187 0.0462513
0 0.443677 0.56457 0.0638502 0.0985769
0 0.162744 0.58288 0.0897228 0.135746
0 0.519581 0.562314 0.0586924 0.0857319
0 0.206853 0.581266 0.0550682 0.130426
0 0.666394 0.559222 0.0497582 0.0820255
1 0.177228 0.618349 0.0654394 0.0858664
0 0.773989 0.555206 0.046384 0.0765009
1 0.440093 0.598641 0.0401591 0.059488
0 0.734069 0.560538 0.0532176 0.0808502
0 0.89834 0.556278 0.0405146 0.068927
1 0.525192 0.588508 0.0355013 0.0542668
0 0.696457 0.559025 0.0389094 0.0807063
1 0.670175 0.585863 0.038337 0.0445942
0 0.810146 0.56185 0.0497125 0.0806727
0 0.85134 0.560178 0.0373686 0.0730315
1 0.726166 0.582884 0.0390639 0.046077
0 0.850648 0.542218 0.0321136 0.0375021
0 0.858744 0.560448 0.0441854 0.0724322
0 0.722864 0.559296 0.0442362 0.0831788
1 0.770943 0.583856 0.0436279 0.0419177
0 0.708375 0.558916 0.0394277 0.0831451
1 0.765389 0.58064 0.0376187 0.0462513
0 0.443467 0.564162 0.0637394 0.0968429
0 0.207499 0.580674 0.0552294 0.130068
0 0.163531 0.582969 0.0863274 0.137947
0 0.519217 0.563225 0.0576406 0.086547
1 0.171168 0.618613 0.0788851 0.0848947
0 0.77512 0.555025 0.0475657 0.0762257
0 0.735466 0.561367 0.0491479 0.0789103
0 0.663433 0.558599 0.0437208 0.078689
0 0.898923 0.55675 0.0418664 0.0707182
0 0.850673 0.557345 0.0363936 0.0682298
1 0.671067 0.583504 0.0342383 0.0477283
1 0.443268 0.596661 0.0298487 0.0648979
0 0.940911 0.555749 0.0210636 0.0530565
0 0.807402 0.559127 0.0349114 0.0741116
1 0.520822 0.588682 0.0447812 0.0557156
0 0.443467 0.564162 0.0637394 0.0968429
0 0.207499 0.580674 0.0552294 0.130068
0 0.163531 0.582969 0.0863274 0.137947
0 0.519217 0.563225 0.0576406 0.086547
1 0.171168 0.618613 0.0788851 0.0848947
0 0.77512 0.555025 0.0475657 0.0762257
0 0.735466 0.561367 0.0491479 0.0789103
0 0.663433 0.558599 0.0437208 0.078689
0 0.898923 0.55675 0.0418664 0.0707182
0 0.850673 0.557345 0.0363936 0.0682298
1 0.671067 0.583504 0.0342383 0.0477283
1 0.443268 0.596661 0.0298487 0.0648979
0 0.940911 0.555749 0.0210636 0.0530565
0 0.807402 0.559127 0.0349114 0.0741116
1 0.520822 0.588682 0.0447812 0.0557156
0 0.443467 0.564162 0.0637394 0.0968429
0 0.207499 0.580674 0.0552294 0.130068
0 0.163531 0.582969 0.0863274 0.137947
0 0.519217 0.563225 0.0576406 0.086547
1 0.171168 0.618613 0.0788851 0.0848947
0 0.77512 0.555025 0.0475657 0.0762257
0 0.735466 0.561367 0.0491479 0.0789103
0 0.663433 0.558599 0.0437208 0.078689
0 0.898923 0.55675 0.0418664 0.0707182
0 0.850673 0.557345 0.0363936 0.0682298
1 0.671067 0.583504 0.0342383 0.0477283
1 0.443268 0.596661 0.0298487 0.0648979
0 0.940911 0.555749 0.0210636 0.0530565
0 0.807402 0.559127 0.0349114 0.0741116
1 0.520822 0.588682 0.0447812 0.0557156
0 0.443467 0.564162 0.0637394 0.0968429
0 0.207499 0.580674 0.0552294 0.130068
0 0.163531 0.582969 0.0863274 0.137947
0 0.519217 0.563225 0.0576406 0.086547
1 0.171168 0.618613 0.0788851 0.0848947
0 0.77512 0.555025 0.0475657 0.0762257
0 0.735466 0.561367 0.0491479 0.0789103
0 0.663433 0.558599 0.0437208 0.078689
0 0.898923 0.55675 0.0418664 0.0707182
0 0.850673 0.557345 0.0363936 0.0682298
1 0.671067 0.583504 0.0342383 0.0477283
1 0.443268 0.596661 0.0298487 0.0648979
0 0.940911 0.555749 0.0210636 0.0530565
0 0.807402 0.559127 0.0349114 0.0741116
1 0.520822 0.588682 0.0447812 0.0557156
0 0.443467 0.564162 0.0637394 0.0968429
0 0.207499 0.580674 0.0552294 0.130068
0 0.163531 0.582969 0.0863274 0.137947
0 0.519217 0.563225 0.0576406 0.086547
1 0.171168 0.618613 0.0788851 0.0848947
0 0.77512 0.555025 0.0475657 0.0762257
0 0.735466 0.561367 0.0491479 0.0789103
0 0.663433 0.558599 0.0437208 0.078689
0 0.898923 0.55675 0.0418664 0.0707182
0 0.850673 0.557345 0.0363936 0.0682298
1 0.671067 0.583504 0.0342383 0.0477283
1 0.443268 0.596661 0.0298487 0.0648979
0 0.940911 0.555749 0.0210636 0.0530565
0 0.807402 0.559127 0.0349114 0.0741116
1 0.520822 0.588682 0.0447812 0.0557156
0 0.443467 0.564162 0.0637394 0.0968429
0 0.207499 0.580674 0.0552294 0.130068
0 0.163531 0.582969 0.0863274 0.137947
0 0.519217 0.563225 0.0576406 0.086547
1 0.171168 0.618613 0.0788851 0.0848947
0 0.77512 0.555025 0.0475657 0.0762257
0 0.735466 0.561367 0.0491479 0.0789103
0 0.663433 0.558599 0.0437208 0.078689
0 0.898923 0.55675 0.0418664 0.0707182
0 0.850673 0.557345 0.0363936 0.0682298
1 0.671067 0.583504 0.0342383 0.0477283
1 0.443268 0.596661 0.0298487 0.0648979
0 0.940911 0.555749 0.0210636 0.0530565
0 0.807402 0.559127 0.0349114 0.0741116
1 0.520822 0.588682 0.0447812 0.0557156
0 0.443467 0.564162 0.0637394 0.0968429
0 0.207499 0.580674 0.0552294 0.130068
0 0.163531 0.582969 0.0863274 0.137947
0 0.519217 0.563225 0.0576406 0.086547
1 0.171168 0.618613 0.0788851 0.0848947
0 0.77512 0.555025 0.0475657 0.0762257
0 0.735466 0.561367 0.0491479 0.0789103
0 0.663433 0.558599 0.0437208 0.078689
0 0.898923 0.55675 0.0418664 0.0707182
0 0.850673 0.557345 0.0363936 0.0682298
1 0.671067 0.583504 0.0342383 0.0477283
1 0.443268 0.596661 0.0298487 0.0648979
0 0.940911 0.555749 0.0210636 0.0530565
0 0.807402 0.559127 0.0349114 0.0741116
1 0.520822 0.588682 0.0447812 0.0557156
0 0.443467 0.564162 0.0637394 0.0968429
0 0.207499 0.580674 0.0552294 0.130068
0 0.163531 0.582969 0.0863274 0.137947
0 0.519217 0.563225 0.0576406 0.086547
1 0.171168 0.618613 0.0788851 0.0848947
0 0.77512 0.555025 0.0475657 0.0762257
0 0.735466 0.561367 0.0491479 0.0789103
0 0.663433 0.558599 0.0437208 0.078689
0 0.898923 0.55675 0.0418664 0.0707182
0 0.850673 0.557345 0.0363936 0.0682298
1 0.671067 0.583504 0.0342383 0.0477283
1 0.443268 0.596661 0.0298487 0.0648979
0 0.940911 0.555749 0.0210636 0.0530565
0 0.807402 0.559127 0.0349114 0.0741116
1 0.520822 0.588682 0.0447812 0.0557156
0 0.704497 0.558139 0.0423713 0.0811523
1 0.777016 0.582767 0.036067 0.0433104
1 0.443521 0.595666 0.044879 0.0650588
0 0.825161 0.55795 0.0286004 0.0710725
0 0.814387 0.558959 0.0448634 0.0739608
