0 0.0742971 0.581661 0.0892009 0.137025
0 0.5524 0.576056 0.0674748 0.121514
0 0.253707 0.577814 0.079963 0.117484
0 0.445191 0.577684 0.0675038 0.10305
0 0.613541 0.574204 0.0604297 0.103129
0 0.653324 0.566089 0.0500587 0.096648
0 0.412527 0.569485 0.0428647 0.102176
1 0.254228 0.608297 0.0592101 0.0835016
1 0.448277 0.610157 0.0349933 0.0683998
0 0.730901 0.561622 0.0568865 0.0882259
1 0.0795592 0.626298 0.0495876 0.0900377
0 0.830722 0.561854 0.03852 0.0674666
0 0.479765 0.570756 0.0507835 0.118724
0 0.906346 0.553161 0.0395389 0.0695155
0 0.0742971 0.581661 0.0892009 0.137025
0 0.5524 0.576056 0.0674748 0.121514
0 0.253707 0.577814 0.079963 0.117484
0 0.445191 0.577684 0.0675038 0.10305
0 0.613541 0.574204 0.0604297 0.103129
0 0.653324 0.566089 0.0500587 0.096648
0 0.412527 0.569485 0.0428647 0.102176
1 0.254228 0.608297 0.0592101 0.0835016
1 0.448277 0.610157 0.0349933 0.0683998
0 0.730901 0.561622 0.0568865 0.0882259
1 0.0795592 0.626298 0.0495876 0.0900377
0 0.830722 0.561854 0.03852 0.0674666
0 0.479765 0.570756 0.0507835 0.118724
0 0.906346 0.553161 0.0395389 0.0695155
0 0.0742971 0.581661 0.0892009 0.137025
0 0.5524 0.576056 0.0674748 0.121514
0 0.253707 0.577814 0.079963 0.117484
0 0.445191 0.577684 0.0675038 0.10305
0 0.613541 0.574204 0.0604297 0.103129
0 0.653324 0.566089 0.0500587 0.096648
0 0.412527 0.569485 0.0428647 0.102176
1 0.254228 0.608297 0.0592101 0.0835016
1 0.448277 0.610157 0.0349933 0.0683998
0 0.730901 0.561622 0.0568865 0.0882259
1 0.0795592 0.626298 0.0495876 0.0900377
0 0.830722 0.561854 0.03852 0.0674666
0 0.479765 0.570756 0.0507835 0.118724
0 0.906346 0.553161 0.0395389 0.0695155
0 0.0742971 0.581661 0.0892009 0.137025
0 0.5524 0.576056 0.0674748 0.121514
0 0.253707 0.577814 0.079963 0.117484
0 0.445191 0.577684 0.0675038 0.10305
0 0.613541 0.574204 0.0604297 0.103129
0 0.653324 0.566089 0.0500587 0.096648
0 0.412527 0.569485 0.0428647 0.102176
1 0.254228 0.608297 0.0592101 0.0835016
1 0.448277 0.610157 0.0349933 0.0683998
0 0.730901 0.561622 0.0568865 0.0882259
1 0.0795592 0.626298 0.0495876 0.0900377
0 0.830722 0.561854 0.03852 0.0674666
0 0.479765 0.570756 0.0507835 0.118724
0 0.906346 0.553161 0.0395389 0.0695155
0 0.0742971 0.581661 0.0892009 0.137025
0 0.5524 0.576056 0.0674748 0.121514
0 0.253707 0.577814 0.079963 0.117484
0 0.445191 0.577684 0.0675038 0.10305
0 0.613541 0.574204 0.0604297 0.103129
0 0.653324 0.566089 0.0500587 0.096648
0 0.412527 0.569485 0.0428647 0.102176
1 0.254228 0.608297 0.0592101 0.0835016
1 0.448277 0.610157 0.0349933 0.0683998
0 0.730901 0.561622 0.0568865 0.0882259
1 0.0795592 0.626298 0.0495876 0.0900377
0 0.830722 0.561854 0.03852 0.0674666
0 0.479765 0.570756 0.0507835 0.118724
0 0.906346 0.553161 0.0395389 0.0695155
0 0.0742971 0.581661 0.0892009 0.137025
0 0.5524 0.576056 0.0674748 0.121514
0 0.253707 0.577814 0.079963 0.117484
0 0.445191 0.577684 0.0675038 0.10305
0 0.613541 0.574204 0.0604297 0.103129
0 0.653324 0.566089 0.0500587 0.096648
0 0.412527 0.569485 0.0428647 0.102176
1 0.254228 0.608297 0.0592101 0.0835016
1 0.448277 0.610157 0.0349933 0.0683998
0 0.730901 0.561622 0.0568865 0.0882259
1 0.0795592 0.626298 0.0495876 0.0900377
0 0.830722 0.561854 0.03852 0.0674666
0 0.479765 0.570756 0.0507835 0.118724
0 0.906346 0.553161 0.0395389 0.0695155
1 0.64558 0.601299 0.0414658 0.061094
1 0.561746 0.606386 0.0371867 0.0702665
0 0.87331 0.561852 0.040506 0.0708428
1 0.506321 0.603308 0.0334751 0.062616
0 0.799236 0.561423 0.038304 0.0750944
0 0.511871 0.57699 0.0400793 0.108342
1 0.570847 0.604934 0.0374636 0.0694947
1 0.647846 0.601179 0.0246484 0.0596158
1 0.729041 0.587991 0.0338813 0.0485304
1 0.895163 0.578441 0.0299889 0.0439795
1 0.440078 0.607739 0.0508974 0.0713646
0 0.680945 0.565843 0.0437504 0.0921453
1 0.558137 0.606955 0.0245559 0.0695465
1 0.0742512 0.625831 0.0785327 0.0922816
1 0.601594 0.602578 0.0410148 0.0620162
1 0.500001 0.602491 0.0334131 0.063379
1 0.658164 0.598375 0.044401 0.0628529
