0 0.0521194 0.605179 0.100415 0.188732
0 0.243485 0.587862 0.092738 0.153303
0 0.148411 0.598247 0.10394 0.168563
0 0.653009 0.561485 0.0538161 0.0842302
0 0.781604 0.555551 0.0548235 0.0690083
1 0.0430597 0.66445 0.0683154 0.117513
1 0.244171 0.627843 0.0571961 0.0960432
1 0.653595 0.584406 0.0431161 0.0487038
1 0.780784 0.579229 0.0373227 0.0358894
1 0.149418 0.649451 0.0444896 0.107402
1 0.142239 0.650216 0.0651674 0.106953
0 0.936354 0.555646 0.027545 0.0575843
0 0.0521194 0.605179 0.100415 0.188732
0 0.243485 0.587862 0.092738 0.153303
0 0.148411 0.598247 0.10394 0.168563
0 0.653009 0.561485 0.0538161 0.0842302
0 0.781604 0.555551 0.0548235 0.0690083
1 0.0430597 0.66445 0.0683154 0.117513
1 0.244171 0.627843 0.0571961 0.0960432
1 0.653595 0.584406 0.0431161 0.0487038
1 0.780784 0.579229 0.0373227 0.0358894
1 0.149418 0.649451 0.0444896 0.107402
1 0.142239 0.650216 0.0651674 0.106953
0 0.936354 0.555646 0.027545 0.0575843
0 0.0521194 0.605179 0.100415 0.188732
0 0.243485 0.587862 0.092738 0.153303
0 0.148411 0.598247 0.10394 0.168563
0 0.653009 0.561485 0.0538161 0.0842302
0 0.781604 0.555551 0.0548235 0.0690083
1 0.0430597 0.66445 0.0683154 0.117513
1 0.244171 0.627843 0.0571961 0.0960432
1 0.653595 0.584406 0.0431161 0.0487038
1 0.780784 0.579229 0.0373227 0.0358894
1 0.149418 0.649451 0.0444896 0.107402
1 0.142239 0.650216 0.0651674 0.106953
0 0.936354 0.555646 0.027545 0.0575843
0 0.0511721 0.606503 0.100815 0.190281
0 0.243713 0.587738 0.0922106 0.153353
0 0.14836 0.599725 0.104701 0.170112
0 0.654185 0.56037 0.0518773 0.0829334
1 0.0446964 0.663234 0.0690428 0.121501
1 0.250362 0.626837 0.0673175 0.0989908
0 0.779449 0.556306 0.0530168 0.0704273
1 0.148576 0.644307 0.0612036 0.117214
0 0.0511721 0.606503 0.100815 0.190281
0 0.243713 0.587738 0.0922106 0.153353
0 0.14836 0.599725 0.104701 0.170112
0 0.654185 0.56037 0.0518773 0.0829334
1 0.0446964 0.663234 0.0690428 0.121501
1 0.250362 0.626837 0.0673175 0.0989908
0 0.779449 0.556306 0.0530168 0.0704273
1 0.148576 0.644307 0.0612036 0.117214
0 0.0511721 0.606503 0.100815 0.190281
0 0.243713 0.587738 0.0922106 0.153353
0 0.14836 0.599725 0.104701 0.170112
0 0.654185 0.56037 0.0518773 0.0829334
1 0.0446964 0.663234 0.0690428 0.121501
1 0.250362 0.626837 0.0673175 0.0989908
0 0.779449 0.556306 0.0530168 0.0704273
1 0.148576 0.644307 0.0612036 0.117214
0 0.0511721 0.606503 0.100815 0.190281
0 0.243713 0.587738 0.0922106 0.153353
0 0.14836 0.599725 0.104701 0.170112
0 0.654185 0.56037 0.0518773 0.0829334
1 0.0446964 0.663234 0.0690428 0.121501
1 0.250362 0.626837 0.0673175 0.0989908
0 0.779449 0.556306 0.0530168 0.0704273
1 0.148576 0.644307 0.0612036 0.117214
0 0.0511721 0.606503 0.100815 0.190281
0 0.243713 0.587738 0.0922106 0.153353
0 0.14836 0.599725 0.104701 0.170112
0 0.654185 0.56037 0.0518773 0.0829334
1 0.0446964 0.663234 0.0690428 0.121501
1 0.250362 0.626837 0.0673175 0.0989908
0 0.779449 0.556306 0.0530168 0.0704273
1 0.148576 0.644307 0.0612036 0.117214
0 0.0511721 0.606503 0.100815 0.190281
0 0.243713 0.587738 0.0922106 0.153353
0 0.14836 0.599725 0.104701 0.170112
0 0.654185 0.56037 0.0518773 0.0829334
1 0.0446964 0.663234 0.0690428 0.121501
1 0.250362 0.626837 0.0673175 0.0989908
0 0.779449 0.556306 0.0530168 0.0704273
1 0.148576 0.644307 0.0612036 0.117214
0 0.0511721 0.606503 0.100815 0.190281
0 0.243713 0.587738 0.0922106 0.153353
0 0.14836 0.599725 0.104701 0.170112
0 0.654185 0.56037 0.0518773 0.0829334
1 0.0446964 0.663234 0.0690428 0.121501
1 0.250362 0.626837 0.0673175 0.0989908
0 0.779449 0.556306 0.0530168 0.0704273
1 0.148576 0.644307 0.0612036 0.117214
0 0.0511721 0.606503 0.100815 0.190281
0 0.243713 0.587738 0.0922106 0.153353
0 0.14836 0.599725 0.104701 0.170112
0 0.654185 0.56037 0.0518773 0.0829334
1 0.0446964 0.663234 0.0690428 0.121501
1 0.250362 0.626837 0.0673175 0.0989908
0 0.779449 0.556306 0.0530168 0.0704273
1 0.148576 0.644307 0.0612036 0.117214
1 0.653369 0.584556 0.0400412 0.0483932
1 0.781219 0.578032 0.0313134 0.0403399
0 0.949712 0.554941 0.0314236 0.0580531
