0 0.281554 0.588708 0.104349 0.149978
0 0.371424 0.579026 0.0754303 0.124397
0 0.127145 0.592711 0.104602 0.166203
0 0.0497628 0.599973 0.0782414 0.186602
0 0.698137 0.562713 0.0657515 0.0765551
1 0.127932 0.647348 0.0672664 0.106768
0 0.788205 0.559049 0.0386556 0.0639791
1 0.28615 0.639099 0.075612 0.100603
1 0.370347 0.62119 0.0428057 0.0753204
0 0.817872 0.559376 0.0384554 0.0631454
1 0.0323867 0.665545 0.0632373 0.127929
1 0.697131 0.585755 0.0419846 0.0453238
0 0.0260245 0.598034 0.0503724 0.179889
1 0.285575 0.640145 0.0518774 0.0980527
0 0.319127 0.576408 0.0571999 0.118808
0 0.78736 0.551682 0.034551 0.0485479
1 0.784291 0.581141 0.0244097 0.0377344
1 0.370246 0.621808 0.0295354 0.0751087
0 0.311496 0.588461 0.0591241 0.146498
0 0.31894 0.555797 0.0569112 0.0759413
1 0.797103 0.579532 0.0480126 0.0393397
1 0.0376512 0.654317 0.0566098 0.106816
1 0.813545 0.576395 0.0340044 0.0375103
0 0.281554 0.588708 0.104349 0.149978
0 0.371424 0.579026 0.0754303 0.124397
0 0.127145 0.592711 0.104602 0.166203
0 0.0497628 0.599973 0.0782414 0.186602
0 0.698137 0.562713 0.0657515 0.0765551
1 0.127932 0.647348 0.0672664 0.106768
0 0.788205 0.559049 0.0386556 0.0639791
1 0.28615 0.639099 0.075612 0.100603
1 0.370347 0.62119 0.0428057 0.0753204
0 0.817872 0.559376 0.0384554 0.0631454
1 0.0323867 0.665545 0.0632373 0.127929
1 0.697131 0.585755 0.0419846 0.0453238
0 0.0260245 0.598034 0.0503724 0.179889
1 0.285575 0.640145 0.0518774 0.0980527
0 0.319127 0.576408 0.0571999 0.118808
0 0.78736 0.551682 0.034551 0.0485479
1 0.784291 0.581141 0.0244097 0.0377344
1 0.370246 0.621808 0.0295354 0.0751087
0 0.311496 0.588461 0.0591241 0.146498
0 0.31894 0.555797 0.0569112 0.0759413
1 0.797103 0.579532 0.0480126 0.0393397
1 0.0376512 0.654317 0.0566098 0.106816
1 0.813545 0.576395 0.0340044 0.0375103
0 0.281554 0.588708 0.104349 0.149978
0 0.371424 0.579026 0.0754303 0.124397
0 0.127145 0.592711 0.104602 0.166203
0 0.0497628 0.599973 0.0782414 0.186602
0 0.698137 0.562713 0.0657515 0.0765551
1 0.127932 0.647348 0.0672664 0.106768
0 0.788205 0.559049 0.0386556 0.0639791
1 0.28615 0.639099 0.075612 0.100603
1 0.370347 0.62119 0.0428057 0.0753204
0 0.817872 0.559376 0.0384554 0.0631454
1 0.0323867 0.665545 0.0632373 0.127929
1 0.697131 0.585755 0.0419846 0.0453238
0 0.0260245 0.598034 0.0503724 0.179889
1 0.285575 0.640145 0.0518774 0.0980527
0 0.319127 0.576408 0.0571999 0.118808
0 0.78736 0.551682 0.034551 0.0485479
1 0.784291 0.581141 0.0244097 0.0377344
1 0.370246 0.621808 0.0295354 0.0751087
0 0.311496 0.588461 0.0591241 0.146498
0 0.31894 0.555797 0.0569112 0.0759413
1 0.797103 0.579532 0.0480126 0.0393397
1 0.0376512 0.654317 0.0566098 0.106816
1 0.813545 0.576395 0.0340044 0.0375103
0 0.281681 0.588775 0.102972 0.150493
0 0.372163 0.579205 0.0730816 0.124895
0 0.124848 0.598609 0.106451 0.179235
0 0.0470687 0.601044 0.0831771 0.18837
0 0.697163 0.560942 0.0643662 0.0726494
1 0.128445 0.646762 0.0715185 0.107275
0 0.787544 0.559254 0.0385625 0.0630999
1 0.372258 0.619294 0.0596437 0.0794676
1 0.285114 0.636678 0.0669784 0.103441
0 0.817734 0.559582 0.0383816 0.0630469
1 0.697846 0.584603 0.0453286 0.046928
1 0.0332004 0.662532 0.060054 0.126819
0 0.281681 0.588775 0.102972 0.150493
0 0.372163 0.579205 0.0730816 0.124895
0 0.124848 0.598609 0.106451 0.179235
0 0.0470687 0.601044 0.0831771 0.18837
0 0.697163 0.560942 0.0643662 0.0726494
1 0.128445 0.646762 0.0715185 0.107275
0 0.787544 0.559254 0.0385625 0.0630999
1 0.372258 0.619294 0.0596437 0.0794676
1 0.285114 0.636678 0.0669784 0.103441
0 0.817734 0.559582 0.0383816 0.0630469
1 0.697846 0.584603 0.0453286 0.046928
1 0.0332004 0.662532 0.060054 0.126819
