0 0.4662 0.56289 0.0643024 0.0980404
0 0.540417 0.56187 0.0576896 0.085392
0 0.21653 0.577575 0.0807198 0.128387
0 0.258064 0.572893 0.0509987 0.113874
1 0.466285 0.595142 0.0337409 0.0598495
0 0.687438 0.562003 0.0429289 0.0833607
1 0.224058 0.614605 0.0658229 0.0811716
0 0.755461 0.561949 0.0491818 0.081657
0 0.826246 0.56081 0.0509294 0.0775419
1 0.537119 0.587573 0.0383476 0.0540651
0 0.72488 0.558083 0.047365 0.0807636
0 0.918496 0.555362 0.0331787 0.0679338
0 0.867842 0.557154 0.0311086 0.0691786
0 0.79284 0.558787 0.0404143 0.0768475
0 0.892145 0.556277 0.0308434 0.0681594
1 0.780612 0.582083 0.0305172 0.0455195
1 0.824793 0.5811 0.0430966 0.0433741
1 0.71208 0.581758 0.0399767 0.0481543
1 0.4673 0.59317 0.0502958 0.0625368
1 0.692343 0.583068 0.0437141 0.0465632
1 0.759537 0.582389 0.0509237 0.0450269
0 0.4662 0.56289 0.0643024 0.0980404
0 0.540417 0.56187 0.0576896 0.085392
0 0.21653 0.577575 0.0807198 0.128387
0 0.258064 0.572893 0.0509987 0.113874
1 0.466285 0.595142 0.0337409 0.0598495
0 0.687438 0.562003 0.0429289 0.0833607
1 0.224058 0.614605 0.0658229 0.0811716
0 0.755461 0.561949 0.0491818 0.081657
0 0.826246 0.56081 0.0509294 0.0775419
1 0.537119 0.587573 0.0383476 0.0540651
0 0.72488 0.558083 0.047365 0.0807636
0 0.918496 0.555362 0.0331787 0.0679338
0 0.867842 0.557154 0.0311086 0.0691786
0 0.79284 0.558787 0.0404143 0.0768475
0 0.892145 0.556277 0.0308434 0.0681594
1 0.780612 0.582083 0.0305172 0.0455195
1 0.824793 0.5811 0.0430966 0.0433741
1 0.71208 0.581758 0.0399767 0.0481543
1 0.4673 0.59317 0.0502958 0.0625368
1 0.692343 0.583068 0.0437141 0.0465632
1 0.759537 0.582389 0.0509237 0.0450269
0 0.4662 0.56289 0.0643024 0.0980404
0 0.540417 0.56187 0.0576896 0.085392
0 0.21653 0.577575 0.0807198 0.128387
0 0.258064 0.572893 0.0509987 0.113874
1 0.466285 0.595142 0.0337409 0.0598495
0 0.687438 0.562003 0.0429289 0.0833607
1 0.224058 0.614605 0.0658229 0.0811716
0 0.755461 0.561949 0.0491818 0.081657
0 0.826246 0.56081 0.0509294 0.0775419
1 0.537119 0.587573 0.0383476 0.0540651
0 0.72488 0.558083 0.047365 0.0807636
0 0.918496 0.555362 0.0331787 0.0679338
0 0.867842 0.557154 0.0311086 0.0691786
0 0.79284 0.558787 0.0404143 0.0768475
0 0.892145 0.556277 0.0308434 0.0681594
1 0.780612 0.582083 0.0305172 0.0455195
1 0.824793 0.5811 0.0430966 0.0433741
1 0.71208 0.581758 0.0399767 0.0481543
1 0.4673 0.59317 0.0502958 0.0625368
1 0.692343 0.583068 0.0437141 0.0465632
1 0.759537 0.582389 0.0509237 0.0450269
0 0.466425 0.564288 0.0635474 0.10009
0 0.216023 0.582485 0.078443 0.139381
0 0.540013 0.560864 0.0566477 0.0838747
0 0.256178 0.57249 0.051195 0.11433
0 0.686936 0.561076 0.0413437 0.0808523
0 0.829084 0.557135 0.0457428 0.07095
0 0.755928 0.561085 0.0458035 0.0797018
0 0.919308 0.550458 0.0349403 0.0596655
0 0.789164 0.555598 0.0432058 0.0732803
1 0.468556 0.5928 0.0457192 0.0662752
1 0.539443 0.586169 0.0363134 0.0564474
0 0.867786 0.557178 0.028694 0.0692796
0 0.724741 0.55782 0.0462562 0.0808438
0 0.890123 0.556289 0.0309496 0.0673301
0 0.466425 0.564288 0.0635474 0.10009
0 0.216023 0.582485 0.078443 0.139381
0 0.540013 0.560864 0.0566477 0.0838747
0 0.256178 0.57249 0.051195 0.11433
0 0.686936 0.561076 0.0413437 0.0808523
0 0.829084 0.557135 0.0457428 0.07095
0 0.755928 0.561085 0.0458035 0.0797018
0 0.919308 0.550458 0.0349403 0.0596655
0 0.789164 0.555598 0.0432058 0.0732803
1 0.468556 0.5928 0.0457192 0.0662752
1 0.539443 0.586169 0.0363134 0.0564474
0 0.867786 0.557178 0.028694 0.0692796
0 0.724741 0.55782 0.0462562 0.0808438
0 0.890123 0.556289 0.0309496 0.0673301
0 0.466425 0.564288 0.0635474 0.10009
0 0.216023 0.582485 0.078443 0.139381
0 0.540013 0.560864 0.0566477 0.0838747
0 0.256178 0.57249 0.051195 0.11433
0 0.686936 0.561076 0.0413437 0.0808523
0 0.829084 0.557135 0.0457428 0.07095
0 0.755928 0.561085 0.0458035 0.0797018
0 0.919308 0.550458 0.0349403 0.0596655
0 0.789164 0.555598 0.0432058 0.0732803
1 0.468556 0.5928 0.0457192 0.0662752
1 0.539443 0.586169 0.0363134 0.0564474
0 0.867786 0.557178 0.028694 0.0692796
0 0.724741 0.55782 0.0462562 0.0808438
0 0.890123 0.556289 0.0309496 0.0673301
0 0.466425 0.564288 0.0635474 0.10009
0 0.216023 0.582485 0.078443 0.139381
0 0.540013 0.560864 0.0566477 0.0838747
0 0.256178 0.57249 0.051195 0.11433
0 0.686936 0.561076 0.0413437 0.0808523
0 0.829084 0.557135 0.0457428 0.07095
0 0.755928 0.561085 0.0458035 0.0797018
0 0.919308 0.550458 0.0349403 0.0596655
0 0.789164 0.555598 0.0432058 0.0732803
1 0.468556 0.5928 0.0457192 0.0662752
1 0.539443 0.586169 0.0363134 0.0564474
0 0.867786 0.557178 0.028694 0.0692796
0 0.724741 0.55782 0.0462562 0.0808438
0 0.890123 0.556289 0.0309496 0.0673301
0 0.466425 0.564288 0.0635474 0.10009
0 0.216023 0.582485 0.078443 0.139381
0 0.540013 0.560864 0.0566477 0.0838747
0 0.256178 0.57249 0.051195 0.11433
0 0.686936 0.561076 0.0413437 0.0808523
0 0.829084 0.557135 0.0457428 0.07095
0 0.755928 0.561085 0.0458035 0.0797018
0 0.919308 0.550458 0.0349403 0.0596655
0 0.789164 0.555598 0.0432058 0.0732803
1 0.468556 0.5928 0.0457192 0.0662752
1 0.539443 0.586169 0.0363134 0.0564474
0 0.867786 0.557178 0.028694 0.0692796
0 0.724741 0.55782 0.0462562 0.0808438
0 0.890123 0.556289 0.0309496 0.0673301
0 0.466425 0.564288 0.0635474 0.10009
0 0.216023 0.582485 0.078443 0.139381
0 0.540013 0.560864 0.0566477 0.0838747
0 0.256178 0.57249 0.051195 0.11433
0 0.686936 0.561076 0.0413437 0.0808523
0 0.829084 0.557135 0.0457428 0.07095
0 0.755928 0.561085 0.0458035 0.0797018
0 0.919308 0.550458 0.0349403 0.0596655
0 0.789164 0.555598 0.0432058 0.0732803
1 0.468556 0.5928 0.0457192 0.0662752
1 0.539443 0.586169 0.0363134 0.0564474
0 0.867786 0.557178 0.028694 0.0692796
0 0.724741 0.55782 0.0462562 0.0808438
0 0.890123 0.556289 0.0309496 0.0673301
0 0.466425 0.564288 0.0635474 0.10009
0 0.216023 0.582485 0.078443 0.139381
0 0.540013 0.560864 0.0566477 0.0838747
0 0.256178 0.57249 0.051195 0.11433
0 0.686936 0.561076 0.0413437 0.0808523
0 0.829084 0.557135 0.0457428 0.07095
0 0.755928 0.561085 0.0458035 0.0797018
0 0.919308 0.550458 0.0349403 0.0596655
0 0.789164 0.555598 0.0432058 0.0732803
1 0.468556 0.5928 0.0457192 0.0662752
1 0.539443 0.586169 0.0363134 0.0564474
0 0.867786 0.557178 0.028694 0.0692796
0 0.724741 0.55782 0.0462562 0.0808438
0 0.890123 0.556289 0.0309496 0.0673301
0 0.466425 0.564288 0.0635474 0.10009
0 0.216023 0.582485 0.078443 0.139381
0 0.540013 0.560864 0.0566477 0.0838747
0 0.256178 0.57249 0.051195 0.11433
0 0.686936 0.561076 0.0413437 0.0808523
0 0.829084 0.557135 0.0457428 0.07095
0 0.755928 0.561085 0.0458035 0.0797018
0 0.919308 0.550458 0.0349403 0.0596655
0 0.789164 0.555598 0.0432058 0.0732803
1 0.468556 0.5928 0.0457192 0.0662752
1 0.539443 0.586169 0.0363134 0.0564474
0 0.867786 0.557178 0.028694 0.0692796
0 0.724741 0.55782 0.0462562 0.0808438
0 0.890123 0.556289 0.0309496 0.0673301
1 0.691886 0.582521 0.0430901 0.0480886
1 0.826686 0.581646 0.0344671 0.0421679
1 0.216487 0.613056 0.0659938 0.0837286
1 0.703825 0.581642 0.0316761 0.0480149
1 0.780436 0.582005 0.0246979 0.0439867
1 0.219888 0.614618 0.0469209 0.0799971
0 0.877146 0.556995 0.0454297 0.0693245
0 0.71482 0.558559 0.0371735 0.0765205
