0 0.440192 0.567213 0.0679715 0.10698
0 0.576307 0.558035 0.0535074 0.0850746
0 0.652584 0.557324 0.0502177 0.0740505
1 0.438499 0.595799 0.0589803 0.0692175
0 0.875619 0.554934 0.0417806 0.0705044
0 0.795409 0.554169 0.0417057 0.0689141
1 0.57592 0.584631 0.0365935 0.055628
1 0.652081 0.578823 0.037576 0.0519291
0 0.826472 0.553772 0.0313402 0.0683069
0 0.908262 0.554872 0.0335117 0.0637627
0 0.836167 0.554996 0.0399885 0.0690575
0 0.440192 0.567213 0.0679715 0.10698
0 0.576307 0.558035 0.0535074 0.0850746
0 0.652584 0.557324 0.0502177 0.0740505
1 0.438499 0.595799 0.0589803 0.0692175
0 0.875619 0.554934 0.0417806 0.0705044
0 0.795409 0.554169 0.0417057 0.0689141
1 0.57592 0.584631 0.0365935 0.055628
1 0.652081 0.578823 0.037576 0.0519291
0 0.826472 0.553772 0.0313402 0.0683069
0 0.908262 0.554872 0.0335117 0.0637627
0 0.836167 0.554996 0.0399885 0.0690575
0 0.440192 0.567213 0.0679715 0.10698
0 0.576307 0.558035 0.0535074 0.0850746
0 0.652584 0.557324 0.0502177 0.0740505
1 0.438499 0.595799 0.0589803 0.0692175
0 0.875619 0.554934 0.0417806 0.0705044
0 0.795409 0.554169 0.0417057 0.0689141
1 0.57592 0.584631 0.0365935 0.055628
1 0.652081 0.578823 0.037576 0.0519291
0 0.826472 0.553772 0.0313402 0.0683069
0 0.908262 0.554872 0.0335117 0.0637627
0 0.836167 0.554996 0.0399885 0.0690575
0 0.440192 0.567213 0.0679715 0.10698
0 0.576307 0.558035 0.0535074 0.0850746
0 0.652584 0.557324 0.0502177 0.0740505
1 0.438499 0.595799 0.0589803 0.0692175
0 0.875619 0.554934 0.0417806 0.0705044
0 0.795409 0.554169 0.0417057 0.0689141
1 0.57592 0.584631 0.0365935 0.055628
1 0.652081 0.578823 0.037576 0.0519291
0 0.826472 0.553772 0.0313402 0.0683069
0 0.908262 0.554872 0.0335117 0.0637627
0 0.836167 0.554996 0.0399885 0.0690575
0 0.440192 0.567213 0.0679715 0.10698
0 0.576307 0.558035 0.0535074 0.0850746
0 0.652584 0.557324 0.0502177 0.0740505
1 0.438499 0.595799 0.0589803 0.0692175
0 0.875619 0.554934 0.0417806 0.0705044
0 0.795409 0.554169 0.0417057 0.0689141
1 0.57592 0.584631 0.0365935 0.055628
1 0.652081 0.578823 0.037576 0.0519291
0 0.826472 0.553772 0.0313402 0.0683069
0 0.908262 0.554872 0.0335117 0.0637627
0 0.836167 0.554996 0.0399885 0.0690575
0 0.440192 0.567213 0.0679715 0.10698
0 0.576307 0.558035 0.0535074 0.0850746
0 0.652584 0.557324 0.0502177 0.0740505
1 0.438499 0.595799 0.0589803 0.0692175
0 0.875619 0.554934 0.0417806 0.0705044
0 0.795409 0.554169 0.0417057 0.0689141
1 0.57592 0.584631 0.0365935 0.055628
1 0.652081 0.578823 0.037576 0.0519291
0 0.826472 0.553772 0.0313402 0.0683069
0 0.908262 0.554872 0.0335117 0.0637627
0 0.836167 0.554996 0.0399885 0.0690575
0 0.843544 0.555262 0.0333537 0.0672932
1 0.795433 0.575251 0.0308224 0.0406152
0 0.928452 0.554369 0.0351159 0.0657516
0 0.92116 0.553883 0.0437381 0.0665504
