1 0.757922 0.62163 0.295657 0.196144
0 0.729236 0.52997 0.201386 0.256937
0 0.908121 0.512645 0.178075 0.196131
0 0.242355 0.50582 0.105338 0.134541
1 0.240827 0.557283 0.0939752 0.107801
1 0.902481 0.566972 0.19225 0.140066
1 0.595808 0.533273 0.105441 0.0737558
0 0.592115 0.496781 0.0844852 0.109343
1 0.475397 0.51231 0.0666048 0.0578877
0 0.345316 0.496564 0.0712247 0.0964958
0 0.0457321 0.492081 0.0604529 0.0735134
0 0.164261 0.494891 0.0552286 0.0843558
1 0.049011 0.519407 0.03224 0.0460904
1 0.168244 0.520702 0.0394225 0.0584307
1 0.362919 0.526666 0.0779904 0.0642116
0 0.470802 0.487809 0.0566222 0.0719533
0 0.420074 0.491432 0.0423223 0.0664837
1 0.757922 0.62163 0.295657 0.196144
0 0.729236 0.52997 0.201386 0.256937
0 0.908121 0.512645 0.178075 0.196131
0 0.242355 0.50582 0.105338 0.134541
1 0.240827 0.557283 0.0939752 0.107801
1 0.902481 0.566972 0.19225 0.140066
1 0.595808 0.533273 0.105441 0.0737558
0 0.592115 0.496781 0.0844852 0.109343
1 0.475397 0.51231 0.0666048 0.0578877
0 0.345316 0.496564 0.0712247 0.0964958
0 0.0457321 0.492081 0.0604529 0.0735134
0 0.164261 0.494891 0.0552286 0.0843558
1 0.049011 0.519407 0.03224 0.0460904
1 0.168244 0.520702 0.0394225 0.0584307
1 0.362919 0.526666 0.0779904 0.0642116
0 0.470802 0.487809 0.0566222 0.0719533
0 0.420074 0.491432 0.0423223 0.0664837
1 0.423363 0.506051 0.0416701 0.0439287
1 0.117144 0.509552 0.036034 0.0385296
0 0.116854 0.494349 0.0465679 0.0562666
0 0.548074 0.488624 0.0405429 0.073473
