0 0.466425 0.564288 0.0635474 0.10009
0 0.216023 0.582485 0.078443 0.139381
0 0.540013 0.560864 0.0566477 0.0838747
0 0.256178 0.57249 0.051195 0.11433
0 0.686936 0.561076 0.0413437 0.0808523
0 0.829084 0.557135 0.0457428 0.07095
0 0.755928 0.561085 0.0458035 0.0797018
0 0.919308 0.550458 0.0349403 0.0596655
0 0.789164 0.555598 0.0432058 0.0732803
1 0.468556 0.5928 0.0457192 0.0662752
1 0.539443 0.586169 0.0363134 0.0564474
0 0.867786 0.557178 0.028694 0.0692796
0 0.724741 0.55782 0.0462562 0.0808438
0 0.890123 0.556289 0.0309496 0.0673301
0 0.466425 0.564288 0.0635474 0.10009
0 0.216023 0.582485 0.078443 0.139381
0 0.540013 0.560864 0.0566477 0.0838747
0 0.256178 0.57249 0.051195 0.11433
0 0.686936 0.561076 0.0413437 0.0808523
0 0.829084 0.557135 0.0457428 0.07095
0 0.755928 0.561085 0.0458035 0.0797018
0 0.919308 0.550458 0.0349403 0.0596655
0 0.789164 0.555598 0.0432058 0.0732803
1 0.468556 0.5928 0.0457192 0.0662752
1 0.539443 0.586169 0.0363134 0.0564474
0 0.867786 0.557178 0.028694 0.0692796
0 0.724741 0.55782 0.0462562 0.0808438
0 0.890123 0.556289 0.0309496 0.0673301
0 0.466425 0.564288 0.0635474 0.10009
0 0.216023 0.582485 0.078443 0.139381
0 0.540013 0.560864 0.0566477 0.0838747
0 0.256178 0.57249 0.051195 0.11433
0 0.686936 0.561076 0.0413437 0.0808523
0 0.829084 0.557135 0.0457428 0.07095
0 0.755928 0.561085 0.0458035 0.0797018
0 0.919308 0.550458 0.0349403 0.0596655
0 0.789164 0.555598 0.0432058 0.0732803
1 0.468556 0.5928 0.0457192 0.0662752
1 0.539443 0.586169 0.0363134 0.0564474
0 0.867786 0.557178 0.028694 0.0692796
0 0.724741 0.55782 0.0462562 0.0808438
0 0.890123 0.556289 0.0309496 0.0673301
0 0.466425 0.564288 0.0635474 0.10009
0 0.216023 0.582485 0.078443 0.139381
0 0.540013 0.560864 0.0566477 0.0838747
0 0.256178 0.57249 0.051195 0.11433
0 0.686936 0.561076 0.0413437 0.0808523
0 0.829084 0.557135 0.0457428 0.07095
0 0.755928 0.561085 0.0458035 0.0797018
0 0.919308 0.550458 0.0349403 0.0596655
0 0.789164 0.555598 0.0432058 0.0732803
1 0.468556 0.5928 0.0457192 0.0662752
1 0.539443 0.586169 0.0363134 0.0564474
0 0.867786 0.557178 0.028694 0.0692796
0 0.724741 0.55782 0.0462562 0.0808438
0 0.890123 0.556289 0.0309496 0.0673301
0 0.466425 0.564288 0.0635474 0.10009
0 0.216023 0.582485 0.078443 0.139381
0 0.540013 0.560864 0.0566477 0.0838747
0 0.256178 0.57249 0.051195 0.11433
0 0.686936 0.561076 0.0413437 0.0808523
0 0.829084 0.557135 0.0457428 0.07095
0 0.755928 0.561085 0.0458035 0.0797018
0 0.919308 0.550458 0.0349403 0.0596655
0 0.789164 0.555598 0.0432058 0.0732803
1 0.468556 0.5928 0.0457192 0.0662752
1 0.539443 0.586169 0.0363134 0.0564474
0 0.867786 0.557178 0.028694 0.0692796
0 0.724741 0.55782 0.0462562 0.0808438
0 0.890123 0.556289 0.0309496 0.0673301
0 0.466425 0.564288 0.0635474 0.10009
0 0.216023 0.582485 0.078443 0.139381
0 0.540013 0.560864 0.0566477 0.0838747
0 0.256178 0.57249 0.051195 0.11433
0 0.686936 0.561076 0.0413437 0.0808523
0 0.829084 0.557135 0.0457428 0.07095
0 0.755928 0.561085 0.0458035 0.0797018
0 0.919308 0.550458 0.0349403 0.0596655
0 0.789164 0.555598 0.0432058 0.0732803
1 0.468556 0.5928 0.0457192 0.0662752
1 0.539443 0.586169 0.0363134 0.0564474
0 0.867786 0.557178 0.028694 0.0692796
0 0.724741 0.55782 0.0462562 0.0808438
0 0.890123 0.556289 0.0309496 0.0673301
1 0.691886 0.582521 0.0430901 0.0480886
1 0.826686 0.581646 0.0344671 0.0421679
1 0.216487 0.613056 0.0659938 0.0837286
1 0.703825 0.581642 0.0316761 0.0480149
1 0.780436 0.582005 0.0246979 0.0439867
1 0.219888 0.614618 0.0469209 0.0799971
0 0.877146 0.556995 0.0454297 0.0693245
0 0.71482 0.558559 0.0371735 0.0765205
