2 0.0531582 0.420817 0.105898 0.329586
2 0.276896 0.336123 0.194491 0.259944
0 0.12117 0.304698 0.0535901 0.254384
2 0.541318 0.249633 0.136073 0.0891142
0 0.94582 0.231467 0.0348225 0.104734
0 0.216146 0.190337 0.0205887 0.0543444
0 0.771559 0.242593 0.0222602 0.105024
0 0.734971 0.248071 0.0278153 0.111843
0 0.707862 0.240185 0.0182661 0.103257
0 0.830583 0.242997 0.0289249 0.107887
3 0.805022 0.267928 0.0305233 0.0772433
1 0.0106902 0.718846 0.0211968 0.255933
3 0.945744 0.265753 0.0158321 0.0719198
1 0.733893 0.288197 0.0215919 0.0785656
0 0.242675 0.203984 0.0263929 0.0418228
0 0.802462 0.23528 0.0318638 0.102152
2 0.649198 0.238481 0.105697 0.0916918
0 0.885709 0.265801 0.013501 0.0520151
2 0.85535 0.257152 0.0267334 0.0703133
2 0.0531582 0.420817 0.105898 0.329586
2 0.276896 0.336123 0.194491 0.259944
0 0.12117 0.304698 0.0535901 0.254384
2 0.541318 0.249633 0.136073 0.0891142
0 0.94582 0.231467 0.0348225 0.104734
0 0.216146 0.190337 0.0205887 0.0543444
0 0.771559 0.242593 0.0222602 0.105024
0 0.734971 0.248071 0.0278153 0.111843
0 0.707862 0.240185 0.0182661 0.103257
0 0.830583 0.242997 0.0289249 0.107887
3 0.805022 0.267928 0.0305233 0.0772433
1 0.0106902 0.718846 0.0211968 0.255933
3 0.945744 0.265753 0.0158321 0.0719198
1 0.733893 0.288197 0.0215919 0.0785656
0 0.242675 0.203984 0.0263929 0.0418228
0 0.802462 0.23528 0.0318638 0.102152
2 0.649198 0.238481 0.105697 0.0916918
0 0.885709 0.265801 0.013501 0.0520151
2 0.85535 0.257152 0.0267334 0.0703133
2 0.0531582 0.420817 0.105898 0.329586
2 0.276896 0.336123 0.194491 0.259944
0 0.12117 0.304698 0.0535901 0.254384
2 0.541318 0.249633 0.136073 0.0891142
0 0.94582 0.231467 0.0348225 0.104734
0 0.216146 0.190337 0.0205887 0.0543444
0 0.771559 0.242593 0.0222602 0.105024
0 0.734971 0.248071 0.0278153 0.111843
0 0.707862 0.240185 0.0182661 0.103257
0 0.830583 0.242997 0.0289249 0.107887
3 0.805022 0.267928 0.0305233 0.0772433
1 0.0106902 0.718846 0.0211968 0.255933
3 0.945744 0.265753 0.0158321 0.0719198
1 0.733893 0.288197 0.0215919 0.0785656
0 0.242675 0.203984 0.0263929 0.0418228
0 0.802462 0.23528 0.0318638 0.102152
2 0.649198 0.238481 0.105697 0.0916918
0 0.885709 0.265801 0.013501 0.0520151
2 0.85535 0.257152 0.0267334 0.0703133
2 0.0531582 0.420817 0.105898 0.329586
2 0.276896 0.336123 0.194491 0.259944
0 0.12117 0.304698 0.0535901 0.254384
2 0.541318 0.249633 0.136073 0.0891142
0 0.94582 0.231467 0.0348225 0.104734
0 0.216146 0.190337 0.0205887 0.0543444
0 0.771559 0.242593 0.0222602 0.105024
0 0.734971 0.248071 0.0278153 0.111843
0 0.707862 0.240185 0.0182661 0.103257
0 0.830583 0.242997 0.0289249 0.107887
3 0.805022 0.267928 0.0305233 0.0772433
1 0.0106902 0.718846 0.0211968 0.255933
3 0.945744 0.265753 0.0158321 0.0719198
1 0.733893 0.288197 0.0215919 0.0785656
0 0.242675 0.203984 0.0263929 0.0418228
0 0.802462 0.23528 0.0318638 0.102152
2 0.649198 0.238481 0.105697 0.0916918
0 0.885709 0.265801 0.013501 0.0520151
2 0.85535 0.257152 0.0267334 0.0703133
2 0.0531582 0.420817 0.105898 0.329586
2 0.276896 0.336123 0.194491 0.259944
0 0.12117 0.304698 0.0535901 0.254384
2 0.541318 0.249633 0.136073 0.0891142
0 0.94582 0.231467 0.0348225 0.104734
0 0.216146 0.190337 0.0205887 0.0543444
0 0.771559 0.242593 0.0222602 0.105024
0 0.734971 0.248071 0.0278153 0.111843
0 0.707862 0.240185 0.0182661 0.103257
0 0.830583 0.242997 0.0289249 0.107887
3 0.805022 0.267928 0.0305233 0.0772433
1 0.0106902 0.718846 0.0211968 0.255933
3 0.945744 0.265753 0.0158321 0.0719198
1 0.733893 0.288197 0.0215919 0.0785656
0 0.242675 0.203984 0.0263929 0.0418228
0 0.802462 0.23528 0.0318638 0.102152
2 0.649198 0.238481 0.105697 0.0916918
0 0.885709 0.265801 0.013501 0.0520151
2 0.85535 0.257152 0.0267334 0.0703133
1 0.832712 0.282347 0.0184509 0.0859122
2 0.902029 0.276734 0.0225243 0.0330102
3 0.945815 0.263245 0.0252151 0.0752827
0 0.233372 0.200149 0.0121881 0.0362629
