0 0.216276 0.579784 0.0763738 0.13047
0 0.372395 0.570019 0.0651377 0.104695
0 0.645202 0.563234 0.0716417 0.0974676
0 0.540788 0.5712 0.0606507 0.0940084
0 0.732488 0.566086 0.049943 0.0970638
0 0.788701 0.56039 0.0440943 0.0822858
1 0.207337 0.614366 0.0580618 0.0830647
0 0.696532 0.567237 0.0485913 0.0916344
0 0.843032 0.561097 0.0392866 0.0715183
1 0.370393 0.601812 0.0459644 0.0688135
1 0.646571 0.595667 0.0318941 0.0581261
1 0.535714 0.597993 0.0402929 0.0611801
0 0.599468 0.566321 0.0425424 0.08876
0 0.871713 0.558114 0.0333849 0.062828
0 0.216276 0.579784 0.0763738 0.13047
0 0.372395 0.570019 0.0651377 0.104695
0 0.645202 0.563234 0.0716417 0.0974676
0 0.540788 0.5712 0.0606507 0.0940084
0 0.732488 0.566086 0.049943 0.0970638
0 0.788701 0.56039 0.0440943 0.0822858
1 0.207337 0.614366 0.0580618 0.0830647
0 0.696532 0.567237 0.0485913 0.0916344
0 0.843032 0.561097 0.0392866 0.0715183
1 0.370393 0.601812 0.0459644 0.0688135
1 0.646571 0.595667 0.0318941 0.0581261
1 0.535714 0.597993 0.0402929 0.0611801
0 0.599468 0.566321 0.0425424 0.08876
0 0.871713 0.558114 0.0333849 0.062828
0 0.216276 0.579784 0.0763738 0.13047
0 0.372395 0.570019 0.0651377 0.104695
0 0.645202 0.563234 0.0716417 0.0974676
0 0.540788 0.5712 0.0606507 0.0940084
0 0.732488 0.566086 0.049943 0.0970638
0 0.788701 0.56039 0.0440943 0.0822858
1 0.207337 0.614366 0.0580618 0.0830647
0 0.696532 0.567237 0.0485913 0.0916344
0 0.843032 0.561097 0.0392866 0.0715183
1 0.370393 0.601812 0.0459644 0.0688135
1 0.646571 0.595667 0.0318941 0.0581261
1 0.535714 0.597993 0.0402929 0.0611801
0 0.599468 0.566321 0.0425424 0.08876
0 0.871713 0.558114 0.0333849 0.062828
0 0.216276 0.579784 0.0763738 0.13047
0 0.372395 0.570019 0.0651377 0.104695
0 0.645202 0.563234 0.0716417 0.0974676
0 0.540788 0.5712 0.0606507 0.0940084
0 0.732488 0.566086 0.049943 0.0970638
0 0.788701 0.56039 0.0440943 0.0822858
1 0.207337 0.614366 0.0580618 0.0830647
0 0.696532 0.567237 0.0485913 0.0916344
0 0.843032 0.561097 0.0392866 0.0715183
1 0.370393 0.601812 0.0459644 0.0688135
1 0.646571 0.595667 0.0318941 0.0581261
1 0.535714 0.597993 0.0402929 0.0611801
0 0.599468 0.566321 0.0425424 0.08876
0 0.871713 0.558114 0.0333849 0.062828
0 0.216276 0.579784 0.0763738 0.13047
0 0.372395 0.570019 0.0651377 0.104695
0 0.645202 0.563234 0.0716417 0.0974676
0 0.540788 0.5712 0.0606507 0.0940084
0 0.732488 0.566086 0.049943 0.0970638
0 0.788701 0.56039 0.0440943 0.0822858
1 0.207337 0.614366 0.0580618 0.0830647
0 0.696532 0.567237 0.0485913 0.0916344
0 0.843032 0.561097 0.0392866 0.0715183
1 0.370393 0.601812 0.0459644 0.0688135
1 0.646571 0.595667 0.0318941 0.0581261
1 0.535714 0.597993 0.0402929 0.0611801
0 0.599468 0.566321 0.0425424 0.08876
0 0.871713 0.558114 0.0333849 0.062828
0 0.216276 0.579784 0.0763738 0.13047
0 0.372395 0.570019 0.0651377 0.104695
0 0.645202 0.563234 0.0716417 0.0974676
0 0.540788 0.5712 0.0606507 0.0940084
0 0.732488 0.566086 0.049943 0.0970638
0 0.788701 0.56039 0.0440943 0.0822858
1 0.207337 0.614366 0.0580618 0.0830647
0 0.696532 0.567237 0.0485913 0.0916344
0 0.843032 0.561097 0.0392866 0.0715183
1 0.370393 0.601812 0.0459644 0.0688135
1 0.646571 0.595667 0.0318941 0.0581261
1 0.535714 0.597993 0.0402929 0.0611801
0 0.599468 0.566321 0.0425424 0.08876
0 0.871713 0.558114 0.0333849 0.062828
0 0.814187 0.560299 0.0282149 0.0682512
1 0.687781 0.592226 0.0279982 0.0544624
1 0.542349 0.595585 0.0479967 0.0608747
0 0.759359 0.561239 0.0334296 0.0856503
0 0.514882 0.568822 0.0375283 0.101137
1 0.603937 0.59455 0.025194 0.0522157
0 0.927008 0.560559 0.0343781 0.0635668
1 0.578735 0.593003 0.0299778 0.0524806
0 0.905116 0.558001 0.0302239 0.0613633
