0 0.253493 0.575517 0.0779794 0.116544
0 0.411539 0.566657 0.0656879 0.0978916
0 0.668842 0.564942 0.0589777 0.100439
0 0.56896 0.568969 0.0632469 0.094449
0 0.755498 0.558658 0.0526917 0.0824228
1 0.258076 0.612399 0.0648018 0.0776221
0 0.715889 0.562141 0.0451252 0.0816546
0 0.866857 0.559089 0.0379435 0.0681311
1 0.737289 0.589593 0.0424164 0.0509207
0 0.901949 0.55915 0.0386492 0.0662927
1 0.570794 0.594625 0.0518733 0.0568261
1 0.410879 0.599343 0.0440055 0.0655154
0 0.8345 0.561781 0.0348687 0.0708874
1 0.564759 0.595483 0.0367609 0.0560242
1 0.674415 0.594175 0.0303925 0.0542484
0 0.623666 0.568653 0.0437497 0.0941423
1 0.629165 0.591002 0.0337727 0.0536627
0 0.809181 0.558518 0.0363536 0.0775908
0 0.61266 0.565718 0.0413961 0.0897847
1 0.744214 0.587818 0.0450982 0.0517227
1 0.668226 0.59063 0.0543288 0.0597498
0 0.541216 0.552522 0.0329668 0.0620744
1 0.680955 0.590738 0.0431897 0.0609673
0 0.784397 0.554411 0.0235291 0.0695622
1 0.634935 0.590533 0.0317168 0.0537436
1 0.81525 0.580675 0.0303409 0.0436413
0 0.98876 0.564308 0.0224798 0.0728777
1 0.597342 0.589659 0.036273 0.0564375
0 0.253493 0.575517 0.0779794 0.116544
0 0.411539 0.566657 0.0656879 0.0978916
0 0.668842 0.564942 0.0589777 0.100439
0 0.56896 0.568969 0.0632469 0.094449
0 0.755498 0.558658 0.0526917 0.0824228
1 0.258076 0.612399 0.0648018 0.0776221
0 0.715889 0.562141 0.0451252 0.0816546
0 0.866857 0.559089 0.0379435 0.0681311
1 0.737289 0.589593 0.0424164 0.0509207
0 0.901949 0.55915 0.0386492 0.0662927
1 0.570794 0.594625 0.0518733 0.0568261
1 0.410879 0.599343 0.0440055 0.0655154
0 0.8345 0.561781 0.0348687 0.0708874
1 0.564759 0.595483 0.0367609 0.0560242
1 0.674415 0.594175 0.0303925 0.0542484
0 0.623666 0.568653 0.0437497 0.0941423
1 0.629165 0.591002 0.0337727 0.0536627
0 0.809181 0.558518 0.0363536 0.0775908
0 0.61266 0.565718 0.0413961 0.0897847
1 0.744214 0.587818 0.0450982 0.0517227
1 0.668226 0.59063 0.0543288 0.0597498
0 0.541216 0.552522 0.0329668 0.0620744
1 0.680955 0.590738 0.0431897 0.0609673
0 0.784397 0.554411 0.0235291 0.0695622
1 0.634935 0.590533 0.0317168 0.0537436
1 0.81525 0.580675 0.0303409 0.0436413
0 0.98876 0.564308 0.0224798 0.0728777
1 0.597342 0.589659 0.036273 0.0564375
0 0.253493 0.575517 0.0779794 0.116544
0 0.411539 0.566657 0.0656879 0.0978916
0 0.668842 0.564942 0.0589777 0.100439
0 0.56896 0.568969 0.0632469 0.094449
0 0.755498 0.558658 0.0526917 0.0824228
1 0.258076 0.612399 0.0648018 0.0776221
0 0.715889 0.562141 0.0451252 0.0816546
0 0.866857 0.559089 0.0379435 0.0681311
1 0.737289 0.589593 0.0424164 0.0509207
0 0.901949 0.55915 0.0386492 0.0662927
1 0.570794 0.594625 0.0518733 0.0568261
1 0.410879 0.599343 0.0440055 0.0655154
0 0.8345 0.561781 0.0348687 0.0708874
1 0.564759 0.595483 0.0367609 0.0560242
1 0.674415 0.594175 0.0303925 0.0542484
0 0.623666 0.568653 0.0437497 0.0941423
1 0.629165 0.591002 0.0337727 0.0536627
0 0.809181 0.558518 0.0363536 0.0775908
0 0.61266 0.565718 0.0413961 0.0897847
1 0.744214 0.587818 0.0450982 0.0517227
1 0.668226 0.59063 0.0543288 0.0597498
0 0.541216 0.552522 0.0329668 0.0620744
1 0.680955 0.590738 0.0431897 0.0609673
0 0.784397 0.554411 0.0235291 0.0695622
1 0.634935 0.590533 0.0317168 0.0537436
1 0.81525 0.580675 0.0303409 0.0436413
0 0.98876 0.564308 0.0224798 0.0728777
1 0.597342 0.589659 0.036273 0.0564375
0 0.253833 0.574811 0.076593 0.115727
0 0.4104 0.567247 0.0659733 0.099675
0 0.66932 0.56345 0.0587086 0.0971696
0 0.570946 0.572256 0.0583688 0.095867
0 0.718706 0.563587 0.0487757 0.0857964
0 0.755984 0.560469 0.0423104 0.0859128
0 0.81028 0.558181 0.0385128 0.079339
1 0.256044 0.610665 0.0504877 0.0817171
1 0.407892 0.599203 0.0508311 0.064757
0 0.629864 0.567028 0.0386315 0.086883
0 0.836228 0.560229 0.0335164 0.0694796
0 0.867439 0.559414 0.0385144 0.0676227
0 0.253833 0.574811 0.076593 0.115727
0 0.4104 0.567247 0.0659733 0.099675
0 0.66932 0.56345 0.0587086 0.0971696
0 0.570946 0.572256 0.0583688 0.095867
0 0.718706 0.563587 0.0487757 0.0857964
0 0.755984 0.560469 0.0423104 0.0859128
0 0.81028 0.558181 0.0385128 0.079339
1 0.256044 0.610665 0.0504877 0.0817171
1 0.407892 0.599203 0.0508311 0.064757
0 0.629864 0.567028 0.0386315 0.086883
0 0.836228 0.560229 0.0335164 0.0694796
0 0.867439 0.559414 0.0385144 0.0676227
