0 0.261565 0.574798 0.0783674 0.122064
0 0.492877 0.563647 0.0578061 0.098052
0 0.560621 0.561821 0.0551151 0.0866451
0 0.302172 0.572006 0.0541911 0.110982
0 0.71434 0.561647 0.0419332 0.0816832
0 0.848964 0.558308 0.0578379 0.0736689
1 0.270908 0.611631 0.062836 0.0749783
1 0.486952 0.591152 0.042764 0.0623735
0 0.790878 0.559388 0.0576923 0.0812862
0 0.77721 0.559503 0.0432563 0.0770668
0 0.800375 0.557529 0.0445438 0.0778576
0 0.741609 0.558347 0.0318722 0.0757993
1 0.750041 0.578087 0.0393195 0.049807
1 0.556429 0.583562 0.0393724 0.0543767
0 0.888317 0.555223 0.0316281 0.0639088
0 0.886469 0.538814 0.0280095 0.0313747
1 0.7879 0.577239 0.0557661 0.0508179
1 0.808073 0.576962 0.033314 0.0485601
1 0.734857 0.578525 0.0498432 0.0506612
1 0.815397 0.576149 0.0424769 0.0471376
1 0.85039 0.576601 0.0404884 0.045315
1 0.780131 0.580097 0.0449727 0.0455513
0 0.828397 0.53475 0.023268 0.0285854
1 0.842114 0.575919 0.0501689 0.0471375
0 0.261565 0.574798 0.0783674 0.122064
0 0.492877 0.563647 0.0578061 0.098052
0 0.560621 0.561821 0.0551151 0.0866451
0 0.302172 0.572006 0.0541911 0.110982
0 0.71434 0.561647 0.0419332 0.0816832
0 0.848964 0.558308 0.0578379 0.0736689
1 0.270908 0.611631 0.062836 0.0749783
1 0.486952 0.591152 0.042764 0.0623735
0 0.790878 0.559388 0.0576923 0.0812862
0 0.77721 0.559503 0.0432563 0.0770668
0 0.800375 0.557529 0.0445438 0.0778576
0 0.741609 0.558347 0.0318722 0.0757993
1 0.750041 0.578087 0.0393195 0.049807
1 0.556429 0.583562 0.0393724 0.0543767
0 0.888317 0.555223 0.0316281 0.0639088
0 0.886469 0.538814 0.0280095 0.0313747
1 0.7879 0.577239 0.0557661 0.0508179
1 0.808073 0.576962 0.033314 0.0485601
1 0.734857 0.578525 0.0498432 0.0506612
1 0.815397 0.576149 0.0424769 0.0471376
1 0.85039 0.576601 0.0404884 0.045315
1 0.780131 0.580097 0.0449727 0.0455513
0 0.828397 0.53475 0.023268 0.0285854
1 0.842114 0.575919 0.0501689 0.0471375
0 0.261565 0.574798 0.0783674 0.122064
0 0.492877 0.563647 0.0578061 0.098052
0 0.560621 0.561821 0.0551151 0.0866451
0 0.302172 0.572006 0.0541911 0.110982
0 0.71434 0.561647 0.0419332 0.0816832
0 0.848964 0.558308 0.0578379 0.0736689
1 0.270908 0.611631 0.062836 0.0749783
1 0.486952 0.591152 0.042764 0.0623735
0 0.790878 0.559388 0.0576923 0.0812862
0 0.77721 0.559503 0.0432563 0.0770668
0 0.800375 0.557529 0.0445438 0.0778576
0 0.741609 0.558347 0.0318722 0.0757993
1 0.750041 0.578087 0.0393195 0.049807
1 0.556429 0.583562 0.0393724 0.0543767
0 0.888317 0.555223 0.0316281 0.0639088
0 0.886469 0.538814 0.0280095 0.0313747
1 0.7879 0.577239 0.0557661 0.0508179
1 0.808073 0.576962 0.033314 0.0485601
1 0.734857 0.578525 0.0498432 0.0506612
1 0.815397 0.576149 0.0424769 0.0471376
1 0.85039 0.576601 0.0404884 0.045315
1 0.780131 0.580097 0.0449727 0.0455513
0 0.828397 0.53475 0.023268 0.0285854
1 0.842114 0.575919 0.0501689 0.0471375
0 0.261002 0.573415 0.0764754 0.118997
0 0.301404 0.570797 0.0517462 0.108763
0 0.491777 0.563776 0.0580764 0.0993368
0 0.559743 0.562044 0.0537099 0.0866476
0 0.712492 0.560432 0.0413379 0.0784212
0 0.849539 0.554238 0.0576781 0.0672817
1 0.486841 0.589694 0.0446333 0.0652056
1 0.558367 0.583785 0.0450047 0.0567835
1 0.267972 0.612468 0.0475059 0.0753748
0 0.781507 0.557661 0.0487501 0.0703783
0 0.803422 0.553873 0.040655 0.0721519
0 0.261002 0.573415 0.0764754 0.118997
0 0.301404 0.570797 0.0517462 0.108763
0 0.491777 0.563776 0.0580764 0.0993368
0 0.559743 0.562044 0.0537099 0.0866476
0 0.712492 0.560432 0.0413379 0.0784212
0 0.849539 0.554238 0.0576781 0.0672817
1 0.486841 0.589694 0.0446333 0.0652056
1 0.558367 0.583785 0.0450047 0.0567835
1 0.267972 0.612468 0.0475059 0.0753748
0 0.781507 0.557661 0.0487501 0.0703783
0 0.803422 0.553873 0.040655 0.0721519
0 0.261002 0.573415 0.0764754 0.118997
0 0.301404 0.570797 0.0517462 0.108763
0 0.491777 0.563776 0.0580764 0.0993368
0 0.559743 0.562044 0.0537099 0.0866476
0 0.712492 0.560432 0.0413379 0.0784212
0 0.849539 0.554238 0.0576781 0.0672817
1 0.486841 0.589694 0.0446333 0.0652056
1 0.558367 0.583785 0.0450047 0.0567835
1 0.267972 0.612468 0.0475059 0.0753748
0 0.781507 0.557661 0.0487501 0.0703783
0 0.803422 0.553873 0.040655 0.0721519
0 0.261002 0.573415 0.0764754 0.118997
0 0.301404 0.570797 0.0517462 0.108763
0 0.491777 0.563776 0.0580764 0.0993368
0 0.559743 0.562044 0.0537099 0.0866476
0 0.712492 0.560432 0.0413379 0.0784212
0 0.849539 0.554238 0.0576781 0.0672817
1 0.486841 0.589694 0.0446333 0.0652056
1 0.558367 0.583785 0.0450047 0.0567835
1 0.267972 0.612468 0.0475059 0.0753748
0 0.781507 0.557661 0.0487501 0.0703783
0 0.803422 0.553873 0.040655 0.0721519
0 0.261002 0.573415 0.0764754 0.118997
0 0.301404 0.570797 0.0517462 0.108763
0 0.491777 0.563776 0.0580764 0.0993368
0 0.559743 0.562044 0.0537099 0.0866476
0 0.712492 0.560432 0.0413379 0.0784212
0 0.849539 0.554238 0.0576781 0.0672817
1 0.486841 0.589694 0.0446333 0.0652056
1 0.558367 0.583785 0.0450047 0.0567835
1 0.267972 0.612468 0.0475059 0.0753748
0 0.781507 0.557661 0.0487501 0.0703783
0 0.803422 0.553873 0.040655 0.0721519
0 0.261002 0.573415 0.0764754 0.118997
0 0.301404 0.570797 0.0517462 0.108763
0 0.491777 0.563776 0.0580764 0.0993368
0 0.559743 0.562044 0.0537099 0.0866476
0 0.712492 0.560432 0.0413379 0.0784212
0 0.849539 0.554238 0.0576781 0.0672817
1 0.486841 0.589694 0.0446333 0.0652056
1 0.558367 0.583785 0.0450047 0.0567835
1 0.267972 0.612468 0.0475059 0.0753748
0 0.781507 0.557661 0.0487501 0.0703783
0 0.803422 0.553873 0.040655 0.0721519
0 0.261002 0.573415 0.0764754 0.118997
0 0.301404 0.570797 0.0517462 0.108763
0 0.491777 0.563776 0.0580764 0.0993368
0 0.559743 0.562044 0.0537099 0.0866476
0 0.712492 0.560432 0.0413379 0.0784212
0 0.849539 0.554238 0.0576781 0.0672817
1 0.486841 0.589694 0.0446333 0.0652056
1 0.558367 0.583785 0.0450047 0.0567835
1 0.267972 0.612468 0.0475059 0.0753748
0 0.781507 0.557661 0.0487501 0.0703783
0 0.803422 0.553873 0.040655 0.0721519
0 0.261002 0.573415 0.0764754 0.118997
0 0.301404 0.570797 0.0517462 0.108763
0 0.491777 0.563776 0.0580764 0.0993368
0 0.559743 0.562044 0.0537099 0.0866476
0 0.712492 0.560432 0.0413379 0.0784212
0 0.849539 0.554238 0.0576781 0.0672817
1 0.486841 0.589694 0.0446333 0.0652056
1 0.558367 0.583785 0.0450047 0.0567835
1 0.267972 0.612468 0.0475059 0.0753748
0 0.781507 0.557661 0.0487501 0.0703783
0 0.803422 0.553873 0.040655 0.0721519
0 0.743272 0.555952 0.036891 0.07291
1 0.850022 0.577421 0.033057 0.0431044
0 0.887002 0.553868 0.0307804 0.0624779
1 0.716044 0.581321 0.0277683 0.0445095
1 0.783293 0.579722 0.0344784 0.0450763
0 0.932542 0.552654 0.0333038 0.0610756
1 0.921276 0.572981 0.0309801 0.0418247
1 0.723956 0.580451 0.0426938 0.045658
0 0.792194 0.556689 0.0554626 0.0749374
1 0.733181 0.580593 0.0287474 0.0449293
1 0.796531 0.578796 0.0281199 0.0459369
