1 0.719857 0.66332 0.392777 0.237486
0 0.941427 0.515619 0.115579 0.170148
0 0.69285 0.563197 0.27461 0.303216
0 0.24377 0.508312 0.0855865 0.120669
0 0.0777367 0.511173 0.0919972 0.10896
0 0.495767 0.505182 0.103613 0.117592
1 0.927418 0.573613 0.143453 0.100974
1 0.243396 0.54678 0.06024 0.0807289
0 0.417621 0.495855 0.0631546 0.0794855
1 0.418281 0.528257 0.0635228 0.0597433
1 0.324492 0.531084 0.05637 0.0579449
0 0.1534 0.51233 0.0516408 0.0587151
1 0.079713 0.551509 0.0464218 0.0782113
0 0.323492 0.498847 0.0615899 0.0712964
0 0.768127 0.481819 0.0629596 0.0448004
0 0.897598 0.484526 0.0513312 0.059235
1 0.154491 0.528701 0.0388233 0.0449488
1 0.719857 0.66332 0.392777 0.237486
0 0.941427 0.515619 0.115579 0.170148
0 0.69285 0.563197 0.27461 0.303216
0 0.24377 0.508312 0.0855865 0.120669
0 0.0777367 0.511173 0.0919972 0.10896
0 0.495767 0.505182 0.103613 0.117592
1 0.927418 0.573613 0.143453 0.100974
1 0.243396 0.54678 0.06024 0.0807289
0 0.417621 0.495855 0.0631546 0.0794855
1 0.418281 0.528257 0.0635228 0.0597433
1 0.324492 0.531084 0.05637 0.0579449
0 0.1534 0.51233 0.0516408 0.0587151
1 0.079713 0.551509 0.0464218 0.0782113
0 0.323492 0.498847 0.0615899 0.0712964
0 0.768127 0.481819 0.0629596 0.0448004
0 0.897598 0.484526 0.0513312 0.059235
1 0.154491 0.528701 0.0388233 0.0449488
1 0.501976 0.547114 0.114659 0.085924
1 0.370836 0.513135 0.0349025 0.0368501
0 0.842859 0.482396 0.0270362 0.0318663
