2 0.276752 0.336646 0.194408 0.259428
2 0.0533717 0.42113 0.106278 0.329799
3 0.492216 0.350966 0.100388 0.261241
0 0.74096 0.24455 0.0240192 0.105396
0 0.767339 0.242944 0.0190119 0.105136
0 0.833695 0.246653 0.024614 0.111056
2 0.648835 0.238005 0.104768 0.0908609
0 0.0124414 0.232533 0.0248177 0.050994
2 0.57557 0.248249 0.0679655 0.088103
1 0.796492 0.290856 0.0212794 0.0878939
0 0.210629 0.190078 0.0279626 0.0552947
0 0.792077 0.253659 0.0268731 0.136913
0 0.985009 0.242557 0.0185352 0.0809318
0 0.85894 0.244482 0.0206173 0.112036
0 0.9318 0.24441 0.0220524 0.108747
0 0.963796 0.23707 0.0203348 0.0916971
2 0.276752 0.336646 0.194408 0.259428
2 0.0533717 0.42113 0.106278 0.329799
3 0.492216 0.350966 0.100388 0.261241
0 0.74096 0.24455 0.0240192 0.105396
0 0.767339 0.242944 0.0190119 0.105136
0 0.833695 0.246653 0.024614 0.111056
2 0.648835 0.238005 0.104768 0.0908609
0 0.0124414 0.232533 0.0248177 0.050994
2 0.57557 0.248249 0.0679655 0.088103
1 0.796492 0.290856 0.0212794 0.0878939
0 0.210629 0.190078 0.0279626 0.0552947
0 0.792077 0.253659 0.0268731 0.136913
0 0.985009 0.242557 0.0185352 0.0809318
0 0.85894 0.244482 0.0206173 0.112036
0 0.9318 0.24441 0.0220524 0.108747
0 0.963796 0.23707 0.0203348 0.0916971
2 0.276752 0.336646 0.194408 0.259428
2 0.0533717 0.42113 0.106278 0.329799
3 0.492216 0.350966 0.100388 0.261241
0 0.74096 0.24455 0.0240192 0.105396
0 0.767339 0.242944 0.0190119 0.105136
0 0.833695 0.246653 0.024614 0.111056
2 0.648835 0.238005 0.104768 0.0908609
0 0.0124414 0.232533 0.0248177 0.050994
2 0.57557 0.248249 0.0679655 0.088103
1 0.796492 0.290856 0.0212794 0.0878939
0 0.210629 0.190078 0.0279626 0.0552947
0 0.792077 0.253659 0.0268731 0.136913
0 0.985009 0.242557 0.0185352 0.0809318
0 0.85894 0.244482 0.0206173 0.112036
0 0.9318 0.24441 0.0220524 0.108747
0 0.963796 0.23707 0.0203348 0.0916971
2 0.276752 0.336646 0.194408 0.259428
2 0.0533717 0.42113 0.106278 0.329799
3 0.492216 0.350966 0.100388 0.261241
0 0.74096 0.24455 0.0240192 0.105396
0 0.767339 0.242944 0.0190119 0.105136
0 0.833695 0.246653 0.024614 0.111056
2 0.648835 0.238005 0.104768 0.0908609
0 0.0124414 0.232533 0.0248177 0.050994
2 0.57557 0.248249 0.0679655 0.088103
1 0.796492 0.290856 0.0212794 0.0878939
0 0.210629 0.190078 0.0279626 0.0552947
0 0.792077 0.253659 0.0268731 0.136913
0 0.985009 0.242557 0.0185352 0.0809318
0 0.85894 0.244482 0.0206173 0.112036
0 0.9318 0.24441 0.0220524 0.108747
0 0.963796 0.23707 0.0203348 0.0916971
2 0.276752 0.336646 0.194408 0.259428
2 0.0533717 0.42113 0.106278 0.329799
3 0.492216 0.350966 0.100388 0.261241
0 0.74096 0.24455 0.0240192 0.105396
0 0.767339 0.242944 0.0190119 0.105136
0 0.833695 0.246653 0.024614 0.111056
2 0.648835 0.238005 0.104768 0.0908609
0 0.0124414 0.232533 0.0248177 0.050994
2 0.57557 0.248249 0.0679655 0.088103
1 0.796492 0.290856 0.0212794 0.0878939
0 0.210629 0.190078 0.0279626 0.0552947
0 0.792077 0.253659 0.0268731 0.136913
0 0.985009 0.242557 0.0185352 0.0809318
0 0.85894 0.244482 0.0206173 0.112036
0 0.9318 0.24441 0.0220524 0.108747
0 0.963796 0.23707 0.0203348 0.0916971
0 0.895531 0.236628 0.0253555 0.116481
1 0.896017 0.272367 0.017802 0.0735191
1 0.836232 0.283042 0.0196896 0.0818255
1 0.9839 0.266651 0.0139824 0.0565754
0 0.234468 0.200665 0.0177453 0.0463866
0 0.811132 0.246707 0.0224962 0.112301
1 0.917445 0.271849 0.0135498 0.0668315
0 0.514174 0.292174 0.0574076 0.238996
1 0.839857 0.281708 0.0201094 0.0828334
1 0.933716 0.272317 0.0178699 0.0686496
1 0.858954 0.277174 0.01429 0.0770855
1 0.964213 0.26937 0.0164341 0.0634769
0 0.512711 0.234144 0.0525209 0.122759
1 0.870184 0.274148 0.0185179 0.074496
1 0.959142 0.269621 0.0187466 0.0637938
