0 0.17604 0.410955 0.0975207 0.406499
0 0.0367074 0.458449 0.0733747 0.372433
1 0.304553 0.485519 0.07382 0.225362
0 0.434562 0.343374 0.0775924 0.325411
0 0.308974 0.379527 0.0911178 0.347751
1 0.785076 0.365407 0.0349131 0.170238
0 0.0509228 0.428996 0.101691 0.41661
1 0.549737 0.432812 0.0690415 0.210732
1 0.176066 0.517608 0.0941338 0.247584
1 0.679954 0.397138 0.041261 0.176663
1 0.439159 0.455411 0.0664887 0.220055
0 0.54684 0.339045 0.0660691 0.319537
1 0.0379261 0.562155 0.0756999 0.270026
0 0.216945 0.382782 0.0560279 0.366983
0 0.846389 0.261618 0.0327818 0.171385
0 0.682369 0.31454 0.0657394 0.260758
1 0.636242 0.391827 0.0373814 0.172831
0 0.783806 0.286432 0.0510433 0.244723
1 0.846533 0.309683 0.0291336 0.131387
1 0.489357 0.434428 0.0486784 0.202539
0 0.727553 0.281985 0.0448715 0.229157
1 0.730932 0.346241 0.0243944 0.139593
2 0.283542 0.323153 0.11426 0.227267
1 0.606473 0.382321 0.0296678 0.159754
0 0.387916 0.34255 0.0531697 0.31638
0 0.631515 0.313377 0.0496552 0.280361
0 0.48173 0.328128 0.0471276 0.299842
1 0.387049 0.454951 0.0525119 0.211983
0 0.17604 0.410955 0.0975207 0.406499
0 0.0367074 0.458449 0.0733747 0.372433
1 0.304553 0.485519 0.07382 0.225362
0 0.434562 0.343374 0.0775924 0.325411
0 0.308974 0.379527 0.0911178 0.347751
1 0.785076 0.365407 0.0349131 0.170238
0 0.0509228 0.428996 0.101691 0.41661
1 0.549737 0.432812 0.0690415 0.210732
1 0.176066 0.517608 0.0941338 0.247584
1 0.679954 0.397138 0.041261 0.176663
1 0.439159 0.455411 0.0664887 0.220055
0 0.54684 0.339045 0.0660691 0.319537
1 0.0379261 0.562155 0.0756999 0.270026
0 0.216945 0.382782 0.0560279 0.366983
0 0.846389 0.261618 0.0327818 0.171385
0 0.682369 0.31454 0.0657394 0.260758
1 0.636242 0.391827 0.0373814 0.172831
0 0.783806 0.286432 0.0510433 0.244723
1 0.846533 0.309683 0.0291336 0.131387
1 0.489357 0.434428 0.0486784 0.202539
0 0.727553 0.281985 0.0448715 0.229157
1 0.730932 0.346241 0.0243944 0.139593
2 0.283542 0.323153 0.11426 0.227267
1 0.606473 0.382321 0.0296678 0.159754
0 0.387916 0.34255 0.0531697 0.31638
0 0.631515 0.313377 0.0496552 0.280361
0 0.48173 0.328128 0.0471276 0.299842
1 0.387049 0.454951 0.0525119 0.211983
0 0.17604 0.410955 0.0975207 0.406499
0 0.0367074 0.458449 0.0733747 0.372433
1 0.304553 0.485519 0.07382 0.225362
0 0.434562 0.343374 0.0775924 0.325411
0 0.308974 0.379527 0.0911178 0.347751
1 0.785076 0.365407 0.0349131 0.170238
0 0.0509228 0.428996 0.101691 0.41661
1 0.549737 0.432812 0.0690415 0.210732
1 0.176066 0.517608 0.0941338 0.247584
1 0.679954 0.397138 0.041261 0.176663
1 0.439159 0.455411 0.0664887 0.220055
0 0.54684 0.339045 0.0660691 0.319537
1 0.0379261 0.562155 0.0756999 0.270026
0 0.216945 0.382782 0.0560279 0.366983
0 0.846389 0.261618 0.0327818 0.171385
0 0.682369 0.31454 0.0657394 0.260758
1 0.636242 0.391827 0.0373814 0.172831
0 0.783806 0.286432 0.0510433 0.244723
1 0.846533 0.309683 0.0291336 0.131387
1 0.489357 0.434428 0.0486784 0.202539
0 0.727553 0.281985 0.0448715 0.229157
1 0.730932 0.346241 0.0243944 0.139593
2 0.283542 0.323153 0.11426 0.227267
1 0.606473 0.382321 0.0296678 0.159754
0 0.387916 0.34255 0.0531697 0.31638
0 0.631515 0.313377 0.0496552 0.280361
0 0.48173 0.328128 0.0471276 0.299842
1 0.387049 0.454951 0.0525119 0.211983
0 0.17604 0.410955 0.0975207 0.406499
0 0.0367074 0.458449 0.0733747 0.372433
1 0.304553 0.485519 0.07382 0.225362
0 0.434562 0.343374 0.0775924 0.325411
0 0.308974 0.379527 0.0911178 0.347751
1 0.785076 0.365407 0.0349131 0.170238
0 0.0509228 0.428996 0.101691 0.41661
1 0.549737 0.432812 0.0690415 0.210732
1 0.176066 0.517608 0.0941338 0.247584
1 0.679954 0.397138 0.041261 0.176663
1 0.439159 0.455411 0.0664887 0.220055
0 0.54684 0.339045 0.0660691 0.319537
1 0.0379261 0.562155 0.0756999 0.270026
0 0.216945 0.382782 0.0560279 0.366983
0 0.846389 0.261618 0.0327818 0.171385
0 0.682369 0.31454 0.0657394 0.260758
1 0.636242 0.391827 0.0373814 0.172831
0 0.783806 0.286432 0.0510433 0.244723
1 0.846533 0.309683 0.0291336 0.131387
1 0.489357 0.434428 0.0486784 0.202539
0 0.727553 0.281985 0.0448715 0.229157
1 0.730932 0.346241 0.0243944 0.139593
2 0.283542 0.323153 0.11426 0.227267
1 0.606473 0.382321 0.0296678 0.159754
0 0.387916 0.34255 0.0531697 0.31638
0 0.631515 0.313377 0.0496552 0.280361
0 0.48173 0.328128 0.0471276 0.299842
1 0.387049 0.454951 0.0525119 0.211983
0 0.17604 0.410955 0.0975207 0.406499
0 0.0367074 0.458449 0.0733747 0.372433
1 0.304553 0.485519 0.07382 0.225362
0 0.434562 0.343374 0.0775924 0.325411
0 0.308974 0.379527 0.0911178 0.347751
1 0.785076 0.365407 0.0349131 0.170238
0 0.0509228 0.428996 0.101691 0.41661
1 0.549737 0.432812 0.0690415 0.210732
1 0.176066 0.517608 0.0941338 0.247584
1 0.679954 0.397138 0.041261 0.176663
1 0.439159 0.455411 0.0664887 0.220055
0 0.54684 0.339045 0.0660691 0.319537
1 0.0379261 0.562155 0.0756999 0.270026
0 0.216945 0.382782 0.0560279 0.366983
0 0.846389 0.261618 0.0327818 0.171385
0 0.682369 0.31454 0.0657394 0.260758
1 0.636242 0.391827 0.0373814 0.172831
0 0.783806 0.286432 0.0510433 0.244723
1 0.846533 0.309683 0.0291336 0.131387
1 0.489357 0.434428 0.0486784 0.202539
0 0.727553 0.281985 0.0448715 0.229157
1 0.730932 0.346241 0.0243944 0.139593
2 0.283542 0.323153 0.11426 0.227267
1 0.606473 0.382321 0.0296678 0.159754
0 0.387916 0.34255 0.0531697 0.31638
0 0.631515 0.313377 0.0496552 0.280361
0 0.48173 0.328128 0.0471276 0.299842
1 0.387049 0.454951 0.0525119 0.211983
0 0.904281 0.24963 0.0246004 0.0806161
2 0.820808 0.253204 0.0265812 0.0771227
1 0.763894 0.363756 0.0197851 0.144673
0 0.975498 0.244582 0.0197372 0.0909475
0 0.602695 0.324829 0.0325791 0.280724
1 0.964896 0.267595 0.0146765 0.0532283
0 0.582951 0.327642 0.0312105 0.306885
