0 0.514167 0.561017 0.0587127 0.0925976
0 0.588254 0.560752 0.0564699 0.0844393
0 0.309638 0.575773 0.0771061 0.120806
0 0.34826 0.574205 0.0469621 0.11387
0 0.863568 0.557067 0.0472924 0.0714979
0 0.819773 0.554345 0.0424364 0.0689617
1 0.316778 0.607587 0.0610364 0.0741529
0 0.744927 0.554518 0.0405153 0.0705976
1 0.51599 0.588497 0.0409145 0.0611746
1 0.589269 0.580708 0.0382811 0.0571644
0 0.905703 0.556295 0.0343177 0.0654148
1 0.751498 0.579175 0.0353299 0.0429317
0 0.514167 0.561017 0.0587127 0.0925976
0 0.588254 0.560752 0.0564699 0.0844393
0 0.309638 0.575773 0.0771061 0.120806
0 0.34826 0.574205 0.0469621 0.11387
0 0.863568 0.557067 0.0472924 0.0714979
0 0.819773 0.554345 0.0424364 0.0689617
1 0.316778 0.607587 0.0610364 0.0741529
0 0.744927 0.554518 0.0405153 0.0705976
1 0.51599 0.588497 0.0409145 0.0611746
1 0.589269 0.580708 0.0382811 0.0571644
0 0.905703 0.556295 0.0343177 0.0654148
1 0.751498 0.579175 0.0353299 0.0429317
0 0.514167 0.561017 0.0587127 0.0925976
0 0.588254 0.560752 0.0564699 0.0844393
0 0.309638 0.575773 0.0771061 0.120806
0 0.34826 0.574205 0.0469621 0.11387
0 0.863568 0.557067 0.0472924 0.0714979
0 0.819773 0.554345 0.0424364 0.0689617
1 0.316778 0.607587 0.0610364 0.0741529
0 0.744927 0.554518 0.0405153 0.0705976
1 0.51599 0.588497 0.0409145 0.0611746
1 0.589269 0.580708 0.0382811 0.0571644
0 0.905703 0.556295 0.0343177 0.0654148
1 0.751498 0.579175 0.0353299 0.0429317
0 0.514167 0.561017 0.0587127 0.0925976
0 0.588254 0.560752 0.0564699 0.0844393
0 0.309638 0.575773 0.0771061 0.120806
0 0.34826 0.574205 0.0469621 0.11387
0 0.863568 0.557067 0.0472924 0.0714979
0 0.819773 0.554345 0.0424364 0.0689617
1 0.316778 0.607587 0.0610364 0.0741529
0 0.744927 0.554518 0.0405153 0.0705976
1 0.51599 0.588497 0.0409145 0.0611746
1 0.589269 0.580708 0.0382811 0.0571644
0 0.905703 0.556295 0.0343177 0.0654148
1 0.751498 0.579175 0.0353299 0.0429317
0 0.514167 0.561017 0.0587127 0.0925976
0 0.588254 0.560752 0.0564699 0.0844393
0 0.309638 0.575773 0.0771061 0.120806
0 0.34826 0.574205 0.0469621 0.11387
0 0.863568 0.557067 0.0472924 0.0714979
0 0.819773 0.554345 0.0424364 0.0689617
1 0.316778 0.607587 0.0610364 0.0741529
0 0.744927 0.554518 0.0405153 0.0705976
1 0.51599 0.588497 0.0409145 0.0611746
1 0.589269 0.580708 0.0382811 0.0571644
0 0.905703 0.556295 0.0343177 0.0654148
1 0.751498 0.579175 0.0353299 0.0429317
0 0.514167 0.561017 0.0587127 0.0925976
0 0.588254 0.560752 0.0564699 0.0844393
0 0.309638 0.575773 0.0771061 0.120806
0 0.34826 0.574205 0.0469621 0.11387
0 0.863568 0.557067 0.0472924 0.0714979
0 0.819773 0.554345 0.0424364 0.0689617
1 0.316778 0.607587 0.0610364 0.0741529
0 0.744927 0.554518 0.0405153 0.0705976
1 0.51599 0.588497 0.0409145 0.0611746
1 0.589269 0.580708 0.0382811 0.0571644
0 0.905703 0.556295 0.0343177 0.0654148
1 0.751498 0.579175 0.0353299 0.0429317
0 0.777207 0.554954 0.0366977 0.069207
1 0.516637 0.589863 0.0290437 0.0583601
1 0.814897 0.579645 0.0324819 0.0402248
0 0.934126 0.555413 0.0339617 0.0650898
1 0.868734 0.578331 0.0291005 0.0388131
1 0.808134 0.579096 0.0239366 0.0416416
