0 0.868513 0.663262 0.262152 0.633294
1 0.54876 0.590065 0.15977 0.117724
1 0.386556 0.606616 0.109139 0.110197
0 0.390433 0.557168 0.115872 0.121562
0 0.680199 0.509437 0.109214 0.0935953
0 0.250997 0.544157 0.0740223 0.0940103
0 0.542043 0.535104 0.134993 0.144197
0 0.800011 0.494109 0.16098 0.172416
1 0.253762 0.56895 0.0593033 0.0725161
1 0.846088 0.784504 0.305562 0.270281
0 0.166585 0.524046 0.0663897 0.0969629
0 0.0315979 0.522432 0.0447282 0.0699499
0 0.402759 0.497177 0.0756539 0.0686712
1 0.0314346 0.54227 0.0348158 0.0464813
1 0.173422 0.549132 0.0400058 0.0663764
0 0.868513 0.663262 0.262152 0.633294
1 0.54876 0.590065 0.15977 0.117724
1 0.386556 0.606616 0.109139 0.110197
0 0.390433 0.557168 0.115872 0.121562
0 0.680199 0.509437 0.109214 0.0935953
0 0.250997 0.544157 0.0740223 0.0940103
0 0.542043 0.535104 0.134993 0.144197
0 0.800011 0.494109 0.16098 0.172416
1 0.253762 0.56895 0.0593033 0.0725161
1 0.846088 0.784504 0.305562 0.270281
0 0.166585 0.524046 0.0663897 0.0969629
0 0.0315979 0.522432 0.0447282 0.0699499
0 0.402759 0.497177 0.0756539 0.0686712
1 0.0314346 0.54227 0.0348158 0.0464813
1 0.173422 0.549132 0.0400058 0.0663764
0 0.111945 0.517649 0.0413741 0.0620391
1 0.671992 0.564924 0.112041 0.086989
0 0.585961 0.495838 0.067919 0.06377
1 0.155868 0.546083 0.0665814 0.0661832
1 0.643739 0.567798 0.0655521 0.0806103
1 0.140189 0.544554 0.0376996 0.0588076
1 0.294875 0.535863 0.0285746 0.025387
