0 0.170888 0.584041 0.0796958 0.136397
0 0.332897 0.57533 0.0678587 0.111673
0 0.512763 0.568137 0.0706492 0.102044
0 0.613466 0.566923 0.0732488 0.102417
0 0.70481 0.562198 0.0599484 0.0905607
1 0.61699 0.601797 0.0482566 0.0564432
1 0.507559 0.600832 0.0404878 0.0631689
1 0.171128 0.62223 0.0559218 0.0784029
0 0.77359 0.557548 0.0581082 0.0792067
1 0.331305 0.604469 0.0511642 0.0732978
1 0.700605 0.592965 0.0391798 0.0550447
0 0.816069 0.560257 0.0379342 0.0695808
1 0.511448 0.59946 0.0586068 0.0642935
1 0.563293 0.596151 0.0380118 0.0557396
0 0.661834 0.567353 0.0481913 0.0903141
0 0.851627 0.557535 0.0448956 0.0659107
0 0.903898 0.557848 0.0401723 0.0633043
1 0.779792 0.581731 0.0372142 0.046344
1 0.758707 0.581066 0.0448625 0.0532051
0 0.569314 0.56916 0.0417596 0.094599
1 0.921033 0.577769 0.0526015 0.0515423
1 0.820439 0.579903 0.0424856 0.0414916
1 0.658837 0.593968 0.0321215 0.0595695
1 0.848834 0.575384 0.0369732 0.0452112
0 0.492921 0.563987 0.0467812 0.101331
0 0.532707 0.566404 0.0518556 0.106926
0 0.738586 0.541037 0.0271513 0.0428097
1 0.843774 0.577566 0.0332896 0.0416643
1 0.695208 0.587522 0.0489709 0.0535748
1 0.652816 0.592756 0.042688 0.0637432
1 0.738038 0.585044 0.0409943 0.0514959
1 0.646342 0.596448 0.0430659 0.0573734
0 0.933341 0.555048 0.0328217 0.0664434
0 0.170888 0.584041 0.0796958 0.136397
0 0.332897 0.57533 0.0678587 0.111673
0 0.512763 0.568137 0.0706492 0.102044
0 0.613466 0.566923 0.0732488 0.102417
0 0.70481 0.562198 0.0599484 0.0905607
1 0.61699 0.601797 0.0482566 0.0564432
1 0.507559 0.600832 0.0404878 0.0631689
1 0.171128 0.62223 0.0559218 0.0784029
0 0.77359 0.557548 0.0581082 0.0792067
1 0.331305 0.604469 0.0511642 0.0732978
1 0.700605 0.592965 0.0391798 0.0550447
0 0.816069 0.560257 0.0379342 0.0695808
1 0.511448 0.59946 0.0586068 0.0642935
1 0.563293 0.596151 0.0380118 0.0557396
0 0.661834 0.567353 0.0481913 0.0903141
0 0.851627 0.557535 0.0448956 0.0659107
0 0.903898 0.557848 0.0401723 0.0633043
1 0.779792 0.581731 0.0372142 0.046344
1 0.758707 0.581066 0.0448625 0.0532051
0 0.569314 0.56916 0.0417596 0.094599
1 0.921033 0.577769 0.0526015 0.0515423
1 0.820439 0.579903 0.0424856 0.0414916
1 0.658837 0.593968 0.0321215 0.0595695
1 0.848834 0.575384 0.0369732 0.0452112
0 0.492921 0.563987 0.0467812 0.101331
0 0.532707 0.566404 0.0518556 0.106926
0 0.738586 0.541037 0.0271513 0.0428097
1 0.843774 0.577566 0.0332896 0.0416643
1 0.695208 0.587522 0.0489709 0.0535748
1 0.652816 0.592756 0.042688 0.0637432
1 0.738038 0.585044 0.0409943 0.0514959
1 0.646342 0.596448 0.0430659 0.0573734
0 0.933341 0.555048 0.0328217 0.0664434
0 0.170888 0.584041 0.0796958 0.136397
0 0.332897 0.57533 0.0678587 0.111673
0 0.512763 0.568137 0.0706492 0.102044
0 0.613466 0.566923 0.0732488 0.102417
0 0.70481 0.562198 0.0599484 0.0905607
1 0.61699 0.601797 0.0482566 0.0564432
1 0.507559 0.600832 0.0404878 0.0631689
1 0.171128 0.62223 0.0559218 0.0784029
0 0.77359 0.557548 0.0581082 0.0792067
1 0.331305 0.604469 0.0511642 0.0732978
1 0.700605 0.592965 0.0391798 0.0550447
0 0.816069 0.560257 0.0379342 0.0695808
1 0.511448 0.59946 0.0586068 0.0642935
1 0.563293 0.596151 0.0380118 0.0557396
0 0.661834 0.567353 0.0481913 0.0903141
0 0.851627 0.557535 0.0448956 0.0659107
0 0.903898 0.557848 0.0401723 0.0633043
1 0.779792 0.581731 0.0372142 0.046344
1 0.758707 0.581066 0.0448625 0.0532051
0 0.569314 0.56916 0.0417596 0.094599
1 0.921033 0.577769 0.0526015 0.0515423
1 0.820439 0.579903 0.0424856 0.0414916
1 0.658837 0.593968 0.0321215 0.0595695
1 0.848834 0.575384 0.0369732 0.0452112
0 0.492921 0.563987 0.0467812 0.101331
0 0.532707 0.566404 0.0518556 0.106926
0 0.738586 0.541037 0.0271513 0.0428097
1 0.843774 0.577566 0.0332896 0.0416643
1 0.695208 0.587522 0.0489709 0.0535748
1 0.652816 0.592756 0.042688 0.0637432
1 0.738038 0.585044 0.0409943 0.0514959
1 0.646342 0.596448 0.0430659 0.0573734
0 0.933341 0.555048 0.0328217 0.0664434
0 0.170626 0.582969 0.0798172 0.135679
0 0.332258 0.576161 0.0675428 0.114442
0 0.613248 0.566677 0.0646467 0.103623
0 0.703983 0.564647 0.055538 0.0974892
0 0.512587 0.573617 0.0632631 0.0969622
1 0.508723 0.602582 0.0414161 0.0608081
1 0.173886 0.619088 0.061431 0.0839314
0 0.77531 0.558031 0.0551999 0.0807077
0 0.666388 0.568665 0.0520915 0.0917915
1 0.332069 0.603729 0.0483076 0.0751667
1 0.621112 0.598033 0.0405256 0.0646111
0 0.568655 0.569502 0.0480988 0.0972395
1 0.564782 0.593794 0.0394912 0.0622243
0 0.170626 0.582969 0.0798172 0.135679
0 0.332258 0.576161 0.0675428 0.114442
0 0.613248 0.566677 0.0646467 0.103623
0 0.703983 0.564647 0.055538 0.0974892
0 0.512587 0.573617 0.0632631 0.0969622
1 0.508723 0.602582 0.0414161 0.0608081
1 0.173886 0.619088 0.061431 0.0839314
0 0.77531 0.558031 0.0551999 0.0807077
0 0.666388 0.568665 0.0520915 0.0917915
1 0.332069 0.603729 0.0483076 0.0751667
1 0.621112 0.598033 0.0405256 0.0646111
0 0.568655 0.569502 0.0480988 0.0972395
1 0.564782 0.593794 0.0394912 0.0622243
