5 0.486112 0.624388 0.101086 0.149703
0 0.527305 0.80028 0.0953275 0.397443
5 0.18956 0.636553 0.209686 0.196351
5 0.353706 0.629562 0.123335 0.183579
5 0.878521 0.612169 0.210455 0.166743
5 0.0434168 0.640019 0.0864533 0.181964
5 0.568551 0.61288 0.0710101 0.0878868
0 0.434464 0.67601 0.0214945 0.104841
0 0.229021 0.697115 0.0256503 0.137343
0 0.555024 0.670471 0.0175861 0.121598
0 0.0358836 0.69135 0.0226886 0.110626
0 0.245147 0.695814 0.0209723 0.129291
0 0.835673 0.655876 0.0209972 0.115941
0 0.642725 0.656457 0.0179218 0.0952274
0 0.304037 0.672468 0.025428 0.124102
0 0.372402 0.679413 0.0276883 0.11299
0 0.784306 0.649697 0.0165666 0.0737633
0 0.0582276 0.691748 0.0242922 0.105632
0 0.0822792 0.695901 0.0230755 0.119743
0 0.694146 0.638439 0.0126259 0.0615696
0 0.125295 0.685524 0.0198234 0.13628
0 0.108817 0.701275 0.0259162 0.124305
5 0.486112 0.624388 0.101086 0.149703
0 0.527305 0.80028 0.0953275 0.397443
5 0.18956 0.636553 0.209686 0.196351
5 0.353706 0.629562 0.123335 0.183579
5 0.878521 0.612169 0.210455 0.166743
5 0.0434168 0.640019 0.0864533 0.181964
5 0.568551 0.61288 0.0710101 0.0878868
0 0.434464 0.67601 0.0214945 0.104841
0 0.229021 0.697115 0.0256503 0.137343
0 0.555024 0.670471 0.0175861 0.121598
0 0.0358836 0.69135 0.0226886 0.110626
0 0.245147 0.695814 0.0209723 0.129291
0 0.835673 0.655876 0.0209972 0.115941
0 0.642725 0.656457 0.0179218 0.0952274
0 0.304037 0.672468 0.025428 0.124102
0 0.372402 0.679413 0.0276883 0.11299
0 0.784306 0.649697 0.0165666 0.0737633
0 0.0582276 0.691748 0.0242922 0.105632
0 0.0822792 0.695901 0.0230755 0.119743
0 0.694146 0.638439 0.0126259 0.0615696
0 0.125295 0.685524 0.0198234 0.13628
0 0.108817 0.701275 0.0259162 0.124305
5 0.486112 0.624388 0.101086 0.149703
0 0.527305 0.80028 0.0953275 0.397443
5 0.18956 0.636553 0.209686 0.196351
5 0.353706 0.629562 0.123335 0.183579
5 0.878521 0.612169 0.210455 0.166743
5 0.0434168 0.640019 0.0864533 0.181964
5 0.568551 0.61288 0.0710101 0.0878868
0 0.434464 0.67601 0.0214945 0.104841
0 0.229021 0.697115 0.0256503 0.137343
0 0.555024 0.670471 0.0175861 0.121598
0 0.0358836 0.69135 0.0226886 0.110626
0 0.245147 0.695814 0.0209723 0.129291
0 0.835673 0.655876 0.0209972 0.115941
0 0.642725 0.656457 0.0179218 0.0952274
0 0.304037 0.672468 0.025428 0.124102
0 0.372402 0.679413 0.0276883 0.11299
0 0.784306 0.649697 0.0165666 0.0737633
0 0.0582276 0.691748 0.0242922 0.105632
0 0.0822792 0.695901 0.0230755 0.119743
0 0.694146 0.638439 0.0126259 0.0615696
0 0.125295 0.685524 0.0198234 0.13628
0 0.108817 0.701275 0.0259162 0.124305
5 0.486112 0.624388 0.101086 0.149703
0 0.527305 0.80028 0.0953275 0.397443
5 0.18956 0.636553 0.209686 0.196351
5 0.353706 0.629562 0.123335 0.183579
5 0.878521 0.612169 0.210455 0.166743
5 0.0434168 0.640019 0.0864533 0.181964
5 0.568551 0.61288 0.0710101 0.0878868
0 0.434464 0.67601 0.0214945 0.104841
0 0.229021 0.697115 0.0256503 0.137343
0 0.555024 0.670471 0.0175861 0.121598
0 0.0358836 0.69135 0.0226886 0.110626
0 0.245147 0.695814 0.0209723 0.129291
0 0.835673 0.655876 0.0209972 0.115941
0 0.642725 0.656457 0.0179218 0.0952274
0 0.304037 0.672468 0.025428 0.124102
0 0.372402 0.679413 0.0276883 0.11299
0 0.784306 0.649697 0.0165666 0.0737633
0 0.0582276 0.691748 0.0242922 0.105632
0 0.0822792 0.695901 0.0230755 0.119743
0 0.694146 0.638439 0.0126259 0.0615696
0 0.125295 0.685524 0.0198234 0.13628
0 0.108817 0.701275 0.0259162 0.124305
5 0.486112 0.624388 0.101086 0.149703
0 0.527305 0.80028 0.0953275 0.397443
5 0.18956 0.636553 0.209686 0.196351
5 0.353706 0.629562 0.123335 0.183579
5 0.878521 0.612169 0.210455 0.166743
5 0.0434168 0.640019 0.0864533 0.181964
5 0.568551 0.61288 0.0710101 0.0878868
0 0.434464 0.67601 0.0214945 0.104841
0 0.229021 0.697115 0.0256503 0.137343
0 0.555024 0.670471 0.0175861 0.121598
0 0.0358836 0.69135 0.0226886 0.110626
0 0.245147 0.695814 0.0209723 0.129291
0 0.835673 0.655876 0.0209972 0.115941
0 0.642725 0.656457 0.0179218 0.0952274
0 0.304037 0.672468 0.025428 0.124102
0 0.372402 0.679413 0.0276883 0.11299
0 0.784306 0.649697 0.0165666 0.0737633
0 0.0582276 0.691748 0.0242922 0.105632
0 0.0822792 0.695901 0.0230755 0.119743
0 0.694146 0.638439 0.0126259 0.0615696
0 0.125295 0.685524 0.0198234 0.13628
0 0.108817 0.701275 0.0259162 0.124305
0 0.769593 0.648874 0.0140533 0.0760128
0 0.808961 0.649332 0.0199318 0.0787111
0 0.724934 0.636511 0.0114693 0.0597833
