5 0.868873 0.617517 0.207901 0.164704
5 0.180322 0.640857 0.210272 0.195576
5 0.345913 0.633619 0.123863 0.180239
5 0.462033 0.62794 0.108224 0.121767
5 0.654041 0.61971 0.102579 0.112896
5 0.0387961 0.652118 0.0766325 0.192241
5 0.545975 0.622993 0.0670266 0.0766888
0 0.213127 0.739422 0.0422022 0.204905
0 0.185599 0.719098 0.0274768 0.194017
0 0.885624 0.664281 0.025008 0.102194
0 0.947149 0.66686 0.0252949 0.147313
0 0.356882 0.690176 0.024349 0.121676
0 0.651452 0.658165 0.0174917 0.0909387
0 0.117206 0.694099 0.0358345 0.134292
0 0.374675 0.687471 0.0256922 0.118952
0 0.295513 0.677347 0.0241188 0.125026
0 0.72156 0.64662 0.0112804 0.0603699
0 0.0715443 0.699099 0.0223765 0.122176
0 0.676052 0.658726 0.0178755 0.0775158
0 0.535643 0.661933 0.0137728 0.0737438
0 0.457852 0.67869 0.0224902 0.0980859
0 0.0360571 0.704107 0.0350692 0.133807
5 0.868873 0.617517 0.207901 0.164704
5 0.180322 0.640857 0.210272 0.195576
5 0.345913 0.633619 0.123863 0.180239
5 0.462033 0.62794 0.108224 0.121767
5 0.654041 0.61971 0.102579 0.112896
5 0.0387961 0.652118 0.0766325 0.192241
5 0.545975 0.622993 0.0670266 0.0766888
0 0.213127 0.739422 0.0422022 0.204905
0 0.185599 0.719098 0.0274768 0.194017
0 0.885624 0.664281 0.025008 0.102194
0 0.947149 0.66686 0.0252949 0.147313
0 0.356882 0.690176 0.024349 0.121676
0 0.651452 0.658165 0.0174917 0.0909387
0 0.117206 0.694099 0.0358345 0.134292
0 0.374675 0.687471 0.0256922 0.118952
0 0.295513 0.677347 0.0241188 0.125026
0 0.72156 0.64662 0.0112804 0.0603699
0 0.0715443 0.699099 0.0223765 0.122176
0 0.676052 0.658726 0.0178755 0.0775158
0 0.535643 0.661933 0.0137728 0.0737438
0 0.457852 0.67869 0.0224902 0.0980859
0 0.0360571 0.704107 0.0350692 0.133807
5 0.868873 0.617517 0.207901 0.164704
5 0.180322 0.640857 0.210272 0.195576
5 0.345913 0.633619 0.123863 0.180239
5 0.462033 0.62794 0.108224 0.121767
5 0.654041 0.61971 0.102579 0.112896
5 0.0387961 0.652118 0.0766325 0.192241
5 0.545975 0.622993 0.0670266 0.0766888
0 0.213127 0.739422 0.0422022 0.204905
0 0.185599 0.719098 0.0274768 0.194017
0 0.885624 0.664281 0.025008 0.102194
0 0.947149 0.66686 0.0252949 0.147313
0 0.356882 0.690176 0.024349 0.121676
0 0.651452 0.658165 0.0174917 0.0909387
0 0.117206 0.694099 0.0358345 0.134292
0 0.374675 0.687471 0.0256922 0.118952
0 0.295513 0.677347 0.0241188 0.125026
0 0.72156 0.64662 0.0112804 0.0603699
0 0.0715443 0.699099 0.0223765 0.122176
0 0.676052 0.658726 0.0178755 0.0775158
0 0.535643 0.661933 0.0137728 0.0737438
0 0.457852 0.67869 0.0224902 0.0980859
0 0.0360571 0.704107 0.0350692 0.133807
5 0.868873 0.617517 0.207901 0.164704
5 0.180322 0.640857 0.210272 0.195576
5 0.345913 0.633619 0.123863 0.180239
5 0.462033 0.62794 0.108224 0.121767
5 0.654041 0.61971 0.102579 0.112896
5 0.0387961 0.652118 0.0766325 0.192241
5 0.545975 0.622993 0.0670266 0.0766888
0 0.213127 0.739422 0.0422022 0.204905
0 0.185599 0.719098 0.0274768 0.194017
0 0.885624 0.664281 0.025008 0.102194
0 0.947149 0.66686 0.0252949 0.147313
0 0.356882 0.690176 0.024349 0.121676
0 0.651452 0.658165 0.0174917 0.0909387
0 0.117206 0.694099 0.0358345 0.134292
0 0.374675 0.687471 0.0256922 0.118952
0 0.295513 0.677347 0.0241188 0.125026
0 0.72156 0.64662 0.0112804 0.0603699
0 0.0715443 0.699099 0.0223765 0.122176
0 0.676052 0.658726 0.0178755 0.0775158
0 0.535643 0.661933 0.0137728 0.0737438
0 0.457852 0.67869 0.0224902 0.0980859
0 0.0360571 0.704107 0.0350692 0.133807
5 0.868873 0.617517 0.207901 0.164704
5 0.180322 0.640857 0.210272 0.195576
5 0.345913 0.633619 0.123863 0.180239
5 0.462033 0.62794 0.108224 0.121767
5 0.654041 0.61971 0.102579 0.112896
5 0.0387961 0.652118 0.0766325 0.192241
5 0.545975 0.622993 0.0670266 0.0766888
0 0.213127 0.739422 0.0422022 0.204905
0 0.185599 0.719098 0.0274768 0.194017
0 0.885624 0.664281 0.025008 0.102194
0 0.947149 0.66686 0.0252949 0.147313
0 0.356882 0.690176 0.024349 0.121676
0 0.651452 0.658165 0.0174917 0.0909387
0 0.117206 0.694099 0.0358345 0.134292
0 0.374675 0.687471 0.0256922 0.118952
0 0.295513 0.677347 0.0241188 0.125026
0 0.72156 0.64662 0.0112804 0.0603699
0 0.0715443 0.699099 0.0223765 0.122176
0 0.676052 0.658726 0.0178755 0.0775158
0 0.535643 0.661933 0.0137728 0.0737438
0 0.457852 0.67869 0.0224902 0.0980859
0 0.0360571 0.704107 0.0350692 0.133807
0 0.234871 0.699474 0.022503 0.133549
0 0.00774484 0.717341 0.0154564 0.103423
0 0.93182 0.662248 0.014431 0.0882421
0 0.0462121 0.706143 0.0269938 0.122734
