5 0.741206 0.36761 0.252653 0.528329
5 0.429717 0.358555 0.145969 0.364131
5 0.546831 0.340323 0.112394 0.283722
0 0.0792417 0.658642 0.114348 0.572932
0 0.771481 0.688173 0.153466 0.616099
2 0.236454 0.578884 0.167349 0.284576
2 0.334917 0.429735 0.0551867 0.0952203
5 0.219599 0.323464 0.137062 0.236662
0 0.90264 0.505638 0.0386595 0.194847
0 0.956941 0.526143 0.0574562 0.185374
5 0.196974 0.408741 0.137027 0.177683
0 0.957293 0.485421 0.0364996 0.160601
2 0.136751 0.532452 0.0732747 0.167058
5 0.741206 0.36761 0.252653 0.528329
5 0.429717 0.358555 0.145969 0.364131
5 0.546831 0.340323 0.112394 0.283722
0 0.0792417 0.658642 0.114348 0.572932
0 0.771481 0.688173 0.153466 0.616099
2 0.236454 0.578884 0.167349 0.284576
2 0.334917 0.429735 0.0551867 0.0952203
5 0.219599 0.323464 0.137062 0.236662
0 0.90264 0.505638 0.0386595 0.194847
0 0.956941 0.526143 0.0574562 0.185374
5 0.196974 0.408741 0.137027 0.177683
0 0.957293 0.485421 0.0364996 0.160601
2 0.136751 0.532452 0.0732747 0.167058
5 0.741206 0.36761 0.252653 0.528329
5 0.429717 0.358555 0.145969 0.364131
5 0.546831 0.340323 0.112394 0.283722
0 0.0792417 0.658642 0.114348 0.572932
0 0.771481 0.688173 0.153466 0.616099
2 0.236454 0.578884 0.167349 0.284576
2 0.334917 0.429735 0.0551867 0.0952203
5 0.219599 0.323464 0.137062 0.236662
0 0.90264 0.505638 0.0386595 0.194847
0 0.956941 0.526143 0.0574562 0.185374
5 0.196974 0.408741 0.137027 0.177683
0 0.957293 0.485421 0.0364996 0.160601
2 0.136751 0.532452 0.0732747 0.167058
5 0.741206 0.36761 0.252653 0.528329
5 0.429717 0.358555 0.145969 0.364131
5 0.546831 0.340323 0.112394 0.283722
0 0.0792417 0.658642 0.114348 0.572932
0 0.771481 0.688173 0.153466 0.616099
2 0.236454 0.578884 0.167349 0.284576
2 0.334917 0.429735 0.0551867 0.0952203
5 0.219599 0.323464 0.137062 0.236662
0 0.90264 0.505638 0.0386595 0.194847
0 0.956941 0.526143 0.0574562 0.185374
5 0.196974 0.408741 0.137027 0.177683
0 0.957293 0.485421 0.0364996 0.160601
2 0.136751 0.532452 0.0732747 0.167058
5 0.741206 0.36761 0.252653 0.528329
5 0.429717 0.358555 0.145969 0.364131
5 0.546831 0.340323 0.112394 0.283722
0 0.0792417 0.658642 0.114348 0.572932
0 0.771481 0.688173 0.153466 0.616099
2 0.236454 0.578884 0.167349 0.284576
2 0.334917 0.429735 0.0551867 0.0952203
5 0.219599 0.323464 0.137062 0.236662
0 0.90264 0.505638 0.0386595 0.194847
0 0.956941 0.526143 0.0574562 0.185374
5 0.196974 0.408741 0.137027 0.177683
0 0.957293 0.485421 0.0364996 0.160601
2 0.136751 0.532452 0.0732747 0.167058
