5 0.18288 0.633836 0.21035 0.194183
5 0.870917 0.615206 0.210531 0.167108
5 0.478318 0.62411 0.139793 0.132489
5 0.628328 0.618148 0.138222 0.106371
5 0.347801 0.627023 0.123206 0.181544
5 0.0405174 0.636885 0.0805271 0.178559
0 0.0246483 0.741387 0.0422258 0.239624
0 0.410776 0.679312 0.021829 0.115643
0 0.696403 0.655686 0.0204439 0.097308
0 0.12503 0.729718 0.0466734 0.186818
0 0.222126 0.697197 0.0260435 0.135369
0 0.293275 0.680925 0.0281127 0.131864
0 0.743675 0.652498 0.0165142 0.0922933
0 0.524112 0.664319 0.0255013 0.107713
0 0.0743605 0.695689 0.0238666 0.122218
0 0.238205 0.693947 0.0213133 0.131594
0 0.843564 0.658297 0.0191999 0.0872255
0 0.732105 0.640829 0.0114817 0.0591722
5 0.18288 0.633836 0.21035 0.194183
5 0.870917 0.615206 0.210531 0.167108
5 0.478318 0.62411 0.139793 0.132489
5 0.628328 0.618148 0.138222 0.106371
5 0.347801 0.627023 0.123206 0.181544
5 0.0405174 0.636885 0.0805271 0.178559
0 0.0246483 0.741387 0.0422258 0.239624
0 0.410776 0.679312 0.021829 0.115643
0 0.696403 0.655686 0.0204439 0.097308
0 0.12503 0.729718 0.0466734 0.186818
0 0.222126 0.697197 0.0260435 0.135369
0 0.293275 0.680925 0.0281127 0.131864
0 0.743675 0.652498 0.0165142 0.0922933
0 0.524112 0.664319 0.0255013 0.107713
0 0.0743605 0.695689 0.0238666 0.122218
0 0.238205 0.693947 0.0213133 0.131594
0 0.843564 0.658297 0.0191999 0.0872255
0 0.732105 0.640829 0.0114817 0.0591722
5 0.18288 0.633836 0.21035 0.194183
5 0.870917 0.615206 0.210531 0.167108
5 0.478318 0.62411 0.139793 0.132489
5 0.628328 0.618148 0.138222 0.106371
5 0.347801 0.627023 0.123206 0.181544
5 0.0405174 0.636885 0.0805271 0.178559
0 0.0246483 0.741387 0.0422258 0.239624
0 0.410776 0.679312 0.021829 0.115643
0 0.696403 0.655686 0.0204439 0.097308
0 0.12503 0.729718 0.0466734 0.186818
0 0.222126 0.697197 0.0260435 0.135369
0 0.293275 0.680925 0.0281127 0.131864
0 0.743675 0.652498 0.0165142 0.0922933
0 0.524112 0.664319 0.0255013 0.107713
0 0.0743605 0.695689 0.0238666 0.122218
0 0.238205 0.693947 0.0213133 0.131594
0 0.843564 0.658297 0.0191999 0.0872255
0 0.732105 0.640829 0.0114817 0.0591722
5 0.18288 0.633836 0.21035 0.194183
5 0.870917 0.615206 0.210531 0.167108
5 0.478318 0.62411 0.139793 0.132489
5 0.628328 0.618148 0.138222 0.106371
5 0.347801 0.627023 0.123206 0.181544
5 0.0405174 0.636885 0.0805271 0.178559
0 0.0246483 0.741387 0.0422258 0.239624
0 0.410776 0.679312 0.021829 0.115643
0 0.696403 0.655686 0.0204439 0.097308
0 0.12503 0.729718 0.0466734 0.186818
0 0.222126 0.697197 0.0260435 0.135369
0 0.293275 0.680925 0.0281127 0.131864
0 0.743675 0.652498 0.0165142 0.0922933
0 0.524112 0.664319 0.0255013 0.107713
0 0.0743605 0.695689 0.0238666 0.122218
0 0.238205 0.693947 0.0213133 0.131594
0 0.843564 0.658297 0.0191999 0.0872255
0 0.732105 0.640829 0.0114817 0.0591722
5 0.18288 0.633836 0.21035 0.194183
5 0.870917 0.615206 0.210531 0.167108
5 0.478318 0.62411 0.139793 0.132489
5 0.628328 0.618148 0.138222 0.106371
5 0.347801 0.627023 0.123206 0.181544
5 0.0405174 0.636885 0.0805271 0.178559
0 0.0246483 0.741387 0.0422258 0.239624
0 0.410776 0.679312 0.021829 0.115643
0 0.696403 0.655686 0.0204439 0.097308
0 0.12503 0.729718 0.0466734 0.186818
0 0.222126 0.697197 0.0260435 0.135369
0 0.293275 0.680925 0.0281127 0.131864
0 0.743675 0.652498 0.0165142 0.0922933
0 0.524112 0.664319 0.0255013 0.107713
0 0.0743605 0.695689 0.0238666 0.122218
0 0.238205 0.693947 0.0213133 0.131594
0 0.843564 0.658297 0.0191999 0.0872255
0 0.732105 0.640829 0.0114817 0.0591722
0 0.889742 0.658166 0.0174931 0.0881662
0 0.510255 0.657872 0.0196346 0.0954804
