5 0.740746 0.367563 0.25342 0.529681
5 0.436317 0.36067 0.149734 0.384454
0 0.936184 0.68068 0.126976 0.62536
0 0.0862354 0.659615 0.102691 0.569245
5 0.550252 0.340335 0.104275 0.284509
2 0.237249 0.578381 0.16506 0.283438
2 0.339063 0.435471 0.056495 0.100237
5 0.195651 0.408975 0.134524 0.176694
5 0.220392 0.323207 0.131925 0.235837
2 0.136715 0.531312 0.0747056 0.167808
5 0.740746 0.367563 0.25342 0.529681
5 0.436317 0.36067 0.149734 0.384454
0 0.936184 0.68068 0.126976 0.62536
0 0.0862354 0.659615 0.102691 0.569245
5 0.550252 0.340335 0.104275 0.284509
2 0.237249 0.578381 0.16506 0.283438
2 0.339063 0.435471 0.056495 0.100237
5 0.195651 0.408975 0.134524 0.176694
5 0.220392 0.323207 0.131925 0.235837
2 0.136715 0.531312 0.0747056 0.167808
5 0.740746 0.367563 0.25342 0.529681
5 0.436317 0.36067 0.149734 0.384454
0 0.936184 0.68068 0.126976 0.62536
0 0.0862354 0.659615 0.102691 0.569245
5 0.550252 0.340335 0.104275 0.284509
2 0.237249 0.578381 0.16506 0.283438
2 0.339063 0.435471 0.056495 0.100237
5 0.195651 0.408975 0.134524 0.176694
5 0.220392 0.323207 0.131925 0.235837
2 0.136715 0.531312 0.0747056 0.167808
5 0.740746 0.367563 0.25342 0.529681
5 0.436317 0.36067 0.149734 0.384454
0 0.936184 0.68068 0.126976 0.62536
0 0.0862354 0.659615 0.102691 0.569245
5 0.550252 0.340335 0.104275 0.284509
2 0.237249 0.578381 0.16506 0.283438
2 0.339063 0.435471 0.056495 0.100237
5 0.195651 0.408975 0.134524 0.176694
5 0.220392 0.323207 0.131925 0.235837
2 0.136715 0.531312 0.0747056 0.167808
5 0.740746 0.367563 0.25342 0.529681
5 0.436317 0.36067 0.149734 0.384454
0 0.936184 0.68068 0.126976 0.62536
0 0.0862354 0.659615 0.102691 0.569245
5 0.550252 0.340335 0.104275 0.284509
2 0.237249 0.578381 0.16506 0.283438
2 0.339063 0.435471 0.056495 0.100237
5 0.195651 0.408975 0.134524 0.176694
5 0.220392 0.323207 0.131925 0.235837
2 0.136715 0.531312 0.0747056 0.167808
0 0.896799 0.500725 0.0276201 0.185367
0 0.0336057 0.937034 0.0666172 0.118091
