5 0.157648 0.587529 0.313593 0.429559
5 0.88185 0.558096 0.209781 0.164496
5 0.460429 0.568891 0.0850542 0.0939136
5 0.364882 0.570304 0.108414 0.17365
5 0.646039 0.5618 0.0542122 0.0879423
0 0.809572 0.595162 0.0199943 0.0860581
0 0.770367 0.595086 0.0165651 0.0760023
0 0.132741 0.512889 0.0347696 0.0720183
0 0.713789 0.587388 0.0108736 0.0521087
0 0.321865 0.617922 0.0196635 0.117474
0 0.567795 0.596395 0.0108433 0.0650952
5 0.545872 0.566062 0.0868473 0.0726854
0 0.540434 0.592976 0.0113 0.0558914
5 0.157648 0.587529 0.313593 0.429559
5 0.88185 0.558096 0.209781 0.164496
5 0.460429 0.568891 0.0850542 0.0939136
5 0.364882 0.570304 0.108414 0.17365
5 0.646039 0.5618 0.0542122 0.0879423
0 0.809572 0.595162 0.0199943 0.0860581
0 0.770367 0.595086 0.0165651 0.0760023
0 0.132741 0.512889 0.0347696 0.0720183
0 0.713789 0.587388 0.0108736 0.0521087
0 0.321865 0.617922 0.0196635 0.117474
0 0.567795 0.596395 0.0108433 0.0650952
5 0.545872 0.566062 0.0868473 0.0726854
0 0.540434 0.592976 0.0113 0.0558914
5 0.157648 0.587529 0.313593 0.429559
5 0.88185 0.558096 0.209781 0.164496
5 0.460429 0.568891 0.0850542 0.0939136
5 0.364882 0.570304 0.108414 0.17365
5 0.646039 0.5618 0.0542122 0.0879423
0 0.809572 0.595162 0.0199943 0.0860581
0 0.770367 0.595086 0.0165651 0.0760023
0 0.132741 0.512889 0.0347696 0.0720183
0 0.713789 0.587388 0.0108736 0.0521087
0 0.321865 0.617922 0.0196635 0.117474
0 0.567795 0.596395 0.0108433 0.0650952
5 0.545872 0.566062 0.0868473 0.0726854
0 0.540434 0.592976 0.0113 0.0558914
5 0.157648 0.587529 0.313593 0.429559
5 0.88185 0.558096 0.209781 0.164496
5 0.460429 0.568891 0.0850542 0.0939136
5 0.364882 0.570304 0.108414 0.17365
5 0.646039 0.5618 0.0542122 0.0879423
0 0.809572 0.595162 0.0199943 0.0860581
0 0.770367 0.595086 0.0165651 0.0760023
0 0.132741 0.512889 0.0347696 0.0720183
0 0.713789 0.587388 0.0108736 0.0521087
0 0.321865 0.617922 0.0196635 0.117474
0 0.567795 0.596395 0.0108433 0.0650952
5 0.545872 0.566062 0.0868473 0.0726854
0 0.540434 0.592976 0.0113 0.0558914
5 0.157648 0.587529 0.313593 0.429559
5 0.88185 0.558096 0.209781 0.164496
5 0.460429 0.568891 0.0850542 0.0939136
5 0.364882 0.570304 0.108414 0.17365
5 0.646039 0.5618 0.0542122 0.0879423
0 0.809572 0.595162 0.0199943 0.0860581
0 0.770367 0.595086 0.0165651 0.0760023
0 0.132741 0.512889 0.0347696 0.0720183
0 0.713789 0.587388 0.0108736 0.0521087
0 0.321865 0.617922 0.0196635 0.117474
0 0.567795 0.596395 0.0108433 0.0650952
5 0.545872 0.566062 0.0868473 0.0726854
0 0.540434 0.592976 0.0113 0.0558914
0 0.69627 0.585351 0.00875654 0.0504096
5 0.566979 0.564138 0.046769 0.0740678
