5 0.742814 0.363895 0.254606 0.529346
0 0.0692488 0.673407 0.138498 0.639771
5 0.543042 0.335329 0.120736 0.282975
5 0.451779 0.303061 0.0711908 0.208081
0 0.176539 0.772839 0.116645 0.446224
2 0.245517 0.571478 0.150703 0.28008
5 0.220491 0.318596 0.136176 0.233908
0 0.902681 0.502828 0.0366404 0.191874
0 0.957125 0.521222 0.0581501 0.186458
5 0.466686 0.356246 0.0375608 0.167132
5 0.196459 0.40647 0.132709 0.177541
0 0.945684 0.490857 0.0305634 0.18376
5 0.742814 0.363895 0.254606 0.529346
0 0.0692488 0.673407 0.138498 0.639771
5 0.543042 0.335329 0.120736 0.282975
5 0.451779 0.303061 0.0711908 0.208081
0 0.176539 0.772839 0.116645 0.446224
2 0.245517 0.571478 0.150703 0.28008
5 0.220491 0.318596 0.136176 0.233908
0 0.902681 0.502828 0.0366404 0.191874
0 0.957125 0.521222 0.0581501 0.186458
5 0.466686 0.356246 0.0375608 0.167132
5 0.196459 0.40647 0.132709 0.177541
0 0.945684 0.490857 0.0305634 0.18376
5 0.742814 0.363895 0.254606 0.529346
0 0.0692488 0.673407 0.138498 0.639771
5 0.543042 0.335329 0.120736 0.282975
5 0.451779 0.303061 0.0711908 0.208081
0 0.176539 0.772839 0.116645 0.446224
2 0.245517 0.571478 0.150703 0.28008
5 0.220491 0.318596 0.136176 0.233908
0 0.902681 0.502828 0.0366404 0.191874
0 0.957125 0.521222 0.0581501 0.186458
5 0.466686 0.356246 0.0375608 0.167132
5 0.196459 0.40647 0.132709 0.177541
0 0.945684 0.490857 0.0305634 0.18376
5 0.742814 0.363895 0.254606 0.529346
0 0.0692488 0.673407 0.138498 0.639771
5 0.543042 0.335329 0.120736 0.282975
5 0.451779 0.303061 0.0711908 0.208081
0 0.176539 0.772839 0.116645 0.446224
2 0.245517 0.571478 0.150703 0.28008
5 0.220491 0.318596 0.136176 0.233908
0 0.902681 0.502828 0.0366404 0.191874
0 0.957125 0.521222 0.0581501 0.186458
5 0.466686 0.356246 0.0375608 0.167132
5 0.196459 0.40647 0.132709 0.177541
0 0.945684 0.490857 0.0305634 0.18376
5 0.742814 0.363895 0.254606 0.529346
0 0.0692488 0.673407 0.138498 0.639771
5 0.543042 0.335329 0.120736 0.282975
5 0.451779 0.303061 0.0711908 0.208081
0 0.176539 0.772839 0.116645 0.446224
2 0.245517 0.571478 0.150703 0.28008
5 0.220491 0.318596 0.136176 0.233908
0 0.902681 0.502828 0.0366404 0.191874
0 0.957125 0.521222 0.0581501 0.186458
5 0.466686 0.356246 0.0375608 0.167132
5 0.196459 0.40647 0.132709 0.177541
0 0.945684 0.490857 0.0305634 0.18376
2 0.139256 0.526707 0.0718869 0.174821
0 0.0353011 0.933494 0.0696556 0.124049
0 0.0252907 0.593905 0.0503313 0.368394
