5 0.395047 0.428106 0.713001 0.852921
5 0.799667 0.367827 0.138248 0.531141
0 0.0913428 0.668472 0.103394 0.566046
0 0.901701 0.507162 0.0373943 0.19259
0 0.174489 0.465193 0.0762617 0.142396
0 0.956541 0.531405 0.0586855 0.1736
0 0.955482 0.48536 0.0367958 0.164628
5 0.395047 0.428106 0.713001 0.852921
5 0.799667 0.367827 0.138248 0.531141
0 0.0913428 0.668472 0.103394 0.566046
0 0.901701 0.507162 0.0373943 0.19259
0 0.174489 0.465193 0.0762617 0.142396
0 0.956541 0.531405 0.0586855 0.1736
0 0.955482 0.48536 0.0367958 0.164628
5 0.395047 0.428106 0.713001 0.852921
5 0.799667 0.367827 0.138248 0.531141
0 0.0913428 0.668472 0.103394 0.566046
0 0.901701 0.507162 0.0373943 0.19259
0 0.174489 0.465193 0.0762617 0.142396
0 0.956541 0.531405 0.0586855 0.1736
0 0.955482 0.48536 0.0367958 0.164628
5 0.395047 0.428106 0.713001 0.852921
5 0.799667 0.367827 0.138248 0.531141
0 0.0913428 0.668472 0.103394 0.566046
0 0.901701 0.507162 0.0373943 0.19259
0 0.174489 0.465193 0.0762617 0.142396
0 0.956541 0.531405 0.0586855 0.1736
0 0.955482 0.48536 0.0367958 0.164628
5 0.395047 0.428106 0.713001 0.852921
5 0.799667 0.367827 0.138248 0.531141
0 0.0913428 0.668472 0.103394 0.566046
0 0.901701 0.507162 0.0373943 0.19259
0 0.174489 0.465193 0.0762617 0.142396
0 0.956541 0.531405 0.0586855 0.1736
0 0.955482 0.48536 0.0367958 0.164628
