5 0.542103 0.405879 0.417767 0.809291
5 0.799818 0.366649 0.136036 0.529921
2 0.238617 0.5776 0.157744 0.283622
0 0.0932812 0.665646 0.103892 0.568834
5 0.2438 0.35684 0.149983 0.317673
0 0.937056 0.703206 0.125025 0.586733
0 0.900452 0.507297 0.035363 0.19209
5 0.193937 0.410486 0.132757 0.180509
0 0.43059 0.432078 0.0643449 0.0962644
0 0.917419 0.470297 0.0244095 0.128939
2 0.141037 0.533136 0.0633784 0.164612
5 0.542103 0.405879 0.417767 0.809291
5 0.799818 0.366649 0.136036 0.529921
2 0.238617 0.5776 0.157744 0.283622
0 0.0932812 0.665646 0.103892 0.568834
5 0.2438 0.35684 0.149983 0.317673
0 0.937056 0.703206 0.125025 0.586733
0 0.900452 0.507297 0.035363 0.19209
5 0.193937 0.410486 0.132757 0.180509
0 0.43059 0.432078 0.0643449 0.0962644
0 0.917419 0.470297 0.0244095 0.128939
2 0.141037 0.533136 0.0633784 0.164612
5 0.542103 0.405879 0.417767 0.809291
5 0.799818 0.366649 0.136036 0.529921
2 0.238617 0.5776 0.157744 0.283622
0 0.0932812 0.665646 0.103892 0.568834
5 0.2438 0.35684 0.149983 0.317673
0 0.937056 0.703206 0.125025 0.586733
0 0.900452 0.507297 0.035363 0.19209
5 0.193937 0.410486 0.132757 0.180509
0 0.43059 0.432078 0.0643449 0.0962644
0 0.917419 0.470297 0.0244095 0.128939
2 0.141037 0.533136 0.0633784 0.164612
5 0.542103 0.405879 0.417767 0.809291
5 0.799818 0.366649 0.136036 0.529921
2 0.238617 0.5776 0.157744 0.283622
0 0.0932812 0.665646 0.103892 0.568834
5 0.2438 0.35684 0.149983 0.317673
0 0.937056 0.703206 0.125025 0.586733
0 0.900452 0.507297 0.035363 0.19209
5 0.193937 0.410486 0.132757 0.180509
0 0.43059 0.432078 0.0643449 0.0962644
0 0.917419 0.470297 0.0244095 0.128939
2 0.141037 0.533136 0.0633784 0.164612
5 0.542103 0.405879 0.417767 0.809291
5 0.799818 0.366649 0.136036 0.529921
2 0.238617 0.5776 0.157744 0.283622
0 0.0932812 0.665646 0.103892 0.568834
5 0.2438 0.35684 0.149983 0.317673
0 0.937056 0.703206 0.125025 0.586733
0 0.900452 0.507297 0.035363 0.19209
5 0.193937 0.410486 0.132757 0.180509
0 0.43059 0.432078 0.0643449 0.0962644
0 0.917419 0.470297 0.0244095 0.128939
2 0.141037 0.533136 0.0633784 0.164612
5 0.939765 0.427557 0.119879 0.363336
