5 0.879635 0.614878 0.211008 0.167084
5 0.355314 0.630991 0.126101 0.175787
0 0.40083 0.802664 0.0945297 0.392227
5 0.19009 0.640938 0.210015 0.194643
5 0.468638 0.628319 0.0820833 0.157752
5 0.55617 0.620851 0.064987 0.0763062
0 0.64535 0.673612 0.0367949 0.120877
0 0.132983 0.692735 0.0274096 0.137493
5 0.0438109 0.643176 0.0869639 0.179514
0 0.0829151 0.698094 0.0257541 0.125993
0 0.229768 0.701784 0.024919 0.136828
0 0.924625 0.659118 0.0235073 0.11831
0 0.245256 0.700168 0.0209136 0.128167
0 0.766031 0.647674 0.0137785 0.0682129
0 0.336669 0.682416 0.0191816 0.106827
0 0.30466 0.677051 0.0257872 0.122232
0 0.68496 0.656308 0.0165035 0.0852381
0 0.701855 0.645217 0.0132173 0.0636055
0 0.748325 0.649437 0.0133727 0.0702385
0 0.77968 0.651084 0.0155718 0.0702204
0 0.211173 0.69581 0.0275112 0.126391
0 0.610632 0.636857 0.00968857 0.0426414
5 0.515572 0.619001 0.0198639 0.0813099
0 0.380249 0.666565 0.0268386 0.0694661
5 0.879635 0.614878 0.211008 0.167084
5 0.355314 0.630991 0.126101 0.175787
0 0.40083 0.802664 0.0945297 0.392227
5 0.19009 0.640938 0.210015 0.194643
5 0.468638 0.628319 0.0820833 0.157752
5 0.55617 0.620851 0.064987 0.0763062
0 0.64535 0.673612 0.0367949 0.120877
0 0.132983 0.692735 0.0274096 0.137493
5 0.0438109 0.643176 0.0869639 0.179514
0 0.0829151 0.698094 0.0257541 0.125993
0 0.229768 0.701784 0.024919 0.136828
0 0.924625 0.659118 0.0235073 0.11831
0 0.245256 0.700168 0.0209136 0.128167
0 0.766031 0.647674 0.0137785 0.0682129
0 0.336669 0.682416 0.0191816 0.106827
0 0.30466 0.677051 0.0257872 0.122232
0 0.68496 0.656308 0.0165035 0.0852381
0 0.701855 0.645217 0.0132173 0.0636055
0 0.748325 0.649437 0.0133727 0.0702385
0 0.77968 0.651084 0.0155718 0.0702204
0 0.211173 0.69581 0.0275112 0.126391
0 0.610632 0.636857 0.00968857 0.0426414
5 0.515572 0.619001 0.0198639 0.0813099
0 0.380249 0.666565 0.0268386 0.0694661
5 0.879635 0.614878 0.211008 0.167084
5 0.355314 0.630991 0.126101 0.175787
0 0.40083 0.802664 0.0945297 0.392227
5 0.19009 0.640938 0.210015 0.194643
5 0.468638 0.628319 0.0820833 0.157752
5 0.55617 0.620851 0.064987 0.0763062
0 0.64535 0.673612 0.0367949 0.120877
0 0.132983 0.692735 0.0274096 0.137493
5 0.0438109 0.643176 0.0869639 0.179514
0 0.0829151 0.698094 0.0257541 0.125993
0 0.229768 0.701784 0.024919 0.136828
0 0.924625 0.659118 0.0235073 0.11831
0 0.245256 0.700168 0.0209136 0.128167
0 0.766031 0.647674 0.0137785 0.0682129
0 0.336669 0.682416 0.0191816 0.106827
0 0.30466 0.677051 0.0257872 0.122232
0 0.68496 0.656308 0.0165035 0.0852381
0 0.701855 0.645217 0.0132173 0.0636055
0 0.748325 0.649437 0.0133727 0.0702385
0 0.77968 0.651084 0.0155718 0.0702204
0 0.211173 0.69581 0.0275112 0.126391
0 0.610632 0.636857 0.00968857 0.0426414
5 0.515572 0.619001 0.0198639 0.0813099
0 0.380249 0.666565 0.0268386 0.0694661
5 0.879635 0.614878 0.211008 0.167084
5 0.355314 0.630991 0.126101 0.175787
0 0.40083 0.802664 0.0945297 0.392227
5 0.19009 0.640938 0.210015 0.194643
5 0.468638 0.628319 0.0820833 0.157752
5 0.55617 0.620851 0.064987 0.0763062
0 0.64535 0.673612 0.0367949 0.120877
0 0.132983 0.692735 0.0274096 0.137493
5 0.0438109 0.643176 0.0869639 0.179514
0 0.0829151 0.698094 0.0257541 0.125993
0 0.229768 0.701784 0.024919 0.136828
0 0.924625 0.659118 0.0235073 0.11831
0 0.245256 0.700168 0.0209136 0.128167
0 0.766031 0.647674 0.0137785 0.0682129
0 0.336669 0.682416 0.0191816 0.106827
0 0.30466 0.677051 0.0257872 0.122232
0 0.68496 0.656308 0.0165035 0.0852381
0 0.701855 0.645217 0.0132173 0.0636055
0 0.748325 0.649437 0.0133727 0.0702385
0 0.77968 0.651084 0.0155718 0.0702204
0 0.211173 0.69581 0.0275112 0.126391
0 0.610632 0.636857 0.00968857 0.0426414
5 0.515572 0.619001 0.0198639 0.0813099
0 0.380249 0.666565 0.0268386 0.0694661
5 0.879635 0.614878 0.211008 0.167084
5 0.355314 0.630991 0.126101 0.175787
0 0.40083 0.802664 0.0945297 0.392227
5 0.19009 0.640938 0.210015 0.194643
5 0.468638 0.628319 0.0820833 0.157752
5 0.55617 0.620851 0.064987 0.0763062
0 0.64535 0.673612 0.0367949 0.120877
0 0.132983 0.692735 0.0274096 0.137493
5 0.0438109 0.643176 0.0869639 0.179514
0 0.0829151 0.698094 0.0257541 0.125993
0 0.229768 0.701784 0.024919 0.136828
0 0.924625 0.659118 0.0235073 0.11831
0 0.245256 0.700168 0.0209136 0.128167
0 0.766031 0.647674 0.0137785 0.0682129
0 0.336669 0.682416 0.0191816 0.106827
0 0.30466 0.677051 0.0257872 0.122232
0 0.68496 0.656308 0.0165035 0.0852381
0 0.701855 0.645217 0.0132173 0.0636055
0 0.748325 0.649437 0.0133727 0.0702385
0 0.77968 0.651084 0.0155718 0.0702204
0 0.211173 0.69581 0.0275112 0.126391
0 0.610632 0.636857 0.00968857 0.0426414
5 0.515572 0.619001 0.0198639 0.0813099
0 0.380249 0.666565 0.0268386 0.0694661
0 0.804675 0.65065 0.0130318 0.0611168
0 0.717406 0.64268 0.0096426 0.0508058
