5 0.621511 0.619057 0.142159 0.105924
5 0.18334 0.635997 0.211077 0.196661
5 0.871404 0.615933 0.209697 0.168109
0 0.978893 0.749042 0.0414856 0.32977
5 0.34971 0.62792 0.122957 0.18116
5 0.481038 0.624456 0.141156 0.134736
5 0.0404281 0.63822 0.0806301 0.177245
0 0.426258 0.680618 0.033826 0.117823
0 0.709039 0.656524 0.0205557 0.0991184
0 0.222688 0.69694 0.0255981 0.137734
0 0.760256 0.655449 0.0193604 0.0874327
0 0.0990196 0.729968 0.0372217 0.186973
0 0.127412 0.686281 0.022229 0.135264
0 0.239048 0.695718 0.0219687 0.130735
0 0.290217 0.682268 0.0232478 0.122221
0 0.835115 0.657206 0.018224 0.0889699
0 0.075599 0.695058 0.0224322 0.124507
0 0.540964 0.667979 0.0198286 0.103128
5 0.523956 0.628946 0.0557892 0.125192
5 0.621511 0.619057 0.142159 0.105924
5 0.18334 0.635997 0.211077 0.196661
5 0.871404 0.615933 0.209697 0.168109
0 0.978893 0.749042 0.0414856 0.32977
5 0.34971 0.62792 0.122957 0.18116
5 0.481038 0.624456 0.141156 0.134736
5 0.0404281 0.63822 0.0806301 0.177245
0 0.426258 0.680618 0.033826 0.117823
0 0.709039 0.656524 0.0205557 0.0991184
0 0.222688 0.69694 0.0255981 0.137734
0 0.760256 0.655449 0.0193604 0.0874327
0 0.0990196 0.729968 0.0372217 0.186973
0 0.127412 0.686281 0.022229 0.135264
0 0.239048 0.695718 0.0219687 0.130735
0 0.290217 0.682268 0.0232478 0.122221
0 0.835115 0.657206 0.018224 0.0889699
0 0.075599 0.695058 0.0224322 0.124507
0 0.540964 0.667979 0.0198286 0.103128
5 0.523956 0.628946 0.0557892 0.125192
5 0.621511 0.619057 0.142159 0.105924
5 0.18334 0.635997 0.211077 0.196661
5 0.871404 0.615933 0.209697 0.168109
0 0.978893 0.749042 0.0414856 0.32977
5 0.34971 0.62792 0.122957 0.18116
5 0.481038 0.624456 0.141156 0.134736
5 0.0404281 0.63822 0.0806301 0.177245
0 0.426258 0.680618 0.033826 0.117823
0 0.709039 0.656524 0.0205557 0.0991184
0 0.222688 0.69694 0.0255981 0.137734
0 0.760256 0.655449 0.0193604 0.0874327
0 0.0990196 0.729968 0.0372217 0.186973
0 0.127412 0.686281 0.022229 0.135264
0 0.239048 0.695718 0.0219687 0.130735
0 0.290217 0.682268 0.0232478 0.122221
0 0.835115 0.657206 0.018224 0.0889699
0 0.075599 0.695058 0.0224322 0.124507
0 0.540964 0.667979 0.0198286 0.103128
5 0.523956 0.628946 0.0557892 0.125192
5 0.621511 0.619057 0.142159 0.105924
5 0.18334 0.635997 0.211077 0.196661
5 0.871404 0.615933 0.209697 0.168109
0 0.978893 0.749042 0.0414856 0.32977
5 0.34971 0.62792 0.122957 0.18116
5 0.481038 0.624456 0.141156 0.134736
5 0.0404281 0.63822 0.0806301 0.177245
0 0.426258 0.680618 0.033826 0.117823
0 0.709039 0.656524 0.0205557 0.0991184
0 0.222688 0.69694 0.0255981 0.137734
0 0.760256 0.655449 0.0193604 0.0874327
0 0.0990196 0.729968 0.0372217 0.186973
0 0.127412 0.686281 0.022229 0.135264
0 0.239048 0.695718 0.0219687 0.130735
0 0.290217 0.682268 0.0232478 0.122221
0 0.835115 0.657206 0.018224 0.0889699
0 0.075599 0.695058 0.0224322 0.124507
0 0.540964 0.667979 0.0198286 0.103128
5 0.523956 0.628946 0.0557892 0.125192
5 0.621511 0.619057 0.142159 0.105924
5 0.18334 0.635997 0.211077 0.196661
5 0.871404 0.615933 0.209697 0.168109
0 0.978893 0.749042 0.0414856 0.32977
5 0.34971 0.62792 0.122957 0.18116
5 0.481038 0.624456 0.141156 0.134736
5 0.0404281 0.63822 0.0806301 0.177245
0 0.426258 0.680618 0.033826 0.117823
0 0.709039 0.656524 0.0205557 0.0991184
0 0.222688 0.69694 0.0255981 0.137734
0 0.760256 0.655449 0.0193604 0.0874327
0 0.0990196 0.729968 0.0372217 0.186973
0 0.127412 0.686281 0.022229 0.135264
0 0.239048 0.695718 0.0219687 0.130735
0 0.290217 0.682268 0.0232478 0.122221
0 0.835115 0.657206 0.018224 0.0889699
0 0.075599 0.695058 0.0224322 0.124507
0 0.540964 0.667979 0.0198286 0.103128
5 0.523956 0.628946 0.0557892 0.125192
0 0.734435 0.642179 0.0117315 0.0568066
0 0.883037 0.65887 0.0195065 0.0882355
0 0.79807 0.651353 0.0125595 0.0571337
