5 0.894001 0.634974 0.211155 0.166503
5 0.479552 0.643159 0.0959741 0.180668
5 0.203314 0.650974 0.205267 0.197481
5 0.366658 0.646447 0.124305 0.184575
5 0.0502281 0.656742 0.100191 0.194001
0 0.241237 0.710989 0.024485 0.137948
0 0.143849 0.699082 0.0277513 0.134992
5 0.56376 0.636492 0.0715052 0.0758839
0 0.256344 0.711223 0.020109 0.128756
0 0.344807 0.694279 0.0221787 0.11433
0 0.0954504 0.706547 0.021645 0.122814
0 0.686033 0.658997 0.01063 0.0505817
0 0.556996 0.662671 0.0102022 0.0540461
0 0.533409 0.65997 0.0124483 0.0565994
5 0.894001 0.634974 0.211155 0.166503
5 0.479552 0.643159 0.0959741 0.180668
5 0.203314 0.650974 0.205267 0.197481
5 0.366658 0.646447 0.124305 0.184575
5 0.0502281 0.656742 0.100191 0.194001
0 0.241237 0.710989 0.024485 0.137948
0 0.143849 0.699082 0.0277513 0.134992
5 0.56376 0.636492 0.0715052 0.0758839
0 0.256344 0.711223 0.020109 0.128756
0 0.344807 0.694279 0.0221787 0.11433
0 0.0954504 0.706547 0.021645 0.122814
0 0.686033 0.658997 0.01063 0.0505817
0 0.556996 0.662671 0.0102022 0.0540461
0 0.533409 0.65997 0.0124483 0.0565994
5 0.894001 0.634974 0.211155 0.166503
5 0.479552 0.643159 0.0959741 0.180668
5 0.203314 0.650974 0.205267 0.197481
5 0.366658 0.646447 0.124305 0.184575
5 0.0502281 0.656742 0.100191 0.194001
0 0.241237 0.710989 0.024485 0.137948
0 0.143849 0.699082 0.0277513 0.134992
5 0.56376 0.636492 0.0715052 0.0758839
0 0.256344 0.711223 0.020109 0.128756
0 0.344807 0.694279 0.0221787 0.11433
0 0.0954504 0.706547 0.021645 0.122814
0 0.686033 0.658997 0.01063 0.0505817
0 0.556996 0.662671 0.0102022 0.0540461
0 0.533409 0.65997 0.0124483 0.0565994
5 0.894001 0.634974 0.211155 0.166503
5 0.479552 0.643159 0.0959741 0.180668
5 0.203314 0.650974 0.205267 0.197481
5 0.366658 0.646447 0.124305 0.184575
5 0.0502281 0.656742 0.100191 0.194001
0 0.241237 0.710989 0.024485 0.137948
0 0.143849 0.699082 0.0277513 0.134992
5 0.56376 0.636492 0.0715052 0.0758839
0 0.256344 0.711223 0.020109 0.128756
0 0.344807 0.694279 0.0221787 0.11433
0 0.0954504 0.706547 0.021645 0.122814
0 0.686033 0.658997 0.01063 0.0505817
0 0.556996 0.662671 0.0102022 0.0540461
0 0.533409 0.65997 0.0124483 0.0565994
5 0.894001 0.634974 0.211155 0.166503
5 0.479552 0.643159 0.0959741 0.180668
5 0.203314 0.650974 0.205267 0.197481
5 0.366658 0.646447 0.124305 0.184575
5 0.0502281 0.656742 0.100191 0.194001
0 0.241237 0.710989 0.024485 0.137948
0 0.143849 0.699082 0.0277513 0.134992
5 0.56376 0.636492 0.0715052 0.0758839
0 0.256344 0.711223 0.020109 0.128756
0 0.344807 0.694279 0.0221787 0.11433
0 0.0954504 0.706547 0.021645 0.122814
0 0.686033 0.658997 0.01063 0.0505817
0 0.556996 0.662671 0.0102022 0.0540461
0 0.533409 0.65997 0.0124483 0.0565994
0 0.296465 0.68975 0.0167509 0.0988414
0 0.315846 0.698697 0.0200878 0.115897
0 0.386519 0.700938 0.0317485 0.0961088
0 0.704694 0.658781 0.0107714 0.0433583
0 0.392403 0.702277 0.0197049 0.0906724
5 0.575988 0.636064 0.0470966 0.0742716
