5 0.723986 0.594138 0.549121 0.502021
5 0.178393 0.625054 0.20826 0.194631
5 0.34392 0.615301 0.126531 0.174457
5 0.429116 0.615378 0.0482053 0.100212
5 0.0381017 0.628188 0.0754763 0.172298
0 0.801357 0.744849 0.0973494 0.292381
0 0.160713 0.68551 0.033339 0.13024
0 0.0163073 0.686711 0.0321983 0.132578
0 0.218062 0.686267 0.0251616 0.138738
0 0.578611 0.543916 0.0252599 0.0523563
0 0.305228 0.66232 0.0284978 0.12065
0 0.988064 0.505349 0.0230457 0.0905809
0 0.252005 0.675308 0.0185517 0.117359
0 0.0694957 0.687687 0.0220424 0.117602
0 0.234285 0.684956 0.0204725 0.129393
0 0.121087 0.68666 0.0279839 0.123429
0 0.921262 0.546699 0.0449059 0.128855
5 0.723986 0.594138 0.549121 0.502021
5 0.178393 0.625054 0.20826 0.194631
5 0.34392 0.615301 0.126531 0.174457
5 0.429116 0.615378 0.0482053 0.100212
5 0.0381017 0.628188 0.0754763 0.172298
0 0.801357 0.744849 0.0973494 0.292381
0 0.160713 0.68551 0.033339 0.13024
0 0.0163073 0.686711 0.0321983 0.132578
0 0.218062 0.686267 0.0251616 0.138738
0 0.578611 0.543916 0.0252599 0.0523563
0 0.305228 0.66232 0.0284978 0.12065
0 0.988064 0.505349 0.0230457 0.0905809
0 0.252005 0.675308 0.0185517 0.117359
0 0.0694957 0.687687 0.0220424 0.117602
0 0.234285 0.684956 0.0204725 0.129393
0 0.121087 0.68666 0.0279839 0.123429
0 0.921262 0.546699 0.0449059 0.128855
5 0.723986 0.594138 0.549121 0.502021
5 0.178393 0.625054 0.20826 0.194631
5 0.34392 0.615301 0.126531 0.174457
5 0.429116 0.615378 0.0482053 0.100212
5 0.0381017 0.628188 0.0754763 0.172298
0 0.801357 0.744849 0.0973494 0.292381
0 0.160713 0.68551 0.033339 0.13024
0 0.0163073 0.686711 0.0321983 0.132578
0 0.218062 0.686267 0.0251616 0.138738
0 0.578611 0.543916 0.0252599 0.0523563
0 0.305228 0.66232 0.0284978 0.12065
0 0.988064 0.505349 0.0230457 0.0905809
0 0.252005 0.675308 0.0185517 0.117359
0 0.0694957 0.687687 0.0220424 0.117602
0 0.234285 0.684956 0.0204725 0.129393
0 0.121087 0.68666 0.0279839 0.123429
0 0.921262 0.546699 0.0449059 0.128855
5 0.723986 0.594138 0.549121 0.502021
5 0.178393 0.625054 0.20826 0.194631
5 0.34392 0.615301 0.126531 0.174457
5 0.429116 0.615378 0.0482053 0.100212
5 0.0381017 0.628188 0.0754763 0.172298
0 0.801357 0.744849 0.0973494 0.292381
0 0.160713 0.68551 0.033339 0.13024
0 0.0163073 0.686711 0.0321983 0.132578
0 0.218062 0.686267 0.0251616 0.138738
0 0.578611 0.543916 0.0252599 0.0523563
0 0.305228 0.66232 0.0284978 0.12065
0 0.988064 0.505349 0.0230457 0.0905809
0 0.252005 0.675308 0.0185517 0.117359
0 0.0694957 0.687687 0.0220424 0.117602
0 0.234285 0.684956 0.0204725 0.129393
0 0.121087 0.68666 0.0279839 0.123429
0 0.921262 0.546699 0.0449059 0.128855
5 0.723986 0.594138 0.549121 0.502021
5 0.178393 0.625054 0.20826 0.194631
5 0.34392 0.615301 0.126531 0.174457
5 0.429116 0.615378 0.0482053 0.100212
5 0.0381017 0.628188 0.0754763 0.172298
0 0.801357 0.744849 0.0973494 0.292381
0 0.160713 0.68551 0.033339 0.13024
0 0.0163073 0.686711 0.0321983 0.132578
0 0.218062 0.686267 0.0251616 0.138738
0 0.578611 0.543916 0.0252599 0.0523563
0 0.305228 0.66232 0.0284978 0.12065
0 0.988064 0.505349 0.0230457 0.0905809
0 0.252005 0.675308 0.0185517 0.117359
0 0.0694957 0.687687 0.0220424 0.117602
0 0.234285 0.684956 0.0204725 0.129393
0 0.121087 0.68666 0.0279839 0.123429
0 0.921262 0.546699 0.0449059 0.128855
0 0.706838 0.530278 0.0241646 0.0665687
0 0.792982 0.519396 0.0314582 0.0770404
0 0.699291 0.511795 0.0372152 0.104262
