5 0.64822 0.374609 0.328074 0.747355
0 0.0961651 0.665976 0.103305 0.565784
2 0.238337 0.577354 0.161254 0.284847
0 0.936152 0.697594 0.126941 0.602353
5 0.834483 0.370482 0.0643765 0.527722
5 0.243425 0.342748 0.126401 0.28926
2 0.395023 0.538157 0.0887302 0.165959
5 0.197819 0.408676 0.137692 0.181901
0 0.443438 0.742797 0.105145 0.509031
2 0.409876 0.420295 0.0589141 0.0784971
0 0.902384 0.505127 0.0400944 0.194756
2 0.433683 0.348664 0.033704 0.0624594
2 0.142394 0.533105 0.0627579 0.163114
5 0.465907 0.353249 0.0371555 0.152844
2 0.397035 0.405919 0.0559916 0.0853265
5 0.64822 0.374609 0.328074 0.747355
0 0.0961651 0.665976 0.103305 0.565784
2 0.238337 0.577354 0.161254 0.284847
0 0.936152 0.697594 0.126941 0.602353
5 0.834483 0.370482 0.0643765 0.527722
5 0.243425 0.342748 0.126401 0.28926
2 0.395023 0.538157 0.0887302 0.165959
5 0.197819 0.408676 0.137692 0.181901
0 0.443438 0.742797 0.105145 0.509031
2 0.409876 0.420295 0.0589141 0.0784971
0 0.902384 0.505127 0.0400944 0.194756
2 0.433683 0.348664 0.033704 0.0624594
2 0.142394 0.533105 0.0627579 0.163114
5 0.465907 0.353249 0.0371555 0.152844
2 0.397035 0.405919 0.0559916 0.0853265
5 0.64822 0.374609 0.328074 0.747355
0 0.0961651 0.665976 0.103305 0.565784
2 0.238337 0.577354 0.161254 0.284847
0 0.936152 0.697594 0.126941 0.602353
5 0.834483 0.370482 0.0643765 0.527722
5 0.243425 0.342748 0.126401 0.28926
2 0.395023 0.538157 0.0887302 0.165959
5 0.197819 0.408676 0.137692 0.181901
0 0.443438 0.742797 0.105145 0.509031
2 0.409876 0.420295 0.0589141 0.0784971
0 0.902384 0.505127 0.0400944 0.194756
2 0.433683 0.348664 0.033704 0.0624594
2 0.142394 0.533105 0.0627579 0.163114
5 0.465907 0.353249 0.0371555 0.152844
2 0.397035 0.405919 0.0559916 0.0853265
5 0.64822 0.374609 0.328074 0.747355
0 0.0961651 0.665976 0.103305 0.565784
2 0.238337 0.577354 0.161254 0.284847
0 0.936152 0.697594 0.126941 0.602353
5 0.834483 0.370482 0.0643765 0.527722
5 0.243425 0.342748 0.126401 0.28926
2 0.395023 0.538157 0.0887302 0.165959
5 0.197819 0.408676 0.137692 0.181901
0 0.443438 0.742797 0.105145 0.509031
2 0.409876 0.420295 0.0589141 0.0784971
0 0.902384 0.505127 0.0400944 0.194756
2 0.433683 0.348664 0.033704 0.0624594
2 0.142394 0.533105 0.0627579 0.163114
5 0.465907 0.353249 0.0371555 0.152844
2 0.397035 0.405919 0.0559916 0.0853265
5 0.64822 0.374609 0.328074 0.747355
0 0.0961651 0.665976 0.103305 0.565784
2 0.238337 0.577354 0.161254 0.284847
0 0.936152 0.697594 0.126941 0.602353
5 0.834483 0.370482 0.0643765 0.527722
5 0.243425 0.342748 0.126401 0.28926
2 0.395023 0.538157 0.0887302 0.165959
5 0.197819 0.408676 0.137692 0.181901
0 0.443438 0.742797 0.105145 0.509031
2 0.409876 0.420295 0.0589141 0.0784971
0 0.902384 0.505127 0.0400944 0.194756
2 0.433683 0.348664 0.033704 0.0624594
2 0.142394 0.533105 0.0627579 0.163114
5 0.465907 0.353249 0.0371555 0.152844
2 0.397035 0.405919 0.0559916 0.0853265
0 0.915547 0.455539 0.0254225 0.0971965
2 0.387203 0.3751 0.0447975 0.0701598
2 0.442884 0.424023 0.0717022 0.0603038
0 0.591342 0.417901 0.0557171 0.100991
2 0.38861 0.357872 0.0429292 0.0350832
0 0.0335479 0.9345 0.0661853 0.113821
