5 0.746963 0.364823 0.250344 0.533645
5 0.509197 0.369376 0.242169 0.545114
0 0.550973 0.693161 0.14362 0.611632
0 0.335768 0.688188 0.0989511 0.61243
0 0.143271 0.690328 0.138581 0.607794
0 0.0442061 0.708438 0.0881701 0.546364
2 0.232811 0.570743 0.125274 0.273089
0 0.96009 0.522768 0.0607119 0.193437
0 0.904508 0.50886 0.0392235 0.192813
0 0.0869337 0.511663 0.0667078 0.257552
5 0.202966 0.321526 0.148622 0.238324
2 0.37483 0.479646 0.041828 0.11987
0 0.955532 0.484362 0.0329203 0.159417
5 0.746963 0.364823 0.250344 0.533645
5 0.509197 0.369376 0.242169 0.545114
0 0.550973 0.693161 0.14362 0.611632
0 0.335768 0.688188 0.0989511 0.61243
0 0.143271 0.690328 0.138581 0.607794
0 0.0442061 0.708438 0.0881701 0.546364
2 0.232811 0.570743 0.125274 0.273089
0 0.96009 0.522768 0.0607119 0.193437
0 0.904508 0.50886 0.0392235 0.192813
0 0.0869337 0.511663 0.0667078 0.257552
5 0.202966 0.321526 0.148622 0.238324
2 0.37483 0.479646 0.041828 0.11987
0 0.955532 0.484362 0.0329203 0.159417
5 0.746963 0.364823 0.250344 0.533645
5 0.509197 0.369376 0.242169 0.545114
0 0.550973 0.693161 0.14362 0.611632
0 0.335768 0.688188 0.0989511 0.61243
0 0.143271 0.690328 0.138581 0.607794
0 0.0442061 0.708438 0.0881701 0.546364
2 0.232811 0.570743 0.125274 0.273089
0 0.96009 0.522768 0.0607119 0.193437
0 0.904508 0.50886 0.0392235 0.192813
0 0.0869337 0.511663 0.0667078 0.257552
5 0.202966 0.321526 0.148622 0.238324
2 0.37483 0.479646 0.041828 0.11987
0 0.955532 0.484362 0.0329203 0.159417
5 0.746963 0.364823 0.250344 0.533645
5 0.509197 0.369376 0.242169 0.545114
0 0.550973 0.693161 0.14362 0.611632
0 0.335768 0.688188 0.0989511 0.61243
0 0.143271 0.690328 0.138581 0.607794
0 0.0442061 0.708438 0.0881701 0.546364
2 0.232811 0.570743 0.125274 0.273089
0 0.96009 0.522768 0.0607119 0.193437
0 0.904508 0.50886 0.0392235 0.192813
0 0.0869337 0.511663 0.0667078 0.257552
5 0.202966 0.321526 0.148622 0.238324
2 0.37483 0.479646 0.041828 0.11987
0 0.955532 0.484362 0.0329203 0.159417
5 0.746963 0.364823 0.250344 0.533645
5 0.509197 0.369376 0.242169 0.545114
0 0.550973 0.693161 0.14362 0.611632
0 0.335768 0.688188 0.0989511 0.61243
0 0.143271 0.690328 0.138581 0.607794
0 0.0442061 0.708438 0.0881701 0.546364
2 0.232811 0.570743 0.125274 0.273089
0 0.96009 0.522768 0.0607119 0.193437
0 0.904508 0.50886 0.0392235 0.192813
0 0.0869337 0.511663 0.0667078 0.257552
5 0.202966 0.321526 0.148622 0.238324
2 0.37483 0.479646 0.041828 0.11987
0 0.955532 0.484362 0.0329203 0.159417
0 0.0307067 0.941027 0.0605073 0.109697
5 0.975494 0.456233 0.0482082 0.284856
