5 0.788904 0.615618 0.420688 0.497215
5 0.177539 0.638453 0.208229 0.211203
5 0.362038 0.62219 0.165487 0.175446
0 0.694729 0.745267 0.0526447 0.2802
5 0.0373386 0.635168 0.0742844 0.178386
0 0.115239 0.681989 0.0370591 0.140106
0 0.144343 0.690583 0.036591 0.12708
0 0.0326231 0.695121 0.028665 0.119949
0 0.0682016 0.693379 0.0220603 0.116063
5 0.509887 0.616351 0.0597303 0.0714389
0 0.304724 0.669568 0.0290978 0.123139
0 0.216093 0.692694 0.0268483 0.140146
0 0.232685 0.689383 0.0204416 0.132131
0 0.459069 0.669582 0.026515 0.113823
0 0.249376 0.680289 0.0165558 0.122781
5 0.553903 0.612134 0.0457132 0.0712397
0 0.477095 0.651391 0.0181383 0.0703451
0 0.714743 0.548922 0.0264468 0.0538588
0 0.555745 0.64853 0.0129396 0.0713896
5 0.788904 0.615618 0.420688 0.497215
5 0.177539 0.638453 0.208229 0.211203
5 0.362038 0.62219 0.165487 0.175446
0 0.694729 0.745267 0.0526447 0.2802
5 0.0373386 0.635168 0.0742844 0.178386
0 0.115239 0.681989 0.0370591 0.140106
0 0.144343 0.690583 0.036591 0.12708
0 0.0326231 0.695121 0.028665 0.119949
0 0.0682016 0.693379 0.0220603 0.116063
5 0.509887 0.616351 0.0597303 0.0714389
0 0.304724 0.669568 0.0290978 0.123139
0 0.216093 0.692694 0.0268483 0.140146
0 0.232685 0.689383 0.0204416 0.132131
0 0.459069 0.669582 0.026515 0.113823
0 0.249376 0.680289 0.0165558 0.122781
5 0.553903 0.612134 0.0457132 0.0712397
0 0.477095 0.651391 0.0181383 0.0703451
0 0.714743 0.548922 0.0264468 0.0538588
0 0.555745 0.64853 0.0129396 0.0713896
5 0.788904 0.615618 0.420688 0.497215
5 0.177539 0.638453 0.208229 0.211203
5 0.362038 0.62219 0.165487 0.175446
0 0.694729 0.745267 0.0526447 0.2802
5 0.0373386 0.635168 0.0742844 0.178386
0 0.115239 0.681989 0.0370591 0.140106
0 0.144343 0.690583 0.036591 0.12708
0 0.0326231 0.695121 0.028665 0.119949
0 0.0682016 0.693379 0.0220603 0.116063
5 0.509887 0.616351 0.0597303 0.0714389
0 0.304724 0.669568 0.0290978 0.123139
0 0.216093 0.692694 0.0268483 0.140146
0 0.232685 0.689383 0.0204416 0.132131
0 0.459069 0.669582 0.026515 0.113823
0 0.249376 0.680289 0.0165558 0.122781
5 0.553903 0.612134 0.0457132 0.0712397
0 0.477095 0.651391 0.0181383 0.0703451
0 0.714743 0.548922 0.0264468 0.0538588
0 0.555745 0.64853 0.0129396 0.0713896
5 0.788904 0.615618 0.420688 0.497215
5 0.177539 0.638453 0.208229 0.211203
5 0.362038 0.62219 0.165487 0.175446
0 0.694729 0.745267 0.0526447 0.2802
5 0.0373386 0.635168 0.0742844 0.178386
0 0.115239 0.681989 0.0370591 0.140106
0 0.144343 0.690583 0.036591 0.12708
0 0.0326231 0.695121 0.028665 0.119949
0 0.0682016 0.693379 0.0220603 0.116063
5 0.509887 0.616351 0.0597303 0.0714389
0 0.304724 0.669568 0.0290978 0.123139
0 0.216093 0.692694 0.0268483 0.140146
0 0.232685 0.689383 0.0204416 0.132131
0 0.459069 0.669582 0.026515 0.113823
0 0.249376 0.680289 0.0165558 0.122781
5 0.553903 0.612134 0.0457132 0.0712397
0 0.477095 0.651391 0.0181383 0.0703451
0 0.714743 0.548922 0.0264468 0.0538588
0 0.555745 0.64853 0.0129396 0.0713896
5 0.788904 0.615618 0.420688 0.497215
5 0.177539 0.638453 0.208229 0.211203
5 0.362038 0.62219 0.165487 0.175446
0 0.694729 0.745267 0.0526447 0.2802
5 0.0373386 0.635168 0.0742844 0.178386
0 0.115239 0.681989 0.0370591 0.140106
0 0.144343 0.690583 0.036591 0.12708
0 0.0326231 0.695121 0.028665 0.119949
0 0.0682016 0.693379 0.0220603 0.116063
5 0.509887 0.616351 0.0597303 0.0714389
0 0.304724 0.669568 0.0290978 0.123139
0 0.216093 0.692694 0.0268483 0.140146
0 0.232685 0.689383 0.0204416 0.132131
0 0.459069 0.669582 0.026515 0.113823
0 0.249376 0.680289 0.0165558 0.122781
5 0.553903 0.612134 0.0457132 0.0712397
0 0.477095 0.651391 0.0181383 0.0703451
0 0.714743 0.548922 0.0264468 0.0538588
0 0.555745 0.64853 0.0129396 0.0713896
