5 0.742973 0.368433 0.249511 0.532696
2 0.575098 0.640878 0.228579 0.311711
5 0.270056 0.358788 0.223007 0.330846
2 0.239956 0.577438 0.161539 0.283874
2 0.688242 0.567028 0.190005 0.243565
0 0.0942405 0.656705 0.102016 0.57836
5 0.540667 0.33786 0.122725 0.282875
2 0.499899 0.522981 0.105454 0.157171
0 0.420928 0.568776 0.0563897 0.243571
0 0.0331887 0.68697 0.0660742 0.529709
5 0.19336 0.410136 0.132647 0.178908
0 0.901553 0.506905 0.0378254 0.194158
1 0.419917 0.647233 0.0489642 0.172488
5 0.464693 0.347853 0.0372875 0.143674
2 0.407443 0.422161 0.060214 0.0917144
0 0.95637 0.524071 0.0597044 0.189393
2 0.47342 0.456178 0.0803165 0.0842158
0 0.950925 0.487519 0.0331896 0.166831
5 0.742973 0.368433 0.249511 0.532696
2 0.575098 0.640878 0.228579 0.311711
5 0.270056 0.358788 0.223007 0.330846
2 0.239956 0.577438 0.161539 0.283874
2 0.688242 0.567028 0.190005 0.243565
0 0.0942405 0.656705 0.102016 0.57836
5 0.540667 0.33786 0.122725 0.282875
2 0.499899 0.522981 0.105454 0.157171
0 0.420928 0.568776 0.0563897 0.243571
0 0.0331887 0.68697 0.0660742 0.529709
5 0.19336 0.410136 0.132647 0.178908
0 0.901553 0.506905 0.0378254 0.194158
1 0.419917 0.647233 0.0489642 0.172488
5 0.464693 0.347853 0.0372875 0.143674
2 0.407443 0.422161 0.060214 0.0917144
0 0.95637 0.524071 0.0597044 0.189393
2 0.47342 0.456178 0.0803165 0.0842158
0 0.950925 0.487519 0.0331896 0.166831
5 0.742973 0.368433 0.249511 0.532696
2 0.575098 0.640878 0.228579 0.311711
5 0.270056 0.358788 0.223007 0.330846
2 0.239956 0.577438 0.161539 0.283874
2 0.688242 0.567028 0.190005 0.243565
0 0.0942405 0.656705 0.102016 0.57836
5 0.540667 0.33786 0.122725 0.282875
2 0.499899 0.522981 0.105454 0.157171
0 0.420928 0.568776 0.0563897 0.243571
0 0.0331887 0.68697 0.0660742 0.529709
5 0.19336 0.410136 0.132647 0.178908
0 0.901553 0.506905 0.0378254 0.194158
1 0.419917 0.647233 0.0489642 0.172488
5 0.464693 0.347853 0.0372875 0.143674
2 0.407443 0.422161 0.060214 0.0917144
0 0.95637 0.524071 0.0597044 0.189393
2 0.47342 0.456178 0.0803165 0.0842158
0 0.950925 0.487519 0.0331896 0.166831
5 0.742973 0.368433 0.249511 0.532696
2 0.575098 0.640878 0.228579 0.311711
5 0.270056 0.358788 0.223007 0.330846
2 0.239956 0.577438 0.161539 0.283874
2 0.688242 0.567028 0.190005 0.243565
0 0.0942405 0.656705 0.102016 0.57836
5 0.540667 0.33786 0.122725 0.282875
2 0.499899 0.522981 0.105454 0.157171
0 0.420928 0.568776 0.0563897 0.243571
0 0.0331887 0.68697 0.0660742 0.529709
5 0.19336 0.410136 0.132647 0.178908
0 0.901553 0.506905 0.0378254 0.194158
1 0.419917 0.647233 0.0489642 0.172488
5 0.464693 0.347853 0.0372875 0.143674
2 0.407443 0.422161 0.060214 0.0917144
0 0.95637 0.524071 0.0597044 0.189393
2 0.47342 0.456178 0.0803165 0.0842158
0 0.950925 0.487519 0.0331896 0.166831
5 0.742973 0.368433 0.249511 0.532696
2 0.575098 0.640878 0.228579 0.311711
5 0.270056 0.358788 0.223007 0.330846
2 0.239956 0.577438 0.161539 0.283874
2 0.688242 0.567028 0.190005 0.243565
0 0.0942405 0.656705 0.102016 0.57836
5 0.540667 0.33786 0.122725 0.282875
2 0.499899 0.522981 0.105454 0.157171
0 0.420928 0.568776 0.0563897 0.243571
0 0.0331887 0.68697 0.0660742 0.529709
5 0.19336 0.410136 0.132647 0.178908
0 0.901553 0.506905 0.0378254 0.194158
1 0.419917 0.647233 0.0489642 0.172488
5 0.464693 0.347853 0.0372875 0.143674
2 0.407443 0.422161 0.060214 0.0917144
0 0.95637 0.524071 0.0597044 0.189393
2 0.47342 0.456178 0.0803165 0.0842158
0 0.950925 0.487519 0.0331896 0.166831
2 0.139629 0.532974 0.0665403 0.17065
0 0.0323775 0.93833 0.0643051 0.115301
0 0.527428 0.558745 0.0370449 0.0604886
