5 0.884237 0.63003 0.211538 0.168237
5 0.194402 0.65759 0.208057 0.197021
5 0.357962 0.644971 0.122351 0.175443
5 0.47091 0.645621 0.0964932 0.179662
0 0.797225 0.787329 0.0562883 0.318624
5 0.0460161 0.663851 0.0914221 0.182196
0 0.959581 0.681757 0.035799 0.126689
0 0.0328915 0.722652 0.0248158 0.120624
0 0.234609 0.717507 0.0240086 0.139653
0 0.130869 0.708234 0.025296 0.13361
0 0.0872707 0.719194 0.0234378 0.118988
0 0.387976 0.69807 0.0193437 0.100531
0 0.365861 0.695985 0.0221381 0.112215
0 0.249439 0.71576 0.021438 0.132189
0 0.752466 0.663941 0.0140395 0.0728034
0 0.309853 0.692762 0.0191953 0.122039
0 0.818014 0.667748 0.0181385 0.0892634
0 0.696736 0.654933 0.0124229 0.0644146
5 0.884237 0.63003 0.211538 0.168237
5 0.194402 0.65759 0.208057 0.197021
5 0.357962 0.644971 0.122351 0.175443
5 0.47091 0.645621 0.0964932 0.179662
0 0.797225 0.787329 0.0562883 0.318624
5 0.0460161 0.663851 0.0914221 0.182196
0 0.959581 0.681757 0.035799 0.126689
0 0.0328915 0.722652 0.0248158 0.120624
0 0.234609 0.717507 0.0240086 0.139653
0 0.130869 0.708234 0.025296 0.13361
0 0.0872707 0.719194 0.0234378 0.118988
0 0.387976 0.69807 0.0193437 0.100531
0 0.365861 0.695985 0.0221381 0.112215
0 0.249439 0.71576 0.021438 0.132189
0 0.752466 0.663941 0.0140395 0.0728034
0 0.309853 0.692762 0.0191953 0.122039
0 0.818014 0.667748 0.0181385 0.0892634
0 0.696736 0.654933 0.0124229 0.0644146
5 0.884237 0.63003 0.211538 0.168237
5 0.194402 0.65759 0.208057 0.197021
5 0.357962 0.644971 0.122351 0.175443
5 0.47091 0.645621 0.0964932 0.179662
0 0.797225 0.787329 0.0562883 0.318624
5 0.0460161 0.663851 0.0914221 0.182196
0 0.959581 0.681757 0.035799 0.126689
0 0.0328915 0.722652 0.0248158 0.120624
0 0.234609 0.717507 0.0240086 0.139653
0 0.130869 0.708234 0.025296 0.13361
0 0.0872707 0.719194 0.0234378 0.118988
0 0.387976 0.69807 0.0193437 0.100531
0 0.365861 0.695985 0.0221381 0.112215
0 0.249439 0.71576 0.021438 0.132189
0 0.752466 0.663941 0.0140395 0.0728034
0 0.309853 0.692762 0.0191953 0.122039
0 0.818014 0.667748 0.0181385 0.0892634
0 0.696736 0.654933 0.0124229 0.0644146
5 0.884237 0.63003 0.211538 0.168237
5 0.194402 0.65759 0.208057 0.197021
5 0.357962 0.644971 0.122351 0.175443
5 0.47091 0.645621 0.0964932 0.179662
0 0.797225 0.787329 0.0562883 0.318624
5 0.0460161 0.663851 0.0914221 0.182196
0 0.959581 0.681757 0.035799 0.126689
0 0.0328915 0.722652 0.0248158 0.120624
0 0.234609 0.717507 0.0240086 0.139653
0 0.130869 0.708234 0.025296 0.13361
0 0.0872707 0.719194 0.0234378 0.118988
0 0.387976 0.69807 0.0193437 0.100531
0 0.365861 0.695985 0.0221381 0.112215
0 0.249439 0.71576 0.021438 0.132189
0 0.752466 0.663941 0.0140395 0.0728034
0 0.309853 0.692762 0.0191953 0.122039
0 0.818014 0.667748 0.0181385 0.0892634
0 0.696736 0.654933 0.0124229 0.0644146
5 0.884237 0.63003 0.211538 0.168237
5 0.194402 0.65759 0.208057 0.197021
5 0.357962 0.644971 0.122351 0.175443
5 0.47091 0.645621 0.0964932 0.179662
0 0.797225 0.787329 0.0562883 0.318624
5 0.0460161 0.663851 0.0914221 0.182196
0 0.959581 0.681757 0.035799 0.126689
0 0.0328915 0.722652 0.0248158 0.120624
0 0.234609 0.717507 0.0240086 0.139653
0 0.130869 0.708234 0.025296 0.13361
0 0.0872707 0.719194 0.0234378 0.118988
0 0.387976 0.69807 0.0193437 0.100531
0 0.365861 0.695985 0.0221381 0.112215
0 0.249439 0.71576 0.021438 0.132189
0 0.752466 0.663941 0.0140395 0.0728034
0 0.309853 0.692762 0.0191953 0.122039
0 0.818014 0.667748 0.0181385 0.0892634
0 0.696736 0.654933 0.0124229 0.0644146
5 0.556714 0.636836 0.0688642 0.0776986
0 0.721288 0.65947 0.0119411 0.0572806
5 0.569334 0.635997 0.0444336 0.0762397
5 0.536181 0.640367 0.0299098 0.0701882
0 0.67922 0.651731 0.00932913 0.0476159
0 0.726081 0.659751 0.0125317 0.0581295
