0 0.733699 0.797944 0.0925066 0.39659
5 0.188481 0.638041 0.208488 0.199277
5 0.488765 0.62534 0.130697 0.140263
5 0.877868 0.614564 0.20928 0.164235
5 0.352273 0.632626 0.123688 0.185478
5 0.595309 0.618989 0.0929253 0.0962875
5 0.0428254 0.636646 0.0852527 0.172972
0 0.501772 0.675843 0.0248264 0.115051
0 0.357709 0.682646 0.0304461 0.110514
0 0.226708 0.697282 0.0255559 0.138161
0 0.0792318 0.697617 0.0240134 0.121107
0 0.122028 0.688337 0.0240439 0.1357
0 0.615981 0.66361 0.0180409 0.0923404
0 0.0367449 0.706023 0.0324282 0.131056
0 0.243456 0.696862 0.0198523 0.129651
0 0.302705 0.672815 0.0252686 0.124456
0 0.784608 0.659559 0.023617 0.107187
0 0.0085013 0.698246 0.0169752 0.119338
0 0.855081 0.658547 0.0232601 0.097868
0 0.802528 0.656177 0.0167431 0.0785066
0 0.458699 0.67382 0.0205714 0.0936291
0 0.833699 0.652774 0.0161524 0.0863174
0 0.733699 0.797944 0.0925066 0.39659
5 0.188481 0.638041 0.208488 0.199277
5 0.488765 0.62534 0.130697 0.140263
5 0.877868 0.614564 0.20928 0.164235
5 0.352273 0.632626 0.123688 0.185478
5 0.595309 0.618989 0.0929253 0.0962875
5 0.0428254 0.636646 0.0852527 0.172972
0 0.501772 0.675843 0.0248264 0.115051
0 0.357709 0.682646 0.0304461 0.110514
0 0.226708 0.697282 0.0255559 0.138161
0 0.0792318 0.697617 0.0240134 0.121107
0 0.122028 0.688337 0.0240439 0.1357
0 0.615981 0.66361 0.0180409 0.0923404
0 0.0367449 0.706023 0.0324282 0.131056
0 0.243456 0.696862 0.0198523 0.129651
0 0.302705 0.672815 0.0252686 0.124456
0 0.784608 0.659559 0.023617 0.107187
0 0.0085013 0.698246 0.0169752 0.119338
0 0.855081 0.658547 0.0232601 0.097868
0 0.802528 0.656177 0.0167431 0.0785066
0 0.458699 0.67382 0.0205714 0.0936291
0 0.833699 0.652774 0.0161524 0.0863174
0 0.733699 0.797944 0.0925066 0.39659
5 0.188481 0.638041 0.208488 0.199277
5 0.488765 0.62534 0.130697 0.140263
5 0.877868 0.614564 0.20928 0.164235
5 0.352273 0.632626 0.123688 0.185478
5 0.595309 0.618989 0.0929253 0.0962875
5 0.0428254 0.636646 0.0852527 0.172972
0 0.501772 0.675843 0.0248264 0.115051
0 0.357709 0.682646 0.0304461 0.110514
0 0.226708 0.697282 0.0255559 0.138161
0 0.0792318 0.697617 0.0240134 0.121107
0 0.122028 0.688337 0.0240439 0.1357
0 0.615981 0.66361 0.0180409 0.0923404
0 0.0367449 0.706023 0.0324282 0.131056
0 0.243456 0.696862 0.0198523 0.129651
0 0.302705 0.672815 0.0252686 0.124456
0 0.784608 0.659559 0.023617 0.107187
0 0.0085013 0.698246 0.0169752 0.119338
0 0.855081 0.658547 0.0232601 0.097868
0 0.802528 0.656177 0.0167431 0.0785066
0 0.458699 0.67382 0.0205714 0.0936291
0 0.833699 0.652774 0.0161524 0.0863174
0 0.733699 0.797944 0.0925066 0.39659
5 0.188481 0.638041 0.208488 0.199277
5 0.488765 0.62534 0.130697 0.140263
5 0.877868 0.614564 0.20928 0.164235
5 0.352273 0.632626 0.123688 0.185478
5 0.595309 0.618989 0.0929253 0.0962875
5 0.0428254 0.636646 0.0852527 0.172972
0 0.501772 0.675843 0.0248264 0.115051
0 0.357709 0.682646 0.0304461 0.110514
0 0.226708 0.697282 0.0255559 0.138161
0 0.0792318 0.697617 0.0240134 0.121107
0 0.122028 0.688337 0.0240439 0.1357
0 0.615981 0.66361 0.0180409 0.0923404
0 0.0367449 0.706023 0.0324282 0.131056
0 0.243456 0.696862 0.0198523 0.129651
0 0.302705 0.672815 0.0252686 0.124456
0 0.784608 0.659559 0.023617 0.107187
0 0.0085013 0.698246 0.0169752 0.119338
0 0.855081 0.658547 0.0232601 0.097868
0 0.802528 0.656177 0.0167431 0.0785066
0 0.458699 0.67382 0.0205714 0.0936291
0 0.833699 0.652774 0.0161524 0.0863174
0 0.733699 0.797944 0.0925066 0.39659
5 0.188481 0.638041 0.208488 0.199277
5 0.488765 0.62534 0.130697 0.140263
5 0.877868 0.614564 0.20928 0.164235
5 0.352273 0.632626 0.123688 0.185478
5 0.595309 0.618989 0.0929253 0.0962875
5 0.0428254 0.636646 0.0852527 0.172972
0 0.501772 0.675843 0.0248264 0.115051
0 0.357709 0.682646 0.0304461 0.110514
0 0.226708 0.697282 0.0255559 0.138161
0 0.0792318 0.697617 0.0240134 0.121107
0 0.122028 0.688337 0.0240439 0.1357
0 0.615981 0.66361 0.0180409 0.0923404
0 0.0367449 0.706023 0.0324282 0.131056
0 0.243456 0.696862 0.0198523 0.129651
0 0.302705 0.672815 0.0252686 0.124456
0 0.784608 0.659559 0.023617 0.107187
0 0.0085013 0.698246 0.0169752 0.119338
0 0.855081 0.658547 0.0232601 0.097868
0 0.802528 0.656177 0.0167431 0.0785066
0 0.458699 0.67382 0.0205714 0.0936291
0 0.833699 0.652774 0.0161524 0.0863174
0 0.0227682 0.696284 0.0183536 0.119995
