5 0.324079 0.414008 0.645618 0.823963
5 0.749506 0.367505 0.235541 0.531869
0 0.0936869 0.658452 0.102509 0.58407
0 0.902259 0.508209 0.037916 0.190417
0 0.956377 0.522815 0.0593395 0.191698
0 0.955238 0.485376 0.0380951 0.163979
5 0.324079 0.414008 0.645618 0.823963
5 0.749506 0.367505 0.235541 0.531869
0 0.0936869 0.658452 0.102509 0.58407
0 0.902259 0.508209 0.037916 0.190417
0 0.956377 0.522815 0.0593395 0.191698
0 0.955238 0.485376 0.0380951 0.163979
5 0.324079 0.414008 0.645618 0.823963
5 0.749506 0.367505 0.235541 0.531869
0 0.0936869 0.658452 0.102509 0.58407
0 0.902259 0.508209 0.037916 0.190417
0 0.956377 0.522815 0.0593395 0.191698
0 0.955238 0.485376 0.0380951 0.163979
5 0.324079 0.414008 0.645618 0.823963
5 0.749506 0.367505 0.235541 0.531869
0 0.0936869 0.658452 0.102509 0.58407
0 0.902259 0.508209 0.037916 0.190417
0 0.956377 0.522815 0.0593395 0.191698
0 0.955238 0.485376 0.0380951 0.163979
5 0.324079 0.414008 0.645618 0.823963
5 0.749506 0.367505 0.235541 0.531869
0 0.0936869 0.658452 0.102509 0.58407
0 0.902259 0.508209 0.037916 0.190417
0 0.956377 0.522815 0.0593395 0.191698
0 0.955238 0.485376 0.0380951 0.163979
