5 0.65644 0.623369 0.0915333 0.111854
5 0.178416 0.643631 0.210886 0.199582
5 0.344018 0.633639 0.12536 0.173037
5 0.866002 0.620074 0.206897 0.160784
5 0.450232 0.633127 0.0901987 0.120347
0 0.261766 0.742394 0.0538212 0.211164
5 0.0375038 0.648859 0.0746521 0.181966
5 0.536364 0.627072 0.0821465 0.0758328
0 0.327283 0.691157 0.0190309 0.120149
0 0.217385 0.704452 0.0267815 0.13745
0 0.0260896 0.702458 0.0348785 0.132462
0 0.880188 0.668983 0.0247469 0.132524
0 0.116091 0.696081 0.0323192 0.134522
0 0.905934 0.668324 0.0201008 0.105087
0 0.960748 0.672108 0.0192095 0.105371
0 0.294291 0.68 0.0255527 0.125389
0 0.547364 0.666074 0.013279 0.0640103
0 0.0716619 0.703737 0.0265617 0.131437
0 0.636482 0.662748 0.0194138 0.0883845
0 0.728885 0.649019 0.0129494 0.0637089
0 0.413455 0.689019 0.0183285 0.124647
0 0.0896511 0.703501 0.0187373 0.125015
5 0.65644 0.623369 0.0915333 0.111854
5 0.178416 0.643631 0.210886 0.199582
5 0.344018 0.633639 0.12536 0.173037
5 0.866002 0.620074 0.206897 0.160784
5 0.450232 0.633127 0.0901987 0.120347
0 0.261766 0.742394 0.0538212 0.211164
5 0.0375038 0.648859 0.0746521 0.181966
5 0.536364 0.627072 0.0821465 0.0758328
0 0.327283 0.691157 0.0190309 0.120149
0 0.217385 0.704452 0.0267815 0.13745
0 0.0260896 0.702458 0.0348785 0.132462
0 0.880188 0.668983 0.0247469 0.132524
0 0.116091 0.696081 0.0323192 0.134522
0 0.905934 0.668324 0.0201008 0.105087
0 0.960748 0.672108 0.0192095 0.105371
0 0.294291 0.68 0.0255527 0.125389
0 0.547364 0.666074 0.013279 0.0640103
0 0.0716619 0.703737 0.0265617 0.131437
0 0.636482 0.662748 0.0194138 0.0883845
0 0.728885 0.649019 0.0129494 0.0637089
0 0.413455 0.689019 0.0183285 0.124647
0 0.0896511 0.703501 0.0187373 0.125015
5 0.65644 0.623369 0.0915333 0.111854
5 0.178416 0.643631 0.210886 0.199582
5 0.344018 0.633639 0.12536 0.173037
5 0.866002 0.620074 0.206897 0.160784
5 0.450232 0.633127 0.0901987 0.120347
0 0.261766 0.742394 0.0538212 0.211164
5 0.0375038 0.648859 0.0746521 0.181966
5 0.536364 0.627072 0.0821465 0.0758328
0 0.327283 0.691157 0.0190309 0.120149
0 0.217385 0.704452 0.0267815 0.13745
0 0.0260896 0.702458 0.0348785 0.132462
0 0.880188 0.668983 0.0247469 0.132524
0 0.116091 0.696081 0.0323192 0.134522
0 0.905934 0.668324 0.0201008 0.105087
0 0.960748 0.672108 0.0192095 0.105371
0 0.294291 0.68 0.0255527 0.125389
0 0.547364 0.666074 0.013279 0.0640103
0 0.0716619 0.703737 0.0265617 0.131437
0 0.636482 0.662748 0.0194138 0.0883845
0 0.728885 0.649019 0.0129494 0.0637089
0 0.413455 0.689019 0.0183285 0.124647
0 0.0896511 0.703501 0.0187373 0.125015
5 0.65644 0.623369 0.0915333 0.111854
5 0.178416 0.643631 0.210886 0.199582
5 0.344018 0.633639 0.12536 0.173037
5 0.866002 0.620074 0.206897 0.160784
5 0.450232 0.633127 0.0901987 0.120347
0 0.261766 0.742394 0.0538212 0.211164
5 0.0375038 0.648859 0.0746521 0.181966
5 0.536364 0.627072 0.0821465 0.0758328
0 0.327283 0.691157 0.0190309 0.120149
0 0.217385 0.704452 0.0267815 0.13745
0 0.0260896 0.702458 0.0348785 0.132462
0 0.880188 0.668983 0.0247469 0.132524
0 0.116091 0.696081 0.0323192 0.134522
0 0.905934 0.668324 0.0201008 0.105087
0 0.960748 0.672108 0.0192095 0.105371
0 0.294291 0.68 0.0255527 0.125389
0 0.547364 0.666074 0.013279 0.0640103
0 0.0716619 0.703737 0.0265617 0.131437
0 0.636482 0.662748 0.0194138 0.0883845
0 0.728885 0.649019 0.0129494 0.0637089
0 0.413455 0.689019 0.0183285 0.124647
0 0.0896511 0.703501 0.0187373 0.125015
5 0.65644 0.623369 0.0915333 0.111854
5 0.178416 0.643631 0.210886 0.199582
5 0.344018 0.633639 0.12536 0.173037
5 0.866002 0.620074 0.206897 0.160784
5 0.450232 0.633127 0.0901987 0.120347
0 0.261766 0.742394 0.0538212 0.211164
5 0.0375038 0.648859 0.0746521 0.181966
5 0.536364 0.627072 0.0821465 0.0758328
0 0.327283 0.691157 0.0190309 0.120149
0 0.217385 0.704452 0.0267815 0.13745
0 0.0260896 0.702458 0.0348785 0.132462
0 0.880188 0.668983 0.0247469 0.132524
0 0.116091 0.696081 0.0323192 0.134522
0 0.905934 0.668324 0.0201008 0.105087
0 0.960748 0.672108 0.0192095 0.105371
0 0.294291 0.68 0.0255527 0.125389
0 0.547364 0.666074 0.013279 0.0640103
0 0.0716619 0.703737 0.0265617 0.131437
0 0.636482 0.662748 0.0194138 0.0883845
0 0.728885 0.649019 0.0129494 0.0637089
0 0.413455 0.689019 0.0183285 0.124647
0 0.0896511 0.703501 0.0187373 0.125015
0 0.427722 0.682591 0.0241432 0.0981206
0 0.7923 0.65731 0.0119294 0.0576945
