5 0.200731 0.649284 0.205425 0.194508
5 0.892257 0.628767 0.213507 0.167426
5 0.475992 0.641188 0.0986856 0.180726
0 0.0867815 0.821105 0.075472 0.354906
5 0.364946 0.641234 0.123376 0.181433
5 0.0492176 0.656133 0.0981116 0.188913
0 0.239539 0.709147 0.0252778 0.13863
0 0.140794 0.701224 0.0315609 0.133226
0 0.907851 0.67519 0.0266563 0.105626
0 0.256267 0.710651 0.018926 0.127044
0 0.418529 0.687105 0.0166653 0.0832891
5 0.561583 0.632959 0.071522 0.0759109
0 0.386152 0.693798 0.0244539 0.103268
0 0.312776 0.687398 0.0194023 0.122476
5 0.200731 0.649284 0.205425 0.194508
5 0.892257 0.628767 0.213507 0.167426
5 0.475992 0.641188 0.0986856 0.180726
0 0.0867815 0.821105 0.075472 0.354906
5 0.364946 0.641234 0.123376 0.181433
5 0.0492176 0.656133 0.0981116 0.188913
0 0.239539 0.709147 0.0252778 0.13863
0 0.140794 0.701224 0.0315609 0.133226
0 0.907851 0.67519 0.0266563 0.105626
0 0.256267 0.710651 0.018926 0.127044
0 0.418529 0.687105 0.0166653 0.0832891
5 0.561583 0.632959 0.071522 0.0759109
0 0.386152 0.693798 0.0244539 0.103268
0 0.312776 0.687398 0.0194023 0.122476
5 0.200731 0.649284 0.205425 0.194508
5 0.892257 0.628767 0.213507 0.167426
5 0.475992 0.641188 0.0986856 0.180726
0 0.0867815 0.821105 0.075472 0.354906
5 0.364946 0.641234 0.123376 0.181433
5 0.0492176 0.656133 0.0981116 0.188913
0 0.239539 0.709147 0.0252778 0.13863
0 0.140794 0.701224 0.0315609 0.133226
0 0.907851 0.67519 0.0266563 0.105626
0 0.256267 0.710651 0.018926 0.127044
0 0.418529 0.687105 0.0166653 0.0832891
5 0.561583 0.632959 0.071522 0.0759109
0 0.386152 0.693798 0.0244539 0.103268
0 0.312776 0.687398 0.0194023 0.122476
5 0.200731 0.649284 0.205425 0.194508
5 0.892257 0.628767 0.213507 0.167426
5 0.475992 0.641188 0.0986856 0.180726
0 0.0867815 0.821105 0.075472 0.354906
5 0.364946 0.641234 0.123376 0.181433
5 0.0492176 0.656133 0.0981116 0.188913
0 0.239539 0.709147 0.0252778 0.13863
0 0.140794 0.701224 0.0315609 0.133226
0 0.907851 0.67519 0.0266563 0.105626
0 0.256267 0.710651 0.018926 0.127044
0 0.418529 0.687105 0.0166653 0.0832891
5 0.561583 0.632959 0.071522 0.0759109
0 0.386152 0.693798 0.0244539 0.103268
0 0.312776 0.687398 0.0194023 0.122476
5 0.200731 0.649284 0.205425 0.194508
5 0.892257 0.628767 0.213507 0.167426
5 0.475992 0.641188 0.0986856 0.180726
0 0.0867815 0.821105 0.075472 0.354906
5 0.364946 0.641234 0.123376 0.181433
5 0.0492176 0.656133 0.0981116 0.188913
0 0.239539 0.709147 0.0252778 0.13863
0 0.140794 0.701224 0.0315609 0.133226
0 0.907851 0.67519 0.0266563 0.105626
0 0.256267 0.710651 0.018926 0.127044
0 0.418529 0.687105 0.0166653 0.0832891
5 0.561583 0.632959 0.071522 0.0759109
0 0.386152 0.693798 0.0244539 0.103268
0 0.312776 0.687398 0.0194023 0.122476
0 0.71726 0.645724 0.0099391 0.0338045
0 0.702499 0.652979 0.0103085 0.0525397
0 0.346004 0.688205 0.0152968 0.109396
0 0.815743 0.6639 0.012215 0.0565667
0 0.717662 0.652863 0.0103932 0.0474513
