5 0.741233 0.366813 0.256416 0.530941
5 0.540585 0.338325 0.123202 0.283715
5 0.436981 0.305813 0.0929254 0.214077
2 0.358361 0.342979 0.060638 0.0631563
0 0.957702 0.523144 0.059021 0.191005
0 0.0672694 0.678003 0.134311 0.633017
0 0.90281 0.50719 0.0376022 0.192762
2 0.231685 0.574657 0.170619 0.275482
0 0.165411 0.775308 0.0934347 0.44704
5 0.464789 0.357189 0.0373794 0.171451
5 0.199872 0.407732 0.14617 0.174099
0 0.945188 0.493061 0.0308529 0.180186
5 0.216306 0.32082 0.139107 0.232459
5 0.741233 0.366813 0.256416 0.530941
5 0.540585 0.338325 0.123202 0.283715
5 0.436981 0.305813 0.0929254 0.214077
2 0.358361 0.342979 0.060638 0.0631563
0 0.957702 0.523144 0.059021 0.191005
0 0.0672694 0.678003 0.134311 0.633017
0 0.90281 0.50719 0.0376022 0.192762
2 0.231685 0.574657 0.170619 0.275482
0 0.165411 0.775308 0.0934347 0.44704
5 0.464789 0.357189 0.0373794 0.171451
5 0.199872 0.407732 0.14617 0.174099
0 0.945188 0.493061 0.0308529 0.180186
5 0.216306 0.32082 0.139107 0.232459
5 0.741233 0.366813 0.256416 0.530941
5 0.540585 0.338325 0.123202 0.283715
5 0.436981 0.305813 0.0929254 0.214077
2 0.358361 0.342979 0.060638 0.0631563
0 0.957702 0.523144 0.059021 0.191005
0 0.0672694 0.678003 0.134311 0.633017
0 0.90281 0.50719 0.0376022 0.192762
2 0.231685 0.574657 0.170619 0.275482
0 0.165411 0.775308 0.0934347 0.44704
5 0.464789 0.357189 0.0373794 0.171451
5 0.199872 0.407732 0.14617 0.174099
0 0.945188 0.493061 0.0308529 0.180186
5 0.216306 0.32082 0.139107 0.232459
5 0.741233 0.366813 0.256416 0.530941
5 0.540585 0.338325 0.123202 0.283715
5 0.436981 0.305813 0.0929254 0.214077
2 0.358361 0.342979 0.060638 0.0631563
0 0.957702 0.523144 0.059021 0.191005
0 0.0672694 0.678003 0.134311 0.633017
0 0.90281 0.50719 0.0376022 0.192762
2 0.231685 0.574657 0.170619 0.275482
0 0.165411 0.775308 0.0934347 0.44704
5 0.464789 0.357189 0.0373794 0.171451
5 0.199872 0.407732 0.14617 0.174099
0 0.945188 0.493061 0.0308529 0.180186
5 0.216306 0.32082 0.139107 0.232459
5 0.741233 0.366813 0.256416 0.530941
5 0.540585 0.338325 0.123202 0.283715
5 0.436981 0.305813 0.0929254 0.214077
2 0.358361 0.342979 0.060638 0.0631563
0 0.957702 0.523144 0.059021 0.191005
0 0.0672694 0.678003 0.134311 0.633017
0 0.90281 0.50719 0.0376022 0.192762
2 0.231685 0.574657 0.170619 0.275482
0 0.165411 0.775308 0.0934347 0.44704
5 0.464789 0.357189 0.0373794 0.171451
5 0.199872 0.407732 0.14617 0.174099
0 0.945188 0.493061 0.0308529 0.180186
5 0.216306 0.32082 0.139107 0.232459
5 0.215874 0.285262 0.137341 0.160634
0 0.032316 0.938684 0.0637011 0.113029
