5 0.880563 0.626135 0.211949 0.166096
5 0.192051 0.656061 0.209808 0.200307
5 0.355962 0.642565 0.122367 0.17623
5 0.468684 0.64208 0.0965248 0.178676
0 0.857988 0.679148 0.03829 0.127517
0 0.16485 0.750833 0.0497538 0.186432
5 0.0448077 0.659053 0.0892426 0.182405
0 0.232356 0.715492 0.0251112 0.136881
0 0.344964 0.697258 0.0216131 0.11828
0 0.736259 0.662771 0.0156315 0.0769464
0 0.766386 0.66137 0.0176136 0.0797909
0 0.322574 0.703191 0.0211647 0.111535
0 0.0854355 0.715356 0.0236075 0.118025
0 0.305767 0.69099 0.0229814 0.124404
5 0.555173 0.633737 0.0716818 0.0762887
0 0.246476 0.714069 0.0222336 0.128906
0 0.705802 0.657062 0.0111633 0.0635161
0 0.123882 0.713421 0.0212014 0.124706
5 0.880563 0.626135 0.211949 0.166096
5 0.192051 0.656061 0.209808 0.200307
5 0.355962 0.642565 0.122367 0.17623
5 0.468684 0.64208 0.0965248 0.178676
0 0.857988 0.679148 0.03829 0.127517
0 0.16485 0.750833 0.0497538 0.186432
5 0.0448077 0.659053 0.0892426 0.182405
0 0.232356 0.715492 0.0251112 0.136881
0 0.344964 0.697258 0.0216131 0.11828
0 0.736259 0.662771 0.0156315 0.0769464
0 0.766386 0.66137 0.0176136 0.0797909
0 0.322574 0.703191 0.0211647 0.111535
0 0.0854355 0.715356 0.0236075 0.118025
0 0.305767 0.69099 0.0229814 0.124404
5 0.555173 0.633737 0.0716818 0.0762887
0 0.246476 0.714069 0.0222336 0.128906
0 0.705802 0.657062 0.0111633 0.0635161
0 0.123882 0.713421 0.0212014 0.124706
5 0.880563 0.626135 0.211949 0.166096
5 0.192051 0.656061 0.209808 0.200307
5 0.355962 0.642565 0.122367 0.17623
5 0.468684 0.64208 0.0965248 0.178676
0 0.857988 0.679148 0.03829 0.127517
0 0.16485 0.750833 0.0497538 0.186432
5 0.0448077 0.659053 0.0892426 0.182405
0 0.232356 0.715492 0.0251112 0.136881
0 0.344964 0.697258 0.0216131 0.11828
0 0.736259 0.662771 0.0156315 0.0769464
0 0.766386 0.66137 0.0176136 0.0797909
0 0.322574 0.703191 0.0211647 0.111535
0 0.0854355 0.715356 0.0236075 0.118025
0 0.305767 0.69099 0.0229814 0.124404
5 0.555173 0.633737 0.0716818 0.0762887
0 0.246476 0.714069 0.0222336 0.128906
0 0.705802 0.657062 0.0111633 0.0635161
0 0.123882 0.713421 0.0212014 0.124706
5 0.880563 0.626135 0.211949 0.166096
5 0.192051 0.656061 0.209808 0.200307
5 0.355962 0.642565 0.122367 0.17623
5 0.468684 0.64208 0.0965248 0.178676
0 0.857988 0.679148 0.03829 0.127517
0 0.16485 0.750833 0.0497538 0.186432
5 0.0448077 0.659053 0.0892426 0.182405
0 0.232356 0.715492 0.0251112 0.136881
0 0.344964 0.697258 0.0216131 0.11828
0 0.736259 0.662771 0.0156315 0.0769464
0 0.766386 0.66137 0.0176136 0.0797909
0 0.322574 0.703191 0.0211647 0.111535
0 0.0854355 0.715356 0.0236075 0.118025
0 0.305767 0.69099 0.0229814 0.124404
5 0.555173 0.633737 0.0716818 0.0762887
0 0.246476 0.714069 0.0222336 0.128906
0 0.705802 0.657062 0.0111633 0.0635161
0 0.123882 0.713421 0.0212014 0.124706
5 0.880563 0.626135 0.211949 0.166096
5 0.192051 0.656061 0.209808 0.200307
5 0.355962 0.642565 0.122367 0.17623
5 0.468684 0.64208 0.0965248 0.178676
0 0.857988 0.679148 0.03829 0.127517
0 0.16485 0.750833 0.0497538 0.186432
5 0.0448077 0.659053 0.0892426 0.182405
0 0.232356 0.715492 0.0251112 0.136881
0 0.344964 0.697258 0.0216131 0.11828
0 0.736259 0.662771 0.0156315 0.0769464
0 0.766386 0.66137 0.0176136 0.0797909
0 0.322574 0.703191 0.0211647 0.111535
0 0.0854355 0.715356 0.0236075 0.118025
0 0.305767 0.69099 0.0229814 0.124404
5 0.555173 0.633737 0.0716818 0.0762887
0 0.246476 0.714069 0.0222336 0.128906
0 0.705802 0.657062 0.0111633 0.0635161
0 0.123882 0.713421 0.0212014 0.124706
0 0.600875 0.649819 0.0130287 0.0442235
0 0.134253 0.706843 0.0177483 0.133767
