5 0.881625 0.618447 0.209658 0.165679
5 0.463365 0.63394 0.0890628 0.172424
5 0.193972 0.646028 0.211457 0.198911
5 0.357651 0.633558 0.121664 0.173755
5 0.0455484 0.649237 0.090585 0.181369
0 0.308973 0.707264 0.0262257 0.14062
0 0.147179 0.697702 0.0222486 0.132092
0 0.232568 0.705574 0.0245438 0.139365
0 0.741406 0.671919 0.0288219 0.120737
0 0.283223 0.694439 0.0191336 0.116058
0 0.0863826 0.708304 0.0241048 0.113347
0 0.708675 0.658856 0.0168208 0.0824782
0 0.2493 0.705391 0.0212094 0.126788
0 0.605462 0.643198 0.00859203 0.0446327
0 0.7574 0.652898 0.0129057 0.0636792
5 0.565708 0.624724 0.0494222 0.075342
0 0.724009 0.650075 0.0142868 0.0684693
5 0.530015 0.626969 0.0384106 0.0725304
5 0.881625 0.618447 0.209658 0.165679
5 0.463365 0.63394 0.0890628 0.172424
5 0.193972 0.646028 0.211457 0.198911
5 0.357651 0.633558 0.121664 0.173755
5 0.0455484 0.649237 0.090585 0.181369
0 0.308973 0.707264 0.0262257 0.14062
0 0.147179 0.697702 0.0222486 0.132092
0 0.232568 0.705574 0.0245438 0.139365
0 0.741406 0.671919 0.0288219 0.120737
0 0.283223 0.694439 0.0191336 0.116058
0 0.0863826 0.708304 0.0241048 0.113347
0 0.708675 0.658856 0.0168208 0.0824782
0 0.2493 0.705391 0.0212094 0.126788
0 0.605462 0.643198 0.00859203 0.0446327
0 0.7574 0.652898 0.0129057 0.0636792
5 0.565708 0.624724 0.0494222 0.075342
0 0.724009 0.650075 0.0142868 0.0684693
5 0.530015 0.626969 0.0384106 0.0725304
5 0.881625 0.618447 0.209658 0.165679
5 0.463365 0.63394 0.0890628 0.172424
5 0.193972 0.646028 0.211457 0.198911
5 0.357651 0.633558 0.121664 0.173755
5 0.0455484 0.649237 0.090585 0.181369
0 0.308973 0.707264 0.0262257 0.14062
0 0.147179 0.697702 0.0222486 0.132092
0 0.232568 0.705574 0.0245438 0.139365
0 0.741406 0.671919 0.0288219 0.120737
0 0.283223 0.694439 0.0191336 0.116058
0 0.0863826 0.708304 0.0241048 0.113347
0 0.708675 0.658856 0.0168208 0.0824782
0 0.2493 0.705391 0.0212094 0.126788
0 0.605462 0.643198 0.00859203 0.0446327
0 0.7574 0.652898 0.0129057 0.0636792
5 0.565708 0.624724 0.0494222 0.075342
0 0.724009 0.650075 0.0142868 0.0684693
5 0.530015 0.626969 0.0384106 0.0725304
5 0.881625 0.618447 0.209658 0.165679
5 0.463365 0.63394 0.0890628 0.172424
5 0.193972 0.646028 0.211457 0.198911
5 0.357651 0.633558 0.121664 0.173755
5 0.0455484 0.649237 0.090585 0.181369
0 0.308973 0.707264 0.0262257 0.14062
0 0.147179 0.697702 0.0222486 0.132092
0 0.232568 0.705574 0.0245438 0.139365
0 0.741406 0.671919 0.0288219 0.120737
0 0.283223 0.694439 0.0191336 0.116058
0 0.0863826 0.708304 0.0241048 0.113347
0 0.708675 0.658856 0.0168208 0.0824782
0 0.2493 0.705391 0.0212094 0.126788
0 0.605462 0.643198 0.00859203 0.0446327
0 0.7574 0.652898 0.0129057 0.0636792
5 0.565708 0.624724 0.0494222 0.075342
0 0.724009 0.650075 0.0142868 0.0684693
5 0.530015 0.626969 0.0384106 0.0725304
5 0.881625 0.618447 0.209658 0.165679
5 0.463365 0.63394 0.0890628 0.172424
5 0.193972 0.646028 0.211457 0.198911
5 0.357651 0.633558 0.121664 0.173755
5 0.0455484 0.649237 0.090585 0.181369
0 0.308973 0.707264 0.0262257 0.14062
0 0.147179 0.697702 0.0222486 0.132092
0 0.232568 0.705574 0.0245438 0.139365
0 0.741406 0.671919 0.0288219 0.120737
0 0.283223 0.694439 0.0191336 0.116058
0 0.0863826 0.708304 0.0241048 0.113347
0 0.708675 0.658856 0.0168208 0.0824782
0 0.2493 0.705391 0.0212094 0.126788
0 0.605462 0.643198 0.00859203 0.0446327
0 0.7574 0.652898 0.0129057 0.0636792
5 0.565708 0.624724 0.0494222 0.075342
0 0.724009 0.650075 0.0142868 0.0684693
5 0.530015 0.626969 0.0384106 0.0725304
5 0.552111 0.625285 0.0763609 0.0753767
0 0.8076 0.653898 0.0135422 0.0637569
0 0.263164 0.691248 0.0191138 0.107086
0 0.65894 0.637935 0.00853491 0.0426593
2 0.684241 0.649081 0.0203386 0.0199142
0 0.264067 0.70116 0.0237234 0.125431
