5 0.476763 0.640027 0.0961845 0.177975
5 0.892389 0.625887 0.214214 0.160999
5 0.201033 0.650872 0.206722 0.196744
5 0.0497619 0.657376 0.09911 0.192883
5 0.365722 0.643818 0.124195 0.185224
0 0.192235 0.824848 0.0759618 0.348827
0 0.397029 0.692836 0.0194513 0.0983398
5 0.561262 0.633392 0.0725135 0.0766226
0 0.896849 0.674056 0.0277847 0.105057
0 0.239364 0.711457 0.026046 0.139683
0 0.0917733 0.707918 0.0249789 0.123073
0 0.256309 0.711482 0.0194255 0.127535
0 0.137572 0.701683 0.0362396 0.135282
5 0.0256188 0.43416 0.0507689 0.0586138
0 0.417972 0.686502 0.016461 0.0883325
0 0.311725 0.686476 0.0203897 0.118927
0 0.719797 0.656349 0.0102497 0.0477444
0 0.815713 0.665061 0.0127068 0.0585471
0 0.702928 0.656403 0.00966454 0.047925
5 0.476763 0.640027 0.0961845 0.177975
5 0.892389 0.625887 0.214214 0.160999
5 0.201033 0.650872 0.206722 0.196744
5 0.0497619 0.657376 0.09911 0.192883
5 0.365722 0.643818 0.124195 0.185224
0 0.192235 0.824848 0.0759618 0.348827
0 0.397029 0.692836 0.0194513 0.0983398
5 0.561262 0.633392 0.0725135 0.0766226
0 0.896849 0.674056 0.0277847 0.105057
0 0.239364 0.711457 0.026046 0.139683
0 0.0917733 0.707918 0.0249789 0.123073
0 0.256309 0.711482 0.0194255 0.127535
0 0.137572 0.701683 0.0362396 0.135282
5 0.0256188 0.43416 0.0507689 0.0586138
0 0.417972 0.686502 0.016461 0.0883325
0 0.311725 0.686476 0.0203897 0.118927
0 0.719797 0.656349 0.0102497 0.0477444
0 0.815713 0.665061 0.0127068 0.0585471
0 0.702928 0.656403 0.00966454 0.047925
5 0.476763 0.640027 0.0961845 0.177975
5 0.892389 0.625887 0.214214 0.160999
5 0.201033 0.650872 0.206722 0.196744
5 0.0497619 0.657376 0.09911 0.192883
5 0.365722 0.643818 0.124195 0.185224
0 0.192235 0.824848 0.0759618 0.348827
0 0.397029 0.692836 0.0194513 0.0983398
5 0.561262 0.633392 0.0725135 0.0766226
0 0.896849 0.674056 0.0277847 0.105057
0 0.239364 0.711457 0.026046 0.139683
0 0.0917733 0.707918 0.0249789 0.123073
0 0.256309 0.711482 0.0194255 0.127535
0 0.137572 0.701683 0.0362396 0.135282
5 0.0256188 0.43416 0.0507689 0.0586138
0 0.417972 0.686502 0.016461 0.0883325
0 0.311725 0.686476 0.0203897 0.118927
0 0.719797 0.656349 0.0102497 0.0477444
0 0.815713 0.665061 0.0127068 0.0585471
0 0.702928 0.656403 0.00966454 0.047925
5 0.476763 0.640027 0.0961845 0.177975
5 0.892389 0.625887 0.214214 0.160999
5 0.201033 0.650872 0.206722 0.196744
5 0.0497619 0.657376 0.09911 0.192883
5 0.365722 0.643818 0.124195 0.185224
0 0.192235 0.824848 0.0759618 0.348827
0 0.397029 0.692836 0.0194513 0.0983398
5 0.561262 0.633392 0.0725135 0.0766226
0 0.896849 0.674056 0.0277847 0.105057
0 0.239364 0.711457 0.026046 0.139683
0 0.0917733 0.707918 0.0249789 0.123073
0 0.256309 0.711482 0.0194255 0.127535
0 0.137572 0.701683 0.0362396 0.135282
5 0.0256188 0.43416 0.0507689 0.0586138
0 0.417972 0.686502 0.016461 0.0883325
0 0.311725 0.686476 0.0203897 0.118927
0 0.719797 0.656349 0.0102497 0.0477444
0 0.815713 0.665061 0.0127068 0.0585471
0 0.702928 0.656403 0.00966454 0.047925
5 0.476763 0.640027 0.0961845 0.177975
5 0.892389 0.625887 0.214214 0.160999
5 0.201033 0.650872 0.206722 0.196744
5 0.0497619 0.657376 0.09911 0.192883
5 0.365722 0.643818 0.124195 0.185224
0 0.192235 0.824848 0.0759618 0.348827
0 0.397029 0.692836 0.0194513 0.0983398
5 0.561262 0.633392 0.0725135 0.0766226
0 0.896849 0.674056 0.0277847 0.105057
0 0.239364 0.711457 0.026046 0.139683
0 0.0917733 0.707918 0.0249789 0.123073
0 0.256309 0.711482 0.0194255 0.127535
0 0.137572 0.701683 0.0362396 0.135282
5 0.0256188 0.43416 0.0507689 0.0586138
0 0.417972 0.686502 0.016461 0.0883325
0 0.311725 0.686476 0.0203897 0.118927
0 0.719797 0.656349 0.0102497 0.0477444
0 0.815713 0.665061 0.0127068 0.0585471
0 0.702928 0.656403 0.00966454 0.047925
0 0.354377 0.688422 0.0175539 0.107828
