5 0.742928 0.361452 0.250204 0.520728
5 0.405245 0.351993 0.135315 0.319004
5 0.541971 0.338525 0.122637 0.283895
0 0.080375 0.658564 0.106976 0.57711
0 0.264628 0.7071 0.125853 0.577345
0 0.807292 0.754346 0.174239 0.4847
0 0.645823 0.701523 0.137745 0.560909
5 0.215143 0.315707 0.135393 0.22166
2 0.321765 0.411635 0.0413604 0.0829027
5 0.195043 0.409678 0.136587 0.180269
0 0.902413 0.506557 0.037709 0.192914
0 0.956781 0.512743 0.0586498 0.211425
2 0.211887 0.577287 0.110297 0.286435
2 0.133134 0.529863 0.0774116 0.172477
5 0.470834 0.358814 0.0257484 0.165191
5 0.742928 0.361452 0.250204 0.520728
5 0.405245 0.351993 0.135315 0.319004
5 0.541971 0.338525 0.122637 0.283895
0 0.080375 0.658564 0.106976 0.57711
0 0.264628 0.7071 0.125853 0.577345
0 0.807292 0.754346 0.174239 0.4847
0 0.645823 0.701523 0.137745 0.560909
5 0.215143 0.315707 0.135393 0.22166
2 0.321765 0.411635 0.0413604 0.0829027
5 0.195043 0.409678 0.136587 0.180269
0 0.902413 0.506557 0.037709 0.192914
0 0.956781 0.512743 0.0586498 0.211425
2 0.211887 0.577287 0.110297 0.286435
2 0.133134 0.529863 0.0774116 0.172477
5 0.470834 0.358814 0.0257484 0.165191
5 0.742928 0.361452 0.250204 0.520728
5 0.405245 0.351993 0.135315 0.319004
5 0.541971 0.338525 0.122637 0.283895
0 0.080375 0.658564 0.106976 0.57711
0 0.264628 0.7071 0.125853 0.577345
0 0.807292 0.754346 0.174239 0.4847
0 0.645823 0.701523 0.137745 0.560909
5 0.215143 0.315707 0.135393 0.22166
2 0.321765 0.411635 0.0413604 0.0829027
5 0.195043 0.409678 0.136587 0.180269
0 0.902413 0.506557 0.037709 0.192914
0 0.956781 0.512743 0.0586498 0.211425
2 0.211887 0.577287 0.110297 0.286435
2 0.133134 0.529863 0.0774116 0.172477
5 0.470834 0.358814 0.0257484 0.165191
5 0.742928 0.361452 0.250204 0.520728
5 0.405245 0.351993 0.135315 0.319004
5 0.541971 0.338525 0.122637 0.283895
0 0.080375 0.658564 0.106976 0.57711
0 0.264628 0.7071 0.125853 0.577345
0 0.807292 0.754346 0.174239 0.4847
0 0.645823 0.701523 0.137745 0.560909
5 0.215143 0.315707 0.135393 0.22166
2 0.321765 0.411635 0.0413604 0.0829027
5 0.195043 0.409678 0.136587 0.180269
0 0.902413 0.506557 0.037709 0.192914
0 0.956781 0.512743 0.0586498 0.211425
2 0.211887 0.577287 0.110297 0.286435
2 0.133134 0.529863 0.0774116 0.172477
5 0.470834 0.358814 0.0257484 0.165191
5 0.742928 0.361452 0.250204 0.520728
5 0.405245 0.351993 0.135315 0.319004
5 0.541971 0.338525 0.122637 0.283895
0 0.080375 0.658564 0.106976 0.57711
0 0.264628 0.7071 0.125853 0.577345
0 0.807292 0.754346 0.174239 0.4847
0 0.645823 0.701523 0.137745 0.560909
5 0.215143 0.315707 0.135393 0.22166
2 0.321765 0.411635 0.0413604 0.0829027
5 0.195043 0.409678 0.136587 0.180269
0 0.902413 0.506557 0.037709 0.192914
0 0.956781 0.512743 0.0586498 0.211425
2 0.211887 0.577287 0.110297 0.286435
2 0.133134 0.529863 0.0774116 0.172477
5 0.470834 0.358814 0.0257484 0.165191
