5 0.742642 0.36564 0.252295 0.528372
5 0.420808 0.355902 0.144207 0.349304
0 0.938841 0.703155 0.121573 0.585009
0 0.0769372 0.658722 0.11314 0.576547
5 0.543892 0.33802 0.119317 0.282927
2 0.233574 0.579419 0.168862 0.283088
0 0.601022 0.694255 0.156349 0.605497
2 0.330087 0.42383 0.0521 0.0922223
5 0.215613 0.31477 0.137239 0.219339
5 0.195015 0.409721 0.134717 0.179371
2 0.133925 0.529739 0.0757428 0.173892
0 0.903771 0.474252 0.0378389 0.129899
5 0.742642 0.36564 0.252295 0.528372
5 0.420808 0.355902 0.144207 0.349304
0 0.938841 0.703155 0.121573 0.585009
0 0.0769372 0.658722 0.11314 0.576547
5 0.543892 0.33802 0.119317 0.282927
2 0.233574 0.579419 0.168862 0.283088
0 0.601022 0.694255 0.156349 0.605497
2 0.330087 0.42383 0.0521 0.0922223
5 0.215613 0.31477 0.137239 0.219339
5 0.195015 0.409721 0.134717 0.179371
2 0.133925 0.529739 0.0757428 0.173892
0 0.903771 0.474252 0.0378389 0.129899
5 0.742642 0.36564 0.252295 0.528372
5 0.420808 0.355902 0.144207 0.349304
0 0.938841 0.703155 0.121573 0.585009
0 0.0769372 0.658722 0.11314 0.576547
5 0.543892 0.33802 0.119317 0.282927
2 0.233574 0.579419 0.168862 0.283088
0 0.601022 0.694255 0.156349 0.605497
2 0.330087 0.42383 0.0521 0.0922223
5 0.215613 0.31477 0.137239 0.219339
5 0.195015 0.409721 0.134717 0.179371
2 0.133925 0.529739 0.0757428 0.173892
0 0.903771 0.474252 0.0378389 0.129899
5 0.742642 0.36564 0.252295 0.528372
5 0.420808 0.355902 0.144207 0.349304
0 0.938841 0.703155 0.121573 0.585009
0 0.0769372 0.658722 0.11314 0.576547
5 0.543892 0.33802 0.119317 0.282927
2 0.233574 0.579419 0.168862 0.283088
0 0.601022 0.694255 0.156349 0.605497
2 0.330087 0.42383 0.0521 0.0922223
5 0.215613 0.31477 0.137239 0.219339
5 0.195015 0.409721 0.134717 0.179371
2 0.133925 0.529739 0.0757428 0.173892
0 0.903771 0.474252 0.0378389 0.129899
5 0.742642 0.36564 0.252295 0.528372
5 0.420808 0.355902 0.144207 0.349304
0 0.938841 0.703155 0.121573 0.585009
0 0.0769372 0.658722 0.11314 0.576547
5 0.543892 0.33802 0.119317 0.282927
2 0.233574 0.579419 0.168862 0.283088
0 0.601022 0.694255 0.156349 0.605497
2 0.330087 0.42383 0.0521 0.0922223
5 0.215613 0.31477 0.137239 0.219339
5 0.195015 0.409721 0.134717 0.179371
2 0.133925 0.529739 0.0757428 0.173892
0 0.903771 0.474252 0.0378389 0.129899
