5 0.741215 0.367351 0.254199 0.529022
5 0.388041 0.343736 0.125228 0.293018
5 0.5416 0.338635 0.12093 0.283375
0 0.0820029 0.678544 0.134125 0.635431
5 0.195102 0.408552 0.130953 0.177156
5 0.219087 0.319044 0.138642 0.228973
0 0.336358 0.722214 0.167135 0.548728
5 0.466022 0.360511 0.0354729 0.164308
2 0.224563 0.577317 0.142303 0.286121
0 0.900834 0.5058 0.036734 0.193204
2 0.315531 0.403987 0.0298285 0.0782455
0 0.916734 0.485244 0.0234427 0.165309
0 0.960542 0.483664 0.0301151 0.161843
0 0.955908 0.541496 0.0588688 0.152315
2 0.142065 0.531618 0.0635447 0.170803
0 0.309071 0.722785 0.111557 0.548822
5 0.741215 0.367351 0.254199 0.529022
5 0.388041 0.343736 0.125228 0.293018
5 0.5416 0.338635 0.12093 0.283375
0 0.0820029 0.678544 0.134125 0.635431
5 0.195102 0.408552 0.130953 0.177156
5 0.219087 0.319044 0.138642 0.228973
0 0.336358 0.722214 0.167135 0.548728
5 0.466022 0.360511 0.0354729 0.164308
2 0.224563 0.577317 0.142303 0.286121
0 0.900834 0.5058 0.036734 0.193204
2 0.315531 0.403987 0.0298285 0.0782455
0 0.916734 0.485244 0.0234427 0.165309
0 0.960542 0.483664 0.0301151 0.161843
0 0.955908 0.541496 0.0588688 0.152315
2 0.142065 0.531618 0.0635447 0.170803
0 0.309071 0.722785 0.111557 0.548822
5 0.741215 0.367351 0.254199 0.529022
5 0.388041 0.343736 0.125228 0.293018
5 0.5416 0.338635 0.12093 0.283375
0 0.0820029 0.678544 0.134125 0.635431
5 0.195102 0.408552 0.130953 0.177156
5 0.219087 0.319044 0.138642 0.228973
0 0.336358 0.722214 0.167135 0.548728
5 0.466022 0.360511 0.0354729 0.164308
2 0.224563 0.577317 0.142303 0.286121
0 0.900834 0.5058 0.036734 0.193204
2 0.315531 0.403987 0.0298285 0.0782455
0 0.916734 0.485244 0.0234427 0.165309
0 0.960542 0.483664 0.0301151 0.161843
0 0.955908 0.541496 0.0588688 0.152315
2 0.142065 0.531618 0.0635447 0.170803
0 0.309071 0.722785 0.111557 0.548822
5 0.741215 0.367351 0.254199 0.529022
5 0.388041 0.343736 0.125228 0.293018
5 0.5416 0.338635 0.12093 0.283375
0 0.0820029 0.678544 0.134125 0.635431
5 0.195102 0.408552 0.130953 0.177156
5 0.219087 0.319044 0.138642 0.228973
0 0.336358 0.722214 0.167135 0.548728
5 0.466022 0.360511 0.0354729 0.164308
2 0.224563 0.577317 0.142303 0.286121
0 0.900834 0.5058 0.036734 0.193204
2 0.315531 0.403987 0.0298285 0.0782455
0 0.916734 0.485244 0.0234427 0.165309
0 0.960542 0.483664 0.0301151 0.161843
0 0.955908 0.541496 0.0588688 0.152315
2 0.142065 0.531618 0.0635447 0.170803
0 0.309071 0.722785 0.111557 0.548822
5 0.741215 0.367351 0.254199 0.529022
5 0.388041 0.343736 0.125228 0.293018
5 0.5416 0.338635 0.12093 0.283375
0 0.0820029 0.678544 0.134125 0.635431
5 0.195102 0.408552 0.130953 0.177156
5 0.219087 0.319044 0.138642 0.228973
0 0.336358 0.722214 0.167135 0.548728
5 0.466022 0.360511 0.0354729 0.164308
2 0.224563 0.577317 0.142303 0.286121
0 0.900834 0.5058 0.036734 0.193204
2 0.315531 0.403987 0.0298285 0.0782455
0 0.916734 0.485244 0.0234427 0.165309
0 0.960542 0.483664 0.0301151 0.161843
0 0.955908 0.541496 0.0588688 0.152315
2 0.142065 0.531618 0.0635447 0.170803
0 0.309071 0.722785 0.111557 0.548822
0 0.0338897 0.936914 0.0670789 0.117515
2 0.0899056 0.530671 0.167151 0.173152
