5 0.74098 0.366844 0.252473 0.530072
5 0.366714 0.334794 0.102251 0.266517
5 0.54214 0.338627 0.121387 0.283561
2 0.235892 0.577868 0.166324 0.285516
0 0.902492 0.506638 0.0388989 0.192309
5 0.219268 0.325152 0.136542 0.238997
0 0.119368 0.711224 0.0706061 0.569312
0 0.956073 0.523744 0.0595041 0.188254
5 0.465159 0.36069 0.0368796 0.165899
0 0.0614803 0.679759 0.121021 0.629809
0 0.946903 0.492488 0.0363459 0.179844
5 0.195521 0.409912 0.132498 0.176436
2 0.43574 0.346208 0.0316034 0.0602576
2 0.312809 0.390204 0.0203244 0.0744408
5 0.74098 0.366844 0.252473 0.530072
5 0.366714 0.334794 0.102251 0.266517
5 0.54214 0.338627 0.121387 0.283561
2 0.235892 0.577868 0.166324 0.285516
0 0.902492 0.506638 0.0388989 0.192309
5 0.219268 0.325152 0.136542 0.238997
0 0.119368 0.711224 0.0706061 0.569312
0 0.956073 0.523744 0.0595041 0.188254
5 0.465159 0.36069 0.0368796 0.165899
0 0.0614803 0.679759 0.121021 0.629809
0 0.946903 0.492488 0.0363459 0.179844
5 0.195521 0.409912 0.132498 0.176436
2 0.43574 0.346208 0.0316034 0.0602576
2 0.312809 0.390204 0.0203244 0.0744408
5 0.74098 0.366844 0.252473 0.530072
5 0.366714 0.334794 0.102251 0.266517
5 0.54214 0.338627 0.121387 0.283561
2 0.235892 0.577868 0.166324 0.285516
0 0.902492 0.506638 0.0388989 0.192309
5 0.219268 0.325152 0.136542 0.238997
0 0.119368 0.711224 0.0706061 0.569312
0 0.956073 0.523744 0.0595041 0.188254
5 0.465159 0.36069 0.0368796 0.165899
0 0.0614803 0.679759 0.121021 0.629809
0 0.946903 0.492488 0.0363459 0.179844
5 0.195521 0.409912 0.132498 0.176436
2 0.43574 0.346208 0.0316034 0.0602576
2 0.312809 0.390204 0.0203244 0.0744408
5 0.74098 0.366844 0.252473 0.530072
5 0.366714 0.334794 0.102251 0.266517
5 0.54214 0.338627 0.121387 0.283561
2 0.235892 0.577868 0.166324 0.285516
0 0.902492 0.506638 0.0388989 0.192309
5 0.219268 0.325152 0.136542 0.238997
0 0.119368 0.711224 0.0706061 0.569312
0 0.956073 0.523744 0.0595041 0.188254
5 0.465159 0.36069 0.0368796 0.165899
0 0.0614803 0.679759 0.121021 0.629809
0 0.946903 0.492488 0.0363459 0.179844
5 0.195521 0.409912 0.132498 0.176436
2 0.43574 0.346208 0.0316034 0.0602576
2 0.312809 0.390204 0.0203244 0.0744408
5 0.74098 0.366844 0.252473 0.530072
5 0.366714 0.334794 0.102251 0.266517
5 0.54214 0.338627 0.121387 0.283561
2 0.235892 0.577868 0.166324 0.285516
0 0.902492 0.506638 0.0388989 0.192309
5 0.219268 0.325152 0.136542 0.238997
0 0.119368 0.711224 0.0706061 0.569312
0 0.956073 0.523744 0.0595041 0.188254
5 0.465159 0.36069 0.0368796 0.165899
0 0.0614803 0.679759 0.121021 0.629809
0 0.946903 0.492488 0.0363459 0.179844
5 0.195521 0.409912 0.132498 0.176436
2 0.43574 0.346208 0.0316034 0.0602576
2 0.312809 0.390204 0.0203244 0.0744408
2 0.142103 0.533866 0.0634514 0.166749
0 0.421804 0.368792 0.0124308 0.0789569
0 0.0339952 0.936782 0.0672752 0.117569
