5 0.587557 0.570041 0.823735 0.479951
5 0.127797 0.594557 0.107376 0.192162
5 0.0380223 0.596113 0.0757914 0.173274
0 0.0651531 0.659422 0.0259376 0.139464
0 0.0819937 0.654311 0.0191594 0.122001
0 0.117051 0.646267 0.0356471 0.136511
0 0.602534 0.527949 0.0336756 0.112129
0 0.307682 0.529829 0.022071 0.0475402
0 0.658634 0.495522 0.0300991 0.0801897
5 0.587557 0.570041 0.823735 0.479951
5 0.127797 0.594557 0.107376 0.192162
5 0.0380223 0.596113 0.0757914 0.173274
0 0.0651531 0.659422 0.0259376 0.139464
0 0.0819937 0.654311 0.0191594 0.122001
0 0.117051 0.646267 0.0356471 0.136511
0 0.602534 0.527949 0.0336756 0.112129
0 0.307682 0.529829 0.022071 0.0475402
0 0.658634 0.495522 0.0300991 0.0801897
5 0.587557 0.570041 0.823735 0.479951
5 0.127797 0.594557 0.107376 0.192162
5 0.0380223 0.596113 0.0757914 0.173274
0 0.0651531 0.659422 0.0259376 0.139464
0 0.0819937 0.654311 0.0191594 0.122001
0 0.117051 0.646267 0.0356471 0.136511
0 0.602534 0.527949 0.0336756 0.112129
0 0.307682 0.529829 0.022071 0.0475402
0 0.658634 0.495522 0.0300991 0.0801897
5 0.587557 0.570041 0.823735 0.479951
5 0.127797 0.594557 0.107376 0.192162
5 0.0380223 0.596113 0.0757914 0.173274
0 0.0651531 0.659422 0.0259376 0.139464
0 0.0819937 0.654311 0.0191594 0.122001
0 0.117051 0.646267 0.0356471 0.136511
0 0.602534 0.527949 0.0336756 0.112129
0 0.307682 0.529829 0.022071 0.0475402
0 0.658634 0.495522 0.0300991 0.0801897
5 0.587557 0.570041 0.823735 0.479951
5 0.127797 0.594557 0.107376 0.192162
5 0.0380223 0.596113 0.0757914 0.173274
0 0.0651531 0.659422 0.0259376 0.139464
0 0.0819937 0.654311 0.0191594 0.122001
0 0.117051 0.646267 0.0356471 0.136511
0 0.602534 0.527949 0.0336756 0.112129
0 0.307682 0.529829 0.022071 0.0475402
0 0.658634 0.495522 0.0300991 0.0801897
0 0.416217 0.502723 0.0299924 0.090104
0 0.9856 0.777457 0.0279474 0.174859
