5 0.741254 0.367443 0.256487 0.531409
0 0.0718323 0.67833 0.143358 0.631536
5 0.401926 0.311626 0.13869 0.224203
5 0.541273 0.338657 0.123725 0.283882
2 0.223847 0.578951 0.187638 0.283332
0 0.958056 0.522987 0.0591103 0.190735
0 0.90306 0.507337 0.038031 0.19399
5 0.215454 0.313996 0.136952 0.218123
5 0.46345 0.359156 0.0397809 0.165493
2 0.321834 0.361156 0.0323892 0.067002
0 0.946966 0.494393 0.0345432 0.180142
0 0.148205 0.668462 0.11548 0.481855
5 0.741254 0.367443 0.256487 0.531409
0 0.0718323 0.67833 0.143358 0.631536
5 0.401926 0.311626 0.13869 0.224203
5 0.541273 0.338657 0.123725 0.283882
2 0.223847 0.578951 0.187638 0.283332
0 0.958056 0.522987 0.0591103 0.190735
0 0.90306 0.507337 0.038031 0.19399
5 0.215454 0.313996 0.136952 0.218123
5 0.46345 0.359156 0.0397809 0.165493
2 0.321834 0.361156 0.0323892 0.067002
0 0.946966 0.494393 0.0345432 0.180142
0 0.148205 0.668462 0.11548 0.481855
5 0.741254 0.367443 0.256487 0.531409
0 0.0718323 0.67833 0.143358 0.631536
5 0.401926 0.311626 0.13869 0.224203
5 0.541273 0.338657 0.123725 0.283882
2 0.223847 0.578951 0.187638 0.283332
0 0.958056 0.522987 0.0591103 0.190735
0 0.90306 0.507337 0.038031 0.19399
5 0.215454 0.313996 0.136952 0.218123
5 0.46345 0.359156 0.0397809 0.165493
2 0.321834 0.361156 0.0323892 0.067002
0 0.946966 0.494393 0.0345432 0.180142
0 0.148205 0.668462 0.11548 0.481855
5 0.741254 0.367443 0.256487 0.531409
0 0.0718323 0.67833 0.143358 0.631536
5 0.401926 0.311626 0.13869 0.224203
5 0.541273 0.338657 0.123725 0.283882
2 0.223847 0.578951 0.187638 0.283332
0 0.958056 0.522987 0.0591103 0.190735
0 0.90306 0.507337 0.038031 0.19399
5 0.215454 0.313996 0.136952 0.218123
5 0.46345 0.359156 0.0397809 0.165493
2 0.321834 0.361156 0.0323892 0.067002
0 0.946966 0.494393 0.0345432 0.180142
0 0.148205 0.668462 0.11548 0.481855
5 0.741254 0.367443 0.256487 0.531409
0 0.0718323 0.67833 0.143358 0.631536
5 0.401926 0.311626 0.13869 0.224203
5 0.541273 0.338657 0.123725 0.283882
2 0.223847 0.578951 0.187638 0.283332
0 0.958056 0.522987 0.0591103 0.190735
0 0.90306 0.507337 0.038031 0.19399
5 0.215454 0.313996 0.136952 0.218123
5 0.46345 0.359156 0.0397809 0.165493
2 0.321834 0.361156 0.0323892 0.067002
0 0.946966 0.494393 0.0345432 0.180142
0 0.148205 0.668462 0.11548 0.481855
5 0.194463 0.466497 0.141366 0.293787
2 0.193679 0.468451 0.139266 0.297416
0 0.0327509 0.938122 0.0646795 0.114676
