0 0.615569 0.817819 0.0968805 0.346688
5 0.888121 0.629908 0.212329 0.16675
5 0.196454 0.656319 0.209037 0.197786
5 0.473776 0.644755 0.0959843 0.17802
5 0.361802 0.644831 0.125157 0.176601
5 0.0469472 0.664528 0.0934793 0.187973
0 0.236647 0.717524 0.024155 0.137424
0 0.0485285 0.716175 0.0284068 0.112433
0 0.133706 0.707132 0.0246335 0.134273
0 0.840789 0.671851 0.0205385 0.093407
0 0.75409 0.662188 0.0124174 0.0687008
0 0.0899754 0.718789 0.0243819 0.11361
0 0.252216 0.715746 0.0204421 0.128069
5 0.558902 0.635499 0.0707691 0.0766235
0 0.727022 0.658119 0.010905 0.0526939
0 0.312056 0.691244 0.0194966 0.122588
0 0.403106 0.69314 0.0147243 0.0941878
0 0.714663 0.657728 0.0105771 0.054012
0 0.615569 0.817819 0.0968805 0.346688
5 0.888121 0.629908 0.212329 0.16675
5 0.196454 0.656319 0.209037 0.197786
5 0.473776 0.644755 0.0959843 0.17802
5 0.361802 0.644831 0.125157 0.176601
5 0.0469472 0.664528 0.0934793 0.187973
0 0.236647 0.717524 0.024155 0.137424
0 0.0485285 0.716175 0.0284068 0.112433
0 0.133706 0.707132 0.0246335 0.134273
0 0.840789 0.671851 0.0205385 0.093407
0 0.75409 0.662188 0.0124174 0.0687008
0 0.0899754 0.718789 0.0243819 0.11361
0 0.252216 0.715746 0.0204421 0.128069
5 0.558902 0.635499 0.0707691 0.0766235
0 0.727022 0.658119 0.010905 0.0526939
0 0.312056 0.691244 0.0194966 0.122588
0 0.403106 0.69314 0.0147243 0.0941878
0 0.714663 0.657728 0.0105771 0.054012
0 0.615569 0.817819 0.0968805 0.346688
5 0.888121 0.629908 0.212329 0.16675
5 0.196454 0.656319 0.209037 0.197786
5 0.473776 0.644755 0.0959843 0.17802
5 0.361802 0.644831 0.125157 0.176601
5 0.0469472 0.664528 0.0934793 0.187973
0 0.236647 0.717524 0.024155 0.137424
0 0.0485285 0.716175 0.0284068 0.112433
0 0.133706 0.707132 0.0246335 0.134273
0 0.840789 0.671851 0.0205385 0.093407
0 0.75409 0.662188 0.0124174 0.0687008
0 0.0899754 0.718789 0.0243819 0.11361
0 0.252216 0.715746 0.0204421 0.128069
5 0.558902 0.635499 0.0707691 0.0766235
0 0.727022 0.658119 0.010905 0.0526939
0 0.312056 0.691244 0.0194966 0.122588
0 0.403106 0.69314 0.0147243 0.0941878
0 0.714663 0.657728 0.0105771 0.054012
0 0.615569 0.817819 0.0968805 0.346688
5 0.888121 0.629908 0.212329 0.16675
5 0.196454 0.656319 0.209037 0.197786
5 0.473776 0.644755 0.0959843 0.17802
5 0.361802 0.644831 0.125157 0.176601
5 0.0469472 0.664528 0.0934793 0.187973
0 0.236647 0.717524 0.024155 0.137424
0 0.0485285 0.716175 0.0284068 0.112433
0 0.133706 0.707132 0.0246335 0.134273
0 0.840789 0.671851 0.0205385 0.093407
0 0.75409 0.662188 0.0124174 0.0687008
0 0.0899754 0.718789 0.0243819 0.11361
0 0.252216 0.715746 0.0204421 0.128069
5 0.558902 0.635499 0.0707691 0.0766235
0 0.727022 0.658119 0.010905 0.0526939
0 0.312056 0.691244 0.0194966 0.122588
0 0.403106 0.69314 0.0147243 0.0941878
0 0.714663 0.657728 0.0105771 0.054012
0 0.615569 0.817819 0.0968805 0.346688
5 0.888121 0.629908 0.212329 0.16675
5 0.196454 0.656319 0.209037 0.197786
5 0.473776 0.644755 0.0959843 0.17802
5 0.361802 0.644831 0.125157 0.176601
5 0.0469472 0.664528 0.0934793 0.187973
0 0.236647 0.717524 0.024155 0.137424
0 0.0485285 0.716175 0.0284068 0.112433
0 0.133706 0.707132 0.0246335 0.134273
0 0.840789 0.671851 0.0205385 0.093407
0 0.75409 0.662188 0.0124174 0.0687008
0 0.0899754 0.718789 0.0243819 0.11361
0 0.252216 0.715746 0.0204421 0.128069
5 0.558902 0.635499 0.0707691 0.0766235
0 0.727022 0.658119 0.010905 0.0526939
0 0.312056 0.691244 0.0194966 0.122588
0 0.403106 0.69314 0.0147243 0.0941878
0 0.714663 0.657728 0.0105771 0.054012
0 0.811878 0.662041 0.0129791 0.0639138
0 0.391297 0.690698 0.0175721 0.105675
5 0.0724099 0.447133 0.142601 0.0613259
0 0.697766 0.651385 0.0117771 0.0648985
0 0.396179 0.69135 0.0263571 0.106691
