5 0.742159 0.366222 0.251002 0.529484
5 0.42358 0.361044 0.196651 0.406395
2 0.622119 0.573505 0.182415 0.20599
2 0.233791 0.577149 0.168158 0.285642
5 0.553994 0.336623 0.0961703 0.278807
0 0.0832253 0.656708 0.107845 0.579585
0 0.899977 0.507972 0.0335083 0.191839
5 0.194154 0.411812 0.135725 0.179818
2 0.983108 0.693185 0.0329597 0.25036
0 0.921332 0.509268 0.0239147 0.174557
0 0.959279 0.52845 0.0589165 0.180744
0 0.0254748 0.616564 0.0507056 0.359204
0 0.952574 0.481553 0.0319799 0.156166
5 0.742159 0.366222 0.251002 0.529484
5 0.42358 0.361044 0.196651 0.406395
2 0.622119 0.573505 0.182415 0.20599
2 0.233791 0.577149 0.168158 0.285642
5 0.553994 0.336623 0.0961703 0.278807
0 0.0832253 0.656708 0.107845 0.579585
0 0.899977 0.507972 0.0335083 0.191839
5 0.194154 0.411812 0.135725 0.179818
2 0.983108 0.693185 0.0329597 0.25036
0 0.921332 0.509268 0.0239147 0.174557
0 0.959279 0.52845 0.0589165 0.180744
0 0.0254748 0.616564 0.0507056 0.359204
0 0.952574 0.481553 0.0319799 0.156166
5 0.742159 0.366222 0.251002 0.529484
5 0.42358 0.361044 0.196651 0.406395
2 0.622119 0.573505 0.182415 0.20599
2 0.233791 0.577149 0.168158 0.285642
5 0.553994 0.336623 0.0961703 0.278807
0 0.0832253 0.656708 0.107845 0.579585
0 0.899977 0.507972 0.0335083 0.191839
5 0.194154 0.411812 0.135725 0.179818
2 0.983108 0.693185 0.0329597 0.25036
0 0.921332 0.509268 0.0239147 0.174557
0 0.959279 0.52845 0.0589165 0.180744
0 0.0254748 0.616564 0.0507056 0.359204
0 0.952574 0.481553 0.0319799 0.156166
5 0.742159 0.366222 0.251002 0.529484
5 0.42358 0.361044 0.196651 0.406395
2 0.622119 0.573505 0.182415 0.20599
2 0.233791 0.577149 0.168158 0.285642
5 0.553994 0.336623 0.0961703 0.278807
0 0.0832253 0.656708 0.107845 0.579585
0 0.899977 0.507972 0.0335083 0.191839
5 0.194154 0.411812 0.135725 0.179818
2 0.983108 0.693185 0.0329597 0.25036
0 0.921332 0.509268 0.0239147 0.174557
0 0.959279 0.52845 0.0589165 0.180744
0 0.0254748 0.616564 0.0507056 0.359204
0 0.952574 0.481553 0.0319799 0.156166
5 0.742159 0.366222 0.251002 0.529484
5 0.42358 0.361044 0.196651 0.406395
2 0.622119 0.573505 0.182415 0.20599
2 0.233791 0.577149 0.168158 0.285642
5 0.553994 0.336623 0.0961703 0.278807
0 0.0832253 0.656708 0.107845 0.579585
0 0.899977 0.507972 0.0335083 0.191839
5 0.194154 0.411812 0.135725 0.179818
2 0.983108 0.693185 0.0329597 0.25036
0 0.921332 0.509268 0.0239147 0.174557
0 0.959279 0.52845 0.0589165 0.180744
0 0.0254748 0.616564 0.0507056 0.359204
0 0.952574 0.481553 0.0319799 0.156166
2 0.135082 0.531339 0.0709086 0.16758
