5 0.879768 0.608892 0.209406 0.163023
5 0.190668 0.636113 0.212093 0.198281
0 0.345188 0.803619 0.0999771 0.390857
5 0.482756 0.624049 0.0823234 0.155031
5 0.355 0.622681 0.123403 0.170489
5 0.0436336 0.639068 0.0868576 0.184065
0 0.872321 0.655231 0.035326 0.118749
0 0.594778 0.673205 0.0349546 0.113926
0 0.41445 0.680987 0.0222363 0.111324
0 0.229735 0.696476 0.0244434 0.136158
0 0.126036 0.686774 0.0227782 0.136088
0 0.0553976 0.687874 0.0202431 0.105789
0 0.0832631 0.694001 0.0242895 0.127868
0 0.244965 0.694127 0.0214445 0.129982
0 0.663461 0.653457 0.0158739 0.0916681
0 0.695187 0.637834 0.0132272 0.0635505
5 0.429995 0.622504 0.0311119 0.107534
0 0.760261 0.644982 0.0161018 0.0752909
5 0.5528 0.61381 0.0630388 0.0832601
0 0.77395 0.646277 0.0153699 0.0707348
0 0.304329 0.671622 0.0248758 0.124625
0 0.158385 0.6944 0.0291589 0.12931
0 0.803238 0.648864 0.0143048 0.0696796
5 0.879768 0.608892 0.209406 0.163023
5 0.190668 0.636113 0.212093 0.198281
0 0.345188 0.803619 0.0999771 0.390857
5 0.482756 0.624049 0.0823234 0.155031
5 0.355 0.622681 0.123403 0.170489
5 0.0436336 0.639068 0.0868576 0.184065
0 0.872321 0.655231 0.035326 0.118749
0 0.594778 0.673205 0.0349546 0.113926
0 0.41445 0.680987 0.0222363 0.111324
0 0.229735 0.696476 0.0244434 0.136158
0 0.126036 0.686774 0.0227782 0.136088
0 0.0553976 0.687874 0.0202431 0.105789
0 0.0832631 0.694001 0.0242895 0.127868
0 0.244965 0.694127 0.0214445 0.129982
0 0.663461 0.653457 0.0158739 0.0916681
0 0.695187 0.637834 0.0132272 0.0635505
5 0.429995 0.622504 0.0311119 0.107534
0 0.760261 0.644982 0.0161018 0.0752909
5 0.5528 0.61381 0.0630388 0.0832601
0 0.77395 0.646277 0.0153699 0.0707348
0 0.304329 0.671622 0.0248758 0.124625
0 0.158385 0.6944 0.0291589 0.12931
0 0.803238 0.648864 0.0143048 0.0696796
5 0.879768 0.608892 0.209406 0.163023
5 0.190668 0.636113 0.212093 0.198281
0 0.345188 0.803619 0.0999771 0.390857
5 0.482756 0.624049 0.0823234 0.155031
5 0.355 0.622681 0.123403 0.170489
5 0.0436336 0.639068 0.0868576 0.184065
0 0.872321 0.655231 0.035326 0.118749
0 0.594778 0.673205 0.0349546 0.113926
0 0.41445 0.680987 0.0222363 0.111324
0 0.229735 0.696476 0.0244434 0.136158
0 0.126036 0.686774 0.0227782 0.136088
0 0.0553976 0.687874 0.0202431 0.105789
0 0.0832631 0.694001 0.0242895 0.127868
0 0.244965 0.694127 0.0214445 0.129982
0 0.663461 0.653457 0.0158739 0.0916681
0 0.695187 0.637834 0.0132272 0.0635505
5 0.429995 0.622504 0.0311119 0.107534
0 0.760261 0.644982 0.0161018 0.0752909
5 0.5528 0.61381 0.0630388 0.0832601
0 0.77395 0.646277 0.0153699 0.0707348
0 0.304329 0.671622 0.0248758 0.124625
0 0.158385 0.6944 0.0291589 0.12931
0 0.803238 0.648864 0.0143048 0.0696796
5 0.879768 0.608892 0.209406 0.163023
5 0.190668 0.636113 0.212093 0.198281
0 0.345188 0.803619 0.0999771 0.390857
5 0.482756 0.624049 0.0823234 0.155031
5 0.355 0.622681 0.123403 0.170489
5 0.0436336 0.639068 0.0868576 0.184065
0 0.872321 0.655231 0.035326 0.118749
0 0.594778 0.673205 0.0349546 0.113926
0 0.41445 0.680987 0.0222363 0.111324
0 0.229735 0.696476 0.0244434 0.136158
0 0.126036 0.686774 0.0227782 0.136088
0 0.0553976 0.687874 0.0202431 0.105789
0 0.0832631 0.694001 0.0242895 0.127868
0 0.244965 0.694127 0.0214445 0.129982
0 0.663461 0.653457 0.0158739 0.0916681
0 0.695187 0.637834 0.0132272 0.0635505
5 0.429995 0.622504 0.0311119 0.107534
0 0.760261 0.644982 0.0161018 0.0752909
5 0.5528 0.61381 0.0630388 0.0832601
0 0.77395 0.646277 0.0153699 0.0707348
0 0.304329 0.671622 0.0248758 0.124625
0 0.158385 0.6944 0.0291589 0.12931
0 0.803238 0.648864 0.0143048 0.0696796
5 0.879768 0.608892 0.209406 0.163023
5 0.190668 0.636113 0.212093 0.198281
0 0.345188 0.803619 0.0999771 0.390857
5 0.482756 0.624049 0.0823234 0.155031
5 0.355 0.622681 0.123403 0.170489
5 0.0436336 0.639068 0.0868576 0.184065
0 0.872321 0.655231 0.035326 0.118749
0 0.594778 0.673205 0.0349546 0.113926
0 0.41445 0.680987 0.0222363 0.111324
0 0.229735 0.696476 0.0244434 0.136158
0 0.126036 0.686774 0.0227782 0.136088
0 0.0553976 0.687874 0.0202431 0.105789
0 0.0832631 0.694001 0.0242895 0.127868
0 0.244965 0.694127 0.0214445 0.129982
0 0.663461 0.653457 0.0158739 0.0916681
0 0.695187 0.637834 0.0132272 0.0635505
5 0.429995 0.622504 0.0311119 0.107534
0 0.760261 0.644982 0.0161018 0.0752909
5 0.5528 0.61381 0.0630388 0.0832601
0 0.77395 0.646277 0.0153699 0.0707348
0 0.304329 0.671622 0.0248758 0.124625
0 0.158385 0.6944 0.0291589 0.12931
0 0.803238 0.648864 0.0143048 0.0696796
0 0.0732659 0.686313 0.0170696 0.111943
0 0.149158 0.691013 0.0160958 0.12491
0 0.793213 0.648771 0.0138366 0.07167
5 0.293778 0.444182 0.265622 0.0742825
0 0.72451 0.64036 0.0109177 0.0574884
