5 0.560572 0.362725 0.30622 0.618335
5 0.780732 0.367607 0.174745 0.530626
2 0.233742 0.577205 0.168501 0.284599
0 0.0329405 0.610338 0.0655697 0.361439
5 0.196109 0.411731 0.140654 0.178997
0 0.957445 0.531553 0.0585516 0.173794
2 0.982691 0.698296 0.0338121 0.262519
0 0.902703 0.507349 0.0357487 0.191941
2 0.122561 0.531143 0.0920225 0.173264
0 0.949632 0.488513 0.0414276 0.17187
5 0.560572 0.362725 0.30622 0.618335
5 0.780732 0.367607 0.174745 0.530626
2 0.233742 0.577205 0.168501 0.284599
0 0.0329405 0.610338 0.0655697 0.361439
5 0.196109 0.411731 0.140654 0.178997
0 0.957445 0.531553 0.0585516 0.173794
2 0.982691 0.698296 0.0338121 0.262519
0 0.902703 0.507349 0.0357487 0.191941
2 0.122561 0.531143 0.0920225 0.173264
0 0.949632 0.488513 0.0414276 0.17187
5 0.560572 0.362725 0.30622 0.618335
5 0.780732 0.367607 0.174745 0.530626
2 0.233742 0.577205 0.168501 0.284599
0 0.0329405 0.610338 0.0655697 0.361439
5 0.196109 0.411731 0.140654 0.178997
0 0.957445 0.531553 0.0585516 0.173794
2 0.982691 0.698296 0.0338121 0.262519
0 0.902703 0.507349 0.0357487 0.191941
2 0.122561 0.531143 0.0920225 0.173264
0 0.949632 0.488513 0.0414276 0.17187
5 0.560572 0.362725 0.30622 0.618335
5 0.780732 0.367607 0.174745 0.530626
2 0.233742 0.577205 0.168501 0.284599
0 0.0329405 0.610338 0.0655697 0.361439
5 0.196109 0.411731 0.140654 0.178997
0 0.957445 0.531553 0.0585516 0.173794
2 0.982691 0.698296 0.0338121 0.262519
0 0.902703 0.507349 0.0357487 0.191941
2 0.122561 0.531143 0.0920225 0.173264
0 0.949632 0.488513 0.0414276 0.17187
5 0.560572 0.362725 0.30622 0.618335
5 0.780732 0.367607 0.174745 0.530626
2 0.233742 0.577205 0.168501 0.284599
0 0.0329405 0.610338 0.0655697 0.361439
5 0.196109 0.411731 0.140654 0.178997
0 0.957445 0.531553 0.0585516 0.173794
2 0.982691 0.698296 0.0338121 0.262519
0 0.902703 0.507349 0.0357487 0.191941
2 0.122561 0.531143 0.0920225 0.173264
0 0.949632 0.488513 0.0414276 0.17187
2 0.395783 0.465528 0.0380769 0.144054
0 0.0327594 0.938257 0.0650848 0.115904
2 0.394451 0.443014 0.0383643 0.103268
0 0.917572 0.509574 0.0188663 0.178301
