5 0.613875 0.360651 0.322754 0.696422
2 0.394388 0.516255 0.105986 0.150175
2 0.240853 0.577936 0.157538 0.283939
0 0.774253 0.672426 0.128467 0.646624
0 0.884903 0.683038 0.160729 0.627779
0 0.659077 0.703506 0.117797 0.584477
5 0.816651 0.298042 0.0996937 0.391748
0 0.0886896 0.737714 0.106125 0.513725
5 0.230393 0.320015 0.114374 0.236366
5 0.201166 0.410404 0.143797 0.18301
0 0.902501 0.505663 0.0384832 0.195025
2 0.401251 0.406499 0.0569422 0.0748304
0 0.441339 0.442971 0.0313423 0.0940299
0 0.95442 0.484004 0.0377741 0.166789
0 0.0949216 0.570879 0.0989788 0.377301
2 0.42478 0.420303 0.0634478 0.0623722
5 0.613875 0.360651 0.322754 0.696422
2 0.394388 0.516255 0.105986 0.150175
2 0.240853 0.577936 0.157538 0.283939
0 0.774253 0.672426 0.128467 0.646624
0 0.884903 0.683038 0.160729 0.627779
0 0.659077 0.703506 0.117797 0.584477
5 0.816651 0.298042 0.0996937 0.391748
0 0.0886896 0.737714 0.106125 0.513725
5 0.230393 0.320015 0.114374 0.236366
5 0.201166 0.410404 0.143797 0.18301
0 0.902501 0.505663 0.0384832 0.195025
2 0.401251 0.406499 0.0569422 0.0748304
0 0.441339 0.442971 0.0313423 0.0940299
0 0.95442 0.484004 0.0377741 0.166789
0 0.0949216 0.570879 0.0989788 0.377301
2 0.42478 0.420303 0.0634478 0.0623722
5 0.613875 0.360651 0.322754 0.696422
2 0.394388 0.516255 0.105986 0.150175
2 0.240853 0.577936 0.157538 0.283939
0 0.774253 0.672426 0.128467 0.646624
0 0.884903 0.683038 0.160729 0.627779
0 0.659077 0.703506 0.117797 0.584477
5 0.816651 0.298042 0.0996937 0.391748
0 0.0886896 0.737714 0.106125 0.513725
5 0.230393 0.320015 0.114374 0.236366
5 0.201166 0.410404 0.143797 0.18301
0 0.902501 0.505663 0.0384832 0.195025
2 0.401251 0.406499 0.0569422 0.0748304
0 0.441339 0.442971 0.0313423 0.0940299
0 0.95442 0.484004 0.0377741 0.166789
0 0.0949216 0.570879 0.0989788 0.377301
2 0.42478 0.420303 0.0634478 0.0623722
5 0.613875 0.360651 0.322754 0.696422
2 0.394388 0.516255 0.105986 0.150175
2 0.240853 0.577936 0.157538 0.283939
0 0.774253 0.672426 0.128467 0.646624
0 0.884903 0.683038 0.160729 0.627779
0 0.659077 0.703506 0.117797 0.584477
5 0.816651 0.298042 0.0996937 0.391748
0 0.0886896 0.737714 0.106125 0.513725
5 0.230393 0.320015 0.114374 0.236366
5 0.201166 0.410404 0.143797 0.18301
0 0.902501 0.505663 0.0384832 0.195025
2 0.401251 0.406499 0.0569422 0.0748304
0 0.441339 0.442971 0.0313423 0.0940299
0 0.95442 0.484004 0.0377741 0.166789
0 0.0949216 0.570879 0.0989788 0.377301
2 0.42478 0.420303 0.0634478 0.0623722
5 0.613875 0.360651 0.322754 0.696422
2 0.394388 0.516255 0.105986 0.150175
2 0.240853 0.577936 0.157538 0.283939
0 0.774253 0.672426 0.128467 0.646624
0 0.884903 0.683038 0.160729 0.627779
0 0.659077 0.703506 0.117797 0.584477
5 0.816651 0.298042 0.0996937 0.391748
0 0.0886896 0.737714 0.106125 0.513725
5 0.230393 0.320015 0.114374 0.236366
5 0.201166 0.410404 0.143797 0.18301
0 0.902501 0.505663 0.0384832 0.195025
2 0.401251 0.406499 0.0569422 0.0748304
0 0.441339 0.442971 0.0313423 0.0940299
0 0.95442 0.484004 0.0377741 0.166789
0 0.0949216 0.570879 0.0989788 0.377301
2 0.42478 0.420303 0.0634478 0.0623722
0 0.0339206 0.936354 0.0670959 0.117487
0 0.912218 0.485876 0.0223434 0.157033
0 0.95605 0.51408 0.0579277 0.207361
2 0.392133 0.353479 0.0440017 0.037823
