5 0.74294 0.362849 0.254177 0.528986
0 0.0695424 0.673924 0.138926 0.637687
5 0.452691 0.30071 0.0722246 0.205893
2 0.238554 0.568427 0.164552 0.279122
5 0.543368 0.33408 0.120722 0.2825
5 0.220941 0.316441 0.137208 0.232598
0 0.902806 0.501583 0.0370201 0.191979
0 0.958201 0.518836 0.0580944 0.186874
5 0.467275 0.355221 0.0372679 0.167518
0 0.154017 0.779013 0.0721306 0.434175
5 0.198271 0.405486 0.13442 0.175903
0 0.94601 0.489616 0.0296448 0.182719
2 0.142228 0.526118 0.0651768 0.170577
5 0.74294 0.362849 0.254177 0.528986
0 0.0695424 0.673924 0.138926 0.637687
5 0.452691 0.30071 0.0722246 0.205893
2 0.238554 0.568427 0.164552 0.279122
5 0.543368 0.33408 0.120722 0.2825
5 0.220941 0.316441 0.137208 0.232598
0 0.902806 0.501583 0.0370201 0.191979
0 0.958201 0.518836 0.0580944 0.186874
5 0.467275 0.355221 0.0372679 0.167518
0 0.154017 0.779013 0.0721306 0.434175
5 0.198271 0.405486 0.13442 0.175903
0 0.94601 0.489616 0.0296448 0.182719
2 0.142228 0.526118 0.0651768 0.170577
5 0.74294 0.362849 0.254177 0.528986
0 0.0695424 0.673924 0.138926 0.637687
5 0.452691 0.30071 0.0722246 0.205893
2 0.238554 0.568427 0.164552 0.279122
5 0.543368 0.33408 0.120722 0.2825
5 0.220941 0.316441 0.137208 0.232598
0 0.902806 0.501583 0.0370201 0.191979
0 0.958201 0.518836 0.0580944 0.186874
5 0.467275 0.355221 0.0372679 0.167518
0 0.154017 0.779013 0.0721306 0.434175
5 0.198271 0.405486 0.13442 0.175903
0 0.94601 0.489616 0.0296448 0.182719
2 0.142228 0.526118 0.0651768 0.170577
5 0.74294 0.362849 0.254177 0.528986
0 0.0695424 0.673924 0.138926 0.637687
5 0.452691 0.30071 0.0722246 0.205893
2 0.238554 0.568427 0.164552 0.279122
5 0.543368 0.33408 0.120722 0.2825
5 0.220941 0.316441 0.137208 0.232598
0 0.902806 0.501583 0.0370201 0.191979
0 0.958201 0.518836 0.0580944 0.186874
5 0.467275 0.355221 0.0372679 0.167518
0 0.154017 0.779013 0.0721306 0.434175
5 0.198271 0.405486 0.13442 0.175903
0 0.94601 0.489616 0.0296448 0.182719
2 0.142228 0.526118 0.0651768 0.170577
5 0.74294 0.362849 0.254177 0.528986
0 0.0695424 0.673924 0.138926 0.637687
5 0.452691 0.30071 0.0722246 0.205893
2 0.238554 0.568427 0.164552 0.279122
5 0.543368 0.33408 0.120722 0.2825
5 0.220941 0.316441 0.137208 0.232598
0 0.902806 0.501583 0.0370201 0.191979
0 0.958201 0.518836 0.0580944 0.186874
5 0.467275 0.355221 0.0372679 0.167518
0 0.154017 0.779013 0.0721306 0.434175
5 0.198271 0.405486 0.13442 0.175903
0 0.94601 0.489616 0.0296448 0.182719
2 0.142228 0.526118 0.0651768 0.170577
0 0.0357067 0.932039 0.070635 0.126206
0 0.0267616 0.577197 0.0535232 0.340519
