5 0.141273 0.4065 0.280636 0.806348
5 0.742941 0.367769 0.250016 0.530442
2 0.536229 0.626004 0.203167 0.27831
5 0.314096 0.358847 0.0907406 0.328829
0 0.101347 0.655132 0.101303 0.585251
5 0.540922 0.328112 0.12434 0.263145
2 0.60299 0.545426 0.157904 0.214431
0 0.0515801 0.690839 0.103022 0.528369
2 0.401281 0.417283 0.0643459 0.0915178
0 0.437344 0.551368 0.0531338 0.220788
0 0.901699 0.507233 0.035387 0.192633
2 0.293177 0.575588 0.0504412 0.269082
2 0.489657 0.472026 0.0846572 0.0841307
5 0.465402 0.342978 0.0364984 0.13384
0 0.956769 0.528704 0.0589596 0.179476
0 0.922152 0.488478 0.0278492 0.155837
0 0.955543 0.485957 0.0346489 0.16252
2 0.460442 0.440509 0.0638997 0.0679669
5 0.141273 0.4065 0.280636 0.806348
5 0.742941 0.367769 0.250016 0.530442
2 0.536229 0.626004 0.203167 0.27831
5 0.314096 0.358847 0.0907406 0.328829
0 0.101347 0.655132 0.101303 0.585251
5 0.540922 0.328112 0.12434 0.263145
2 0.60299 0.545426 0.157904 0.214431
0 0.0515801 0.690839 0.103022 0.528369
2 0.401281 0.417283 0.0643459 0.0915178
0 0.437344 0.551368 0.0531338 0.220788
0 0.901699 0.507233 0.035387 0.192633
2 0.293177 0.575588 0.0504412 0.269082
2 0.489657 0.472026 0.0846572 0.0841307
5 0.465402 0.342978 0.0364984 0.13384
0 0.956769 0.528704 0.0589596 0.179476
0 0.922152 0.488478 0.0278492 0.155837
0 0.955543 0.485957 0.0346489 0.16252
2 0.460442 0.440509 0.0638997 0.0679669
5 0.141273 0.4065 0.280636 0.806348
5 0.742941 0.367769 0.250016 0.530442
2 0.536229 0.626004 0.203167 0.27831
5 0.314096 0.358847 0.0907406 0.328829
0 0.101347 0.655132 0.101303 0.585251
5 0.540922 0.328112 0.12434 0.263145
2 0.60299 0.545426 0.157904 0.214431
0 0.0515801 0.690839 0.103022 0.528369
2 0.401281 0.417283 0.0643459 0.0915178
0 0.437344 0.551368 0.0531338 0.220788
0 0.901699 0.507233 0.035387 0.192633
2 0.293177 0.575588 0.0504412 0.269082
2 0.489657 0.472026 0.0846572 0.0841307
5 0.465402 0.342978 0.0364984 0.13384
0 0.956769 0.528704 0.0589596 0.179476
0 0.922152 0.488478 0.0278492 0.155837
0 0.955543 0.485957 0.0346489 0.16252
2 0.460442 0.440509 0.0638997 0.0679669
5 0.141273 0.4065 0.280636 0.806348
5 0.742941 0.367769 0.250016 0.530442
2 0.536229 0.626004 0.203167 0.27831
5 0.314096 0.358847 0.0907406 0.328829
0 0.101347 0.655132 0.101303 0.585251
5 0.540922 0.328112 0.12434 0.263145
2 0.60299 0.545426 0.157904 0.214431
0 0.0515801 0.690839 0.103022 0.528369
2 0.401281 0.417283 0.0643459 0.0915178
0 0.437344 0.551368 0.0531338 0.220788
0 0.901699 0.507233 0.035387 0.192633
2 0.293177 0.575588 0.0504412 0.269082
2 0.489657 0.472026 0.0846572 0.0841307
5 0.465402 0.342978 0.0364984 0.13384
0 0.956769 0.528704 0.0589596 0.179476
0 0.922152 0.488478 0.0278492 0.155837
0 0.955543 0.485957 0.0346489 0.16252
2 0.460442 0.440509 0.0638997 0.0679669
5 0.141273 0.4065 0.280636 0.806348
5 0.742941 0.367769 0.250016 0.530442
2 0.536229 0.626004 0.203167 0.27831
5 0.314096 0.358847 0.0907406 0.328829
0 0.101347 0.655132 0.101303 0.585251
5 0.540922 0.328112 0.12434 0.263145
2 0.60299 0.545426 0.157904 0.214431
0 0.0515801 0.690839 0.103022 0.528369
2 0.401281 0.417283 0.0643459 0.0915178
0 0.437344 0.551368 0.0531338 0.220788
0 0.901699 0.507233 0.035387 0.192633
2 0.293177 0.575588 0.0504412 0.269082
2 0.489657 0.472026 0.0846572 0.0841307
5 0.465402 0.342978 0.0364984 0.13384
0 0.956769 0.528704 0.0589596 0.179476
0 0.922152 0.488478 0.0278492 0.155837
0 0.955543 0.485957 0.0346489 0.16252
2 0.460442 0.440509 0.0638997 0.0679669
0 0.0326684 0.937897 0.0648719 0.115048
2 0.381284 0.386377 0.0447744 0.077674
