0 0.799159 0.790515 0.110224 0.383357
5 0.187399 0.639178 0.209542 0.196816
5 0.876296 0.61661 0.20806 0.16608
5 0.488623 0.625812 0.135438 0.141197
5 0.602929 0.619148 0.100928 0.098215
5 0.351895 0.628758 0.122817 0.173947
5 0.0422591 0.640862 0.0841196 0.180324
0 0.604988 0.663249 0.024215 0.0990623
0 0.225895 0.698607 0.0250176 0.137854
0 0.339417 0.684383 0.0291069 0.107666
0 0.0784924 0.696299 0.023431 0.124301
0 0.122547 0.688817 0.026017 0.136796
0 0.24342 0.697367 0.0196145 0.129354
0 0.467114 0.673322 0.0169027 0.0912874
0 0.301456 0.673971 0.0244989 0.125679
0 0.832616 0.650942 0.0124018 0.0727962
0 0.8442 0.658178 0.0142899 0.0919813
0 0.484009 0.678813 0.0183897 0.113129
0 0.691046 0.639235 0.0127418 0.0602945
0 0.799159 0.790515 0.110224 0.383357
5 0.187399 0.639178 0.209542 0.196816
5 0.876296 0.61661 0.20806 0.16608
5 0.488623 0.625812 0.135438 0.141197
5 0.602929 0.619148 0.100928 0.098215
5 0.351895 0.628758 0.122817 0.173947
5 0.0422591 0.640862 0.0841196 0.180324
0 0.604988 0.663249 0.024215 0.0990623
0 0.225895 0.698607 0.0250176 0.137854
0 0.339417 0.684383 0.0291069 0.107666
0 0.0784924 0.696299 0.023431 0.124301
0 0.122547 0.688817 0.026017 0.136796
0 0.24342 0.697367 0.0196145 0.129354
0 0.467114 0.673322 0.0169027 0.0912874
0 0.301456 0.673971 0.0244989 0.125679
0 0.832616 0.650942 0.0124018 0.0727962
0 0.8442 0.658178 0.0142899 0.0919813
0 0.484009 0.678813 0.0183897 0.113129
0 0.691046 0.639235 0.0127418 0.0602945
0 0.799159 0.790515 0.110224 0.383357
5 0.187399 0.639178 0.209542 0.196816
5 0.876296 0.61661 0.20806 0.16608
5 0.488623 0.625812 0.135438 0.141197
5 0.602929 0.619148 0.100928 0.098215
5 0.351895 0.628758 0.122817 0.173947
5 0.0422591 0.640862 0.0841196 0.180324
0 0.604988 0.663249 0.024215 0.0990623
0 0.225895 0.698607 0.0250176 0.137854
0 0.339417 0.684383 0.0291069 0.107666
0 0.0784924 0.696299 0.023431 0.124301
0 0.122547 0.688817 0.026017 0.136796
0 0.24342 0.697367 0.0196145 0.129354
0 0.467114 0.673322 0.0169027 0.0912874
0 0.301456 0.673971 0.0244989 0.125679
0 0.832616 0.650942 0.0124018 0.0727962
0 0.8442 0.658178 0.0142899 0.0919813
0 0.484009 0.678813 0.0183897 0.113129
0 0.691046 0.639235 0.0127418 0.0602945
0 0.799159 0.790515 0.110224 0.383357
5 0.187399 0.639178 0.209542 0.196816
5 0.876296 0.61661 0.20806 0.16608
5 0.488623 0.625812 0.135438 0.141197
5 0.602929 0.619148 0.100928 0.098215
5 0.351895 0.628758 0.122817 0.173947
5 0.0422591 0.640862 0.0841196 0.180324
0 0.604988 0.663249 0.024215 0.0990623
0 0.225895 0.698607 0.0250176 0.137854
0 0.339417 0.684383 0.0291069 0.107666
0 0.0784924 0.696299 0.023431 0.124301
0 0.122547 0.688817 0.026017 0.136796
0 0.24342 0.697367 0.0196145 0.129354
0 0.467114 0.673322 0.0169027 0.0912874
0 0.301456 0.673971 0.0244989 0.125679
0 0.832616 0.650942 0.0124018 0.0727962
0 0.8442 0.658178 0.0142899 0.0919813
0 0.484009 0.678813 0.0183897 0.113129
0 0.691046 0.639235 0.0127418 0.0602945
0 0.799159 0.790515 0.110224 0.383357
5 0.187399 0.639178 0.209542 0.196816
5 0.876296 0.61661 0.20806 0.16608
5 0.488623 0.625812 0.135438 0.141197
5 0.602929 0.619148 0.100928 0.098215
5 0.351895 0.628758 0.122817 0.173947
5 0.0422591 0.640862 0.0841196 0.180324
0 0.604988 0.663249 0.024215 0.0990623
0 0.225895 0.698607 0.0250176 0.137854
0 0.339417 0.684383 0.0291069 0.107666
0 0.0784924 0.696299 0.023431 0.124301
0 0.122547 0.688817 0.026017 0.136796
0 0.24342 0.697367 0.0196145 0.129354
0 0.467114 0.673322 0.0169027 0.0912874
0 0.301456 0.673971 0.0244989 0.125679
0 0.832616 0.650942 0.0124018 0.0727962
0 0.8442 0.658178 0.0142899 0.0919813
0 0.484009 0.678813 0.0183897 0.113129
0 0.691046 0.639235 0.0127418 0.0602945
0 0.735698 0.641159 0.0114389 0.0622133
0 0.0152805 0.700082 0.0233902 0.118547
0 0.0123433 0.708323 0.0238812 0.13661
0 0.489227 0.678135 0.0292392 0.116718
0 0.808504 0.636304 0.0174555 0.0422564
