5 0.654905 0.579927 0.688124 0.487097
5 0.179135 0.609164 0.207167 0.197542
0 0.923754 0.726169 0.0768623 0.304267
5 0.0379477 0.610533 0.0755764 0.169337
0 0.753112 0.549654 0.0434436 0.139146
0 0.219022 0.669991 0.0253932 0.137966
5 0.299448 0.601218 0.0371916 0.163984
0 0.252778 0.657119 0.0174073 0.118215
0 0.0718634 0.671356 0.0216404 0.112035
0 0.234275 0.668915 0.0222678 0.13427
0 0.111507 0.673754 0.0329306 0.12606
0 0.442077 0.53711 0.0238663 0.048627
0 0.304572 0.646987 0.0252396 0.119778
0 0.100641 0.664073 0.0181751 0.110043
5 0.654905 0.579927 0.688124 0.487097
5 0.179135 0.609164 0.207167 0.197542
0 0.923754 0.726169 0.0768623 0.304267
5 0.0379477 0.610533 0.0755764 0.169337
0 0.753112 0.549654 0.0434436 0.139146
0 0.219022 0.669991 0.0253932 0.137966
5 0.299448 0.601218 0.0371916 0.163984
0 0.252778 0.657119 0.0174073 0.118215
0 0.0718634 0.671356 0.0216404 0.112035
0 0.234275 0.668915 0.0222678 0.13427
0 0.111507 0.673754 0.0329306 0.12606
0 0.442077 0.53711 0.0238663 0.048627
0 0.304572 0.646987 0.0252396 0.119778
0 0.100641 0.664073 0.0181751 0.110043
5 0.654905 0.579927 0.688124 0.487097
5 0.179135 0.609164 0.207167 0.197542
0 0.923754 0.726169 0.0768623 0.304267
5 0.0379477 0.610533 0.0755764 0.169337
0 0.753112 0.549654 0.0434436 0.139146
0 0.219022 0.669991 0.0253932 0.137966
5 0.299448 0.601218 0.0371916 0.163984
0 0.252778 0.657119 0.0174073 0.118215
0 0.0718634 0.671356 0.0216404 0.112035
0 0.234275 0.668915 0.0222678 0.13427
0 0.111507 0.673754 0.0329306 0.12606
0 0.442077 0.53711 0.0238663 0.048627
0 0.304572 0.646987 0.0252396 0.119778
0 0.100641 0.664073 0.0181751 0.110043
5 0.654905 0.579927 0.688124 0.487097
5 0.179135 0.609164 0.207167 0.197542
0 0.923754 0.726169 0.0768623 0.304267
5 0.0379477 0.610533 0.0755764 0.169337
0 0.753112 0.549654 0.0434436 0.139146
0 0.219022 0.669991 0.0253932 0.137966
5 0.299448 0.601218 0.0371916 0.163984
0 0.252778 0.657119 0.0174073 0.118215
0 0.0718634 0.671356 0.0216404 0.112035
0 0.234275 0.668915 0.0222678 0.13427
0 0.111507 0.673754 0.0329306 0.12606
0 0.442077 0.53711 0.0238663 0.048627
0 0.304572 0.646987 0.0252396 0.119778
0 0.100641 0.664073 0.0181751 0.110043
5 0.654905 0.579927 0.688124 0.487097
5 0.179135 0.609164 0.207167 0.197542
0 0.923754 0.726169 0.0768623 0.304267
5 0.0379477 0.610533 0.0755764 0.169337
0 0.753112 0.549654 0.0434436 0.139146
0 0.219022 0.669991 0.0253932 0.137966
5 0.299448 0.601218 0.0371916 0.163984
0 0.252778 0.657119 0.0174073 0.118215
0 0.0718634 0.671356 0.0216404 0.112035
0 0.234275 0.668915 0.0222678 0.13427
0 0.111507 0.673754 0.0329306 0.12606
0 0.442077 0.53711 0.0238663 0.048627
0 0.304572 0.646987 0.0252396 0.119778
0 0.100641 0.664073 0.0181751 0.110043
0 0.125625 0.658875 0.0174132 0.133157
0 0.614407 0.521991 0.0311273 0.0627457
0 0.0072365 0.685799 0.0144675 0.0959352
0 0.81224 0.501413 0.0290644 0.0860151
0 0.562621 0.524336 0.0266706 0.0650869
0 0.515775 0.530171 0.0230949 0.0565503
0 0.811489 0.487682 0.0276089 0.0593526
