5 0.493905 0.369105 0.235252 0.531987
2 0.886759 0.633238 0.225319 0.310993
5 0.740887 0.360693 0.254194 0.516315
2 0.235039 0.578046 0.165739 0.285166
0 0.0644141 0.657949 0.12697 0.559148
5 0.197122 0.411019 0.140906 0.179133
2 0.123182 0.531254 0.0958831 0.173879
0 0.899761 0.446066 0.0318857 0.0686637
0 0.0326889 0.615051 0.0651253 0.36355
0 0.954584 0.444822 0.0296589 0.0774096
0 0.917287 0.451832 0.0208111 0.0586831
5 0.493905 0.369105 0.235252 0.531987
2 0.886759 0.633238 0.225319 0.310993
5 0.740887 0.360693 0.254194 0.516315
2 0.235039 0.578046 0.165739 0.285166
0 0.0644141 0.657949 0.12697 0.559148
5 0.197122 0.411019 0.140906 0.179133
2 0.123182 0.531254 0.0958831 0.173879
0 0.899761 0.446066 0.0318857 0.0686637
0 0.0326889 0.615051 0.0651253 0.36355
0 0.954584 0.444822 0.0296589 0.0774096
0 0.917287 0.451832 0.0208111 0.0586831
5 0.493905 0.369105 0.235252 0.531987
2 0.886759 0.633238 0.225319 0.310993
5 0.740887 0.360693 0.254194 0.516315
2 0.235039 0.578046 0.165739 0.285166
0 0.0644141 0.657949 0.12697 0.559148
5 0.197122 0.411019 0.140906 0.179133
2 0.123182 0.531254 0.0958831 0.173879
0 0.899761 0.446066 0.0318857 0.0686637
0 0.0326889 0.615051 0.0651253 0.36355
0 0.954584 0.444822 0.0296589 0.0774096
0 0.917287 0.451832 0.0208111 0.0586831
5 0.493905 0.369105 0.235252 0.531987
2 0.886759 0.633238 0.225319 0.310993
5 0.740887 0.360693 0.254194 0.516315
2 0.235039 0.578046 0.165739 0.285166
0 0.0644141 0.657949 0.12697 0.559148
5 0.197122 0.411019 0.140906 0.179133
2 0.123182 0.531254 0.0958831 0.173879
0 0.899761 0.446066 0.0318857 0.0686637
0 0.0326889 0.615051 0.0651253 0.36355
0 0.954584 0.444822 0.0296589 0.0774096
0 0.917287 0.451832 0.0208111 0.0586831
5 0.493905 0.369105 0.235252 0.531987
2 0.886759 0.633238 0.225319 0.310993
5 0.740887 0.360693 0.254194 0.516315
2 0.235039 0.578046 0.165739 0.285166
0 0.0644141 0.657949 0.12697 0.559148
5 0.197122 0.411019 0.140906 0.179133
2 0.123182 0.531254 0.0958831 0.173879
0 0.899761 0.446066 0.0318857 0.0686637
0 0.0326889 0.615051 0.0651253 0.36355
0 0.954584 0.444822 0.0296589 0.0774096
0 0.917287 0.451832 0.0208111 0.0586831
0 0.0358972 0.689187 0.0713959 0.517437
0 0.929334 0.440244 0.0212826 0.0728931
0 0.0329251 0.937607 0.0654198 0.116986
0 0.212531 0.514759 0.0372094 0.0578427
