1 0.863361 0.690764 0.0579176 0.0647871
2 0.720757 0.620549 0.0464638 0.0365682
2 0.794055 0.618725 0.0279059 0.0371034
0 0.858157 0.668879 0.0269264 0.0980559
2 0.764075 0.621037 0.030821 0.0360159
0 0.948569 0.709893 0.0283413 0.121978
2 0.835482 0.612214 0.0227903 0.0292039
0 0.539047 0.616796 0.0125665 0.0574246
0 0.882434 0.652398 0.0199997 0.069021
0 0.330887 0.629742 0.0227426 0.0482895
1 0.863361 0.690764 0.0579176 0.0647871
2 0.720757 0.620549 0.0464638 0.0365682
2 0.794055 0.618725 0.0279059 0.0371034
0 0.858157 0.668879 0.0269264 0.0980559
2 0.764075 0.621037 0.030821 0.0360159
0 0.948569 0.709893 0.0283413 0.121978
2 0.835482 0.612214 0.0227903 0.0292039
0 0.539047 0.616796 0.0125665 0.0574246
0 0.882434 0.652398 0.0199997 0.069021
0 0.330887 0.629742 0.0227426 0.0482895
1 0.863361 0.690764 0.0579176 0.0647871
2 0.720757 0.620549 0.0464638 0.0365682
2 0.794055 0.618725 0.0279059 0.0371034
0 0.858157 0.668879 0.0269264 0.0980559
2 0.764075 0.621037 0.030821 0.0360159
0 0.948569 0.709893 0.0283413 0.121978
2 0.835482 0.612214 0.0227903 0.0292039
0 0.539047 0.616796 0.0125665 0.0574246
0 0.882434 0.652398 0.0199997 0.069021
0 0.330887 0.629742 0.0227426 0.0482895
1 0.863361 0.690764 0.0579176 0.0647871
2 0.720757 0.620549 0.0464638 0.0365682
2 0.794055 0.618725 0.0279059 0.0371034
0 0.858157 0.668879 0.0269264 0.0980559
2 0.764075 0.621037 0.030821 0.0360159
0 0.948569 0.709893 0.0283413 0.121978
2 0.835482 0.612214 0.0227903 0.0292039
0 0.539047 0.616796 0.0125665 0.0574246
0 0.882434 0.652398 0.0199997 0.069021
0 0.330887 0.629742 0.0227426 0.0482895
1 0.863361 0.690764 0.0579176 0.0647871
2 0.720757 0.620549 0.0464638 0.0365682
2 0.794055 0.618725 0.0279059 0.0371034
0 0.858157 0.668879 0.0269264 0.0980559
2 0.764075 0.621037 0.030821 0.0360159
0 0.948569 0.709893 0.0283413 0.121978
2 0.835482 0.612214 0.0227903 0.0292039
0 0.539047 0.616796 0.0125665 0.0574246
0 0.882434 0.652398 0.0199997 0.069021
0 0.330887 0.629742 0.0227426 0.0482895
