2 0.273101 0.640349 0.157703 0.0893748
2 0.74012 0.647569 0.0585478 0.0635109
2 0.0864011 0.658572 0.171851 0.22033
2 0.519201 0.6434 0.0757911 0.0688597
2 0.618338 0.644381 0.126213 0.101835
2 0.479755 0.639664 0.0437836 0.0580243
2 0.849163 0.626912 0.0279808 0.0374881
2 0.881409 0.635849 0.0332306 0.0441228
2 0.769187 0.617743 0.0282274 0.0357819
2 0.692564 0.619262 0.0459332 0.0604667
3 0.415962 0.647232 0.0347885 0.05907
2 0.802015 0.626426 0.0445759 0.0636903
0 0.423266 0.635134 0.0193544 0.0745689
2 0.273101 0.640349 0.157703 0.0893748
2 0.74012 0.647569 0.0585478 0.0635109
2 0.0864011 0.658572 0.171851 0.22033
2 0.519201 0.6434 0.0757911 0.0688597
2 0.618338 0.644381 0.126213 0.101835
2 0.479755 0.639664 0.0437836 0.0580243
2 0.849163 0.626912 0.0279808 0.0374881
2 0.881409 0.635849 0.0332306 0.0441228
2 0.769187 0.617743 0.0282274 0.0357819
2 0.692564 0.619262 0.0459332 0.0604667
3 0.415962 0.647232 0.0347885 0.05907
2 0.802015 0.626426 0.0445759 0.0636903
0 0.423266 0.635134 0.0193544 0.0745689
2 0.273101 0.640349 0.157703 0.0893748
2 0.74012 0.647569 0.0585478 0.0635109
2 0.0864011 0.658572 0.171851 0.22033
2 0.519201 0.6434 0.0757911 0.0688597
2 0.618338 0.644381 0.126213 0.101835
2 0.479755 0.639664 0.0437836 0.0580243
2 0.849163 0.626912 0.0279808 0.0374881
2 0.881409 0.635849 0.0332306 0.0441228
2 0.769187 0.617743 0.0282274 0.0357819
2 0.692564 0.619262 0.0459332 0.0604667
3 0.415962 0.647232 0.0347885 0.05907
2 0.802015 0.626426 0.0445759 0.0636903
0 0.423266 0.635134 0.0193544 0.0745689
2 0.273101 0.640349 0.157703 0.0893748
2 0.74012 0.647569 0.0585478 0.0635109
2 0.0864011 0.658572 0.171851 0.22033
2 0.519201 0.6434 0.0757911 0.0688597
2 0.618338 0.644381 0.126213 0.101835
2 0.479755 0.639664 0.0437836 0.0580243
2 0.849163 0.626912 0.0279808 0.0374881
2 0.881409 0.635849 0.0332306 0.0441228
2 0.769187 0.617743 0.0282274 0.0357819
2 0.692564 0.619262 0.0459332 0.0604667
3 0.415962 0.647232 0.0347885 0.05907
2 0.802015 0.626426 0.0445759 0.0636903
0 0.423266 0.635134 0.0193544 0.0745689
2 0.273101 0.640349 0.157703 0.0893748
2 0.74012 0.647569 0.0585478 0.0635109
2 0.0864011 0.658572 0.171851 0.22033
2 0.519201 0.6434 0.0757911 0.0688597
2 0.618338 0.644381 0.126213 0.101835
2 0.479755 0.639664 0.0437836 0.0580243
2 0.849163 0.626912 0.0279808 0.0374881
2 0.881409 0.635849 0.0332306 0.0441228
2 0.769187 0.617743 0.0282274 0.0357819
2 0.692564 0.619262 0.0459332 0.0604667
3 0.415962 0.647232 0.0347885 0.05907
2 0.802015 0.626426 0.0445759 0.0636903
0 0.423266 0.635134 0.0193544 0.0745689
2 0.662233 0.618621 0.0328457 0.0288372
2 0.546534 0.612521 0.0415786 0.0357839
