2 0.074039 0.662916 0.147263 0.235974
2 0.507429 0.63523 0.084956 0.0850953
2 0.6531 0.630991 0.046169 0.0494636
2 0.796507 0.634526 0.038222 0.0504833
2 0.418876 0.643113 0.0789583 0.0676119
2 0.579899 0.627063 0.0726189 0.0775108
2 0.713051 0.621427 0.0318224 0.0344007
2 0.771398 0.615785 0.0231504 0.032358
2 0.749218 0.619505 0.0209205 0.0295533
0 0.330199 0.629344 0.0225024 0.0458449
2 0.817301 0.615751 0.0170799 0.0240763
2 0.074039 0.662916 0.147263 0.235974
2 0.507429 0.63523 0.084956 0.0850953
2 0.6531 0.630991 0.046169 0.0494636
2 0.796507 0.634526 0.038222 0.0504833
2 0.418876 0.643113 0.0789583 0.0676119
2 0.579899 0.627063 0.0726189 0.0775108
2 0.713051 0.621427 0.0318224 0.0344007
2 0.771398 0.615785 0.0231504 0.032358
2 0.749218 0.619505 0.0209205 0.0295533
0 0.330199 0.629344 0.0225024 0.0458449
2 0.817301 0.615751 0.0170799 0.0240763
2 0.074039 0.662916 0.147263 0.235974
2 0.507429 0.63523 0.084956 0.0850953
2 0.6531 0.630991 0.046169 0.0494636
2 0.796507 0.634526 0.038222 0.0504833
2 0.418876 0.643113 0.0789583 0.0676119
2 0.579899 0.627063 0.0726189 0.0775108
2 0.713051 0.621427 0.0318224 0.0344007
2 0.771398 0.615785 0.0231504 0.032358
2 0.749218 0.619505 0.0209205 0.0295533
0 0.330199 0.629344 0.0225024 0.0458449
2 0.817301 0.615751 0.0170799 0.0240763
2 0.074039 0.662916 0.147263 0.235974
2 0.507429 0.63523 0.084956 0.0850953
2 0.6531 0.630991 0.046169 0.0494636
2 0.796507 0.634526 0.038222 0.0504833
2 0.418876 0.643113 0.0789583 0.0676119
2 0.579899 0.627063 0.0726189 0.0775108
2 0.713051 0.621427 0.0318224 0.0344007
2 0.771398 0.615785 0.0231504 0.032358
2 0.749218 0.619505 0.0209205 0.0295533
0 0.330199 0.629344 0.0225024 0.0458449
2 0.817301 0.615751 0.0170799 0.0240763
2 0.074039 0.662916 0.147263 0.235974
2 0.507429 0.63523 0.084956 0.0850953
2 0.6531 0.630991 0.046169 0.0494636
2 0.796507 0.634526 0.038222 0.0504833
2 0.418876 0.643113 0.0789583 0.0676119
2 0.579899 0.627063 0.0726189 0.0775108
2 0.713051 0.621427 0.0318224 0.0344007
2 0.771398 0.615785 0.0231504 0.032358
2 0.749218 0.619505 0.0209205 0.0295533
0 0.330199 0.629344 0.0225024 0.0458449
2 0.817301 0.615751 0.0170799 0.0240763
2 0.840258 0.611879 0.0233448 0.0260329
2 0.856476 0.608303 0.0197502 0.0278826
2 0.733821 0.619674 0.0200405 0.032009
2 0.880519 0.636504 0.030402 0.0431047
