2 0.675017 0.629211 0.048018 0.0496189
1 0.863048 0.692383 0.057177 0.0612471
0 0.857669 0.668902 0.0258329 0.100652
2 0.764142 0.621168 0.0307066 0.0371267
2 0.855784 0.609514 0.0197996 0.0264294
0 0.481898 0.614726 0.0117374 0.0602288
2 0.714503 0.621387 0.0293005 0.0334912
2 0.732632 0.619488 0.0239382 0.033144
0 0.331156 0.630605 0.0222107 0.0515462
2 0.814109 0.611966 0.0289072 0.0368332
2 0.675017 0.629211 0.048018 0.0496189
1 0.863048 0.692383 0.057177 0.0612471
0 0.857669 0.668902 0.0258329 0.100652
2 0.764142 0.621168 0.0307066 0.0371267
2 0.855784 0.609514 0.0197996 0.0264294
0 0.481898 0.614726 0.0117374 0.0602288
2 0.714503 0.621387 0.0293005 0.0334912
2 0.732632 0.619488 0.0239382 0.033144
0 0.331156 0.630605 0.0222107 0.0515462
2 0.814109 0.611966 0.0289072 0.0368332
2 0.675017 0.629211 0.048018 0.0496189
1 0.863048 0.692383 0.057177 0.0612471
0 0.857669 0.668902 0.0258329 0.100652
2 0.764142 0.621168 0.0307066 0.0371267
2 0.855784 0.609514 0.0197996 0.0264294
0 0.481898 0.614726 0.0117374 0.0602288
2 0.714503 0.621387 0.0293005 0.0334912
2 0.732632 0.619488 0.0239382 0.033144
0 0.331156 0.630605 0.0222107 0.0515462
2 0.814109 0.611966 0.0289072 0.0368332
2 0.675017 0.629211 0.048018 0.0496189
1 0.863048 0.692383 0.057177 0.0612471
0 0.857669 0.668902 0.0258329 0.100652
2 0.764142 0.621168 0.0307066 0.0371267
2 0.855784 0.609514 0.0197996 0.0264294
0 0.481898 0.614726 0.0117374 0.0602288
2 0.714503 0.621387 0.0293005 0.0334912
2 0.732632 0.619488 0.0239382 0.033144
0 0.331156 0.630605 0.0222107 0.0515462
2 0.814109 0.611966 0.0289072 0.0368332
2 0.675017 0.629211 0.048018 0.0496189
1 0.863048 0.692383 0.057177 0.0612471
0 0.857669 0.668902 0.0258329 0.100652
2 0.764142 0.621168 0.0307066 0.0371267
2 0.855784 0.609514 0.0197996 0.0264294
0 0.481898 0.614726 0.0117374 0.0602288
2 0.714503 0.621387 0.0293005 0.0334912
2 0.732632 0.619488 0.0239382 0.033144
0 0.331156 0.630605 0.0222107 0.0515462
2 0.814109 0.611966 0.0289072 0.0368332
2 0.885357 0.618026 0.0244762 0.0456289
2 0.881247 0.634642 0.0274254 0.0370266
2 0.884829 0.631093 0.0237719 0.0352392
