2 0.601767 0.652049 0.113836 0.0797238
2 0.728078 0.647543 0.0637013 0.0768795
2 0.522544 0.643362 0.0823786 0.0694456
2 0.0872947 0.658597 0.173362 0.220542
2 0.776697 0.638138 0.044361 0.0545909
2 0.479961 0.639249 0.0441328 0.0585597
0 0.219319 0.623167 0.0224257 0.0944631
2 0.881139 0.636555 0.0310179 0.0423549
2 0.661445 0.630047 0.0375008 0.0504835
2 0.854434 0.625587 0.0289135 0.0329238
2 0.690282 0.618757 0.0405485 0.0582914
2 0.815801 0.631311 0.0379036 0.0486335
0 0.330566 0.629651 0.0207691 0.0472936
3 0.41635 0.647374 0.0347996 0.0589147
2 0.601767 0.652049 0.113836 0.0797238
2 0.728078 0.647543 0.0637013 0.0768795
2 0.522544 0.643362 0.0823786 0.0694456
2 0.0872947 0.658597 0.173362 0.220542
2 0.776697 0.638138 0.044361 0.0545909
2 0.479961 0.639249 0.0441328 0.0585597
0 0.219319 0.623167 0.0224257 0.0944631
2 0.881139 0.636555 0.0310179 0.0423549
2 0.661445 0.630047 0.0375008 0.0504835
2 0.854434 0.625587 0.0289135 0.0329238
2 0.690282 0.618757 0.0405485 0.0582914
2 0.815801 0.631311 0.0379036 0.0486335
0 0.330566 0.629651 0.0207691 0.0472936
3 0.41635 0.647374 0.0347996 0.0589147
2 0.601767 0.652049 0.113836 0.0797238
2 0.728078 0.647543 0.0637013 0.0768795
2 0.522544 0.643362 0.0823786 0.0694456
2 0.0872947 0.658597 0.173362 0.220542
2 0.776697 0.638138 0.044361 0.0545909
2 0.479961 0.639249 0.0441328 0.0585597
0 0.219319 0.623167 0.0224257 0.0944631
2 0.881139 0.636555 0.0310179 0.0423549
2 0.661445 0.630047 0.0375008 0.0504835
2 0.854434 0.625587 0.0289135 0.0329238
2 0.690282 0.618757 0.0405485 0.0582914
2 0.815801 0.631311 0.0379036 0.0486335
0 0.330566 0.629651 0.0207691 0.0472936
3 0.41635 0.647374 0.0347996 0.0589147
2 0.601767 0.652049 0.113836 0.0797238
2 0.728078 0.647543 0.0637013 0.0768795
2 0.522544 0.643362 0.0823786 0.0694456
2 0.0872947 0.658597 0.173362 0.220542
2 0.776697 0.638138 0.044361 0.0545909
2 0.479961 0.639249 0.0441328 0.0585597
0 0.219319 0.623167 0.0224257 0.0944631
2 0.881139 0.636555 0.0310179 0.0423549
2 0.661445 0.630047 0.0375008 0.0504835
2 0.854434 0.625587 0.0289135 0.0329238
2 0.690282 0.618757 0.0405485 0.0582914
2 0.815801 0.631311 0.0379036 0.0486335
0 0.330566 0.629651 0.0207691 0.0472936
3 0.41635 0.647374 0.0347996 0.0589147
2 0.601767 0.652049 0.113836 0.0797238
2 0.728078 0.647543 0.0637013 0.0768795
2 0.522544 0.643362 0.0823786 0.0694456
2 0.0872947 0.658597 0.173362 0.220542
2 0.776697 0.638138 0.044361 0.0545909
2 0.479961 0.639249 0.0441328 0.0585597
0 0.219319 0.623167 0.0224257 0.0944631
2 0.881139 0.636555 0.0310179 0.0423549
2 0.661445 0.630047 0.0375008 0.0504835
2 0.854434 0.625587 0.0289135 0.0329238
2 0.690282 0.618757 0.0405485 0.0582914
2 0.815801 0.631311 0.0379036 0.0486335
0 0.330566 0.629651 0.0207691 0.0472936
3 0.41635 0.647374 0.0347996 0.0589147
2 0.617923 0.603238 0.0470941 0.0304243
