2 0.164562 0.663812 0.217902 0.191111
2 0.650254 0.637887 0.0632563 0.0758942
2 0.0395978 0.645807 0.0783808 0.132651
2 0.29713 0.63792 0.103581 0.079552
2 0.490146 0.651009 0.0956748 0.105627
2 0.549687 0.641031 0.0550331 0.0647274
2 0.401567 0.640519 0.085698 0.0898858
2 0.794575 0.625653 0.0319959 0.0366894
2 0.846888 0.615947 0.0225916 0.0307162
2 0.881137 0.636845 0.0323879 0.0425876
0 0.991711 0.680826 0.0158268 0.147315
2 0.749286 0.619684 0.020381 0.0293754
2 0.713885 0.620011 0.0326157 0.0361513
2 0.774197 0.61617 0.0269464 0.0325873
2 0.164562 0.663812 0.217902 0.191111
2 0.650254 0.637887 0.0632563 0.0758942
2 0.0395978 0.645807 0.0783808 0.132651
2 0.29713 0.63792 0.103581 0.079552
2 0.490146 0.651009 0.0956748 0.105627
2 0.549687 0.641031 0.0550331 0.0647274
2 0.401567 0.640519 0.085698 0.0898858
2 0.794575 0.625653 0.0319959 0.0366894
2 0.846888 0.615947 0.0225916 0.0307162
2 0.881137 0.636845 0.0323879 0.0425876
0 0.991711 0.680826 0.0158268 0.147315
2 0.749286 0.619684 0.020381 0.0293754
2 0.713885 0.620011 0.0326157 0.0361513
2 0.774197 0.61617 0.0269464 0.0325873
2 0.164562 0.663812 0.217902 0.191111
2 0.650254 0.637887 0.0632563 0.0758942
2 0.0395978 0.645807 0.0783808 0.132651
2 0.29713 0.63792 0.103581 0.079552
2 0.490146 0.651009 0.0956748 0.105627
2 0.549687 0.641031 0.0550331 0.0647274
2 0.401567 0.640519 0.085698 0.0898858
2 0.794575 0.625653 0.0319959 0.0366894
2 0.846888 0.615947 0.0225916 0.0307162
2 0.881137 0.636845 0.0323879 0.0425876
0 0.991711 0.680826 0.0158268 0.147315
2 0.749286 0.619684 0.020381 0.0293754
2 0.713885 0.620011 0.0326157 0.0361513
2 0.774197 0.61617 0.0269464 0.0325873
2 0.164562 0.663812 0.217902 0.191111
2 0.650254 0.637887 0.0632563 0.0758942
2 0.0395978 0.645807 0.0783808 0.132651
2 0.29713 0.63792 0.103581 0.079552
2 0.490146 0.651009 0.0956748 0.105627
2 0.549687 0.641031 0.0550331 0.0647274
2 0.401567 0.640519 0.085698 0.0898858
2 0.794575 0.625653 0.0319959 0.0366894
2 0.846888 0.615947 0.0225916 0.0307162
2 0.881137 0.636845 0.0323879 0.0425876
0 0.991711 0.680826 0.0158268 0.147315
2 0.749286 0.619684 0.020381 0.0293754
2 0.713885 0.620011 0.0326157 0.0361513
2 0.774197 0.61617 0.0269464 0.0325873
2 0.164562 0.663812 0.217902 0.191111
2 0.650254 0.637887 0.0632563 0.0758942
2 0.0395978 0.645807 0.0783808 0.132651
2 0.29713 0.63792 0.103581 0.079552
2 0.490146 0.651009 0.0956748 0.105627
2 0.549687 0.641031 0.0550331 0.0647274
2 0.401567 0.640519 0.085698 0.0898858
2 0.794575 0.625653 0.0319959 0.0366894
2 0.846888 0.615947 0.0225916 0.0307162
2 0.881137 0.636845 0.0323879 0.0425876
0 0.991711 0.680826 0.0158268 0.147315
2 0.749286 0.619684 0.020381 0.0293754
2 0.713885 0.620011 0.0326157 0.0361513
2 0.774197 0.61617 0.0269464 0.0325873
2 0.733841 0.619358 0.0198214 0.0334953
