2 0.647929 0.628938 0.0501543 0.0546251
2 0.162194 0.630098 0.175569 0.149139
1 0.862754 0.691962 0.0563839 0.0614507
2 0.267376 0.639311 0.0549747 0.0911936
0 0.858666 0.671009 0.0252996 0.0980493
2 0.72024 0.620611 0.0459627 0.0367094
2 0.839292 0.611075 0.0227135 0.0234255
2 0.807829 0.614033 0.0251009 0.0343048
0 0.330402 0.630242 0.0210071 0.047611
2 0.647929 0.628938 0.0501543 0.0546251
2 0.162194 0.630098 0.175569 0.149139
1 0.862754 0.691962 0.0563839 0.0614507
2 0.267376 0.639311 0.0549747 0.0911936
0 0.858666 0.671009 0.0252996 0.0980493
2 0.72024 0.620611 0.0459627 0.0367094
2 0.839292 0.611075 0.0227135 0.0234255
2 0.807829 0.614033 0.0251009 0.0343048
0 0.330402 0.630242 0.0210071 0.047611
2 0.647929 0.628938 0.0501543 0.0546251
2 0.162194 0.630098 0.175569 0.149139
1 0.862754 0.691962 0.0563839 0.0614507
2 0.267376 0.639311 0.0549747 0.0911936
0 0.858666 0.671009 0.0252996 0.0980493
2 0.72024 0.620611 0.0459627 0.0367094
2 0.839292 0.611075 0.0227135 0.0234255
2 0.807829 0.614033 0.0251009 0.0343048
0 0.330402 0.630242 0.0210071 0.047611
2 0.647929 0.628938 0.0501543 0.0546251
2 0.162194 0.630098 0.175569 0.149139
1 0.862754 0.691962 0.0563839 0.0614507
2 0.267376 0.639311 0.0549747 0.0911936
0 0.858666 0.671009 0.0252996 0.0980493
2 0.72024 0.620611 0.0459627 0.0367094
2 0.839292 0.611075 0.0227135 0.0234255
2 0.807829 0.614033 0.0251009 0.0343048
0 0.330402 0.630242 0.0210071 0.047611
2 0.647929 0.628938 0.0501543 0.0546251
2 0.162194 0.630098 0.175569 0.149139
1 0.862754 0.691962 0.0563839 0.0614507
2 0.267376 0.639311 0.0549747 0.0911936
0 0.858666 0.671009 0.0252996 0.0980493
2 0.72024 0.620611 0.0459627 0.0367094
2 0.839292 0.611075 0.0227135 0.0234255
2 0.807829 0.614033 0.0251009 0.0343048
0 0.330402 0.630242 0.0210071 0.047611
0 0.540341 0.605419 0.0109517 0.0508752
2 0.763129 0.617629 0.0251904 0.0316068
2 0.767725 0.616376 0.0252004 0.0313188
2 0.757045 0.619034 0.0225983 0.0286869
2 0.784667 0.614979 0.0200496 0.028891
2 0.748866 0.619217 0.0180018 0.0286725
0 0.890767 0.642872 0.00979042 0.0380685
