2 0.343894 0.643079 0.175084 0.166633
2 0.197712 0.638828 0.128504 0.0783561
2 0.551914 0.63586 0.0663914 0.0696601
2 0.675713 0.638364 0.051269 0.0607067
2 0.621127 0.634266 0.0499668 0.0530914
2 0.446127 0.645163 0.0691165 0.0749187
2 0.782075 0.623961 0.0347537 0.0449922
2 0.844618 0.627219 0.0285551 0.0386795
2 0.881219 0.636887 0.032354 0.0419662
2 0.820776 0.617752 0.0250935 0.0376439
2 0.714324 0.619839 0.031609 0.0367649
2 0.749353 0.619797 0.0198736 0.0277652
2 0.343894 0.643079 0.175084 0.166633
2 0.197712 0.638828 0.128504 0.0783561
2 0.551914 0.63586 0.0663914 0.0696601
2 0.675713 0.638364 0.051269 0.0607067
2 0.621127 0.634266 0.0499668 0.0530914
2 0.446127 0.645163 0.0691165 0.0749187
2 0.782075 0.623961 0.0347537 0.0449922
2 0.844618 0.627219 0.0285551 0.0386795
2 0.881219 0.636887 0.032354 0.0419662
2 0.820776 0.617752 0.0250935 0.0376439
2 0.714324 0.619839 0.031609 0.0367649
2 0.749353 0.619797 0.0198736 0.0277652
2 0.343894 0.643079 0.175084 0.166633
2 0.197712 0.638828 0.128504 0.0783561
2 0.551914 0.63586 0.0663914 0.0696601
2 0.675713 0.638364 0.051269 0.0607067
2 0.621127 0.634266 0.0499668 0.0530914
2 0.446127 0.645163 0.0691165 0.0749187
2 0.782075 0.623961 0.0347537 0.0449922
2 0.844618 0.627219 0.0285551 0.0386795
2 0.881219 0.636887 0.032354 0.0419662
2 0.820776 0.617752 0.0250935 0.0376439
2 0.714324 0.619839 0.031609 0.0367649
2 0.749353 0.619797 0.0198736 0.0277652
2 0.343894 0.643079 0.175084 0.166633
2 0.197712 0.638828 0.128504 0.0783561
2 0.551914 0.63586 0.0663914 0.0696601
2 0.675713 0.638364 0.051269 0.0607067
2 0.621127 0.634266 0.0499668 0.0530914
2 0.446127 0.645163 0.0691165 0.0749187
2 0.782075 0.623961 0.0347537 0.0449922
2 0.844618 0.627219 0.0285551 0.0386795
2 0.881219 0.636887 0.032354 0.0419662
2 0.820776 0.617752 0.0250935 0.0376439
2 0.714324 0.619839 0.031609 0.0367649
2 0.749353 0.619797 0.0198736 0.0277652
2 0.343894 0.643079 0.175084 0.166633
2 0.197712 0.638828 0.128504 0.0783561
2 0.551914 0.63586 0.0663914 0.0696601
2 0.675713 0.638364 0.051269 0.0607067
2 0.621127 0.634266 0.0499668 0.0530914
2 0.446127 0.645163 0.0691165 0.0749187
2 0.782075 0.623961 0.0347537 0.0449922
2 0.844618 0.627219 0.0285551 0.0386795
2 0.881219 0.636887 0.032354 0.0419662
2 0.820776 0.617752 0.0250935 0.0376439
2 0.714324 0.619839 0.031609 0.0367649
2 0.749353 0.619797 0.0198736 0.0277652
2 0.732749 0.618577 0.022052 0.0343743
