2 0.18488 0.6393 0.148258 0.110736
2 0.502697 0.651959 0.0908164 0.0934112
2 0.652327 0.637574 0.0561201 0.0657549
2 0.73813 0.644985 0.0595106 0.0724325
0 0.971405 0.708711 0.0163996 0.0792684
2 0.773962 0.615996 0.0314248 0.0343338
2 0.805358 0.618614 0.0360144 0.0457151
0 0.376905 0.626719 0.0201739 0.0695735
2 0.863758 0.613268 0.0133198 0.025424
0 0.331113 0.629044 0.0214703 0.0506646
0 0.885472 0.656096 0.0192541 0.0932467
2 0.18488 0.6393 0.148258 0.110736
2 0.502697 0.651959 0.0908164 0.0934112
2 0.652327 0.637574 0.0561201 0.0657549
2 0.73813 0.644985 0.0595106 0.0724325
0 0.971405 0.708711 0.0163996 0.0792684
2 0.773962 0.615996 0.0314248 0.0343338
2 0.805358 0.618614 0.0360144 0.0457151
0 0.376905 0.626719 0.0201739 0.0695735
2 0.863758 0.613268 0.0133198 0.025424
0 0.331113 0.629044 0.0214703 0.0506646
0 0.885472 0.656096 0.0192541 0.0932467
2 0.18488 0.6393 0.148258 0.110736
2 0.502697 0.651959 0.0908164 0.0934112
2 0.652327 0.637574 0.0561201 0.0657549
2 0.73813 0.644985 0.0595106 0.0724325
0 0.971405 0.708711 0.0163996 0.0792684
2 0.773962 0.615996 0.0314248 0.0343338
2 0.805358 0.618614 0.0360144 0.0457151
0 0.376905 0.626719 0.0201739 0.0695735
2 0.863758 0.613268 0.0133198 0.025424
0 0.331113 0.629044 0.0214703 0.0506646
0 0.885472 0.656096 0.0192541 0.0932467
2 0.18488 0.6393 0.148258 0.110736
2 0.502697 0.651959 0.0908164 0.0934112
2 0.652327 0.637574 0.0561201 0.0657549
2 0.73813 0.644985 0.0595106 0.0724325
0 0.971405 0.708711 0.0163996 0.0792684
2 0.773962 0.615996 0.0314248 0.0343338
2 0.805358 0.618614 0.0360144 0.0457151
0 0.376905 0.626719 0.0201739 0.0695735
2 0.863758 0.613268 0.0133198 0.025424
0 0.331113 0.629044 0.0214703 0.0506646
0 0.885472 0.656096 0.0192541 0.0932467
2 0.18488 0.6393 0.148258 0.110736
2 0.502697 0.651959 0.0908164 0.0934112
2 0.652327 0.637574 0.0561201 0.0657549
2 0.73813 0.644985 0.0595106 0.0724325
0 0.971405 0.708711 0.0163996 0.0792684
2 0.773962 0.615996 0.0314248 0.0343338
2 0.805358 0.618614 0.0360144 0.0457151
0 0.376905 0.626719 0.0201739 0.0695735
2 0.863758 0.613268 0.0133198 0.025424
0 0.331113 0.629044 0.0214703 0.0506646
0 0.885472 0.656096 0.0192541 0.0932467
0 0.945285 0.70852 0.0212831 0.0734904
0 0.945098 0.688715 0.0215052 0.115817
2 0.717791 0.618586 0.0395709 0.0383487
