2 0.720765 0.620464 0.0464222 0.0367194
0 0.886735 0.678463 0.0243778 0.11798
0 0.492554 0.620106 0.0132168 0.0623934
0 0.330963 0.630737 0.0223415 0.050671
2 0.720765 0.620464 0.0464222 0.0367194
0 0.886735 0.678463 0.0243778 0.11798
0 0.492554 0.620106 0.0132168 0.0623934
0 0.330963 0.630737 0.0223415 0.050671
2 0.720765 0.620464 0.0464222 0.0367194
0 0.886735 0.678463 0.0243778 0.11798
0 0.492554 0.620106 0.0132168 0.0623934
0 0.330963 0.630737 0.0223415 0.050671
2 0.720765 0.620464 0.0464222 0.0367194
0 0.886735 0.678463 0.0243778 0.11798
0 0.492554 0.620106 0.0132168 0.0623934
0 0.330963 0.630737 0.0223415 0.050671
2 0.720765 0.620464 0.0464222 0.0367194
0 0.886735 0.678463 0.0243778 0.11798
0 0.492554 0.620106 0.0132168 0.0623934
0 0.330963 0.630737 0.0223415 0.050671
2 0.75964 0.61931 0.0228962 0.0279945
2 0.765449 0.617375 0.0270159 0.0296387
2 0.857563 0.608156 0.0170412 0.0198622
2 0.779242 0.615958 0.0243656 0.0295668
0 0.879123 0.663382 0.0130308 0.0848131
2 0.748869 0.619408 0.0169194 0.0289541
