2 0.190014 0.637476 0.144606 0.0902591
0 0.725596 0.708223 0.0557535 0.203135
2 0.728586 0.644298 0.0602093 0.0680067
2 0.0863485 0.65873 0.171612 0.220615
2 0.662556 0.630019 0.0348772 0.0520915
2 0.790202 0.635008 0.044355 0.0577168
7 0.524315 0.633577 0.132496 0.114481
2 0.689262 0.61935 0.0387472 0.059751
2 0.881346 0.636391 0.0323801 0.0444787
2 0.762322 0.617876 0.035085 0.0380436
2 0.861372 0.621669 0.0148333 0.0326346
2 0.620499 0.624198 0.0647451 0.0736659
0 0.331009 0.629885 0.0217912 0.0479975
3 0.415577 0.646914 0.0341498 0.0598078
2 0.190014 0.637476 0.144606 0.0902591
0 0.725596 0.708223 0.0557535 0.203135
2 0.728586 0.644298 0.0602093 0.0680067
2 0.0863485 0.65873 0.171612 0.220615
2 0.662556 0.630019 0.0348772 0.0520915
2 0.790202 0.635008 0.044355 0.0577168
7 0.524315 0.633577 0.132496 0.114481
2 0.689262 0.61935 0.0387472 0.059751
2 0.881346 0.636391 0.0323801 0.0444787
2 0.762322 0.617876 0.035085 0.0380436
2 0.861372 0.621669 0.0148333 0.0326346
2 0.620499 0.624198 0.0647451 0.0736659
0 0.331009 0.629885 0.0217912 0.0479975
3 0.415577 0.646914 0.0341498 0.0598078
2 0.190014 0.637476 0.144606 0.0902591
0 0.725596 0.708223 0.0557535 0.203135
2 0.728586 0.644298 0.0602093 0.0680067
2 0.0863485 0.65873 0.171612 0.220615
2 0.662556 0.630019 0.0348772 0.0520915
2 0.790202 0.635008 0.044355 0.0577168
7 0.524315 0.633577 0.132496 0.114481
2 0.689262 0.61935 0.0387472 0.059751
2 0.881346 0.636391 0.0323801 0.0444787
2 0.762322 0.617876 0.035085 0.0380436
2 0.861372 0.621669 0.0148333 0.0326346
2 0.620499 0.624198 0.0647451 0.0736659
0 0.331009 0.629885 0.0217912 0.0479975
3 0.415577 0.646914 0.0341498 0.0598078
2 0.190014 0.637476 0.144606 0.0902591
0 0.725596 0.708223 0.0557535 0.203135
2 0.728586 0.644298 0.0602093 0.0680067
2 0.0863485 0.65873 0.171612 0.220615
2 0.662556 0.630019 0.0348772 0.0520915
2 0.790202 0.635008 0.044355 0.0577168
7 0.524315 0.633577 0.132496 0.114481
2 0.689262 0.61935 0.0387472 0.059751
2 0.881346 0.636391 0.0323801 0.0444787
2 0.762322 0.617876 0.035085 0.0380436
2 0.861372 0.621669 0.0148333 0.0326346
2 0.620499 0.624198 0.0647451 0.0736659
0 0.331009 0.629885 0.0217912 0.0479975
3 0.415577 0.646914 0.0341498 0.0598078
2 0.190014 0.637476 0.144606 0.0902591
0 0.725596 0.708223 0.0557535 0.203135
2 0.728586 0.644298 0.0602093 0.0680067
2 0.0863485 0.65873 0.171612 0.220615
2 0.662556 0.630019 0.0348772 0.0520915
2 0.790202 0.635008 0.044355 0.0577168
7 0.524315 0.633577 0.132496 0.114481
2 0.689262 0.61935 0.0387472 0.059751
2 0.881346 0.636391 0.0323801 0.0444787
2 0.762322 0.617876 0.035085 0.0380436
2 0.861372 0.621669 0.0148333 0.0326346
2 0.620499 0.624198 0.0647451 0.0736659
0 0.331009 0.629885 0.0217912 0.0479975
3 0.415577 0.646914 0.0341498 0.0598078
2 0.829894 0.626857 0.0327831 0.0485936
2 0.666581 0.625604 0.0344684 0.0570077
0 0.424082 0.634932 0.0187794 0.0800098
2 0.836166 0.625868 0.0208893 0.0484971
2 0.80478 0.617935 0.0242012 0.0471232
