2 0.750815 0.64072 0.052268 0.0671413
0 0.851202 0.665796 0.0200287 0.0992046
0 0.869822 0.668362 0.0186531 0.101355
2 0.71652 0.619566 0.0387367 0.0380617
2 0.807127 0.619676 0.024992 0.0392056
2 0.83737 0.615298 0.0224661 0.0278187
0 0.330716 0.629137 0.0216084 0.047873
2 0.884786 0.635197 0.0243956 0.0458349
2 0.750815 0.64072 0.052268 0.0671413
0 0.851202 0.665796 0.0200287 0.0992046
0 0.869822 0.668362 0.0186531 0.101355
2 0.71652 0.619566 0.0387367 0.0380617
2 0.807127 0.619676 0.024992 0.0392056
2 0.83737 0.615298 0.0224661 0.0278187
0 0.330716 0.629137 0.0216084 0.047873
2 0.884786 0.635197 0.0243956 0.0458349
2 0.750815 0.64072 0.052268 0.0671413
0 0.851202 0.665796 0.0200287 0.0992046
0 0.869822 0.668362 0.0186531 0.101355
2 0.71652 0.619566 0.0387367 0.0380617
2 0.807127 0.619676 0.024992 0.0392056
2 0.83737 0.615298 0.0224661 0.0278187
0 0.330716 0.629137 0.0216084 0.047873
2 0.884786 0.635197 0.0243956 0.0458349
2 0.750815 0.64072 0.052268 0.0671413
0 0.851202 0.665796 0.0200287 0.0992046
0 0.869822 0.668362 0.0186531 0.101355
2 0.71652 0.619566 0.0387367 0.0380617
2 0.807127 0.619676 0.024992 0.0392056
2 0.83737 0.615298 0.0224661 0.0278187
0 0.330716 0.629137 0.0216084 0.047873
2 0.884786 0.635197 0.0243956 0.0458349
2 0.750815 0.64072 0.052268 0.0671413
0 0.851202 0.665796 0.0200287 0.0992046
0 0.869822 0.668362 0.0186531 0.101355
2 0.71652 0.619566 0.0387367 0.0380617
2 0.807127 0.619676 0.024992 0.0392056
2 0.83737 0.615298 0.0224661 0.0278187
0 0.330716 0.629137 0.0216084 0.047873
2 0.884786 0.635197 0.0243956 0.0458349
2 0.78382 0.613916 0.0217279 0.0280961
2 0.769821 0.627988 0.0219118 0.0431097
