2 0.0738412 0.663116 0.146876 0.237021
2 0.507436 0.635048 0.0849846 0.0852531
2 0.753146 0.643274 0.0482357 0.0603251
2 0.6538 0.631241 0.0452318 0.0487626
2 0.418932 0.643098 0.0795121 0.0679303
0 0.135454 0.612958 0.0136904 0.0779611
2 0.881317 0.63538 0.031974 0.0449566
2 0.580059 0.626811 0.0725834 0.0774854
2 0.714854 0.621717 0.0357398 0.0348104
0 0.330161 0.628908 0.0225323 0.047101
2 0.776779 0.614634 0.0316041 0.0311206
0 0.992157 0.638492 0.0148336 0.0726632
2 0.837412 0.613974 0.0212418 0.0238359
2 0.0738412 0.663116 0.146876 0.237021
2 0.507436 0.635048 0.0849846 0.0852531
2 0.753146 0.643274 0.0482357 0.0603251
2 0.6538 0.631241 0.0452318 0.0487626
2 0.418932 0.643098 0.0795121 0.0679303
0 0.135454 0.612958 0.0136904 0.0779611
2 0.881317 0.63538 0.031974 0.0449566
2 0.580059 0.626811 0.0725834 0.0774854
2 0.714854 0.621717 0.0357398 0.0348104
0 0.330161 0.628908 0.0225323 0.047101
2 0.776779 0.614634 0.0316041 0.0311206
0 0.992157 0.638492 0.0148336 0.0726632
2 0.837412 0.613974 0.0212418 0.0238359
2 0.0738412 0.663116 0.146876 0.237021
2 0.507436 0.635048 0.0849846 0.0852531
2 0.753146 0.643274 0.0482357 0.0603251
2 0.6538 0.631241 0.0452318 0.0487626
2 0.418932 0.643098 0.0795121 0.0679303
0 0.135454 0.612958 0.0136904 0.0779611
2 0.881317 0.63538 0.031974 0.0449566
2 0.580059 0.626811 0.0725834 0.0774854
2 0.714854 0.621717 0.0357398 0.0348104
0 0.330161 0.628908 0.0225323 0.047101
2 0.776779 0.614634 0.0316041 0.0311206
0 0.992157 0.638492 0.0148336 0.0726632
2 0.837412 0.613974 0.0212418 0.0238359
2 0.0738412 0.663116 0.146876 0.237021
2 0.507436 0.635048 0.0849846 0.0852531
2 0.753146 0.643274 0.0482357 0.0603251
2 0.6538 0.631241 0.0452318 0.0487626
2 0.418932 0.643098 0.0795121 0.0679303
0 0.135454 0.612958 0.0136904 0.0779611
2 0.881317 0.63538 0.031974 0.0449566
2 0.580059 0.626811 0.0725834 0.0774854
2 0.714854 0.621717 0.0357398 0.0348104
0 0.330161 0.628908 0.0225323 0.047101
2 0.776779 0.614634 0.0316041 0.0311206
0 0.992157 0.638492 0.0148336 0.0726632
2 0.837412 0.613974 0.0212418 0.0238359
2 0.0738412 0.663116 0.146876 0.237021
2 0.507436 0.635048 0.0849846 0.0852531
2 0.753146 0.643274 0.0482357 0.0603251
2 0.6538 0.631241 0.0452318 0.0487626
2 0.418932 0.643098 0.0795121 0.0679303
0 0.135454 0.612958 0.0136904 0.0779611
2 0.881317 0.63538 0.031974 0.0449566
2 0.580059 0.626811 0.0725834 0.0774854
2 0.714854 0.621717 0.0357398 0.0348104
0 0.330161 0.628908 0.0225323 0.047101
2 0.776779 0.614634 0.0316041 0.0311206
0 0.992157 0.638492 0.0148336 0.0726632
2 0.837412 0.613974 0.0212418 0.0238359
2 0.856837 0.609896 0.02075 0.0255194
2 0.800494 0.613755 0.0210878 0.0275639
