2 0.074055 0.662292 0.147411 0.236423
2 0.507267 0.635003 0.0846867 0.0851112
1 0.191134 0.647888 0.0546753 0.0611847
2 0.653956 0.62998 0.0462929 0.051139
2 0.697693 0.628643 0.0382693 0.0416373
2 0.578901 0.627342 0.0720821 0.0774747
2 0.741925 0.621769 0.0356936 0.0418406
2 0.881401 0.636135 0.0317558 0.0433329
0 0.193273 0.619094 0.0296316 0.0942154
2 0.778325 0.618258 0.0351379 0.0377073
2 0.856336 0.608768 0.0216808 0.0248624
2 0.618398 0.624195 0.0320189 0.067759
2 0.419799 0.642003 0.0810448 0.0694925
0 0.330415 0.62953 0.0223959 0.0456151
2 0.074055 0.662292 0.147411 0.236423
2 0.507267 0.635003 0.0846867 0.0851112
1 0.191134 0.647888 0.0546753 0.0611847
2 0.653956 0.62998 0.0462929 0.051139
2 0.697693 0.628643 0.0382693 0.0416373
2 0.578901 0.627342 0.0720821 0.0774747
2 0.741925 0.621769 0.0356936 0.0418406
2 0.881401 0.636135 0.0317558 0.0433329
0 0.193273 0.619094 0.0296316 0.0942154
2 0.778325 0.618258 0.0351379 0.0377073
2 0.856336 0.608768 0.0216808 0.0248624
2 0.618398 0.624195 0.0320189 0.067759
2 0.419799 0.642003 0.0810448 0.0694925
0 0.330415 0.62953 0.0223959 0.0456151
2 0.074055 0.662292 0.147411 0.236423
2 0.507267 0.635003 0.0846867 0.0851112
1 0.191134 0.647888 0.0546753 0.0611847
2 0.653956 0.62998 0.0462929 0.051139
2 0.697693 0.628643 0.0382693 0.0416373
2 0.578901 0.627342 0.0720821 0.0774747
2 0.741925 0.621769 0.0356936 0.0418406
2 0.881401 0.636135 0.0317558 0.0433329
0 0.193273 0.619094 0.0296316 0.0942154
2 0.778325 0.618258 0.0351379 0.0377073
2 0.856336 0.608768 0.0216808 0.0248624
2 0.618398 0.624195 0.0320189 0.067759
2 0.419799 0.642003 0.0810448 0.0694925
0 0.330415 0.62953 0.0223959 0.0456151
2 0.074055 0.662292 0.147411 0.236423
2 0.507267 0.635003 0.0846867 0.0851112
1 0.191134 0.647888 0.0546753 0.0611847
2 0.653956 0.62998 0.0462929 0.051139
2 0.697693 0.628643 0.0382693 0.0416373
2 0.578901 0.627342 0.0720821 0.0774747
2 0.741925 0.621769 0.0356936 0.0418406
2 0.881401 0.636135 0.0317558 0.0433329
0 0.193273 0.619094 0.0296316 0.0942154
2 0.778325 0.618258 0.0351379 0.0377073
2 0.856336 0.608768 0.0216808 0.0248624
2 0.618398 0.624195 0.0320189 0.067759
2 0.419799 0.642003 0.0810448 0.0694925
0 0.330415 0.62953 0.0223959 0.0456151
2 0.074055 0.662292 0.147411 0.236423
2 0.507267 0.635003 0.0846867 0.0851112
1 0.191134 0.647888 0.0546753 0.0611847
2 0.653956 0.62998 0.0462929 0.051139
2 0.697693 0.628643 0.0382693 0.0416373
2 0.578901 0.627342 0.0720821 0.0774747
2 0.741925 0.621769 0.0356936 0.0418406
2 0.881401 0.636135 0.0317558 0.0433329
0 0.193273 0.619094 0.0296316 0.0942154
2 0.778325 0.618258 0.0351379 0.0377073
2 0.856336 0.608768 0.0216808 0.0248624
2 0.618398 0.624195 0.0320189 0.067759
2 0.419799 0.642003 0.0810448 0.0694925
0 0.330415 0.62953 0.0223959 0.0456151
2 0.810028 0.611035 0.0197414 0.0286708
