2 0.0738732 0.662254 0.146978 0.235751
2 0.507555 0.635038 0.0852409 0.0851451
2 0.707698 0.659087 0.0619907 0.0828164
2 0.656272 0.630609 0.0461843 0.0484294
2 0.418681 0.642788 0.0785028 0.067384
2 0.580504 0.626993 0.0730812 0.077181
2 0.881329 0.635001 0.0320591 0.045682
0 0.202083 0.620273 0.0203334 0.0863554
2 0.776441 0.615275 0.0323313 0.0325463
2 0.749378 0.619775 0.0215652 0.0289122
2 0.858003 0.609347 0.0190817 0.0218478
0 0.330279 0.629382 0.022722 0.0455541
2 0.725216 0.618645 0.035458 0.0321789
2 0.0738732 0.662254 0.146978 0.235751
2 0.507555 0.635038 0.0852409 0.0851451
2 0.707698 0.659087 0.0619907 0.0828164
2 0.656272 0.630609 0.0461843 0.0484294
2 0.418681 0.642788 0.0785028 0.067384
2 0.580504 0.626993 0.0730812 0.077181
2 0.881329 0.635001 0.0320591 0.045682
0 0.202083 0.620273 0.0203334 0.0863554
2 0.776441 0.615275 0.0323313 0.0325463
2 0.749378 0.619775 0.0215652 0.0289122
2 0.858003 0.609347 0.0190817 0.0218478
0 0.330279 0.629382 0.022722 0.0455541
2 0.725216 0.618645 0.035458 0.0321789
2 0.0738732 0.662254 0.146978 0.235751
2 0.507555 0.635038 0.0852409 0.0851451
2 0.707698 0.659087 0.0619907 0.0828164
2 0.656272 0.630609 0.0461843 0.0484294
2 0.418681 0.642788 0.0785028 0.067384
2 0.580504 0.626993 0.0730812 0.077181
2 0.881329 0.635001 0.0320591 0.045682
0 0.202083 0.620273 0.0203334 0.0863554
2 0.776441 0.615275 0.0323313 0.0325463
2 0.749378 0.619775 0.0215652 0.0289122
2 0.858003 0.609347 0.0190817 0.0218478
0 0.330279 0.629382 0.022722 0.0455541
2 0.725216 0.618645 0.035458 0.0321789
2 0.0738732 0.662254 0.146978 0.235751
2 0.507555 0.635038 0.0852409 0.0851451
2 0.707698 0.659087 0.0619907 0.0828164
2 0.656272 0.630609 0.0461843 0.0484294
2 0.418681 0.642788 0.0785028 0.067384
2 0.580504 0.626993 0.0730812 0.077181
2 0.881329 0.635001 0.0320591 0.045682
0 0.202083 0.620273 0.0203334 0.0863554
2 0.776441 0.615275 0.0323313 0.0325463
2 0.749378 0.619775 0.0215652 0.0289122
2 0.858003 0.609347 0.0190817 0.0218478
0 0.330279 0.629382 0.022722 0.0455541
2 0.725216 0.618645 0.035458 0.0321789
2 0.0738732 0.662254 0.146978 0.235751
2 0.507555 0.635038 0.0852409 0.0851451
2 0.707698 0.659087 0.0619907 0.0828164
2 0.656272 0.630609 0.0461843 0.0484294
2 0.418681 0.642788 0.0785028 0.067384
2 0.580504 0.626993 0.0730812 0.077181
2 0.881329 0.635001 0.0320591 0.045682
0 0.202083 0.620273 0.0203334 0.0863554
2 0.776441 0.615275 0.0323313 0.0325463
2 0.749378 0.619775 0.0215652 0.0289122
2 0.858003 0.609347 0.0190817 0.0218478
0 0.330279 0.629382 0.022722 0.0455541
2 0.725216 0.618645 0.035458 0.0321789
2 0.80209 0.613647 0.0174762 0.0263167
