0 0.87776 0.660588 0.0213842 0.0848155
2 0.720834 0.620508 0.0465921 0.0361095
0 0.940927 0.679347 0.0327129 0.137226
0 0.89388 0.664531 0.00950127 0.0766366
0 0.330969 0.630937 0.0221347 0.0517598
2 0.84753 0.612798 0.0174122 0.0220137
0 0.87776 0.660588 0.0213842 0.0848155
2 0.720834 0.620508 0.0465921 0.0361095
0 0.940927 0.679347 0.0327129 0.137226
0 0.89388 0.664531 0.00950127 0.0766366
0 0.330969 0.630937 0.0221347 0.0517598
2 0.84753 0.612798 0.0174122 0.0220137
0 0.87776 0.660588 0.0213842 0.0848155
2 0.720834 0.620508 0.0465921 0.0361095
0 0.940927 0.679347 0.0327129 0.137226
0 0.89388 0.664531 0.00950127 0.0766366
0 0.330969 0.630937 0.0221347 0.0517598
2 0.84753 0.612798 0.0174122 0.0220137
0 0.87776 0.660588 0.0213842 0.0848155
2 0.720834 0.620508 0.0465921 0.0361095
0 0.940927 0.679347 0.0327129 0.137226
0 0.89388 0.664531 0.00950127 0.0766366
0 0.330969 0.630937 0.0221347 0.0517598
2 0.84753 0.612798 0.0174122 0.0220137
0 0.87776 0.660588 0.0213842 0.0848155
2 0.720834 0.620508 0.0465921 0.0361095
0 0.940927 0.679347 0.0327129 0.137226
0 0.89388 0.664531 0.00950127 0.0766366
0 0.330969 0.630937 0.0221347 0.0517598
2 0.84753 0.612798 0.0174122 0.0220137
2 0.764547 0.617508 0.0279961 0.0313336
2 0.777494 0.615717 0.0222404 0.0304282
2 0.757822 0.619307 0.0240965 0.0280668
2 0.749413 0.619225 0.0177345 0.0286954
2 0.887718 0.612209 0.020985 0.0306904
2 0.853878 0.611925 0.0242905 0.0239214
