2 0.720937 0.620614 0.0461148 0.0363014
0 0.876619 0.66113 0.0181976 0.0815017
2 0.840497 0.612651 0.0184368 0.0242588
0 0.505972 0.618365 0.012586 0.0628048
0 0.330859 0.630197 0.0214771 0.0486644
0 0.894591 0.666827 0.00911789 0.0635673
2 0.720937 0.620614 0.0461148 0.0363014
0 0.876619 0.66113 0.0181976 0.0815017
2 0.840497 0.612651 0.0184368 0.0242588
0 0.505972 0.618365 0.012586 0.0628048
0 0.330859 0.630197 0.0214771 0.0486644
0 0.894591 0.666827 0.00911789 0.0635673
2 0.720937 0.620614 0.0461148 0.0363014
0 0.876619 0.66113 0.0181976 0.0815017
2 0.840497 0.612651 0.0184368 0.0242588
0 0.505972 0.618365 0.012586 0.0628048
0 0.330859 0.630197 0.0214771 0.0486644
0 0.894591 0.666827 0.00911789 0.0635673
2 0.720937 0.620614 0.0461148 0.0363014
0 0.876619 0.66113 0.0181976 0.0815017
2 0.840497 0.612651 0.0184368 0.0242588
0 0.505972 0.618365 0.012586 0.0628048
0 0.330859 0.630197 0.0214771 0.0486644
0 0.894591 0.666827 0.00911789 0.0635673
2 0.720937 0.620614 0.0461148 0.0363014
0 0.876619 0.66113 0.0181976 0.0815017
2 0.840497 0.612651 0.0184368 0.0242588
0 0.505972 0.618365 0.012586 0.0628048
0 0.330859 0.630197 0.0214771 0.0486644
0 0.894591 0.666827 0.00911789 0.0635673
2 0.763118 0.617821 0.0253446 0.0304716
2 0.758257 0.619395 0.0245269 0.0278052
0 0.941379 0.683835 0.0331232 0.132972
2 0.749129 0.619397 0.0173565 0.0282557
2 0.777334 0.615998 0.0210158 0.029816
2 0.85699 0.611094 0.0177929 0.0236109
