2 0.363834 0.643276 0.143988 0.0881855
2 0.521036 0.643656 0.0788879 0.0685898
2 0.757174 0.645175 0.0532127 0.0606438
2 0.0866958 0.658604 0.172209 0.22052
2 0.656282 0.648761 0.107547 0.0931898
2 0.479672 0.639068 0.0437735 0.0577274
0 0.216385 0.621472 0.0173402 0.0966853
2 0.853127 0.624465 0.0266476 0.0368261
2 0.881211 0.636188 0.0332176 0.0438247
2 0.557417 0.631158 0.065825 0.0710156
2 0.615324 0.621818 0.0585821 0.0690721
2 0.725111 0.618759 0.0350096 0.0465966
2 0.689673 0.613889 0.0382141 0.0488059
2 0.811155 0.624826 0.0398897 0.059779
2 0.363834 0.643276 0.143988 0.0881855
2 0.521036 0.643656 0.0788879 0.0685898
2 0.757174 0.645175 0.0532127 0.0606438
2 0.0866958 0.658604 0.172209 0.22052
2 0.656282 0.648761 0.107547 0.0931898
2 0.479672 0.639068 0.0437735 0.0577274
0 0.216385 0.621472 0.0173402 0.0966853
2 0.853127 0.624465 0.0266476 0.0368261
2 0.881211 0.636188 0.0332176 0.0438247
2 0.557417 0.631158 0.065825 0.0710156
2 0.615324 0.621818 0.0585821 0.0690721
2 0.725111 0.618759 0.0350096 0.0465966
2 0.689673 0.613889 0.0382141 0.0488059
2 0.811155 0.624826 0.0398897 0.059779
2 0.363834 0.643276 0.143988 0.0881855
2 0.521036 0.643656 0.0788879 0.0685898
2 0.757174 0.645175 0.0532127 0.0606438
2 0.0866958 0.658604 0.172209 0.22052
2 0.656282 0.648761 0.107547 0.0931898
2 0.479672 0.639068 0.0437735 0.0577274
0 0.216385 0.621472 0.0173402 0.0966853
2 0.853127 0.624465 0.0266476 0.0368261
2 0.881211 0.636188 0.0332176 0.0438247
2 0.557417 0.631158 0.065825 0.0710156
2 0.615324 0.621818 0.0585821 0.0690721
2 0.725111 0.618759 0.0350096 0.0465966
2 0.689673 0.613889 0.0382141 0.0488059
2 0.811155 0.624826 0.0398897 0.059779
2 0.363834 0.643276 0.143988 0.0881855
2 0.521036 0.643656 0.0788879 0.0685898
2 0.757174 0.645175 0.0532127 0.0606438
2 0.0866958 0.658604 0.172209 0.22052
2 0.656282 0.648761 0.107547 0.0931898
2 0.479672 0.639068 0.0437735 0.0577274
0 0.216385 0.621472 0.0173402 0.0966853
2 0.853127 0.624465 0.0266476 0.0368261
2 0.881211 0.636188 0.0332176 0.0438247
2 0.557417 0.631158 0.065825 0.0710156
2 0.615324 0.621818 0.0585821 0.0690721
2 0.725111 0.618759 0.0350096 0.0465966
2 0.689673 0.613889 0.0382141 0.0488059
2 0.811155 0.624826 0.0398897 0.059779
2 0.363834 0.643276 0.143988 0.0881855
2 0.521036 0.643656 0.0788879 0.0685898
2 0.757174 0.645175 0.0532127 0.0606438
2 0.0866958 0.658604 0.172209 0.22052
2 0.656282 0.648761 0.107547 0.0931898
2 0.479672 0.639068 0.0437735 0.0577274
0 0.216385 0.621472 0.0173402 0.0966853
2 0.853127 0.624465 0.0266476 0.0368261
2 0.881211 0.636188 0.0332176 0.0438247
2 0.557417 0.631158 0.065825 0.0710156
2 0.615324 0.621818 0.0585821 0.0690721
2 0.725111 0.618759 0.0350096 0.0465966
2 0.689673 0.613889 0.0382141 0.0488059
2 0.811155 0.624826 0.0398897 0.059779
2 0.772414 0.614543 0.0390513 0.0305227
2 0.778598 0.614338 0.0305693 0.0322032
