2 0.540216 0.641893 0.0756037 0.0667882
1 0.796687 0.685686 0.051536 0.0573754
0 0.652025 0.68795 0.0277745 0.19424
0 0.676037 0.695931 0.0345293 0.214159
0 0.795612 0.657977 0.0330502 0.0836273
2 0.880088 0.637165 0.029722 0.0415953
2 0.855544 0.605582 0.0219879 0.0318403
2 0.734404 0.618284 0.0461588 0.053205
2 0.767484 0.616642 0.0254568 0.0317646
2 0.807654 0.613148 0.0327787 0.035446
0 0.331114 0.631251 0.0223995 0.0501858
2 0.706615 0.622426 0.0189266 0.0310237
2 0.540216 0.641893 0.0756037 0.0667882
1 0.796687 0.685686 0.051536 0.0573754
0 0.652025 0.68795 0.0277745 0.19424
0 0.676037 0.695931 0.0345293 0.214159
0 0.795612 0.657977 0.0330502 0.0836273
2 0.880088 0.637165 0.029722 0.0415953
2 0.855544 0.605582 0.0219879 0.0318403
2 0.734404 0.618284 0.0461588 0.053205
2 0.767484 0.616642 0.0254568 0.0317646
2 0.807654 0.613148 0.0327787 0.035446
0 0.331114 0.631251 0.0223995 0.0501858
2 0.706615 0.622426 0.0189266 0.0310237
2 0.540216 0.641893 0.0756037 0.0667882
1 0.796687 0.685686 0.051536 0.0573754
0 0.652025 0.68795 0.0277745 0.19424
0 0.676037 0.695931 0.0345293 0.214159
0 0.795612 0.657977 0.0330502 0.0836273
2 0.880088 0.637165 0.029722 0.0415953
2 0.855544 0.605582 0.0219879 0.0318403
2 0.734404 0.618284 0.0461588 0.053205
2 0.767484 0.616642 0.0254568 0.0317646
2 0.807654 0.613148 0.0327787 0.035446
0 0.331114 0.631251 0.0223995 0.0501858
2 0.706615 0.622426 0.0189266 0.0310237
2 0.540216 0.641893 0.0756037 0.0667882
1 0.796687 0.685686 0.051536 0.0573754
0 0.652025 0.68795 0.0277745 0.19424
0 0.676037 0.695931 0.0345293 0.214159
0 0.795612 0.657977 0.0330502 0.0836273
2 0.880088 0.637165 0.029722 0.0415953
2 0.855544 0.605582 0.0219879 0.0318403
2 0.734404 0.618284 0.0461588 0.053205
2 0.767484 0.616642 0.0254568 0.0317646
2 0.807654 0.613148 0.0327787 0.035446
0 0.331114 0.631251 0.0223995 0.0501858
2 0.706615 0.622426 0.0189266 0.0310237
2 0.540216 0.641893 0.0756037 0.0667882
1 0.796687 0.685686 0.051536 0.0573754
0 0.652025 0.68795 0.0277745 0.19424
0 0.676037 0.695931 0.0345293 0.214159
0 0.795612 0.657977 0.0330502 0.0836273
2 0.880088 0.637165 0.029722 0.0415953
2 0.855544 0.605582 0.0219879 0.0318403
2 0.734404 0.618284 0.0461588 0.053205
2 0.767484 0.616642 0.0254568 0.0317646
2 0.807654 0.613148 0.0327787 0.035446
0 0.331114 0.631251 0.0223995 0.0501858
2 0.706615 0.622426 0.0189266 0.0310237
1 0.94094 0.643046 0.0322435 0.0293857
2 0.784789 0.61538 0.0152885 0.0271676
