2 0.128099 0.629798 0.156355 0.104797
2 0.79186 0.67559 0.154757 0.0971583
1 0.0855358 0.661222 0.0676464 0.0881185
0 0.530842 0.675697 0.0372429 0.206129
2 0.663593 0.629129 0.037481 0.0519545
1 0.407151 0.673994 0.057003 0.0744346
1 0.0204351 0.655502 0.0407711 0.0800803
0 0.417628 0.632158 0.0355418 0.118044
2 0.717277 0.61902 0.0484427 0.0568559
0 0.0867958 0.629854 0.0358207 0.131588
2 0.881434 0.635998 0.0323513 0.0432712
0 0.362304 0.62059 0.0154538 0.0805154
0 0.0196765 0.61556 0.0343977 0.110189
1 0.569939 0.676483 0.0571101 0.0853861
0 0.560263 0.649663 0.030414 0.102111
0 0.331141 0.630324 0.0223879 0.0510924
2 0.620384 0.624217 0.0659923 0.0741689
2 0.128099 0.629798 0.156355 0.104797
2 0.79186 0.67559 0.154757 0.0971583
1 0.0855358 0.661222 0.0676464 0.0881185
0 0.530842 0.675697 0.0372429 0.206129
2 0.663593 0.629129 0.037481 0.0519545
1 0.407151 0.673994 0.057003 0.0744346
1 0.0204351 0.655502 0.0407711 0.0800803
0 0.417628 0.632158 0.0355418 0.118044
2 0.717277 0.61902 0.0484427 0.0568559
0 0.0867958 0.629854 0.0358207 0.131588
2 0.881434 0.635998 0.0323513 0.0432712
0 0.362304 0.62059 0.0154538 0.0805154
0 0.0196765 0.61556 0.0343977 0.110189
1 0.569939 0.676483 0.0571101 0.0853861
0 0.560263 0.649663 0.030414 0.102111
0 0.331141 0.630324 0.0223879 0.0510924
2 0.620384 0.624217 0.0659923 0.0741689
2 0.128099 0.629798 0.156355 0.104797
2 0.79186 0.67559 0.154757 0.0971583
1 0.0855358 0.661222 0.0676464 0.0881185
0 0.530842 0.675697 0.0372429 0.206129
2 0.663593 0.629129 0.037481 0.0519545
1 0.407151 0.673994 0.057003 0.0744346
1 0.0204351 0.655502 0.0407711 0.0800803
0 0.417628 0.632158 0.0355418 0.118044
2 0.717277 0.61902 0.0484427 0.0568559
0 0.0867958 0.629854 0.0358207 0.131588
2 0.881434 0.635998 0.0323513 0.0432712
0 0.362304 0.62059 0.0154538 0.0805154
0 0.0196765 0.61556 0.0343977 0.110189
1 0.569939 0.676483 0.0571101 0.0853861
0 0.560263 0.649663 0.030414 0.102111
0 0.331141 0.630324 0.0223879 0.0510924
2 0.620384 0.624217 0.0659923 0.0741689
2 0.128099 0.629798 0.156355 0.104797
2 0.79186 0.67559 0.154757 0.0971583
1 0.0855358 0.661222 0.0676464 0.0881185
0 0.530842 0.675697 0.0372429 0.206129
2 0.663593 0.629129 0.037481 0.0519545
1 0.407151 0.673994 0.057003 0.0744346
1 0.0204351 0.655502 0.0407711 0.0800803
0 0.417628 0.632158 0.0355418 0.118044
2 0.717277 0.61902 0.0484427 0.0568559
0 0.0867958 0.629854 0.0358207 0.131588
2 0.881434 0.635998 0.0323513 0.0432712
0 0.362304 0.62059 0.0154538 0.0805154
0 0.0196765 0.61556 0.0343977 0.110189
1 0.569939 0.676483 0.0571101 0.0853861
0 0.560263 0.649663 0.030414 0.102111
0 0.331141 0.630324 0.0223879 0.0510924
2 0.620384 0.624217 0.0659923 0.0741689
2 0.128099 0.629798 0.156355 0.104797
2 0.79186 0.67559 0.154757 0.0971583
1 0.0855358 0.661222 0.0676464 0.0881185
0 0.530842 0.675697 0.0372429 0.206129
2 0.663593 0.629129 0.037481 0.0519545
1 0.407151 0.673994 0.057003 0.0744346
1 0.0204351 0.655502 0.0407711 0.0800803
0 0.417628 0.632158 0.0355418 0.118044
2 0.717277 0.61902 0.0484427 0.0568559
0 0.0867958 0.629854 0.0358207 0.131588
2 0.881434 0.635998 0.0323513 0.0432712
0 0.362304 0.62059 0.0154538 0.0805154
0 0.0196765 0.61556 0.0343977 0.110189
1 0.569939 0.676483 0.0571101 0.0853861
0 0.560263 0.649663 0.030414 0.102111
0 0.331141 0.630324 0.0223879 0.0510924
2 0.620384 0.624217 0.0659923 0.0741689
2 0.527386 0.642849 0.0912663 0.0669695
2 0.833272 0.614916 0.0226896 0.0268785
2 0.764846 0.6174 0.0258826 0.0316215
2 0.5059 0.643044 0.0486252 0.0675749
2 0.857416 0.606211 0.0191574 0.0216207
0 0.347524 0.629222 0.0132154 0.0676636
2 0.749582 0.618828 0.0183081 0.028339
