2 0.278945 0.63257 0.160992 0.103942
2 0.0862439 0.658402 0.171546 0.220181
2 0.521454 0.643953 0.0793104 0.0682842
2 0.632083 0.654747 0.098916 0.0768311
2 0.727312 0.643624 0.062957 0.0754901
2 0.803312 0.636417 0.0403029 0.0476536
2 0.47979 0.639588 0.0437401 0.0582979
2 0.881155 0.635339 0.0328892 0.0461907
2 0.841189 0.621756 0.0277882 0.0495477
2 0.555293 0.631853 0.0625543 0.0709423
3 0.416181 0.646881 0.0343222 0.0590018
2 0.689651 0.619021 0.0385174 0.0593441
2 0.863323 0.621032 0.0180893 0.0360723
2 0.614408 0.608692 0.0539106 0.0424617
2 0.278945 0.63257 0.160992 0.103942
2 0.0862439 0.658402 0.171546 0.220181
2 0.521454 0.643953 0.0793104 0.0682842
2 0.632083 0.654747 0.098916 0.0768311
2 0.727312 0.643624 0.062957 0.0754901
2 0.803312 0.636417 0.0403029 0.0476536
2 0.47979 0.639588 0.0437401 0.0582979
2 0.881155 0.635339 0.0328892 0.0461907
2 0.841189 0.621756 0.0277882 0.0495477
2 0.555293 0.631853 0.0625543 0.0709423
3 0.416181 0.646881 0.0343222 0.0590018
2 0.689651 0.619021 0.0385174 0.0593441
2 0.863323 0.621032 0.0180893 0.0360723
2 0.614408 0.608692 0.0539106 0.0424617
2 0.278945 0.63257 0.160992 0.103942
2 0.0862439 0.658402 0.171546 0.220181
2 0.521454 0.643953 0.0793104 0.0682842
2 0.632083 0.654747 0.098916 0.0768311
2 0.727312 0.643624 0.062957 0.0754901
2 0.803312 0.636417 0.0403029 0.0476536
2 0.47979 0.639588 0.0437401 0.0582979
2 0.881155 0.635339 0.0328892 0.0461907
2 0.841189 0.621756 0.0277882 0.0495477
2 0.555293 0.631853 0.0625543 0.0709423
3 0.416181 0.646881 0.0343222 0.0590018
2 0.689651 0.619021 0.0385174 0.0593441
2 0.863323 0.621032 0.0180893 0.0360723
2 0.614408 0.608692 0.0539106 0.0424617
2 0.278945 0.63257 0.160992 0.103942
2 0.0862439 0.658402 0.171546 0.220181
2 0.521454 0.643953 0.0793104 0.0682842
2 0.632083 0.654747 0.098916 0.0768311
2 0.727312 0.643624 0.062957 0.0754901
2 0.803312 0.636417 0.0403029 0.0476536
2 0.47979 0.639588 0.0437401 0.0582979
2 0.881155 0.635339 0.0328892 0.0461907
2 0.841189 0.621756 0.0277882 0.0495477
2 0.555293 0.631853 0.0625543 0.0709423
3 0.416181 0.646881 0.0343222 0.0590018
2 0.689651 0.619021 0.0385174 0.0593441
2 0.863323 0.621032 0.0180893 0.0360723
2 0.614408 0.608692 0.0539106 0.0424617
2 0.278945 0.63257 0.160992 0.103942
2 0.0862439 0.658402 0.171546 0.220181
2 0.521454 0.643953 0.0793104 0.0682842
2 0.632083 0.654747 0.098916 0.0768311
2 0.727312 0.643624 0.062957 0.0754901
2 0.803312 0.636417 0.0403029 0.0476536
2 0.47979 0.639588 0.0437401 0.0582979
2 0.881155 0.635339 0.0328892 0.0461907
2 0.841189 0.621756 0.0277882 0.0495477
2 0.555293 0.631853 0.0625543 0.0709423
3 0.416181 0.646881 0.0343222 0.0590018
2 0.689651 0.619021 0.0385174 0.0593441
2 0.863323 0.621032 0.0180893 0.0360723
2 0.614408 0.608692 0.0539106 0.0424617
0 0.422965 0.635172 0.0205383 0.0753805
2 0.763642 0.616304 0.028187 0.0312486
2 0.657718 0.622377 0.042255 0.0391026
0 0.273099 0.603583 0.014215 0.0259504
