2 0.0736631 0.663063 0.146886 0.236237
2 0.507468 0.635099 0.0851349 0.0850163
2 0.654025 0.631135 0.0453581 0.0487806
2 0.77554 0.637263 0.0430777 0.0580752
2 0.41932 0.643009 0.0799206 0.0677595
2 0.579886 0.626975 0.0726023 0.077377
0 0.107689 0.594678 0.0161406 0.0525561
2 0.88141 0.635691 0.0325478 0.044338
0 0.330017 0.629204 0.0220091 0.0463158
2 0.712706 0.621476 0.0308025 0.0345217
2 0.0736631 0.663063 0.146886 0.236237
2 0.507468 0.635099 0.0851349 0.0850163
2 0.654025 0.631135 0.0453581 0.0487806
2 0.77554 0.637263 0.0430777 0.0580752
2 0.41932 0.643009 0.0799206 0.0677595
2 0.579886 0.626975 0.0726023 0.077377
0 0.107689 0.594678 0.0161406 0.0525561
2 0.88141 0.635691 0.0325478 0.044338
0 0.330017 0.629204 0.0220091 0.0463158
2 0.712706 0.621476 0.0308025 0.0345217
2 0.0736631 0.663063 0.146886 0.236237
2 0.507468 0.635099 0.0851349 0.0850163
2 0.654025 0.631135 0.0453581 0.0487806
2 0.77554 0.637263 0.0430777 0.0580752
2 0.41932 0.643009 0.0799206 0.0677595
2 0.579886 0.626975 0.0726023 0.077377
0 0.107689 0.594678 0.0161406 0.0525561
2 0.88141 0.635691 0.0325478 0.044338
0 0.330017 0.629204 0.0220091 0.0463158
2 0.712706 0.621476 0.0308025 0.0345217
2 0.0736631 0.663063 0.146886 0.236237
2 0.507468 0.635099 0.0851349 0.0850163
2 0.654025 0.631135 0.0453581 0.0487806
2 0.77554 0.637263 0.0430777 0.0580752
2 0.41932 0.643009 0.0799206 0.0677595
2 0.579886 0.626975 0.0726023 0.077377
0 0.107689 0.594678 0.0161406 0.0525561
2 0.88141 0.635691 0.0325478 0.044338
0 0.330017 0.629204 0.0220091 0.0463158
2 0.712706 0.621476 0.0308025 0.0345217
2 0.0736631 0.663063 0.146886 0.236237
2 0.507468 0.635099 0.0851349 0.0850163
2 0.654025 0.631135 0.0453581 0.0487806
2 0.77554 0.637263 0.0430777 0.0580752
2 0.41932 0.643009 0.0799206 0.0677595
2 0.579886 0.626975 0.0726023 0.077377
0 0.107689 0.594678 0.0161406 0.0525561
2 0.88141 0.635691 0.0325478 0.044338
0 0.330017 0.629204 0.0220091 0.0463158
2 0.712706 0.621476 0.0308025 0.0345217
2 0.74847 0.620005 0.0191971 0.0303146
2 0.733283 0.619524 0.0216788 0.0323691
2 0.623313 0.621123 0.029627 0.0696935
0 0.995688 0.641312 0.00781784 0.0695318
2 0.860031 0.608682 0.017153 0.0253752
2 0.810571 0.610768 0.019536 0.02938
