2 0.716754 0.625807 0.0418303 0.0423267
0 0.980045 0.735261 0.0389149 0.185579
1 0.863243 0.691315 0.0578373 0.063321
0 0.859545 0.670368 0.02505 0.100061
2 0.785565 0.61813 0.0264378 0.034913
2 0.836064 0.610491 0.0191177 0.0334691
0 0.331293 0.630948 0.0224699 0.0505019
0 0.488172 0.610778 0.0129406 0.0664301
2 0.762402 0.617564 0.022611 0.0308277
2 0.716754 0.625807 0.0418303 0.0423267
0 0.980045 0.735261 0.0389149 0.185579
1 0.863243 0.691315 0.0578373 0.063321
0 0.859545 0.670368 0.02505 0.100061
2 0.785565 0.61813 0.0264378 0.034913
2 0.836064 0.610491 0.0191177 0.0334691
0 0.331293 0.630948 0.0224699 0.0505019
0 0.488172 0.610778 0.0129406 0.0664301
2 0.762402 0.617564 0.022611 0.0308277
2 0.716754 0.625807 0.0418303 0.0423267
0 0.980045 0.735261 0.0389149 0.185579
1 0.863243 0.691315 0.0578373 0.063321
0 0.859545 0.670368 0.02505 0.100061
2 0.785565 0.61813 0.0264378 0.034913
2 0.836064 0.610491 0.0191177 0.0334691
0 0.331293 0.630948 0.0224699 0.0505019
0 0.488172 0.610778 0.0129406 0.0664301
2 0.762402 0.617564 0.022611 0.0308277
2 0.716754 0.625807 0.0418303 0.0423267
0 0.980045 0.735261 0.0389149 0.185579
1 0.863243 0.691315 0.0578373 0.063321
0 0.859545 0.670368 0.02505 0.100061
2 0.785565 0.61813 0.0264378 0.034913
2 0.836064 0.610491 0.0191177 0.0334691
0 0.331293 0.630948 0.0224699 0.0505019
0 0.488172 0.610778 0.0129406 0.0664301
2 0.762402 0.617564 0.022611 0.0308277
2 0.716754 0.625807 0.0418303 0.0423267
0 0.980045 0.735261 0.0389149 0.185579
1 0.863243 0.691315 0.0578373 0.063321
0 0.859545 0.670368 0.02505 0.100061
2 0.785565 0.61813 0.0264378 0.034913
2 0.836064 0.610491 0.0191177 0.0334691
0 0.331293 0.630948 0.0224699 0.0505019
0 0.488172 0.610778 0.0129406 0.0664301
2 0.762402 0.617564 0.022611 0.0308277
2 0.881856 0.635813 0.026593 0.0353628
2 0.805768 0.611825 0.0173366 0.0323705
2 0.742872 0.618897 0.0244456 0.0294044
2 0.866211 0.608805 0.0198904 0.0235708
2 0.73653 0.619002 0.015718 0.0308324
