2 0.0489892 0.667493 0.0972449 0.220347
2 0.507694 0.63508 0.0856428 0.0850238
2 0.79594 0.672683 0.125988 0.0961784
2 0.659207 0.630009 0.0452547 0.0481171
0 0.112542 0.647172 0.0361687 0.161247
0 0.866804 0.72986 0.035079 0.211409
2 0.580912 0.626806 0.0729475 0.0767841
0 0.217571 0.619391 0.0178736 0.0840597
2 0.418682 0.642803 0.0785449 0.0675582
2 0.713808 0.621364 0.0330723 0.0341278
0 0.330061 0.629014 0.0224216 0.0463769
2 0.775908 0.614453 0.0308989 0.0318164
2 0.885894 0.632177 0.0234053 0.0513376
2 0.621585 0.622711 0.0266705 0.0726154
2 0.748635 0.619013 0.0234806 0.0306544
2 0.0489892 0.667493 0.0972449 0.220347
2 0.507694 0.63508 0.0856428 0.0850238
2 0.79594 0.672683 0.125988 0.0961784
2 0.659207 0.630009 0.0452547 0.0481171
0 0.112542 0.647172 0.0361687 0.161247
0 0.866804 0.72986 0.035079 0.211409
2 0.580912 0.626806 0.0729475 0.0767841
0 0.217571 0.619391 0.0178736 0.0840597
2 0.418682 0.642803 0.0785449 0.0675582
2 0.713808 0.621364 0.0330723 0.0341278
0 0.330061 0.629014 0.0224216 0.0463769
2 0.775908 0.614453 0.0308989 0.0318164
2 0.885894 0.632177 0.0234053 0.0513376
2 0.621585 0.622711 0.0266705 0.0726154
2 0.748635 0.619013 0.0234806 0.0306544
2 0.0489892 0.667493 0.0972449 0.220347
2 0.507694 0.63508 0.0856428 0.0850238
2 0.79594 0.672683 0.125988 0.0961784
2 0.659207 0.630009 0.0452547 0.0481171
0 0.112542 0.647172 0.0361687 0.161247
0 0.866804 0.72986 0.035079 0.211409
2 0.580912 0.626806 0.0729475 0.0767841
0 0.217571 0.619391 0.0178736 0.0840597
2 0.418682 0.642803 0.0785449 0.0675582
2 0.713808 0.621364 0.0330723 0.0341278
0 0.330061 0.629014 0.0224216 0.0463769
2 0.775908 0.614453 0.0308989 0.0318164
2 0.885894 0.632177 0.0234053 0.0513376
2 0.621585 0.622711 0.0266705 0.0726154
2 0.748635 0.619013 0.0234806 0.0306544
2 0.0489892 0.667493 0.0972449 0.220347
2 0.507694 0.63508 0.0856428 0.0850238
2 0.79594 0.672683 0.125988 0.0961784
2 0.659207 0.630009 0.0452547 0.0481171
0 0.112542 0.647172 0.0361687 0.161247
0 0.866804 0.72986 0.035079 0.211409
2 0.580912 0.626806 0.0729475 0.0767841
0 0.217571 0.619391 0.0178736 0.0840597
2 0.418682 0.642803 0.0785449 0.0675582
2 0.713808 0.621364 0.0330723 0.0341278
0 0.330061 0.629014 0.0224216 0.0463769
2 0.775908 0.614453 0.0308989 0.0318164
2 0.885894 0.632177 0.0234053 0.0513376
2 0.621585 0.622711 0.0266705 0.0726154
2 0.748635 0.619013 0.0234806 0.0306544
2 0.0489892 0.667493 0.0972449 0.220347
2 0.507694 0.63508 0.0856428 0.0850238
2 0.79594 0.672683 0.125988 0.0961784
2 0.659207 0.630009 0.0452547 0.0481171
0 0.112542 0.647172 0.0361687 0.161247
0 0.866804 0.72986 0.035079 0.211409
2 0.580912 0.626806 0.0729475 0.0767841
0 0.217571 0.619391 0.0178736 0.0840597
2 0.418682 0.642803 0.0785449 0.0675582
2 0.713808 0.621364 0.0330723 0.0341278
0 0.330061 0.629014 0.0224216 0.0463769
2 0.775908 0.614453 0.0308989 0.0318164
2 0.885894 0.632177 0.0234053 0.0513376
2 0.621585 0.622711 0.0266705 0.0726154
2 0.748635 0.619013 0.0234806 0.0306544
2 0.733817 0.619635 0.0201344 0.0322449
2 0.737241 0.618582 0.0202892 0.0318327
