2 0.604704 0.632926 0.052111 0.0570491
2 0.536073 0.643196 0.0505514 0.0676897
0 0.487452 0.674762 0.0573303 0.197983
1 0.666038 0.671056 0.0526914 0.0566274
2 0.772968 0.619015 0.0336408 0.0396625
0 0.511659 0.672635 0.0302466 0.187051
2 0.880191 0.636986 0.0293966 0.0412954
0 0.330896 0.630212 0.021741 0.0486082
2 0.836924 0.609713 0.0224247 0.0357853
2 0.731794 0.619111 0.0240273 0.0339021
0 0.664908 0.648251 0.0294676 0.0766277
2 0.604704 0.632926 0.052111 0.0570491
2 0.536073 0.643196 0.0505514 0.0676897
0 0.487452 0.674762 0.0573303 0.197983
1 0.666038 0.671056 0.0526914 0.0566274
2 0.772968 0.619015 0.0336408 0.0396625
0 0.511659 0.672635 0.0302466 0.187051
2 0.880191 0.636986 0.0293966 0.0412954
0 0.330896 0.630212 0.021741 0.0486082
2 0.836924 0.609713 0.0224247 0.0357853
2 0.731794 0.619111 0.0240273 0.0339021
0 0.664908 0.648251 0.0294676 0.0766277
2 0.604704 0.632926 0.052111 0.0570491
2 0.536073 0.643196 0.0505514 0.0676897
0 0.487452 0.674762 0.0573303 0.197983
1 0.666038 0.671056 0.0526914 0.0566274
2 0.772968 0.619015 0.0336408 0.0396625
0 0.511659 0.672635 0.0302466 0.187051
2 0.880191 0.636986 0.0293966 0.0412954
0 0.330896 0.630212 0.021741 0.0486082
2 0.836924 0.609713 0.0224247 0.0357853
2 0.731794 0.619111 0.0240273 0.0339021
0 0.664908 0.648251 0.0294676 0.0766277
2 0.604704 0.632926 0.052111 0.0570491
2 0.536073 0.643196 0.0505514 0.0676897
0 0.487452 0.674762 0.0573303 0.197983
1 0.666038 0.671056 0.0526914 0.0566274
2 0.772968 0.619015 0.0336408 0.0396625
0 0.511659 0.672635 0.0302466 0.187051
2 0.880191 0.636986 0.0293966 0.0412954
0 0.330896 0.630212 0.021741 0.0486082
2 0.836924 0.609713 0.0224247 0.0357853
2 0.731794 0.619111 0.0240273 0.0339021
0 0.664908 0.648251 0.0294676 0.0766277
2 0.604704 0.632926 0.052111 0.0570491
2 0.536073 0.643196 0.0505514 0.0676897
0 0.487452 0.674762 0.0573303 0.197983
1 0.666038 0.671056 0.0526914 0.0566274
2 0.772968 0.619015 0.0336408 0.0396625
0 0.511659 0.672635 0.0302466 0.187051
2 0.880191 0.636986 0.0293966 0.0412954
0 0.330896 0.630212 0.021741 0.0486082
2 0.836924 0.609713 0.0224247 0.0357853
2 0.731794 0.619111 0.0240273 0.0339021
0 0.664908 0.648251 0.0294676 0.0766277
2 0.684583 0.620143 0.0549371 0.0603188
0 0.424991 0.612406 0.0135894 0.0701718
2 0.748334 0.620613 0.0159059 0.0277806
7 0.684403 0.620053 0.05567 0.0601883
2 0.720409 0.620071 0.0194498 0.0318224
2 0.754586 0.62104 0.0141684 0.027478
