2 0.505726 0.635071 0.0821475 0.0849447
0 0.271396 0.663197 0.0432336 0.166149
0 0.58246 0.689352 0.058135 0.193012
0 0.131064 0.645091 0.0392174 0.165223
2 0.671164 0.629418 0.0440836 0.0465069
0 0.157731 0.636796 0.03071 0.177848
2 0.589777 0.625562 0.073698 0.0736713
2 0.93479 0.685836 0.129774 0.0920112
0 0.784592 0.658962 0.0211491 0.10126
0 0.243979 0.613681 0.0144182 0.0774899
1 0.964811 0.740769 0.0695009 0.10788
0 0.860478 0.659899 0.0173553 0.0844048
0 0.875634 0.653499 0.0163252 0.0872036
2 0.714038 0.621201 0.0314091 0.0335724
2 0.748541 0.619085 0.0221128 0.03011
2 0.773296 0.61504 0.0271957 0.0309559
0 0.329964 0.629225 0.0218554 0.0456475
2 0.505726 0.635071 0.0821475 0.0849447
0 0.271396 0.663197 0.0432336 0.166149
0 0.58246 0.689352 0.058135 0.193012
0 0.131064 0.645091 0.0392174 0.165223
2 0.671164 0.629418 0.0440836 0.0465069
0 0.157731 0.636796 0.03071 0.177848
2 0.589777 0.625562 0.073698 0.0736713
2 0.93479 0.685836 0.129774 0.0920112
0 0.784592 0.658962 0.0211491 0.10126
0 0.243979 0.613681 0.0144182 0.0774899
1 0.964811 0.740769 0.0695009 0.10788
0 0.860478 0.659899 0.0173553 0.0844048
0 0.875634 0.653499 0.0163252 0.0872036
2 0.714038 0.621201 0.0314091 0.0335724
2 0.748541 0.619085 0.0221128 0.03011
2 0.773296 0.61504 0.0271957 0.0309559
0 0.329964 0.629225 0.0218554 0.0456475
2 0.505726 0.635071 0.0821475 0.0849447
0 0.271396 0.663197 0.0432336 0.166149
0 0.58246 0.689352 0.058135 0.193012
0 0.131064 0.645091 0.0392174 0.165223
2 0.671164 0.629418 0.0440836 0.0465069
0 0.157731 0.636796 0.03071 0.177848
2 0.589777 0.625562 0.073698 0.0736713
2 0.93479 0.685836 0.129774 0.0920112
0 0.784592 0.658962 0.0211491 0.10126
0 0.243979 0.613681 0.0144182 0.0774899
1 0.964811 0.740769 0.0695009 0.10788
0 0.860478 0.659899 0.0173553 0.0844048
0 0.875634 0.653499 0.0163252 0.0872036
2 0.714038 0.621201 0.0314091 0.0335724
2 0.748541 0.619085 0.0221128 0.03011
2 0.773296 0.61504 0.0271957 0.0309559
0 0.329964 0.629225 0.0218554 0.0456475
2 0.505726 0.635071 0.0821475 0.0849447
0 0.271396 0.663197 0.0432336 0.166149
0 0.58246 0.689352 0.058135 0.193012
0 0.131064 0.645091 0.0392174 0.165223
2 0.671164 0.629418 0.0440836 0.0465069
0 0.157731 0.636796 0.03071 0.177848
2 0.589777 0.625562 0.073698 0.0736713
2 0.93479 0.685836 0.129774 0.0920112
0 0.784592 0.658962 0.0211491 0.10126
0 0.243979 0.613681 0.0144182 0.0774899
1 0.964811 0.740769 0.0695009 0.10788
0 0.860478 0.659899 0.0173553 0.0844048
0 0.875634 0.653499 0.0163252 0.0872036
2 0.714038 0.621201 0.0314091 0.0335724
2 0.748541 0.619085 0.0221128 0.03011
2 0.773296 0.61504 0.0271957 0.0309559
0 0.329964 0.629225 0.0218554 0.0456475
2 0.505726 0.635071 0.0821475 0.0849447
0 0.271396 0.663197 0.0432336 0.166149
0 0.58246 0.689352 0.058135 0.193012
0 0.131064 0.645091 0.0392174 0.165223
2 0.671164 0.629418 0.0440836 0.0465069
0 0.157731 0.636796 0.03071 0.177848
2 0.589777 0.625562 0.073698 0.0736713
2 0.93479 0.685836 0.129774 0.0920112
0 0.784592 0.658962 0.0211491 0.10126
0 0.243979 0.613681 0.0144182 0.0774899
1 0.964811 0.740769 0.0695009 0.10788
0 0.860478 0.659899 0.0173553 0.0844048
0 0.875634 0.653499 0.0163252 0.0872036
2 0.714038 0.621201 0.0314091 0.0335724
2 0.748541 0.619085 0.0221128 0.03011
2 0.773296 0.61504 0.0271957 0.0309559
0 0.329964 0.629225 0.0218554 0.0456475
2 0.887761 0.629103 0.0197775 0.0572174
2 0.628194 0.62247 0.0300902 0.0694341
0 0.325217 0.630081 0.0310341 0.0468926
2 0.732794 0.619618 0.022277 0.0320825
2 0.741978 0.618775 0.0295294 0.0320968
2 0.802726 0.613434 0.0187061 0.0267228
