2 0.0740086 0.662544 0.147214 0.236745
2 0.507476 0.635074 0.0851703 0.0851068
2 0.653014 0.631198 0.0463703 0.0491442
2 0.812632 0.631027 0.0299074 0.0447159
2 0.418908 0.643222 0.0788145 0.0674236
2 0.713699 0.621194 0.0321966 0.0342816
2 0.580291 0.62706 0.072982 0.0775806
0 0.330138 0.629157 0.0222742 0.0459167
2 0.880895 0.63702 0.0325573 0.0419645
2 0.749468 0.619645 0.0201783 0.0292553
2 0.776144 0.615847 0.032173 0.0324314
2 0.848511 0.61051 0.019865 0.0270075
2 0.0740086 0.662544 0.147214 0.236745
2 0.507476 0.635074 0.0851703 0.0851068
2 0.653014 0.631198 0.0463703 0.0491442
2 0.812632 0.631027 0.0299074 0.0447159
2 0.418908 0.643222 0.0788145 0.0674236
2 0.713699 0.621194 0.0321966 0.0342816
2 0.580291 0.62706 0.072982 0.0775806
0 0.330138 0.629157 0.0222742 0.0459167
2 0.880895 0.63702 0.0325573 0.0419645
2 0.749468 0.619645 0.0201783 0.0292553
2 0.776144 0.615847 0.032173 0.0324314
2 0.848511 0.61051 0.019865 0.0270075
2 0.0740086 0.662544 0.147214 0.236745
2 0.507476 0.635074 0.0851703 0.0851068
2 0.653014 0.631198 0.0463703 0.0491442
2 0.812632 0.631027 0.0299074 0.0447159
2 0.418908 0.643222 0.0788145 0.0674236
2 0.713699 0.621194 0.0321966 0.0342816
2 0.580291 0.62706 0.072982 0.0775806
0 0.330138 0.629157 0.0222742 0.0459167
2 0.880895 0.63702 0.0325573 0.0419645
2 0.749468 0.619645 0.0201783 0.0292553
2 0.776144 0.615847 0.032173 0.0324314
2 0.848511 0.61051 0.019865 0.0270075
2 0.0740086 0.662544 0.147214 0.236745
2 0.507476 0.635074 0.0851703 0.0851068
2 0.653014 0.631198 0.0463703 0.0491442
2 0.812632 0.631027 0.0299074 0.0447159
2 0.418908 0.643222 0.0788145 0.0674236
2 0.713699 0.621194 0.0321966 0.0342816
2 0.580291 0.62706 0.072982 0.0775806
0 0.330138 0.629157 0.0222742 0.0459167
2 0.880895 0.63702 0.0325573 0.0419645
2 0.749468 0.619645 0.0201783 0.0292553
2 0.776144 0.615847 0.032173 0.0324314
2 0.848511 0.61051 0.019865 0.0270075
2 0.0740086 0.662544 0.147214 0.236745
2 0.507476 0.635074 0.0851703 0.0851068
2 0.653014 0.631198 0.0463703 0.0491442
2 0.812632 0.631027 0.0299074 0.0447159
2 0.418908 0.643222 0.0788145 0.0674236
2 0.713699 0.621194 0.0321966 0.0342816
2 0.580291 0.62706 0.072982 0.0775806
0 0.330138 0.629157 0.0222742 0.0459167
2 0.880895 0.63702 0.0325573 0.0419645
2 0.749468 0.619645 0.0201783 0.0292553
2 0.776144 0.615847 0.032173 0.0324314
2 0.848511 0.61051 0.019865 0.0270075
2 0.734529 0.619502 0.0188335 0.0324404
