2 0.521264 0.643114 0.0779541 0.0688641
0 0.238522 0.64891 0.0508086 0.17748
2 0.713004 0.625041 0.0400623 0.045738
2 0.928002 0.698032 0.143215 0.102905
2 0.567393 0.635432 0.0446688 0.0611203
2 0.0399086 0.625897 0.0757053 0.105854
0 0.199347 0.647649 0.0330709 0.183452
0 0.409981 0.618326 0.0138937 0.07562
7 0.629893 0.623484 0.0662325 0.0713469
1 0.352776 0.65074 0.0482101 0.0545607
2 0.786531 0.613385 0.034918 0.0453315
2 0.881055 0.63622 0.0313692 0.0433853
1 0.0176789 0.651563 0.0339686 0.0687998
0 0.330079 0.628145 0.0196621 0.0472698
0 0.353355 0.631952 0.0247559 0.0733102
2 0.521264 0.643114 0.0779541 0.0688641
0 0.238522 0.64891 0.0508086 0.17748
2 0.713004 0.625041 0.0400623 0.045738
2 0.928002 0.698032 0.143215 0.102905
2 0.567393 0.635432 0.0446688 0.0611203
2 0.0399086 0.625897 0.0757053 0.105854
0 0.199347 0.647649 0.0330709 0.183452
0 0.409981 0.618326 0.0138937 0.07562
7 0.629893 0.623484 0.0662325 0.0713469
1 0.352776 0.65074 0.0482101 0.0545607
2 0.786531 0.613385 0.034918 0.0453315
2 0.881055 0.63622 0.0313692 0.0433853
1 0.0176789 0.651563 0.0339686 0.0687998
0 0.330079 0.628145 0.0196621 0.0472698
0 0.353355 0.631952 0.0247559 0.0733102
2 0.521264 0.643114 0.0779541 0.0688641
0 0.238522 0.64891 0.0508086 0.17748
2 0.713004 0.625041 0.0400623 0.045738
2 0.928002 0.698032 0.143215 0.102905
2 0.567393 0.635432 0.0446688 0.0611203
2 0.0399086 0.625897 0.0757053 0.105854
0 0.199347 0.647649 0.0330709 0.183452
0 0.409981 0.618326 0.0138937 0.07562
7 0.629893 0.623484 0.0662325 0.0713469
1 0.352776 0.65074 0.0482101 0.0545607
2 0.786531 0.613385 0.034918 0.0453315
2 0.881055 0.63622 0.0313692 0.0433853
1 0.0176789 0.651563 0.0339686 0.0687998
0 0.330079 0.628145 0.0196621 0.0472698
0 0.353355 0.631952 0.0247559 0.0733102
2 0.521264 0.643114 0.0779541 0.0688641
0 0.238522 0.64891 0.0508086 0.17748
2 0.713004 0.625041 0.0400623 0.045738
2 0.928002 0.698032 0.143215 0.102905
2 0.567393 0.635432 0.0446688 0.0611203
2 0.0399086 0.625897 0.0757053 0.105854
0 0.199347 0.647649 0.0330709 0.183452
0 0.409981 0.618326 0.0138937 0.07562
7 0.629893 0.623484 0.0662325 0.0713469
1 0.352776 0.65074 0.0482101 0.0545607
2 0.786531 0.613385 0.034918 0.0453315
2 0.881055 0.63622 0.0313692 0.0433853
1 0.0176789 0.651563 0.0339686 0.0687998
0 0.330079 0.628145 0.0196621 0.0472698
0 0.353355 0.631952 0.0247559 0.0733102
2 0.521264 0.643114 0.0779541 0.0688641
0 0.238522 0.64891 0.0508086 0.17748
2 0.713004 0.625041 0.0400623 0.045738
2 0.928002 0.698032 0.143215 0.102905
2 0.567393 0.635432 0.0446688 0.0611203
2 0.0399086 0.625897 0.0757053 0.105854
0 0.199347 0.647649 0.0330709 0.183452
0 0.409981 0.618326 0.0138937 0.07562
7 0.629893 0.623484 0.0662325 0.0713469
1 0.352776 0.65074 0.0482101 0.0545607
2 0.786531 0.613385 0.034918 0.0453315
2 0.881055 0.63622 0.0313692 0.0433853
1 0.0176789 0.651563 0.0339686 0.0687998
0 0.330079 0.628145 0.0196621 0.0472698
0 0.353355 0.631952 0.0247559 0.0733102
0 0.0145697 0.626025 0.024985 0.105149
2 0.809829 0.609361 0.0192291 0.030747
2 0.761507 0.617048 0.0226249 0.0319938
2 0.736306 0.618291 0.0163313 0.0327567
