2 0.0740551 0.662196 0.147305 0.236266
2 0.507469 0.63503 0.0850312 0.0851308
2 0.729013 0.647844 0.0526325 0.0636739
2 0.653656 0.631441 0.0464283 0.0486365
2 0.419442 0.64297 0.0801141 0.0672946
0 0.159918 0.615083 0.0142444 0.0861933
2 0.580058 0.627115 0.0733735 0.0769394
2 0.881226 0.635714 0.0319708 0.0439777
2 0.845599 0.61477 0.018082 0.018732
2 0.774944 0.615554 0.029994 0.0318337
0 0.330132 0.629327 0.0221297 0.0472265
2 0.748665 0.619956 0.022547 0.0297601
2 0.0740551 0.662196 0.147305 0.236266
2 0.507469 0.63503 0.0850312 0.0851308
2 0.729013 0.647844 0.0526325 0.0636739
2 0.653656 0.631441 0.0464283 0.0486365
2 0.419442 0.64297 0.0801141 0.0672946
0 0.159918 0.615083 0.0142444 0.0861933
2 0.580058 0.627115 0.0733735 0.0769394
2 0.881226 0.635714 0.0319708 0.0439777
2 0.845599 0.61477 0.018082 0.018732
2 0.774944 0.615554 0.029994 0.0318337
0 0.330132 0.629327 0.0221297 0.0472265
2 0.748665 0.619956 0.022547 0.0297601
2 0.0740551 0.662196 0.147305 0.236266
2 0.507469 0.63503 0.0850312 0.0851308
2 0.729013 0.647844 0.0526325 0.0636739
2 0.653656 0.631441 0.0464283 0.0486365
2 0.419442 0.64297 0.0801141 0.0672946
0 0.159918 0.615083 0.0142444 0.0861933
2 0.580058 0.627115 0.0733735 0.0769394
2 0.881226 0.635714 0.0319708 0.0439777
2 0.845599 0.61477 0.018082 0.018732
2 0.774944 0.615554 0.029994 0.0318337
0 0.330132 0.629327 0.0221297 0.0472265
2 0.748665 0.619956 0.022547 0.0297601
2 0.0740551 0.662196 0.147305 0.236266
2 0.507469 0.63503 0.0850312 0.0851308
2 0.729013 0.647844 0.0526325 0.0636739
2 0.653656 0.631441 0.0464283 0.0486365
2 0.419442 0.64297 0.0801141 0.0672946
0 0.159918 0.615083 0.0142444 0.0861933
2 0.580058 0.627115 0.0733735 0.0769394
2 0.881226 0.635714 0.0319708 0.0439777
2 0.845599 0.61477 0.018082 0.018732
2 0.774944 0.615554 0.029994 0.0318337
0 0.330132 0.629327 0.0221297 0.0472265
2 0.748665 0.619956 0.022547 0.0297601
2 0.0740551 0.662196 0.147305 0.236266
2 0.507469 0.63503 0.0850312 0.0851308
2 0.729013 0.647844 0.0526325 0.0636739
2 0.653656 0.631441 0.0464283 0.0486365
2 0.419442 0.64297 0.0801141 0.0672946
0 0.159918 0.615083 0.0142444 0.0861933
2 0.580058 0.627115 0.0733735 0.0769394
2 0.881226 0.635714 0.0319708 0.0439777
2 0.845599 0.61477 0.018082 0.018732
2 0.774944 0.615554 0.029994 0.0318337
0 0.330132 0.629327 0.0221297 0.0472265
2 0.748665 0.619956 0.022547 0.0297601
2 0.741614 0.618469 0.0350127 0.0318604
2 0.801686 0.614242 0.0176306 0.0255274
2 0.705867 0.622141 0.0172091 0.0303747
2 0.623075 0.623854 0.0294802 0.0657633
