2 0.0821349 0.631961 0.162816 0.1247
1 0.863774 0.691838 0.0572147 0.0628754
2 0.735792 0.625402 0.0399054 0.03973
2 0.794916 0.61766 0.0267251 0.0337967
0 0.860191 0.670783 0.0249405 0.0985428
2 0.839453 0.609599 0.0264721 0.0325734
0 0.993296 0.739333 0.0126522 0.165553
2 0.711514 0.621847 0.028051 0.0345303
0 0.331125 0.631627 0.0220123 0.0518693
2 0.764305 0.616792 0.0268076 0.0316821
2 0.0821349 0.631961 0.162816 0.1247
1 0.863774 0.691838 0.0572147 0.0628754
2 0.735792 0.625402 0.0399054 0.03973
2 0.794916 0.61766 0.0267251 0.0337967
0 0.860191 0.670783 0.0249405 0.0985428
2 0.839453 0.609599 0.0264721 0.0325734
0 0.993296 0.739333 0.0126522 0.165553
2 0.711514 0.621847 0.028051 0.0345303
0 0.331125 0.631627 0.0220123 0.0518693
2 0.764305 0.616792 0.0268076 0.0316821
2 0.0821349 0.631961 0.162816 0.1247
1 0.863774 0.691838 0.0572147 0.0628754
2 0.735792 0.625402 0.0399054 0.03973
2 0.794916 0.61766 0.0267251 0.0337967
0 0.860191 0.670783 0.0249405 0.0985428
2 0.839453 0.609599 0.0264721 0.0325734
0 0.993296 0.739333 0.0126522 0.165553
2 0.711514 0.621847 0.028051 0.0345303
0 0.331125 0.631627 0.0220123 0.0518693
2 0.764305 0.616792 0.0268076 0.0316821
2 0.0821349 0.631961 0.162816 0.1247
1 0.863774 0.691838 0.0572147 0.0628754
2 0.735792 0.625402 0.0399054 0.03973
2 0.794916 0.61766 0.0267251 0.0337967
0 0.860191 0.670783 0.0249405 0.0985428
2 0.839453 0.609599 0.0264721 0.0325734
0 0.993296 0.739333 0.0126522 0.165553
2 0.711514 0.621847 0.028051 0.0345303
0 0.331125 0.631627 0.0220123 0.0518693
2 0.764305 0.616792 0.0268076 0.0316821
2 0.0821349 0.631961 0.162816 0.1247
1 0.863774 0.691838 0.0572147 0.0628754
2 0.735792 0.625402 0.0399054 0.03973
2 0.794916 0.61766 0.0267251 0.0337967
0 0.860191 0.670783 0.0249405 0.0985428
2 0.839453 0.609599 0.0264721 0.0325734
0 0.993296 0.739333 0.0126522 0.165553
2 0.711514 0.621847 0.028051 0.0345303
0 0.331125 0.631627 0.0220123 0.0518693
2 0.764305 0.616792 0.0268076 0.0316821
2 0.881321 0.636084 0.025914 0.0353868
2 0.812105 0.610935 0.0192431 0.0303794
0 0.667672 0.618382 0.0101952 0.037278
0 0.492158 0.611796 0.0111566 0.06308
