2 0.0743682 0.66247 0.147903 0.237213
2 0.507076 0.635073 0.0842876 0.0850439
2 0.654288 0.630828 0.0442325 0.0487077
2 0.695448 0.628164 0.0384878 0.0428418
2 0.579478 0.627269 0.0732465 0.0778937
2 0.727753 0.622769 0.0353361 0.0435932
2 0.41923 0.642779 0.0793089 0.0671009
2 0.88135 0.636082 0.0317013 0.0434106
2 0.844425 0.611724 0.0217098 0.024558
2 0.767075 0.619856 0.0312829 0.039051
2 0.619528 0.626451 0.032032 0.0632236
0 0.330318 0.629269 0.0228747 0.0456592
2 0.0743682 0.66247 0.147903 0.237213
2 0.507076 0.635073 0.0842876 0.0850439
2 0.654288 0.630828 0.0442325 0.0487077
2 0.695448 0.628164 0.0384878 0.0428418
2 0.579478 0.627269 0.0732465 0.0778937
2 0.727753 0.622769 0.0353361 0.0435932
2 0.41923 0.642779 0.0793089 0.0671009
2 0.88135 0.636082 0.0317013 0.0434106
2 0.844425 0.611724 0.0217098 0.024558
2 0.767075 0.619856 0.0312829 0.039051
2 0.619528 0.626451 0.032032 0.0632236
0 0.330318 0.629269 0.0228747 0.0456592
2 0.0743682 0.66247 0.147903 0.237213
2 0.507076 0.635073 0.0842876 0.0850439
2 0.654288 0.630828 0.0442325 0.0487077
2 0.695448 0.628164 0.0384878 0.0428418
2 0.579478 0.627269 0.0732465 0.0778937
2 0.727753 0.622769 0.0353361 0.0435932
2 0.41923 0.642779 0.0793089 0.0671009
2 0.88135 0.636082 0.0317013 0.0434106
2 0.844425 0.611724 0.0217098 0.024558
2 0.767075 0.619856 0.0312829 0.039051
2 0.619528 0.626451 0.032032 0.0632236
0 0.330318 0.629269 0.0228747 0.0456592
2 0.0743682 0.66247 0.147903 0.237213
2 0.507076 0.635073 0.0842876 0.0850439
2 0.654288 0.630828 0.0442325 0.0487077
2 0.695448 0.628164 0.0384878 0.0428418
2 0.579478 0.627269 0.0732465 0.0778937
2 0.727753 0.622769 0.0353361 0.0435932
2 0.41923 0.642779 0.0793089 0.0671009
2 0.88135 0.636082 0.0317013 0.0434106
2 0.844425 0.611724 0.0217098 0.024558
2 0.767075 0.619856 0.0312829 0.039051
2 0.619528 0.626451 0.032032 0.0632236
0 0.330318 0.629269 0.0228747 0.0456592
2 0.0743682 0.66247 0.147903 0.237213
2 0.507076 0.635073 0.0842876 0.0850439
2 0.654288 0.630828 0.0442325 0.0487077
2 0.695448 0.628164 0.0384878 0.0428418
2 0.579478 0.627269 0.0732465 0.0778937
2 0.727753 0.622769 0.0353361 0.0435932
2 0.41923 0.642779 0.0793089 0.0671009
2 0.88135 0.636082 0.0317013 0.0434106
2 0.844425 0.611724 0.0217098 0.024558
2 0.767075 0.619856 0.0312829 0.039051
2 0.619528 0.626451 0.032032 0.0632236
0 0.330318 0.629269 0.0228747 0.0456592
2 0.812173 0.61042 0.0213909 0.0279911
2 0.797748 0.613726 0.0177673 0.0270808
