2 0.0706626 0.63734 0.140377 0.113151
2 0.605382 0.631648 0.0574085 0.0621611
1 0.863216 0.692056 0.0577126 0.0626014
2 0.720713 0.620365 0.0461914 0.0369097
0 0.858931 0.670504 0.0251511 0.0959972
2 0.80069 0.616561 0.0284975 0.0341883
2 0.833912 0.612079 0.0205727 0.0278821
0 0.330825 0.630655 0.0211292 0.0504276
2 0.0706626 0.63734 0.140377 0.113151
2 0.605382 0.631648 0.0574085 0.0621611
1 0.863216 0.692056 0.0577126 0.0626014
2 0.720713 0.620365 0.0461914 0.0369097
0 0.858931 0.670504 0.0251511 0.0959972
2 0.80069 0.616561 0.0284975 0.0341883
2 0.833912 0.612079 0.0205727 0.0278821
0 0.330825 0.630655 0.0211292 0.0504276
2 0.0706626 0.63734 0.140377 0.113151
2 0.605382 0.631648 0.0574085 0.0621611
1 0.863216 0.692056 0.0577126 0.0626014
2 0.720713 0.620365 0.0461914 0.0369097
0 0.858931 0.670504 0.0251511 0.0959972
2 0.80069 0.616561 0.0284975 0.0341883
2 0.833912 0.612079 0.0205727 0.0278821
0 0.330825 0.630655 0.0211292 0.0504276
2 0.0706626 0.63734 0.140377 0.113151
2 0.605382 0.631648 0.0574085 0.0621611
1 0.863216 0.692056 0.0577126 0.0626014
2 0.720713 0.620365 0.0461914 0.0369097
0 0.858931 0.670504 0.0251511 0.0959972
2 0.80069 0.616561 0.0284975 0.0341883
2 0.833912 0.612079 0.0205727 0.0278821
0 0.330825 0.630655 0.0211292 0.0504276
2 0.0706626 0.63734 0.140377 0.113151
2 0.605382 0.631648 0.0574085 0.0621611
1 0.863216 0.692056 0.0577126 0.0626014
2 0.720713 0.620365 0.0461914 0.0369097
0 0.858931 0.670504 0.0251511 0.0959972
2 0.80069 0.616561 0.0284975 0.0341883
2 0.833912 0.612079 0.0205727 0.0278821
0 0.330825 0.630655 0.0211292 0.0504276
2 0.776909 0.615809 0.024662 0.0319108
2 0.758757 0.618861 0.0212955 0.0288484
2 0.880872 0.6373 0.0254616 0.0402399
2 0.763737 0.617124 0.0259176 0.032117
0 0.667297 0.618487 0.0099987 0.0372064
0 0.539667 0.605282 0.0116194 0.0493251
2 0.749055 0.619061 0.0185371 0.0297329
