2 0.184871 0.637828 0.136337 0.0879518
2 0.56874 0.643345 0.14345 0.103081
2 0.720516 0.650259 0.0641282 0.0686261
2 0.0865073 0.658583 0.172013 0.220996
2 0.844747 0.62768 0.0305044 0.0402082
2 0.661633 0.630037 0.0365649 0.0514647
2 0.689014 0.617324 0.0374782 0.0561298
2 0.881459 0.637054 0.0326347 0.0423129
2 0.479757 0.639673 0.0436909 0.0587589
2 0.624615 0.623141 0.0574968 0.0702534
2 0.732186 0.613022 0.034408 0.0381276
3 0.415747 0.647095 0.034736 0.0591322
0 0.42333 0.634969 0.0192505 0.0749797
2 0.759263 0.616848 0.0239115 0.0336536
0 0.330843 0.629718 0.0214227 0.0476217
7 0.788944 0.627763 0.0457861 0.0675705
2 0.184871 0.637828 0.136337 0.0879518
2 0.56874 0.643345 0.14345 0.103081
2 0.720516 0.650259 0.0641282 0.0686261
2 0.0865073 0.658583 0.172013 0.220996
2 0.844747 0.62768 0.0305044 0.0402082
2 0.661633 0.630037 0.0365649 0.0514647
2 0.689014 0.617324 0.0374782 0.0561298
2 0.881459 0.637054 0.0326347 0.0423129
2 0.479757 0.639673 0.0436909 0.0587589
2 0.624615 0.623141 0.0574968 0.0702534
2 0.732186 0.613022 0.034408 0.0381276
3 0.415747 0.647095 0.034736 0.0591322
0 0.42333 0.634969 0.0192505 0.0749797
2 0.759263 0.616848 0.0239115 0.0336536
0 0.330843 0.629718 0.0214227 0.0476217
7 0.788944 0.627763 0.0457861 0.0675705
2 0.184871 0.637828 0.136337 0.0879518
2 0.56874 0.643345 0.14345 0.103081
2 0.720516 0.650259 0.0641282 0.0686261
2 0.0865073 0.658583 0.172013 0.220996
2 0.844747 0.62768 0.0305044 0.0402082
2 0.661633 0.630037 0.0365649 0.0514647
2 0.689014 0.617324 0.0374782 0.0561298
2 0.881459 0.637054 0.0326347 0.0423129
2 0.479757 0.639673 0.0436909 0.0587589
2 0.624615 0.623141 0.0574968 0.0702534
2 0.732186 0.613022 0.034408 0.0381276
3 0.415747 0.647095 0.034736 0.0591322
0 0.42333 0.634969 0.0192505 0.0749797
2 0.759263 0.616848 0.0239115 0.0336536
0 0.330843 0.629718 0.0214227 0.0476217
7 0.788944 0.627763 0.0457861 0.0675705
2 0.184871 0.637828 0.136337 0.0879518
2 0.56874 0.643345 0.14345 0.103081
2 0.720516 0.650259 0.0641282 0.0686261
2 0.0865073 0.658583 0.172013 0.220996
2 0.844747 0.62768 0.0305044 0.0402082
2 0.661633 0.630037 0.0365649 0.0514647
2 0.689014 0.617324 0.0374782 0.0561298
2 0.881459 0.637054 0.0326347 0.0423129
2 0.479757 0.639673 0.0436909 0.0587589
2 0.624615 0.623141 0.0574968 0.0702534
2 0.732186 0.613022 0.034408 0.0381276
3 0.415747 0.647095 0.034736 0.0591322
0 0.42333 0.634969 0.0192505 0.0749797
2 0.759263 0.616848 0.0239115 0.0336536
0 0.330843 0.629718 0.0214227 0.0476217
7 0.788944 0.627763 0.0457861 0.0675705
2 0.184871 0.637828 0.136337 0.0879518
2 0.56874 0.643345 0.14345 0.103081
2 0.720516 0.650259 0.0641282 0.0686261
2 0.0865073 0.658583 0.172013 0.220996
2 0.844747 0.62768 0.0305044 0.0402082
2 0.661633 0.630037 0.0365649 0.0514647
2 0.689014 0.617324 0.0374782 0.0561298
2 0.881459 0.637054 0.0326347 0.0423129
2 0.479757 0.639673 0.0436909 0.0587589
2 0.624615 0.623141 0.0574968 0.0702534
2 0.732186 0.613022 0.034408 0.0381276
3 0.415747 0.647095 0.034736 0.0591322
0 0.42333 0.634969 0.0192505 0.0749797
2 0.759263 0.616848 0.0239115 0.0336536
0 0.330843 0.629718 0.0214227 0.0476217
7 0.788944 0.627763 0.0457861 0.0675705
0 0.215325 0.596518 0.0125952 0.0488088
2 0.788929 0.62776 0.04582 0.0670338
2 0.491653 0.646184 0.0239183 0.0604188
2 0.666206 0.624618 0.0377654 0.0567376
