2 0.104034 0.659219 0.207398 0.231118
2 0.465782 0.651518 0.123674 0.11397
2 0.677148 0.658781 0.0695065 0.0911522
2 0.591222 0.636852 0.0572062 0.0570377
2 0.174208 0.622265 0.0996491 0.13492
2 0.395635 0.630782 0.113578 0.109174
2 0.712772 0.623428 0.034915 0.046089
2 0.779756 0.615654 0.0387584 0.0340984
2 0.643294 0.649736 0.0324574 0.076315
2 0.881221 0.636461 0.0324219 0.0424634
2 0.739337 0.623172 0.0281128 0.0412414
2 0.326253 0.642901 0.0429354 0.0731366
2 0.104034 0.659219 0.207398 0.231118
2 0.465782 0.651518 0.123674 0.11397
2 0.677148 0.658781 0.0695065 0.0911522
2 0.591222 0.636852 0.0572062 0.0570377
2 0.174208 0.622265 0.0996491 0.13492
2 0.395635 0.630782 0.113578 0.109174
2 0.712772 0.623428 0.034915 0.046089
2 0.779756 0.615654 0.0387584 0.0340984
2 0.643294 0.649736 0.0324574 0.076315
2 0.881221 0.636461 0.0324219 0.0424634
2 0.739337 0.623172 0.0281128 0.0412414
2 0.326253 0.642901 0.0429354 0.0731366
2 0.104034 0.659219 0.207398 0.231118
2 0.465782 0.651518 0.123674 0.11397
2 0.677148 0.658781 0.0695065 0.0911522
2 0.591222 0.636852 0.0572062 0.0570377
2 0.174208 0.622265 0.0996491 0.13492
2 0.395635 0.630782 0.113578 0.109174
2 0.712772 0.623428 0.034915 0.046089
2 0.779756 0.615654 0.0387584 0.0340984
2 0.643294 0.649736 0.0324574 0.076315
2 0.881221 0.636461 0.0324219 0.0424634
2 0.739337 0.623172 0.0281128 0.0412414
2 0.326253 0.642901 0.0429354 0.0731366
2 0.104034 0.659219 0.207398 0.231118
2 0.465782 0.651518 0.123674 0.11397
2 0.677148 0.658781 0.0695065 0.0911522
2 0.591222 0.636852 0.0572062 0.0570377
2 0.174208 0.622265 0.0996491 0.13492
2 0.395635 0.630782 0.113578 0.109174
2 0.712772 0.623428 0.034915 0.046089
2 0.779756 0.615654 0.0387584 0.0340984
2 0.643294 0.649736 0.0324574 0.076315
2 0.881221 0.636461 0.0324219 0.0424634
2 0.739337 0.623172 0.0281128 0.0412414
2 0.326253 0.642901 0.0429354 0.0731366
2 0.104034 0.659219 0.207398 0.231118
2 0.465782 0.651518 0.123674 0.11397
2 0.677148 0.658781 0.0695065 0.0911522
2 0.591222 0.636852 0.0572062 0.0570377
2 0.174208 0.622265 0.0996491 0.13492
2 0.395635 0.630782 0.113578 0.109174
2 0.712772 0.623428 0.034915 0.046089
2 0.779756 0.615654 0.0387584 0.0340984
2 0.643294 0.649736 0.0324574 0.076315
2 0.881221 0.636461 0.0324219 0.0424634
2 0.739337 0.623172 0.0281128 0.0412414
2 0.326253 0.642901 0.0429354 0.0731366
2 0.804255 0.61152 0.0190115 0.0306681
2 0.808121 0.611348 0.0205651 0.0298785
