2 0.120767 0.628069 0.140269 0.102927
2 0.521365 0.642946 0.078783 0.0679284
1 0.106665 0.657611 0.0621042 0.0873361
0 0.971765 0.759406 0.0554638 0.224673
1 0.202032 0.670254 0.0716548 0.0889416
1 0.580482 0.684048 0.0803299 0.0881825
1 0.732801 0.70081 0.0785949 0.0816745
2 0.663092 0.62917 0.0365222 0.0527599
2 0.923653 0.694027 0.152182 0.086522
2 0.787926 0.672138 0.102104 0.0960731
2 0.881721 0.636496 0.0321808 0.0437872
0 0.110258 0.62209 0.0462057 0.126285
0 0.581139 0.642245 0.0356961 0.113532
2 0.622124 0.624048 0.0606992 0.0740121
0 0.732217 0.668775 0.0341463 0.124672
0 0.0166819 0.626681 0.025428 0.142062
2 0.702107 0.618866 0.0439028 0.0580278
0 0.20652 0.633255 0.0400858 0.127485
0 0.430624 0.644702 0.025741 0.158047
0 0.332067 0.633517 0.0233179 0.0576384
2 0.120767 0.628069 0.140269 0.102927
2 0.521365 0.642946 0.078783 0.0679284
1 0.106665 0.657611 0.0621042 0.0873361
0 0.971765 0.759406 0.0554638 0.224673
1 0.202032 0.670254 0.0716548 0.0889416
1 0.580482 0.684048 0.0803299 0.0881825
1 0.732801 0.70081 0.0785949 0.0816745
2 0.663092 0.62917 0.0365222 0.0527599
2 0.923653 0.694027 0.152182 0.086522
2 0.787926 0.672138 0.102104 0.0960731
2 0.881721 0.636496 0.0321808 0.0437872
0 0.110258 0.62209 0.0462057 0.126285
0 0.581139 0.642245 0.0356961 0.113532
2 0.622124 0.624048 0.0606992 0.0740121
0 0.732217 0.668775 0.0341463 0.124672
0 0.0166819 0.626681 0.025428 0.142062
2 0.702107 0.618866 0.0439028 0.0580278
0 0.20652 0.633255 0.0400858 0.127485
0 0.430624 0.644702 0.025741 0.158047
0 0.332067 0.633517 0.0233179 0.0576384
2 0.120767 0.628069 0.140269 0.102927
2 0.521365 0.642946 0.078783 0.0679284
1 0.106665 0.657611 0.0621042 0.0873361
0 0.971765 0.759406 0.0554638 0.224673
1 0.202032 0.670254 0.0716548 0.0889416
1 0.580482 0.684048 0.0803299 0.0881825
1 0.732801 0.70081 0.0785949 0.0816745
2 0.663092 0.62917 0.0365222 0.0527599
2 0.923653 0.694027 0.152182 0.086522
2 0.787926 0.672138 0.102104 0.0960731
2 0.881721 0.636496 0.0321808 0.0437872
0 0.110258 0.62209 0.0462057 0.126285
0 0.581139 0.642245 0.0356961 0.113532
2 0.622124 0.624048 0.0606992 0.0740121
0 0.732217 0.668775 0.0341463 0.124672
0 0.0166819 0.626681 0.025428 0.142062
2 0.702107 0.618866 0.0439028 0.0580278
0 0.20652 0.633255 0.0400858 0.127485
0 0.430624 0.644702 0.025741 0.158047
0 0.332067 0.633517 0.0233179 0.0576384
2 0.120767 0.628069 0.140269 0.102927
2 0.521365 0.642946 0.078783 0.0679284
1 0.106665 0.657611 0.0621042 0.0873361
0 0.971765 0.759406 0.0554638 0.224673
1 0.202032 0.670254 0.0716548 0.0889416
1 0.580482 0.684048 0.0803299 0.0881825
1 0.732801 0.70081 0.0785949 0.0816745
2 0.663092 0.62917 0.0365222 0.0527599
2 0.923653 0.694027 0.152182 0.086522
2 0.787926 0.672138 0.102104 0.0960731
2 0.881721 0.636496 0.0321808 0.0437872
0 0.110258 0.62209 0.0462057 0.126285
0 0.581139 0.642245 0.0356961 0.113532
2 0.622124 0.624048 0.0606992 0.0740121
0 0.732217 0.668775 0.0341463 0.124672
0 0.0166819 0.626681 0.025428 0.142062
2 0.702107 0.618866 0.0439028 0.0580278
0 0.20652 0.633255 0.0400858 0.127485
0 0.430624 0.644702 0.025741 0.158047
0 0.332067 0.633517 0.0233179 0.0576384
2 0.120767 0.628069 0.140269 0.102927
2 0.521365 0.642946 0.078783 0.0679284
1 0.106665 0.657611 0.0621042 0.0873361
0 0.971765 0.759406 0.0554638 0.224673
1 0.202032 0.670254 0.0716548 0.0889416
1 0.580482 0.684048 0.0803299 0.0881825
1 0.732801 0.70081 0.0785949 0.0816745
2 0.663092 0.62917 0.0365222 0.0527599
2 0.923653 0.694027 0.152182 0.086522
2 0.787926 0.672138 0.102104 0.0960731
2 0.881721 0.636496 0.0321808 0.0437872
0 0.110258 0.62209 0.0462057 0.126285
0 0.581139 0.642245 0.0356961 0.113532
2 0.622124 0.624048 0.0606992 0.0740121
0 0.732217 0.668775 0.0341463 0.124672
0 0.0166819 0.626681 0.025428 0.142062
2 0.702107 0.618866 0.0439028 0.0580278
0 0.20652 0.633255 0.0400858 0.127485
0 0.430624 0.644702 0.025741 0.158047
0 0.332067 0.633517 0.0233179 0.0576384
2 0.821274 0.622209 0.0227737 0.0385757
2 0.84964 0.608651 0.0222309 0.0269597
2 0.559637 0.621622 0.0301491 0.03576
