2 0.121712 0.629135 0.156129 0.105082
2 0.521163 0.643089 0.0781692 0.0694908
2 0.810747 0.677318 0.159163 0.100636
1 0.405631 0.666644 0.0594084 0.0776167
2 0.666598 0.628638 0.0388246 0.0519172
0 0.640407 0.691672 0.0341086 0.203407
2 0.56764 0.635592 0.0453505 0.0620453
1 0.270285 0.662087 0.0662313 0.075071
0 0.410099 0.637084 0.032128 0.113741
0 0.272513 0.6217 0.0361314 0.118371
2 0.0107855 0.639452 0.0193172 0.0473292
2 0.727855 0.617768 0.0455925 0.0542012
2 0.884853 0.634693 0.0264851 0.0448647
2 0.842393 0.612651 0.0239443 0.0231374
2 0.610095 0.623831 0.0444085 0.0742441
0 0.330919 0.630546 0.0213985 0.0501359
2 0.763724 0.617637 0.0278466 0.0321191
0 0.378076 0.616732 0.01343 0.070862
2 0.121712 0.629135 0.156129 0.105082
2 0.521163 0.643089 0.0781692 0.0694908
2 0.810747 0.677318 0.159163 0.100636
1 0.405631 0.666644 0.0594084 0.0776167
2 0.666598 0.628638 0.0388246 0.0519172
0 0.640407 0.691672 0.0341086 0.203407
2 0.56764 0.635592 0.0453505 0.0620453
1 0.270285 0.662087 0.0662313 0.075071
0 0.410099 0.637084 0.032128 0.113741
0 0.272513 0.6217 0.0361314 0.118371
2 0.0107855 0.639452 0.0193172 0.0473292
2 0.727855 0.617768 0.0455925 0.0542012
2 0.884853 0.634693 0.0264851 0.0448647
2 0.842393 0.612651 0.0239443 0.0231374
2 0.610095 0.623831 0.0444085 0.0742441
0 0.330919 0.630546 0.0213985 0.0501359
2 0.763724 0.617637 0.0278466 0.0321191
0 0.378076 0.616732 0.01343 0.070862
2 0.121712 0.629135 0.156129 0.105082
2 0.521163 0.643089 0.0781692 0.0694908
2 0.810747 0.677318 0.159163 0.100636
1 0.405631 0.666644 0.0594084 0.0776167
2 0.666598 0.628638 0.0388246 0.0519172
0 0.640407 0.691672 0.0341086 0.203407
2 0.56764 0.635592 0.0453505 0.0620453
1 0.270285 0.662087 0.0662313 0.075071
0 0.410099 0.637084 0.032128 0.113741
0 0.272513 0.6217 0.0361314 0.118371
2 0.0107855 0.639452 0.0193172 0.0473292
2 0.727855 0.617768 0.0455925 0.0542012
2 0.884853 0.634693 0.0264851 0.0448647
2 0.842393 0.612651 0.0239443 0.0231374
2 0.610095 0.623831 0.0444085 0.0742441
0 0.330919 0.630546 0.0213985 0.0501359
2 0.763724 0.617637 0.0278466 0.0321191
0 0.378076 0.616732 0.01343 0.070862
2 0.121712 0.629135 0.156129 0.105082
2 0.521163 0.643089 0.0781692 0.0694908
2 0.810747 0.677318 0.159163 0.100636
1 0.405631 0.666644 0.0594084 0.0776167
2 0.666598 0.628638 0.0388246 0.0519172
0 0.640407 0.691672 0.0341086 0.203407
2 0.56764 0.635592 0.0453505 0.0620453
1 0.270285 0.662087 0.0662313 0.075071
0 0.410099 0.637084 0.032128 0.113741
0 0.272513 0.6217 0.0361314 0.118371
2 0.0107855 0.639452 0.0193172 0.0473292
2 0.727855 0.617768 0.0455925 0.0542012
2 0.884853 0.634693 0.0264851 0.0448647
2 0.842393 0.612651 0.0239443 0.0231374
2 0.610095 0.623831 0.0444085 0.0742441
0 0.330919 0.630546 0.0213985 0.0501359
2 0.763724 0.617637 0.0278466 0.0321191
0 0.378076 0.616732 0.01343 0.070862
2 0.121712 0.629135 0.156129 0.105082
2 0.521163 0.643089 0.0781692 0.0694908
2 0.810747 0.677318 0.159163 0.100636
1 0.405631 0.666644 0.0594084 0.0776167
2 0.666598 0.628638 0.0388246 0.0519172
0 0.640407 0.691672 0.0341086 0.203407
2 0.56764 0.635592 0.0453505 0.0620453
1 0.270285 0.662087 0.0662313 0.075071
0 0.410099 0.637084 0.032128 0.113741
0 0.272513 0.6217 0.0361314 0.118371
2 0.0107855 0.639452 0.0193172 0.0473292
2 0.727855 0.617768 0.0455925 0.0542012
2 0.884853 0.634693 0.0264851 0.0448647
2 0.842393 0.612651 0.0239443 0.0231374
2 0.610095 0.623831 0.0444085 0.0742441
0 0.330919 0.630546 0.0213985 0.0501359
2 0.763724 0.617637 0.0278466 0.0321191
0 0.378076 0.616732 0.01343 0.070862
2 0.784548 0.614942 0.0198539 0.0285568
2 0.810499 0.610347 0.0292336 0.0313742
