2 0.0739629 0.662829 0.147174 0.23652
2 0.507375 0.635235 0.0849453 0.0848708
2 0.653581 0.631136 0.0456442 0.0500031
2 0.745161 0.624309 0.0334623 0.0368346
2 0.580376 0.627107 0.0734879 0.0769402
2 0.880959 0.636211 0.0322891 0.0430861
2 0.714243 0.621424 0.0344011 0.034728
2 0.782434 0.618139 0.0328425 0.0364699
2 0.413242 0.643045 0.0675464 0.0675162
2 0.81061 0.613405 0.023682 0.0326738
0 0.33025 0.628956 0.0223147 0.0452777
1 0.946508 0.708964 0.043063 0.0527464
2 0.841225 0.611786 0.0199757 0.0232127
2 0.0739629 0.662829 0.147174 0.23652
2 0.507375 0.635235 0.0849453 0.0848708
2 0.653581 0.631136 0.0456442 0.0500031
2 0.745161 0.624309 0.0334623 0.0368346
2 0.580376 0.627107 0.0734879 0.0769402
2 0.880959 0.636211 0.0322891 0.0430861
2 0.714243 0.621424 0.0344011 0.034728
2 0.782434 0.618139 0.0328425 0.0364699
2 0.413242 0.643045 0.0675464 0.0675162
2 0.81061 0.613405 0.023682 0.0326738
0 0.33025 0.628956 0.0223147 0.0452777
1 0.946508 0.708964 0.043063 0.0527464
2 0.841225 0.611786 0.0199757 0.0232127
2 0.0739629 0.662829 0.147174 0.23652
2 0.507375 0.635235 0.0849453 0.0848708
2 0.653581 0.631136 0.0456442 0.0500031
2 0.745161 0.624309 0.0334623 0.0368346
2 0.580376 0.627107 0.0734879 0.0769402
2 0.880959 0.636211 0.0322891 0.0430861
2 0.714243 0.621424 0.0344011 0.034728
2 0.782434 0.618139 0.0328425 0.0364699
2 0.413242 0.643045 0.0675464 0.0675162
2 0.81061 0.613405 0.023682 0.0326738
0 0.33025 0.628956 0.0223147 0.0452777
1 0.946508 0.708964 0.043063 0.0527464
2 0.841225 0.611786 0.0199757 0.0232127
2 0.0739629 0.662829 0.147174 0.23652
2 0.507375 0.635235 0.0849453 0.0848708
2 0.653581 0.631136 0.0456442 0.0500031
2 0.745161 0.624309 0.0334623 0.0368346
2 0.580376 0.627107 0.0734879 0.0769402
2 0.880959 0.636211 0.0322891 0.0430861
2 0.714243 0.621424 0.0344011 0.034728
2 0.782434 0.618139 0.0328425 0.0364699
2 0.413242 0.643045 0.0675464 0.0675162
2 0.81061 0.613405 0.023682 0.0326738
0 0.33025 0.628956 0.0223147 0.0452777
1 0.946508 0.708964 0.043063 0.0527464
2 0.841225 0.611786 0.0199757 0.0232127
2 0.0739629 0.662829 0.147174 0.23652
2 0.507375 0.635235 0.0849453 0.0848708
2 0.653581 0.631136 0.0456442 0.0500031
2 0.745161 0.624309 0.0334623 0.0368346
2 0.580376 0.627107 0.0734879 0.0769402
2 0.880959 0.636211 0.0322891 0.0430861
2 0.714243 0.621424 0.0344011 0.034728
2 0.782434 0.618139 0.0328425 0.0364699
2 0.413242 0.643045 0.0675464 0.0675162
2 0.81061 0.613405 0.023682 0.0326738
0 0.33025 0.628956 0.0223147 0.0452777
1 0.946508 0.708964 0.043063 0.0527464
2 0.841225 0.611786 0.0199757 0.0232127
