2 0.0740341 0.662487 0.147321 0.23579
2 0.507782 0.634826 0.0848295 0.0850831
1 0.586169 0.655845 0.0510916 0.06997
2 0.714836 0.626313 0.0384424 0.0408503
2 0.653316 0.630673 0.0466813 0.0489744
2 0.418958 0.643034 0.0788826 0.0673928
2 0.742963 0.622041 0.0350204 0.0394777
0 0.58734 0.636625 0.0254213 0.0894672
2 0.88134 0.634894 0.032556 0.0454851
2 0.782466 0.617887 0.0297141 0.0358395
2 0.580238 0.624375 0.0714052 0.0712925
0 0.330008 0.629079 0.0225613 0.0452849
2 0.0740341 0.662487 0.147321 0.23579
2 0.507782 0.634826 0.0848295 0.0850831
1 0.586169 0.655845 0.0510916 0.06997
2 0.714836 0.626313 0.0384424 0.0408503
2 0.653316 0.630673 0.0466813 0.0489744
2 0.418958 0.643034 0.0788826 0.0673928
2 0.742963 0.622041 0.0350204 0.0394777
0 0.58734 0.636625 0.0254213 0.0894672
2 0.88134 0.634894 0.032556 0.0454851
2 0.782466 0.617887 0.0297141 0.0358395
2 0.580238 0.624375 0.0714052 0.0712925
0 0.330008 0.629079 0.0225613 0.0452849
2 0.0740341 0.662487 0.147321 0.23579
2 0.507782 0.634826 0.0848295 0.0850831
1 0.586169 0.655845 0.0510916 0.06997
2 0.714836 0.626313 0.0384424 0.0408503
2 0.653316 0.630673 0.0466813 0.0489744
2 0.418958 0.643034 0.0788826 0.0673928
2 0.742963 0.622041 0.0350204 0.0394777
0 0.58734 0.636625 0.0254213 0.0894672
2 0.88134 0.634894 0.032556 0.0454851
2 0.782466 0.617887 0.0297141 0.0358395
2 0.580238 0.624375 0.0714052 0.0712925
0 0.330008 0.629079 0.0225613 0.0452849
2 0.0740341 0.662487 0.147321 0.23579
2 0.507782 0.634826 0.0848295 0.0850831
1 0.586169 0.655845 0.0510916 0.06997
2 0.714836 0.626313 0.0384424 0.0408503
2 0.653316 0.630673 0.0466813 0.0489744
2 0.418958 0.643034 0.0788826 0.0673928
2 0.742963 0.622041 0.0350204 0.0394777
0 0.58734 0.636625 0.0254213 0.0894672
2 0.88134 0.634894 0.032556 0.0454851
2 0.782466 0.617887 0.0297141 0.0358395
2 0.580238 0.624375 0.0714052 0.0712925
0 0.330008 0.629079 0.0225613 0.0452849
2 0.0740341 0.662487 0.147321 0.23579
2 0.507782 0.634826 0.0848295 0.0850831
1 0.586169 0.655845 0.0510916 0.06997
2 0.714836 0.626313 0.0384424 0.0408503
2 0.653316 0.630673 0.0466813 0.0489744
2 0.418958 0.643034 0.0788826 0.0673928
2 0.742963 0.622041 0.0350204 0.0394777
0 0.58734 0.636625 0.0254213 0.0894672
2 0.88134 0.634894 0.032556 0.0454851
2 0.782466 0.617887 0.0297141 0.0358395
2 0.580238 0.624375 0.0714052 0.0712925
0 0.330008 0.629079 0.0225613 0.0452849
2 0.816167 0.615472 0.0189257 0.0283149
2 0.767357 0.6151 0.0191551 0.0347833
