0 0.953688 0.741053 0.0499832 0.171683
1 0.862792 0.691595 0.0569012 0.0625346
2 0.696436 0.628477 0.044784 0.0430493
2 0.775403 0.618853 0.0300181 0.0377937
0 0.857957 0.66956 0.0256504 0.10034
2 0.731231 0.619554 0.0256609 0.0333889
0 0.331157 0.630424 0.0216352 0.0491618
2 0.756114 0.620282 0.0178175 0.0266541
0 0.953688 0.741053 0.0499832 0.171683
1 0.862792 0.691595 0.0569012 0.0625346
2 0.696436 0.628477 0.044784 0.0430493
2 0.775403 0.618853 0.0300181 0.0377937
0 0.857957 0.66956 0.0256504 0.10034
2 0.731231 0.619554 0.0256609 0.0333889
0 0.331157 0.630424 0.0216352 0.0491618
2 0.756114 0.620282 0.0178175 0.0266541
0 0.953688 0.741053 0.0499832 0.171683
1 0.862792 0.691595 0.0569012 0.0625346
2 0.696436 0.628477 0.044784 0.0430493
2 0.775403 0.618853 0.0300181 0.0377937
0 0.857957 0.66956 0.0256504 0.10034
2 0.731231 0.619554 0.0256609 0.0333889
0 0.331157 0.630424 0.0216352 0.0491618
2 0.756114 0.620282 0.0178175 0.0266541
0 0.953688 0.741053 0.0499832 0.171683
1 0.862792 0.691595 0.0569012 0.0625346
2 0.696436 0.628477 0.044784 0.0430493
2 0.775403 0.618853 0.0300181 0.0377937
0 0.857957 0.66956 0.0256504 0.10034
2 0.731231 0.619554 0.0256609 0.0333889
0 0.331157 0.630424 0.0216352 0.0491618
2 0.756114 0.620282 0.0178175 0.0266541
0 0.953688 0.741053 0.0499832 0.171683
1 0.862792 0.691595 0.0569012 0.0625346
2 0.696436 0.628477 0.044784 0.0430493
2 0.775403 0.618853 0.0300181 0.0377937
0 0.857957 0.66956 0.0256504 0.10034
2 0.731231 0.619554 0.0256609 0.0333889
0 0.331157 0.630424 0.0216352 0.0491618
2 0.756114 0.620282 0.0178175 0.0266541
2 0.859516 0.607993 0.0163363 0.0215289
2 0.820553 0.615538 0.0226095 0.0309677
0 0.484996 0.614352 0.0107368 0.0621358
2 0.885992 0.613597 0.0222769 0.0383642
2 0.863362 0.607257 0.0239628 0.0227261
2 0.82474 0.612878 0.0247944 0.0346296
2 0.828815 0.61136 0.0199421 0.0312887
2 0.725086 0.620102 0.0181835 0.0331514
