2 0.125256 0.686369 0.249682 0.304149
2 0.302903 0.652233 0.157275 0.155795
2 0.537785 0.651648 0.0925706 0.0926904
2 0.676939 0.634195 0.0577419 0.0689471
2 0.378208 0.638515 0.0688985 0.0952189
2 0.855301 0.614927 0.0229637 0.0294815
2 0.881429 0.636455 0.0325588 0.0432776
0 0.988228 0.696979 0.0227747 0.121609
2 0.777297 0.61635 0.0329787 0.0333896
2 0.806708 0.622869 0.0275141 0.0363593
2 0.749029 0.619438 0.0207298 0.0296808
2 0.216071 0.625176 0.0454986 0.0529644
2 0.715244 0.619696 0.0274916 0.0358418
2 0.125256 0.686369 0.249682 0.304149
2 0.302903 0.652233 0.157275 0.155795
2 0.537785 0.651648 0.0925706 0.0926904
2 0.676939 0.634195 0.0577419 0.0689471
2 0.378208 0.638515 0.0688985 0.0952189
2 0.855301 0.614927 0.0229637 0.0294815
2 0.881429 0.636455 0.0325588 0.0432776
0 0.988228 0.696979 0.0227747 0.121609
2 0.777297 0.61635 0.0329787 0.0333896
2 0.806708 0.622869 0.0275141 0.0363593
2 0.749029 0.619438 0.0207298 0.0296808
2 0.216071 0.625176 0.0454986 0.0529644
2 0.715244 0.619696 0.0274916 0.0358418
2 0.125256 0.686369 0.249682 0.304149
2 0.302903 0.652233 0.157275 0.155795
2 0.537785 0.651648 0.0925706 0.0926904
2 0.676939 0.634195 0.0577419 0.0689471
2 0.378208 0.638515 0.0688985 0.0952189
2 0.855301 0.614927 0.0229637 0.0294815
2 0.881429 0.636455 0.0325588 0.0432776
0 0.988228 0.696979 0.0227747 0.121609
2 0.777297 0.61635 0.0329787 0.0333896
2 0.806708 0.622869 0.0275141 0.0363593
2 0.749029 0.619438 0.0207298 0.0296808
2 0.216071 0.625176 0.0454986 0.0529644
2 0.715244 0.619696 0.0274916 0.0358418
2 0.125256 0.686369 0.249682 0.304149
2 0.302903 0.652233 0.157275 0.155795
2 0.537785 0.651648 0.0925706 0.0926904
2 0.676939 0.634195 0.0577419 0.0689471
2 0.378208 0.638515 0.0688985 0.0952189
2 0.855301 0.614927 0.0229637 0.0294815
2 0.881429 0.636455 0.0325588 0.0432776
0 0.988228 0.696979 0.0227747 0.121609
2 0.777297 0.61635 0.0329787 0.0333896
2 0.806708 0.622869 0.0275141 0.0363593
2 0.749029 0.619438 0.0207298 0.0296808
2 0.216071 0.625176 0.0454986 0.0529644
2 0.715244 0.619696 0.0274916 0.0358418
2 0.125256 0.686369 0.249682 0.304149
2 0.302903 0.652233 0.157275 0.155795
2 0.537785 0.651648 0.0925706 0.0926904
2 0.676939 0.634195 0.0577419 0.0689471
2 0.378208 0.638515 0.0688985 0.0952189
2 0.855301 0.614927 0.0229637 0.0294815
2 0.881429 0.636455 0.0325588 0.0432776
0 0.988228 0.696979 0.0227747 0.121609
2 0.777297 0.61635 0.0329787 0.0333896
2 0.806708 0.622869 0.0275141 0.0363593
2 0.749029 0.619438 0.0207298 0.0296808
2 0.216071 0.625176 0.0454986 0.0529644
2 0.715244 0.619696 0.0274916 0.0358418
2 0.732638 0.618615 0.0223377 0.0343994
0 0.982456 0.646511 0.0136822 0.0634722
