0 0.986768 0.696119 0.0245895 0.136497
2 0.720401 0.620573 0.0461824 0.0365794
0 0.330774 0.629795 0.022084 0.0490217
2 0.855137 0.608977 0.0189838 0.0245691
0 0.941046 0.688747 0.0328274 0.131811
2 0.804487 0.616396 0.0249773 0.0310414
0 0.883117 0.660033 0.0176598 0.082746
0 0.986768 0.696119 0.0245895 0.136497
2 0.720401 0.620573 0.0461824 0.0365794
0 0.330774 0.629795 0.022084 0.0490217
2 0.855137 0.608977 0.0189838 0.0245691
0 0.941046 0.688747 0.0328274 0.131811
2 0.804487 0.616396 0.0249773 0.0310414
0 0.883117 0.660033 0.0176598 0.082746
0 0.986768 0.696119 0.0245895 0.136497
2 0.720401 0.620573 0.0461824 0.0365794
0 0.330774 0.629795 0.022084 0.0490217
2 0.855137 0.608977 0.0189838 0.0245691
0 0.941046 0.688747 0.0328274 0.131811
2 0.804487 0.616396 0.0249773 0.0310414
0 0.883117 0.660033 0.0176598 0.082746
0 0.986768 0.696119 0.0245895 0.136497
2 0.720401 0.620573 0.0461824 0.0365794
0 0.330774 0.629795 0.022084 0.0490217
2 0.855137 0.608977 0.0189838 0.0245691
0 0.941046 0.688747 0.0328274 0.131811
2 0.804487 0.616396 0.0249773 0.0310414
0 0.883117 0.660033 0.0176598 0.082746
0 0.986768 0.696119 0.0245895 0.136497
2 0.720401 0.620573 0.0461824 0.0365794
0 0.330774 0.629795 0.022084 0.0490217
2 0.855137 0.608977 0.0189838 0.0245691
0 0.941046 0.688747 0.0328274 0.131811
2 0.804487 0.616396 0.0249773 0.0310414
0 0.883117 0.660033 0.0176598 0.082746
2 0.78181 0.615802 0.0248777 0.0313744
0 0.526037 0.616138 0.015063 0.064147
2 0.75944 0.618209 0.0211436 0.0297746
2 0.763553 0.617565 0.0261341 0.0315684
2 0.748599 0.619146 0.0167767 0.0288422
