2 0.521288 0.642902 0.0780805 0.0692446
2 0.680239 0.627634 0.0464384 0.0495816
0 0.854281 0.724051 0.0462357 0.222721
2 0.567458 0.635386 0.0441689 0.0612364
1 0.1803 0.654926 0.0590225 0.0683629
2 0.0796369 0.627375 0.152661 0.108215
0 0.0881838 0.638032 0.0357909 0.169886
2 0.863424 0.681081 0.166791 0.0935738
0 0.180589 0.626166 0.0316148 0.111349
0 0.398561 0.62252 0.0146245 0.0742362
0 0.0404231 0.61539 0.025228 0.114363
0 0.0589485 0.629241 0.0338882 0.173405
2 0.7562 0.616361 0.0405762 0.0497421
0 0.330713 0.62914 0.0216176 0.0484029
2 0.620761 0.623607 0.0646902 0.072602
2 0.783676 0.616906 0.0180332 0.0290506
1 0.0321305 0.658788 0.043937 0.0592239
2 0.521288 0.642902 0.0780805 0.0692446
2 0.680239 0.627634 0.0464384 0.0495816
0 0.854281 0.724051 0.0462357 0.222721
2 0.567458 0.635386 0.0441689 0.0612364
1 0.1803 0.654926 0.0590225 0.0683629
2 0.0796369 0.627375 0.152661 0.108215
0 0.0881838 0.638032 0.0357909 0.169886
2 0.863424 0.681081 0.166791 0.0935738
0 0.180589 0.626166 0.0316148 0.111349
0 0.398561 0.62252 0.0146245 0.0742362
0 0.0404231 0.61539 0.025228 0.114363
0 0.0589485 0.629241 0.0338882 0.173405
2 0.7562 0.616361 0.0405762 0.0497421
0 0.330713 0.62914 0.0216176 0.0484029
2 0.620761 0.623607 0.0646902 0.072602
2 0.783676 0.616906 0.0180332 0.0290506
1 0.0321305 0.658788 0.043937 0.0592239
2 0.521288 0.642902 0.0780805 0.0692446
2 0.680239 0.627634 0.0464384 0.0495816
0 0.854281 0.724051 0.0462357 0.222721
2 0.567458 0.635386 0.0441689 0.0612364
1 0.1803 0.654926 0.0590225 0.0683629
2 0.0796369 0.627375 0.152661 0.108215
0 0.0881838 0.638032 0.0357909 0.169886
2 0.863424 0.681081 0.166791 0.0935738
0 0.180589 0.626166 0.0316148 0.111349
0 0.398561 0.62252 0.0146245 0.0742362
0 0.0404231 0.61539 0.025228 0.114363
0 0.0589485 0.629241 0.0338882 0.173405
2 0.7562 0.616361 0.0405762 0.0497421
0 0.330713 0.62914 0.0216176 0.0484029
2 0.620761 0.623607 0.0646902 0.072602
2 0.783676 0.616906 0.0180332 0.0290506
1 0.0321305 0.658788 0.043937 0.0592239
2 0.521288 0.642902 0.0780805 0.0692446
2 0.680239 0.627634 0.0464384 0.0495816
0 0.854281 0.724051 0.0462357 0.222721
2 0.567458 0.635386 0.0441689 0.0612364
1 0.1803 0.654926 0.0590225 0.0683629
2 0.0796369 0.627375 0.152661 0.108215
0 0.0881838 0.638032 0.0357909 0.169886
2 0.863424 0.681081 0.166791 0.0935738
0 0.180589 0.626166 0.0316148 0.111349
0 0.398561 0.62252 0.0146245 0.0742362
0 0.0404231 0.61539 0.025228 0.114363
0 0.0589485 0.629241 0.0338882 0.173405
2 0.7562 0.616361 0.0405762 0.0497421
0 0.330713 0.62914 0.0216176 0.0484029
2 0.620761 0.623607 0.0646902 0.072602
2 0.783676 0.616906 0.0180332 0.0290506
1 0.0321305 0.658788 0.043937 0.0592239
2 0.521288 0.642902 0.0780805 0.0692446
2 0.680239 0.627634 0.0464384 0.0495816
0 0.854281 0.724051 0.0462357 0.222721
2 0.567458 0.635386 0.0441689 0.0612364
1 0.1803 0.654926 0.0590225 0.0683629
2 0.0796369 0.627375 0.152661 0.108215
0 0.0881838 0.638032 0.0357909 0.169886
2 0.863424 0.681081 0.166791 0.0935738
0 0.180589 0.626166 0.0316148 0.111349
0 0.398561 0.62252 0.0146245 0.0742362
0 0.0404231 0.61539 0.025228 0.114363
0 0.0589485 0.629241 0.0338882 0.173405
2 0.7562 0.616361 0.0405762 0.0497421
0 0.330713 0.62914 0.0216176 0.0484029
2 0.620761 0.623607 0.0646902 0.072602
2 0.783676 0.616906 0.0180332 0.0290506
1 0.0321305 0.658788 0.043937 0.0592239
2 0.714718 0.620798 0.0259939 0.0337027
2 0.729404 0.618708 0.0196665 0.0349265
