2 0.801262 0.675271 0.144999 0.0943699
2 0.067866 0.63345 0.134739 0.0919761
2 0.269907 0.632171 0.164635 0.108115
0 0.566489 0.687234 0.0582739 0.209781
2 0.52084 0.643155 0.0779202 0.0691332
0 0.0674383 0.630256 0.0383026 0.173568
0 0.221618 0.648758 0.0409595 0.171681
1 0.626365 0.720271 0.0753845 0.0977039
0 0.957207 0.737578 0.0592381 0.159001
0 0.620978 0.673679 0.0565075 0.156241
2 0.657051 0.630094 0.0463487 0.0522452
2 0.729553 0.655759 0.0497692 0.0685608
1 0.96662 0.788235 0.0657162 0.113504
2 0.881131 0.636889 0.0318569 0.0421443
2 0.842475 0.610703 0.023163 0.0298696
2 0.69244 0.618951 0.0450105 0.0589099
2 0.764042 0.618956 0.0303165 0.0327125
2 0.801262 0.675271 0.144999 0.0943699
2 0.067866 0.63345 0.134739 0.0919761
2 0.269907 0.632171 0.164635 0.108115
0 0.566489 0.687234 0.0582739 0.209781
2 0.52084 0.643155 0.0779202 0.0691332
0 0.0674383 0.630256 0.0383026 0.173568
0 0.221618 0.648758 0.0409595 0.171681
1 0.626365 0.720271 0.0753845 0.0977039
0 0.957207 0.737578 0.0592381 0.159001
0 0.620978 0.673679 0.0565075 0.156241
2 0.657051 0.630094 0.0463487 0.0522452
2 0.729553 0.655759 0.0497692 0.0685608
1 0.96662 0.788235 0.0657162 0.113504
2 0.881131 0.636889 0.0318569 0.0421443
2 0.842475 0.610703 0.023163 0.0298696
2 0.69244 0.618951 0.0450105 0.0589099
2 0.764042 0.618956 0.0303165 0.0327125
2 0.801262 0.675271 0.144999 0.0943699
2 0.067866 0.63345 0.134739 0.0919761
2 0.269907 0.632171 0.164635 0.108115
0 0.566489 0.687234 0.0582739 0.209781
2 0.52084 0.643155 0.0779202 0.0691332
0 0.0674383 0.630256 0.0383026 0.173568
0 0.221618 0.648758 0.0409595 0.171681
1 0.626365 0.720271 0.0753845 0.0977039
0 0.957207 0.737578 0.0592381 0.159001
0 0.620978 0.673679 0.0565075 0.156241
2 0.657051 0.630094 0.0463487 0.0522452
2 0.729553 0.655759 0.0497692 0.0685608
1 0.96662 0.788235 0.0657162 0.113504
2 0.881131 0.636889 0.0318569 0.0421443
2 0.842475 0.610703 0.023163 0.0298696
2 0.69244 0.618951 0.0450105 0.0589099
2 0.764042 0.618956 0.0303165 0.0327125
2 0.801262 0.675271 0.144999 0.0943699
2 0.067866 0.63345 0.134739 0.0919761
2 0.269907 0.632171 0.164635 0.108115
0 0.566489 0.687234 0.0582739 0.209781
2 0.52084 0.643155 0.0779202 0.0691332
0 0.0674383 0.630256 0.0383026 0.173568
0 0.221618 0.648758 0.0409595 0.171681
1 0.626365 0.720271 0.0753845 0.0977039
0 0.957207 0.737578 0.0592381 0.159001
0 0.620978 0.673679 0.0565075 0.156241
2 0.657051 0.630094 0.0463487 0.0522452
2 0.729553 0.655759 0.0497692 0.0685608
1 0.96662 0.788235 0.0657162 0.113504
2 0.881131 0.636889 0.0318569 0.0421443
2 0.842475 0.610703 0.023163 0.0298696
2 0.69244 0.618951 0.0450105 0.0589099
2 0.764042 0.618956 0.0303165 0.0327125
2 0.801262 0.675271 0.144999 0.0943699
2 0.067866 0.63345 0.134739 0.0919761
2 0.269907 0.632171 0.164635 0.108115
0 0.566489 0.687234 0.0582739 0.209781
2 0.52084 0.643155 0.0779202 0.0691332
0 0.0674383 0.630256 0.0383026 0.173568
0 0.221618 0.648758 0.0409595 0.171681
1 0.626365 0.720271 0.0753845 0.0977039
0 0.957207 0.737578 0.0592381 0.159001
0 0.620978 0.673679 0.0565075 0.156241
2 0.657051 0.630094 0.0463487 0.0522452
2 0.729553 0.655759 0.0497692 0.0685608
1 0.96662 0.788235 0.0657162 0.113504
2 0.881131 0.636889 0.0318569 0.0421443
2 0.842475 0.610703 0.023163 0.0298696
2 0.69244 0.618951 0.0450105 0.0589099
2 0.764042 0.618956 0.0303165 0.0327125
2 0.812406 0.612419 0.029789 0.0346719
2 0.61552 0.618967 0.051778 0.0622742
2 0.73013 0.613208 0.0266561 0.0225182
2 0.781552 0.613489 0.0241909 0.0275961
