2 0.536893 0.643023 0.142402 0.103787
2 0.253141 0.638031 0.161636 0.0905906
2 0.0255948 0.705582 0.0506769 0.159497
2 0.709045 0.655544 0.0497952 0.0720521
2 0.774226 0.642086 0.0434715 0.0537521
2 0.662857 0.62962 0.0351337 0.0505458
0 0.363571 0.660961 0.0425781 0.198087
2 0.881367 0.637587 0.0317734 0.0414029
2 0.689457 0.617888 0.0382996 0.0565564
0 0.330318 0.637291 0.0195381 0.0624551
2 0.621815 0.623571 0.0635826 0.0728598
2 0.852169 0.608609 0.019902 0.0277071
2 0.827404 0.612694 0.0234734 0.0327033
2 0.536893 0.643023 0.142402 0.103787
2 0.253141 0.638031 0.161636 0.0905906
2 0.0255948 0.705582 0.0506769 0.159497
2 0.709045 0.655544 0.0497952 0.0720521
2 0.774226 0.642086 0.0434715 0.0537521
2 0.662857 0.62962 0.0351337 0.0505458
0 0.363571 0.660961 0.0425781 0.198087
2 0.881367 0.637587 0.0317734 0.0414029
2 0.689457 0.617888 0.0382996 0.0565564
0 0.330318 0.637291 0.0195381 0.0624551
2 0.621815 0.623571 0.0635826 0.0728598
2 0.852169 0.608609 0.019902 0.0277071
2 0.827404 0.612694 0.0234734 0.0327033
2 0.536893 0.643023 0.142402 0.103787
2 0.253141 0.638031 0.161636 0.0905906
2 0.0255948 0.705582 0.0506769 0.159497
2 0.709045 0.655544 0.0497952 0.0720521
2 0.774226 0.642086 0.0434715 0.0537521
2 0.662857 0.62962 0.0351337 0.0505458
0 0.363571 0.660961 0.0425781 0.198087
2 0.881367 0.637587 0.0317734 0.0414029
2 0.689457 0.617888 0.0382996 0.0565564
0 0.330318 0.637291 0.0195381 0.0624551
2 0.621815 0.623571 0.0635826 0.0728598
2 0.852169 0.608609 0.019902 0.0277071
2 0.827404 0.612694 0.0234734 0.0327033
2 0.536893 0.643023 0.142402 0.103787
2 0.253141 0.638031 0.161636 0.0905906
2 0.0255948 0.705582 0.0506769 0.159497
2 0.709045 0.655544 0.0497952 0.0720521
2 0.774226 0.642086 0.0434715 0.0537521
2 0.662857 0.62962 0.0351337 0.0505458
0 0.363571 0.660961 0.0425781 0.198087
2 0.881367 0.637587 0.0317734 0.0414029
2 0.689457 0.617888 0.0382996 0.0565564
0 0.330318 0.637291 0.0195381 0.0624551
2 0.621815 0.623571 0.0635826 0.0728598
2 0.852169 0.608609 0.019902 0.0277071
2 0.827404 0.612694 0.0234734 0.0327033
2 0.536893 0.643023 0.142402 0.103787
2 0.253141 0.638031 0.161636 0.0905906
2 0.0255948 0.705582 0.0506769 0.159497
2 0.709045 0.655544 0.0497952 0.0720521
2 0.774226 0.642086 0.0434715 0.0537521
2 0.662857 0.62962 0.0351337 0.0505458
0 0.363571 0.660961 0.0425781 0.198087
2 0.881367 0.637587 0.0317734 0.0414029
2 0.689457 0.617888 0.0382996 0.0565564
0 0.330318 0.637291 0.0195381 0.0624551
2 0.621815 0.623571 0.0635826 0.0728598
2 0.852169 0.608609 0.019902 0.0277071
2 0.827404 0.612694 0.0234734 0.0327033
2 0.732189 0.620023 0.022716 0.0361237
2 0.777211 0.611123 0.0336534 0.0295181
2 0.804475 0.611504 0.0228444 0.0327867
