0 0.977693 0.695225 0.0313232 0.128419
0 0.882174 0.658595 0.0209988 0.083205
2 0.813336 0.61571 0.01922 0.0290435
2 0.835856 0.612974 0.020787 0.0307641
2 0.720543 0.620209 0.0474765 0.0359419
0 0.330857 0.629966 0.0227968 0.0488676
2 0.762722 0.617624 0.0243752 0.0310954
2 0.858881 0.606708 0.0166878 0.0192924
2 0.731003 0.61935 0.0253431 0.0349313
0 0.977693 0.695225 0.0313232 0.128419
0 0.882174 0.658595 0.0209988 0.083205
2 0.813336 0.61571 0.01922 0.0290435
2 0.835856 0.612974 0.020787 0.0307641
2 0.720543 0.620209 0.0474765 0.0359419
0 0.330857 0.629966 0.0227968 0.0488676
2 0.762722 0.617624 0.0243752 0.0310954
2 0.858881 0.606708 0.0166878 0.0192924
2 0.731003 0.61935 0.0253431 0.0349313
0 0.977693 0.695225 0.0313232 0.128419
0 0.882174 0.658595 0.0209988 0.083205
2 0.813336 0.61571 0.01922 0.0290435
2 0.835856 0.612974 0.020787 0.0307641
2 0.720543 0.620209 0.0474765 0.0359419
0 0.330857 0.629966 0.0227968 0.0488676
2 0.762722 0.617624 0.0243752 0.0310954
2 0.858881 0.606708 0.0166878 0.0192924
2 0.731003 0.61935 0.0253431 0.0349313
0 0.977693 0.695225 0.0313232 0.128419
0 0.882174 0.658595 0.0209988 0.083205
2 0.813336 0.61571 0.01922 0.0290435
2 0.835856 0.612974 0.020787 0.0307641
2 0.720543 0.620209 0.0474765 0.0359419
0 0.330857 0.629966 0.0227968 0.0488676
2 0.762722 0.617624 0.0243752 0.0310954
2 0.858881 0.606708 0.0166878 0.0192924
2 0.731003 0.61935 0.0253431 0.0349313
0 0.977693 0.695225 0.0313232 0.128419
0 0.882174 0.658595 0.0209988 0.083205
2 0.813336 0.61571 0.01922 0.0290435
2 0.835856 0.612974 0.020787 0.0307641
2 0.720543 0.620209 0.0474765 0.0359419
0 0.330857 0.629966 0.0227968 0.0488676
2 0.762722 0.617624 0.0243752 0.0310954
2 0.858881 0.606708 0.0166878 0.0192924
2 0.731003 0.61935 0.0253431 0.0349313
2 0.708743 0.620869 0.0245584 0.0342338
2 0.780313 0.615499 0.0242279 0.0303324
0 0.521327 0.620824 0.0136766 0.0566954
2 0.783783 0.614978 0.0199266 0.0287518
2 0.748381 0.619145 0.0166853 0.0288334
