2 0.0884526 0.715018 0.17635 0.229817
2 0.522042 0.643878 0.0790066 0.0681944
2 0.0859714 0.628899 0.171705 0.16483
2 0.712423 0.651082 0.0666097 0.0710346
2 0.77172 0.640458 0.0494793 0.0617155
0 0.218928 0.623927 0.0238419 0.0936807
2 0.479689 0.639522 0.0435655 0.0575509
2 0.808772 0.633217 0.0303292 0.043957
2 0.661373 0.629423 0.0349338 0.0525811
2 0.881547 0.636772 0.0324711 0.0428134
2 0.841982 0.625249 0.0306885 0.0450577
2 0.555796 0.631935 0.0641356 0.0702552
0 0.331212 0.630081 0.0223952 0.0488167
2 0.619047 0.62409 0.0682739 0.0741861
3 0.416083 0.648206 0.0334196 0.0570507
2 0.0884526 0.715018 0.17635 0.229817
2 0.522042 0.643878 0.0790066 0.0681944
2 0.0859714 0.628899 0.171705 0.16483
2 0.712423 0.651082 0.0666097 0.0710346
2 0.77172 0.640458 0.0494793 0.0617155
0 0.218928 0.623927 0.0238419 0.0936807
2 0.479689 0.639522 0.0435655 0.0575509
2 0.808772 0.633217 0.0303292 0.043957
2 0.661373 0.629423 0.0349338 0.0525811
2 0.881547 0.636772 0.0324711 0.0428134
2 0.841982 0.625249 0.0306885 0.0450577
2 0.555796 0.631935 0.0641356 0.0702552
0 0.331212 0.630081 0.0223952 0.0488167
2 0.619047 0.62409 0.0682739 0.0741861
3 0.416083 0.648206 0.0334196 0.0570507
2 0.0884526 0.715018 0.17635 0.229817
2 0.522042 0.643878 0.0790066 0.0681944
2 0.0859714 0.628899 0.171705 0.16483
2 0.712423 0.651082 0.0666097 0.0710346
2 0.77172 0.640458 0.0494793 0.0617155
0 0.218928 0.623927 0.0238419 0.0936807
2 0.479689 0.639522 0.0435655 0.0575509
2 0.808772 0.633217 0.0303292 0.043957
2 0.661373 0.629423 0.0349338 0.0525811
2 0.881547 0.636772 0.0324711 0.0428134
2 0.841982 0.625249 0.0306885 0.0450577
2 0.555796 0.631935 0.0641356 0.0702552
0 0.331212 0.630081 0.0223952 0.0488167
2 0.619047 0.62409 0.0682739 0.0741861
3 0.416083 0.648206 0.0334196 0.0570507
2 0.0884526 0.715018 0.17635 0.229817
2 0.522042 0.643878 0.0790066 0.0681944
2 0.0859714 0.628899 0.171705 0.16483
2 0.712423 0.651082 0.0666097 0.0710346
2 0.77172 0.640458 0.0494793 0.0617155
0 0.218928 0.623927 0.0238419 0.0936807
2 0.479689 0.639522 0.0435655 0.0575509
2 0.808772 0.633217 0.0303292 0.043957
2 0.661373 0.629423 0.0349338 0.0525811
2 0.881547 0.636772 0.0324711 0.0428134
2 0.841982 0.625249 0.0306885 0.0450577
2 0.555796 0.631935 0.0641356 0.0702552
0 0.331212 0.630081 0.0223952 0.0488167
2 0.619047 0.62409 0.0682739 0.0741861
3 0.416083 0.648206 0.0334196 0.0570507
2 0.0884526 0.715018 0.17635 0.229817
2 0.522042 0.643878 0.0790066 0.0681944
2 0.0859714 0.628899 0.171705 0.16483
2 0.712423 0.651082 0.0666097 0.0710346
2 0.77172 0.640458 0.0494793 0.0617155
0 0.218928 0.623927 0.0238419 0.0936807
2 0.479689 0.639522 0.0435655 0.0575509
2 0.808772 0.633217 0.0303292 0.043957
2 0.661373 0.629423 0.0349338 0.0525811
2 0.881547 0.636772 0.0324711 0.0428134
2 0.841982 0.625249 0.0306885 0.0450577
2 0.555796 0.631935 0.0641356 0.0702552
0 0.331212 0.630081 0.0223952 0.0488167
2 0.619047 0.62409 0.0682739 0.0741861
3 0.416083 0.648206 0.0334196 0.0570507
2 0.690018 0.618551 0.0403353 0.057843
2 0.861994 0.621123 0.0171911 0.0412559
2 0.73252 0.618024 0.0232267 0.029616
0 0.417252 0.636658 0.0234694 0.065995
