0 0.522751 0.689136 0.0454021 0.183225
1 0.255058 0.668366 0.0653689 0.10109
1 0.375498 0.666854 0.0717933 0.0868017
2 0.973593 0.708717 0.0520708 0.0735353
0 0.151966 0.640941 0.0434983 0.167963
0 0.120372 0.64105 0.0407084 0.164162
0 0.219849 0.655615 0.0539112 0.182465
2 0.713995 0.625639 0.0371875 0.041244
0 0.251367 0.622699 0.0466959 0.15119
1 0.562993 0.689535 0.056278 0.0920183
0 0.37287 0.631971 0.0460204 0.13254
0 0.550539 0.647252 0.0391649 0.152182
2 0.881018 0.636463 0.0319962 0.0435389
0 0.689828 0.650605 0.0196203 0.0893832
2 0.505611 0.633612 0.0585276 0.0803285
2 0.635451 0.623414 0.0640533 0.066941
0 0.305246 0.613367 0.0136468 0.0748968
0 0.457567 0.666214 0.0227453 0.197624
2 0.772826 0.615906 0.0269732 0.0321082
0 0.330235 0.630756 0.0227409 0.0483775
2 0.748933 0.620027 0.0210531 0.0278315
0 0.522751 0.689136 0.0454021 0.183225
1 0.255058 0.668366 0.0653689 0.10109
1 0.375498 0.666854 0.0717933 0.0868017
2 0.973593 0.708717 0.0520708 0.0735353
0 0.151966 0.640941 0.0434983 0.167963
0 0.120372 0.64105 0.0407084 0.164162
0 0.219849 0.655615 0.0539112 0.182465
2 0.713995 0.625639 0.0371875 0.041244
0 0.251367 0.622699 0.0466959 0.15119
1 0.562993 0.689535 0.056278 0.0920183
0 0.37287 0.631971 0.0460204 0.13254
0 0.550539 0.647252 0.0391649 0.152182
2 0.881018 0.636463 0.0319962 0.0435389
0 0.689828 0.650605 0.0196203 0.0893832
2 0.505611 0.633612 0.0585276 0.0803285
2 0.635451 0.623414 0.0640533 0.066941
0 0.305246 0.613367 0.0136468 0.0748968
0 0.457567 0.666214 0.0227453 0.197624
2 0.772826 0.615906 0.0269732 0.0321082
0 0.330235 0.630756 0.0227409 0.0483775
2 0.748933 0.620027 0.0210531 0.0278315
0 0.522751 0.689136 0.0454021 0.183225
1 0.255058 0.668366 0.0653689 0.10109
1 0.375498 0.666854 0.0717933 0.0868017
2 0.973593 0.708717 0.0520708 0.0735353
0 0.151966 0.640941 0.0434983 0.167963
0 0.120372 0.64105 0.0407084 0.164162
0 0.219849 0.655615 0.0539112 0.182465
2 0.713995 0.625639 0.0371875 0.041244
0 0.251367 0.622699 0.0466959 0.15119
1 0.562993 0.689535 0.056278 0.0920183
0 0.37287 0.631971 0.0460204 0.13254
0 0.550539 0.647252 0.0391649 0.152182
2 0.881018 0.636463 0.0319962 0.0435389
0 0.689828 0.650605 0.0196203 0.0893832
2 0.505611 0.633612 0.0585276 0.0803285
2 0.635451 0.623414 0.0640533 0.066941
0 0.305246 0.613367 0.0136468 0.0748968
0 0.457567 0.666214 0.0227453 0.197624
2 0.772826 0.615906 0.0269732 0.0321082
0 0.330235 0.630756 0.0227409 0.0483775
2 0.748933 0.620027 0.0210531 0.0278315
0 0.522751 0.689136 0.0454021 0.183225
1 0.255058 0.668366 0.0653689 0.10109
1 0.375498 0.666854 0.0717933 0.0868017
2 0.973593 0.708717 0.0520708 0.0735353
0 0.151966 0.640941 0.0434983 0.167963
0 0.120372 0.64105 0.0407084 0.164162
0 0.219849 0.655615 0.0539112 0.182465
2 0.713995 0.625639 0.0371875 0.041244
0 0.251367 0.622699 0.0466959 0.15119
1 0.562993 0.689535 0.056278 0.0920183
0 0.37287 0.631971 0.0460204 0.13254
0 0.550539 0.647252 0.0391649 0.152182
2 0.881018 0.636463 0.0319962 0.0435389
0 0.689828 0.650605 0.0196203 0.0893832
2 0.505611 0.633612 0.0585276 0.0803285
2 0.635451 0.623414 0.0640533 0.066941
0 0.305246 0.613367 0.0136468 0.0748968
0 0.457567 0.666214 0.0227453 0.197624
2 0.772826 0.615906 0.0269732 0.0321082
0 0.330235 0.630756 0.0227409 0.0483775
2 0.748933 0.620027 0.0210531 0.0278315
0 0.522751 0.689136 0.0454021 0.183225
1 0.255058 0.668366 0.0653689 0.10109
1 0.375498 0.666854 0.0717933 0.0868017
2 0.973593 0.708717 0.0520708 0.0735353
0 0.151966 0.640941 0.0434983 0.167963
0 0.120372 0.64105 0.0407084 0.164162
0 0.219849 0.655615 0.0539112 0.182465
2 0.713995 0.625639 0.0371875 0.041244
0 0.251367 0.622699 0.0466959 0.15119
1 0.562993 0.689535 0.056278 0.0920183
0 0.37287 0.631971 0.0460204 0.13254
0 0.550539 0.647252 0.0391649 0.152182
2 0.881018 0.636463 0.0319962 0.0435389
0 0.689828 0.650605 0.0196203 0.0893832
2 0.505611 0.633612 0.0585276 0.0803285
2 0.635451 0.623414 0.0640533 0.066941
0 0.305246 0.613367 0.0136468 0.0748968
0 0.457567 0.666214 0.0227453 0.197624
2 0.772826 0.615906 0.0269732 0.0321082
0 0.330235 0.630756 0.0227409 0.0483775
2 0.748933 0.620027 0.0210531 0.0278315
0 0.436371 0.63816 0.0224211 0.111842
2 0.740895 0.619245 0.0269882 0.0301937
2 0.802456 0.613924 0.0175402 0.0251712
0 0.595943 0.641721 0.0152924 0.0988955
