2 0.525455 0.6428 0.0804783 0.067671
2 0.633248 0.631202 0.0467207 0.0513414
0 0.581484 0.682782 0.0558437 0.200821
1 0.741029 0.677478 0.0515604 0.0607545
2 0.791073 0.617758 0.0295933 0.0335229
2 0.880682 0.637377 0.0306923 0.0416751
0 0.739693 0.653725 0.0314716 0.0860758
2 0.845809 0.607353 0.025341 0.0348007
0 0.33112 0.630471 0.0218449 0.0502862
2 0.708628 0.619417 0.0496243 0.0570797
2 0.76567 0.616305 0.0295576 0.0316277
7 0.708381 0.618936 0.0487875 0.0565799
2 0.525455 0.6428 0.0804783 0.067671
2 0.633248 0.631202 0.0467207 0.0513414
0 0.581484 0.682782 0.0558437 0.200821
1 0.741029 0.677478 0.0515604 0.0607545
2 0.791073 0.617758 0.0295933 0.0335229
2 0.880682 0.637377 0.0306923 0.0416751
0 0.739693 0.653725 0.0314716 0.0860758
2 0.845809 0.607353 0.025341 0.0348007
0 0.33112 0.630471 0.0218449 0.0502862
2 0.708628 0.619417 0.0496243 0.0570797
2 0.76567 0.616305 0.0295576 0.0316277
7 0.708381 0.618936 0.0487875 0.0565799
2 0.525455 0.6428 0.0804783 0.067671
2 0.633248 0.631202 0.0467207 0.0513414
0 0.581484 0.682782 0.0558437 0.200821
1 0.741029 0.677478 0.0515604 0.0607545
2 0.791073 0.617758 0.0295933 0.0335229
2 0.880682 0.637377 0.0306923 0.0416751
0 0.739693 0.653725 0.0314716 0.0860758
2 0.845809 0.607353 0.025341 0.0348007
0 0.33112 0.630471 0.0218449 0.0502862
2 0.708628 0.619417 0.0496243 0.0570797
2 0.76567 0.616305 0.0295576 0.0316277
7 0.708381 0.618936 0.0487875 0.0565799
2 0.525455 0.6428 0.0804783 0.067671
2 0.633248 0.631202 0.0467207 0.0513414
0 0.581484 0.682782 0.0558437 0.200821
1 0.741029 0.677478 0.0515604 0.0607545
2 0.791073 0.617758 0.0295933 0.0335229
2 0.880682 0.637377 0.0306923 0.0416751
0 0.739693 0.653725 0.0314716 0.0860758
2 0.845809 0.607353 0.025341 0.0348007
0 0.33112 0.630471 0.0218449 0.0502862
2 0.708628 0.619417 0.0496243 0.0570797
2 0.76567 0.616305 0.0295576 0.0316277
7 0.708381 0.618936 0.0487875 0.0565799
2 0.525455 0.6428 0.0804783 0.067671
2 0.633248 0.631202 0.0467207 0.0513414
0 0.581484 0.682782 0.0558437 0.200821
1 0.741029 0.677478 0.0515604 0.0607545
2 0.791073 0.617758 0.0295933 0.0335229
2 0.880682 0.637377 0.0306923 0.0416751
0 0.739693 0.653725 0.0314716 0.0860758
2 0.845809 0.607353 0.025341 0.0348007
0 0.33112 0.630471 0.0218449 0.0502862
2 0.708628 0.619417 0.0496243 0.0570797
2 0.76567 0.616305 0.0295576 0.0316277
7 0.708381 0.618936 0.0487875 0.0565799
2 0.759714 0.616908 0.0190802 0.0307014
0 0.43326 0.606983 0.0119125 0.0636751
