2 0.0885055 0.659414 0.176581 0.248587
2 0.270699 0.641465 0.131099 0.0766025
2 0.613028 0.648217 0.0646994 0.0748283
2 0.49604 0.64531 0.0755862 0.0691356
2 0.747879 0.631044 0.041269 0.0470264
2 0.825034 0.633036 0.034939 0.0429802
0 0.183863 0.632239 0.0229896 0.0834803
2 0.570245 0.633943 0.0526007 0.065357
2 0.795012 0.628557 0.0292477 0.0310621
2 0.881136 0.63631 0.0320847 0.0431049
2 0.859349 0.618844 0.0200621 0.0351277
2 0.644954 0.632873 0.0387354 0.0466214
2 0.408353 0.63952 0.0760472 0.0719518
2 0.714851 0.620208 0.0343604 0.0357914
2 0.774213 0.616804 0.0225679 0.0308669
2 0.0885055 0.659414 0.176581 0.248587
2 0.270699 0.641465 0.131099 0.0766025
2 0.613028 0.648217 0.0646994 0.0748283
2 0.49604 0.64531 0.0755862 0.0691356
2 0.747879 0.631044 0.041269 0.0470264
2 0.825034 0.633036 0.034939 0.0429802
0 0.183863 0.632239 0.0229896 0.0834803
2 0.570245 0.633943 0.0526007 0.065357
2 0.795012 0.628557 0.0292477 0.0310621
2 0.881136 0.63631 0.0320847 0.0431049
2 0.859349 0.618844 0.0200621 0.0351277
2 0.644954 0.632873 0.0387354 0.0466214
2 0.408353 0.63952 0.0760472 0.0719518
2 0.714851 0.620208 0.0343604 0.0357914
2 0.774213 0.616804 0.0225679 0.0308669
2 0.0885055 0.659414 0.176581 0.248587
2 0.270699 0.641465 0.131099 0.0766025
2 0.613028 0.648217 0.0646994 0.0748283
2 0.49604 0.64531 0.0755862 0.0691356
2 0.747879 0.631044 0.041269 0.0470264
2 0.825034 0.633036 0.034939 0.0429802
0 0.183863 0.632239 0.0229896 0.0834803
2 0.570245 0.633943 0.0526007 0.065357
2 0.795012 0.628557 0.0292477 0.0310621
2 0.881136 0.63631 0.0320847 0.0431049
2 0.859349 0.618844 0.0200621 0.0351277
2 0.644954 0.632873 0.0387354 0.0466214
2 0.408353 0.63952 0.0760472 0.0719518
2 0.714851 0.620208 0.0343604 0.0357914
2 0.774213 0.616804 0.0225679 0.0308669
2 0.0885055 0.659414 0.176581 0.248587
2 0.270699 0.641465 0.131099 0.0766025
2 0.613028 0.648217 0.0646994 0.0748283
2 0.49604 0.64531 0.0755862 0.0691356
2 0.747879 0.631044 0.041269 0.0470264
2 0.825034 0.633036 0.034939 0.0429802
0 0.183863 0.632239 0.0229896 0.0834803
2 0.570245 0.633943 0.0526007 0.065357
2 0.795012 0.628557 0.0292477 0.0310621
2 0.881136 0.63631 0.0320847 0.0431049
2 0.859349 0.618844 0.0200621 0.0351277
2 0.644954 0.632873 0.0387354 0.0466214
2 0.408353 0.63952 0.0760472 0.0719518
2 0.714851 0.620208 0.0343604 0.0357914
2 0.774213 0.616804 0.0225679 0.0308669
2 0.0885055 0.659414 0.176581 0.248587
2 0.270699 0.641465 0.131099 0.0766025
2 0.613028 0.648217 0.0646994 0.0748283
2 0.49604 0.64531 0.0755862 0.0691356
2 0.747879 0.631044 0.041269 0.0470264
2 0.825034 0.633036 0.034939 0.0429802
0 0.183863 0.632239 0.0229896 0.0834803
2 0.570245 0.633943 0.0526007 0.065357
2 0.795012 0.628557 0.0292477 0.0310621
2 0.881136 0.63631 0.0320847 0.0431049
2 0.859349 0.618844 0.0200621 0.0351277
2 0.644954 0.632873 0.0387354 0.0466214
2 0.408353 0.63952 0.0760472 0.0719518
2 0.714851 0.620208 0.0343604 0.0357914
2 0.774213 0.616804 0.0225679 0.0308669
