2 0.35487 0.656632 0.156438 0.126096
2 0.588912 0.6452 0.0676369 0.0802556
2 0.674286 0.654201 0.0815401 0.0922505
2 0.777237 0.622755 0.0401089 0.0480107
0 0.981594 0.710875 0.0155546 0.0782498
2 0.854047 0.615307 0.0207613 0.0282912
0 0.954106 0.703632 0.0221283 0.0891274
2 0.00878409 0.654428 0.016648 0.108699
2 0.877766 0.636325 0.0259663 0.0409319
2 0.748516 0.618236 0.0199013 0.0303853
0 0.890579 0.656271 0.0148163 0.0900026
2 0.721116 0.619102 0.0351755 0.035723
2 0.35487 0.656632 0.156438 0.126096
2 0.588912 0.6452 0.0676369 0.0802556
2 0.674286 0.654201 0.0815401 0.0922505
2 0.777237 0.622755 0.0401089 0.0480107
0 0.981594 0.710875 0.0155546 0.0782498
2 0.854047 0.615307 0.0207613 0.0282912
0 0.954106 0.703632 0.0221283 0.0891274
2 0.00878409 0.654428 0.016648 0.108699
2 0.877766 0.636325 0.0259663 0.0409319
2 0.748516 0.618236 0.0199013 0.0303853
0 0.890579 0.656271 0.0148163 0.0900026
2 0.721116 0.619102 0.0351755 0.035723
2 0.35487 0.656632 0.156438 0.126096
2 0.588912 0.6452 0.0676369 0.0802556
2 0.674286 0.654201 0.0815401 0.0922505
2 0.777237 0.622755 0.0401089 0.0480107
0 0.981594 0.710875 0.0155546 0.0782498
2 0.854047 0.615307 0.0207613 0.0282912
0 0.954106 0.703632 0.0221283 0.0891274
2 0.00878409 0.654428 0.016648 0.108699
2 0.877766 0.636325 0.0259663 0.0409319
2 0.748516 0.618236 0.0199013 0.0303853
0 0.890579 0.656271 0.0148163 0.0900026
2 0.721116 0.619102 0.0351755 0.035723
2 0.35487 0.656632 0.156438 0.126096
2 0.588912 0.6452 0.0676369 0.0802556
2 0.674286 0.654201 0.0815401 0.0922505
2 0.777237 0.622755 0.0401089 0.0480107
0 0.981594 0.710875 0.0155546 0.0782498
2 0.854047 0.615307 0.0207613 0.0282912
0 0.954106 0.703632 0.0221283 0.0891274
2 0.00878409 0.654428 0.016648 0.108699
2 0.877766 0.636325 0.0259663 0.0409319
2 0.748516 0.618236 0.0199013 0.0303853
0 0.890579 0.656271 0.0148163 0.0900026
2 0.721116 0.619102 0.0351755 0.035723
2 0.35487 0.656632 0.156438 0.126096
2 0.588912 0.6452 0.0676369 0.0802556
2 0.674286 0.654201 0.0815401 0.0922505
2 0.777237 0.622755 0.0401089 0.0480107
0 0.981594 0.710875 0.0155546 0.0782498
2 0.854047 0.615307 0.0207613 0.0282912
0 0.954106 0.703632 0.0221283 0.0891274
2 0.00878409 0.654428 0.016648 0.108699
2 0.877766 0.636325 0.0259663 0.0409319
2 0.748516 0.618236 0.0199013 0.0303853
0 0.890579 0.656271 0.0148163 0.0900026
2 0.721116 0.619102 0.0351755 0.035723
2 0.802799 0.611148 0.01681 0.0296543
