0 0.855104 0.667093 0.0211617 0.107416
0 0.883598 0.675736 0.0221325 0.106808
2 0.819397 0.62921 0.034967 0.0498448
2 0.767352 0.616556 0.0248819 0.0327193
2 0.720696 0.62028 0.0463039 0.0361092
0 0.330991 0.628931 0.0224906 0.0490248
2 0.747988 0.61985 0.01656 0.027604
0 0.855104 0.667093 0.0211617 0.107416
0 0.883598 0.675736 0.0221325 0.106808
2 0.819397 0.62921 0.034967 0.0498448
2 0.767352 0.616556 0.0248819 0.0327193
2 0.720696 0.62028 0.0463039 0.0361092
0 0.330991 0.628931 0.0224906 0.0490248
2 0.747988 0.61985 0.01656 0.027604
0 0.855104 0.667093 0.0211617 0.107416
0 0.883598 0.675736 0.0221325 0.106808
2 0.819397 0.62921 0.034967 0.0498448
2 0.767352 0.616556 0.0248819 0.0327193
2 0.720696 0.62028 0.0463039 0.0361092
0 0.330991 0.628931 0.0224906 0.0490248
2 0.747988 0.61985 0.01656 0.027604
0 0.855104 0.667093 0.0211617 0.107416
0 0.883598 0.675736 0.0221325 0.106808
2 0.819397 0.62921 0.034967 0.0498448
2 0.767352 0.616556 0.0248819 0.0327193
2 0.720696 0.62028 0.0463039 0.0361092
0 0.330991 0.628931 0.0224906 0.0490248
2 0.747988 0.61985 0.01656 0.027604
0 0.855104 0.667093 0.0211617 0.107416
0 0.883598 0.675736 0.0221325 0.106808
2 0.819397 0.62921 0.034967 0.0498448
2 0.767352 0.616556 0.0248819 0.0327193
2 0.720696 0.62028 0.0463039 0.0361092
0 0.330991 0.628931 0.0224906 0.0490248
2 0.747988 0.61985 0.01656 0.027604
0 0.325749 0.630307 0.0331257 0.0498403
2 0.709273 0.620975 0.0241823 0.0347081
2 0.731763 0.619916 0.0232136 0.0343969
2 0.861419 0.612237 0.018854 0.0255615
2 0.773872 0.615753 0.0354223 0.0323701
2 0.866663 0.625928 0.0263184 0.0515559
