2 0.604783 0.794976 0.0978696 0.16544
2 0.530467 0.922674 0.112944 0.153164
2 0.0247941 0.910575 0.0493031 0.121122
2 0.480736 0.802243 0.0923494 0.167155
2 0.0358672 0.717632 0.0709217 0.138406
7 0.902907 0.505051 0.0898767 0.167946
2 0.231717 0.603047 0.0586354 0.108102
7 0.530784 0.554582 0.0604342 0.163863
7 0.393552 0.438132 0.0509605 0.144308
2 0.190056 0.946822 0.125527 0.102891
2 0.410419 0.533242 0.0422373 0.0833616
2 0.334462 0.809655 0.0822011 0.204243
7 0.196085 0.421357 0.0619929 0.103767
7 0.33433 0.515264 0.0482198 0.148091
2 0.0741874 0.632165 0.0813096 0.111052
2 0.439051 0.571636 0.061573 0.101713
2 0.483697 0.512425 0.0404986 0.0818673
2 0.468245 0.676211 0.0632318 0.111085
7 0.935457 0.739083 0.123736 0.238972
2 0.445811 0.4868 0.0373636 0.0755163
2 0.178313 0.496472 0.0486063 0.0702805
2 0.105068 0.589844 0.0675705 0.0972226
2 0.296345 0.491107 0.0335829 0.07051
7 0.794344 0.438762 0.0619106 0.10896
0 0.271477 0.551521 0.0204571 0.0732013
7 0.673183 0.382736 0.0698225 0.0974748
2 0.306456 0.390991 0.0240961 0.0415148
2 0.430086 0.432637 0.0281487 0.0616801
7 0.407427 0.319813 0.0313555 0.0846343
2 0.438078 0.393396 0.0254543 0.0553323
2 0.352208 0.374688 0.0234618 0.0459712
2 0.278731 0.426989 0.0280987 0.0550713
3 0.339114 0.661739 0.0302384 0.0933704
7 0.355026 0.332599 0.021571 0.0621741
0 0.33882 0.661205 0.0300891 0.0949239
0 0.234945 0.503662 0.0176331 0.0636798
3 0.271727 0.551473 0.02068 0.073199
2 0.604783 0.794976 0.0978696 0.16544
2 0.530467 0.922674 0.112944 0.153164
2 0.0247941 0.910575 0.0493031 0.121122
2 0.480736 0.802243 0.0923494 0.167155
2 0.0358672 0.717632 0.0709217 0.138406
7 0.902907 0.505051 0.0898767 0.167946
2 0.231717 0.603047 0.0586354 0.108102
7 0.530784 0.554582 0.0604342 0.163863
7 0.393552 0.438132 0.0509605 0.144308
2 0.190056 0.946822 0.125527 0.102891
2 0.410419 0.533242 0.0422373 0.0833616
2 0.334462 0.809655 0.0822011 0.204243
7 0.196085 0.421357 0.0619929 0.103767
7 0.33433 0.515264 0.0482198 0.148091
2 0.0741874 0.632165 0.0813096 0.111052
2 0.439051 0.571636 0.061573 0.101713
2 0.483697 0.512425 0.0404986 0.0818673
2 0.468245 0.676211 0.0632318 0.111085
7 0.935457 0.739083 0.123736 0.238972
2 0.445811 0.4868 0.0373636 0.0755163
2 0.178313 0.496472 0.0486063 0.0702805
2 0.105068 0.589844 0.0675705 0.0972226
2 0.296345 0.491107 0.0335829 0.07051
7 0.794344 0.438762 0.0619106 0.10896
0 0.271477 0.551521 0.0204571 0.0732013
7 0.673183 0.382736 0.0698225 0.0974748
2 0.306456 0.390991 0.0240961 0.0415148
2 0.430086 0.432637 0.0281487 0.0616801
7 0.407427 0.319813 0.0313555 0.0846343
2 0.438078 0.393396 0.0254543 0.0553323
2 0.352208 0.374688 0.0234618 0.0459712
2 0.278731 0.426989 0.0280987 0.0550713
3 0.339114 0.661739 0.0302384 0.0933704
7 0.355026 0.332599 0.021571 0.0621741
0 0.33882 0.661205 0.0300891 0.0949239
0 0.234945 0.503662 0.0176331 0.0636798
3 0.271727 0.551473 0.02068 0.073199
5 0.354646 0.333056 0.0214083 0.0625513
2 0.825996 0.661449 0.0791255 0.130359
2 0.951428 0.778599 0.0506731 0.156616
2 0.467166 0.623319 0.0572788 0.0481405
2 0.334803 0.432303 0.0370746 0.0326094
2 0.295285 0.477783 0.0363771 0.0651132
3 0.234767 0.519147 0.0173439 0.0397593
2 0.604783 0.794976 0.0978696 0.16544
2 0.530467 0.922674 0.112944 0.153164
2 0.0247941 0.910575 0.0493031 0.121122
2 0.480736 0.802243 0.0923494 0.167155
2 0.0358672 0.717632 0.0709217 0.138406
7 0.902907 0.505051 0.0898767 0.167946
2 0.231717 0.603047 0.0586354 0.108102
7 0.530784 0.554582 0.0604342 0.163863
7 0.393552 0.438132 0.0509605 0.144308
2 0.190056 0.946822 0.125527 0.102891
2 0.410419 0.533242 0.0422373 0.0833616
2 0.334462 0.809655 0.0822011 0.204243
7 0.196085 0.421357 0.0619929 0.103767
7 0.33433 0.515264 0.0482198 0.148091
2 0.0741874 0.632165 0.0813096 0.111052
2 0.439051 0.571636 0.061573 0.101713
2 0.483697 0.512425 0.0404986 0.0818673
2 0.468245 0.676211 0.0632318 0.111085
7 0.935457 0.739083 0.123736 0.238972
2 0.445811 0.4868 0.0373636 0.0755163
2 0.178313 0.496472 0.0486063 0.0702805
2 0.105068 0.589844 0.0675705 0.0972226
2 0.296345 0.491107 0.0335829 0.07051
7 0.794344 0.438762 0.0619106 0.10896
0 0.271477 0.551521 0.0204571 0.0732013
7 0.673183 0.382736 0.0698225 0.0974748
2 0.306456 0.390991 0.0240961 0.0415148
2 0.430086 0.432637 0.0281487 0.0616801
7 0.407427 0.319813 0.0313555 0.0846343
2 0.438078 0.393396 0.0254543 0.0553323
2 0.352208 0.374688 0.0234618 0.0459712
2 0.278731 0.426989 0.0280987 0.0550713
3 0.339114 0.661739 0.0302384 0.0933704
7 0.355026 0.332599 0.021571 0.0621741
0 0.33882 0.661205 0.0300891 0.0949239
0 0.234945 0.503662 0.0176331 0.0636798
3 0.271727 0.551473 0.02068 0.073199
5 0.354646 0.333056 0.0214083 0.0625513
2 0.825996 0.661449 0.0791255 0.130359
2 0.951428 0.778599 0.0506731 0.156616
2 0.467166 0.623319 0.0572788 0.0481405
2 0.334803 0.432303 0.0370746 0.0326094
2 0.295285 0.477783 0.0363771 0.0651132
3 0.234767 0.519147 0.0173439 0.0397593
2 0.604783 0.794976 0.0978696 0.16544
2 0.530467 0.922674 0.112944 0.153164
2 0.0247941 0.910575 0.0493031 0.121122
2 0.480736 0.802243 0.0923494 0.167155
2 0.0358672 0.717632 0.0709217 0.138406
7 0.902907 0.505051 0.0898767 0.167946
2 0.231717 0.603047 0.0586354 0.108102
7 0.530784 0.554582 0.0604342 0.163863
7 0.393552 0.438132 0.0509605 0.144308
2 0.190056 0.946822 0.125527 0.102891
2 0.410419 0.533242 0.0422373 0.0833616
2 0.334462 0.809655 0.0822011 0.204243
7 0.196085 0.421357 0.0619929 0.103767
7 0.33433 0.515264 0.0482198 0.148091
2 0.0741874 0.632165 0.0813096 0.111052
2 0.439051 0.571636 0.061573 0.101713
2 0.483697 0.512425 0.0404986 0.0818673
2 0.468245 0.676211 0.0632318 0.111085
7 0.935457 0.739083 0.123736 0.238972
2 0.445811 0.4868 0.0373636 0.0755163
2 0.178313 0.496472 0.0486063 0.0702805
2 0.105068 0.589844 0.0675705 0.0972226
2 0.296345 0.491107 0.0335829 0.07051
7 0.794344 0.438762 0.0619106 0.10896
0 0.271477 0.551521 0.0204571 0.0732013
7 0.673183 0.382736 0.0698225 0.0974748
2 0.306456 0.390991 0.0240961 0.0415148
2 0.430086 0.432637 0.0281487 0.0616801
7 0.407427 0.319813 0.0313555 0.0846343
2 0.438078 0.393396 0.0254543 0.0553323
2 0.352208 0.374688 0.0234618 0.0459712
2 0.278731 0.426989 0.0280987 0.0550713
3 0.339114 0.661739 0.0302384 0.0933704
7 0.355026 0.332599 0.021571 0.0621741
0 0.33882 0.661205 0.0300891 0.0949239
0 0.234945 0.503662 0.0176331 0.0636798
3 0.271727 0.551473 0.02068 0.073199
5 0.354646 0.333056 0.0214083 0.0625513
2 0.825996 0.661449 0.0791255 0.130359
2 0.951428 0.778599 0.0506731 0.156616
2 0.467166 0.623319 0.0572788 0.0481405
2 0.334803 0.432303 0.0370746 0.0326094
2 0.295285 0.477783 0.0363771 0.0651132
3 0.234767 0.519147 0.0173439 0.0397593
2 0.604783 0.794976 0.0978696 0.16544
2 0.530467 0.922674 0.112944 0.153164
2 0.0247941 0.910575 0.0493031 0.121122
2 0.480736 0.802243 0.0923494 0.167155
2 0.0358672 0.717632 0.0709217 0.138406
7 0.902907 0.505051 0.0898767 0.167946
2 0.231717 0.603047 0.0586354 0.108102
7 0.530784 0.554582 0.0604342 0.163863
7 0.393552 0.438132 0.0509605 0.144308
2 0.190056 0.946822 0.125527 0.102891
2 0.410419 0.533242 0.0422373 0.0833616
2 0.334462 0.809655 0.0822011 0.204243
7 0.196085 0.421357 0.0619929 0.103767
7 0.33433 0.515264 0.0482198 0.148091
2 0.0741874 0.632165 0.0813096 0.111052
2 0.439051 0.571636 0.061573 0.101713
2 0.483697 0.512425 0.0404986 0.0818673
2 0.468245 0.676211 0.0632318 0.111085
7 0.935457 0.739083 0.123736 0.238972
2 0.445811 0.4868 0.0373636 0.0755163
2 0.178313 0.496472 0.0486063 0.0702805
2 0.105068 0.589844 0.0675705 0.0972226
2 0.296345 0.491107 0.0335829 0.07051
7 0.794344 0.438762 0.0619106 0.10896
0 0.271477 0.551521 0.0204571 0.0732013
7 0.673183 0.382736 0.0698225 0.0974748
2 0.306456 0.390991 0.0240961 0.0415148
2 0.430086 0.432637 0.0281487 0.0616801
7 0.407427 0.319813 0.0313555 0.0846343
2 0.438078 0.393396 0.0254543 0.0553323
2 0.352208 0.374688 0.0234618 0.0459712
2 0.278731 0.426989 0.0280987 0.0550713
3 0.339114 0.661739 0.0302384 0.0933704
7 0.355026 0.332599 0.021571 0.0621741
0 0.33882 0.661205 0.0300891 0.0949239
0 0.234945 0.503662 0.0176331 0.0636798
3 0.271727 0.551473 0.02068 0.073199
5 0.354646 0.333056 0.0214083 0.0625513
2 0.825996 0.661449 0.0791255 0.130359
2 0.951428 0.778599 0.0506731 0.156616
2 0.467166 0.623319 0.0572788 0.0481405
2 0.334803 0.432303 0.0370746 0.0326094
2 0.295285 0.477783 0.0363771 0.0651132
3 0.234767 0.519147 0.0173439 0.0397593
2 0.604783 0.794976 0.0978696 0.16544
2 0.530467 0.922674 0.112944 0.153164
2 0.0247941 0.910575 0.0493031 0.121122
2 0.480736 0.802243 0.0923494 0.167155
2 0.0358672 0.717632 0.0709217 0.138406
7 0.902907 0.505051 0.0898767 0.167946
2 0.231717 0.603047 0.0586354 0.108102
7 0.530784 0.554582 0.0604342 0.163863
7 0.393552 0.438132 0.0509605 0.144308
2 0.190056 0.946822 0.125527 0.102891
2 0.410419 0.533242 0.0422373 0.0833616
2 0.334462 0.809655 0.0822011 0.204243
7 0.196085 0.421357 0.0619929 0.103767
7 0.33433 0.515264 0.0482198 0.148091
2 0.0741874 0.632165 0.0813096 0.111052
2 0.439051 0.571636 0.061573 0.101713
2 0.483697 0.512425 0.0404986 0.0818673
2 0.468245 0.676211 0.0632318 0.111085
7 0.935457 0.739083 0.123736 0.238972
2 0.445811 0.4868 0.0373636 0.0755163
2 0.178313 0.496472 0.0486063 0.0702805
2 0.105068 0.589844 0.0675705 0.0972226
2 0.296345 0.491107 0.0335829 0.07051
7 0.794344 0.438762 0.0619106 0.10896
0 0.271477 0.551521 0.0204571 0.0732013
7 0.673183 0.382736 0.0698225 0.0974748
2 0.306456 0.390991 0.0240961 0.0415148
2 0.430086 0.432637 0.0281487 0.0616801
7 0.407427 0.319813 0.0313555 0.0846343
2 0.438078 0.393396 0.0254543 0.0553323
2 0.352208 0.374688 0.0234618 0.0459712
2 0.278731 0.426989 0.0280987 0.0550713
3 0.339114 0.661739 0.0302384 0.0933704
7 0.355026 0.332599 0.021571 0.0621741
0 0.33882 0.661205 0.0300891 0.0949239
0 0.234945 0.503662 0.0176331 0.0636798
3 0.271727 0.551473 0.02068 0.073199
5 0.354646 0.333056 0.0214083 0.0625513
2 0.825996 0.661449 0.0791255 0.130359
2 0.951428 0.778599 0.0506731 0.156616
2 0.467166 0.623319 0.0572788 0.0481405
2 0.334803 0.432303 0.0370746 0.0326094
2 0.295285 0.477783 0.0363771 0.0651132
3 0.234767 0.519147 0.0173439 0.0397593
2 0.604783 0.794976 0.0978696 0.16544
2 0.530467 0.922674 0.112944 0.153164
2 0.0247941 0.910575 0.0493031 0.121122
2 0.480736 0.802243 0.0923494 0.167155
2 0.0358672 0.717632 0.0709217 0.138406
7 0.902907 0.505051 0.0898767 0.167946
2 0.231717 0.603047 0.0586354 0.108102
7 0.530784 0.554582 0.0604342 0.163863
7 0.393552 0.438132 0.0509605 0.144308
2 0.190056 0.946822 0.125527 0.102891
2 0.410419 0.533242 0.0422373 0.0833616
2 0.334462 0.809655 0.0822011 0.204243
7 0.196085 0.421357 0.0619929 0.103767
7 0.33433 0.515264 0.0482198 0.148091
2 0.0741874 0.632165 0.0813096 0.111052
2 0.439051 0.571636 0.061573 0.101713
2 0.483697 0.512425 0.0404986 0.0818673
2 0.468245 0.676211 0.0632318 0.111085
7 0.935457 0.739083 0.123736 0.238972
2 0.445811 0.4868 0.0373636 0.0755163
2 0.178313 0.496472 0.0486063 0.0702805
2 0.105068 0.589844 0.0675705 0.0972226
2 0.296345 0.491107 0.0335829 0.07051
7 0.794344 0.438762 0.0619106 0.10896
0 0.271477 0.551521 0.0204571 0.0732013
7 0.673183 0.382736 0.0698225 0.0974748
2 0.306456 0.390991 0.0240961 0.0415148
2 0.430086 0.432637 0.0281487 0.0616801
7 0.407427 0.319813 0.0313555 0.0846343
2 0.438078 0.393396 0.0254543 0.0553323
2 0.352208 0.374688 0.0234618 0.0459712
2 0.278731 0.426989 0.0280987 0.0550713
3 0.339114 0.661739 0.0302384 0.0933704
7 0.355026 0.332599 0.021571 0.0621741
0 0.33882 0.661205 0.0300891 0.0949239
0 0.234945 0.503662 0.0176331 0.0636798
3 0.271727 0.551473 0.02068 0.073199
5 0.354646 0.333056 0.0214083 0.0625513
2 0.825996 0.661449 0.0791255 0.130359
2 0.951428 0.778599 0.0506731 0.156616
2 0.467166 0.623319 0.0572788 0.0481405
2 0.334803 0.432303 0.0370746 0.0326094
2 0.295285 0.477783 0.0363771 0.0651132
3 0.234767 0.519147 0.0173439 0.0397593
2 0.604783 0.794976 0.0978696 0.16544
2 0.530467 0.922674 0.112944 0.153164
2 0.0247941 0.910575 0.0493031 0.121122
2 0.480736 0.802243 0.0923494 0.167155
2 0.0358672 0.717632 0.0709217 0.138406
7 0.902907 0.505051 0.0898767 0.167946
2 0.231717 0.603047 0.0586354 0.108102
7 0.530784 0.554582 0.0604342 0.163863
7 0.393552 0.438132 0.0509605 0.144308
2 0.190056 0.946822 0.125527 0.102891
2 0.410419 0.533242 0.0422373 0.0833616
2 0.334462 0.809655 0.0822011 0.204243
7 0.196085 0.421357 0.0619929 0.103767
7 0.33433 0.515264 0.0482198 0.148091
2 0.0741874 0.632165 0.0813096 0.111052
2 0.439051 0.571636 0.061573 0.101713
2 0.483697 0.512425 0.0404986 0.0818673
2 0.468245 0.676211 0.0632318 0.111085
7 0.935457 0.739083 0.123736 0.238972
2 0.445811 0.4868 0.0373636 0.0755163
2 0.178313 0.496472 0.0486063 0.0702805
2 0.105068 0.589844 0.0675705 0.0972226
2 0.296345 0.491107 0.0335829 0.07051
7 0.794344 0.438762 0.0619106 0.10896
0 0.271477 0.551521 0.0204571 0.0732013
7 0.673183 0.382736 0.0698225 0.0974748
2 0.306456 0.390991 0.0240961 0.0415148
2 0.430086 0.432637 0.0281487 0.0616801
7 0.407427 0.319813 0.0313555 0.0846343
2 0.438078 0.393396 0.0254543 0.0553323
2 0.352208 0.374688 0.0234618 0.0459712
2 0.278731 0.426989 0.0280987 0.0550713
3 0.339114 0.661739 0.0302384 0.0933704
7 0.355026 0.332599 0.021571 0.0621741
0 0.33882 0.661205 0.0300891 0.0949239
0 0.234945 0.503662 0.0176331 0.0636798
3 0.271727 0.551473 0.02068 0.073199
5 0.354646 0.333056 0.0214083 0.0625513
2 0.825996 0.661449 0.0791255 0.130359
2 0.951428 0.778599 0.0506731 0.156616
2 0.467166 0.623319 0.0572788 0.0481405
2 0.334803 0.432303 0.0370746 0.0326094
2 0.295285 0.477783 0.0363771 0.0651132
3 0.234767 0.519147 0.0173439 0.0397593
2 0.604783 0.794976 0.0978696 0.16544
2 0.530467 0.922674 0.112944 0.153164
2 0.0247941 0.910575 0.0493031 0.121122
2 0.480736 0.802243 0.0923494 0.167155
2 0.0358672 0.717632 0.0709217 0.138406
7 0.902907 0.505051 0.0898767 0.167946
2 0.231717 0.603047 0.0586354 0.108102
7 0.530784 0.554582 0.0604342 0.163863
7 0.393552 0.438132 0.0509605 0.144308
2 0.190056 0.946822 0.125527 0.102891
2 0.410419 0.533242 0.0422373 0.0833616
2 0.334462 0.809655 0.0822011 0.204243
7 0.196085 0.421357 0.0619929 0.103767
7 0.33433 0.515264 0.0482198 0.148091
2 0.0741874 0.632165 0.0813096 0.111052
2 0.439051 0.571636 0.061573 0.101713
2 0.483697 0.512425 0.0404986 0.0818673
2 0.468245 0.676211 0.0632318 0.111085
7 0.935457 0.739083 0.123736 0.238972
2 0.445811 0.4868 0.0373636 0.0755163
2 0.178313 0.496472 0.0486063 0.0702805
2 0.105068 0.589844 0.0675705 0.0972226
2 0.296345 0.491107 0.0335829 0.07051
7 0.794344 0.438762 0.0619106 0.10896
0 0.271477 0.551521 0.0204571 0.0732013
7 0.673183 0.382736 0.0698225 0.0974748
2 0.306456 0.390991 0.0240961 0.0415148
2 0.430086 0.432637 0.0281487 0.0616801
7 0.407427 0.319813 0.0313555 0.0846343
2 0.438078 0.393396 0.0254543 0.0553323
2 0.352208 0.374688 0.0234618 0.0459712
2 0.278731 0.426989 0.0280987 0.0550713
3 0.339114 0.661739 0.0302384 0.0933704
7 0.355026 0.332599 0.021571 0.0621741
0 0.33882 0.661205 0.0300891 0.0949239
0 0.234945 0.503662 0.0176331 0.0636798
3 0.271727 0.551473 0.02068 0.073199
5 0.354646 0.333056 0.0214083 0.0625513
2 0.825996 0.661449 0.0791255 0.130359
2 0.951428 0.778599 0.0506731 0.156616
2 0.467166 0.623319 0.0572788 0.0481405
2 0.334803 0.432303 0.0370746 0.0326094
2 0.295285 0.477783 0.0363771 0.0651132
3 0.234767 0.519147 0.0173439 0.0397593
2 0.604783 0.794976 0.0978696 0.16544
2 0.530467 0.922674 0.112944 0.153164
2 0.0247941 0.910575 0.0493031 0.121122
2 0.480736 0.802243 0.0923494 0.167155
2 0.0358672 0.717632 0.0709217 0.138406
7 0.902907 0.505051 0.0898767 0.167946
2 0.231717 0.603047 0.0586354 0.108102
7 0.530784 0.554582 0.0604342 0.163863
7 0.393552 0.438132 0.0509605 0.144308
2 0.190056 0.946822 0.125527 0.102891
2 0.410419 0.533242 0.0422373 0.0833616
2 0.334462 0.809655 0.0822011 0.204243
7 0.196085 0.421357 0.0619929 0.103767
7 0.33433 0.515264 0.0482198 0.148091
2 0.0741874 0.632165 0.0813096 0.111052
2 0.439051 0.571636 0.061573 0.101713
2 0.483697 0.512425 0.0404986 0.0818673
2 0.468245 0.676211 0.0632318 0.111085
7 0.935457 0.739083 0.123736 0.238972
2 0.445811 0.4868 0.0373636 0.0755163
2 0.178313 0.496472 0.0486063 0.0702805
2 0.105068 0.589844 0.0675705 0.0972226
2 0.296345 0.491107 0.0335829 0.07051
7 0.794344 0.438762 0.0619106 0.10896
0 0.271477 0.551521 0.0204571 0.0732013
7 0.673183 0.382736 0.0698225 0.0974748
2 0.306456 0.390991 0.0240961 0.0415148
2 0.430086 0.432637 0.0281487 0.0616801
7 0.407427 0.319813 0.0313555 0.0846343
2 0.438078 0.393396 0.0254543 0.0553323
2 0.352208 0.374688 0.0234618 0.0459712
2 0.278731 0.426989 0.0280987 0.0550713
3 0.339114 0.661739 0.0302384 0.0933704
7 0.355026 0.332599 0.021571 0.0621741
0 0.33882 0.661205 0.0300891 0.0949239
0 0.234945 0.503662 0.0176331 0.0636798
3 0.271727 0.551473 0.02068 0.073199
5 0.354646 0.333056 0.0214083 0.0625513
2 0.825996 0.661449 0.0791255 0.130359
2 0.951428 0.778599 0.0506731 0.156616
2 0.467166 0.623319 0.0572788 0.0481405
2 0.334803 0.432303 0.0370746 0.0326094
2 0.295285 0.477783 0.0363771 0.0651132
3 0.234767 0.519147 0.0173439 0.0397593
2 0.604783 0.794976 0.0978696 0.16544
2 0.530467 0.922674 0.112944 0.153164
2 0.0247941 0.910575 0.0493031 0.121122
2 0.480736 0.802243 0.0923494 0.167155
2 0.0358672 0.717632 0.0709217 0.138406
7 0.902907 0.505051 0.0898767 0.167946
2 0.231717 0.603047 0.0586354 0.108102
7 0.530784 0.554582 0.0604342 0.163863
7 0.393552 0.438132 0.0509605 0.144308
2 0.190056 0.946822 0.125527 0.102891
2 0.410419 0.533242 0.0422373 0.0833616
2 0.334462 0.809655 0.0822011 0.204243
7 0.196085 0.421357 0.0619929 0.103767
7 0.33433 0.515264 0.0482198 0.148091
2 0.0741874 0.632165 0.0813096 0.111052
2 0.439051 0.571636 0.061573 0.101713
2 0.483697 0.512425 0.0404986 0.0818673
2 0.468245 0.676211 0.0632318 0.111085
7 0.935457 0.739083 0.123736 0.238972
2 0.445811 0.4868 0.0373636 0.0755163
2 0.178313 0.496472 0.0486063 0.0702805
2 0.105068 0.589844 0.0675705 0.0972226
2 0.296345 0.491107 0.0335829 0.07051
7 0.794344 0.438762 0.0619106 0.10896
0 0.271477 0.551521 0.0204571 0.0732013
7 0.673183 0.382736 0.0698225 0.0974748
2 0.306456 0.390991 0.0240961 0.0415148
2 0.430086 0.432637 0.0281487 0.0616801
7 0.407427 0.319813 0.0313555 0.0846343
2 0.438078 0.393396 0.0254543 0.0553323
2 0.352208 0.374688 0.0234618 0.0459712
2 0.278731 0.426989 0.0280987 0.0550713
3 0.339114 0.661739 0.0302384 0.0933704
7 0.355026 0.332599 0.021571 0.0621741
0 0.33882 0.661205 0.0300891 0.0949239
0 0.234945 0.503662 0.0176331 0.0636798
3 0.271727 0.551473 0.02068 0.073199
5 0.354646 0.333056 0.0214083 0.0625513
2 0.825996 0.661449 0.0791255 0.130359
2 0.951428 0.778599 0.0506731 0.156616
2 0.467166 0.623319 0.0572788 0.0481405
2 0.334803 0.432303 0.0370746 0.0326094
2 0.295285 0.477783 0.0363771 0.0651132
3 0.234767 0.519147 0.0173439 0.0397593
2 0.604783 0.794976 0.0978696 0.16544
2 0.530467 0.922674 0.112944 0.153164
2 0.0247941 0.910575 0.0493031 0.121122
2 0.480736 0.802243 0.0923494 0.167155
2 0.0358672 0.717632 0.0709217 0.138406
7 0.902907 0.505051 0.0898767 0.167946
2 0.231717 0.603047 0.0586354 0.108102
7 0.530784 0.554582 0.0604342 0.163863
7 0.393552 0.438132 0.0509605 0.144308
2 0.190056 0.946822 0.125527 0.102891
2 0.410419 0.533242 0.0422373 0.0833616
2 0.334462 0.809655 0.0822011 0.204243
7 0.196085 0.421357 0.0619929 0.103767
7 0.33433 0.515264 0.0482198 0.148091
2 0.0741874 0.632165 0.0813096 0.111052
2 0.439051 0.571636 0.061573 0.101713
2 0.483697 0.512425 0.0404986 0.0818673
2 0.468245 0.676211 0.0632318 0.111085
7 0.935457 0.739083 0.123736 0.238972
2 0.445811 0.4868 0.0373636 0.0755163
2 0.178313 0.496472 0.0486063 0.0702805
2 0.105068 0.589844 0.0675705 0.0972226
2 0.296345 0.491107 0.0335829 0.07051
7 0.794344 0.438762 0.0619106 0.10896
0 0.271477 0.551521 0.0204571 0.0732013
7 0.673183 0.382736 0.0698225 0.0974748
2 0.306456 0.390991 0.0240961 0.0415148
2 0.430086 0.432637 0.0281487 0.0616801
7 0.407427 0.319813 0.0313555 0.0846343
2 0.438078 0.393396 0.0254543 0.0553323
2 0.352208 0.374688 0.0234618 0.0459712
2 0.278731 0.426989 0.0280987 0.0550713
3 0.339114 0.661739 0.0302384 0.0933704
7 0.355026 0.332599 0.021571 0.0621741
0 0.33882 0.661205 0.0300891 0.0949239
0 0.234945 0.503662 0.0176331 0.0636798
3 0.271727 0.551473 0.02068 0.073199
5 0.354646 0.333056 0.0214083 0.0625513
2 0.825996 0.661449 0.0791255 0.130359
2 0.951428 0.778599 0.0506731 0.156616
2 0.467166 0.623319 0.0572788 0.0481405
2 0.334803 0.432303 0.0370746 0.0326094
2 0.295285 0.477783 0.0363771 0.0651132
3 0.234767 0.519147 0.0173439 0.0397593
2 0.604783 0.794976 0.0978696 0.16544
2 0.530467 0.922674 0.112944 0.153164
2 0.0247941 0.910575 0.0493031 0.121122
2 0.480736 0.802243 0.0923494 0.167155
2 0.0358672 0.717632 0.0709217 0.138406
7 0.902907 0.505051 0.0898767 0.167946
2 0.231717 0.603047 0.0586354 0.108102
7 0.530784 0.554582 0.0604342 0.163863
7 0.393552 0.438132 0.0509605 0.144308
2 0.190056 0.946822 0.125527 0.102891
2 0.410419 0.533242 0.0422373 0.0833616
2 0.334462 0.809655 0.0822011 0.204243
7 0.196085 0.421357 0.0619929 0.103767
7 0.33433 0.515264 0.0482198 0.148091
2 0.0741874 0.632165 0.0813096 0.111052
2 0.439051 0.571636 0.061573 0.101713
2 0.483697 0.512425 0.0404986 0.0818673
2 0.468245 0.676211 0.0632318 0.111085
7 0.935457 0.739083 0.123736 0.238972
2 0.445811 0.4868 0.0373636 0.0755163
2 0.178313 0.496472 0.0486063 0.0702805
2 0.105068 0.589844 0.0675705 0.0972226
2 0.296345 0.491107 0.0335829 0.07051
7 0.794344 0.438762 0.0619106 0.10896
0 0.271477 0.551521 0.0204571 0.0732013
7 0.673183 0.382736 0.0698225 0.0974748
2 0.306456 0.390991 0.0240961 0.0415148
2 0.430086 0.432637 0.0281487 0.0616801
7 0.407427 0.319813 0.0313555 0.0846343
2 0.438078 0.393396 0.0254543 0.0553323
2 0.352208 0.374688 0.0234618 0.0459712
2 0.278731 0.426989 0.0280987 0.0550713
3 0.339114 0.661739 0.0302384 0.0933704
7 0.355026 0.332599 0.021571 0.0621741
0 0.33882 0.661205 0.0300891 0.0949239
0 0.234945 0.503662 0.0176331 0.0636798
3 0.271727 0.551473 0.02068 0.073199
5 0.354646 0.333056 0.0214083 0.0625513
2 0.825996 0.661449 0.0791255 0.130359
2 0.951428 0.778599 0.0506731 0.156616
2 0.467166 0.623319 0.0572788 0.0481405
2 0.334803 0.432303 0.0370746 0.0326094
2 0.295285 0.477783 0.0363771 0.0651132
3 0.234767 0.519147 0.0173439 0.0397593
2 0.604783 0.794976 0.0978696 0.16544
2 0.530467 0.922674 0.112944 0.153164
2 0.0247941 0.910575 0.0493031 0.121122
2 0.480736 0.802243 0.0923494 0.167155
2 0.0358672 0.717632 0.0709217 0.138406
7 0.902907 0.505051 0.0898767 0.167946
2 0.231717 0.603047 0.0586354 0.108102
7 0.530784 0.554582 0.0604342 0.163863
7 0.393552 0.438132 0.0509605 0.144308
2 0.190056 0.946822 0.125527 0.102891
2 0.410419 0.533242 0.0422373 0.0833616
2 0.334462 0.809655 0.0822011 0.204243
7 0.196085 0.421357 0.0619929 0.103767
7 0.33433 0.515264 0.0482198 0.148091
2 0.0741874 0.632165 0.0813096 0.111052
2 0.439051 0.571636 0.061573 0.101713
2 0.483697 0.512425 0.0404986 0.0818673
2 0.468245 0.676211 0.0632318 0.111085
7 0.935457 0.739083 0.123736 0.238972
2 0.445811 0.4868 0.0373636 0.0755163
2 0.178313 0.496472 0.0486063 0.0702805
2 0.105068 0.589844 0.0675705 0.0972226
2 0.296345 0.491107 0.0335829 0.07051
7 0.794344 0.438762 0.0619106 0.10896
0 0.271477 0.551521 0.0204571 0.0732013
7 0.673183 0.382736 0.0698225 0.0974748
2 0.306456 0.390991 0.0240961 0.0415148
2 0.430086 0.432637 0.0281487 0.0616801
7 0.407427 0.319813 0.0313555 0.0846343
2 0.438078 0.393396 0.0254543 0.0553323
2 0.352208 0.374688 0.0234618 0.0459712
2 0.278731 0.426989 0.0280987 0.0550713
3 0.339114 0.661739 0.0302384 0.0933704
7 0.355026 0.332599 0.021571 0.0621741
0 0.33882 0.661205 0.0300891 0.0949239
0 0.234945 0.503662 0.0176331 0.0636798
3 0.271727 0.551473 0.02068 0.073199
5 0.354646 0.333056 0.0214083 0.0625513
2 0.825996 0.661449 0.0791255 0.130359
2 0.951428 0.778599 0.0506731 0.156616
2 0.467166 0.623319 0.0572788 0.0481405
2 0.334803 0.432303 0.0370746 0.0326094
2 0.295285 0.477783 0.0363771 0.0651132
3 0.234767 0.519147 0.0173439 0.0397593
2 0.604783 0.794976 0.0978696 0.16544
2 0.530467 0.922674 0.112944 0.153164
2 0.0247941 0.910575 0.0493031 0.121122
2 0.480736 0.802243 0.0923494 0.167155
2 0.0358672 0.717632 0.0709217 0.138406
7 0.902907 0.505051 0.0898767 0.167946
2 0.231717 0.603047 0.0586354 0.108102
7 0.530784 0.554582 0.0604342 0.163863
7 0.393552 0.438132 0.0509605 0.144308
2 0.190056 0.946822 0.125527 0.102891
2 0.410419 0.533242 0.0422373 0.0833616
2 0.334462 0.809655 0.0822011 0.204243
7 0.196085 0.421357 0.0619929 0.103767
7 0.33433 0.515264 0.0482198 0.148091
2 0.0741874 0.632165 0.0813096 0.111052
2 0.439051 0.571636 0.061573 0.101713
2 0.483697 0.512425 0.0404986 0.0818673
2 0.468245 0.676211 0.0632318 0.111085
7 0.935457 0.739083 0.123736 0.238972
2 0.445811 0.4868 0.0373636 0.0755163
2 0.178313 0.496472 0.0486063 0.0702805
2 0.105068 0.589844 0.0675705 0.0972226
2 0.296345 0.491107 0.0335829 0.07051
7 0.794344 0.438762 0.0619106 0.10896
0 0.271477 0.551521 0.0204571 0.0732013
7 0.673183 0.382736 0.0698225 0.0974748
2 0.306456 0.390991 0.0240961 0.0415148
2 0.430086 0.432637 0.0281487 0.0616801
7 0.407427 0.319813 0.0313555 0.0846343
2 0.438078 0.393396 0.0254543 0.0553323
2 0.352208 0.374688 0.0234618 0.0459712
2 0.278731 0.426989 0.0280987 0.0550713
3 0.339114 0.661739 0.0302384 0.0933704
7 0.355026 0.332599 0.021571 0.0621741
0 0.33882 0.661205 0.0300891 0.0949239
0 0.234945 0.503662 0.0176331 0.0636798
3 0.271727 0.551473 0.02068 0.073199
5 0.354646 0.333056 0.0214083 0.0625513
2 0.825996 0.661449 0.0791255 0.130359
2 0.951428 0.778599 0.0506731 0.156616
2 0.467166 0.623319 0.0572788 0.0481405
2 0.334803 0.432303 0.0370746 0.0326094
2 0.295285 0.477783 0.0363771 0.0651132
3 0.234767 0.519147 0.0173439 0.0397593
2 0.604783 0.794976 0.0978696 0.16544
2 0.530467 0.922674 0.112944 0.153164
2 0.0247941 0.910575 0.0493031 0.121122
2 0.480736 0.802243 0.0923494 0.167155
2 0.0358672 0.717632 0.0709217 0.138406
7 0.902907 0.505051 0.0898767 0.167946
2 0.231717 0.603047 0.0586354 0.108102
7 0.530784 0.554582 0.0604342 0.163863
7 0.393552 0.438132 0.0509605 0.144308
2 0.190056 0.946822 0.125527 0.102891
2 0.410419 0.533242 0.0422373 0.0833616
2 0.334462 0.809655 0.0822011 0.204243
7 0.196085 0.421357 0.0619929 0.103767
7 0.33433 0.515264 0.0482198 0.148091
2 0.0741874 0.632165 0.0813096 0.111052
2 0.439051 0.571636 0.061573 0.101713
2 0.483697 0.512425 0.0404986 0.0818673
2 0.468245 0.676211 0.0632318 0.111085
7 0.935457 0.739083 0.123736 0.238972
2 0.445811 0.4868 0.0373636 0.0755163
2 0.178313 0.496472 0.0486063 0.0702805
2 0.105068 0.589844 0.0675705 0.0972226
2 0.296345 0.491107 0.0335829 0.07051
7 0.794344 0.438762 0.0619106 0.10896
0 0.271477 0.551521 0.0204571 0.0732013
7 0.673183 0.382736 0.0698225 0.0974748
2 0.306456 0.390991 0.0240961 0.0415148
2 0.430086 0.432637 0.0281487 0.0616801
7 0.407427 0.319813 0.0313555 0.0846343
2 0.438078 0.393396 0.0254543 0.0553323
2 0.352208 0.374688 0.0234618 0.0459712
2 0.278731 0.426989 0.0280987 0.0550713
3 0.339114 0.661739 0.0302384 0.0933704
7 0.355026 0.332599 0.021571 0.0621741
0 0.33882 0.661205 0.0300891 0.0949239
0 0.234945 0.503662 0.0176331 0.0636798
3 0.271727 0.551473 0.02068 0.073199
5 0.354646 0.333056 0.0214083 0.0625513
2 0.825996 0.661449 0.0791255 0.130359
2 0.951428 0.778599 0.0506731 0.156616
2 0.467166 0.623319 0.0572788 0.0481405
2 0.334803 0.432303 0.0370746 0.0326094
2 0.295285 0.477783 0.0363771 0.0651132
3 0.234767 0.519147 0.0173439 0.0397593
2 0.604783 0.794976 0.0978696 0.16544
2 0.530467 0.922674 0.112944 0.153164
2 0.0247941 0.910575 0.0493031 0.121122
2 0.480736 0.802243 0.0923494 0.167155
2 0.0358672 0.717632 0.0709217 0.138406
7 0.902907 0.505051 0.0898767 0.167946
2 0.231717 0.603047 0.0586354 0.108102
7 0.530784 0.554582 0.0604342 0.163863
7 0.393552 0.438132 0.0509605 0.144308
2 0.190056 0.946822 0.125527 0.102891
2 0.410419 0.533242 0.0422373 0.0833616
2 0.334462 0.809655 0.0822011 0.204243
7 0.196085 0.421357 0.0619929 0.103767
7 0.33433 0.515264 0.0482198 0.148091
2 0.0741874 0.632165 0.0813096 0.111052
2 0.439051 0.571636 0.061573 0.101713
2 0.483697 0.512425 0.0404986 0.0818673
2 0.468245 0.676211 0.0632318 0.111085
7 0.935457 0.739083 0.123736 0.238972
2 0.445811 0.4868 0.0373636 0.0755163
2 0.178313 0.496472 0.0486063 0.0702805
2 0.105068 0.589844 0.0675705 0.0972226
2 0.296345 0.491107 0.0335829 0.07051
7 0.794344 0.438762 0.0619106 0.10896
0 0.271477 0.551521 0.0204571 0.0732013
7 0.673183 0.382736 0.0698225 0.0974748
2 0.306456 0.390991 0.0240961 0.0415148
2 0.430086 0.432637 0.0281487 0.0616801
7 0.407427 0.319813 0.0313555 0.0846343
2 0.438078 0.393396 0.0254543 0.0553323
2 0.352208 0.374688 0.0234618 0.0459712
2 0.278731 0.426989 0.0280987 0.0550713
3 0.339114 0.661739 0.0302384 0.0933704
7 0.355026 0.332599 0.021571 0.0621741
0 0.33882 0.661205 0.0300891 0.0949239
0 0.234945 0.503662 0.0176331 0.0636798
3 0.271727 0.551473 0.02068 0.073199
5 0.354646 0.333056 0.0214083 0.0625513
2 0.825996 0.661449 0.0791255 0.130359
2 0.951428 0.778599 0.0506731 0.156616
2 0.467166 0.623319 0.0572788 0.0481405
2 0.334803 0.432303 0.0370746 0.0326094
2 0.295285 0.477783 0.0363771 0.0651132
3 0.234767 0.519147 0.0173439 0.0397593
7 0.53124 0.554096 0.0601226 0.160931
7 0.90194 0.506554 0.0904909 0.169189
7 0.394232 0.430417 0.0496868 0.127184
2 0.478557 0.799886 0.0901886 0.164261
2 0.604975 0.793563 0.0984889 0.163378
2 0.0352132 0.719298 0.0699367 0.138195
2 0.530362 0.92268 0.112659 0.150223
2 0.231493 0.603043 0.0588083 0.108564
2 0.467594 0.665832 0.0637308 0.130553
2 0.0249705 0.910675 0.0496578 0.118602
2 0.334864 0.809563 0.0819314 0.201682
2 0.190266 0.945962 0.12294 0.10404
2 0.4391 0.571375 0.0614761 0.0970795
2 0.0741436 0.628892 0.0775507 0.101156
5 0.196353 0.421382 0.0605124 0.104408
7 0.784557 0.421985 0.0822645 0.142893
7 0.334267 0.515734 0.0466988 0.131917
0 0.105795 0.645673 0.0172387 0.0861759
0 0.339424 0.659267 0.0318268 0.0887229
2 0.41098 0.528836 0.0418275 0.0895986
2 0.482796 0.50974 0.0417479 0.0818118
7 0.948066 0.740446 0.0976604 0.253368
7 0.67383 0.379983 0.0705992 0.0973996
7 0.53124 0.554096 0.0601226 0.160931
7 0.90194 0.506554 0.0904909 0.169189
7 0.394232 0.430417 0.0496868 0.127184
2 0.478557 0.799886 0.0901886 0.164261
2 0.604975 0.793563 0.0984889 0.163378
2 0.0352132 0.719298 0.0699367 0.138195
2 0.530362 0.92268 0.112659 0.150223
2 0.231493 0.603043 0.0588083 0.108564
2 0.467594 0.665832 0.0637308 0.130553
2 0.0249705 0.910675 0.0496578 0.118602
2 0.334864 0.809563 0.0819314 0.201682
2 0.190266 0.945962 0.12294 0.10404
2 0.4391 0.571375 0.0614761 0.0970795
2 0.0741436 0.628892 0.0775507 0.101156
5 0.196353 0.421382 0.0605124 0.104408
7 0.784557 0.421985 0.0822645 0.142893
7 0.334267 0.515734 0.0466988 0.131917
0 0.105795 0.645673 0.0172387 0.0861759
0 0.339424 0.659267 0.0318268 0.0887229
2 0.41098 0.528836 0.0418275 0.0895986
2 0.482796 0.50974 0.0417479 0.0818118
7 0.948066 0.740446 0.0976604 0.253368
7 0.67383 0.379983 0.0705992 0.0973996
7 0.53124 0.554096 0.0601226 0.160931
7 0.90194 0.506554 0.0904909 0.169189
7 0.394232 0.430417 0.0496868 0.127184
2 0.478557 0.799886 0.0901886 0.164261
2 0.604975 0.793563 0.0984889 0.163378
2 0.0352132 0.719298 0.0699367 0.138195
2 0.530362 0.92268 0.112659 0.150223
2 0.231493 0.603043 0.0588083 0.108564
2 0.467594 0.665832 0.0637308 0.130553
2 0.0249705 0.910675 0.0496578 0.118602
2 0.334864 0.809563 0.0819314 0.201682
2 0.190266 0.945962 0.12294 0.10404
2 0.4391 0.571375 0.0614761 0.0970795
2 0.0741436 0.628892 0.0775507 0.101156
5 0.196353 0.421382 0.0605124 0.104408
7 0.784557 0.421985 0.0822645 0.142893
7 0.334267 0.515734 0.0466988 0.131917
0 0.105795 0.645673 0.0172387 0.0861759
0 0.339424 0.659267 0.0318268 0.0887229
2 0.41098 0.528836 0.0418275 0.0895986
2 0.482796 0.50974 0.0417479 0.0818118
7 0.948066 0.740446 0.0976604 0.253368
7 0.67383 0.379983 0.0705992 0.0973996
7 0.53124 0.554096 0.0601226 0.160931
7 0.90194 0.506554 0.0904909 0.169189
7 0.394232 0.430417 0.0496868 0.127184
2 0.478557 0.799886 0.0901886 0.164261
2 0.604975 0.793563 0.0984889 0.163378
2 0.0352132 0.719298 0.0699367 0.138195
2 0.530362 0.92268 0.112659 0.150223
2 0.231493 0.603043 0.0588083 0.108564
2 0.467594 0.665832 0.0637308 0.130553
2 0.0249705 0.910675 0.0496578 0.118602
2 0.334864 0.809563 0.0819314 0.201682
2 0.190266 0.945962 0.12294 0.10404
2 0.4391 0.571375 0.0614761 0.0970795
2 0.0741436 0.628892 0.0775507 0.101156
5 0.196353 0.421382 0.0605124 0.104408
7 0.784557 0.421985 0.0822645 0.142893
7 0.334267 0.515734 0.0466988 0.131917
0 0.105795 0.645673 0.0172387 0.0861759
0 0.339424 0.659267 0.0318268 0.0887229
2 0.41098 0.528836 0.0418275 0.0895986
2 0.482796 0.50974 0.0417479 0.0818118
7 0.948066 0.740446 0.0976604 0.253368
7 0.67383 0.379983 0.0705992 0.0973996
7 0.53124 0.554096 0.0601226 0.160931
7 0.90194 0.506554 0.0904909 0.169189
7 0.394232 0.430417 0.0496868 0.127184
2 0.478557 0.799886 0.0901886 0.164261
2 0.604975 0.793563 0.0984889 0.163378
2 0.0352132 0.719298 0.0699367 0.138195
2 0.530362 0.92268 0.112659 0.150223
2 0.231493 0.603043 0.0588083 0.108564
2 0.467594 0.665832 0.0637308 0.130553
2 0.0249705 0.910675 0.0496578 0.118602
2 0.334864 0.809563 0.0819314 0.201682
2 0.190266 0.945962 0.12294 0.10404
2 0.4391 0.571375 0.0614761 0.0970795
2 0.0741436 0.628892 0.0775507 0.101156
5 0.196353 0.421382 0.0605124 0.104408
7 0.784557 0.421985 0.0822645 0.142893
7 0.334267 0.515734 0.0466988 0.131917
0 0.105795 0.645673 0.0172387 0.0861759
0 0.339424 0.659267 0.0318268 0.0887229
2 0.41098 0.528836 0.0418275 0.0895986
2 0.482796 0.50974 0.0417479 0.0818118
7 0.948066 0.740446 0.0976604 0.253368
7 0.67383 0.379983 0.0705992 0.0973996
7 0.53124 0.554096 0.0601226 0.160931
7 0.90194 0.506554 0.0904909 0.169189
7 0.394232 0.430417 0.0496868 0.127184
2 0.478557 0.799886 0.0901886 0.164261
2 0.604975 0.793563 0.0984889 0.163378
2 0.0352132 0.719298 0.0699367 0.138195
2 0.530362 0.92268 0.112659 0.150223
2 0.231493 0.603043 0.0588083 0.108564
2 0.467594 0.665832 0.0637308 0.130553
2 0.0249705 0.910675 0.0496578 0.118602
2 0.334864 0.809563 0.0819314 0.201682
2 0.190266 0.945962 0.12294 0.10404
2 0.4391 0.571375 0.0614761 0.0970795
2 0.0741436 0.628892 0.0775507 0.101156
5 0.196353 0.421382 0.0605124 0.104408
7 0.784557 0.421985 0.0822645 0.142893
7 0.334267 0.515734 0.0466988 0.131917
0 0.105795 0.645673 0.0172387 0.0861759
0 0.339424 0.659267 0.0318268 0.0887229
2 0.41098 0.528836 0.0418275 0.0895986
2 0.482796 0.50974 0.0417479 0.0818118
7 0.948066 0.740446 0.0976604 0.253368
7 0.67383 0.379983 0.0705992 0.0973996
7 0.53124 0.554096 0.0601226 0.160931
7 0.90194 0.506554 0.0904909 0.169189
7 0.394232 0.430417 0.0496868 0.127184
2 0.478557 0.799886 0.0901886 0.164261
2 0.604975 0.793563 0.0984889 0.163378
2 0.0352132 0.719298 0.0699367 0.138195
2 0.530362 0.92268 0.112659 0.150223
2 0.231493 0.603043 0.0588083 0.108564
2 0.467594 0.665832 0.0637308 0.130553
2 0.0249705 0.910675 0.0496578 0.118602
2 0.334864 0.809563 0.0819314 0.201682
2 0.190266 0.945962 0.12294 0.10404
2 0.4391 0.571375 0.0614761 0.0970795
2 0.0741436 0.628892 0.0775507 0.101156
5 0.196353 0.421382 0.0605124 0.104408
7 0.784557 0.421985 0.0822645 0.142893
7 0.334267 0.515734 0.0466988 0.131917
0 0.105795 0.645673 0.0172387 0.0861759
0 0.339424 0.659267 0.0318268 0.0887229
2 0.41098 0.528836 0.0418275 0.0895986
2 0.482796 0.50974 0.0417479 0.0818118
7 0.948066 0.740446 0.0976604 0.253368
7 0.67383 0.379983 0.0705992 0.0973996
7 0.53124 0.554096 0.0601226 0.160931
7 0.90194 0.506554 0.0904909 0.169189
7 0.394232 0.430417 0.0496868 0.127184
2 0.478557 0.799886 0.0901886 0.164261
2 0.604975 0.793563 0.0984889 0.163378
2 0.0352132 0.719298 0.0699367 0.138195
2 0.530362 0.92268 0.112659 0.150223
2 0.231493 0.603043 0.0588083 0.108564
2 0.467594 0.665832 0.0637308 0.130553
2 0.0249705 0.910675 0.0496578 0.118602
2 0.334864 0.809563 0.0819314 0.201682
2 0.190266 0.945962 0.12294 0.10404
2 0.4391 0.571375 0.0614761 0.0970795
2 0.0741436 0.628892 0.0775507 0.101156
5 0.196353 0.421382 0.0605124 0.104408
7 0.784557 0.421985 0.0822645 0.142893
7 0.334267 0.515734 0.0466988 0.131917
0 0.105795 0.645673 0.0172387 0.0861759
0 0.339424 0.659267 0.0318268 0.0887229
2 0.41098 0.528836 0.0418275 0.0895986
2 0.482796 0.50974 0.0417479 0.0818118
7 0.948066 0.740446 0.0976604 0.253368
7 0.67383 0.379983 0.0705992 0.0973996
0 0.234547 0.496855 0.018117 0.0493196
3 0.27195 0.567081 0.0205732 0.0426402
5 0.784388 0.422125 0.0819496 0.140168
7 0.407855 0.30894 0.0304111 0.0639463
2 0.280188 0.428233 0.0302097 0.0541233
3 0.339801 0.677122 0.0282797 0.0616999
5 0.33406 0.515502 0.0468268 0.132405
2 0.104708 0.588297 0.067555 0.0944759
0 0.271502 0.545143 0.0205265 0.0634458
3 0.234249 0.521336 0.0166736 0.0374498
2 0.297747 0.490093 0.0319277 0.0721266
2 0.445412 0.488445 0.0391159 0.0828946
2 0.830249 0.664947 0.06931 0.115214
