2 0.468738 0.720859 0.246753 0.137241
2 0.746669 0.507691 0.16144 0.0757154
2 0.274399 0.492139 0.148527 0.066622
2 0.505731 0.442893 0.136702 0.0753811
2 0.546064 0.371075 0.0864883 0.0403651
7 0.406511 0.357432 0.0961719 0.0686313
2 0.573907 0.328666 0.0639091 0.0295055
2 0.150324 0.367615 0.0853844 0.0368795
2 0.672327 0.385819 0.124979 0.0785227
2 0.201202 0.32848 0.0597494 0.0273032
7 0.515826 0.29756 0.0726006 0.0430507
2 0.516656 0.316 0.0418883 0.023196
2 0.264452 0.337767 0.068742 0.0299758
2 0.556136 0.354347 0.0800051 0.0355172
2 0.0716405 0.402286 0.112047 0.0636762
2 0.3067 0.324561 0.0537137 0.0247843
2 0.46709 0.342348 0.0569967 0.0403003
2 0.473046 0.321755 0.0638273 0.0325882
7 0.0719296 0.402305 0.111627 0.0635655
2 0.30885 0.300538 0.0398539 0.0170694
2 0.681941 0.309236 0.0517136 0.018105
2 0.676797 0.307523 0.0598306 0.0189345
2 0.3583 0.296335 0.0303367 0.014584
2 0.259377 0.310406 0.0468561 0.0212822
2 0.516931 0.765657 0.0970587 0.166709
2 0.401632 0.677906 0.0781374 0.138298
0 0.0912787 0.939493 0.045891 0.116441
2 0.0350145 0.724564 0.0696542 0.144208
7 0.198756 0.428281 0.0732501 0.109367
2 0.177554 0.501758 0.0490166 0.0687035
0 0.29768 0.954328 0.0479849 0.0905351
0 0.325642 0.913314 0.0444241 0.143731
0 0.251763 0.936999 0.0473626 0.119637
2 0.0725173 0.634189 0.079305 0.106308
0 0.319695 0.627751 0.0256612 0.0700187
0 0.0743723 0.742769 0.0304457 0.119331
0 0.24567 0.680856 0.0289962 0.0785958
3 0.320311 0.668006 0.0228012 0.057461
0 0.430812 0.888831 0.0459796 0.13961
3 0.431208 0.921148 0.0455235 0.150836
3 0.244979 0.722781 0.025317 0.0679935
2 0.712457 0.413855 0.0562584 0.0358231
2 0.0933401 0.594764 0.090512 0.0974211
2 0.831263 0.671403 0.0894083 0.136647
3 0.320176 0.652365 0.0246237 0.0747264
3 0.252465 0.953349 0.0476937 0.0899636
3 0.325309 0.947501 0.0414349 0.1003
5 0.9494 0.760502 0.0921646 0.246943
2 0.704007 0.413756 0.0392363 0.0368113
2 0.982408 0.545296 0.0346222 0.0884605
2 0.626314 0.678839 0.276132 0.234179
2 0.851341 0.418917 0.198143 0.0890039
2 0.936568 0.341148 0.126863 0.0630559
2 0.550677 0.151604 0.0419853 0.0200832
2 0.930153 0.19744 0.0806902 0.0296998
2 0.962826 0.639323 0.072271 0.130586
2 0.527973 0.243173 0.0823463 0.041654
2 0.695722 0.189021 0.0651957 0.0279925
2 0.498769 0.175106 0.0470713 0.0235456
2 0.796418 0.170736 0.0583839 0.0261099
2 0.770042 0.222439 0.0891612 0.0361723
2 0.625987 0.152434 0.0498879 0.025181
7 0.812939 0.266141 0.136104 0.0685689
2 0.863393 0.144157 0.054601 0.02031
2 0.812414 0.266964 0.136081 0.068887
2 0.48685 0.145589 0.0385547 0.0169893
2 0.580122 0.136588 0.0375031 0.0172835
2 0.749908 0.141392 0.0360296 0.0190561
2 0.494256 0.152883 0.050092 0.0211218
2 0.830227 0.134826 0.0369961 0.0166706
2 0.772668 0.130282 0.0337602 0.0136269
5 0.42451 0.097312 0.0238949 0.0192948
2 0.463826 0.119375 0.0187193 0.0145932
2 0.563675 0.131783 0.0288794 0.0170676
2 0.482341 0.122536 0.0266866 0.0128797
5 0.640673 0.11238 0.03311 0.0257125
2 0.497112 0.159561 0.0500415 0.0292787
2 0.518181 0.125861 0.0282415 0.0149965
2 0.604649 0.482406 0.23634 0.0964263
2 0.604411 0.395931 0.151622 0.0669082
5 0.133897 0.326472 0.179314 0.142304
0 0.730503 0.707063 0.09243 0.0697308
5 0.490105 0.309999 0.164427 0.0992198
2 0.368561 0.289493 0.0899558 0.0486025
2 0.30937 0.262399 0.0776084 0.0365157
0 0.668813 0.344909 0.036242 0.0475078
0 0.750156 0.415965 0.0464323 0.0432867
0 0.632112 0.34807 0.0328362 0.0355499
2 0.122914 0.221718 0.0563024 0.0259503
3 0.742931 0.462549 0.0505731 0.0429016
2 0.100726 0.238733 0.0618338 0.037403
0 0.744711 0.444179 0.0506019 0.0517395
0 0.701279 0.381315 0.0479155 0.0468887
3 0.924378 0.599484 0.129989 0.0687906
3 0.305894 0.314879 0.0337663 0.0259268
0 0.302916 0.301483 0.0390061 0.0385963
2 0.248937 0.227309 0.0698688 0.0348176
0 0.949411 0.531054 0.0552528 0.0431137
3 0.706235 0.402716 0.0429108 0.0334363
0 0.942736 0.578377 0.0877731 0.0649071
2 0.257252 0.234512 0.0530312 0.0207497
0 0.926621 0.576706 0.0701926 0.0675651
5 0.219824 0.188218 0.079988 0.046223
3 0.304209 0.310167 0.0368025 0.0352521
0 0.9116 0.54434 0.0379608 0.0439482
5 0.129072 0.14005 0.0481146 0.027106
0 0.681787 0.683892 0.0714583 0.0459747
2 0.102843 0.19545 0.0522053 0.0286284
0 0.378832 0.255037 0.025404 0.0233667
0 0.743877 0.352684 0.0315219 0.0445837
2 0.224804 0.194667 0.0673767 0.035066
0 0.679493 0.694183 0.0767422 0.0654913
2 0.129034 0.183893 0.043377 0.0238496
0 0.936122 0.537285 0.08589 0.0559752
2 0.090484 0.148887 0.0311215 0.0135588
2 0.604649 0.482406 0.23634 0.0964263
2 0.604411 0.395931 0.151622 0.0669082
5 0.133897 0.326472 0.179314 0.142304
0 0.730503 0.707063 0.09243 0.0697308
5 0.490105 0.309999 0.164427 0.0992198
2 0.368561 0.289493 0.0899558 0.0486025
2 0.30937 0.262399 0.0776084 0.0365157
0 0.668813 0.344909 0.036242 0.0475078
0 0.750156 0.415965 0.0464323 0.0432867
0 0.632112 0.34807 0.0328362 0.0355499
2 0.122914 0.221718 0.0563024 0.0259503
3 0.742931 0.462549 0.0505731 0.0429016
2 0.100726 0.238733 0.0618338 0.037403
0 0.744711 0.444179 0.0506019 0.0517395
0 0.701279 0.381315 0.0479155 0.0468887
3 0.924378 0.599484 0.129989 0.0687906
3 0.305894 0.314879 0.0337663 0.0259268
0 0.302916 0.301483 0.0390061 0.0385963
2 0.248937 0.227309 0.0698688 0.0348176
0 0.949411 0.531054 0.0552528 0.0431137
3 0.706235 0.402716 0.0429108 0.0334363
0 0.942736 0.578377 0.0877731 0.0649071
2 0.257252 0.234512 0.0530312 0.0207497
0 0.926621 0.576706 0.0701926 0.0675651
5 0.219824 0.188218 0.079988 0.046223
3 0.304209 0.310167 0.0368025 0.0352521
0 0.9116 0.54434 0.0379608 0.0439482
5 0.129072 0.14005 0.0481146 0.027106
0 0.681787 0.683892 0.0714583 0.0459747
2 0.102843 0.19545 0.0522053 0.0286284
0 0.378832 0.255037 0.025404 0.0233667
0 0.743877 0.352684 0.0315219 0.0445837
2 0.224804 0.194667 0.0673767 0.035066
0 0.679493 0.694183 0.0767422 0.0654913
2 0.129034 0.183893 0.043377 0.0238496
0 0.936122 0.537285 0.08589 0.0559752
2 0.090484 0.148887 0.0311215 0.0135588
2 0.604649 0.482406 0.23634 0.0964263
2 0.604411 0.395931 0.151622 0.0669082
5 0.133897 0.326472 0.179314 0.142304
0 0.730503 0.707063 0.09243 0.0697308
5 0.490105 0.309999 0.164427 0.0992198
2 0.368561 0.289493 0.0899558 0.0486025
2 0.30937 0.262399 0.0776084 0.0365157
0 0.668813 0.344909 0.036242 0.0475078
0 0.750156 0.415965 0.0464323 0.0432867
0 0.632112 0.34807 0.0328362 0.0355499
2 0.122914 0.221718 0.0563024 0.0259503
3 0.742931 0.462549 0.0505731 0.0429016
2 0.100726 0.238733 0.0618338 0.037403
0 0.744711 0.444179 0.0506019 0.0517395
0 0.701279 0.381315 0.0479155 0.0468887
3 0.924378 0.599484 0.129989 0.0687906
3 0.305894 0.314879 0.0337663 0.0259268
0 0.302916 0.301483 0.0390061 0.0385963
2 0.248937 0.227309 0.0698688 0.0348176
0 0.949411 0.531054 0.0552528 0.0431137
3 0.706235 0.402716 0.0429108 0.0334363
0 0.942736 0.578377 0.0877731 0.0649071
2 0.257252 0.234512 0.0530312 0.0207497
0 0.926621 0.576706 0.0701926 0.0675651
5 0.219824 0.188218 0.079988 0.046223
3 0.304209 0.310167 0.0368025 0.0352521
0 0.9116 0.54434 0.0379608 0.0439482
5 0.129072 0.14005 0.0481146 0.027106
0 0.681787 0.683892 0.0714583 0.0459747
2 0.102843 0.19545 0.0522053 0.0286284
0 0.378832 0.255037 0.025404 0.0233667
0 0.743877 0.352684 0.0315219 0.0445837
2 0.224804 0.194667 0.0673767 0.035066
0 0.679493 0.694183 0.0767422 0.0654913
2 0.129034 0.183893 0.043377 0.0238496
0 0.936122 0.537285 0.08589 0.0559752
2 0.090484 0.148887 0.0311215 0.0135588
2 0.604649 0.482406 0.23634 0.0964263
2 0.604411 0.395931 0.151622 0.0669082
5 0.133897 0.326472 0.179314 0.142304
0 0.730503 0.707063 0.09243 0.0697308
5 0.490105 0.309999 0.164427 0.0992198
2 0.368561 0.289493 0.0899558 0.0486025
2 0.30937 0.262399 0.0776084 0.0365157
0 0.668813 0.344909 0.036242 0.0475078
0 0.750156 0.415965 0.0464323 0.0432867
0 0.632112 0.34807 0.0328362 0.0355499
2 0.122914 0.221718 0.0563024 0.0259503
3 0.742931 0.462549 0.0505731 0.0429016
2 0.100726 0.238733 0.0618338 0.037403
0 0.744711 0.444179 0.0506019 0.0517395
0 0.701279 0.381315 0.0479155 0.0468887
3 0.924378 0.599484 0.129989 0.0687906
3 0.305894 0.314879 0.0337663 0.0259268
0 0.302916 0.301483 0.0390061 0.0385963
2 0.248937 0.227309 0.0698688 0.0348176
0 0.949411 0.531054 0.0552528 0.0431137
3 0.706235 0.402716 0.0429108 0.0334363
0 0.942736 0.578377 0.0877731 0.0649071
2 0.257252 0.234512 0.0530312 0.0207497
0 0.926621 0.576706 0.0701926 0.0675651
5 0.219824 0.188218 0.079988 0.046223
3 0.304209 0.310167 0.0368025 0.0352521
0 0.9116 0.54434 0.0379608 0.0439482
5 0.129072 0.14005 0.0481146 0.027106
0 0.681787 0.683892 0.0714583 0.0459747
2 0.102843 0.19545 0.0522053 0.0286284
0 0.378832 0.255037 0.025404 0.0233667
0 0.743877 0.352684 0.0315219 0.0445837
2 0.224804 0.194667 0.0673767 0.035066
0 0.679493 0.694183 0.0767422 0.0654913
2 0.129034 0.183893 0.043377 0.0238496
0 0.936122 0.537285 0.08589 0.0559752
2 0.090484 0.148887 0.0311215 0.0135588
2 0.604649 0.482406 0.23634 0.0964263
2 0.604411 0.395931 0.151622 0.0669082
5 0.133897 0.326472 0.179314 0.142304
0 0.730503 0.707063 0.09243 0.0697308
5 0.490105 0.309999 0.164427 0.0992198
2 0.368561 0.289493 0.0899558 0.0486025
2 0.30937 0.262399 0.0776084 0.0365157
0 0.668813 0.344909 0.036242 0.0475078
0 0.750156 0.415965 0.0464323 0.0432867
0 0.632112 0.34807 0.0328362 0.0355499
2 0.122914 0.221718 0.0563024 0.0259503
3 0.742931 0.462549 0.0505731 0.0429016
2 0.100726 0.238733 0.0618338 0.037403
0 0.744711 0.444179 0.0506019 0.0517395
0 0.701279 0.381315 0.0479155 0.0468887
3 0.924378 0.599484 0.129989 0.0687906
3 0.305894 0.314879 0.0337663 0.0259268
0 0.302916 0.301483 0.0390061 0.0385963
2 0.248937 0.227309 0.0698688 0.0348176
0 0.949411 0.531054 0.0552528 0.0431137
3 0.706235 0.402716 0.0429108 0.0334363
0 0.942736 0.578377 0.0877731 0.0649071
2 0.257252 0.234512 0.0530312 0.0207497
0 0.926621 0.576706 0.0701926 0.0675651
5 0.219824 0.188218 0.079988 0.046223
3 0.304209 0.310167 0.0368025 0.0352521
0 0.9116 0.54434 0.0379608 0.0439482
5 0.129072 0.14005 0.0481146 0.027106
0 0.681787 0.683892 0.0714583 0.0459747
2 0.102843 0.19545 0.0522053 0.0286284
0 0.378832 0.255037 0.025404 0.0233667
0 0.743877 0.352684 0.0315219 0.0445837
2 0.224804 0.194667 0.0673767 0.035066
0 0.679493 0.694183 0.0767422 0.0654913
2 0.129034 0.183893 0.043377 0.0238496
0 0.936122 0.537285 0.08589 0.0559752
2 0.090484 0.148887 0.0311215 0.0135588
2 0.604649 0.482406 0.23634 0.0964263
2 0.604411 0.395931 0.151622 0.0669082
5 0.133897 0.326472 0.179314 0.142304
0 0.730503 0.707063 0.09243 0.0697308
5 0.490105 0.309999 0.164427 0.0992198
2 0.368561 0.289493 0.0899558 0.0486025
2 0.30937 0.262399 0.0776084 0.0365157
0 0.668813 0.344909 0.036242 0.0475078
0 0.750156 0.415965 0.0464323 0.0432867
0 0.632112 0.34807 0.0328362 0.0355499
2 0.122914 0.221718 0.0563024 0.0259503
3 0.742931 0.462549 0.0505731 0.0429016
2 0.100726 0.238733 0.0618338 0.037403
0 0.744711 0.444179 0.0506019 0.0517395
0 0.701279 0.381315 0.0479155 0.0468887
3 0.924378 0.599484 0.129989 0.0687906
3 0.305894 0.314879 0.0337663 0.0259268
0 0.302916 0.301483 0.0390061 0.0385963
2 0.248937 0.227309 0.0698688 0.0348176
0 0.949411 0.531054 0.0552528 0.0431137
3 0.706235 0.402716 0.0429108 0.0334363
0 0.942736 0.578377 0.0877731 0.0649071
2 0.257252 0.234512 0.0530312 0.0207497
0 0.926621 0.576706 0.0701926 0.0675651
5 0.219824 0.188218 0.079988 0.046223
3 0.304209 0.310167 0.0368025 0.0352521
0 0.9116 0.54434 0.0379608 0.0439482
5 0.129072 0.14005 0.0481146 0.027106
0 0.681787 0.683892 0.0714583 0.0459747
2 0.102843 0.19545 0.0522053 0.0286284
0 0.378832 0.255037 0.025404 0.0233667
0 0.743877 0.352684 0.0315219 0.0445837
2 0.224804 0.194667 0.0673767 0.035066
0 0.679493 0.694183 0.0767422 0.0654913
2 0.129034 0.183893 0.043377 0.0238496
0 0.936122 0.537285 0.08589 0.0559752
2 0.090484 0.148887 0.0311215 0.0135588
2 0.604649 0.482406 0.23634 0.0964263
2 0.604411 0.395931 0.151622 0.0669082
5 0.133897 0.326472 0.179314 0.142304
0 0.730503 0.707063 0.09243 0.0697308
5 0.490105 0.309999 0.164427 0.0992198
2 0.368561 0.289493 0.0899558 0.0486025
2 0.30937 0.262399 0.0776084 0.0365157
0 0.668813 0.344909 0.036242 0.0475078
0 0.750156 0.415965 0.0464323 0.0432867
0 0.632112 0.34807 0.0328362 0.0355499
2 0.122914 0.221718 0.0563024 0.0259503
3 0.742931 0.462549 0.0505731 0.0429016
2 0.100726 0.238733 0.0618338 0.037403
0 0.744711 0.444179 0.0506019 0.0517395
0 0.701279 0.381315 0.0479155 0.0468887
3 0.924378 0.599484 0.129989 0.0687906
3 0.305894 0.314879 0.0337663 0.0259268
0 0.302916 0.301483 0.0390061 0.0385963
2 0.248937 0.227309 0.0698688 0.0348176
0 0.949411 0.531054 0.0552528 0.0431137
3 0.706235 0.402716 0.0429108 0.0334363
0 0.942736 0.578377 0.0877731 0.0649071
2 0.257252 0.234512 0.0530312 0.0207497
0 0.926621 0.576706 0.0701926 0.0675651
5 0.219824 0.188218 0.079988 0.046223
3 0.304209 0.310167 0.0368025 0.0352521
0 0.9116 0.54434 0.0379608 0.0439482
5 0.129072 0.14005 0.0481146 0.027106
0 0.681787 0.683892 0.0714583 0.0459747
2 0.102843 0.19545 0.0522053 0.0286284
0 0.378832 0.255037 0.025404 0.0233667
0 0.743877 0.352684 0.0315219 0.0445837
2 0.224804 0.194667 0.0673767 0.035066
0 0.679493 0.694183 0.0767422 0.0654913
2 0.129034 0.183893 0.043377 0.0238496
0 0.936122 0.537285 0.08589 0.0559752
2 0.090484 0.148887 0.0311215 0.0135588
2 0.604649 0.482406 0.23634 0.0964263
2 0.604411 0.395931 0.151622 0.0669082
5 0.133897 0.326472 0.179314 0.142304
0 0.730503 0.707063 0.09243 0.0697308
5 0.490105 0.309999 0.164427 0.0992198
2 0.368561 0.289493 0.0899558 0.0486025
2 0.30937 0.262399 0.0776084 0.0365157
0 0.668813 0.344909 0.036242 0.0475078
0 0.750156 0.415965 0.0464323 0.0432867
0 0.632112 0.34807 0.0328362 0.0355499
2 0.122914 0.221718 0.0563024 0.0259503
3 0.742931 0.462549 0.0505731 0.0429016
2 0.100726 0.238733 0.0618338 0.037403
0 0.744711 0.444179 0.0506019 0.0517395
0 0.701279 0.381315 0.0479155 0.0468887
3 0.924378 0.599484 0.129989 0.0687906
3 0.305894 0.314879 0.0337663 0.0259268
0 0.302916 0.301483 0.0390061 0.0385963
2 0.248937 0.227309 0.0698688 0.0348176
0 0.949411 0.531054 0.0552528 0.0431137
3 0.706235 0.402716 0.0429108 0.0334363
0 0.942736 0.578377 0.0877731 0.0649071
2 0.257252 0.234512 0.0530312 0.0207497
0 0.926621 0.576706 0.0701926 0.0675651
5 0.219824 0.188218 0.079988 0.046223
3 0.304209 0.310167 0.0368025 0.0352521
0 0.9116 0.54434 0.0379608 0.0439482
5 0.129072 0.14005 0.0481146 0.027106
0 0.681787 0.683892 0.0714583 0.0459747
2 0.102843 0.19545 0.0522053 0.0286284
0 0.378832 0.255037 0.025404 0.0233667
0 0.743877 0.352684 0.0315219 0.0445837
2 0.224804 0.194667 0.0673767 0.035066
0 0.679493 0.694183 0.0767422 0.0654913
2 0.129034 0.183893 0.043377 0.0238496
0 0.936122 0.537285 0.08589 0.0559752
2 0.090484 0.148887 0.0311215 0.0135588
