2 0.0358758 0.71886 0.0710412 0.138945
2 0.199676 0.679621 0.0734488 0.133274
7 0.392621 0.461677 0.0565142 0.157102
2 0.451058 0.639591 0.0725924 0.125221
2 0.504648 0.921982 0.115835 0.15339
2 0.485554 0.752948 0.073205 0.159104
2 0.50597 0.564282 0.0510267 0.0981348
2 0.679417 0.944094 0.132251 0.109155
2 0.0740102 0.632837 0.0795456 0.111605
2 0.410704 0.586609 0.0477618 0.101069
7 0.196383 0.422452 0.0636542 0.105482
7 0.564703 0.623102 0.0737825 0.199176
2 0.279502 0.531821 0.0433748 0.0851053
2 0.453511 0.534267 0.0446695 0.089812
2 0.861307 0.503736 0.0473869 0.0957626
2 0.438461 0.460282 0.03855 0.0611326
7 0.32581 0.545063 0.0541549 0.186014
2 0.952785 0.66632 0.063965 0.130069
2 0.177724 0.497075 0.0483582 0.069705
2 0.960625 0.615191 0.0669643 0.11962
0 0.309363 0.774929 0.0415514 0.109833
3 0.257417 0.621176 0.0235422 0.0568832
0 0.256329 0.595222 0.0218901 0.0681572
7 0.910041 0.724189 0.0898026 0.164616
7 0.318249 0.925364 0.111991 0.145736
7 0.413984 0.324126 0.0345342 0.0741038
2 0.105098 0.590288 0.0666131 0.0984299
2 0.3488 0.398418 0.0336396 0.0599528
2 0.90947 0.724853 0.0880934 0.162074
3 0.308876 0.799585 0.0355007 0.106953
7 0.761571 0.420948 0.0570353 0.106258
2 0.932033 0.665468 0.101229 0.129726
0 0.206595 0.540549 0.0197184 0.0405366
3 0.308299 0.81688 0.0231014 0.0735962
3 0.206959 0.574769 0.018811 0.0454724
7 0.449445 0.419674 0.0289125 0.0643873
7 0.654799 0.359389 0.0611414 0.0675418
3 0.206661 0.566512 0.0205713 0.060881
5 0.654676 0.36005 0.0614571 0.0685108
2 0.0358758 0.71886 0.0710412 0.138945
2 0.199676 0.679621 0.0734488 0.133274
7 0.392621 0.461677 0.0565142 0.157102
2 0.451058 0.639591 0.0725924 0.125221
2 0.504648 0.921982 0.115835 0.15339
2 0.485554 0.752948 0.073205 0.159104
2 0.50597 0.564282 0.0510267 0.0981348
2 0.679417 0.944094 0.132251 0.109155
2 0.0740102 0.632837 0.0795456 0.111605
2 0.410704 0.586609 0.0477618 0.101069
7 0.196383 0.422452 0.0636542 0.105482
7 0.564703 0.623102 0.0737825 0.199176
2 0.279502 0.531821 0.0433748 0.0851053
2 0.453511 0.534267 0.0446695 0.089812
2 0.861307 0.503736 0.0473869 0.0957626
2 0.438461 0.460282 0.03855 0.0611326
7 0.32581 0.545063 0.0541549 0.186014
2 0.952785 0.66632 0.063965 0.130069
2 0.177724 0.497075 0.0483582 0.069705
2 0.960625 0.615191 0.0669643 0.11962
0 0.309363 0.774929 0.0415514 0.109833
3 0.257417 0.621176 0.0235422 0.0568832
0 0.256329 0.595222 0.0218901 0.0681572
7 0.910041 0.724189 0.0898026 0.164616
7 0.318249 0.925364 0.111991 0.145736
7 0.413984 0.324126 0.0345342 0.0741038
2 0.105098 0.590288 0.0666131 0.0984299
2 0.3488 0.398418 0.0336396 0.0599528
2 0.90947 0.724853 0.0880934 0.162074
3 0.308876 0.799585 0.0355007 0.106953
7 0.761571 0.420948 0.0570353 0.106258
2 0.932033 0.665468 0.101229 0.129726
0 0.206595 0.540549 0.0197184 0.0405366
3 0.308299 0.81688 0.0231014 0.0735962
3 0.206959 0.574769 0.018811 0.0454724
7 0.449445 0.419674 0.0289125 0.0643873
7 0.654799 0.359389 0.0611414 0.0675418
3 0.206661 0.566512 0.0205713 0.060881
5 0.654676 0.36005 0.0614571 0.0685108
2 0.306219 0.413217 0.0300045 0.0503444
2 0.392298 0.374028 0.0264637 0.0229257
7 0.366856 0.226692 0.0422242 0.112643
3 0.9452 0.521683 0.0229239 0.0591671
0 0.206764 0.558229 0.0202832 0.073802
7 0.355518 0.345312 0.023559 0.0650444
7 0.893864 0.687201 0.12242 0.233521
2 0.847036 0.479942 0.0745775 0.137226
2 0.269877 0.453403 0.0377408 0.0668622
0 0.94454 0.521253 0.022477 0.0599323
2 0.0358758 0.71886 0.0710412 0.138945
2 0.199676 0.679621 0.0734488 0.133274
7 0.392621 0.461677 0.0565142 0.157102
2 0.451058 0.639591 0.0725924 0.125221
2 0.504648 0.921982 0.115835 0.15339
2 0.485554 0.752948 0.073205 0.159104
2 0.50597 0.564282 0.0510267 0.0981348
2 0.679417 0.944094 0.132251 0.109155
2 0.0740102 0.632837 0.0795456 0.111605
2 0.410704 0.586609 0.0477618 0.101069
7 0.196383 0.422452 0.0636542 0.105482
7 0.564703 0.623102 0.0737825 0.199176
2 0.279502 0.531821 0.0433748 0.0851053
2 0.453511 0.534267 0.0446695 0.089812
2 0.861307 0.503736 0.0473869 0.0957626
2 0.438461 0.460282 0.03855 0.0611326
7 0.32581 0.545063 0.0541549 0.186014
2 0.952785 0.66632 0.063965 0.130069
2 0.177724 0.497075 0.0483582 0.069705
2 0.960625 0.615191 0.0669643 0.11962
0 0.309363 0.774929 0.0415514 0.109833
3 0.257417 0.621176 0.0235422 0.0568832
0 0.256329 0.595222 0.0218901 0.0681572
7 0.910041 0.724189 0.0898026 0.164616
7 0.318249 0.925364 0.111991 0.145736
7 0.413984 0.324126 0.0345342 0.0741038
2 0.105098 0.590288 0.0666131 0.0984299
2 0.3488 0.398418 0.0336396 0.0599528
2 0.90947 0.724853 0.0880934 0.162074
3 0.308876 0.799585 0.0355007 0.106953
7 0.761571 0.420948 0.0570353 0.106258
2 0.932033 0.665468 0.101229 0.129726
0 0.206595 0.540549 0.0197184 0.0405366
3 0.308299 0.81688 0.0231014 0.0735962
3 0.206959 0.574769 0.018811 0.0454724
7 0.449445 0.419674 0.0289125 0.0643873
7 0.654799 0.359389 0.0611414 0.0675418
3 0.206661 0.566512 0.0205713 0.060881
5 0.654676 0.36005 0.0614571 0.0685108
2 0.306219 0.413217 0.0300045 0.0503444
2 0.392298 0.374028 0.0264637 0.0229257
7 0.366856 0.226692 0.0422242 0.112643
3 0.9452 0.521683 0.0229239 0.0591671
0 0.206764 0.558229 0.0202832 0.073802
7 0.355518 0.345312 0.023559 0.0650444
7 0.893864 0.687201 0.12242 0.233521
2 0.847036 0.479942 0.0745775 0.137226
2 0.269877 0.453403 0.0377408 0.0668622
0 0.94454 0.521253 0.022477 0.0599323
2 0.0358758 0.71886 0.0710412 0.138945
2 0.199676 0.679621 0.0734488 0.133274
7 0.392621 0.461677 0.0565142 0.157102
2 0.451058 0.639591 0.0725924 0.125221
2 0.504648 0.921982 0.115835 0.15339
2 0.485554 0.752948 0.073205 0.159104
2 0.50597 0.564282 0.0510267 0.0981348
2 0.679417 0.944094 0.132251 0.109155
2 0.0740102 0.632837 0.0795456 0.111605
2 0.410704 0.586609 0.0477618 0.101069
7 0.196383 0.422452 0.0636542 0.105482
7 0.564703 0.623102 0.0737825 0.199176
2 0.279502 0.531821 0.0433748 0.0851053
2 0.453511 0.534267 0.0446695 0.089812
2 0.861307 0.503736 0.0473869 0.0957626
2 0.438461 0.460282 0.03855 0.0611326
7 0.32581 0.545063 0.0541549 0.186014
2 0.952785 0.66632 0.063965 0.130069
2 0.177724 0.497075 0.0483582 0.069705
2 0.960625 0.615191 0.0669643 0.11962
0 0.309363 0.774929 0.0415514 0.109833
3 0.257417 0.621176 0.0235422 0.0568832
0 0.256329 0.595222 0.0218901 0.0681572
7 0.910041 0.724189 0.0898026 0.164616
7 0.318249 0.925364 0.111991 0.145736
7 0.413984 0.324126 0.0345342 0.0741038
2 0.105098 0.590288 0.0666131 0.0984299
2 0.3488 0.398418 0.0336396 0.0599528
2 0.90947 0.724853 0.0880934 0.162074
3 0.308876 0.799585 0.0355007 0.106953
7 0.761571 0.420948 0.0570353 0.106258
2 0.932033 0.665468 0.101229 0.129726
0 0.206595 0.540549 0.0197184 0.0405366
3 0.308299 0.81688 0.0231014 0.0735962
3 0.206959 0.574769 0.018811 0.0454724
7 0.449445 0.419674 0.0289125 0.0643873
7 0.654799 0.359389 0.0611414 0.0675418
3 0.206661 0.566512 0.0205713 0.060881
5 0.654676 0.36005 0.0614571 0.0685108
2 0.306219 0.413217 0.0300045 0.0503444
2 0.392298 0.374028 0.0264637 0.0229257
7 0.366856 0.226692 0.0422242 0.112643
3 0.9452 0.521683 0.0229239 0.0591671
0 0.206764 0.558229 0.0202832 0.073802
7 0.355518 0.345312 0.023559 0.0650444
7 0.893864 0.687201 0.12242 0.233521
2 0.847036 0.479942 0.0745775 0.137226
2 0.269877 0.453403 0.0377408 0.0668622
0 0.94454 0.521253 0.022477 0.0599323
2 0.0358758 0.71886 0.0710412 0.138945
2 0.199676 0.679621 0.0734488 0.133274
7 0.392621 0.461677 0.0565142 0.157102
2 0.451058 0.639591 0.0725924 0.125221
2 0.504648 0.921982 0.115835 0.15339
2 0.485554 0.752948 0.073205 0.159104
2 0.50597 0.564282 0.0510267 0.0981348
2 0.679417 0.944094 0.132251 0.109155
2 0.0740102 0.632837 0.0795456 0.111605
2 0.410704 0.586609 0.0477618 0.101069
7 0.196383 0.422452 0.0636542 0.105482
7 0.564703 0.623102 0.0737825 0.199176
2 0.279502 0.531821 0.0433748 0.0851053
2 0.453511 0.534267 0.0446695 0.089812
2 0.861307 0.503736 0.0473869 0.0957626
2 0.438461 0.460282 0.03855 0.0611326
7 0.32581 0.545063 0.0541549 0.186014
2 0.952785 0.66632 0.063965 0.130069
2 0.177724 0.497075 0.0483582 0.069705
2 0.960625 0.615191 0.0669643 0.11962
0 0.309363 0.774929 0.0415514 0.109833
3 0.257417 0.621176 0.0235422 0.0568832
0 0.256329 0.595222 0.0218901 0.0681572
7 0.910041 0.724189 0.0898026 0.164616
7 0.318249 0.925364 0.111991 0.145736
7 0.413984 0.324126 0.0345342 0.0741038
2 0.105098 0.590288 0.0666131 0.0984299
2 0.3488 0.398418 0.0336396 0.0599528
2 0.90947 0.724853 0.0880934 0.162074
3 0.308876 0.799585 0.0355007 0.106953
7 0.761571 0.420948 0.0570353 0.106258
2 0.932033 0.665468 0.101229 0.129726
0 0.206595 0.540549 0.0197184 0.0405366
3 0.308299 0.81688 0.0231014 0.0735962
3 0.206959 0.574769 0.018811 0.0454724
7 0.449445 0.419674 0.0289125 0.0643873
7 0.654799 0.359389 0.0611414 0.0675418
3 0.206661 0.566512 0.0205713 0.060881
5 0.654676 0.36005 0.0614571 0.0685108
2 0.306219 0.413217 0.0300045 0.0503444
2 0.392298 0.374028 0.0264637 0.0229257
7 0.366856 0.226692 0.0422242 0.112643
3 0.9452 0.521683 0.0229239 0.0591671
0 0.206764 0.558229 0.0202832 0.073802
7 0.355518 0.345312 0.023559 0.0650444
7 0.893864 0.687201 0.12242 0.233521
2 0.847036 0.479942 0.0745775 0.137226
2 0.269877 0.453403 0.0377408 0.0668622
0 0.94454 0.521253 0.022477 0.0599323
2 0.0358758 0.71886 0.0710412 0.138945
2 0.199676 0.679621 0.0734488 0.133274
7 0.392621 0.461677 0.0565142 0.157102
2 0.451058 0.639591 0.0725924 0.125221
2 0.504648 0.921982 0.115835 0.15339
2 0.485554 0.752948 0.073205 0.159104
2 0.50597 0.564282 0.0510267 0.0981348
2 0.679417 0.944094 0.132251 0.109155
2 0.0740102 0.632837 0.0795456 0.111605
2 0.410704 0.586609 0.0477618 0.101069
7 0.196383 0.422452 0.0636542 0.105482
7 0.564703 0.623102 0.0737825 0.199176
2 0.279502 0.531821 0.0433748 0.0851053
2 0.453511 0.534267 0.0446695 0.089812
2 0.861307 0.503736 0.0473869 0.0957626
2 0.438461 0.460282 0.03855 0.0611326
7 0.32581 0.545063 0.0541549 0.186014
2 0.952785 0.66632 0.063965 0.130069
2 0.177724 0.497075 0.0483582 0.069705
2 0.960625 0.615191 0.0669643 0.11962
0 0.309363 0.774929 0.0415514 0.109833
3 0.257417 0.621176 0.0235422 0.0568832
0 0.256329 0.595222 0.0218901 0.0681572
7 0.910041 0.724189 0.0898026 0.164616
7 0.318249 0.925364 0.111991 0.145736
7 0.413984 0.324126 0.0345342 0.0741038
2 0.105098 0.590288 0.0666131 0.0984299
2 0.3488 0.398418 0.0336396 0.0599528
2 0.90947 0.724853 0.0880934 0.162074
3 0.308876 0.799585 0.0355007 0.106953
7 0.761571 0.420948 0.0570353 0.106258
2 0.932033 0.665468 0.101229 0.129726
0 0.206595 0.540549 0.0197184 0.0405366
3 0.308299 0.81688 0.0231014 0.0735962
3 0.206959 0.574769 0.018811 0.0454724
7 0.449445 0.419674 0.0289125 0.0643873
7 0.654799 0.359389 0.0611414 0.0675418
3 0.206661 0.566512 0.0205713 0.060881
5 0.654676 0.36005 0.0614571 0.0685108
2 0.306219 0.413217 0.0300045 0.0503444
2 0.392298 0.374028 0.0264637 0.0229257
7 0.366856 0.226692 0.0422242 0.112643
3 0.9452 0.521683 0.0229239 0.0591671
0 0.206764 0.558229 0.0202832 0.073802
7 0.355518 0.345312 0.023559 0.0650444
7 0.893864 0.687201 0.12242 0.233521
2 0.847036 0.479942 0.0745775 0.137226
2 0.269877 0.453403 0.0377408 0.0668622
0 0.94454 0.521253 0.022477 0.0599323
2 0.0358758 0.71886 0.0710412 0.138945
2 0.199676 0.679621 0.0734488 0.133274
7 0.392621 0.461677 0.0565142 0.157102
2 0.451058 0.639591 0.0725924 0.125221
2 0.504648 0.921982 0.115835 0.15339
2 0.485554 0.752948 0.073205 0.159104
2 0.50597 0.564282 0.0510267 0.0981348
2 0.679417 0.944094 0.132251 0.109155
2 0.0740102 0.632837 0.0795456 0.111605
2 0.410704 0.586609 0.0477618 0.101069
7 0.196383 0.422452 0.0636542 0.105482
7 0.564703 0.623102 0.0737825 0.199176
2 0.279502 0.531821 0.0433748 0.0851053
2 0.453511 0.534267 0.0446695 0.089812
2 0.861307 0.503736 0.0473869 0.0957626
2 0.438461 0.460282 0.03855 0.0611326
7 0.32581 0.545063 0.0541549 0.186014
2 0.952785 0.66632 0.063965 0.130069
2 0.177724 0.497075 0.0483582 0.069705
2 0.960625 0.615191 0.0669643 0.11962
0 0.309363 0.774929 0.0415514 0.109833
3 0.257417 0.621176 0.0235422 0.0568832
0 0.256329 0.595222 0.0218901 0.0681572
7 0.910041 0.724189 0.0898026 0.164616
7 0.318249 0.925364 0.111991 0.145736
7 0.413984 0.324126 0.0345342 0.0741038
2 0.105098 0.590288 0.0666131 0.0984299
2 0.3488 0.398418 0.0336396 0.0599528
2 0.90947 0.724853 0.0880934 0.162074
3 0.308876 0.799585 0.0355007 0.106953
7 0.761571 0.420948 0.0570353 0.106258
2 0.932033 0.665468 0.101229 0.129726
0 0.206595 0.540549 0.0197184 0.0405366
3 0.308299 0.81688 0.0231014 0.0735962
3 0.206959 0.574769 0.018811 0.0454724
7 0.449445 0.419674 0.0289125 0.0643873
7 0.654799 0.359389 0.0611414 0.0675418
3 0.206661 0.566512 0.0205713 0.060881
5 0.654676 0.36005 0.0614571 0.0685108
2 0.306219 0.413217 0.0300045 0.0503444
2 0.392298 0.374028 0.0264637 0.0229257
7 0.366856 0.226692 0.0422242 0.112643
3 0.9452 0.521683 0.0229239 0.0591671
0 0.206764 0.558229 0.0202832 0.073802
7 0.355518 0.345312 0.023559 0.0650444
7 0.893864 0.687201 0.12242 0.233521
2 0.847036 0.479942 0.0745775 0.137226
2 0.269877 0.453403 0.0377408 0.0668622
0 0.94454 0.521253 0.022477 0.0599323
2 0.0358758 0.71886 0.0710412 0.138945
2 0.199676 0.679621 0.0734488 0.133274
7 0.392621 0.461677 0.0565142 0.157102
2 0.451058 0.639591 0.0725924 0.125221
2 0.504648 0.921982 0.115835 0.15339
2 0.485554 0.752948 0.073205 0.159104
2 0.50597 0.564282 0.0510267 0.0981348
2 0.679417 0.944094 0.132251 0.109155
2 0.0740102 0.632837 0.0795456 0.111605
2 0.410704 0.586609 0.0477618 0.101069
7 0.196383 0.422452 0.0636542 0.105482
7 0.564703 0.623102 0.0737825 0.199176
2 0.279502 0.531821 0.0433748 0.0851053
2 0.453511 0.534267 0.0446695 0.089812
2 0.861307 0.503736 0.0473869 0.0957626
2 0.438461 0.460282 0.03855 0.0611326
7 0.32581 0.545063 0.0541549 0.186014
2 0.952785 0.66632 0.063965 0.130069
2 0.177724 0.497075 0.0483582 0.069705
2 0.960625 0.615191 0.0669643 0.11962
0 0.309363 0.774929 0.0415514 0.109833
3 0.257417 0.621176 0.0235422 0.0568832
0 0.256329 0.595222 0.0218901 0.0681572
7 0.910041 0.724189 0.0898026 0.164616
7 0.318249 0.925364 0.111991 0.145736
7 0.413984 0.324126 0.0345342 0.0741038
2 0.105098 0.590288 0.0666131 0.0984299
2 0.3488 0.398418 0.0336396 0.0599528
2 0.90947 0.724853 0.0880934 0.162074
3 0.308876 0.799585 0.0355007 0.106953
7 0.761571 0.420948 0.0570353 0.106258
2 0.932033 0.665468 0.101229 0.129726
0 0.206595 0.540549 0.0197184 0.0405366
3 0.308299 0.81688 0.0231014 0.0735962
3 0.206959 0.574769 0.018811 0.0454724
7 0.449445 0.419674 0.0289125 0.0643873
7 0.654799 0.359389 0.0611414 0.0675418
3 0.206661 0.566512 0.0205713 0.060881
5 0.654676 0.36005 0.0614571 0.0685108
2 0.306219 0.413217 0.0300045 0.0503444
2 0.392298 0.374028 0.0264637 0.0229257
7 0.366856 0.226692 0.0422242 0.112643
3 0.9452 0.521683 0.0229239 0.0591671
0 0.206764 0.558229 0.0202832 0.073802
7 0.355518 0.345312 0.023559 0.0650444
7 0.893864 0.687201 0.12242 0.233521
2 0.847036 0.479942 0.0745775 0.137226
2 0.269877 0.453403 0.0377408 0.0668622
0 0.94454 0.521253 0.022477 0.0599323
2 0.0358758 0.71886 0.0710412 0.138945
2 0.199676 0.679621 0.0734488 0.133274
7 0.392621 0.461677 0.0565142 0.157102
2 0.451058 0.639591 0.0725924 0.125221
2 0.504648 0.921982 0.115835 0.15339
2 0.485554 0.752948 0.073205 0.159104
2 0.50597 0.564282 0.0510267 0.0981348
2 0.679417 0.944094 0.132251 0.109155
2 0.0740102 0.632837 0.0795456 0.111605
2 0.410704 0.586609 0.0477618 0.101069
7 0.196383 0.422452 0.0636542 0.105482
7 0.564703 0.623102 0.0737825 0.199176
2 0.279502 0.531821 0.0433748 0.0851053
2 0.453511 0.534267 0.0446695 0.089812
2 0.861307 0.503736 0.0473869 0.0957626
2 0.438461 0.460282 0.03855 0.0611326
7 0.32581 0.545063 0.0541549 0.186014
2 0.952785 0.66632 0.063965 0.130069
2 0.177724 0.497075 0.0483582 0.069705
2 0.960625 0.615191 0.0669643 0.11962
0 0.309363 0.774929 0.0415514 0.109833
3 0.257417 0.621176 0.0235422 0.0568832
0 0.256329 0.595222 0.0218901 0.0681572
7 0.910041 0.724189 0.0898026 0.164616
7 0.318249 0.925364 0.111991 0.145736
7 0.413984 0.324126 0.0345342 0.0741038
2 0.105098 0.590288 0.0666131 0.0984299
2 0.3488 0.398418 0.0336396 0.0599528
2 0.90947 0.724853 0.0880934 0.162074
3 0.308876 0.799585 0.0355007 0.106953
7 0.761571 0.420948 0.0570353 0.106258
2 0.932033 0.665468 0.101229 0.129726
0 0.206595 0.540549 0.0197184 0.0405366
3 0.308299 0.81688 0.0231014 0.0735962
3 0.206959 0.574769 0.018811 0.0454724
7 0.449445 0.419674 0.0289125 0.0643873
7 0.654799 0.359389 0.0611414 0.0675418
3 0.206661 0.566512 0.0205713 0.060881
5 0.654676 0.36005 0.0614571 0.0685108
2 0.306219 0.413217 0.0300045 0.0503444
2 0.392298 0.374028 0.0264637 0.0229257
7 0.366856 0.226692 0.0422242 0.112643
3 0.9452 0.521683 0.0229239 0.0591671
0 0.206764 0.558229 0.0202832 0.073802
7 0.355518 0.345312 0.023559 0.0650444
7 0.893864 0.687201 0.12242 0.233521
2 0.847036 0.479942 0.0745775 0.137226
2 0.269877 0.453403 0.0377408 0.0668622
0 0.94454 0.521253 0.022477 0.0599323
2 0.0358758 0.71886 0.0710412 0.138945
2 0.199676 0.679621 0.0734488 0.133274
7 0.392621 0.461677 0.0565142 0.157102
2 0.451058 0.639591 0.0725924 0.125221
2 0.504648 0.921982 0.115835 0.15339
2 0.485554 0.752948 0.073205 0.159104
2 0.50597 0.564282 0.0510267 0.0981348
2 0.679417 0.944094 0.132251 0.109155
2 0.0740102 0.632837 0.0795456 0.111605
2 0.410704 0.586609 0.0477618 0.101069
7 0.196383 0.422452 0.0636542 0.105482
7 0.564703 0.623102 0.0737825 0.199176
2 0.279502 0.531821 0.0433748 0.0851053
2 0.453511 0.534267 0.0446695 0.089812
2 0.861307 0.503736 0.0473869 0.0957626
2 0.438461 0.460282 0.03855 0.0611326
7 0.32581 0.545063 0.0541549 0.186014
2 0.952785 0.66632 0.063965 0.130069
2 0.177724 0.497075 0.0483582 0.069705
2 0.960625 0.615191 0.0669643 0.11962
0 0.309363 0.774929 0.0415514 0.109833
3 0.257417 0.621176 0.0235422 0.0568832
0 0.256329 0.595222 0.0218901 0.0681572
7 0.910041 0.724189 0.0898026 0.164616
7 0.318249 0.925364 0.111991 0.145736
7 0.413984 0.324126 0.0345342 0.0741038
2 0.105098 0.590288 0.0666131 0.0984299
2 0.3488 0.398418 0.0336396 0.0599528
2 0.90947 0.724853 0.0880934 0.162074
3 0.308876 0.799585 0.0355007 0.106953
7 0.761571 0.420948 0.0570353 0.106258
2 0.932033 0.665468 0.101229 0.129726
0 0.206595 0.540549 0.0197184 0.0405366
3 0.308299 0.81688 0.0231014 0.0735962
3 0.206959 0.574769 0.018811 0.0454724
7 0.449445 0.419674 0.0289125 0.0643873
7 0.654799 0.359389 0.0611414 0.0675418
3 0.206661 0.566512 0.0205713 0.060881
5 0.654676 0.36005 0.0614571 0.0685108
2 0.306219 0.413217 0.0300045 0.0503444
2 0.392298 0.374028 0.0264637 0.0229257
7 0.366856 0.226692 0.0422242 0.112643
3 0.9452 0.521683 0.0229239 0.0591671
0 0.206764 0.558229 0.0202832 0.073802
7 0.355518 0.345312 0.023559 0.0650444
7 0.893864 0.687201 0.12242 0.233521
2 0.847036 0.479942 0.0745775 0.137226
2 0.269877 0.453403 0.0377408 0.0668622
0 0.94454 0.521253 0.022477 0.0599323
2 0.0358758 0.71886 0.0710412 0.138945
2 0.199676 0.679621 0.0734488 0.133274
7 0.392621 0.461677 0.0565142 0.157102
2 0.451058 0.639591 0.0725924 0.125221
2 0.504648 0.921982 0.115835 0.15339
2 0.485554 0.752948 0.073205 0.159104
2 0.50597 0.564282 0.0510267 0.0981348
2 0.679417 0.944094 0.132251 0.109155
2 0.0740102 0.632837 0.0795456 0.111605
2 0.410704 0.586609 0.0477618 0.101069
7 0.196383 0.422452 0.0636542 0.105482
7 0.564703 0.623102 0.0737825 0.199176
2 0.279502 0.531821 0.0433748 0.0851053
2 0.453511 0.534267 0.0446695 0.089812
2 0.861307 0.503736 0.0473869 0.0957626
2 0.438461 0.460282 0.03855 0.0611326
7 0.32581 0.545063 0.0541549 0.186014
2 0.952785 0.66632 0.063965 0.130069
2 0.177724 0.497075 0.0483582 0.069705
2 0.960625 0.615191 0.0669643 0.11962
0 0.309363 0.774929 0.0415514 0.109833
3 0.257417 0.621176 0.0235422 0.0568832
0 0.256329 0.595222 0.0218901 0.0681572
7 0.910041 0.724189 0.0898026 0.164616
7 0.318249 0.925364 0.111991 0.145736
7 0.413984 0.324126 0.0345342 0.0741038
2 0.105098 0.590288 0.0666131 0.0984299
2 0.3488 0.398418 0.0336396 0.0599528
2 0.90947 0.724853 0.0880934 0.162074
3 0.308876 0.799585 0.0355007 0.106953
7 0.761571 0.420948 0.0570353 0.106258
2 0.932033 0.665468 0.101229 0.129726
0 0.206595 0.540549 0.0197184 0.0405366
3 0.308299 0.81688 0.0231014 0.0735962
3 0.206959 0.574769 0.018811 0.0454724
7 0.449445 0.419674 0.0289125 0.0643873
7 0.654799 0.359389 0.0611414 0.0675418
3 0.206661 0.566512 0.0205713 0.060881
5 0.654676 0.36005 0.0614571 0.0685108
2 0.306219 0.413217 0.0300045 0.0503444
2 0.392298 0.374028 0.0264637 0.0229257
7 0.366856 0.226692 0.0422242 0.112643
3 0.9452 0.521683 0.0229239 0.0591671
0 0.206764 0.558229 0.0202832 0.073802
7 0.355518 0.345312 0.023559 0.0650444
7 0.893864 0.687201 0.12242 0.233521
2 0.847036 0.479942 0.0745775 0.137226
2 0.269877 0.453403 0.0377408 0.0668622
0 0.94454 0.521253 0.022477 0.0599323
2 0.0358758 0.71886 0.0710412 0.138945
2 0.199676 0.679621 0.0734488 0.133274
7 0.392621 0.461677 0.0565142 0.157102
2 0.451058 0.639591 0.0725924 0.125221
2 0.504648 0.921982 0.115835 0.15339
2 0.485554 0.752948 0.073205 0.159104
2 0.50597 0.564282 0.0510267 0.0981348
2 0.679417 0.944094 0.132251 0.109155
2 0.0740102 0.632837 0.0795456 0.111605
2 0.410704 0.586609 0.0477618 0.101069
7 0.196383 0.422452 0.0636542 0.105482
7 0.564703 0.623102 0.0737825 0.199176
2 0.279502 0.531821 0.0433748 0.0851053
2 0.453511 0.534267 0.0446695 0.089812
2 0.861307 0.503736 0.0473869 0.0957626
2 0.438461 0.460282 0.03855 0.0611326
7 0.32581 0.545063 0.0541549 0.186014
2 0.952785 0.66632 0.063965 0.130069
2 0.177724 0.497075 0.0483582 0.069705
2 0.960625 0.615191 0.0669643 0.11962
0 0.309363 0.774929 0.0415514 0.109833
3 0.257417 0.621176 0.0235422 0.0568832
0 0.256329 0.595222 0.0218901 0.0681572
7 0.910041 0.724189 0.0898026 0.164616
7 0.318249 0.925364 0.111991 0.145736
7 0.413984 0.324126 0.0345342 0.0741038
2 0.105098 0.590288 0.0666131 0.0984299
2 0.3488 0.398418 0.0336396 0.0599528
2 0.90947 0.724853 0.0880934 0.162074
3 0.308876 0.799585 0.0355007 0.106953
7 0.761571 0.420948 0.0570353 0.106258
2 0.932033 0.665468 0.101229 0.129726
0 0.206595 0.540549 0.0197184 0.0405366
3 0.308299 0.81688 0.0231014 0.0735962
3 0.206959 0.574769 0.018811 0.0454724
7 0.449445 0.419674 0.0289125 0.0643873
7 0.654799 0.359389 0.0611414 0.0675418
3 0.206661 0.566512 0.0205713 0.060881
5 0.654676 0.36005 0.0614571 0.0685108
2 0.306219 0.413217 0.0300045 0.0503444
2 0.392298 0.374028 0.0264637 0.0229257
7 0.366856 0.226692 0.0422242 0.112643
3 0.9452 0.521683 0.0229239 0.0591671
0 0.206764 0.558229 0.0202832 0.073802
7 0.355518 0.345312 0.023559 0.0650444
7 0.893864 0.687201 0.12242 0.233521
2 0.847036 0.479942 0.0745775 0.137226
2 0.269877 0.453403 0.0377408 0.0668622
0 0.94454 0.521253 0.022477 0.0599323
2 0.0358758 0.71886 0.0710412 0.138945
2 0.199676 0.679621 0.0734488 0.133274
7 0.392621 0.461677 0.0565142 0.157102
2 0.451058 0.639591 0.0725924 0.125221
2 0.504648 0.921982 0.115835 0.15339
2 0.485554 0.752948 0.073205 0.159104
2 0.50597 0.564282 0.0510267 0.0981348
2 0.679417 0.944094 0.132251 0.109155
2 0.0740102 0.632837 0.0795456 0.111605
2 0.410704 0.586609 0.0477618 0.101069
7 0.196383 0.422452 0.0636542 0.105482
7 0.564703 0.623102 0.0737825 0.199176
2 0.279502 0.531821 0.0433748 0.0851053
2 0.453511 0.534267 0.0446695 0.089812
2 0.861307 0.503736 0.0473869 0.0957626
2 0.438461 0.460282 0.03855 0.0611326
7 0.32581 0.545063 0.0541549 0.186014
2 0.952785 0.66632 0.063965 0.130069
2 0.177724 0.497075 0.0483582 0.069705
2 0.960625 0.615191 0.0669643 0.11962
0 0.309363 0.774929 0.0415514 0.109833
3 0.257417 0.621176 0.0235422 0.0568832
0 0.256329 0.595222 0.0218901 0.0681572
7 0.910041 0.724189 0.0898026 0.164616
7 0.318249 0.925364 0.111991 0.145736
7 0.413984 0.324126 0.0345342 0.0741038
2 0.105098 0.590288 0.0666131 0.0984299
2 0.3488 0.398418 0.0336396 0.0599528
2 0.90947 0.724853 0.0880934 0.162074
3 0.308876 0.799585 0.0355007 0.106953
7 0.761571 0.420948 0.0570353 0.106258
2 0.932033 0.665468 0.101229 0.129726
0 0.206595 0.540549 0.0197184 0.0405366
3 0.308299 0.81688 0.0231014 0.0735962
3 0.206959 0.574769 0.018811 0.0454724
7 0.449445 0.419674 0.0289125 0.0643873
7 0.654799 0.359389 0.0611414 0.0675418
3 0.206661 0.566512 0.0205713 0.060881
5 0.654676 0.36005 0.0614571 0.0685108
2 0.306219 0.413217 0.0300045 0.0503444
2 0.392298 0.374028 0.0264637 0.0229257
7 0.366856 0.226692 0.0422242 0.112643
3 0.9452 0.521683 0.0229239 0.0591671
0 0.206764 0.558229 0.0202832 0.073802
7 0.355518 0.345312 0.023559 0.0650444
7 0.893864 0.687201 0.12242 0.233521
2 0.847036 0.479942 0.0745775 0.137226
2 0.269877 0.453403 0.0377408 0.0668622
0 0.94454 0.521253 0.022477 0.0599323
2 0.0358758 0.71886 0.0710412 0.138945
2 0.199676 0.679621 0.0734488 0.133274
7 0.392621 0.461677 0.0565142 0.157102
2 0.451058 0.639591 0.0725924 0.125221
2 0.504648 0.921982 0.115835 0.15339
2 0.485554 0.752948 0.073205 0.159104
2 0.50597 0.564282 0.0510267 0.0981348
2 0.679417 0.944094 0.132251 0.109155
2 0.0740102 0.632837 0.0795456 0.111605
2 0.410704 0.586609 0.0477618 0.101069
7 0.196383 0.422452 0.0636542 0.105482
7 0.564703 0.623102 0.0737825 0.199176
2 0.279502 0.531821 0.0433748 0.0851053
2 0.453511 0.534267 0.0446695 0.089812
2 0.861307 0.503736 0.0473869 0.0957626
2 0.438461 0.460282 0.03855 0.0611326
7 0.32581 0.545063 0.0541549 0.186014
2 0.952785 0.66632 0.063965 0.130069
2 0.177724 0.497075 0.0483582 0.069705
2 0.960625 0.615191 0.0669643 0.11962
0 0.309363 0.774929 0.0415514 0.109833
3 0.257417 0.621176 0.0235422 0.0568832
0 0.256329 0.595222 0.0218901 0.0681572
7 0.910041 0.724189 0.0898026 0.164616
7 0.318249 0.925364 0.111991 0.145736
7 0.413984 0.324126 0.0345342 0.0741038
2 0.105098 0.590288 0.0666131 0.0984299
2 0.3488 0.398418 0.0336396 0.0599528
2 0.90947 0.724853 0.0880934 0.162074
3 0.308876 0.799585 0.0355007 0.106953
7 0.761571 0.420948 0.0570353 0.106258
2 0.932033 0.665468 0.101229 0.129726
0 0.206595 0.540549 0.0197184 0.0405366
3 0.308299 0.81688 0.0231014 0.0735962
3 0.206959 0.574769 0.018811 0.0454724
7 0.449445 0.419674 0.0289125 0.0643873
7 0.654799 0.359389 0.0611414 0.0675418
3 0.206661 0.566512 0.0205713 0.060881
5 0.654676 0.36005 0.0614571 0.0685108
2 0.306219 0.413217 0.0300045 0.0503444
2 0.392298 0.374028 0.0264637 0.0229257
7 0.366856 0.226692 0.0422242 0.112643
3 0.9452 0.521683 0.0229239 0.0591671
0 0.206764 0.558229 0.0202832 0.073802
7 0.355518 0.345312 0.023559 0.0650444
7 0.893864 0.687201 0.12242 0.233521
2 0.847036 0.479942 0.0745775 0.137226
2 0.269877 0.453403 0.0377408 0.0668622
0 0.94454 0.521253 0.022477 0.0599323
2 0.0358758 0.71886 0.0710412 0.138945
2 0.199676 0.679621 0.0734488 0.133274
7 0.392621 0.461677 0.0565142 0.157102
2 0.451058 0.639591 0.0725924 0.125221
2 0.504648 0.921982 0.115835 0.15339
2 0.485554 0.752948 0.073205 0.159104
2 0.50597 0.564282 0.0510267 0.0981348
2 0.679417 0.944094 0.132251 0.109155
2 0.0740102 0.632837 0.0795456 0.111605
2 0.410704 0.586609 0.0477618 0.101069
7 0.196383 0.422452 0.0636542 0.105482
7 0.564703 0.623102 0.0737825 0.199176
2 0.279502 0.531821 0.0433748 0.0851053
2 0.453511 0.534267 0.0446695 0.089812
2 0.861307 0.503736 0.0473869 0.0957626
2 0.438461 0.460282 0.03855 0.0611326
7 0.32581 0.545063 0.0541549 0.186014
2 0.952785 0.66632 0.063965 0.130069
2 0.177724 0.497075 0.0483582 0.069705
2 0.960625 0.615191 0.0669643 0.11962
0 0.309363 0.774929 0.0415514 0.109833
3 0.257417 0.621176 0.0235422 0.0568832
0 0.256329 0.595222 0.0218901 0.0681572
7 0.910041 0.724189 0.0898026 0.164616
7 0.318249 0.925364 0.111991 0.145736
7 0.413984 0.324126 0.0345342 0.0741038
2 0.105098 0.590288 0.0666131 0.0984299
2 0.3488 0.398418 0.0336396 0.0599528
2 0.90947 0.724853 0.0880934 0.162074
3 0.308876 0.799585 0.0355007 0.106953
7 0.761571 0.420948 0.0570353 0.106258
2 0.932033 0.665468 0.101229 0.129726
0 0.206595 0.540549 0.0197184 0.0405366
3 0.308299 0.81688 0.0231014 0.0735962
3 0.206959 0.574769 0.018811 0.0454724
7 0.449445 0.419674 0.0289125 0.0643873
7 0.654799 0.359389 0.0611414 0.0675418
3 0.206661 0.566512 0.0205713 0.060881
5 0.654676 0.36005 0.0614571 0.0685108
2 0.306219 0.413217 0.0300045 0.0503444
2 0.392298 0.374028 0.0264637 0.0229257
7 0.366856 0.226692 0.0422242 0.112643
3 0.9452 0.521683 0.0229239 0.0591671
0 0.206764 0.558229 0.0202832 0.073802
7 0.355518 0.345312 0.023559 0.0650444
7 0.893864 0.687201 0.12242 0.233521
2 0.847036 0.479942 0.0745775 0.137226
2 0.269877 0.453403 0.0377408 0.0668622
0 0.94454 0.521253 0.022477 0.0599323
2 0.0358758 0.71886 0.0710412 0.138945
2 0.199676 0.679621 0.0734488 0.133274
7 0.392621 0.461677 0.0565142 0.157102
2 0.451058 0.639591 0.0725924 0.125221
2 0.504648 0.921982 0.115835 0.15339
2 0.485554 0.752948 0.073205 0.159104
2 0.50597 0.564282 0.0510267 0.0981348
2 0.679417 0.944094 0.132251 0.109155
2 0.0740102 0.632837 0.0795456 0.111605
2 0.410704 0.586609 0.0477618 0.101069
7 0.196383 0.422452 0.0636542 0.105482
7 0.564703 0.623102 0.0737825 0.199176
2 0.279502 0.531821 0.0433748 0.0851053
2 0.453511 0.534267 0.0446695 0.089812
2 0.861307 0.503736 0.0473869 0.0957626
2 0.438461 0.460282 0.03855 0.0611326
7 0.32581 0.545063 0.0541549 0.186014
2 0.952785 0.66632 0.063965 0.130069
2 0.177724 0.497075 0.0483582 0.069705
2 0.960625 0.615191 0.0669643 0.11962
0 0.309363 0.774929 0.0415514 0.109833
3 0.257417 0.621176 0.0235422 0.0568832
0 0.256329 0.595222 0.0218901 0.0681572
7 0.910041 0.724189 0.0898026 0.164616
7 0.318249 0.925364 0.111991 0.145736
7 0.413984 0.324126 0.0345342 0.0741038
2 0.105098 0.590288 0.0666131 0.0984299
2 0.3488 0.398418 0.0336396 0.0599528
2 0.90947 0.724853 0.0880934 0.162074
3 0.308876 0.799585 0.0355007 0.106953
7 0.761571 0.420948 0.0570353 0.106258
2 0.932033 0.665468 0.101229 0.129726
0 0.206595 0.540549 0.0197184 0.0405366
3 0.308299 0.81688 0.0231014 0.0735962
3 0.206959 0.574769 0.018811 0.0454724
7 0.449445 0.419674 0.0289125 0.0643873
7 0.654799 0.359389 0.0611414 0.0675418
3 0.206661 0.566512 0.0205713 0.060881
5 0.654676 0.36005 0.0614571 0.0685108
2 0.306219 0.413217 0.0300045 0.0503444
2 0.392298 0.374028 0.0264637 0.0229257
7 0.366856 0.226692 0.0422242 0.112643
3 0.9452 0.521683 0.0229239 0.0591671
0 0.206764 0.558229 0.0202832 0.073802
7 0.355518 0.345312 0.023559 0.0650444
7 0.893864 0.687201 0.12242 0.233521
2 0.847036 0.479942 0.0745775 0.137226
2 0.269877 0.453403 0.0377408 0.0668622
0 0.94454 0.521253 0.022477 0.0599323
2 0.0358758 0.71886 0.0710412 0.138945
2 0.199676 0.679621 0.0734488 0.133274
7 0.392621 0.461677 0.0565142 0.157102
2 0.451058 0.639591 0.0725924 0.125221
2 0.504648 0.921982 0.115835 0.15339
2 0.485554 0.752948 0.073205 0.159104
2 0.50597 0.564282 0.0510267 0.0981348
2 0.679417 0.944094 0.132251 0.109155
2 0.0740102 0.632837 0.0795456 0.111605
2 0.410704 0.586609 0.0477618 0.101069
7 0.196383 0.422452 0.0636542 0.105482
7 0.564703 0.623102 0.0737825 0.199176
2 0.279502 0.531821 0.0433748 0.0851053
2 0.453511 0.534267 0.0446695 0.089812
2 0.861307 0.503736 0.0473869 0.0957626
2 0.438461 0.460282 0.03855 0.0611326
7 0.32581 0.545063 0.0541549 0.186014
2 0.952785 0.66632 0.063965 0.130069
2 0.177724 0.497075 0.0483582 0.069705
2 0.960625 0.615191 0.0669643 0.11962
0 0.309363 0.774929 0.0415514 0.109833
3 0.257417 0.621176 0.0235422 0.0568832
0 0.256329 0.595222 0.0218901 0.0681572
7 0.910041 0.724189 0.0898026 0.164616
7 0.318249 0.925364 0.111991 0.145736
7 0.413984 0.324126 0.0345342 0.0741038
2 0.105098 0.590288 0.0666131 0.0984299
2 0.3488 0.398418 0.0336396 0.0599528
2 0.90947 0.724853 0.0880934 0.162074
3 0.308876 0.799585 0.0355007 0.106953
7 0.761571 0.420948 0.0570353 0.106258
2 0.932033 0.665468 0.101229 0.129726
0 0.206595 0.540549 0.0197184 0.0405366
3 0.308299 0.81688 0.0231014 0.0735962
3 0.206959 0.574769 0.018811 0.0454724
7 0.449445 0.419674 0.0289125 0.0643873
7 0.654799 0.359389 0.0611414 0.0675418
3 0.206661 0.566512 0.0205713 0.060881
5 0.654676 0.36005 0.0614571 0.0685108
2 0.306219 0.413217 0.0300045 0.0503444
2 0.392298 0.374028 0.0264637 0.0229257
7 0.366856 0.226692 0.0422242 0.112643
3 0.9452 0.521683 0.0229239 0.0591671
0 0.206764 0.558229 0.0202832 0.073802
7 0.355518 0.345312 0.023559 0.0650444
7 0.893864 0.687201 0.12242 0.233521
2 0.847036 0.479942 0.0745775 0.137226
2 0.269877 0.453403 0.0377408 0.0668622
0 0.94454 0.521253 0.022477 0.0599323
7 0.393639 0.457002 0.0549814 0.142575
2 0.035234 0.71998 0.069981 0.138321
7 0.564824 0.62177 0.0737696 0.197318
2 0.199049 0.677757 0.0722236 0.131596
2 0.48529 0.745433 0.0742443 0.149366
7 0.75183 0.405169 0.0750473 0.132406
2 0.074448 0.629708 0.0783468 0.102255
2 0.505261 0.562243 0.0501133 0.0946226
2 0.679174 0.943136 0.132232 0.108782
2 0.45059 0.63776 0.0720518 0.11667
2 0.505723 0.923551 0.116189 0.15068
2 0.319399 0.92379 0.109684 0.145899
0 0.308679 0.774483 0.0398769 0.108152
2 0.411528 0.58204 0.0487201 0.107704
7 0.326209 0.551234 0.0536324 0.155618
2 0.962786 0.616235 0.0716843 0.119309
3 0.257674 0.625108 0.0230937 0.0502832
2 0.453567 0.53313 0.0454561 0.0944195
5 0.196555 0.422527 0.0611834 0.106437
0 0.256907 0.596373 0.0226293 0.0674828
7 0.908878 0.720555 0.0901821 0.152742
3 0.206394 0.573708 0.0193944 0.0499118
3 0.307754 0.821737 0.0274255 0.0647469
2 0.280763 0.53063 0.0420215 0.0805061
2 0.952884 0.668547 0.0655153 0.11497
7 0.393639 0.457002 0.0549814 0.142575
2 0.035234 0.71998 0.069981 0.138321
7 0.564824 0.62177 0.0737696 0.197318
2 0.199049 0.677757 0.0722236 0.131596
2 0.48529 0.745433 0.0742443 0.149366
7 0.75183 0.405169 0.0750473 0.132406
2 0.074448 0.629708 0.0783468 0.102255
2 0.505261 0.562243 0.0501133 0.0946226
2 0.679174 0.943136 0.132232 0.108782
2 0.45059 0.63776 0.0720518 0.11667
2 0.505723 0.923551 0.116189 0.15068
2 0.319399 0.92379 0.109684 0.145899
0 0.308679 0.774483 0.0398769 0.108152
2 0.411528 0.58204 0.0487201 0.107704
7 0.326209 0.551234 0.0536324 0.155618
2 0.962786 0.616235 0.0716843 0.119309
3 0.257674 0.625108 0.0230937 0.0502832
2 0.453567 0.53313 0.0454561 0.0944195
5 0.196555 0.422527 0.0611834 0.106437
0 0.256907 0.596373 0.0226293 0.0674828
7 0.908878 0.720555 0.0901821 0.152742
3 0.206394 0.573708 0.0193944 0.0499118
3 0.307754 0.821737 0.0274255 0.0647469
2 0.280763 0.53063 0.0420215 0.0805061
2 0.952884 0.668547 0.0655153 0.11497
7 0.393639 0.457002 0.0549814 0.142575
2 0.035234 0.71998 0.069981 0.138321
7 0.564824 0.62177 0.0737696 0.197318
2 0.199049 0.677757 0.0722236 0.131596
2 0.48529 0.745433 0.0742443 0.149366
7 0.75183 0.405169 0.0750473 0.132406
2 0.074448 0.629708 0.0783468 0.102255
2 0.505261 0.562243 0.0501133 0.0946226
2 0.679174 0.943136 0.132232 0.108782
2 0.45059 0.63776 0.0720518 0.11667
2 0.505723 0.923551 0.116189 0.15068
2 0.319399 0.92379 0.109684 0.145899
0 0.308679 0.774483 0.0398769 0.108152
2 0.411528 0.58204 0.0487201 0.107704
7 0.326209 0.551234 0.0536324 0.155618
2 0.962786 0.616235 0.0716843 0.119309
3 0.257674 0.625108 0.0230937 0.0502832
2 0.453567 0.53313 0.0454561 0.0944195
5 0.196555 0.422527 0.0611834 0.106437
0 0.256907 0.596373 0.0226293 0.0674828
7 0.908878 0.720555 0.0901821 0.152742
3 0.206394 0.573708 0.0193944 0.0499118
3 0.307754 0.821737 0.0274255 0.0647469
2 0.280763 0.53063 0.0420215 0.0805061
2 0.952884 0.668547 0.0655153 0.11497
7 0.393639 0.457002 0.0549814 0.142575
2 0.035234 0.71998 0.069981 0.138321
7 0.564824 0.62177 0.0737696 0.197318
2 0.199049 0.677757 0.0722236 0.131596
2 0.48529 0.745433 0.0742443 0.149366
7 0.75183 0.405169 0.0750473 0.132406
2 0.074448 0.629708 0.0783468 0.102255
2 0.505261 0.562243 0.0501133 0.0946226
2 0.679174 0.943136 0.132232 0.108782
2 0.45059 0.63776 0.0720518 0.11667
2 0.505723 0.923551 0.116189 0.15068
2 0.319399 0.92379 0.109684 0.145899
0 0.308679 0.774483 0.0398769 0.108152
2 0.411528 0.58204 0.0487201 0.107704
7 0.326209 0.551234 0.0536324 0.155618
2 0.962786 0.616235 0.0716843 0.119309
3 0.257674 0.625108 0.0230937 0.0502832
2 0.453567 0.53313 0.0454561 0.0944195
5 0.196555 0.422527 0.0611834 0.106437
0 0.256907 0.596373 0.0226293 0.0674828
7 0.908878 0.720555 0.0901821 0.152742
3 0.206394 0.573708 0.0193944 0.0499118
3 0.307754 0.821737 0.0274255 0.0647469
2 0.280763 0.53063 0.0420215 0.0805061
2 0.952884 0.668547 0.0655153 0.11497
7 0.393639 0.457002 0.0549814 0.142575
2 0.035234 0.71998 0.069981 0.138321
7 0.564824 0.62177 0.0737696 0.197318
2 0.199049 0.677757 0.0722236 0.131596
2 0.48529 0.745433 0.0742443 0.149366
7 0.75183 0.405169 0.0750473 0.132406
2 0.074448 0.629708 0.0783468 0.102255
2 0.505261 0.562243 0.0501133 0.0946226
2 0.679174 0.943136 0.132232 0.108782
2 0.45059 0.63776 0.0720518 0.11667
2 0.505723 0.923551 0.116189 0.15068
2 0.319399 0.92379 0.109684 0.145899
0 0.308679 0.774483 0.0398769 0.108152
2 0.411528 0.58204 0.0487201 0.107704
7 0.326209 0.551234 0.0536324 0.155618
2 0.962786 0.616235 0.0716843 0.119309
3 0.257674 0.625108 0.0230937 0.0502832
2 0.453567 0.53313 0.0454561 0.0944195
5 0.196555 0.422527 0.0611834 0.106437
0 0.256907 0.596373 0.0226293 0.0674828
7 0.908878 0.720555 0.0901821 0.152742
3 0.206394 0.573708 0.0193944 0.0499118
3 0.307754 0.821737 0.0274255 0.0647469
2 0.280763 0.53063 0.0420215 0.0805061
2 0.952884 0.668547 0.0655153 0.11497
7 0.393639 0.457002 0.0549814 0.142575
2 0.035234 0.71998 0.069981 0.138321
7 0.564824 0.62177 0.0737696 0.197318
2 0.199049 0.677757 0.0722236 0.131596
2 0.48529 0.745433 0.0742443 0.149366
7 0.75183 0.405169 0.0750473 0.132406
2 0.074448 0.629708 0.0783468 0.102255
2 0.505261 0.562243 0.0501133 0.0946226
2 0.679174 0.943136 0.132232 0.108782
2 0.45059 0.63776 0.0720518 0.11667
2 0.505723 0.923551 0.116189 0.15068
2 0.319399 0.92379 0.109684 0.145899
0 0.308679 0.774483 0.0398769 0.108152
2 0.411528 0.58204 0.0487201 0.107704
7 0.326209 0.551234 0.0536324 0.155618
2 0.962786 0.616235 0.0716843 0.119309
3 0.257674 0.625108 0.0230937 0.0502832
2 0.453567 0.53313 0.0454561 0.0944195
5 0.196555 0.422527 0.0611834 0.106437
0 0.256907 0.596373 0.0226293 0.0674828
7 0.908878 0.720555 0.0901821 0.152742
3 0.206394 0.573708 0.0193944 0.0499118
3 0.307754 0.821737 0.0274255 0.0647469
2 0.280763 0.53063 0.0420215 0.0805061
2 0.952884 0.668547 0.0655153 0.11497
7 0.393639 0.457002 0.0549814 0.142575
2 0.035234 0.71998 0.069981 0.138321
7 0.564824 0.62177 0.0737696 0.197318
2 0.199049 0.677757 0.0722236 0.131596
2 0.48529 0.745433 0.0742443 0.149366
7 0.75183 0.405169 0.0750473 0.132406
2 0.074448 0.629708 0.0783468 0.102255
2 0.505261 0.562243 0.0501133 0.0946226
2 0.679174 0.943136 0.132232 0.108782
2 0.45059 0.63776 0.0720518 0.11667
2 0.505723 0.923551 0.116189 0.15068
2 0.319399 0.92379 0.109684 0.145899
0 0.308679 0.774483 0.0398769 0.108152
2 0.411528 0.58204 0.0487201 0.107704
7 0.326209 0.551234 0.0536324 0.155618
2 0.962786 0.616235 0.0716843 0.119309
3 0.257674 0.625108 0.0230937 0.0502832
2 0.453567 0.53313 0.0454561 0.0944195
5 0.196555 0.422527 0.0611834 0.106437
0 0.256907 0.596373 0.0226293 0.0674828
7 0.908878 0.720555 0.0901821 0.152742
3 0.206394 0.573708 0.0193944 0.0499118
3 0.307754 0.821737 0.0274255 0.0647469
2 0.280763 0.53063 0.0420215 0.0805061
2 0.952884 0.668547 0.0655153 0.11497
7 0.393639 0.457002 0.0549814 0.142575
2 0.035234 0.71998 0.069981 0.138321
7 0.564824 0.62177 0.0737696 0.197318
2 0.199049 0.677757 0.0722236 0.131596
2 0.48529 0.745433 0.0742443 0.149366
7 0.75183 0.405169 0.0750473 0.132406
2 0.074448 0.629708 0.0783468 0.102255
2 0.505261 0.562243 0.0501133 0.0946226
2 0.679174 0.943136 0.132232 0.108782
2 0.45059 0.63776 0.0720518 0.11667
2 0.505723 0.923551 0.116189 0.15068
2 0.319399 0.92379 0.109684 0.145899
0 0.308679 0.774483 0.0398769 0.108152
2 0.411528 0.58204 0.0487201 0.107704
7 0.326209 0.551234 0.0536324 0.155618
2 0.962786 0.616235 0.0716843 0.119309
3 0.257674 0.625108 0.0230937 0.0502832
2 0.453567 0.53313 0.0454561 0.0944195
5 0.196555 0.422527 0.0611834 0.106437
0 0.256907 0.596373 0.0226293 0.0674828
7 0.908878 0.720555 0.0901821 0.152742
3 0.206394 0.573708 0.0193944 0.0499118
3 0.307754 0.821737 0.0274255 0.0647469
2 0.280763 0.53063 0.0420215 0.0805061
2 0.952884 0.668547 0.0655153 0.11497
0 0.105155 0.648693 0.01759 0.0821106
2 0.861146 0.5036 0.0483482 0.0906569
0 0.206417 0.546745 0.0206502 0.0531938
3 0.308049 0.809083 0.0282526 0.0861069
2 0.438512 0.460853 0.0383284 0.0595606
5 0.413686 0.322219 0.0339153 0.0680028
2 0.103846 0.588595 0.0682636 0.0965437
