2 0.811097 0.671858 0.238775 0.149135
2 0.466995 0.660414 0.213732 0.112943
7 0.121112 0.653255 0.242092 0.214736
2 0.729984 0.522064 0.161049 0.0740341
2 0.452974 0.562987 0.16897 0.0914
2 0.244616 0.504569 0.157192 0.0915327
7 0.429702 0.346417 0.111151 0.0680185
2 0.470969 0.438638 0.10985 0.0562403
2 0.659642 0.409087 0.105261 0.0494795
2 0.0719711 0.417018 0.11235 0.0471337
2 0.324403 0.412783 0.111333 0.0632248
2 0.657998 0.374781 0.0814847 0.0378625
2 0.390026 0.383552 0.0872231 0.0387534
2 0.531636 0.341222 0.0657649 0.0286778
2 0.129271 0.350721 0.0702005 0.0305154
2 0.259851 0.333968 0.0579943 0.0272449
2 0.325157 0.31649 0.0403536 0.0194398
2 0.565445 0.309593 0.046583 0.0246653
2 0.509021 0.86409 0.106871 0.177696
2 0.207072 0.819184 0.104729 0.166645
7 0.598413 0.703574 0.0916269 0.2199
2 0.466236 0.663342 0.0706899 0.111082
2 0.505261 0.57305 0.0594811 0.0978411
7 0.755458 0.857865 0.25702 0.271955
2 0.438742 0.468747 0.0451693 0.072423
7 0.199087 0.424858 0.0702428 0.106624
0 0.0327481 0.897316 0.0479489 0.126801
2 0.177972 0.499542 0.0492208 0.0671799
7 0.33971 0.848842 0.103433 0.295983
2 0.0356289 0.71881 0.0706701 0.135441
2 0.3992 0.416126 0.0352591 0.055905
3 0.0317425 0.952053 0.0480586 0.0918477
3 0.394931 0.596785 0.023495 0.0722715
0 0.319574 0.585643 0.0221169 0.0779078
3 0.321502 0.608028 0.0255634 0.06419
2 0.073246 0.625382 0.0781053 0.0926029
3 0.260803 0.615772 0.0209136 0.0590308
2 0.951008 0.810496 0.0969315 0.179662
0 0.157914 0.66197 0.0315651 0.0802037
3 0.338369 0.560796 0.0196669 0.0774564
3 0.287212 0.505383 0.0189219 0.0417619
2 0.103128 0.592606 0.0700973 0.0964705
0 0.118755 0.824638 0.0343661 0.113697
0 0.260587 0.58862 0.0230214 0.0734246
0 0.347744 0.516844 0.0215199 0.0723087
3 0.119944 0.865743 0.0389508 0.10676
0 0.0606366 0.803238 0.0394655 0.119604
3 0.345414 0.413641 0.0141235 0.050113
0 0.394173 0.5738 0.0252416 0.0805634
2 0.703668 0.377367 0.0276505 0.0510198
0 0.313413 0.44106 0.013103 0.0524163
2 0.706122 0.416109 0.0475882 0.0446447
0 0.286835 0.47842 0.0173534 0.045634
0 0.0893947 0.677393 0.0238972 0.0753161
3 0.0593977 0.853519 0.0350321 0.0891232
3 0.313787 0.441101 0.0136263 0.052379
3 0.174325 0.72147 0.0377955 0.102104
0 0.958599 0.616245 0.026796 0.093321
2 0.903515 0.667282 0.0945789 0.121183
3 0.320906 0.590595 0.0238195 0.0788052
2 0.939394 0.801924 0.0727371 0.161252
3 0.167129 0.710296 0.0463445 0.0988709
