2 0.694376 0.510657 0.352812 0.18163
2 0.116883 0.737255 0.232282 0.274173
2 0.357187 0.331567 0.252416 0.129782
2 0.776339 0.230864 0.22671 0.106265
2 0.479283 0.157692 0.222962 0.121903
2 0.333645 0.242082 0.214245 0.107454
2 0.869737 0.11644 0.172522 0.084628
2 0.468017 0.0123562 0.109794 0.0245792
7 0.676341 0.0535617 0.166026 0.102936
2 0.395406 0.0819557 0.161919 0.0749017
2 0.781841 0.924766 0.432522 0.149022
2 0.791211 0.0219967 0.131803 0.0439379
2 0.23971 0.0165675 0.128798 0.0329844
2 0.889908 0.825939 0.219329 0.179636
2 0.443442 0.64605 0.211843 0.110879
2 0.12521 0.638458 0.210699 0.10836
2 0.229241 0.534902 0.155467 0.0741143
2 0.443234 0.506443 0.166836 0.0966486
2 0.602739 0.408063 0.104754 0.04808
2 0.52206 0.375374 0.0825411 0.0378738
2 0.373195 0.365248 0.0794022 0.0379671
2 0.693896 0.507215 0.165339 0.104181
3 0.281169 0.447847 0.0412716 0.0370272
0 0.281445 0.432926 0.0470735 0.0439636
2 0.431962 0.330836 0.0590254 0.0319122
2 0.242445 0.339056 0.0670101 0.0315999
7 0.534693 0.336282 0.0853433 0.0578045
2 0.0952841 0.343941 0.0697848 0.0286547
2 0.194609 0.331674 0.0559457 0.0291504
2 0.651866 0.348142 0.0736584 0.043255
2 0.333467 0.304452 0.0407679 0.0205728
7 0.26642 0.300477 0.0548857 0.036012
2 0.626931 0.312517 0.0551758 0.0259189
2 0.488564 0.311638 0.0437517 0.0227695
0 0.0150942 0.785698 0.0296243 0.140587
2 0.0735355 0.631098 0.0792478 0.105708
2 0.178635 0.498702 0.0495832 0.0675434
2 0.035627 0.722477 0.0706881 0.145902
0 0.0860407 0.861262 0.0417821 0.11539
2 0.939799 0.786599 0.0721083 0.175103
7 0.197078 0.424844 0.0739482 0.108194
0 0.272373 0.448127 0.0139467 0.05635
2 0.102735 0.592752 0.071652 0.0973651
3 0.0804531 0.913263 0.0486003 0.0941284
7 0.839195 0.460039 0.0994761 0.163724
2 0.861278 0.486198 0.0545948 0.100293
2 0.959432 0.67377 0.0689014 0.0667803
0 0.258723 0.360186 0.0116891 0.0496165
