7 0.673528 0.429523 0.534458 0.527941
7 0.142934 0.577976 0.284001 0.43513
5 0.898085 0.204667 0.202288 0.186717
2 0.287845 0.210931 0.211204 0.115861
2 0.403261 0.110215 0.138286 0.0688757
7 0.659664 0.860413 0.677368 0.276222
2 0.741937 0.057451 0.144233 0.0621824
2 0.247493 0.0132053 0.113618 0.0263058
7 0.105101 0.119754 0.209806 0.137893
2 0.244154 0.385338 0.273017 0.145934
2 0.906152 0.102218 0.186668 0.0494297
2 0.413869 0.0324727 0.129601 0.0648143
2 0.61967 0.156355 0.171615 0.0329632
2 0.199245 0.0510644 0.1312 0.0580713
2 0.666501 0.0359261 0.119463 0.057024
2 0.386327 0.0729455 0.129817 0.0601385
2 0.701215 0.0095439 0.0893473 0.0189291
2 0.268297 0.499745 0.160911 0.0923998
2 0.454699 0.431277 0.118236 0.0588037
2 0.681469 0.425229 0.126046 0.06989
2 0.390648 0.390489 0.09759 0.0435496
2 0.54564 0.374428 0.091982 0.0430295
2 0.472651 0.335128 0.0674308 0.0283724
2 0.705444 0.330968 0.0648596 0.0292615
5 0.1888 0.317593 0.114933 0.0629071
3 0.498847 0.550064 0.0803051 0.060441
2 0.587547 0.331457 0.0657896 0.0366257
5 0.54648 0.892874 0.442703 0.212659
0 0.500752 0.511844 0.0654821 0.0338095
2 0.322899 0.320628 0.0622442 0.0339724
2 0.610959 0.313764 0.051632 0.0277248
2 0.543899 0.302116 0.0459507 0.0263141
2 0.4949 0.307607 0.0590463 0.0341498
7 0.689707 0.303809 0.0570038 0.0476297
7 0.543528 0.282359 0.0538051 0.0263954
2 0.366081 0.306004 0.0429042 0.0176655
2 0.178196 0.500088 0.0492055 0.0681329
2 0.0307979 0.723295 0.0615959 0.14526
7 0.197892 0.426823 0.0737303 0.112252
0 0.0751434 0.712699 0.0312288 0.126409
2 0.0734254 0.628286 0.0778592 0.0982892
2 0.94045 0.787014 0.0697516 0.169111
0 0.322411 0.444187 0.0132411 0.0552957
2 0.103181 0.593237 0.0707444 0.0959025
2 0.95816 0.675318 0.0689293 0.0682239
2 0.00586134 0.807243 0.0117098 0.118723
0 0.00695321 0.807173 0.0138467 0.123764
2 0.929511 0.723918 0.129316 0.167601
2 0.576476 0.462123 0.178407 0.103046
2 0.778657 0.35557 0.156545 0.070098
2 0.559904 0.28858 0.107477 0.0612489
2 0.897516 0.302212 0.139865 0.0566391
2 0.501652 0.165674 0.0491219 0.024078
2 0.530156 0.226882 0.0743452 0.0371196
2 0.679842 0.185038 0.0656965 0.028466
2 0.561912 0.164197 0.0460398 0.0208539
2 0.605243 0.150548 0.0389804 0.0181942
2 0.640984 0.167508 0.0503279 0.0223865
7 0.759909 0.21859 0.0937151 0.0468194
2 0.474162 0.13562 0.0336639 0.018925
2 0.819003 0.187613 0.0613213 0.0296616
2 0.458114 0.117017 0.0221094 0.0128147
2 0.561389 0.126272 0.0307504 0.0151569
2 0.861705 0.143387 0.0532013 0.020089
2 0.744101 0.165161 0.0488364 0.0201046
5 0.683526 0.114927 0.102577 0.0653844
2 0.525593 0.133193 0.0406835 0.0217113
5 0.766137 0.118086 0.0430674 0.038259
2 0.801877 0.161761 0.0529829 0.0258659
2 0.828155 0.134257 0.0364041 0.0163313
2 0.760019 0.218843 0.0935789 0.0469007
2 0.527736 0.136593 0.0364681 0.016399
2 0.970505 0.242775 0.0563846 0.0455239
5 0.685553 0.128644 0.0979382 0.0378268
0 0.113753 0.0717441 0.0528673 0.0283672
2 0.559988 0.12347 0.0360399 0.0222277
2 0.769628 0.130004 0.0329919 0.0139179
5 0.971018 0.164478 0.0576719 0.0609155
2 0.706809 0.45079 0.177403 0.0795323
7 0.590086 0.367494 0.179799 0.115281
0 0.828185 0.501524 0.0618217 0.0633918
2 0.364058 0.305481 0.101786 0.0467134
2 0.449999 0.34283 0.113442 0.0535596
2 0.323566 0.264702 0.0833948 0.0381609
0 0.178983 0.396699 0.0492459 0.0542813
3 0.180723 0.416322 0.0491169 0.0438998
5 0.109636 0.270896 0.13731 0.116047
3 0.33387 0.347517 0.0303976 0.0263422
5 0.259947 0.209604 0.0878418 0.0528229
3 0.830182 0.525368 0.063287 0.0482363
3 0.722504 0.377015 0.03534 0.0414699
3 0.980817 0.535811 0.038365 0.0589903
3 0.0220687 0.497768 0.0441374 0.0553523
3 0.440651 0.263099 0.0330204 0.0232872
3 0.393005 0.258287 0.0340204 0.0335804
0 0.332107 0.333267 0.0334218 0.0364986
2 0.30289 0.243144 0.0794871 0.0279707
3 0.442373 0.434443 0.0386678 0.0379678
0 0.331477 0.326912 0.0342337 0.0348973
0 0.0190635 0.480554 0.038127 0.058946
7 0.26012 0.210786 0.0882042 0.051477
0 0.795078 0.356828 0.02443 0.0334804
0 0.0161276 0.467219 0.0322551 0.0322485
0 0.525023 0.26432 0.0258909 0.0356891
0 0.439817 0.257711 0.0330571 0.0337148
0 0.743842 0.351527 0.0291643 0.042101
2 0.706809 0.45079 0.177403 0.0795323
7 0.590086 0.367494 0.179799 0.115281
0 0.828185 0.501524 0.0618217 0.0633918
2 0.364058 0.305481 0.101786 0.0467134
2 0.449999 0.34283 0.113442 0.0535596
2 0.323566 0.264702 0.0833948 0.0381609
0 0.178983 0.396699 0.0492459 0.0542813
3 0.180723 0.416322 0.0491169 0.0438998
5 0.109636 0.270896 0.13731 0.116047
3 0.33387 0.347517 0.0303976 0.0263422
5 0.259947 0.209604 0.0878418 0.0528229
3 0.830182 0.525368 0.063287 0.0482363
3 0.722504 0.377015 0.03534 0.0414699
3 0.980817 0.535811 0.038365 0.0589903
3 0.0220687 0.497768 0.0441374 0.0553523
3 0.440651 0.263099 0.0330204 0.0232872
3 0.393005 0.258287 0.0340204 0.0335804
0 0.332107 0.333267 0.0334218 0.0364986
2 0.30289 0.243144 0.0794871 0.0279707
3 0.442373 0.434443 0.0386678 0.0379678
0 0.331477 0.326912 0.0342337 0.0348973
0 0.0190635 0.480554 0.038127 0.058946
7 0.26012 0.210786 0.0882042 0.051477
0 0.795078 0.356828 0.02443 0.0334804
0 0.0161276 0.467219 0.0322551 0.0322485
0 0.525023 0.26432 0.0258909 0.0356891
0 0.439817 0.257711 0.0330571 0.0337148
0 0.743842 0.351527 0.0291643 0.042101
2 0.706809 0.45079 0.177403 0.0795323
7 0.590086 0.367494 0.179799 0.115281
0 0.828185 0.501524 0.0618217 0.0633918
2 0.364058 0.305481 0.101786 0.0467134
2 0.449999 0.34283 0.113442 0.0535596
2 0.323566 0.264702 0.0833948 0.0381609
0 0.178983 0.396699 0.0492459 0.0542813
3 0.180723 0.416322 0.0491169 0.0438998
5 0.109636 0.270896 0.13731 0.116047
3 0.33387 0.347517 0.0303976 0.0263422
5 0.259947 0.209604 0.0878418 0.0528229
3 0.830182 0.525368 0.063287 0.0482363
3 0.722504 0.377015 0.03534 0.0414699
3 0.980817 0.535811 0.038365 0.0589903
3 0.0220687 0.497768 0.0441374 0.0553523
3 0.440651 0.263099 0.0330204 0.0232872
3 0.393005 0.258287 0.0340204 0.0335804
0 0.332107 0.333267 0.0334218 0.0364986
2 0.30289 0.243144 0.0794871 0.0279707
3 0.442373 0.434443 0.0386678 0.0379678
0 0.331477 0.326912 0.0342337 0.0348973
0 0.0190635 0.480554 0.038127 0.058946
7 0.26012 0.210786 0.0882042 0.051477
0 0.795078 0.356828 0.02443 0.0334804
0 0.0161276 0.467219 0.0322551 0.0322485
0 0.525023 0.26432 0.0258909 0.0356891
0 0.439817 0.257711 0.0330571 0.0337148
0 0.743842 0.351527 0.0291643 0.042101
2 0.706809 0.45079 0.177403 0.0795323
7 0.590086 0.367494 0.179799 0.115281
0 0.828185 0.501524 0.0618217 0.0633918
2 0.364058 0.305481 0.101786 0.0467134
2 0.449999 0.34283 0.113442 0.0535596
2 0.323566 0.264702 0.0833948 0.0381609
0 0.178983 0.396699 0.0492459 0.0542813
3 0.180723 0.416322 0.0491169 0.0438998
5 0.109636 0.270896 0.13731 0.116047
3 0.33387 0.347517 0.0303976 0.0263422
5 0.259947 0.209604 0.0878418 0.0528229
3 0.830182 0.525368 0.063287 0.0482363
3 0.722504 0.377015 0.03534 0.0414699
3 0.980817 0.535811 0.038365 0.0589903
3 0.0220687 0.497768 0.0441374 0.0553523
3 0.440651 0.263099 0.0330204 0.0232872
3 0.393005 0.258287 0.0340204 0.0335804
0 0.332107 0.333267 0.0334218 0.0364986
2 0.30289 0.243144 0.0794871 0.0279707
3 0.442373 0.434443 0.0386678 0.0379678
0 0.331477 0.326912 0.0342337 0.0348973
0 0.0190635 0.480554 0.038127 0.058946
7 0.26012 0.210786 0.0882042 0.051477
0 0.795078 0.356828 0.02443 0.0334804
0 0.0161276 0.467219 0.0322551 0.0322485
0 0.525023 0.26432 0.0258909 0.0356891
0 0.439817 0.257711 0.0330571 0.0337148
0 0.743842 0.351527 0.0291643 0.042101
2 0.706809 0.45079 0.177403 0.0795323
7 0.590086 0.367494 0.179799 0.115281
0 0.828185 0.501524 0.0618217 0.0633918
2 0.364058 0.305481 0.101786 0.0467134
2 0.449999 0.34283 0.113442 0.0535596
2 0.323566 0.264702 0.0833948 0.0381609
0 0.178983 0.396699 0.0492459 0.0542813
3 0.180723 0.416322 0.0491169 0.0438998
5 0.109636 0.270896 0.13731 0.116047
3 0.33387 0.347517 0.0303976 0.0263422
5 0.259947 0.209604 0.0878418 0.0528229
3 0.830182 0.525368 0.063287 0.0482363
3 0.722504 0.377015 0.03534 0.0414699
3 0.980817 0.535811 0.038365 0.0589903
3 0.0220687 0.497768 0.0441374 0.0553523
3 0.440651 0.263099 0.0330204 0.0232872
3 0.393005 0.258287 0.0340204 0.0335804
0 0.332107 0.333267 0.0334218 0.0364986
2 0.30289 0.243144 0.0794871 0.0279707
3 0.442373 0.434443 0.0386678 0.0379678
0 0.331477 0.326912 0.0342337 0.0348973
0 0.0190635 0.480554 0.038127 0.058946
7 0.26012 0.210786 0.0882042 0.051477
0 0.795078 0.356828 0.02443 0.0334804
0 0.0161276 0.467219 0.0322551 0.0322485
0 0.525023 0.26432 0.0258909 0.0356891
0 0.439817 0.257711 0.0330571 0.0337148
0 0.743842 0.351527 0.0291643 0.042101
2 0.706809 0.45079 0.177403 0.0795323
7 0.590086 0.367494 0.179799 0.115281
0 0.828185 0.501524 0.0618217 0.0633918
2 0.364058 0.305481 0.101786 0.0467134
2 0.449999 0.34283 0.113442 0.0535596
2 0.323566 0.264702 0.0833948 0.0381609
0 0.178983 0.396699 0.0492459 0.0542813
3 0.180723 0.416322 0.0491169 0.0438998
5 0.109636 0.270896 0.13731 0.116047
3 0.33387 0.347517 0.0303976 0.0263422
5 0.259947 0.209604 0.0878418 0.0528229
3 0.830182 0.525368 0.063287 0.0482363
3 0.722504 0.377015 0.03534 0.0414699
3 0.980817 0.535811 0.038365 0.0589903
3 0.0220687 0.497768 0.0441374 0.0553523
3 0.440651 0.263099 0.0330204 0.0232872
3 0.393005 0.258287 0.0340204 0.0335804
0 0.332107 0.333267 0.0334218 0.0364986
2 0.30289 0.243144 0.0794871 0.0279707
3 0.442373 0.434443 0.0386678 0.0379678
0 0.331477 0.326912 0.0342337 0.0348973
0 0.0190635 0.480554 0.038127 0.058946
7 0.26012 0.210786 0.0882042 0.051477
0 0.795078 0.356828 0.02443 0.0334804
0 0.0161276 0.467219 0.0322551 0.0322485
0 0.525023 0.26432 0.0258909 0.0356891
0 0.439817 0.257711 0.0330571 0.0337148
0 0.743842 0.351527 0.0291643 0.042101
2 0.706809 0.45079 0.177403 0.0795323
7 0.590086 0.367494 0.179799 0.115281
0 0.828185 0.501524 0.0618217 0.0633918
2 0.364058 0.305481 0.101786 0.0467134
2 0.449999 0.34283 0.113442 0.0535596
2 0.323566 0.264702 0.0833948 0.0381609
0 0.178983 0.396699 0.0492459 0.0542813
3 0.180723 0.416322 0.0491169 0.0438998
5 0.109636 0.270896 0.13731 0.116047
3 0.33387 0.347517 0.0303976 0.0263422
5 0.259947 0.209604 0.0878418 0.0528229
3 0.830182 0.525368 0.063287 0.0482363
3 0.722504 0.377015 0.03534 0.0414699
3 0.980817 0.535811 0.038365 0.0589903
3 0.0220687 0.497768 0.0441374 0.0553523
3 0.440651 0.263099 0.0330204 0.0232872
3 0.393005 0.258287 0.0340204 0.0335804
0 0.332107 0.333267 0.0334218 0.0364986
2 0.30289 0.243144 0.0794871 0.0279707
3 0.442373 0.434443 0.0386678 0.0379678
0 0.331477 0.326912 0.0342337 0.0348973
0 0.0190635 0.480554 0.038127 0.058946
7 0.26012 0.210786 0.0882042 0.051477
0 0.795078 0.356828 0.02443 0.0334804
0 0.0161276 0.467219 0.0322551 0.0322485
0 0.525023 0.26432 0.0258909 0.0356891
0 0.439817 0.257711 0.0330571 0.0337148
0 0.743842 0.351527 0.0291643 0.042101
2 0.706809 0.45079 0.177403 0.0795323
7 0.590086 0.367494 0.179799 0.115281
0 0.828185 0.501524 0.0618217 0.0633918
2 0.364058 0.305481 0.101786 0.0467134
2 0.449999 0.34283 0.113442 0.0535596
2 0.323566 0.264702 0.0833948 0.0381609
0 0.178983 0.396699 0.0492459 0.0542813
3 0.180723 0.416322 0.0491169 0.0438998
5 0.109636 0.270896 0.13731 0.116047
3 0.33387 0.347517 0.0303976 0.0263422
5 0.259947 0.209604 0.0878418 0.0528229
3 0.830182 0.525368 0.063287 0.0482363
3 0.722504 0.377015 0.03534 0.0414699
3 0.980817 0.535811 0.038365 0.0589903
3 0.0220687 0.497768 0.0441374 0.0553523
3 0.440651 0.263099 0.0330204 0.0232872
3 0.393005 0.258287 0.0340204 0.0335804
0 0.332107 0.333267 0.0334218 0.0364986
2 0.30289 0.243144 0.0794871 0.0279707
3 0.442373 0.434443 0.0386678 0.0379678
0 0.331477 0.326912 0.0342337 0.0348973
0 0.0190635 0.480554 0.038127 0.058946
7 0.26012 0.210786 0.0882042 0.051477
0 0.795078 0.356828 0.02443 0.0334804
0 0.0161276 0.467219 0.0322551 0.0322485
0 0.525023 0.26432 0.0258909 0.0356891
0 0.439817 0.257711 0.0330571 0.0337148
0 0.743842 0.351527 0.0291643 0.042101
2 0.706809 0.45079 0.177403 0.0795323
7 0.590086 0.367494 0.179799 0.115281
0 0.828185 0.501524 0.0618217 0.0633918
2 0.364058 0.305481 0.101786 0.0467134
2 0.449999 0.34283 0.113442 0.0535596
2 0.323566 0.264702 0.0833948 0.0381609
0 0.178983 0.396699 0.0492459 0.0542813
3 0.180723 0.416322 0.0491169 0.0438998
5 0.109636 0.270896 0.13731 0.116047
3 0.33387 0.347517 0.0303976 0.0263422
5 0.259947 0.209604 0.0878418 0.0528229
3 0.830182 0.525368 0.063287 0.0482363
3 0.722504 0.377015 0.03534 0.0414699
3 0.980817 0.535811 0.038365 0.0589903
3 0.0220687 0.497768 0.0441374 0.0553523
3 0.440651 0.263099 0.0330204 0.0232872
3 0.393005 0.258287 0.0340204 0.0335804
0 0.332107 0.333267 0.0334218 0.0364986
2 0.30289 0.243144 0.0794871 0.0279707
3 0.442373 0.434443 0.0386678 0.0379678
0 0.331477 0.326912 0.0342337 0.0348973
0 0.0190635 0.480554 0.038127 0.058946
7 0.26012 0.210786 0.0882042 0.051477
0 0.795078 0.356828 0.02443 0.0334804
0 0.0161276 0.467219 0.0322551 0.0322485
0 0.525023 0.26432 0.0258909 0.0356891
0 0.439817 0.257711 0.0330571 0.0337148
0 0.743842 0.351527 0.0291643 0.042101
2 0.706809 0.45079 0.177403 0.0795323
7 0.590086 0.367494 0.179799 0.115281
0 0.828185 0.501524 0.0618217 0.0633918
2 0.364058 0.305481 0.101786 0.0467134
2 0.449999 0.34283 0.113442 0.0535596
2 0.323566 0.264702 0.0833948 0.0381609
0 0.178983 0.396699 0.0492459 0.0542813
3 0.180723 0.416322 0.0491169 0.0438998
5 0.109636 0.270896 0.13731 0.116047
3 0.33387 0.347517 0.0303976 0.0263422
5 0.259947 0.209604 0.0878418 0.0528229
3 0.830182 0.525368 0.063287 0.0482363
3 0.722504 0.377015 0.03534 0.0414699
3 0.980817 0.535811 0.038365 0.0589903
3 0.0220687 0.497768 0.0441374 0.0553523
3 0.440651 0.263099 0.0330204 0.0232872
3 0.393005 0.258287 0.0340204 0.0335804
0 0.332107 0.333267 0.0334218 0.0364986
2 0.30289 0.243144 0.0794871 0.0279707
3 0.442373 0.434443 0.0386678 0.0379678
0 0.331477 0.326912 0.0342337 0.0348973
0 0.0190635 0.480554 0.038127 0.058946
7 0.26012 0.210786 0.0882042 0.051477
0 0.795078 0.356828 0.02443 0.0334804
0 0.0161276 0.467219 0.0322551 0.0322485
0 0.525023 0.26432 0.0258909 0.0356891
0 0.439817 0.257711 0.0330571 0.0337148
0 0.743842 0.351527 0.0291643 0.042101
2 0.706809 0.45079 0.177403 0.0795323
7 0.590086 0.367494 0.179799 0.115281
0 0.828185 0.501524 0.0618217 0.0633918
2 0.364058 0.305481 0.101786 0.0467134
2 0.449999 0.34283 0.113442 0.0535596
2 0.323566 0.264702 0.0833948 0.0381609
0 0.178983 0.396699 0.0492459 0.0542813
3 0.180723 0.416322 0.0491169 0.0438998
5 0.109636 0.270896 0.13731 0.116047
3 0.33387 0.347517 0.0303976 0.0263422
5 0.259947 0.209604 0.0878418 0.0528229
3 0.830182 0.525368 0.063287 0.0482363
3 0.722504 0.377015 0.03534 0.0414699
3 0.980817 0.535811 0.038365 0.0589903
3 0.0220687 0.497768 0.0441374 0.0553523
3 0.440651 0.263099 0.0330204 0.0232872
3 0.393005 0.258287 0.0340204 0.0335804
0 0.332107 0.333267 0.0334218 0.0364986
2 0.30289 0.243144 0.0794871 0.0279707
3 0.442373 0.434443 0.0386678 0.0379678
0 0.331477 0.326912 0.0342337 0.0348973
0 0.0190635 0.480554 0.038127 0.058946
7 0.26012 0.210786 0.0882042 0.051477
0 0.795078 0.356828 0.02443 0.0334804
0 0.0161276 0.467219 0.0322551 0.0322485
0 0.525023 0.26432 0.0258909 0.0356891
0 0.439817 0.257711 0.0330571 0.0337148
0 0.743842 0.351527 0.0291643 0.042101
2 0.706809 0.45079 0.177403 0.0795323
7 0.590086 0.367494 0.179799 0.115281
0 0.828185 0.501524 0.0618217 0.0633918
2 0.364058 0.305481 0.101786 0.0467134
2 0.449999 0.34283 0.113442 0.0535596
2 0.323566 0.264702 0.0833948 0.0381609
0 0.178983 0.396699 0.0492459 0.0542813
3 0.180723 0.416322 0.0491169 0.0438998
5 0.109636 0.270896 0.13731 0.116047
3 0.33387 0.347517 0.0303976 0.0263422
5 0.259947 0.209604 0.0878418 0.0528229
3 0.830182 0.525368 0.063287 0.0482363
3 0.722504 0.377015 0.03534 0.0414699
3 0.980817 0.535811 0.038365 0.0589903
3 0.0220687 0.497768 0.0441374 0.0553523
3 0.440651 0.263099 0.0330204 0.0232872
3 0.393005 0.258287 0.0340204 0.0335804
0 0.332107 0.333267 0.0334218 0.0364986
2 0.30289 0.243144 0.0794871 0.0279707
3 0.442373 0.434443 0.0386678 0.0379678
0 0.331477 0.326912 0.0342337 0.0348973
0 0.0190635 0.480554 0.038127 0.058946
7 0.26012 0.210786 0.0882042 0.051477
0 0.795078 0.356828 0.02443 0.0334804
0 0.0161276 0.467219 0.0322551 0.0322485
0 0.525023 0.26432 0.0258909 0.0356891
0 0.439817 0.257711 0.0330571 0.0337148
0 0.743842 0.351527 0.0291643 0.042101
2 0.706809 0.45079 0.177403 0.0795323
7 0.590086 0.367494 0.179799 0.115281
0 0.828185 0.501524 0.0618217 0.0633918
2 0.364058 0.305481 0.101786 0.0467134
2 0.449999 0.34283 0.113442 0.0535596
2 0.323566 0.264702 0.0833948 0.0381609
0 0.178983 0.396699 0.0492459 0.0542813
3 0.180723 0.416322 0.0491169 0.0438998
5 0.109636 0.270896 0.13731 0.116047
3 0.33387 0.347517 0.0303976 0.0263422
5 0.259947 0.209604 0.0878418 0.0528229
3 0.830182 0.525368 0.063287 0.0482363
3 0.722504 0.377015 0.03534 0.0414699
3 0.980817 0.535811 0.038365 0.0589903
3 0.0220687 0.497768 0.0441374 0.0553523
3 0.440651 0.263099 0.0330204 0.0232872
3 0.393005 0.258287 0.0340204 0.0335804
0 0.332107 0.333267 0.0334218 0.0364986
2 0.30289 0.243144 0.0794871 0.0279707
3 0.442373 0.434443 0.0386678 0.0379678
0 0.331477 0.326912 0.0342337 0.0348973
0 0.0190635 0.480554 0.038127 0.058946
7 0.26012 0.210786 0.0882042 0.051477
0 0.795078 0.356828 0.02443 0.0334804
0 0.0161276 0.467219 0.0322551 0.0322485
0 0.525023 0.26432 0.0258909 0.0356891
0 0.439817 0.257711 0.0330571 0.0337148
0 0.743842 0.351527 0.0291643 0.042101
2 0.706809 0.45079 0.177403 0.0795323
7 0.590086 0.367494 0.179799 0.115281
0 0.828185 0.501524 0.0618217 0.0633918
2 0.364058 0.305481 0.101786 0.0467134
2 0.449999 0.34283 0.113442 0.0535596
2 0.323566 0.264702 0.0833948 0.0381609
0 0.178983 0.396699 0.0492459 0.0542813
3 0.180723 0.416322 0.0491169 0.0438998
5 0.109636 0.270896 0.13731 0.116047
3 0.33387 0.347517 0.0303976 0.0263422
5 0.259947 0.209604 0.0878418 0.0528229
3 0.830182 0.525368 0.063287 0.0482363
3 0.722504 0.377015 0.03534 0.0414699
3 0.980817 0.535811 0.038365 0.0589903
3 0.0220687 0.497768 0.0441374 0.0553523
3 0.440651 0.263099 0.0330204 0.0232872
3 0.393005 0.258287 0.0340204 0.0335804
0 0.332107 0.333267 0.0334218 0.0364986
2 0.30289 0.243144 0.0794871 0.0279707
3 0.442373 0.434443 0.0386678 0.0379678
0 0.331477 0.326912 0.0342337 0.0348973
0 0.0190635 0.480554 0.038127 0.058946
7 0.26012 0.210786 0.0882042 0.051477
0 0.795078 0.356828 0.02443 0.0334804
0 0.0161276 0.467219 0.0322551 0.0322485
0 0.525023 0.26432 0.0258909 0.0356891
0 0.439817 0.257711 0.0330571 0.0337148
0 0.743842 0.351527 0.0291643 0.042101
2 0.706809 0.45079 0.177403 0.0795323
7 0.590086 0.367494 0.179799 0.115281
0 0.828185 0.501524 0.0618217 0.0633918
2 0.364058 0.305481 0.101786 0.0467134
2 0.449999 0.34283 0.113442 0.0535596
2 0.323566 0.264702 0.0833948 0.0381609
0 0.178983 0.396699 0.0492459 0.0542813
3 0.180723 0.416322 0.0491169 0.0438998
5 0.109636 0.270896 0.13731 0.116047
3 0.33387 0.347517 0.0303976 0.0263422
5 0.259947 0.209604 0.0878418 0.0528229
3 0.830182 0.525368 0.063287 0.0482363
3 0.722504 0.377015 0.03534 0.0414699
3 0.980817 0.535811 0.038365 0.0589903
3 0.0220687 0.497768 0.0441374 0.0553523
3 0.440651 0.263099 0.0330204 0.0232872
3 0.393005 0.258287 0.0340204 0.0335804
0 0.332107 0.333267 0.0334218 0.0364986
2 0.30289 0.243144 0.0794871 0.0279707
3 0.442373 0.434443 0.0386678 0.0379678
0 0.331477 0.326912 0.0342337 0.0348973
0 0.0190635 0.480554 0.038127 0.058946
7 0.26012 0.210786 0.0882042 0.051477
0 0.795078 0.356828 0.02443 0.0334804
0 0.0161276 0.467219 0.0322551 0.0322485
0 0.525023 0.26432 0.0258909 0.0356891
0 0.439817 0.257711 0.0330571 0.0337148
0 0.743842 0.351527 0.0291643 0.042101
5 0.108525 0.269406 0.135282 0.111996
2 0.706903 0.450699 0.176922 0.0778802
7 0.591113 0.367627 0.177433 0.116555
2 0.449893 0.343328 0.11147 0.0549025
5 0.26015 0.207557 0.0856163 0.0561458
2 0.362255 0.305722 0.104854 0.0473333
0 0.827552 0.501073 0.0616325 0.062269
2 0.322356 0.263335 0.0836072 0.0376664
0 0.180625 0.39688 0.0530385 0.0555743
3 0.182072 0.416051 0.0471949 0.0448074
0 0.331945 0.330663 0.0331974 0.038007
3 0.0232664 0.496732 0.0465327 0.0568224
3 0.333997 0.348686 0.0284849 0.0248532
3 0.722638 0.378007 0.0380751 0.0393716
3 0.830262 0.52566 0.0631449 0.0462899
3 0.98011 0.53888 0.0377306 0.0486875
3 0.43845 0.262361 0.0322876 0.0244235
2 0.301699 0.241715 0.0788044 0.0266199
5 0.108525 0.269406 0.135282 0.111996
2 0.706903 0.450699 0.176922 0.0778802
7 0.591113 0.367627 0.177433 0.116555
2 0.449893 0.343328 0.11147 0.0549025
5 0.26015 0.207557 0.0856163 0.0561458
2 0.362255 0.305722 0.104854 0.0473333
0 0.827552 0.501073 0.0616325 0.062269
2 0.322356 0.263335 0.0836072 0.0376664
0 0.180625 0.39688 0.0530385 0.0555743
3 0.182072 0.416051 0.0471949 0.0448074
0 0.331945 0.330663 0.0331974 0.038007
3 0.0232664 0.496732 0.0465327 0.0568224
3 0.333997 0.348686 0.0284849 0.0248532
3 0.722638 0.378007 0.0380751 0.0393716
3 0.830262 0.52566 0.0631449 0.0462899
3 0.98011 0.53888 0.0377306 0.0486875
3 0.43845 0.262361 0.0322876 0.0244235
2 0.301699 0.241715 0.0788044 0.0266199
5 0.108525 0.269406 0.135282 0.111996
2 0.706903 0.450699 0.176922 0.0778802
7 0.591113 0.367627 0.177433 0.116555
2 0.449893 0.343328 0.11147 0.0549025
5 0.26015 0.207557 0.0856163 0.0561458
2 0.362255 0.305722 0.104854 0.0473333
0 0.827552 0.501073 0.0616325 0.062269
2 0.322356 0.263335 0.0836072 0.0376664
0 0.180625 0.39688 0.0530385 0.0555743
3 0.182072 0.416051 0.0471949 0.0448074
0 0.331945 0.330663 0.0331974 0.038007
3 0.0232664 0.496732 0.0465327 0.0568224
3 0.333997 0.348686 0.0284849 0.0248532
3 0.722638 0.378007 0.0380751 0.0393716
3 0.830262 0.52566 0.0631449 0.0462899
3 0.98011 0.53888 0.0377306 0.0486875
3 0.43845 0.262361 0.0322876 0.0244235
2 0.301699 0.241715 0.0788044 0.0266199
5 0.108525 0.269406 0.135282 0.111996
2 0.706903 0.450699 0.176922 0.0778802
7 0.591113 0.367627 0.177433 0.116555
2 0.449893 0.343328 0.11147 0.0549025
5 0.26015 0.207557 0.0856163 0.0561458
2 0.362255 0.305722 0.104854 0.0473333
0 0.827552 0.501073 0.0616325 0.062269
2 0.322356 0.263335 0.0836072 0.0376664
0 0.180625 0.39688 0.0530385 0.0555743
3 0.182072 0.416051 0.0471949 0.0448074
0 0.331945 0.330663 0.0331974 0.038007
3 0.0232664 0.496732 0.0465327 0.0568224
3 0.333997 0.348686 0.0284849 0.0248532
3 0.722638 0.378007 0.0380751 0.0393716
3 0.830262 0.52566 0.0631449 0.0462899
3 0.98011 0.53888 0.0377306 0.0486875
3 0.43845 0.262361 0.0322876 0.0244235
2 0.301699 0.241715 0.0788044 0.0266199
5 0.108525 0.269406 0.135282 0.111996
2 0.706903 0.450699 0.176922 0.0778802
7 0.591113 0.367627 0.177433 0.116555
2 0.449893 0.343328 0.11147 0.0549025
5 0.26015 0.207557 0.0856163 0.0561458
2 0.362255 0.305722 0.104854 0.0473333
0 0.827552 0.501073 0.0616325 0.062269
2 0.322356 0.263335 0.0836072 0.0376664
0 0.180625 0.39688 0.0530385 0.0555743
3 0.182072 0.416051 0.0471949 0.0448074
0 0.331945 0.330663 0.0331974 0.038007
3 0.0232664 0.496732 0.0465327 0.0568224
3 0.333997 0.348686 0.0284849 0.0248532
3 0.722638 0.378007 0.0380751 0.0393716
3 0.830262 0.52566 0.0631449 0.0462899
3 0.98011 0.53888 0.0377306 0.0486875
3 0.43845 0.262361 0.0322876 0.0244235
2 0.301699 0.241715 0.0788044 0.0266199
5 0.108525 0.269406 0.135282 0.111996
2 0.706903 0.450699 0.176922 0.0778802
7 0.591113 0.367627 0.177433 0.116555
2 0.449893 0.343328 0.11147 0.0549025
5 0.26015 0.207557 0.0856163 0.0561458
2 0.362255 0.305722 0.104854 0.0473333
0 0.827552 0.501073 0.0616325 0.062269
2 0.322356 0.263335 0.0836072 0.0376664
0 0.180625 0.39688 0.0530385 0.0555743
3 0.182072 0.416051 0.0471949 0.0448074
0 0.331945 0.330663 0.0331974 0.038007
3 0.0232664 0.496732 0.0465327 0.0568224
3 0.333997 0.348686 0.0284849 0.0248532
3 0.722638 0.378007 0.0380751 0.0393716
3 0.830262 0.52566 0.0631449 0.0462899
3 0.98011 0.53888 0.0377306 0.0486875
3 0.43845 0.262361 0.0322876 0.0244235
2 0.301699 0.241715 0.0788044 0.0266199
5 0.108525 0.269406 0.135282 0.111996
2 0.706903 0.450699 0.176922 0.0778802
7 0.591113 0.367627 0.177433 0.116555
2 0.449893 0.343328 0.11147 0.0549025
5 0.26015 0.207557 0.0856163 0.0561458
2 0.362255 0.305722 0.104854 0.0473333
0 0.827552 0.501073 0.0616325 0.062269
2 0.322356 0.263335 0.0836072 0.0376664
0 0.180625 0.39688 0.0530385 0.0555743
3 0.182072 0.416051 0.0471949 0.0448074
0 0.331945 0.330663 0.0331974 0.038007
3 0.0232664 0.496732 0.0465327 0.0568224
3 0.333997 0.348686 0.0284849 0.0248532
3 0.722638 0.378007 0.0380751 0.0393716
3 0.830262 0.52566 0.0631449 0.0462899
3 0.98011 0.53888 0.0377306 0.0486875
3 0.43845 0.262361 0.0322876 0.0244235
2 0.301699 0.241715 0.0788044 0.0266199
5 0.108525 0.269406 0.135282 0.111996
2 0.706903 0.450699 0.176922 0.0778802
7 0.591113 0.367627 0.177433 0.116555
2 0.449893 0.343328 0.11147 0.0549025
5 0.26015 0.207557 0.0856163 0.0561458
2 0.362255 0.305722 0.104854 0.0473333
0 0.827552 0.501073 0.0616325 0.062269
2 0.322356 0.263335 0.0836072 0.0376664
0 0.180625 0.39688 0.0530385 0.0555743
3 0.182072 0.416051 0.0471949 0.0448074
0 0.331945 0.330663 0.0331974 0.038007
3 0.0232664 0.496732 0.0465327 0.0568224
3 0.333997 0.348686 0.0284849 0.0248532
3 0.722638 0.378007 0.0380751 0.0393716
3 0.830262 0.52566 0.0631449 0.0462899
3 0.98011 0.53888 0.0377306 0.0486875
3 0.43845 0.262361 0.0322876 0.0244235
2 0.301699 0.241715 0.0788044 0.0266199
0 0.0162685 0.463388 0.0322348 0.0246658
3 0.392568 0.26041 0.0332465 0.0291461
0 0.794031 0.356285 0.0246184 0.0322752
