2 0.0356431 0.71496 0.0705373 0.141417
2 0.224389 0.675652 0.0702189 0.13475
0 0.239872 0.80426 0.0403781 0.118679
2 0.0739594 0.626393 0.0797343 0.103586
0 0.392631 0.783829 0.0387547 0.118561
2 0.364668 0.502893 0.0405664 0.070971
2 0.487194 0.54019 0.0535267 0.0878482
2 0.43793 0.414414 0.0329165 0.0504007
7 0.198179 0.418952 0.0602615 0.106803
0 0.457071 0.500771 0.0202883 0.0734563
0 0.403101 0.527183 0.0224001 0.0673447
3 0.240109 0.85121 0.0369515 0.102774
2 0.900848 0.490552 0.060574 0.0771303
2 0.301491 0.441434 0.0331771 0.0727393
2 0.42519 0.364644 0.0263458 0.0410755
2 0.178499 0.492948 0.0481899 0.0728779
2 0.10564 0.586266 0.0664946 0.0967523
2 0.36433 0.423739 0.0287798 0.0544459
3 0.392564 0.835794 0.0333075 0.0938226
3 0.404181 0.547005 0.0221509 0.0595309
7 0.388329 0.357306 0.0273783 0.0778834
2 0.926547 0.750859 0.10022 0.173504
2 0.29493 0.358502 0.0264988 0.0449436
2 0.311096 0.334462 0.0205734 0.029617
2 0.979582 0.631484 0.0396648 0.127568
7 0.344512 0.64699 0.0702277 0.187865
5 0.33619 0.375697 0.0324909 0.0777627
0 0.275573 0.425037 0.0135936 0.0535767
7 0.363246 0.337104 0.0266708 0.0642753
7 0.336214 0.375116 0.031948 0.0770598
0 0.734075 0.389065 0.0133121 0.0476963
5 0.388439 0.356783 0.0272949 0.0791128
2 0.938136 0.746368 0.0776474 0.157362
5 0.363416 0.347258 0.0270449 0.0834153
7 0.418235 0.329771 0.0209978 0.058615
0 0.182661 0.520385 0.0140312 0.0558686
2 0.0356431 0.71496 0.0705373 0.141417
2 0.224389 0.675652 0.0702189 0.13475
0 0.239872 0.80426 0.0403781 0.118679
2 0.0739594 0.626393 0.0797343 0.103586
0 0.392631 0.783829 0.0387547 0.118561
2 0.364668 0.502893 0.0405664 0.070971
2 0.487194 0.54019 0.0535267 0.0878482
2 0.43793 0.414414 0.0329165 0.0504007
7 0.198179 0.418952 0.0602615 0.106803
0 0.457071 0.500771 0.0202883 0.0734563
0 0.403101 0.527183 0.0224001 0.0673447
3 0.240109 0.85121 0.0369515 0.102774
2 0.900848 0.490552 0.060574 0.0771303
2 0.301491 0.441434 0.0331771 0.0727393
2 0.42519 0.364644 0.0263458 0.0410755
2 0.178499 0.492948 0.0481899 0.0728779
2 0.10564 0.586266 0.0664946 0.0967523
2 0.36433 0.423739 0.0287798 0.0544459
3 0.392564 0.835794 0.0333075 0.0938226
3 0.404181 0.547005 0.0221509 0.0595309
7 0.388329 0.357306 0.0273783 0.0778834
2 0.926547 0.750859 0.10022 0.173504
2 0.29493 0.358502 0.0264988 0.0449436
2 0.311096 0.334462 0.0205734 0.029617
2 0.979582 0.631484 0.0396648 0.127568
7 0.344512 0.64699 0.0702277 0.187865
5 0.33619 0.375697 0.0324909 0.0777627
0 0.275573 0.425037 0.0135936 0.0535767
7 0.363246 0.337104 0.0266708 0.0642753
7 0.336214 0.375116 0.031948 0.0770598
0 0.734075 0.389065 0.0133121 0.0476963
5 0.388439 0.356783 0.0272949 0.0791128
2 0.938136 0.746368 0.0776474 0.157362
5 0.363416 0.347258 0.0270449 0.0834153
7 0.418235 0.329771 0.0209978 0.058615
0 0.182661 0.520385 0.0140312 0.0558686
7 0.178632 0.492162 0.0487601 0.0704749
0 0.693065 0.401827 0.0131964 0.0509149
0 0.183151 0.51189 0.0150453 0.0599583
2 0.365089 0.469455 0.0351482 0.0320362
7 0.909839 0.701057 0.144545 0.27098
0 0.251056 0.415162 0.0122629 0.0473194
2 0.869692 0.456581 0.0188234 0.0609775
2 0.0356431 0.71496 0.0705373 0.141417
2 0.224389 0.675652 0.0702189 0.13475
0 0.239872 0.80426 0.0403781 0.118679
2 0.0739594 0.626393 0.0797343 0.103586
0 0.392631 0.783829 0.0387547 0.118561
2 0.364668 0.502893 0.0405664 0.070971
2 0.487194 0.54019 0.0535267 0.0878482
2 0.43793 0.414414 0.0329165 0.0504007
7 0.198179 0.418952 0.0602615 0.106803
0 0.457071 0.500771 0.0202883 0.0734563
0 0.403101 0.527183 0.0224001 0.0673447
3 0.240109 0.85121 0.0369515 0.102774
2 0.900848 0.490552 0.060574 0.0771303
2 0.301491 0.441434 0.0331771 0.0727393
2 0.42519 0.364644 0.0263458 0.0410755
2 0.178499 0.492948 0.0481899 0.0728779
2 0.10564 0.586266 0.0664946 0.0967523
2 0.36433 0.423739 0.0287798 0.0544459
3 0.392564 0.835794 0.0333075 0.0938226
3 0.404181 0.547005 0.0221509 0.0595309
7 0.388329 0.357306 0.0273783 0.0778834
2 0.926547 0.750859 0.10022 0.173504
2 0.29493 0.358502 0.0264988 0.0449436
2 0.311096 0.334462 0.0205734 0.029617
2 0.979582 0.631484 0.0396648 0.127568
7 0.344512 0.64699 0.0702277 0.187865
5 0.33619 0.375697 0.0324909 0.0777627
0 0.275573 0.425037 0.0135936 0.0535767
7 0.363246 0.337104 0.0266708 0.0642753
7 0.336214 0.375116 0.031948 0.0770598
0 0.734075 0.389065 0.0133121 0.0476963
5 0.388439 0.356783 0.0272949 0.0791128
2 0.938136 0.746368 0.0776474 0.157362
5 0.363416 0.347258 0.0270449 0.0834153
7 0.418235 0.329771 0.0209978 0.058615
0 0.182661 0.520385 0.0140312 0.0558686
7 0.178632 0.492162 0.0487601 0.0704749
0 0.693065 0.401827 0.0131964 0.0509149
0 0.183151 0.51189 0.0150453 0.0599583
2 0.365089 0.469455 0.0351482 0.0320362
7 0.909839 0.701057 0.144545 0.27098
0 0.251056 0.415162 0.0122629 0.0473194
2 0.869692 0.456581 0.0188234 0.0609775
2 0.0356431 0.71496 0.0705373 0.141417
2 0.224389 0.675652 0.0702189 0.13475
0 0.239872 0.80426 0.0403781 0.118679
2 0.0739594 0.626393 0.0797343 0.103586
0 0.392631 0.783829 0.0387547 0.118561
2 0.364668 0.502893 0.0405664 0.070971
2 0.487194 0.54019 0.0535267 0.0878482
2 0.43793 0.414414 0.0329165 0.0504007
7 0.198179 0.418952 0.0602615 0.106803
0 0.457071 0.500771 0.0202883 0.0734563
0 0.403101 0.527183 0.0224001 0.0673447
3 0.240109 0.85121 0.0369515 0.102774
2 0.900848 0.490552 0.060574 0.0771303
2 0.301491 0.441434 0.0331771 0.0727393
2 0.42519 0.364644 0.0263458 0.0410755
2 0.178499 0.492948 0.0481899 0.0728779
2 0.10564 0.586266 0.0664946 0.0967523
2 0.36433 0.423739 0.0287798 0.0544459
3 0.392564 0.835794 0.0333075 0.0938226
3 0.404181 0.547005 0.0221509 0.0595309
7 0.388329 0.357306 0.0273783 0.0778834
2 0.926547 0.750859 0.10022 0.173504
2 0.29493 0.358502 0.0264988 0.0449436
2 0.311096 0.334462 0.0205734 0.029617
2 0.979582 0.631484 0.0396648 0.127568
7 0.344512 0.64699 0.0702277 0.187865
5 0.33619 0.375697 0.0324909 0.0777627
0 0.275573 0.425037 0.0135936 0.0535767
7 0.363246 0.337104 0.0266708 0.0642753
7 0.336214 0.375116 0.031948 0.0770598
0 0.734075 0.389065 0.0133121 0.0476963
5 0.388439 0.356783 0.0272949 0.0791128
2 0.938136 0.746368 0.0776474 0.157362
5 0.363416 0.347258 0.0270449 0.0834153
7 0.418235 0.329771 0.0209978 0.058615
0 0.182661 0.520385 0.0140312 0.0558686
7 0.178632 0.492162 0.0487601 0.0704749
0 0.693065 0.401827 0.0131964 0.0509149
0 0.183151 0.51189 0.0150453 0.0599583
2 0.365089 0.469455 0.0351482 0.0320362
7 0.909839 0.701057 0.144545 0.27098
0 0.251056 0.415162 0.0122629 0.0473194
2 0.869692 0.456581 0.0188234 0.0609775
2 0.0356431 0.71496 0.0705373 0.141417
2 0.224389 0.675652 0.0702189 0.13475
0 0.239872 0.80426 0.0403781 0.118679
2 0.0739594 0.626393 0.0797343 0.103586
0 0.392631 0.783829 0.0387547 0.118561
2 0.364668 0.502893 0.0405664 0.070971
2 0.487194 0.54019 0.0535267 0.0878482
2 0.43793 0.414414 0.0329165 0.0504007
7 0.198179 0.418952 0.0602615 0.106803
0 0.457071 0.500771 0.0202883 0.0734563
0 0.403101 0.527183 0.0224001 0.0673447
3 0.240109 0.85121 0.0369515 0.102774
2 0.900848 0.490552 0.060574 0.0771303
2 0.301491 0.441434 0.0331771 0.0727393
2 0.42519 0.364644 0.0263458 0.0410755
2 0.178499 0.492948 0.0481899 0.0728779
2 0.10564 0.586266 0.0664946 0.0967523
2 0.36433 0.423739 0.0287798 0.0544459
3 0.392564 0.835794 0.0333075 0.0938226
3 0.404181 0.547005 0.0221509 0.0595309
7 0.388329 0.357306 0.0273783 0.0778834
2 0.926547 0.750859 0.10022 0.173504
2 0.29493 0.358502 0.0264988 0.0449436
2 0.311096 0.334462 0.0205734 0.029617
2 0.979582 0.631484 0.0396648 0.127568
7 0.344512 0.64699 0.0702277 0.187865
5 0.33619 0.375697 0.0324909 0.0777627
0 0.275573 0.425037 0.0135936 0.0535767
7 0.363246 0.337104 0.0266708 0.0642753
7 0.336214 0.375116 0.031948 0.0770598
0 0.734075 0.389065 0.0133121 0.0476963
5 0.388439 0.356783 0.0272949 0.0791128
2 0.938136 0.746368 0.0776474 0.157362
5 0.363416 0.347258 0.0270449 0.0834153
7 0.418235 0.329771 0.0209978 0.058615
0 0.182661 0.520385 0.0140312 0.0558686
7 0.178632 0.492162 0.0487601 0.0704749
0 0.693065 0.401827 0.0131964 0.0509149
0 0.183151 0.51189 0.0150453 0.0599583
2 0.365089 0.469455 0.0351482 0.0320362
7 0.909839 0.701057 0.144545 0.27098
0 0.251056 0.415162 0.0122629 0.0473194
2 0.869692 0.456581 0.0188234 0.0609775
2 0.0356431 0.71496 0.0705373 0.141417
2 0.224389 0.675652 0.0702189 0.13475
0 0.239872 0.80426 0.0403781 0.118679
2 0.0739594 0.626393 0.0797343 0.103586
0 0.392631 0.783829 0.0387547 0.118561
2 0.364668 0.502893 0.0405664 0.070971
2 0.487194 0.54019 0.0535267 0.0878482
2 0.43793 0.414414 0.0329165 0.0504007
7 0.198179 0.418952 0.0602615 0.106803
0 0.457071 0.500771 0.0202883 0.0734563
0 0.403101 0.527183 0.0224001 0.0673447
3 0.240109 0.85121 0.0369515 0.102774
2 0.900848 0.490552 0.060574 0.0771303
2 0.301491 0.441434 0.0331771 0.0727393
2 0.42519 0.364644 0.0263458 0.0410755
2 0.178499 0.492948 0.0481899 0.0728779
2 0.10564 0.586266 0.0664946 0.0967523
2 0.36433 0.423739 0.0287798 0.0544459
3 0.392564 0.835794 0.0333075 0.0938226
3 0.404181 0.547005 0.0221509 0.0595309
7 0.388329 0.357306 0.0273783 0.0778834
2 0.926547 0.750859 0.10022 0.173504
2 0.29493 0.358502 0.0264988 0.0449436
2 0.311096 0.334462 0.0205734 0.029617
2 0.979582 0.631484 0.0396648 0.127568
7 0.344512 0.64699 0.0702277 0.187865
5 0.33619 0.375697 0.0324909 0.0777627
0 0.275573 0.425037 0.0135936 0.0535767
7 0.363246 0.337104 0.0266708 0.0642753
7 0.336214 0.375116 0.031948 0.0770598
0 0.734075 0.389065 0.0133121 0.0476963
5 0.388439 0.356783 0.0272949 0.0791128
2 0.938136 0.746368 0.0776474 0.157362
5 0.363416 0.347258 0.0270449 0.0834153
7 0.418235 0.329771 0.0209978 0.058615
0 0.182661 0.520385 0.0140312 0.0558686
7 0.178632 0.492162 0.0487601 0.0704749
0 0.693065 0.401827 0.0131964 0.0509149
0 0.183151 0.51189 0.0150453 0.0599583
2 0.365089 0.469455 0.0351482 0.0320362
7 0.909839 0.701057 0.144545 0.27098
0 0.251056 0.415162 0.0122629 0.0473194
2 0.869692 0.456581 0.0188234 0.0609775
2 0.0356431 0.71496 0.0705373 0.141417
2 0.224389 0.675652 0.0702189 0.13475
0 0.239872 0.80426 0.0403781 0.118679
2 0.0739594 0.626393 0.0797343 0.103586
0 0.392631 0.783829 0.0387547 0.118561
2 0.364668 0.502893 0.0405664 0.070971
2 0.487194 0.54019 0.0535267 0.0878482
2 0.43793 0.414414 0.0329165 0.0504007
7 0.198179 0.418952 0.0602615 0.106803
0 0.457071 0.500771 0.0202883 0.0734563
0 0.403101 0.527183 0.0224001 0.0673447
3 0.240109 0.85121 0.0369515 0.102774
2 0.900848 0.490552 0.060574 0.0771303
2 0.301491 0.441434 0.0331771 0.0727393
2 0.42519 0.364644 0.0263458 0.0410755
2 0.178499 0.492948 0.0481899 0.0728779
2 0.10564 0.586266 0.0664946 0.0967523
2 0.36433 0.423739 0.0287798 0.0544459
3 0.392564 0.835794 0.0333075 0.0938226
3 0.404181 0.547005 0.0221509 0.0595309
7 0.388329 0.357306 0.0273783 0.0778834
2 0.926547 0.750859 0.10022 0.173504
2 0.29493 0.358502 0.0264988 0.0449436
2 0.311096 0.334462 0.0205734 0.029617
2 0.979582 0.631484 0.0396648 0.127568
7 0.344512 0.64699 0.0702277 0.187865
5 0.33619 0.375697 0.0324909 0.0777627
0 0.275573 0.425037 0.0135936 0.0535767
7 0.363246 0.337104 0.0266708 0.0642753
7 0.336214 0.375116 0.031948 0.0770598
0 0.734075 0.389065 0.0133121 0.0476963
5 0.388439 0.356783 0.0272949 0.0791128
2 0.938136 0.746368 0.0776474 0.157362
5 0.363416 0.347258 0.0270449 0.0834153
7 0.418235 0.329771 0.0209978 0.058615
0 0.182661 0.520385 0.0140312 0.0558686
7 0.178632 0.492162 0.0487601 0.0704749
0 0.693065 0.401827 0.0131964 0.0509149
0 0.183151 0.51189 0.0150453 0.0599583
2 0.365089 0.469455 0.0351482 0.0320362
7 0.909839 0.701057 0.144545 0.27098
0 0.251056 0.415162 0.0122629 0.0473194
2 0.869692 0.456581 0.0188234 0.0609775
2 0.0356431 0.71496 0.0705373 0.141417
2 0.224389 0.675652 0.0702189 0.13475
0 0.239872 0.80426 0.0403781 0.118679
2 0.0739594 0.626393 0.0797343 0.103586
0 0.392631 0.783829 0.0387547 0.118561
2 0.364668 0.502893 0.0405664 0.070971
2 0.487194 0.54019 0.0535267 0.0878482
2 0.43793 0.414414 0.0329165 0.0504007
7 0.198179 0.418952 0.0602615 0.106803
0 0.457071 0.500771 0.0202883 0.0734563
0 0.403101 0.527183 0.0224001 0.0673447
3 0.240109 0.85121 0.0369515 0.102774
2 0.900848 0.490552 0.060574 0.0771303
2 0.301491 0.441434 0.0331771 0.0727393
2 0.42519 0.364644 0.0263458 0.0410755
2 0.178499 0.492948 0.0481899 0.0728779
2 0.10564 0.586266 0.0664946 0.0967523
2 0.36433 0.423739 0.0287798 0.0544459
3 0.392564 0.835794 0.0333075 0.0938226
3 0.404181 0.547005 0.0221509 0.0595309
7 0.388329 0.357306 0.0273783 0.0778834
2 0.926547 0.750859 0.10022 0.173504
2 0.29493 0.358502 0.0264988 0.0449436
2 0.311096 0.334462 0.0205734 0.029617
2 0.979582 0.631484 0.0396648 0.127568
7 0.344512 0.64699 0.0702277 0.187865
5 0.33619 0.375697 0.0324909 0.0777627
0 0.275573 0.425037 0.0135936 0.0535767
7 0.363246 0.337104 0.0266708 0.0642753
7 0.336214 0.375116 0.031948 0.0770598
0 0.734075 0.389065 0.0133121 0.0476963
5 0.388439 0.356783 0.0272949 0.0791128
2 0.938136 0.746368 0.0776474 0.157362
5 0.363416 0.347258 0.0270449 0.0834153
7 0.418235 0.329771 0.0209978 0.058615
0 0.182661 0.520385 0.0140312 0.0558686
7 0.178632 0.492162 0.0487601 0.0704749
0 0.693065 0.401827 0.0131964 0.0509149
0 0.183151 0.51189 0.0150453 0.0599583
2 0.365089 0.469455 0.0351482 0.0320362
7 0.909839 0.701057 0.144545 0.27098
0 0.251056 0.415162 0.0122629 0.0473194
2 0.869692 0.456581 0.0188234 0.0609775
2 0.0356431 0.71496 0.0705373 0.141417
2 0.224389 0.675652 0.0702189 0.13475
0 0.239872 0.80426 0.0403781 0.118679
2 0.0739594 0.626393 0.0797343 0.103586
0 0.392631 0.783829 0.0387547 0.118561
2 0.364668 0.502893 0.0405664 0.070971
2 0.487194 0.54019 0.0535267 0.0878482
2 0.43793 0.414414 0.0329165 0.0504007
7 0.198179 0.418952 0.0602615 0.106803
0 0.457071 0.500771 0.0202883 0.0734563
0 0.403101 0.527183 0.0224001 0.0673447
3 0.240109 0.85121 0.0369515 0.102774
2 0.900848 0.490552 0.060574 0.0771303
2 0.301491 0.441434 0.0331771 0.0727393
2 0.42519 0.364644 0.0263458 0.0410755
2 0.178499 0.492948 0.0481899 0.0728779
2 0.10564 0.586266 0.0664946 0.0967523
2 0.36433 0.423739 0.0287798 0.0544459
3 0.392564 0.835794 0.0333075 0.0938226
3 0.404181 0.547005 0.0221509 0.0595309
7 0.388329 0.357306 0.0273783 0.0778834
2 0.926547 0.750859 0.10022 0.173504
2 0.29493 0.358502 0.0264988 0.0449436
2 0.311096 0.334462 0.0205734 0.029617
2 0.979582 0.631484 0.0396648 0.127568
7 0.344512 0.64699 0.0702277 0.187865
5 0.33619 0.375697 0.0324909 0.0777627
0 0.275573 0.425037 0.0135936 0.0535767
7 0.363246 0.337104 0.0266708 0.0642753
7 0.336214 0.375116 0.031948 0.0770598
0 0.734075 0.389065 0.0133121 0.0476963
5 0.388439 0.356783 0.0272949 0.0791128
2 0.938136 0.746368 0.0776474 0.157362
5 0.363416 0.347258 0.0270449 0.0834153
7 0.418235 0.329771 0.0209978 0.058615
0 0.182661 0.520385 0.0140312 0.0558686
7 0.178632 0.492162 0.0487601 0.0704749
0 0.693065 0.401827 0.0131964 0.0509149
0 0.183151 0.51189 0.0150453 0.0599583
2 0.365089 0.469455 0.0351482 0.0320362
7 0.909839 0.701057 0.144545 0.27098
0 0.251056 0.415162 0.0122629 0.0473194
2 0.869692 0.456581 0.0188234 0.0609775
2 0.0356431 0.71496 0.0705373 0.141417
2 0.224389 0.675652 0.0702189 0.13475
0 0.239872 0.80426 0.0403781 0.118679
2 0.0739594 0.626393 0.0797343 0.103586
0 0.392631 0.783829 0.0387547 0.118561
2 0.364668 0.502893 0.0405664 0.070971
2 0.487194 0.54019 0.0535267 0.0878482
2 0.43793 0.414414 0.0329165 0.0504007
7 0.198179 0.418952 0.0602615 0.106803
0 0.457071 0.500771 0.0202883 0.0734563
0 0.403101 0.527183 0.0224001 0.0673447
3 0.240109 0.85121 0.0369515 0.102774
2 0.900848 0.490552 0.060574 0.0771303
2 0.301491 0.441434 0.0331771 0.0727393
2 0.42519 0.364644 0.0263458 0.0410755
2 0.178499 0.492948 0.0481899 0.0728779
2 0.10564 0.586266 0.0664946 0.0967523
2 0.36433 0.423739 0.0287798 0.0544459
3 0.392564 0.835794 0.0333075 0.0938226
3 0.404181 0.547005 0.0221509 0.0595309
7 0.388329 0.357306 0.0273783 0.0778834
2 0.926547 0.750859 0.10022 0.173504
2 0.29493 0.358502 0.0264988 0.0449436
2 0.311096 0.334462 0.0205734 0.029617
2 0.979582 0.631484 0.0396648 0.127568
7 0.344512 0.64699 0.0702277 0.187865
5 0.33619 0.375697 0.0324909 0.0777627
0 0.275573 0.425037 0.0135936 0.0535767
7 0.363246 0.337104 0.0266708 0.0642753
7 0.336214 0.375116 0.031948 0.0770598
0 0.734075 0.389065 0.0133121 0.0476963
5 0.388439 0.356783 0.0272949 0.0791128
2 0.938136 0.746368 0.0776474 0.157362
5 0.363416 0.347258 0.0270449 0.0834153
7 0.418235 0.329771 0.0209978 0.058615
0 0.182661 0.520385 0.0140312 0.0558686
7 0.178632 0.492162 0.0487601 0.0704749
0 0.693065 0.401827 0.0131964 0.0509149
0 0.183151 0.51189 0.0150453 0.0599583
2 0.365089 0.469455 0.0351482 0.0320362
7 0.909839 0.701057 0.144545 0.27098
0 0.251056 0.415162 0.0122629 0.0473194
2 0.869692 0.456581 0.0188234 0.0609775
2 0.0356431 0.71496 0.0705373 0.141417
2 0.224389 0.675652 0.0702189 0.13475
0 0.239872 0.80426 0.0403781 0.118679
2 0.0739594 0.626393 0.0797343 0.103586
0 0.392631 0.783829 0.0387547 0.118561
2 0.364668 0.502893 0.0405664 0.070971
2 0.487194 0.54019 0.0535267 0.0878482
2 0.43793 0.414414 0.0329165 0.0504007
7 0.198179 0.418952 0.0602615 0.106803
0 0.457071 0.500771 0.0202883 0.0734563
0 0.403101 0.527183 0.0224001 0.0673447
3 0.240109 0.85121 0.0369515 0.102774
2 0.900848 0.490552 0.060574 0.0771303
2 0.301491 0.441434 0.0331771 0.0727393
2 0.42519 0.364644 0.0263458 0.0410755
2 0.178499 0.492948 0.0481899 0.0728779
2 0.10564 0.586266 0.0664946 0.0967523
2 0.36433 0.423739 0.0287798 0.0544459
3 0.392564 0.835794 0.0333075 0.0938226
3 0.404181 0.547005 0.0221509 0.0595309
7 0.388329 0.357306 0.0273783 0.0778834
2 0.926547 0.750859 0.10022 0.173504
2 0.29493 0.358502 0.0264988 0.0449436
2 0.311096 0.334462 0.0205734 0.029617
2 0.979582 0.631484 0.0396648 0.127568
7 0.344512 0.64699 0.0702277 0.187865
5 0.33619 0.375697 0.0324909 0.0777627
0 0.275573 0.425037 0.0135936 0.0535767
7 0.363246 0.337104 0.0266708 0.0642753
7 0.336214 0.375116 0.031948 0.0770598
0 0.734075 0.389065 0.0133121 0.0476963
5 0.388439 0.356783 0.0272949 0.0791128
2 0.938136 0.746368 0.0776474 0.157362
5 0.363416 0.347258 0.0270449 0.0834153
7 0.418235 0.329771 0.0209978 0.058615
0 0.182661 0.520385 0.0140312 0.0558686
7 0.178632 0.492162 0.0487601 0.0704749
0 0.693065 0.401827 0.0131964 0.0509149
0 0.183151 0.51189 0.0150453 0.0599583
2 0.365089 0.469455 0.0351482 0.0320362
7 0.909839 0.701057 0.144545 0.27098
0 0.251056 0.415162 0.0122629 0.0473194
2 0.869692 0.456581 0.0188234 0.0609775
2 0.0356431 0.71496 0.0705373 0.141417
2 0.224389 0.675652 0.0702189 0.13475
0 0.239872 0.80426 0.0403781 0.118679
2 0.0739594 0.626393 0.0797343 0.103586
0 0.392631 0.783829 0.0387547 0.118561
2 0.364668 0.502893 0.0405664 0.070971
2 0.487194 0.54019 0.0535267 0.0878482
2 0.43793 0.414414 0.0329165 0.0504007
7 0.198179 0.418952 0.0602615 0.106803
0 0.457071 0.500771 0.0202883 0.0734563
0 0.403101 0.527183 0.0224001 0.0673447
3 0.240109 0.85121 0.0369515 0.102774
2 0.900848 0.490552 0.060574 0.0771303
2 0.301491 0.441434 0.0331771 0.0727393
2 0.42519 0.364644 0.0263458 0.0410755
2 0.178499 0.492948 0.0481899 0.0728779
2 0.10564 0.586266 0.0664946 0.0967523
2 0.36433 0.423739 0.0287798 0.0544459
3 0.392564 0.835794 0.0333075 0.0938226
3 0.404181 0.547005 0.0221509 0.0595309
7 0.388329 0.357306 0.0273783 0.0778834
2 0.926547 0.750859 0.10022 0.173504
2 0.29493 0.358502 0.0264988 0.0449436
2 0.311096 0.334462 0.0205734 0.029617
2 0.979582 0.631484 0.0396648 0.127568
7 0.344512 0.64699 0.0702277 0.187865
5 0.33619 0.375697 0.0324909 0.0777627
0 0.275573 0.425037 0.0135936 0.0535767
7 0.363246 0.337104 0.0266708 0.0642753
7 0.336214 0.375116 0.031948 0.0770598
0 0.734075 0.389065 0.0133121 0.0476963
5 0.388439 0.356783 0.0272949 0.0791128
2 0.938136 0.746368 0.0776474 0.157362
5 0.363416 0.347258 0.0270449 0.0834153
7 0.418235 0.329771 0.0209978 0.058615
0 0.182661 0.520385 0.0140312 0.0558686
7 0.178632 0.492162 0.0487601 0.0704749
0 0.693065 0.401827 0.0131964 0.0509149
0 0.183151 0.51189 0.0150453 0.0599583
2 0.365089 0.469455 0.0351482 0.0320362
7 0.909839 0.701057 0.144545 0.27098
0 0.251056 0.415162 0.0122629 0.0473194
2 0.869692 0.456581 0.0188234 0.0609775
2 0.0356431 0.71496 0.0705373 0.141417
2 0.224389 0.675652 0.0702189 0.13475
0 0.239872 0.80426 0.0403781 0.118679
2 0.0739594 0.626393 0.0797343 0.103586
0 0.392631 0.783829 0.0387547 0.118561
2 0.364668 0.502893 0.0405664 0.070971
2 0.487194 0.54019 0.0535267 0.0878482
2 0.43793 0.414414 0.0329165 0.0504007
7 0.198179 0.418952 0.0602615 0.106803
0 0.457071 0.500771 0.0202883 0.0734563
0 0.403101 0.527183 0.0224001 0.0673447
3 0.240109 0.85121 0.0369515 0.102774
2 0.900848 0.490552 0.060574 0.0771303
2 0.301491 0.441434 0.0331771 0.0727393
2 0.42519 0.364644 0.0263458 0.0410755
2 0.178499 0.492948 0.0481899 0.0728779
2 0.10564 0.586266 0.0664946 0.0967523
2 0.36433 0.423739 0.0287798 0.0544459
3 0.392564 0.835794 0.0333075 0.0938226
3 0.404181 0.547005 0.0221509 0.0595309
7 0.388329 0.357306 0.0273783 0.0778834
2 0.926547 0.750859 0.10022 0.173504
2 0.29493 0.358502 0.0264988 0.0449436
2 0.311096 0.334462 0.0205734 0.029617
2 0.979582 0.631484 0.0396648 0.127568
7 0.344512 0.64699 0.0702277 0.187865
5 0.33619 0.375697 0.0324909 0.0777627
0 0.275573 0.425037 0.0135936 0.0535767
7 0.363246 0.337104 0.0266708 0.0642753
7 0.336214 0.375116 0.031948 0.0770598
0 0.734075 0.389065 0.0133121 0.0476963
5 0.388439 0.356783 0.0272949 0.0791128
2 0.938136 0.746368 0.0776474 0.157362
5 0.363416 0.347258 0.0270449 0.0834153
7 0.418235 0.329771 0.0209978 0.058615
0 0.182661 0.520385 0.0140312 0.0558686
7 0.178632 0.492162 0.0487601 0.0704749
0 0.693065 0.401827 0.0131964 0.0509149
0 0.183151 0.51189 0.0150453 0.0599583
2 0.365089 0.469455 0.0351482 0.0320362
7 0.909839 0.701057 0.144545 0.27098
0 0.251056 0.415162 0.0122629 0.0473194
2 0.869692 0.456581 0.0188234 0.0609775
2 0.0356431 0.71496 0.0705373 0.141417
2 0.224389 0.675652 0.0702189 0.13475
0 0.239872 0.80426 0.0403781 0.118679
2 0.0739594 0.626393 0.0797343 0.103586
0 0.392631 0.783829 0.0387547 0.118561
2 0.364668 0.502893 0.0405664 0.070971
2 0.487194 0.54019 0.0535267 0.0878482
2 0.43793 0.414414 0.0329165 0.0504007
7 0.198179 0.418952 0.0602615 0.106803
0 0.457071 0.500771 0.0202883 0.0734563
0 0.403101 0.527183 0.0224001 0.0673447
3 0.240109 0.85121 0.0369515 0.102774
2 0.900848 0.490552 0.060574 0.0771303
2 0.301491 0.441434 0.0331771 0.0727393
2 0.42519 0.364644 0.0263458 0.0410755
2 0.178499 0.492948 0.0481899 0.0728779
2 0.10564 0.586266 0.0664946 0.0967523
2 0.36433 0.423739 0.0287798 0.0544459
3 0.392564 0.835794 0.0333075 0.0938226
3 0.404181 0.547005 0.0221509 0.0595309
7 0.388329 0.357306 0.0273783 0.0778834
2 0.926547 0.750859 0.10022 0.173504
2 0.29493 0.358502 0.0264988 0.0449436
2 0.311096 0.334462 0.0205734 0.029617
2 0.979582 0.631484 0.0396648 0.127568
7 0.344512 0.64699 0.0702277 0.187865
5 0.33619 0.375697 0.0324909 0.0777627
0 0.275573 0.425037 0.0135936 0.0535767
7 0.363246 0.337104 0.0266708 0.0642753
7 0.336214 0.375116 0.031948 0.0770598
0 0.734075 0.389065 0.0133121 0.0476963
5 0.388439 0.356783 0.0272949 0.0791128
2 0.938136 0.746368 0.0776474 0.157362
5 0.363416 0.347258 0.0270449 0.0834153
7 0.418235 0.329771 0.0209978 0.058615
0 0.182661 0.520385 0.0140312 0.0558686
7 0.178632 0.492162 0.0487601 0.0704749
0 0.693065 0.401827 0.0131964 0.0509149
0 0.183151 0.51189 0.0150453 0.0599583
2 0.365089 0.469455 0.0351482 0.0320362
7 0.909839 0.701057 0.144545 0.27098
0 0.251056 0.415162 0.0122629 0.0473194
2 0.869692 0.456581 0.0188234 0.0609775
2 0.0356431 0.71496 0.0705373 0.141417
2 0.224389 0.675652 0.0702189 0.13475
0 0.239872 0.80426 0.0403781 0.118679
2 0.0739594 0.626393 0.0797343 0.103586
0 0.392631 0.783829 0.0387547 0.118561
2 0.364668 0.502893 0.0405664 0.070971
2 0.487194 0.54019 0.0535267 0.0878482
2 0.43793 0.414414 0.0329165 0.0504007
7 0.198179 0.418952 0.0602615 0.106803
0 0.457071 0.500771 0.0202883 0.0734563
0 0.403101 0.527183 0.0224001 0.0673447
3 0.240109 0.85121 0.0369515 0.102774
2 0.900848 0.490552 0.060574 0.0771303
2 0.301491 0.441434 0.0331771 0.0727393
2 0.42519 0.364644 0.0263458 0.0410755
2 0.178499 0.492948 0.0481899 0.0728779
2 0.10564 0.586266 0.0664946 0.0967523
2 0.36433 0.423739 0.0287798 0.0544459
3 0.392564 0.835794 0.0333075 0.0938226
3 0.404181 0.547005 0.0221509 0.0595309
7 0.388329 0.357306 0.0273783 0.0778834
2 0.926547 0.750859 0.10022 0.173504
2 0.29493 0.358502 0.0264988 0.0449436
2 0.311096 0.334462 0.0205734 0.029617
2 0.979582 0.631484 0.0396648 0.127568
7 0.344512 0.64699 0.0702277 0.187865
5 0.33619 0.375697 0.0324909 0.0777627
0 0.275573 0.425037 0.0135936 0.0535767
7 0.363246 0.337104 0.0266708 0.0642753
7 0.336214 0.375116 0.031948 0.0770598
0 0.734075 0.389065 0.0133121 0.0476963
5 0.388439 0.356783 0.0272949 0.0791128
2 0.938136 0.746368 0.0776474 0.157362
5 0.363416 0.347258 0.0270449 0.0834153
7 0.418235 0.329771 0.0209978 0.058615
0 0.182661 0.520385 0.0140312 0.0558686
7 0.178632 0.492162 0.0487601 0.0704749
0 0.693065 0.401827 0.0131964 0.0509149
0 0.183151 0.51189 0.0150453 0.0599583
2 0.365089 0.469455 0.0351482 0.0320362
7 0.909839 0.701057 0.144545 0.27098
0 0.251056 0.415162 0.0122629 0.0473194
2 0.869692 0.456581 0.0188234 0.0609775
2 0.0356431 0.71496 0.0705373 0.141417
2 0.224389 0.675652 0.0702189 0.13475
0 0.239872 0.80426 0.0403781 0.118679
2 0.0739594 0.626393 0.0797343 0.103586
0 0.392631 0.783829 0.0387547 0.118561
2 0.364668 0.502893 0.0405664 0.070971
2 0.487194 0.54019 0.0535267 0.0878482
2 0.43793 0.414414 0.0329165 0.0504007
7 0.198179 0.418952 0.0602615 0.106803
0 0.457071 0.500771 0.0202883 0.0734563
0 0.403101 0.527183 0.0224001 0.0673447
3 0.240109 0.85121 0.0369515 0.102774
2 0.900848 0.490552 0.060574 0.0771303
2 0.301491 0.441434 0.0331771 0.0727393
2 0.42519 0.364644 0.0263458 0.0410755
2 0.178499 0.492948 0.0481899 0.0728779
2 0.10564 0.586266 0.0664946 0.0967523
2 0.36433 0.423739 0.0287798 0.0544459
3 0.392564 0.835794 0.0333075 0.0938226
3 0.404181 0.547005 0.0221509 0.0595309
7 0.388329 0.357306 0.0273783 0.0778834
2 0.926547 0.750859 0.10022 0.173504
2 0.29493 0.358502 0.0264988 0.0449436
2 0.311096 0.334462 0.0205734 0.029617
2 0.979582 0.631484 0.0396648 0.127568
7 0.344512 0.64699 0.0702277 0.187865
5 0.33619 0.375697 0.0324909 0.0777627
0 0.275573 0.425037 0.0135936 0.0535767
7 0.363246 0.337104 0.0266708 0.0642753
7 0.336214 0.375116 0.031948 0.0770598
0 0.734075 0.389065 0.0133121 0.0476963
5 0.388439 0.356783 0.0272949 0.0791128
2 0.938136 0.746368 0.0776474 0.157362
5 0.363416 0.347258 0.0270449 0.0834153
7 0.418235 0.329771 0.0209978 0.058615
0 0.182661 0.520385 0.0140312 0.0558686
7 0.178632 0.492162 0.0487601 0.0704749
0 0.693065 0.401827 0.0131964 0.0509149
0 0.183151 0.51189 0.0150453 0.0599583
2 0.365089 0.469455 0.0351482 0.0320362
7 0.909839 0.701057 0.144545 0.27098
0 0.251056 0.415162 0.0122629 0.0473194
2 0.869692 0.456581 0.0188234 0.0609775
2 0.0356431 0.71496 0.0705373 0.141417
2 0.224389 0.675652 0.0702189 0.13475
0 0.239872 0.80426 0.0403781 0.118679
2 0.0739594 0.626393 0.0797343 0.103586
0 0.392631 0.783829 0.0387547 0.118561
2 0.364668 0.502893 0.0405664 0.070971
2 0.487194 0.54019 0.0535267 0.0878482
2 0.43793 0.414414 0.0329165 0.0504007
7 0.198179 0.418952 0.0602615 0.106803
0 0.457071 0.500771 0.0202883 0.0734563
0 0.403101 0.527183 0.0224001 0.0673447
3 0.240109 0.85121 0.0369515 0.102774
2 0.900848 0.490552 0.060574 0.0771303
2 0.301491 0.441434 0.0331771 0.0727393
2 0.42519 0.364644 0.0263458 0.0410755
2 0.178499 0.492948 0.0481899 0.0728779
2 0.10564 0.586266 0.0664946 0.0967523
2 0.36433 0.423739 0.0287798 0.0544459
3 0.392564 0.835794 0.0333075 0.0938226
3 0.404181 0.547005 0.0221509 0.0595309
7 0.388329 0.357306 0.0273783 0.0778834
2 0.926547 0.750859 0.10022 0.173504
2 0.29493 0.358502 0.0264988 0.0449436
2 0.311096 0.334462 0.0205734 0.029617
2 0.979582 0.631484 0.0396648 0.127568
7 0.344512 0.64699 0.0702277 0.187865
5 0.33619 0.375697 0.0324909 0.0777627
0 0.275573 0.425037 0.0135936 0.0535767
7 0.363246 0.337104 0.0266708 0.0642753
7 0.336214 0.375116 0.031948 0.0770598
0 0.734075 0.389065 0.0133121 0.0476963
5 0.388439 0.356783 0.0272949 0.0791128
2 0.938136 0.746368 0.0776474 0.157362
5 0.363416 0.347258 0.0270449 0.0834153
7 0.418235 0.329771 0.0209978 0.058615
0 0.182661 0.520385 0.0140312 0.0558686
7 0.178632 0.492162 0.0487601 0.0704749
0 0.693065 0.401827 0.0131964 0.0509149
0 0.183151 0.51189 0.0150453 0.0599583
2 0.365089 0.469455 0.0351482 0.0320362
7 0.909839 0.701057 0.144545 0.27098
0 0.251056 0.415162 0.0122629 0.0473194
2 0.869692 0.456581 0.0188234 0.0609775
2 0.223865 0.674382 0.0695123 0.135201
2 0.487568 0.539219 0.0526237 0.0857707
2 0.0354472 0.715976 0.0704104 0.141392
2 0.365089 0.496813 0.039733 0.0810477
2 0.901105 0.490658 0.0596785 0.0788946
2 0.0743618 0.625949 0.0770619 0.103546
0 0.392183 0.781252 0.038753 0.114635
2 0.437778 0.413785 0.0317833 0.048941
0 0.239826 0.806104 0.0395452 0.120211
2 0.364026 0.424358 0.0291486 0.049835
2 0.302076 0.439876 0.0331347 0.0711711
2 0.425072 0.363805 0.0260431 0.0400659
0 0.403173 0.525232 0.0219596 0.0623622
7 0.387994 0.356059 0.0263591 0.0783018
3 0.403568 0.544235 0.0218709 0.0601278
3 0.238655 0.851794 0.0324978 0.0997945
0 0.456909 0.492101 0.0191521 0.0570975
3 0.392434 0.837092 0.0321631 0.0923896
7 0.343714 0.645628 0.0668195 0.183468
5 0.196333 0.418332 0.0616478 0.104908
2 0.294913 0.358299 0.0265501 0.0443665
2 0.979402 0.623514 0.0402643 0.136211
2 0.105502 0.585265 0.0663369 0.0965585
2 0.223865 0.674382 0.0695123 0.135201
2 0.487568 0.539219 0.0526237 0.0857707
2 0.0354472 0.715976 0.0704104 0.141392
2 0.365089 0.496813 0.039733 0.0810477
2 0.901105 0.490658 0.0596785 0.0788946
2 0.0743618 0.625949 0.0770619 0.103546
0 0.392183 0.781252 0.038753 0.114635
2 0.437778 0.413785 0.0317833 0.048941
0 0.239826 0.806104 0.0395452 0.120211
2 0.364026 0.424358 0.0291486 0.049835
2 0.302076 0.439876 0.0331347 0.0711711
2 0.425072 0.363805 0.0260431 0.0400659
0 0.403173 0.525232 0.0219596 0.0623622
7 0.387994 0.356059 0.0263591 0.0783018
3 0.403568 0.544235 0.0218709 0.0601278
3 0.238655 0.851794 0.0324978 0.0997945
0 0.456909 0.492101 0.0191521 0.0570975
3 0.392434 0.837092 0.0321631 0.0923896
7 0.343714 0.645628 0.0668195 0.183468
5 0.196333 0.418332 0.0616478 0.104908
2 0.294913 0.358299 0.0265501 0.0443665
2 0.979402 0.623514 0.0402643 0.136211
2 0.105502 0.585265 0.0663369 0.0965585
