2 0.560584 0.85094 0.106483 0.174332
2 0.411834 0.767383 0.0864317 0.150485
2 0.0363157 0.718474 0.071859 0.144061
2 0.959483 0.726774 0.0716248 0.138781
2 0.0753792 0.628409 0.0783962 0.103238
2 0.179707 0.496841 0.0489474 0.0690359
2 0.40839 0.602039 0.0522352 0.112714
0 0.499888 0.907717 0.0440548 0.132654
2 0.374804 0.469516 0.0409912 0.0630168
7 0.473671 0.540835 0.0575581 0.150657
7 0.200056 0.428068 0.0710101 0.117793
3 0.501323 0.959502 0.0395321 0.0804708
2 0.383174 0.348444 0.026042 0.0443682
2 0.659625 0.367046 0.0317724 0.03814
7 0.319213 0.32876 0.0346423 0.0750582
3 0.412989 0.491963 0.0183853 0.0631254
2 0.390474 0.410109 0.0318079 0.049097
3 0.389165 0.491171 0.0166661 0.0577764
2 0.345351 0.399971 0.0268457 0.0495902
2 0.42571 0.371483 0.0220367 0.0405475
2 0.416921 0.346719 0.0230298 0.0361667
2 0.866323 0.596196 0.0461765 0.0993425
2 0.691798 0.384158 0.0269015 0.0487803
3 0.270994 0.506977 0.0192865 0.0530277
0 0.412575 0.490903 0.0186003 0.0644652
2 0.104234 0.590873 0.0627237 0.0988502
0 0.245886 0.593861 0.0235999 0.0758776
2 0.392592 0.292847 0.0202649 0.0337742
3 0.257934 0.663398 0.0236773 0.0938922
3 0.258154 0.676147 0.0223734 0.0624112
0 0.886302 0.512475 0.0213982 0.0703205
0 0.0058173 0.573198 0.0116346 0.0849014
0 0.270267 0.498003 0.0206454 0.0647924
3 0.252699 0.630136 0.0357356 0.0696242
2 0.404315 0.322543 0.0179511 0.0281108
0 0.247597 0.608127 0.0275687 0.103375
2 0.560584 0.85094 0.106483 0.174332
2 0.411834 0.767383 0.0864317 0.150485
2 0.0363157 0.718474 0.071859 0.144061
2 0.959483 0.726774 0.0716248 0.138781
2 0.0753792 0.628409 0.0783962 0.103238
2 0.179707 0.496841 0.0489474 0.0690359
2 0.40839 0.602039 0.0522352 0.112714
0 0.499888 0.907717 0.0440548 0.132654
2 0.374804 0.469516 0.0409912 0.0630168
7 0.473671 0.540835 0.0575581 0.150657
7 0.200056 0.428068 0.0710101 0.117793
3 0.501323 0.959502 0.0395321 0.0804708
2 0.383174 0.348444 0.026042 0.0443682
2 0.659625 0.367046 0.0317724 0.03814
7 0.319213 0.32876 0.0346423 0.0750582
3 0.412989 0.491963 0.0183853 0.0631254
2 0.390474 0.410109 0.0318079 0.049097
3 0.389165 0.491171 0.0166661 0.0577764
2 0.345351 0.399971 0.0268457 0.0495902
2 0.42571 0.371483 0.0220367 0.0405475
2 0.416921 0.346719 0.0230298 0.0361667
2 0.866323 0.596196 0.0461765 0.0993425
2 0.691798 0.384158 0.0269015 0.0487803
3 0.270994 0.506977 0.0192865 0.0530277
0 0.412575 0.490903 0.0186003 0.0644652
2 0.104234 0.590873 0.0627237 0.0988502
0 0.245886 0.593861 0.0235999 0.0758776
2 0.392592 0.292847 0.0202649 0.0337742
3 0.257934 0.663398 0.0236773 0.0938922
3 0.258154 0.676147 0.0223734 0.0624112
0 0.886302 0.512475 0.0213982 0.0703205
0 0.0058173 0.573198 0.0116346 0.0849014
0 0.270267 0.498003 0.0206454 0.0647924
3 0.252699 0.630136 0.0357356 0.0696242
2 0.404315 0.322543 0.0179511 0.0281108
0 0.247597 0.608127 0.0275687 0.103375
2 0.899199 0.719861 0.0490677 0.0493863
2 0.837861 0.638434 0.0645191 0.129797
2 0.60793 0.356401 0.0205683 0.0261658
2 0.816728 0.638326 0.108314 0.128631
2 0.852633 0.636613 0.0358463 0.131641
2 0.423449 0.367698 0.0283402 0.0482012
7 0.36884 0.293627 0.0264651 0.0813364
0 0.222311 0.469352 0.011832 0.0504761
0 0.281401 0.320766 0.00664415 0.0320566
2 0.560584 0.85094 0.106483 0.174332
2 0.411834 0.767383 0.0864317 0.150485
2 0.0363157 0.718474 0.071859 0.144061
2 0.959483 0.726774 0.0716248 0.138781
2 0.0753792 0.628409 0.0783962 0.103238
2 0.179707 0.496841 0.0489474 0.0690359
2 0.40839 0.602039 0.0522352 0.112714
0 0.499888 0.907717 0.0440548 0.132654
2 0.374804 0.469516 0.0409912 0.0630168
7 0.473671 0.540835 0.0575581 0.150657
7 0.200056 0.428068 0.0710101 0.117793
3 0.501323 0.959502 0.0395321 0.0804708
2 0.383174 0.348444 0.026042 0.0443682
2 0.659625 0.367046 0.0317724 0.03814
7 0.319213 0.32876 0.0346423 0.0750582
3 0.412989 0.491963 0.0183853 0.0631254
2 0.390474 0.410109 0.0318079 0.049097
3 0.389165 0.491171 0.0166661 0.0577764
2 0.345351 0.399971 0.0268457 0.0495902
2 0.42571 0.371483 0.0220367 0.0405475
2 0.416921 0.346719 0.0230298 0.0361667
2 0.866323 0.596196 0.0461765 0.0993425
2 0.691798 0.384158 0.0269015 0.0487803
3 0.270994 0.506977 0.0192865 0.0530277
0 0.412575 0.490903 0.0186003 0.0644652
2 0.104234 0.590873 0.0627237 0.0988502
0 0.245886 0.593861 0.0235999 0.0758776
2 0.392592 0.292847 0.0202649 0.0337742
3 0.257934 0.663398 0.0236773 0.0938922
3 0.258154 0.676147 0.0223734 0.0624112
0 0.886302 0.512475 0.0213982 0.0703205
0 0.0058173 0.573198 0.0116346 0.0849014
0 0.270267 0.498003 0.0206454 0.0647924
3 0.252699 0.630136 0.0357356 0.0696242
2 0.404315 0.322543 0.0179511 0.0281108
0 0.247597 0.608127 0.0275687 0.103375
2 0.899199 0.719861 0.0490677 0.0493863
2 0.837861 0.638434 0.0645191 0.129797
2 0.60793 0.356401 0.0205683 0.0261658
2 0.816728 0.638326 0.108314 0.128631
2 0.852633 0.636613 0.0358463 0.131641
2 0.423449 0.367698 0.0283402 0.0482012
7 0.36884 0.293627 0.0264651 0.0813364
0 0.222311 0.469352 0.011832 0.0504761
0 0.281401 0.320766 0.00664415 0.0320566
2 0.560584 0.85094 0.106483 0.174332
2 0.411834 0.767383 0.0864317 0.150485
2 0.0363157 0.718474 0.071859 0.144061
2 0.959483 0.726774 0.0716248 0.138781
2 0.0753792 0.628409 0.0783962 0.103238
2 0.179707 0.496841 0.0489474 0.0690359
2 0.40839 0.602039 0.0522352 0.112714
0 0.499888 0.907717 0.0440548 0.132654
2 0.374804 0.469516 0.0409912 0.0630168
7 0.473671 0.540835 0.0575581 0.150657
7 0.200056 0.428068 0.0710101 0.117793
3 0.501323 0.959502 0.0395321 0.0804708
2 0.383174 0.348444 0.026042 0.0443682
2 0.659625 0.367046 0.0317724 0.03814
7 0.319213 0.32876 0.0346423 0.0750582
3 0.412989 0.491963 0.0183853 0.0631254
2 0.390474 0.410109 0.0318079 0.049097
3 0.389165 0.491171 0.0166661 0.0577764
2 0.345351 0.399971 0.0268457 0.0495902
2 0.42571 0.371483 0.0220367 0.0405475
2 0.416921 0.346719 0.0230298 0.0361667
2 0.866323 0.596196 0.0461765 0.0993425
2 0.691798 0.384158 0.0269015 0.0487803
3 0.270994 0.506977 0.0192865 0.0530277
0 0.412575 0.490903 0.0186003 0.0644652
2 0.104234 0.590873 0.0627237 0.0988502
0 0.245886 0.593861 0.0235999 0.0758776
2 0.392592 0.292847 0.0202649 0.0337742
3 0.257934 0.663398 0.0236773 0.0938922
3 0.258154 0.676147 0.0223734 0.0624112
0 0.886302 0.512475 0.0213982 0.0703205
0 0.0058173 0.573198 0.0116346 0.0849014
0 0.270267 0.498003 0.0206454 0.0647924
3 0.252699 0.630136 0.0357356 0.0696242
2 0.404315 0.322543 0.0179511 0.0281108
0 0.247597 0.608127 0.0275687 0.103375
2 0.899199 0.719861 0.0490677 0.0493863
2 0.837861 0.638434 0.0645191 0.129797
2 0.60793 0.356401 0.0205683 0.0261658
2 0.816728 0.638326 0.108314 0.128631
2 0.852633 0.636613 0.0358463 0.131641
2 0.423449 0.367698 0.0283402 0.0482012
7 0.36884 0.293627 0.0264651 0.0813364
0 0.222311 0.469352 0.011832 0.0504761
0 0.281401 0.320766 0.00664415 0.0320566
2 0.560584 0.85094 0.106483 0.174332
2 0.411834 0.767383 0.0864317 0.150485
2 0.0363157 0.718474 0.071859 0.144061
2 0.959483 0.726774 0.0716248 0.138781
2 0.0753792 0.628409 0.0783962 0.103238
2 0.179707 0.496841 0.0489474 0.0690359
2 0.40839 0.602039 0.0522352 0.112714
0 0.499888 0.907717 0.0440548 0.132654
2 0.374804 0.469516 0.0409912 0.0630168
7 0.473671 0.540835 0.0575581 0.150657
7 0.200056 0.428068 0.0710101 0.117793
3 0.501323 0.959502 0.0395321 0.0804708
2 0.383174 0.348444 0.026042 0.0443682
2 0.659625 0.367046 0.0317724 0.03814
7 0.319213 0.32876 0.0346423 0.0750582
3 0.412989 0.491963 0.0183853 0.0631254
2 0.390474 0.410109 0.0318079 0.049097
3 0.389165 0.491171 0.0166661 0.0577764
2 0.345351 0.399971 0.0268457 0.0495902
2 0.42571 0.371483 0.0220367 0.0405475
2 0.416921 0.346719 0.0230298 0.0361667
2 0.866323 0.596196 0.0461765 0.0993425
2 0.691798 0.384158 0.0269015 0.0487803
3 0.270994 0.506977 0.0192865 0.0530277
0 0.412575 0.490903 0.0186003 0.0644652
2 0.104234 0.590873 0.0627237 0.0988502
0 0.245886 0.593861 0.0235999 0.0758776
2 0.392592 0.292847 0.0202649 0.0337742
3 0.257934 0.663398 0.0236773 0.0938922
3 0.258154 0.676147 0.0223734 0.0624112
0 0.886302 0.512475 0.0213982 0.0703205
0 0.0058173 0.573198 0.0116346 0.0849014
0 0.270267 0.498003 0.0206454 0.0647924
3 0.252699 0.630136 0.0357356 0.0696242
2 0.404315 0.322543 0.0179511 0.0281108
0 0.247597 0.608127 0.0275687 0.103375
2 0.899199 0.719861 0.0490677 0.0493863
2 0.837861 0.638434 0.0645191 0.129797
2 0.60793 0.356401 0.0205683 0.0261658
2 0.816728 0.638326 0.108314 0.128631
2 0.852633 0.636613 0.0358463 0.131641
2 0.423449 0.367698 0.0283402 0.0482012
7 0.36884 0.293627 0.0264651 0.0813364
0 0.222311 0.469352 0.011832 0.0504761
0 0.281401 0.320766 0.00664415 0.0320566
2 0.560584 0.85094 0.106483 0.174332
2 0.411834 0.767383 0.0864317 0.150485
2 0.0363157 0.718474 0.071859 0.144061
2 0.959483 0.726774 0.0716248 0.138781
2 0.0753792 0.628409 0.0783962 0.103238
2 0.179707 0.496841 0.0489474 0.0690359
2 0.40839 0.602039 0.0522352 0.112714
0 0.499888 0.907717 0.0440548 0.132654
2 0.374804 0.469516 0.0409912 0.0630168
7 0.473671 0.540835 0.0575581 0.150657
7 0.200056 0.428068 0.0710101 0.117793
3 0.501323 0.959502 0.0395321 0.0804708
2 0.383174 0.348444 0.026042 0.0443682
2 0.659625 0.367046 0.0317724 0.03814
7 0.319213 0.32876 0.0346423 0.0750582
3 0.412989 0.491963 0.0183853 0.0631254
2 0.390474 0.410109 0.0318079 0.049097
3 0.389165 0.491171 0.0166661 0.0577764
2 0.345351 0.399971 0.0268457 0.0495902
2 0.42571 0.371483 0.0220367 0.0405475
2 0.416921 0.346719 0.0230298 0.0361667
2 0.866323 0.596196 0.0461765 0.0993425
2 0.691798 0.384158 0.0269015 0.0487803
3 0.270994 0.506977 0.0192865 0.0530277
0 0.412575 0.490903 0.0186003 0.0644652
2 0.104234 0.590873 0.0627237 0.0988502
0 0.245886 0.593861 0.0235999 0.0758776
2 0.392592 0.292847 0.0202649 0.0337742
3 0.257934 0.663398 0.0236773 0.0938922
3 0.258154 0.676147 0.0223734 0.0624112
0 0.886302 0.512475 0.0213982 0.0703205
0 0.0058173 0.573198 0.0116346 0.0849014
0 0.270267 0.498003 0.0206454 0.0647924
3 0.252699 0.630136 0.0357356 0.0696242
2 0.404315 0.322543 0.0179511 0.0281108
0 0.247597 0.608127 0.0275687 0.103375
2 0.899199 0.719861 0.0490677 0.0493863
2 0.837861 0.638434 0.0645191 0.129797
2 0.60793 0.356401 0.0205683 0.0261658
2 0.816728 0.638326 0.108314 0.128631
2 0.852633 0.636613 0.0358463 0.131641
2 0.423449 0.367698 0.0283402 0.0482012
7 0.36884 0.293627 0.0264651 0.0813364
0 0.222311 0.469352 0.011832 0.0504761
0 0.281401 0.320766 0.00664415 0.0320566
2 0.560584 0.85094 0.106483 0.174332
2 0.411834 0.767383 0.0864317 0.150485
2 0.0363157 0.718474 0.071859 0.144061
2 0.959483 0.726774 0.0716248 0.138781
2 0.0753792 0.628409 0.0783962 0.103238
2 0.179707 0.496841 0.0489474 0.0690359
2 0.40839 0.602039 0.0522352 0.112714
0 0.499888 0.907717 0.0440548 0.132654
2 0.374804 0.469516 0.0409912 0.0630168
7 0.473671 0.540835 0.0575581 0.150657
7 0.200056 0.428068 0.0710101 0.117793
3 0.501323 0.959502 0.0395321 0.0804708
2 0.383174 0.348444 0.026042 0.0443682
2 0.659625 0.367046 0.0317724 0.03814
7 0.319213 0.32876 0.0346423 0.0750582
3 0.412989 0.491963 0.0183853 0.0631254
2 0.390474 0.410109 0.0318079 0.049097
3 0.389165 0.491171 0.0166661 0.0577764
2 0.345351 0.399971 0.0268457 0.0495902
2 0.42571 0.371483 0.0220367 0.0405475
2 0.416921 0.346719 0.0230298 0.0361667
2 0.866323 0.596196 0.0461765 0.0993425
2 0.691798 0.384158 0.0269015 0.0487803
3 0.270994 0.506977 0.0192865 0.0530277
0 0.412575 0.490903 0.0186003 0.0644652
2 0.104234 0.590873 0.0627237 0.0988502
0 0.245886 0.593861 0.0235999 0.0758776
2 0.392592 0.292847 0.0202649 0.0337742
3 0.257934 0.663398 0.0236773 0.0938922
3 0.258154 0.676147 0.0223734 0.0624112
0 0.886302 0.512475 0.0213982 0.0703205
0 0.0058173 0.573198 0.0116346 0.0849014
0 0.270267 0.498003 0.0206454 0.0647924
3 0.252699 0.630136 0.0357356 0.0696242
2 0.404315 0.322543 0.0179511 0.0281108
0 0.247597 0.608127 0.0275687 0.103375
2 0.899199 0.719861 0.0490677 0.0493863
2 0.837861 0.638434 0.0645191 0.129797
2 0.60793 0.356401 0.0205683 0.0261658
2 0.816728 0.638326 0.108314 0.128631
2 0.852633 0.636613 0.0358463 0.131641
2 0.423449 0.367698 0.0283402 0.0482012
7 0.36884 0.293627 0.0264651 0.0813364
0 0.222311 0.469352 0.011832 0.0504761
0 0.281401 0.320766 0.00664415 0.0320566
2 0.560584 0.85094 0.106483 0.174332
2 0.411834 0.767383 0.0864317 0.150485
2 0.0363157 0.718474 0.071859 0.144061
2 0.959483 0.726774 0.0716248 0.138781
2 0.0753792 0.628409 0.0783962 0.103238
2 0.179707 0.496841 0.0489474 0.0690359
2 0.40839 0.602039 0.0522352 0.112714
0 0.499888 0.907717 0.0440548 0.132654
2 0.374804 0.469516 0.0409912 0.0630168
7 0.473671 0.540835 0.0575581 0.150657
7 0.200056 0.428068 0.0710101 0.117793
3 0.501323 0.959502 0.0395321 0.0804708
2 0.383174 0.348444 0.026042 0.0443682
2 0.659625 0.367046 0.0317724 0.03814
7 0.319213 0.32876 0.0346423 0.0750582
3 0.412989 0.491963 0.0183853 0.0631254
2 0.390474 0.410109 0.0318079 0.049097
3 0.389165 0.491171 0.0166661 0.0577764
2 0.345351 0.399971 0.0268457 0.0495902
2 0.42571 0.371483 0.0220367 0.0405475
2 0.416921 0.346719 0.0230298 0.0361667
2 0.866323 0.596196 0.0461765 0.0993425
2 0.691798 0.384158 0.0269015 0.0487803
3 0.270994 0.506977 0.0192865 0.0530277
0 0.412575 0.490903 0.0186003 0.0644652
2 0.104234 0.590873 0.0627237 0.0988502
0 0.245886 0.593861 0.0235999 0.0758776
2 0.392592 0.292847 0.0202649 0.0337742
3 0.257934 0.663398 0.0236773 0.0938922
3 0.258154 0.676147 0.0223734 0.0624112
0 0.886302 0.512475 0.0213982 0.0703205
0 0.0058173 0.573198 0.0116346 0.0849014
0 0.270267 0.498003 0.0206454 0.0647924
3 0.252699 0.630136 0.0357356 0.0696242
2 0.404315 0.322543 0.0179511 0.0281108
0 0.247597 0.608127 0.0275687 0.103375
2 0.899199 0.719861 0.0490677 0.0493863
2 0.837861 0.638434 0.0645191 0.129797
2 0.60793 0.356401 0.0205683 0.0261658
2 0.816728 0.638326 0.108314 0.128631
2 0.852633 0.636613 0.0358463 0.131641
2 0.423449 0.367698 0.0283402 0.0482012
7 0.36884 0.293627 0.0264651 0.0813364
0 0.222311 0.469352 0.011832 0.0504761
0 0.281401 0.320766 0.00664415 0.0320566
2 0.560584 0.85094 0.106483 0.174332
2 0.411834 0.767383 0.0864317 0.150485
2 0.0363157 0.718474 0.071859 0.144061
2 0.959483 0.726774 0.0716248 0.138781
2 0.0753792 0.628409 0.0783962 0.103238
2 0.179707 0.496841 0.0489474 0.0690359
2 0.40839 0.602039 0.0522352 0.112714
0 0.499888 0.907717 0.0440548 0.132654
2 0.374804 0.469516 0.0409912 0.0630168
7 0.473671 0.540835 0.0575581 0.150657
7 0.200056 0.428068 0.0710101 0.117793
3 0.501323 0.959502 0.0395321 0.0804708
2 0.383174 0.348444 0.026042 0.0443682
2 0.659625 0.367046 0.0317724 0.03814
7 0.319213 0.32876 0.0346423 0.0750582
3 0.412989 0.491963 0.0183853 0.0631254
2 0.390474 0.410109 0.0318079 0.049097
3 0.389165 0.491171 0.0166661 0.0577764
2 0.345351 0.399971 0.0268457 0.0495902
2 0.42571 0.371483 0.0220367 0.0405475
2 0.416921 0.346719 0.0230298 0.0361667
2 0.866323 0.596196 0.0461765 0.0993425
2 0.691798 0.384158 0.0269015 0.0487803
3 0.270994 0.506977 0.0192865 0.0530277
0 0.412575 0.490903 0.0186003 0.0644652
2 0.104234 0.590873 0.0627237 0.0988502
0 0.245886 0.593861 0.0235999 0.0758776
2 0.392592 0.292847 0.0202649 0.0337742
3 0.257934 0.663398 0.0236773 0.0938922
3 0.258154 0.676147 0.0223734 0.0624112
0 0.886302 0.512475 0.0213982 0.0703205
0 0.0058173 0.573198 0.0116346 0.0849014
0 0.270267 0.498003 0.0206454 0.0647924
3 0.252699 0.630136 0.0357356 0.0696242
2 0.404315 0.322543 0.0179511 0.0281108
0 0.247597 0.608127 0.0275687 0.103375
2 0.899199 0.719861 0.0490677 0.0493863
2 0.837861 0.638434 0.0645191 0.129797
2 0.60793 0.356401 0.0205683 0.0261658
2 0.816728 0.638326 0.108314 0.128631
2 0.852633 0.636613 0.0358463 0.131641
2 0.423449 0.367698 0.0283402 0.0482012
7 0.36884 0.293627 0.0264651 0.0813364
0 0.222311 0.469352 0.011832 0.0504761
0 0.281401 0.320766 0.00664415 0.0320566
2 0.560584 0.85094 0.106483 0.174332
2 0.411834 0.767383 0.0864317 0.150485
2 0.0363157 0.718474 0.071859 0.144061
2 0.959483 0.726774 0.0716248 0.138781
2 0.0753792 0.628409 0.0783962 0.103238
2 0.179707 0.496841 0.0489474 0.0690359
2 0.40839 0.602039 0.0522352 0.112714
0 0.499888 0.907717 0.0440548 0.132654
2 0.374804 0.469516 0.0409912 0.0630168
7 0.473671 0.540835 0.0575581 0.150657
7 0.200056 0.428068 0.0710101 0.117793
3 0.501323 0.959502 0.0395321 0.0804708
2 0.383174 0.348444 0.026042 0.0443682
2 0.659625 0.367046 0.0317724 0.03814
7 0.319213 0.32876 0.0346423 0.0750582
3 0.412989 0.491963 0.0183853 0.0631254
2 0.390474 0.410109 0.0318079 0.049097
3 0.389165 0.491171 0.0166661 0.0577764
2 0.345351 0.399971 0.0268457 0.0495902
2 0.42571 0.371483 0.0220367 0.0405475
2 0.416921 0.346719 0.0230298 0.0361667
2 0.866323 0.596196 0.0461765 0.0993425
2 0.691798 0.384158 0.0269015 0.0487803
3 0.270994 0.506977 0.0192865 0.0530277
0 0.412575 0.490903 0.0186003 0.0644652
2 0.104234 0.590873 0.0627237 0.0988502
0 0.245886 0.593861 0.0235999 0.0758776
2 0.392592 0.292847 0.0202649 0.0337742
3 0.257934 0.663398 0.0236773 0.0938922
3 0.258154 0.676147 0.0223734 0.0624112
0 0.886302 0.512475 0.0213982 0.0703205
0 0.0058173 0.573198 0.0116346 0.0849014
0 0.270267 0.498003 0.0206454 0.0647924
3 0.252699 0.630136 0.0357356 0.0696242
2 0.404315 0.322543 0.0179511 0.0281108
0 0.247597 0.608127 0.0275687 0.103375
2 0.899199 0.719861 0.0490677 0.0493863
2 0.837861 0.638434 0.0645191 0.129797
2 0.60793 0.356401 0.0205683 0.0261658
2 0.816728 0.638326 0.108314 0.128631
2 0.852633 0.636613 0.0358463 0.131641
2 0.423449 0.367698 0.0283402 0.0482012
7 0.36884 0.293627 0.0264651 0.0813364
0 0.222311 0.469352 0.011832 0.0504761
0 0.281401 0.320766 0.00664415 0.0320566
