2 0.0357594 0.718096 0.0707602 0.140573
7 0.304553 0.862386 0.127474 0.266588
2 0.568754 0.743102 0.0918652 0.155282
2 0.350977 0.634926 0.0666074 0.110065
2 0.422378 0.527773 0.0501562 0.0824044
2 0.35359 0.518429 0.0470345 0.0758294
7 0.538772 0.592388 0.0660054 0.160757
2 0.0732104 0.628788 0.0785643 0.104687
2 0.463676 0.45951 0.0380732 0.0620838
7 0.5215 0.882563 0.121149 0.229752
7 0.197133 0.420085 0.0633214 0.104044
7 0.410762 0.439043 0.0337122 0.0911082
2 0.703249 0.402432 0.0317446 0.0456639
7 0.383517 0.414971 0.0341543 0.0909191
2 0.178481 0.495329 0.0489296 0.070557
7 0.345986 0.354374 0.0278502 0.0666179
2 0.445202 0.420436 0.0352577 0.0538299
3 0.299355 0.480667 0.0190101 0.0517071
3 0.261757 0.479017 0.0150637 0.0476844
7 0.956607 0.71921 0.0790249 0.228406
2 0.0996545 0.589894 0.0542679 0.100163
0 0.261562 0.472882 0.0156411 0.0593624
0 0.272285 0.454203 0.0138383 0.0545659
0 0.143727 0.594879 0.0157242 0.0774786
2 0.301494 0.443318 0.0323704 0.0595983
7 0.338095 0.416895 0.026815 0.0522181
3 0.298543 0.472231 0.021527 0.06184
2 0.426441 0.379093 0.0269024 0.0450606
2 0.664051 0.372246 0.0358126 0.0298574
0 0.354927 0.453123 0.0159712 0.0499375
2 0.318387 0.377955 0.0241675 0.0518714
0 0.274121 0.463218 0.0117041 0.0548748
2 0.337807 0.4174 0.0262063 0.0516803
