2 0.600375 0.873239 0.109659 0.180196
2 0.238884 0.660425 0.0817012 0.136
2 0.0355766 0.718159 0.070647 0.142617
2 0.479308 0.504118 0.0464877 0.0753871
7 0.427313 0.560387 0.0611899 0.170715
2 0.0734299 0.629008 0.0789709 0.105103
2 0.956785 0.662522 0.0780113 0.143562
2 0.298656 0.502581 0.0451161 0.0698458
0 0.0163798 0.960331 0.0327595 0.0775177
7 0.197002 0.421011 0.0689157 0.105305
2 0.968853 0.825364 0.0610952 0.144212
2 0.178836 0.495525 0.0477866 0.0668674
7 0.364203 0.427807 0.0385187 0.103556
0 0.193021 0.564376 0.0186689 0.0764623
2 0.104647 0.587611 0.066168 0.0920698
5 0.689676 0.369684 0.0810211 0.115334
2 0.336 0.352188 0.0204448 0.035476
2 0.844896 0.532128 0.0675968 0.0820865
2 0.291497 0.445961 0.0332331 0.0668724
7 0.384242 0.345939 0.0312938 0.0675251
7 0.427551 0.423189 0.0313608 0.0992515
7 0.386879 0.96889 0.124073 0.0605537
2 0.416113 0.366404 0.0230892 0.0412398
7 0.433583 0.393246 0.0369388 0.0986203
2 0.612893 0.351903 0.0237902 0.029786
2 0.361755 0.365924 0.0245482 0.0253755
