2 0.107351 0.744546 0.0953595 0.152432
2 0.883783 0.722192 0.0961502 0.14995
2 0.0355157 0.716426 0.0702481 0.139459
2 0.899323 0.489406 0.0666058 0.079155
2 0.518835 0.611967 0.0601894 0.115591
2 0.360358 0.423908 0.0338801 0.050448
7 0.344039 0.576711 0.0825675 0.203211
2 0.0745257 0.623381 0.0779023 0.0951185
2 0.467988 0.481086 0.0391006 0.0746041
2 0.179121 0.494051 0.0487971 0.0712126
2 0.429861 0.425755 0.0322685 0.0545727
0 0.480165 0.700803 0.0341537 0.0962389
2 0.722616 0.388575 0.0330332 0.0490411
2 0.804259 0.46495 0.0528158 0.0484256
7 0.197812 0.422561 0.0653456 0.105529
2 0.405452 0.40365 0.0260845 0.0506548
0 0.253638 0.662625 0.0303916 0.082446
0 0.268612 0.485576 0.014514 0.0606144
3 0.252299 0.690882 0.0245816 0.0798896
2 0.373662 0.347507 0.0253894 0.0450072
3 0.293808 0.503575 0.0163048 0.0614343
2 0.38981 0.316191 0.0189731 0.0296645
2 0.972949 0.716801 0.0446918 0.123083
2 0.384369 0.375161 0.0241695 0.0467689
7 0.423884 0.35125 0.0260078 0.0681649
2 0.105622 0.589464 0.0640677 0.0974118
0 0.293649 0.498535 0.0161922 0.068259
0 0.346913 0.972732 0.03188 0.0537947
3 0.268624 0.486228 0.0141788 0.0596435
0 0.289116 0.390951 0.0106318 0.0420998
3 0.480606 0.724796 0.0350307 0.0824885
3 0.31814 0.384456 0.0110154 0.0361629
0 0.30906 0.3566 0.0103462 0.0371826
0 0.39094 0.499787 0.0181572 0.0715085
3 0.39119 0.501534 0.0192076 0.0732317
2 0.346987 0.310184 0.0167633 0.0328679
3 0.400569 0.446069 0.0159769 0.0487897
2 0.107351 0.744546 0.0953595 0.152432
2 0.883783 0.722192 0.0961502 0.14995
2 0.0355157 0.716426 0.0702481 0.139459
2 0.899323 0.489406 0.0666058 0.079155
2 0.518835 0.611967 0.0601894 0.115591
2 0.360358 0.423908 0.0338801 0.050448
7 0.344039 0.576711 0.0825675 0.203211
2 0.0745257 0.623381 0.0779023 0.0951185
2 0.467988 0.481086 0.0391006 0.0746041
2 0.179121 0.494051 0.0487971 0.0712126
2 0.429861 0.425755 0.0322685 0.0545727
0 0.480165 0.700803 0.0341537 0.0962389
2 0.722616 0.388575 0.0330332 0.0490411
2 0.804259 0.46495 0.0528158 0.0484256
7 0.197812 0.422561 0.0653456 0.105529
2 0.405452 0.40365 0.0260845 0.0506548
0 0.253638 0.662625 0.0303916 0.082446
0 0.268612 0.485576 0.014514 0.0606144
3 0.252299 0.690882 0.0245816 0.0798896
2 0.373662 0.347507 0.0253894 0.0450072
3 0.293808 0.503575 0.0163048 0.0614343
2 0.38981 0.316191 0.0189731 0.0296645
2 0.972949 0.716801 0.0446918 0.123083
2 0.384369 0.375161 0.0241695 0.0467689
7 0.423884 0.35125 0.0260078 0.0681649
2 0.105622 0.589464 0.0640677 0.0974118
0 0.293649 0.498535 0.0161922 0.068259
0 0.346913 0.972732 0.03188 0.0537947
3 0.268624 0.486228 0.0141788 0.0596435
0 0.289116 0.390951 0.0106318 0.0420998
3 0.480606 0.724796 0.0350307 0.0824885
3 0.31814 0.384456 0.0110154 0.0361629
0 0.30906 0.3566 0.0103462 0.0371826
0 0.39094 0.499787 0.0181572 0.0715085
3 0.39119 0.501534 0.0192076 0.0732317
2 0.346987 0.310184 0.0167633 0.0328679
3 0.400569 0.446069 0.0159769 0.0487897
2 0.317865 0.280027 0.0223178 0.0381025
2 0.971914 0.664038 0.055031 0.227318
2 0.968345 0.613635 0.0503956 0.0963079
2 0.107351 0.744546 0.0953595 0.152432
2 0.883783 0.722192 0.0961502 0.14995
2 0.0355157 0.716426 0.0702481 0.139459
2 0.899323 0.489406 0.0666058 0.079155
2 0.518835 0.611967 0.0601894 0.115591
2 0.360358 0.423908 0.0338801 0.050448
7 0.344039 0.576711 0.0825675 0.203211
2 0.0745257 0.623381 0.0779023 0.0951185
2 0.467988 0.481086 0.0391006 0.0746041
2 0.179121 0.494051 0.0487971 0.0712126
2 0.429861 0.425755 0.0322685 0.0545727
0 0.480165 0.700803 0.0341537 0.0962389
2 0.722616 0.388575 0.0330332 0.0490411
2 0.804259 0.46495 0.0528158 0.0484256
7 0.197812 0.422561 0.0653456 0.105529
2 0.405452 0.40365 0.0260845 0.0506548
0 0.253638 0.662625 0.0303916 0.082446
0 0.268612 0.485576 0.014514 0.0606144
3 0.252299 0.690882 0.0245816 0.0798896
2 0.373662 0.347507 0.0253894 0.0450072
3 0.293808 0.503575 0.0163048 0.0614343
2 0.38981 0.316191 0.0189731 0.0296645
2 0.972949 0.716801 0.0446918 0.123083
2 0.384369 0.375161 0.0241695 0.0467689
7 0.423884 0.35125 0.0260078 0.0681649
2 0.105622 0.589464 0.0640677 0.0974118
0 0.293649 0.498535 0.0161922 0.068259
0 0.346913 0.972732 0.03188 0.0537947
3 0.268624 0.486228 0.0141788 0.0596435
0 0.289116 0.390951 0.0106318 0.0420998
3 0.480606 0.724796 0.0350307 0.0824885
3 0.31814 0.384456 0.0110154 0.0361629
0 0.30906 0.3566 0.0103462 0.0371826
0 0.39094 0.499787 0.0181572 0.0715085
3 0.39119 0.501534 0.0192076 0.0732317
2 0.346987 0.310184 0.0167633 0.0328679
3 0.400569 0.446069 0.0159769 0.0487897
2 0.317865 0.280027 0.0223178 0.0381025
2 0.971914 0.664038 0.055031 0.227318
2 0.968345 0.613635 0.0503956 0.0963079
2 0.107351 0.744546 0.0953595 0.152432
2 0.883783 0.722192 0.0961502 0.14995
2 0.0355157 0.716426 0.0702481 0.139459
2 0.899323 0.489406 0.0666058 0.079155
2 0.518835 0.611967 0.0601894 0.115591
2 0.360358 0.423908 0.0338801 0.050448
7 0.344039 0.576711 0.0825675 0.203211
2 0.0745257 0.623381 0.0779023 0.0951185
2 0.467988 0.481086 0.0391006 0.0746041
2 0.179121 0.494051 0.0487971 0.0712126
2 0.429861 0.425755 0.0322685 0.0545727
0 0.480165 0.700803 0.0341537 0.0962389
2 0.722616 0.388575 0.0330332 0.0490411
2 0.804259 0.46495 0.0528158 0.0484256
7 0.197812 0.422561 0.0653456 0.105529
2 0.405452 0.40365 0.0260845 0.0506548
0 0.253638 0.662625 0.0303916 0.082446
0 0.268612 0.485576 0.014514 0.0606144
3 0.252299 0.690882 0.0245816 0.0798896
2 0.373662 0.347507 0.0253894 0.0450072
3 0.293808 0.503575 0.0163048 0.0614343
2 0.38981 0.316191 0.0189731 0.0296645
2 0.972949 0.716801 0.0446918 0.123083
2 0.384369 0.375161 0.0241695 0.0467689
7 0.423884 0.35125 0.0260078 0.0681649
2 0.105622 0.589464 0.0640677 0.0974118
0 0.293649 0.498535 0.0161922 0.068259
0 0.346913 0.972732 0.03188 0.0537947
3 0.268624 0.486228 0.0141788 0.0596435
0 0.289116 0.390951 0.0106318 0.0420998
3 0.480606 0.724796 0.0350307 0.0824885
3 0.31814 0.384456 0.0110154 0.0361629
0 0.30906 0.3566 0.0103462 0.0371826
0 0.39094 0.499787 0.0181572 0.0715085
3 0.39119 0.501534 0.0192076 0.0732317
2 0.346987 0.310184 0.0167633 0.0328679
3 0.400569 0.446069 0.0159769 0.0487897
2 0.317865 0.280027 0.0223178 0.0381025
2 0.971914 0.664038 0.055031 0.227318
2 0.968345 0.613635 0.0503956 0.0963079
2 0.107351 0.744546 0.0953595 0.152432
2 0.883783 0.722192 0.0961502 0.14995
2 0.0355157 0.716426 0.0702481 0.139459
2 0.899323 0.489406 0.0666058 0.079155
2 0.518835 0.611967 0.0601894 0.115591
2 0.360358 0.423908 0.0338801 0.050448
7 0.344039 0.576711 0.0825675 0.203211
2 0.0745257 0.623381 0.0779023 0.0951185
2 0.467988 0.481086 0.0391006 0.0746041
2 0.179121 0.494051 0.0487971 0.0712126
2 0.429861 0.425755 0.0322685 0.0545727
0 0.480165 0.700803 0.0341537 0.0962389
2 0.722616 0.388575 0.0330332 0.0490411
2 0.804259 0.46495 0.0528158 0.0484256
7 0.197812 0.422561 0.0653456 0.105529
2 0.405452 0.40365 0.0260845 0.0506548
0 0.253638 0.662625 0.0303916 0.082446
0 0.268612 0.485576 0.014514 0.0606144
3 0.252299 0.690882 0.0245816 0.0798896
2 0.373662 0.347507 0.0253894 0.0450072
3 0.293808 0.503575 0.0163048 0.0614343
2 0.38981 0.316191 0.0189731 0.0296645
2 0.972949 0.716801 0.0446918 0.123083
2 0.384369 0.375161 0.0241695 0.0467689
7 0.423884 0.35125 0.0260078 0.0681649
2 0.105622 0.589464 0.0640677 0.0974118
0 0.293649 0.498535 0.0161922 0.068259
0 0.346913 0.972732 0.03188 0.0537947
3 0.268624 0.486228 0.0141788 0.0596435
0 0.289116 0.390951 0.0106318 0.0420998
3 0.480606 0.724796 0.0350307 0.0824885
3 0.31814 0.384456 0.0110154 0.0361629
0 0.30906 0.3566 0.0103462 0.0371826
0 0.39094 0.499787 0.0181572 0.0715085
3 0.39119 0.501534 0.0192076 0.0732317
2 0.346987 0.310184 0.0167633 0.0328679
3 0.400569 0.446069 0.0159769 0.0487897
2 0.317865 0.280027 0.0223178 0.0381025
2 0.971914 0.664038 0.055031 0.227318
2 0.968345 0.613635 0.0503956 0.0963079
2 0.107351 0.744546 0.0953595 0.152432
2 0.883783 0.722192 0.0961502 0.14995
2 0.0355157 0.716426 0.0702481 0.139459
2 0.899323 0.489406 0.0666058 0.079155
2 0.518835 0.611967 0.0601894 0.115591
2 0.360358 0.423908 0.0338801 0.050448
7 0.344039 0.576711 0.0825675 0.203211
2 0.0745257 0.623381 0.0779023 0.0951185
2 0.467988 0.481086 0.0391006 0.0746041
2 0.179121 0.494051 0.0487971 0.0712126
2 0.429861 0.425755 0.0322685 0.0545727
0 0.480165 0.700803 0.0341537 0.0962389
2 0.722616 0.388575 0.0330332 0.0490411
2 0.804259 0.46495 0.0528158 0.0484256
7 0.197812 0.422561 0.0653456 0.105529
2 0.405452 0.40365 0.0260845 0.0506548
0 0.253638 0.662625 0.0303916 0.082446
0 0.268612 0.485576 0.014514 0.0606144
3 0.252299 0.690882 0.0245816 0.0798896
2 0.373662 0.347507 0.0253894 0.0450072
3 0.293808 0.503575 0.0163048 0.0614343
2 0.38981 0.316191 0.0189731 0.0296645
2 0.972949 0.716801 0.0446918 0.123083
2 0.384369 0.375161 0.0241695 0.0467689
7 0.423884 0.35125 0.0260078 0.0681649
2 0.105622 0.589464 0.0640677 0.0974118
0 0.293649 0.498535 0.0161922 0.068259
0 0.346913 0.972732 0.03188 0.0537947
3 0.268624 0.486228 0.0141788 0.0596435
0 0.289116 0.390951 0.0106318 0.0420998
3 0.480606 0.724796 0.0350307 0.0824885
3 0.31814 0.384456 0.0110154 0.0361629
0 0.30906 0.3566 0.0103462 0.0371826
0 0.39094 0.499787 0.0181572 0.0715085
3 0.39119 0.501534 0.0192076 0.0732317
2 0.346987 0.310184 0.0167633 0.0328679
3 0.400569 0.446069 0.0159769 0.0487897
2 0.317865 0.280027 0.0223178 0.0381025
2 0.971914 0.664038 0.055031 0.227318
2 0.968345 0.613635 0.0503956 0.0963079
2 0.107351 0.744546 0.0953595 0.152432
2 0.883783 0.722192 0.0961502 0.14995
2 0.0355157 0.716426 0.0702481 0.139459
2 0.899323 0.489406 0.0666058 0.079155
2 0.518835 0.611967 0.0601894 0.115591
2 0.360358 0.423908 0.0338801 0.050448
7 0.344039 0.576711 0.0825675 0.203211
2 0.0745257 0.623381 0.0779023 0.0951185
2 0.467988 0.481086 0.0391006 0.0746041
2 0.179121 0.494051 0.0487971 0.0712126
2 0.429861 0.425755 0.0322685 0.0545727
0 0.480165 0.700803 0.0341537 0.0962389
2 0.722616 0.388575 0.0330332 0.0490411
2 0.804259 0.46495 0.0528158 0.0484256
7 0.197812 0.422561 0.0653456 0.105529
2 0.405452 0.40365 0.0260845 0.0506548
0 0.253638 0.662625 0.0303916 0.082446
0 0.268612 0.485576 0.014514 0.0606144
3 0.252299 0.690882 0.0245816 0.0798896
2 0.373662 0.347507 0.0253894 0.0450072
3 0.293808 0.503575 0.0163048 0.0614343
2 0.38981 0.316191 0.0189731 0.0296645
2 0.972949 0.716801 0.0446918 0.123083
2 0.384369 0.375161 0.0241695 0.0467689
7 0.423884 0.35125 0.0260078 0.0681649
2 0.105622 0.589464 0.0640677 0.0974118
0 0.293649 0.498535 0.0161922 0.068259
0 0.346913 0.972732 0.03188 0.0537947
3 0.268624 0.486228 0.0141788 0.0596435
0 0.289116 0.390951 0.0106318 0.0420998
3 0.480606 0.724796 0.0350307 0.0824885
3 0.31814 0.384456 0.0110154 0.0361629
0 0.30906 0.3566 0.0103462 0.0371826
0 0.39094 0.499787 0.0181572 0.0715085
3 0.39119 0.501534 0.0192076 0.0732317
2 0.346987 0.310184 0.0167633 0.0328679
3 0.400569 0.446069 0.0159769 0.0487897
2 0.317865 0.280027 0.0223178 0.0381025
2 0.971914 0.664038 0.055031 0.227318
2 0.968345 0.613635 0.0503956 0.0963079
2 0.107351 0.744546 0.0953595 0.152432
2 0.883783 0.722192 0.0961502 0.14995
2 0.0355157 0.716426 0.0702481 0.139459
2 0.899323 0.489406 0.0666058 0.079155
2 0.518835 0.611967 0.0601894 0.115591
2 0.360358 0.423908 0.0338801 0.050448
7 0.344039 0.576711 0.0825675 0.203211
2 0.0745257 0.623381 0.0779023 0.0951185
2 0.467988 0.481086 0.0391006 0.0746041
2 0.179121 0.494051 0.0487971 0.0712126
2 0.429861 0.425755 0.0322685 0.0545727
0 0.480165 0.700803 0.0341537 0.0962389
2 0.722616 0.388575 0.0330332 0.0490411
2 0.804259 0.46495 0.0528158 0.0484256
7 0.197812 0.422561 0.0653456 0.105529
2 0.405452 0.40365 0.0260845 0.0506548
0 0.253638 0.662625 0.0303916 0.082446
0 0.268612 0.485576 0.014514 0.0606144
3 0.252299 0.690882 0.0245816 0.0798896
2 0.373662 0.347507 0.0253894 0.0450072
3 0.293808 0.503575 0.0163048 0.0614343
2 0.38981 0.316191 0.0189731 0.0296645
2 0.972949 0.716801 0.0446918 0.123083
2 0.384369 0.375161 0.0241695 0.0467689
7 0.423884 0.35125 0.0260078 0.0681649
2 0.105622 0.589464 0.0640677 0.0974118
0 0.293649 0.498535 0.0161922 0.068259
0 0.346913 0.972732 0.03188 0.0537947
3 0.268624 0.486228 0.0141788 0.0596435
0 0.289116 0.390951 0.0106318 0.0420998
3 0.480606 0.724796 0.0350307 0.0824885
3 0.31814 0.384456 0.0110154 0.0361629
0 0.30906 0.3566 0.0103462 0.0371826
0 0.39094 0.499787 0.0181572 0.0715085
3 0.39119 0.501534 0.0192076 0.0732317
2 0.346987 0.310184 0.0167633 0.0328679
3 0.400569 0.446069 0.0159769 0.0487897
2 0.317865 0.280027 0.0223178 0.0381025
2 0.971914 0.664038 0.055031 0.227318
2 0.968345 0.613635 0.0503956 0.0963079
2 0.107351 0.744546 0.0953595 0.152432
2 0.883783 0.722192 0.0961502 0.14995
2 0.0355157 0.716426 0.0702481 0.139459
2 0.899323 0.489406 0.0666058 0.079155
2 0.518835 0.611967 0.0601894 0.115591
2 0.360358 0.423908 0.0338801 0.050448
7 0.344039 0.576711 0.0825675 0.203211
2 0.0745257 0.623381 0.0779023 0.0951185
2 0.467988 0.481086 0.0391006 0.0746041
2 0.179121 0.494051 0.0487971 0.0712126
2 0.429861 0.425755 0.0322685 0.0545727
0 0.480165 0.700803 0.0341537 0.0962389
2 0.722616 0.388575 0.0330332 0.0490411
2 0.804259 0.46495 0.0528158 0.0484256
7 0.197812 0.422561 0.0653456 0.105529
2 0.405452 0.40365 0.0260845 0.0506548
0 0.253638 0.662625 0.0303916 0.082446
0 0.268612 0.485576 0.014514 0.0606144
3 0.252299 0.690882 0.0245816 0.0798896
2 0.373662 0.347507 0.0253894 0.0450072
3 0.293808 0.503575 0.0163048 0.0614343
2 0.38981 0.316191 0.0189731 0.0296645
2 0.972949 0.716801 0.0446918 0.123083
2 0.384369 0.375161 0.0241695 0.0467689
7 0.423884 0.35125 0.0260078 0.0681649
2 0.105622 0.589464 0.0640677 0.0974118
0 0.293649 0.498535 0.0161922 0.068259
0 0.346913 0.972732 0.03188 0.0537947
3 0.268624 0.486228 0.0141788 0.0596435
0 0.289116 0.390951 0.0106318 0.0420998
3 0.480606 0.724796 0.0350307 0.0824885
3 0.31814 0.384456 0.0110154 0.0361629
0 0.30906 0.3566 0.0103462 0.0371826
0 0.39094 0.499787 0.0181572 0.0715085
3 0.39119 0.501534 0.0192076 0.0732317
2 0.346987 0.310184 0.0167633 0.0328679
3 0.400569 0.446069 0.0159769 0.0487897
2 0.317865 0.280027 0.0223178 0.0381025
2 0.971914 0.664038 0.055031 0.227318
2 0.968345 0.613635 0.0503956 0.0963079
2 0.107351 0.744546 0.0953595 0.152432
2 0.883783 0.722192 0.0961502 0.14995
2 0.0355157 0.716426 0.0702481 0.139459
2 0.899323 0.489406 0.0666058 0.079155
2 0.518835 0.611967 0.0601894 0.115591
2 0.360358 0.423908 0.0338801 0.050448
7 0.344039 0.576711 0.0825675 0.203211
2 0.0745257 0.623381 0.0779023 0.0951185
2 0.467988 0.481086 0.0391006 0.0746041
2 0.179121 0.494051 0.0487971 0.0712126
2 0.429861 0.425755 0.0322685 0.0545727
0 0.480165 0.700803 0.0341537 0.0962389
2 0.722616 0.388575 0.0330332 0.0490411
2 0.804259 0.46495 0.0528158 0.0484256
7 0.197812 0.422561 0.0653456 0.105529
2 0.405452 0.40365 0.0260845 0.0506548
0 0.253638 0.662625 0.0303916 0.082446
0 0.268612 0.485576 0.014514 0.0606144
3 0.252299 0.690882 0.0245816 0.0798896
2 0.373662 0.347507 0.0253894 0.0450072
3 0.293808 0.503575 0.0163048 0.0614343
2 0.38981 0.316191 0.0189731 0.0296645
2 0.972949 0.716801 0.0446918 0.123083
2 0.384369 0.375161 0.0241695 0.0467689
7 0.423884 0.35125 0.0260078 0.0681649
2 0.105622 0.589464 0.0640677 0.0974118
0 0.293649 0.498535 0.0161922 0.068259
0 0.346913 0.972732 0.03188 0.0537947
3 0.268624 0.486228 0.0141788 0.0596435
0 0.289116 0.390951 0.0106318 0.0420998
3 0.480606 0.724796 0.0350307 0.0824885
3 0.31814 0.384456 0.0110154 0.0361629
0 0.30906 0.3566 0.0103462 0.0371826
0 0.39094 0.499787 0.0181572 0.0715085
3 0.39119 0.501534 0.0192076 0.0732317
2 0.346987 0.310184 0.0167633 0.0328679
3 0.400569 0.446069 0.0159769 0.0487897
2 0.317865 0.280027 0.0223178 0.0381025
2 0.971914 0.664038 0.055031 0.227318
2 0.968345 0.613635 0.0503956 0.0963079
