2 0.851189 0.667195 0.241063 0.122931
2 0.180732 0.61639 0.204893 0.0999834
2 0.484262 0.514579 0.16795 0.0990803
2 0.0635356 0.394757 0.100013 0.045465
2 0.521462 0.401033 0.100285 0.0483857
2 0.545742 0.342436 0.0705092 0.0327532
2 0.211979 0.354461 0.0783795 0.0339651
7 0.356293 0.38539 0.121518 0.0828634
2 0.693799 0.435314 0.152701 0.111243
2 0.522287 0.37411 0.098603 0.0362848
2 0.155918 0.338766 0.0632176 0.0297496
2 0.490825 0.324323 0.0543961 0.0256238
2 0.424168 0.361027 0.0736398 0.0477098
2 0.262149 0.334632 0.0668043 0.0285082
7 0.499316 0.303871 0.0802225 0.0479761
2 0.303066 0.302896 0.0404101 0.0178418
2 0.447073 0.332839 0.0720689 0.037977
2 0.672648 0.32154 0.0619514 0.0271798
3 0.0834634 0.35924 0.0264655 0.0229725
2 0.672933 0.350189 0.0671991 0.0329546
2 0.673944 0.345388 0.0655321 0.0242851
0 0.0843834 0.342655 0.0256739 0.0154053
2 0.232654 0.315458 0.0449296 0.0240615
2 0.0156866 0.447033 0.0294784 0.0762827
2 0.669551 0.365419 0.0779929 0.0265478
2 0.349847 0.297902 0.0304918 0.0158619
2 0.649739 0.905752 0.123669 0.184223
2 0.0350764 0.725006 0.0696001 0.143866
2 0.406453 0.58361 0.0638762 0.105233
2 0.492754 0.661055 0.0778596 0.131828
2 0.177133 0.501795 0.0490878 0.0688777
0 0.283507 0.94481 0.0538255 0.107156
0 0.0825152 0.731014 0.0263259 0.111802
7 0.198453 0.427764 0.0718098 0.109214
2 0.0721015 0.634135 0.0793131 0.104074
0 0.35969 0.80849 0.0399261 0.114674
0 0.0767512 0.956701 0.0522495 0.0858588
2 0.95556 0.636401 0.0719599 0.119997
0 0.332213 0.798582 0.0382293 0.142884
0 0.18976 0.765406 0.0370945 0.0925683
0 0.419803 0.74394 0.0343822 0.101682
0 0.272741 0.82048 0.0391983 0.124129
3 0.42167 0.777162 0.0320164 0.10826
3 0.273129 0.621186 0.0202691 0.0578506
0 0.328932 0.549113 0.0217869 0.0594348
3 0.356409 0.863161 0.0345327 0.102072
3 0.186757 0.816663 0.0312392 0.0671716
3 0.328618 0.580189 0.0220448 0.046492
2 0.102587 0.594399 0.0703224 0.0960316
0 0.27308 0.589696 0.0218493 0.0621521
3 0.272896 0.875355 0.034679 0.107318
0 0.332498 0.777602 0.0379654 0.101041
5 0.77825 0.436315 0.121445 0.138413
