2 0.582949 0.75817 0.0959675 0.148076
2 0.224153 0.904434 0.116564 0.182423
2 0.246683 0.643213 0.0643271 0.124428
2 0.0354738 0.716325 0.0701924 0.139286
7 0.357574 0.529871 0.0561239 0.150671
2 0.416459 0.429391 0.034286 0.0551548
2 0.361853 0.423351 0.0339216 0.0528191
2 0.325701 0.388126 0.0261456 0.0405702
2 0.0732952 0.626839 0.0783884 0.103539
0 0.0970962 0.731601 0.0307474 0.113389
7 0.442602 0.538041 0.0495075 0.158069
7 0.198072 0.420462 0.066239 0.105191
7 0.479289 0.936621 0.158533 0.117932
2 0.178399 0.494017 0.0486129 0.0709072
2 0.48018 0.514458 0.0384348 0.0779156
7 0.396693 0.377174 0.0266201 0.0737178
2 0.434969 0.390143 0.0265448 0.0448205
2 0.100395 0.587976 0.0552721 0.096031
7 0.350126 0.322687 0.0211657 0.0453282
2 0.345602 0.369306 0.0269571 0.0401028
0 0.287905 0.397894 0.0135064 0.0450599
7 0.389776 0.374331 0.0402537 0.0749721
7 0.375427 0.370183 0.0190955 0.0626195
5 0.771498 0.396235 0.0831953 0.0932466
3 0.0974409 0.764649 0.0252137 0.058785
7 0.470829 0.444116 0.0378929 0.0895076
5 0.759345 0.393272 0.0586452 0.0855989
2 0.892938 0.496215 0.0678875 0.0682153
0 0.29696 0.360999 0.00915718 0.0349514
2 0.42201 0.361864 0.0231848 0.037304
