2 0.417078 0.858167 0.101865 0.174633
2 0.542548 0.726114 0.081451 0.135487
2 0.0358398 0.714929 0.0709069 0.139156
2 0.0737341 0.626986 0.0797053 0.104461
2 0.439081 0.433011 0.0365061 0.0533154
7 0.198669 0.419652 0.0607252 0.106162
2 0.52582 0.951212 0.116855 0.0959669
2 0.292387 0.493827 0.0410465 0.07794
0 0.422068 0.535996 0.0229738 0.0794161
7 0.364662 0.501977 0.0436264 0.121448
7 0.119125 0.89575 0.235813 0.191584
2 0.105682 0.586234 0.0662771 0.096538
7 0.385675 0.334622 0.026038 0.0672838
5 0.904115 0.650583 0.144445 0.269218
2 0.348728 0.367248 0.0225955 0.0398868
2 0.179079 0.495816 0.0489228 0.0746667
2 0.319291 0.381495 0.0245852 0.0491038
3 0.312175 0.554228 0.0228671 0.0661998
7 0.362453 0.322056 0.0246637 0.0540985
2 0.293186 0.329976 0.0223341 0.0360258
0 0.717691 0.409458 0.0138475 0.0403639
7 0.327433 0.335629 0.0244025 0.0609258
0 0.311135 0.546996 0.0223347 0.0754623
7 0.904265 0.648554 0.144176 0.269063
2 0.367337 0.415574 0.0310422 0.0443237
5 0.11928 0.896681 0.235572 0.19677
2 0.417121 0.344102 0.0230398 0.0355848
7 0.178733 0.49569 0.0490119 0.0745275
3 0.423409 0.560529 0.0216242 0.0491726
2 0.291461 0.379449 0.0130472 0.0424281
2 0.408317 0.41462 0.014712 0.0453856
2 0.4226 0.374874 0.0264063 0.0406409
2 0.371347 0.433833 0.0407578 0.0801778
2 0.417078 0.858167 0.101865 0.174633
2 0.542548 0.726114 0.081451 0.135487
2 0.0358398 0.714929 0.0709069 0.139156
2 0.0737341 0.626986 0.0797053 0.104461
2 0.439081 0.433011 0.0365061 0.0533154
7 0.198669 0.419652 0.0607252 0.106162
2 0.52582 0.951212 0.116855 0.0959669
2 0.292387 0.493827 0.0410465 0.07794
0 0.422068 0.535996 0.0229738 0.0794161
7 0.364662 0.501977 0.0436264 0.121448
7 0.119125 0.89575 0.235813 0.191584
2 0.105682 0.586234 0.0662771 0.096538
7 0.385675 0.334622 0.026038 0.0672838
5 0.904115 0.650583 0.144445 0.269218
2 0.348728 0.367248 0.0225955 0.0398868
2 0.179079 0.495816 0.0489228 0.0746667
2 0.319291 0.381495 0.0245852 0.0491038
3 0.312175 0.554228 0.0228671 0.0661998
7 0.362453 0.322056 0.0246637 0.0540985
2 0.293186 0.329976 0.0223341 0.0360258
0 0.717691 0.409458 0.0138475 0.0403639
7 0.327433 0.335629 0.0244025 0.0609258
0 0.311135 0.546996 0.0223347 0.0754623
7 0.904265 0.648554 0.144176 0.269063
2 0.367337 0.415574 0.0310422 0.0443237
5 0.11928 0.896681 0.235572 0.19677
2 0.417121 0.344102 0.0230398 0.0355848
7 0.178733 0.49569 0.0490119 0.0745275
3 0.423409 0.560529 0.0216242 0.0491726
2 0.291461 0.379449 0.0130472 0.0424281
2 0.408317 0.41462 0.014712 0.0453856
2 0.4226 0.374874 0.0264063 0.0406409
2 0.371347 0.433833 0.0407578 0.0801778
0 0.694697 0.385668 0.0119968 0.042606
3 0.422172 0.545332 0.0234234 0.0733948
2 0.376995 0.441958 0.0332233 0.0651223
7 0.319282 0.381626 0.0248228 0.0487288
2 0.371666 0.42303 0.0410478 0.0553249
7 0.418731 0.347323 0.0284264 0.0420864
0 0.310403 0.535605 0.0202956 0.0626654
7 0.41022 0.315885 0.0189032 0.0532532
0 0.86636 0.494452 0.0202641 0.0440843
2 0.417078 0.858167 0.101865 0.174633
2 0.542548 0.726114 0.081451 0.135487
2 0.0358398 0.714929 0.0709069 0.139156
2 0.0737341 0.626986 0.0797053 0.104461
2 0.439081 0.433011 0.0365061 0.0533154
7 0.198669 0.419652 0.0607252 0.106162
2 0.52582 0.951212 0.116855 0.0959669
2 0.292387 0.493827 0.0410465 0.07794
0 0.422068 0.535996 0.0229738 0.0794161
7 0.364662 0.501977 0.0436264 0.121448
7 0.119125 0.89575 0.235813 0.191584
2 0.105682 0.586234 0.0662771 0.096538
7 0.385675 0.334622 0.026038 0.0672838
5 0.904115 0.650583 0.144445 0.269218
2 0.348728 0.367248 0.0225955 0.0398868
2 0.179079 0.495816 0.0489228 0.0746667
2 0.319291 0.381495 0.0245852 0.0491038
3 0.312175 0.554228 0.0228671 0.0661998
7 0.362453 0.322056 0.0246637 0.0540985
2 0.293186 0.329976 0.0223341 0.0360258
0 0.717691 0.409458 0.0138475 0.0403639
7 0.327433 0.335629 0.0244025 0.0609258
0 0.311135 0.546996 0.0223347 0.0754623
7 0.904265 0.648554 0.144176 0.269063
2 0.367337 0.415574 0.0310422 0.0443237
5 0.11928 0.896681 0.235572 0.19677
2 0.417121 0.344102 0.0230398 0.0355848
7 0.178733 0.49569 0.0490119 0.0745275
3 0.423409 0.560529 0.0216242 0.0491726
2 0.291461 0.379449 0.0130472 0.0424281
2 0.408317 0.41462 0.014712 0.0453856
2 0.4226 0.374874 0.0264063 0.0406409
2 0.371347 0.433833 0.0407578 0.0801778
0 0.694697 0.385668 0.0119968 0.042606
3 0.422172 0.545332 0.0234234 0.0733948
2 0.376995 0.441958 0.0332233 0.0651223
7 0.319282 0.381626 0.0248228 0.0487288
2 0.371666 0.42303 0.0410478 0.0553249
7 0.418731 0.347323 0.0284264 0.0420864
0 0.310403 0.535605 0.0202956 0.0626654
7 0.41022 0.315885 0.0189032 0.0532532
0 0.86636 0.494452 0.0202641 0.0440843
2 0.417078 0.858167 0.101865 0.174633
2 0.542548 0.726114 0.081451 0.135487
2 0.0358398 0.714929 0.0709069 0.139156
2 0.0737341 0.626986 0.0797053 0.104461
2 0.439081 0.433011 0.0365061 0.0533154
7 0.198669 0.419652 0.0607252 0.106162
2 0.52582 0.951212 0.116855 0.0959669
2 0.292387 0.493827 0.0410465 0.07794
0 0.422068 0.535996 0.0229738 0.0794161
7 0.364662 0.501977 0.0436264 0.121448
7 0.119125 0.89575 0.235813 0.191584
2 0.105682 0.586234 0.0662771 0.096538
7 0.385675 0.334622 0.026038 0.0672838
5 0.904115 0.650583 0.144445 0.269218
2 0.348728 0.367248 0.0225955 0.0398868
2 0.179079 0.495816 0.0489228 0.0746667
2 0.319291 0.381495 0.0245852 0.0491038
3 0.312175 0.554228 0.0228671 0.0661998
7 0.362453 0.322056 0.0246637 0.0540985
2 0.293186 0.329976 0.0223341 0.0360258
0 0.717691 0.409458 0.0138475 0.0403639
7 0.327433 0.335629 0.0244025 0.0609258
0 0.311135 0.546996 0.0223347 0.0754623
7 0.904265 0.648554 0.144176 0.269063
2 0.367337 0.415574 0.0310422 0.0443237
5 0.11928 0.896681 0.235572 0.19677
2 0.417121 0.344102 0.0230398 0.0355848
7 0.178733 0.49569 0.0490119 0.0745275
3 0.423409 0.560529 0.0216242 0.0491726
2 0.291461 0.379449 0.0130472 0.0424281
2 0.408317 0.41462 0.014712 0.0453856
2 0.4226 0.374874 0.0264063 0.0406409
2 0.371347 0.433833 0.0407578 0.0801778
0 0.694697 0.385668 0.0119968 0.042606
3 0.422172 0.545332 0.0234234 0.0733948
2 0.376995 0.441958 0.0332233 0.0651223
7 0.319282 0.381626 0.0248228 0.0487288
2 0.371666 0.42303 0.0410478 0.0553249
7 0.418731 0.347323 0.0284264 0.0420864
0 0.310403 0.535605 0.0202956 0.0626654
7 0.41022 0.315885 0.0189032 0.0532532
0 0.86636 0.494452 0.0202641 0.0440843
2 0.417078 0.858167 0.101865 0.174633
2 0.542548 0.726114 0.081451 0.135487
2 0.0358398 0.714929 0.0709069 0.139156
2 0.0737341 0.626986 0.0797053 0.104461
2 0.439081 0.433011 0.0365061 0.0533154
7 0.198669 0.419652 0.0607252 0.106162
2 0.52582 0.951212 0.116855 0.0959669
2 0.292387 0.493827 0.0410465 0.07794
0 0.422068 0.535996 0.0229738 0.0794161
7 0.364662 0.501977 0.0436264 0.121448
7 0.119125 0.89575 0.235813 0.191584
2 0.105682 0.586234 0.0662771 0.096538
7 0.385675 0.334622 0.026038 0.0672838
5 0.904115 0.650583 0.144445 0.269218
2 0.348728 0.367248 0.0225955 0.0398868
2 0.179079 0.495816 0.0489228 0.0746667
2 0.319291 0.381495 0.0245852 0.0491038
3 0.312175 0.554228 0.0228671 0.0661998
7 0.362453 0.322056 0.0246637 0.0540985
2 0.293186 0.329976 0.0223341 0.0360258
0 0.717691 0.409458 0.0138475 0.0403639
7 0.327433 0.335629 0.0244025 0.0609258
0 0.311135 0.546996 0.0223347 0.0754623
7 0.904265 0.648554 0.144176 0.269063
2 0.367337 0.415574 0.0310422 0.0443237
5 0.11928 0.896681 0.235572 0.19677
2 0.417121 0.344102 0.0230398 0.0355848
7 0.178733 0.49569 0.0490119 0.0745275
3 0.423409 0.560529 0.0216242 0.0491726
2 0.291461 0.379449 0.0130472 0.0424281
2 0.408317 0.41462 0.014712 0.0453856
2 0.4226 0.374874 0.0264063 0.0406409
2 0.371347 0.433833 0.0407578 0.0801778
0 0.694697 0.385668 0.0119968 0.042606
3 0.422172 0.545332 0.0234234 0.0733948
2 0.376995 0.441958 0.0332233 0.0651223
7 0.319282 0.381626 0.0248228 0.0487288
2 0.371666 0.42303 0.0410478 0.0553249
7 0.418731 0.347323 0.0284264 0.0420864
0 0.310403 0.535605 0.0202956 0.0626654
7 0.41022 0.315885 0.0189032 0.0532532
0 0.86636 0.494452 0.0202641 0.0440843
2 0.417078 0.858167 0.101865 0.174633
2 0.542548 0.726114 0.081451 0.135487
2 0.0358398 0.714929 0.0709069 0.139156
2 0.0737341 0.626986 0.0797053 0.104461
2 0.439081 0.433011 0.0365061 0.0533154
7 0.198669 0.419652 0.0607252 0.106162
2 0.52582 0.951212 0.116855 0.0959669
2 0.292387 0.493827 0.0410465 0.07794
0 0.422068 0.535996 0.0229738 0.0794161
7 0.364662 0.501977 0.0436264 0.121448
7 0.119125 0.89575 0.235813 0.191584
2 0.105682 0.586234 0.0662771 0.096538
7 0.385675 0.334622 0.026038 0.0672838
5 0.904115 0.650583 0.144445 0.269218
2 0.348728 0.367248 0.0225955 0.0398868
2 0.179079 0.495816 0.0489228 0.0746667
2 0.319291 0.381495 0.0245852 0.0491038
3 0.312175 0.554228 0.0228671 0.0661998
7 0.362453 0.322056 0.0246637 0.0540985
2 0.293186 0.329976 0.0223341 0.0360258
0 0.717691 0.409458 0.0138475 0.0403639
7 0.327433 0.335629 0.0244025 0.0609258
0 0.311135 0.546996 0.0223347 0.0754623
7 0.904265 0.648554 0.144176 0.269063
2 0.367337 0.415574 0.0310422 0.0443237
5 0.11928 0.896681 0.235572 0.19677
2 0.417121 0.344102 0.0230398 0.0355848
7 0.178733 0.49569 0.0490119 0.0745275
3 0.423409 0.560529 0.0216242 0.0491726
2 0.291461 0.379449 0.0130472 0.0424281
2 0.408317 0.41462 0.014712 0.0453856
2 0.4226 0.374874 0.0264063 0.0406409
2 0.371347 0.433833 0.0407578 0.0801778
0 0.694697 0.385668 0.0119968 0.042606
3 0.422172 0.545332 0.0234234 0.0733948
2 0.376995 0.441958 0.0332233 0.0651223
7 0.319282 0.381626 0.0248228 0.0487288
2 0.371666 0.42303 0.0410478 0.0553249
7 0.418731 0.347323 0.0284264 0.0420864
0 0.310403 0.535605 0.0202956 0.0626654
7 0.41022 0.315885 0.0189032 0.0532532
0 0.86636 0.494452 0.0202641 0.0440843
2 0.417078 0.858167 0.101865 0.174633
2 0.542548 0.726114 0.081451 0.135487
2 0.0358398 0.714929 0.0709069 0.139156
2 0.0737341 0.626986 0.0797053 0.104461
2 0.439081 0.433011 0.0365061 0.0533154
7 0.198669 0.419652 0.0607252 0.106162
2 0.52582 0.951212 0.116855 0.0959669
2 0.292387 0.493827 0.0410465 0.07794
0 0.422068 0.535996 0.0229738 0.0794161
7 0.364662 0.501977 0.0436264 0.121448
7 0.119125 0.89575 0.235813 0.191584
2 0.105682 0.586234 0.0662771 0.096538
7 0.385675 0.334622 0.026038 0.0672838
5 0.904115 0.650583 0.144445 0.269218
2 0.348728 0.367248 0.0225955 0.0398868
2 0.179079 0.495816 0.0489228 0.0746667
2 0.319291 0.381495 0.0245852 0.0491038
3 0.312175 0.554228 0.0228671 0.0661998
7 0.362453 0.322056 0.0246637 0.0540985
2 0.293186 0.329976 0.0223341 0.0360258
0 0.717691 0.409458 0.0138475 0.0403639
7 0.327433 0.335629 0.0244025 0.0609258
0 0.311135 0.546996 0.0223347 0.0754623
7 0.904265 0.648554 0.144176 0.269063
2 0.367337 0.415574 0.0310422 0.0443237
5 0.11928 0.896681 0.235572 0.19677
2 0.417121 0.344102 0.0230398 0.0355848
7 0.178733 0.49569 0.0490119 0.0745275
3 0.423409 0.560529 0.0216242 0.0491726
2 0.291461 0.379449 0.0130472 0.0424281
2 0.408317 0.41462 0.014712 0.0453856
2 0.4226 0.374874 0.0264063 0.0406409
2 0.371347 0.433833 0.0407578 0.0801778
0 0.694697 0.385668 0.0119968 0.042606
3 0.422172 0.545332 0.0234234 0.0733948
2 0.376995 0.441958 0.0332233 0.0651223
7 0.319282 0.381626 0.0248228 0.0487288
2 0.371666 0.42303 0.0410478 0.0553249
7 0.418731 0.347323 0.0284264 0.0420864
0 0.310403 0.535605 0.0202956 0.0626654
7 0.41022 0.315885 0.0189032 0.0532532
0 0.86636 0.494452 0.0202641 0.0440843
2 0.417078 0.858167 0.101865 0.174633
2 0.542548 0.726114 0.081451 0.135487
2 0.0358398 0.714929 0.0709069 0.139156
2 0.0737341 0.626986 0.0797053 0.104461
2 0.439081 0.433011 0.0365061 0.0533154
7 0.198669 0.419652 0.0607252 0.106162
2 0.52582 0.951212 0.116855 0.0959669
2 0.292387 0.493827 0.0410465 0.07794
0 0.422068 0.535996 0.0229738 0.0794161
7 0.364662 0.501977 0.0436264 0.121448
7 0.119125 0.89575 0.235813 0.191584
2 0.105682 0.586234 0.0662771 0.096538
7 0.385675 0.334622 0.026038 0.0672838
5 0.904115 0.650583 0.144445 0.269218
2 0.348728 0.367248 0.0225955 0.0398868
2 0.179079 0.495816 0.0489228 0.0746667
2 0.319291 0.381495 0.0245852 0.0491038
3 0.312175 0.554228 0.0228671 0.0661998
7 0.362453 0.322056 0.0246637 0.0540985
2 0.293186 0.329976 0.0223341 0.0360258
0 0.717691 0.409458 0.0138475 0.0403639
7 0.327433 0.335629 0.0244025 0.0609258
0 0.311135 0.546996 0.0223347 0.0754623
7 0.904265 0.648554 0.144176 0.269063
2 0.367337 0.415574 0.0310422 0.0443237
5 0.11928 0.896681 0.235572 0.19677
2 0.417121 0.344102 0.0230398 0.0355848
7 0.178733 0.49569 0.0490119 0.0745275
3 0.423409 0.560529 0.0216242 0.0491726
2 0.291461 0.379449 0.0130472 0.0424281
2 0.408317 0.41462 0.014712 0.0453856
2 0.4226 0.374874 0.0264063 0.0406409
2 0.371347 0.433833 0.0407578 0.0801778
0 0.694697 0.385668 0.0119968 0.042606
3 0.422172 0.545332 0.0234234 0.0733948
2 0.376995 0.441958 0.0332233 0.0651223
7 0.319282 0.381626 0.0248228 0.0487288
2 0.371666 0.42303 0.0410478 0.0553249
7 0.418731 0.347323 0.0284264 0.0420864
0 0.310403 0.535605 0.0202956 0.0626654
7 0.41022 0.315885 0.0189032 0.0532532
0 0.86636 0.494452 0.0202641 0.0440843
2 0.417078 0.858167 0.101865 0.174633
2 0.542548 0.726114 0.081451 0.135487
2 0.0358398 0.714929 0.0709069 0.139156
2 0.0737341 0.626986 0.0797053 0.104461
2 0.439081 0.433011 0.0365061 0.0533154
7 0.198669 0.419652 0.0607252 0.106162
2 0.52582 0.951212 0.116855 0.0959669
2 0.292387 0.493827 0.0410465 0.07794
0 0.422068 0.535996 0.0229738 0.0794161
7 0.364662 0.501977 0.0436264 0.121448
7 0.119125 0.89575 0.235813 0.191584
2 0.105682 0.586234 0.0662771 0.096538
7 0.385675 0.334622 0.026038 0.0672838
5 0.904115 0.650583 0.144445 0.269218
2 0.348728 0.367248 0.0225955 0.0398868
2 0.179079 0.495816 0.0489228 0.0746667
2 0.319291 0.381495 0.0245852 0.0491038
3 0.312175 0.554228 0.0228671 0.0661998
7 0.362453 0.322056 0.0246637 0.0540985
2 0.293186 0.329976 0.0223341 0.0360258
0 0.717691 0.409458 0.0138475 0.0403639
7 0.327433 0.335629 0.0244025 0.0609258
0 0.311135 0.546996 0.0223347 0.0754623
7 0.904265 0.648554 0.144176 0.269063
2 0.367337 0.415574 0.0310422 0.0443237
5 0.11928 0.896681 0.235572 0.19677
2 0.417121 0.344102 0.0230398 0.0355848
7 0.178733 0.49569 0.0490119 0.0745275
3 0.423409 0.560529 0.0216242 0.0491726
2 0.291461 0.379449 0.0130472 0.0424281
2 0.408317 0.41462 0.014712 0.0453856
2 0.4226 0.374874 0.0264063 0.0406409
2 0.371347 0.433833 0.0407578 0.0801778
0 0.694697 0.385668 0.0119968 0.042606
3 0.422172 0.545332 0.0234234 0.0733948
2 0.376995 0.441958 0.0332233 0.0651223
7 0.319282 0.381626 0.0248228 0.0487288
2 0.371666 0.42303 0.0410478 0.0553249
7 0.418731 0.347323 0.0284264 0.0420864
0 0.310403 0.535605 0.0202956 0.0626654
7 0.41022 0.315885 0.0189032 0.0532532
0 0.86636 0.494452 0.0202641 0.0440843
2 0.417078 0.858167 0.101865 0.174633
2 0.542548 0.726114 0.081451 0.135487
2 0.0358398 0.714929 0.0709069 0.139156
2 0.0737341 0.626986 0.0797053 0.104461
2 0.439081 0.433011 0.0365061 0.0533154
7 0.198669 0.419652 0.0607252 0.106162
2 0.52582 0.951212 0.116855 0.0959669
2 0.292387 0.493827 0.0410465 0.07794
0 0.422068 0.535996 0.0229738 0.0794161
7 0.364662 0.501977 0.0436264 0.121448
7 0.119125 0.89575 0.235813 0.191584
2 0.105682 0.586234 0.0662771 0.096538
7 0.385675 0.334622 0.026038 0.0672838
5 0.904115 0.650583 0.144445 0.269218
2 0.348728 0.367248 0.0225955 0.0398868
2 0.179079 0.495816 0.0489228 0.0746667
2 0.319291 0.381495 0.0245852 0.0491038
3 0.312175 0.554228 0.0228671 0.0661998
7 0.362453 0.322056 0.0246637 0.0540985
2 0.293186 0.329976 0.0223341 0.0360258
0 0.717691 0.409458 0.0138475 0.0403639
7 0.327433 0.335629 0.0244025 0.0609258
0 0.311135 0.546996 0.0223347 0.0754623
7 0.904265 0.648554 0.144176 0.269063
2 0.367337 0.415574 0.0310422 0.0443237
5 0.11928 0.896681 0.235572 0.19677
2 0.417121 0.344102 0.0230398 0.0355848
7 0.178733 0.49569 0.0490119 0.0745275
3 0.423409 0.560529 0.0216242 0.0491726
2 0.291461 0.379449 0.0130472 0.0424281
2 0.408317 0.41462 0.014712 0.0453856
2 0.4226 0.374874 0.0264063 0.0406409
2 0.371347 0.433833 0.0407578 0.0801778
0 0.694697 0.385668 0.0119968 0.042606
3 0.422172 0.545332 0.0234234 0.0733948
2 0.376995 0.441958 0.0332233 0.0651223
7 0.319282 0.381626 0.0248228 0.0487288
2 0.371666 0.42303 0.0410478 0.0553249
7 0.418731 0.347323 0.0284264 0.0420864
0 0.310403 0.535605 0.0202956 0.0626654
7 0.41022 0.315885 0.0189032 0.0532532
0 0.86636 0.494452 0.0202641 0.0440843
