2 0.0357188 0.714372 0.0707012 0.140659
2 0.56891 0.685533 0.0745859 0.138477
2 0.442745 0.541292 0.0491757 0.0843009
2 0.402768 0.502796 0.0465012 0.071101
2 0.0737335 0.626386 0.079288 0.103664
2 0.5207 0.598332 0.0652779 0.0969058
2 0.452052 0.45641 0.0383783 0.0591648
5 0.715201 0.373745 0.0706604 0.0995534
7 0.197201 0.419322 0.0625223 0.104692
2 0.967643 0.822099 0.063348 0.159002
2 0.178738 0.491798 0.0488369 0.0718462
2 0.401078 0.359057 0.0230356 0.0381873
2 0.86754 0.708198 0.0668762 0.112893
2 0.105638 0.586605 0.0666027 0.0961548
2 0.32796 0.387128 0.0251034 0.0484641
5 0.779437 0.43283 0.0859736 0.123926
7 0.37197 0.396691 0.0306804 0.081222
5 0.62937 0.347786 0.0604856 0.0683727
2 0.433676 0.983475 0.106808 0.0311649
3 0.882465 0.498227 0.0220337 0.0546418
7 0.283578 0.519198 0.0920966 0.202468
2 0.877874 0.712985 0.08822 0.123972
2 0.408062 0.332344 0.024467 0.0467467
7 0.629529 0.348114 0.060179 0.0678671
0 0.882488 0.48754 0.0219341 0.0746877
3 0.407085 0.401687 0.0136612 0.0484599
0 0.931769 0.547056 0.0250332 0.0850396
0 0.269732 0.357012 0.00784683 0.0350063
2 0.347301 0.403683 0.0139503 0.0458399
2 0.0357188 0.714372 0.0707012 0.140659
2 0.56891 0.685533 0.0745859 0.138477
2 0.442745 0.541292 0.0491757 0.0843009
2 0.402768 0.502796 0.0465012 0.071101
2 0.0737335 0.626386 0.079288 0.103664
2 0.5207 0.598332 0.0652779 0.0969058
2 0.452052 0.45641 0.0383783 0.0591648
5 0.715201 0.373745 0.0706604 0.0995534
7 0.197201 0.419322 0.0625223 0.104692
2 0.967643 0.822099 0.063348 0.159002
2 0.178738 0.491798 0.0488369 0.0718462
2 0.401078 0.359057 0.0230356 0.0381873
2 0.86754 0.708198 0.0668762 0.112893
2 0.105638 0.586605 0.0666027 0.0961548
2 0.32796 0.387128 0.0251034 0.0484641
5 0.779437 0.43283 0.0859736 0.123926
7 0.37197 0.396691 0.0306804 0.081222
5 0.62937 0.347786 0.0604856 0.0683727
2 0.433676 0.983475 0.106808 0.0311649
3 0.882465 0.498227 0.0220337 0.0546418
7 0.283578 0.519198 0.0920966 0.202468
2 0.877874 0.712985 0.08822 0.123972
2 0.408062 0.332344 0.024467 0.0467467
7 0.629529 0.348114 0.060179 0.0678671
0 0.882488 0.48754 0.0219341 0.0746877
3 0.407085 0.401687 0.0136612 0.0484599
0 0.931769 0.547056 0.0250332 0.0850396
0 0.269732 0.357012 0.00784683 0.0350063
2 0.347301 0.403683 0.0139503 0.0458399
2 0.309371 0.284006 0.0153832 0.0231109
2 0.33938 0.316702 0.0150466 0.0310843
3 0.931625 0.54767 0.0233688 0.0839857
7 0.778593 0.428646 0.0840454 0.115845
0 0.254203 0.359309 0.0101865 0.0419273
7 0.217818 0.398875 0.0391777 0.0659253
7 0.319243 0.324944 0.0172439 0.0348092
2 0.0357188 0.714372 0.0707012 0.140659
2 0.56891 0.685533 0.0745859 0.138477
2 0.442745 0.541292 0.0491757 0.0843009
2 0.402768 0.502796 0.0465012 0.071101
2 0.0737335 0.626386 0.079288 0.103664
2 0.5207 0.598332 0.0652779 0.0969058
2 0.452052 0.45641 0.0383783 0.0591648
5 0.715201 0.373745 0.0706604 0.0995534
7 0.197201 0.419322 0.0625223 0.104692
2 0.967643 0.822099 0.063348 0.159002
2 0.178738 0.491798 0.0488369 0.0718462
2 0.401078 0.359057 0.0230356 0.0381873
2 0.86754 0.708198 0.0668762 0.112893
2 0.105638 0.586605 0.0666027 0.0961548
2 0.32796 0.387128 0.0251034 0.0484641
5 0.779437 0.43283 0.0859736 0.123926
7 0.37197 0.396691 0.0306804 0.081222
5 0.62937 0.347786 0.0604856 0.0683727
2 0.433676 0.983475 0.106808 0.0311649
3 0.882465 0.498227 0.0220337 0.0546418
7 0.283578 0.519198 0.0920966 0.202468
2 0.877874 0.712985 0.08822 0.123972
2 0.408062 0.332344 0.024467 0.0467467
7 0.629529 0.348114 0.060179 0.0678671
0 0.882488 0.48754 0.0219341 0.0746877
3 0.407085 0.401687 0.0136612 0.0484599
0 0.931769 0.547056 0.0250332 0.0850396
0 0.269732 0.357012 0.00784683 0.0350063
2 0.347301 0.403683 0.0139503 0.0458399
2 0.309371 0.284006 0.0153832 0.0231109
2 0.33938 0.316702 0.0150466 0.0310843
3 0.931625 0.54767 0.0233688 0.0839857
7 0.778593 0.428646 0.0840454 0.115845
0 0.254203 0.359309 0.0101865 0.0419273
7 0.217818 0.398875 0.0391777 0.0659253
7 0.319243 0.324944 0.0172439 0.0348092
2 0.0357188 0.714372 0.0707012 0.140659
2 0.56891 0.685533 0.0745859 0.138477
2 0.442745 0.541292 0.0491757 0.0843009
2 0.402768 0.502796 0.0465012 0.071101
2 0.0737335 0.626386 0.079288 0.103664
2 0.5207 0.598332 0.0652779 0.0969058
2 0.452052 0.45641 0.0383783 0.0591648
5 0.715201 0.373745 0.0706604 0.0995534
7 0.197201 0.419322 0.0625223 0.104692
2 0.967643 0.822099 0.063348 0.159002
2 0.178738 0.491798 0.0488369 0.0718462
2 0.401078 0.359057 0.0230356 0.0381873
2 0.86754 0.708198 0.0668762 0.112893
2 0.105638 0.586605 0.0666027 0.0961548
2 0.32796 0.387128 0.0251034 0.0484641
5 0.779437 0.43283 0.0859736 0.123926
7 0.37197 0.396691 0.0306804 0.081222
5 0.62937 0.347786 0.0604856 0.0683727
2 0.433676 0.983475 0.106808 0.0311649
3 0.882465 0.498227 0.0220337 0.0546418
7 0.283578 0.519198 0.0920966 0.202468
2 0.877874 0.712985 0.08822 0.123972
2 0.408062 0.332344 0.024467 0.0467467
7 0.629529 0.348114 0.060179 0.0678671
0 0.882488 0.48754 0.0219341 0.0746877
3 0.407085 0.401687 0.0136612 0.0484599
0 0.931769 0.547056 0.0250332 0.0850396
0 0.269732 0.357012 0.00784683 0.0350063
2 0.347301 0.403683 0.0139503 0.0458399
2 0.309371 0.284006 0.0153832 0.0231109
2 0.33938 0.316702 0.0150466 0.0310843
3 0.931625 0.54767 0.0233688 0.0839857
7 0.778593 0.428646 0.0840454 0.115845
0 0.254203 0.359309 0.0101865 0.0419273
7 0.217818 0.398875 0.0391777 0.0659253
7 0.319243 0.324944 0.0172439 0.0348092
2 0.0357188 0.714372 0.0707012 0.140659
2 0.56891 0.685533 0.0745859 0.138477
2 0.442745 0.541292 0.0491757 0.0843009
2 0.402768 0.502796 0.0465012 0.071101
2 0.0737335 0.626386 0.079288 0.103664
2 0.5207 0.598332 0.0652779 0.0969058
2 0.452052 0.45641 0.0383783 0.0591648
5 0.715201 0.373745 0.0706604 0.0995534
7 0.197201 0.419322 0.0625223 0.104692
2 0.967643 0.822099 0.063348 0.159002
2 0.178738 0.491798 0.0488369 0.0718462
2 0.401078 0.359057 0.0230356 0.0381873
2 0.86754 0.708198 0.0668762 0.112893
2 0.105638 0.586605 0.0666027 0.0961548
2 0.32796 0.387128 0.0251034 0.0484641
5 0.779437 0.43283 0.0859736 0.123926
7 0.37197 0.396691 0.0306804 0.081222
5 0.62937 0.347786 0.0604856 0.0683727
2 0.433676 0.983475 0.106808 0.0311649
3 0.882465 0.498227 0.0220337 0.0546418
7 0.283578 0.519198 0.0920966 0.202468
2 0.877874 0.712985 0.08822 0.123972
2 0.408062 0.332344 0.024467 0.0467467
7 0.629529 0.348114 0.060179 0.0678671
0 0.882488 0.48754 0.0219341 0.0746877
3 0.407085 0.401687 0.0136612 0.0484599
0 0.931769 0.547056 0.0250332 0.0850396
0 0.269732 0.357012 0.00784683 0.0350063
2 0.347301 0.403683 0.0139503 0.0458399
2 0.309371 0.284006 0.0153832 0.0231109
2 0.33938 0.316702 0.0150466 0.0310843
3 0.931625 0.54767 0.0233688 0.0839857
7 0.778593 0.428646 0.0840454 0.115845
0 0.254203 0.359309 0.0101865 0.0419273
7 0.217818 0.398875 0.0391777 0.0659253
7 0.319243 0.324944 0.0172439 0.0348092
2 0.0357188 0.714372 0.0707012 0.140659
2 0.56891 0.685533 0.0745859 0.138477
2 0.442745 0.541292 0.0491757 0.0843009
2 0.402768 0.502796 0.0465012 0.071101
2 0.0737335 0.626386 0.079288 0.103664
2 0.5207 0.598332 0.0652779 0.0969058
2 0.452052 0.45641 0.0383783 0.0591648
5 0.715201 0.373745 0.0706604 0.0995534
7 0.197201 0.419322 0.0625223 0.104692
2 0.967643 0.822099 0.063348 0.159002
2 0.178738 0.491798 0.0488369 0.0718462
2 0.401078 0.359057 0.0230356 0.0381873
2 0.86754 0.708198 0.0668762 0.112893
2 0.105638 0.586605 0.0666027 0.0961548
2 0.32796 0.387128 0.0251034 0.0484641
5 0.779437 0.43283 0.0859736 0.123926
7 0.37197 0.396691 0.0306804 0.081222
5 0.62937 0.347786 0.0604856 0.0683727
2 0.433676 0.983475 0.106808 0.0311649
3 0.882465 0.498227 0.0220337 0.0546418
7 0.283578 0.519198 0.0920966 0.202468
2 0.877874 0.712985 0.08822 0.123972
2 0.408062 0.332344 0.024467 0.0467467
7 0.629529 0.348114 0.060179 0.0678671
0 0.882488 0.48754 0.0219341 0.0746877
3 0.407085 0.401687 0.0136612 0.0484599
0 0.931769 0.547056 0.0250332 0.0850396
0 0.269732 0.357012 0.00784683 0.0350063
2 0.347301 0.403683 0.0139503 0.0458399
2 0.309371 0.284006 0.0153832 0.0231109
2 0.33938 0.316702 0.0150466 0.0310843
3 0.931625 0.54767 0.0233688 0.0839857
7 0.778593 0.428646 0.0840454 0.115845
0 0.254203 0.359309 0.0101865 0.0419273
7 0.217818 0.398875 0.0391777 0.0659253
7 0.319243 0.324944 0.0172439 0.0348092
2 0.0357188 0.714372 0.0707012 0.140659
2 0.56891 0.685533 0.0745859 0.138477
2 0.442745 0.541292 0.0491757 0.0843009
2 0.402768 0.502796 0.0465012 0.071101
2 0.0737335 0.626386 0.079288 0.103664
2 0.5207 0.598332 0.0652779 0.0969058
2 0.452052 0.45641 0.0383783 0.0591648
5 0.715201 0.373745 0.0706604 0.0995534
7 0.197201 0.419322 0.0625223 0.104692
2 0.967643 0.822099 0.063348 0.159002
2 0.178738 0.491798 0.0488369 0.0718462
2 0.401078 0.359057 0.0230356 0.0381873
2 0.86754 0.708198 0.0668762 0.112893
2 0.105638 0.586605 0.0666027 0.0961548
2 0.32796 0.387128 0.0251034 0.0484641
5 0.779437 0.43283 0.0859736 0.123926
7 0.37197 0.396691 0.0306804 0.081222
5 0.62937 0.347786 0.0604856 0.0683727
2 0.433676 0.983475 0.106808 0.0311649
3 0.882465 0.498227 0.0220337 0.0546418
7 0.283578 0.519198 0.0920966 0.202468
2 0.877874 0.712985 0.08822 0.123972
2 0.408062 0.332344 0.024467 0.0467467
7 0.629529 0.348114 0.060179 0.0678671
0 0.882488 0.48754 0.0219341 0.0746877
3 0.407085 0.401687 0.0136612 0.0484599
0 0.931769 0.547056 0.0250332 0.0850396
0 0.269732 0.357012 0.00784683 0.0350063
2 0.347301 0.403683 0.0139503 0.0458399
2 0.309371 0.284006 0.0153832 0.0231109
2 0.33938 0.316702 0.0150466 0.0310843
3 0.931625 0.54767 0.0233688 0.0839857
7 0.778593 0.428646 0.0840454 0.115845
0 0.254203 0.359309 0.0101865 0.0419273
7 0.217818 0.398875 0.0391777 0.0659253
7 0.319243 0.324944 0.0172439 0.0348092
2 0.0357188 0.714372 0.0707012 0.140659
2 0.56891 0.685533 0.0745859 0.138477
2 0.442745 0.541292 0.0491757 0.0843009
2 0.402768 0.502796 0.0465012 0.071101
2 0.0737335 0.626386 0.079288 0.103664
2 0.5207 0.598332 0.0652779 0.0969058
2 0.452052 0.45641 0.0383783 0.0591648
5 0.715201 0.373745 0.0706604 0.0995534
7 0.197201 0.419322 0.0625223 0.104692
2 0.967643 0.822099 0.063348 0.159002
2 0.178738 0.491798 0.0488369 0.0718462
2 0.401078 0.359057 0.0230356 0.0381873
2 0.86754 0.708198 0.0668762 0.112893
2 0.105638 0.586605 0.0666027 0.0961548
2 0.32796 0.387128 0.0251034 0.0484641
5 0.779437 0.43283 0.0859736 0.123926
7 0.37197 0.396691 0.0306804 0.081222
5 0.62937 0.347786 0.0604856 0.0683727
2 0.433676 0.983475 0.106808 0.0311649
3 0.882465 0.498227 0.0220337 0.0546418
7 0.283578 0.519198 0.0920966 0.202468
2 0.877874 0.712985 0.08822 0.123972
2 0.408062 0.332344 0.024467 0.0467467
7 0.629529 0.348114 0.060179 0.0678671
0 0.882488 0.48754 0.0219341 0.0746877
3 0.407085 0.401687 0.0136612 0.0484599
0 0.931769 0.547056 0.0250332 0.0850396
0 0.269732 0.357012 0.00784683 0.0350063
2 0.347301 0.403683 0.0139503 0.0458399
2 0.309371 0.284006 0.0153832 0.0231109
2 0.33938 0.316702 0.0150466 0.0310843
3 0.931625 0.54767 0.0233688 0.0839857
7 0.778593 0.428646 0.0840454 0.115845
0 0.254203 0.359309 0.0101865 0.0419273
7 0.217818 0.398875 0.0391777 0.0659253
7 0.319243 0.324944 0.0172439 0.0348092
2 0.0357188 0.714372 0.0707012 0.140659
2 0.56891 0.685533 0.0745859 0.138477
2 0.442745 0.541292 0.0491757 0.0843009
2 0.402768 0.502796 0.0465012 0.071101
2 0.0737335 0.626386 0.079288 0.103664
2 0.5207 0.598332 0.0652779 0.0969058
2 0.452052 0.45641 0.0383783 0.0591648
5 0.715201 0.373745 0.0706604 0.0995534
7 0.197201 0.419322 0.0625223 0.104692
2 0.967643 0.822099 0.063348 0.159002
2 0.178738 0.491798 0.0488369 0.0718462
2 0.401078 0.359057 0.0230356 0.0381873
2 0.86754 0.708198 0.0668762 0.112893
2 0.105638 0.586605 0.0666027 0.0961548
2 0.32796 0.387128 0.0251034 0.0484641
5 0.779437 0.43283 0.0859736 0.123926
7 0.37197 0.396691 0.0306804 0.081222
5 0.62937 0.347786 0.0604856 0.0683727
2 0.433676 0.983475 0.106808 0.0311649
3 0.882465 0.498227 0.0220337 0.0546418
7 0.283578 0.519198 0.0920966 0.202468
2 0.877874 0.712985 0.08822 0.123972
2 0.408062 0.332344 0.024467 0.0467467
7 0.629529 0.348114 0.060179 0.0678671
0 0.882488 0.48754 0.0219341 0.0746877
3 0.407085 0.401687 0.0136612 0.0484599
0 0.931769 0.547056 0.0250332 0.0850396
0 0.269732 0.357012 0.00784683 0.0350063
2 0.347301 0.403683 0.0139503 0.0458399
2 0.309371 0.284006 0.0153832 0.0231109
2 0.33938 0.316702 0.0150466 0.0310843
3 0.931625 0.54767 0.0233688 0.0839857
7 0.778593 0.428646 0.0840454 0.115845
0 0.254203 0.359309 0.0101865 0.0419273
7 0.217818 0.398875 0.0391777 0.0659253
7 0.319243 0.324944 0.0172439 0.0348092
2 0.0357188 0.714372 0.0707012 0.140659
2 0.56891 0.685533 0.0745859 0.138477
2 0.442745 0.541292 0.0491757 0.0843009
2 0.402768 0.502796 0.0465012 0.071101
2 0.0737335 0.626386 0.079288 0.103664
2 0.5207 0.598332 0.0652779 0.0969058
2 0.452052 0.45641 0.0383783 0.0591648
5 0.715201 0.373745 0.0706604 0.0995534
7 0.197201 0.419322 0.0625223 0.104692
2 0.967643 0.822099 0.063348 0.159002
2 0.178738 0.491798 0.0488369 0.0718462
2 0.401078 0.359057 0.0230356 0.0381873
2 0.86754 0.708198 0.0668762 0.112893
2 0.105638 0.586605 0.0666027 0.0961548
2 0.32796 0.387128 0.0251034 0.0484641
5 0.779437 0.43283 0.0859736 0.123926
7 0.37197 0.396691 0.0306804 0.081222
5 0.62937 0.347786 0.0604856 0.0683727
2 0.433676 0.983475 0.106808 0.0311649
3 0.882465 0.498227 0.0220337 0.0546418
7 0.283578 0.519198 0.0920966 0.202468
2 0.877874 0.712985 0.08822 0.123972
2 0.408062 0.332344 0.024467 0.0467467
7 0.629529 0.348114 0.060179 0.0678671
0 0.882488 0.48754 0.0219341 0.0746877
3 0.407085 0.401687 0.0136612 0.0484599
0 0.931769 0.547056 0.0250332 0.0850396
0 0.269732 0.357012 0.00784683 0.0350063
2 0.347301 0.403683 0.0139503 0.0458399
2 0.309371 0.284006 0.0153832 0.0231109
2 0.33938 0.316702 0.0150466 0.0310843
3 0.931625 0.54767 0.0233688 0.0839857
7 0.778593 0.428646 0.0840454 0.115845
0 0.254203 0.359309 0.0101865 0.0419273
7 0.217818 0.398875 0.0391777 0.0659253
7 0.319243 0.324944 0.0172439 0.0348092
2 0.0357188 0.714372 0.0707012 0.140659
2 0.56891 0.685533 0.0745859 0.138477
2 0.442745 0.541292 0.0491757 0.0843009
2 0.402768 0.502796 0.0465012 0.071101
2 0.0737335 0.626386 0.079288 0.103664
2 0.5207 0.598332 0.0652779 0.0969058
2 0.452052 0.45641 0.0383783 0.0591648
5 0.715201 0.373745 0.0706604 0.0995534
7 0.197201 0.419322 0.0625223 0.104692
2 0.967643 0.822099 0.063348 0.159002
2 0.178738 0.491798 0.0488369 0.0718462
2 0.401078 0.359057 0.0230356 0.0381873
2 0.86754 0.708198 0.0668762 0.112893
2 0.105638 0.586605 0.0666027 0.0961548
2 0.32796 0.387128 0.0251034 0.0484641
5 0.779437 0.43283 0.0859736 0.123926
7 0.37197 0.396691 0.0306804 0.081222
5 0.62937 0.347786 0.0604856 0.0683727
2 0.433676 0.983475 0.106808 0.0311649
3 0.882465 0.498227 0.0220337 0.0546418
7 0.283578 0.519198 0.0920966 0.202468
2 0.877874 0.712985 0.08822 0.123972
2 0.408062 0.332344 0.024467 0.0467467
7 0.629529 0.348114 0.060179 0.0678671
0 0.882488 0.48754 0.0219341 0.0746877
3 0.407085 0.401687 0.0136612 0.0484599
0 0.931769 0.547056 0.0250332 0.0850396
0 0.269732 0.357012 0.00784683 0.0350063
2 0.347301 0.403683 0.0139503 0.0458399
2 0.309371 0.284006 0.0153832 0.0231109
2 0.33938 0.316702 0.0150466 0.0310843
3 0.931625 0.54767 0.0233688 0.0839857
7 0.778593 0.428646 0.0840454 0.115845
0 0.254203 0.359309 0.0101865 0.0419273
7 0.217818 0.398875 0.0391777 0.0659253
7 0.319243 0.324944 0.0172439 0.0348092
2 0.0357188 0.714372 0.0707012 0.140659
2 0.56891 0.685533 0.0745859 0.138477
2 0.442745 0.541292 0.0491757 0.0843009
2 0.402768 0.502796 0.0465012 0.071101
2 0.0737335 0.626386 0.079288 0.103664
2 0.5207 0.598332 0.0652779 0.0969058
2 0.452052 0.45641 0.0383783 0.0591648
5 0.715201 0.373745 0.0706604 0.0995534
7 0.197201 0.419322 0.0625223 0.104692
2 0.967643 0.822099 0.063348 0.159002
2 0.178738 0.491798 0.0488369 0.0718462
2 0.401078 0.359057 0.0230356 0.0381873
2 0.86754 0.708198 0.0668762 0.112893
2 0.105638 0.586605 0.0666027 0.0961548
2 0.32796 0.387128 0.0251034 0.0484641
5 0.779437 0.43283 0.0859736 0.123926
7 0.37197 0.396691 0.0306804 0.081222
5 0.62937 0.347786 0.0604856 0.0683727
2 0.433676 0.983475 0.106808 0.0311649
3 0.882465 0.498227 0.0220337 0.0546418
7 0.283578 0.519198 0.0920966 0.202468
2 0.877874 0.712985 0.08822 0.123972
2 0.408062 0.332344 0.024467 0.0467467
7 0.629529 0.348114 0.060179 0.0678671
0 0.882488 0.48754 0.0219341 0.0746877
3 0.407085 0.401687 0.0136612 0.0484599
0 0.931769 0.547056 0.0250332 0.0850396
0 0.269732 0.357012 0.00784683 0.0350063
2 0.347301 0.403683 0.0139503 0.0458399
2 0.309371 0.284006 0.0153832 0.0231109
2 0.33938 0.316702 0.0150466 0.0310843
3 0.931625 0.54767 0.0233688 0.0839857
7 0.778593 0.428646 0.0840454 0.115845
0 0.254203 0.359309 0.0101865 0.0419273
7 0.217818 0.398875 0.0391777 0.0659253
7 0.319243 0.324944 0.0172439 0.0348092
2 0.0357188 0.714372 0.0707012 0.140659
2 0.56891 0.685533 0.0745859 0.138477
2 0.442745 0.541292 0.0491757 0.0843009
2 0.402768 0.502796 0.0465012 0.071101
2 0.0737335 0.626386 0.079288 0.103664
2 0.5207 0.598332 0.0652779 0.0969058
2 0.452052 0.45641 0.0383783 0.0591648
5 0.715201 0.373745 0.0706604 0.0995534
7 0.197201 0.419322 0.0625223 0.104692
2 0.967643 0.822099 0.063348 0.159002
2 0.178738 0.491798 0.0488369 0.0718462
2 0.401078 0.359057 0.0230356 0.0381873
2 0.86754 0.708198 0.0668762 0.112893
2 0.105638 0.586605 0.0666027 0.0961548
2 0.32796 0.387128 0.0251034 0.0484641
5 0.779437 0.43283 0.0859736 0.123926
7 0.37197 0.396691 0.0306804 0.081222
5 0.62937 0.347786 0.0604856 0.0683727
2 0.433676 0.983475 0.106808 0.0311649
3 0.882465 0.498227 0.0220337 0.0546418
7 0.283578 0.519198 0.0920966 0.202468
2 0.877874 0.712985 0.08822 0.123972
2 0.408062 0.332344 0.024467 0.0467467
7 0.629529 0.348114 0.060179 0.0678671
0 0.882488 0.48754 0.0219341 0.0746877
3 0.407085 0.401687 0.0136612 0.0484599
0 0.931769 0.547056 0.0250332 0.0850396
0 0.269732 0.357012 0.00784683 0.0350063
2 0.347301 0.403683 0.0139503 0.0458399
2 0.309371 0.284006 0.0153832 0.0231109
2 0.33938 0.316702 0.0150466 0.0310843
3 0.931625 0.54767 0.0233688 0.0839857
7 0.778593 0.428646 0.0840454 0.115845
0 0.254203 0.359309 0.0101865 0.0419273
7 0.217818 0.398875 0.0391777 0.0659253
7 0.319243 0.324944 0.0172439 0.0348092
2 0.0357188 0.714372 0.0707012 0.140659
2 0.56891 0.685533 0.0745859 0.138477
2 0.442745 0.541292 0.0491757 0.0843009
2 0.402768 0.502796 0.0465012 0.071101
2 0.0737335 0.626386 0.079288 0.103664
2 0.5207 0.598332 0.0652779 0.0969058
2 0.452052 0.45641 0.0383783 0.0591648
5 0.715201 0.373745 0.0706604 0.0995534
7 0.197201 0.419322 0.0625223 0.104692
2 0.967643 0.822099 0.063348 0.159002
2 0.178738 0.491798 0.0488369 0.0718462
2 0.401078 0.359057 0.0230356 0.0381873
2 0.86754 0.708198 0.0668762 0.112893
2 0.105638 0.586605 0.0666027 0.0961548
2 0.32796 0.387128 0.0251034 0.0484641
5 0.779437 0.43283 0.0859736 0.123926
7 0.37197 0.396691 0.0306804 0.081222
5 0.62937 0.347786 0.0604856 0.0683727
2 0.433676 0.983475 0.106808 0.0311649
3 0.882465 0.498227 0.0220337 0.0546418
7 0.283578 0.519198 0.0920966 0.202468
2 0.877874 0.712985 0.08822 0.123972
2 0.408062 0.332344 0.024467 0.0467467
7 0.629529 0.348114 0.060179 0.0678671
0 0.882488 0.48754 0.0219341 0.0746877
3 0.407085 0.401687 0.0136612 0.0484599
0 0.931769 0.547056 0.0250332 0.0850396
0 0.269732 0.357012 0.00784683 0.0350063
2 0.347301 0.403683 0.0139503 0.0458399
2 0.309371 0.284006 0.0153832 0.0231109
2 0.33938 0.316702 0.0150466 0.0310843
3 0.931625 0.54767 0.0233688 0.0839857
7 0.778593 0.428646 0.0840454 0.115845
0 0.254203 0.359309 0.0101865 0.0419273
7 0.217818 0.398875 0.0391777 0.0659253
7 0.319243 0.324944 0.0172439 0.0348092
2 0.0357188 0.714372 0.0707012 0.140659
2 0.56891 0.685533 0.0745859 0.138477
2 0.442745 0.541292 0.0491757 0.0843009
2 0.402768 0.502796 0.0465012 0.071101
2 0.0737335 0.626386 0.079288 0.103664
2 0.5207 0.598332 0.0652779 0.0969058
2 0.452052 0.45641 0.0383783 0.0591648
5 0.715201 0.373745 0.0706604 0.0995534
7 0.197201 0.419322 0.0625223 0.104692
2 0.967643 0.822099 0.063348 0.159002
2 0.178738 0.491798 0.0488369 0.0718462
2 0.401078 0.359057 0.0230356 0.0381873
2 0.86754 0.708198 0.0668762 0.112893
2 0.105638 0.586605 0.0666027 0.0961548
2 0.32796 0.387128 0.0251034 0.0484641
5 0.779437 0.43283 0.0859736 0.123926
7 0.37197 0.396691 0.0306804 0.081222
5 0.62937 0.347786 0.0604856 0.0683727
2 0.433676 0.983475 0.106808 0.0311649
3 0.882465 0.498227 0.0220337 0.0546418
7 0.283578 0.519198 0.0920966 0.202468
2 0.877874 0.712985 0.08822 0.123972
2 0.408062 0.332344 0.024467 0.0467467
7 0.629529 0.348114 0.060179 0.0678671
0 0.882488 0.48754 0.0219341 0.0746877
3 0.407085 0.401687 0.0136612 0.0484599
0 0.931769 0.547056 0.0250332 0.0850396
0 0.269732 0.357012 0.00784683 0.0350063
2 0.347301 0.403683 0.0139503 0.0458399
2 0.309371 0.284006 0.0153832 0.0231109
2 0.33938 0.316702 0.0150466 0.0310843
3 0.931625 0.54767 0.0233688 0.0839857
7 0.778593 0.428646 0.0840454 0.115845
0 0.254203 0.359309 0.0101865 0.0419273
7 0.217818 0.398875 0.0391777 0.0659253
7 0.319243 0.324944 0.0172439 0.0348092
2 0.0357188 0.714372 0.0707012 0.140659
2 0.56891 0.685533 0.0745859 0.138477
2 0.442745 0.541292 0.0491757 0.0843009
2 0.402768 0.502796 0.0465012 0.071101
2 0.0737335 0.626386 0.079288 0.103664
2 0.5207 0.598332 0.0652779 0.0969058
2 0.452052 0.45641 0.0383783 0.0591648
5 0.715201 0.373745 0.0706604 0.0995534
7 0.197201 0.419322 0.0625223 0.104692
2 0.967643 0.822099 0.063348 0.159002
2 0.178738 0.491798 0.0488369 0.0718462
2 0.401078 0.359057 0.0230356 0.0381873
2 0.86754 0.708198 0.0668762 0.112893
2 0.105638 0.586605 0.0666027 0.0961548
2 0.32796 0.387128 0.0251034 0.0484641
5 0.779437 0.43283 0.0859736 0.123926
7 0.37197 0.396691 0.0306804 0.081222
5 0.62937 0.347786 0.0604856 0.0683727
2 0.433676 0.983475 0.106808 0.0311649
3 0.882465 0.498227 0.0220337 0.0546418
7 0.283578 0.519198 0.0920966 0.202468
2 0.877874 0.712985 0.08822 0.123972
2 0.408062 0.332344 0.024467 0.0467467
7 0.629529 0.348114 0.060179 0.0678671
0 0.882488 0.48754 0.0219341 0.0746877
3 0.407085 0.401687 0.0136612 0.0484599
0 0.931769 0.547056 0.0250332 0.0850396
0 0.269732 0.357012 0.00784683 0.0350063
2 0.347301 0.403683 0.0139503 0.0458399
2 0.309371 0.284006 0.0153832 0.0231109
2 0.33938 0.316702 0.0150466 0.0310843
3 0.931625 0.54767 0.0233688 0.0839857
7 0.778593 0.428646 0.0840454 0.115845
0 0.254203 0.359309 0.0101865 0.0419273
7 0.217818 0.398875 0.0391777 0.0659253
7 0.319243 0.324944 0.0172439 0.0348092
2 0.0357188 0.714372 0.0707012 0.140659
2 0.56891 0.685533 0.0745859 0.138477
2 0.442745 0.541292 0.0491757 0.0843009
2 0.402768 0.502796 0.0465012 0.071101
2 0.0737335 0.626386 0.079288 0.103664
2 0.5207 0.598332 0.0652779 0.0969058
2 0.452052 0.45641 0.0383783 0.0591648
5 0.715201 0.373745 0.0706604 0.0995534
7 0.197201 0.419322 0.0625223 0.104692
2 0.967643 0.822099 0.063348 0.159002
2 0.178738 0.491798 0.0488369 0.0718462
2 0.401078 0.359057 0.0230356 0.0381873
2 0.86754 0.708198 0.0668762 0.112893
2 0.105638 0.586605 0.0666027 0.0961548
2 0.32796 0.387128 0.0251034 0.0484641
5 0.779437 0.43283 0.0859736 0.123926
7 0.37197 0.396691 0.0306804 0.081222
5 0.62937 0.347786 0.0604856 0.0683727
2 0.433676 0.983475 0.106808 0.0311649
3 0.882465 0.498227 0.0220337 0.0546418
7 0.283578 0.519198 0.0920966 0.202468
2 0.877874 0.712985 0.08822 0.123972
2 0.408062 0.332344 0.024467 0.0467467
7 0.629529 0.348114 0.060179 0.0678671
0 0.882488 0.48754 0.0219341 0.0746877
3 0.407085 0.401687 0.0136612 0.0484599
0 0.931769 0.547056 0.0250332 0.0850396
0 0.269732 0.357012 0.00784683 0.0350063
2 0.347301 0.403683 0.0139503 0.0458399
2 0.309371 0.284006 0.0153832 0.0231109
2 0.33938 0.316702 0.0150466 0.0310843
3 0.931625 0.54767 0.0233688 0.0839857
7 0.778593 0.428646 0.0840454 0.115845
0 0.254203 0.359309 0.0101865 0.0419273
7 0.217818 0.398875 0.0391777 0.0659253
7 0.319243 0.324944 0.0172439 0.0348092
2 0.569536 0.684513 0.0744945 0.14158
5 0.282847 0.52091 0.0924458 0.20213
2 0.035443 0.715923 0.0706838 0.141635
2 0.520496 0.599082 0.0628915 0.0976635
2 0.074069 0.62559 0.0768971 0.102364
2 0.442495 0.539122 0.0500268 0.0803894
2 0.451751 0.455016 0.0391602 0.0606809
2 0.403721 0.503461 0.0486248 0.0716695
5 0.715871 0.373226 0.0714674 0.0976146
3 0.882561 0.503698 0.0224682 0.043251
5 0.779937 0.431803 0.0858381 0.122714
2 0.178232 0.493194 0.0488317 0.0703801
2 0.967731 0.83131 0.0603945 0.173583
5 0.372593 0.397507 0.0288697 0.0794445
2 0.105268 0.585278 0.0668167 0.0952688
2 0.400962 0.357976 0.0238615 0.0382178
2 0.328164 0.386394 0.0254081 0.049274
2 0.86808 0.709141 0.0660767 0.11142
7 0.196729 0.418881 0.0610555 0.105047
5 0.629797 0.349042 0.0595181 0.0670424
2 0.569536 0.684513 0.0744945 0.14158
5 0.282847 0.52091 0.0924458 0.20213
2 0.035443 0.715923 0.0706838 0.141635
2 0.520496 0.599082 0.0628915 0.0976635
2 0.074069 0.62559 0.0768971 0.102364
2 0.442495 0.539122 0.0500268 0.0803894
2 0.451751 0.455016 0.0391602 0.0606809
2 0.403721 0.503461 0.0486248 0.0716695
5 0.715871 0.373226 0.0714674 0.0976146
3 0.882561 0.503698 0.0224682 0.043251
5 0.779937 0.431803 0.0858381 0.122714
2 0.178232 0.493194 0.0488317 0.0703801
2 0.967731 0.83131 0.0603945 0.173583
5 0.372593 0.397507 0.0288697 0.0794445
2 0.105268 0.585278 0.0668167 0.0952688
2 0.400962 0.357976 0.0238615 0.0382178
2 0.328164 0.386394 0.0254081 0.049274
2 0.86808 0.709141 0.0660767 0.11142
7 0.196729 0.418881 0.0610555 0.105047
5 0.629797 0.349042 0.0595181 0.0670424
