2 0.898717 0.810199 0.2015 0.167924
7 0.261255 0.492604 0.242017 0.161789
2 0.205448 0.622364 0.19469 0.0950599
2 0.615907 0.491315 0.139954 0.0645149
2 0.0642961 0.885044 0.128029 0.228499
5 0.826429 0.340093 0.104368 0.0662175
2 0.450377 0.345042 0.0652771 0.0319749
2 0.260848 0.351125 0.0634932 0.0282572
2 0.543142 0.358855 0.0777588 0.0421277
2 0.665815 0.331049 0.0540259 0.0242469
2 0.578403 0.319866 0.0409597 0.0192307
2 0.327328 0.327672 0.0473261 0.0206549
5 0.870312 0.308214 0.0665848 0.0402781
2 0.0138334 0.461611 0.0267264 0.0563145
2 0.658243 0.318807 0.0451027 0.0194192
2 0.279362 0.321694 0.0374843 0.0144678
2 0.479053 0.320192 0.0462231 0.0186235
5 0.921548 0.399015 0.156115 0.0966444
5 0.922683 0.424361 0.154078 0.148242
2 0.438507 0.31334 0.0360548 0.0109794
2 0.487694 0.721524 0.0860659 0.148574
2 0.221707 0.790054 0.0954638 0.191212
7 0.510525 0.517124 0.0819019 0.19194
2 0.298513 0.639988 0.071082 0.126104
7 0.336829 0.847987 0.182535 0.293183
2 0.441594 0.603233 0.0630243 0.0983084
2 0.596099 0.726932 0.0796923 0.158714
2 0.191902 0.698937 0.0778467 0.131278
2 0.887019 0.72689 0.10703 0.16256
2 0.41666 0.513181 0.0486115 0.0764861
7 0.196684 0.422769 0.0661401 0.106603
2 0.036259 0.909478 0.0721636 0.176184
2 0.408815 0.439578 0.0363354 0.0552154
2 0.435708 0.406552 0.030554 0.0504122
2 0.367015 0.671176 0.0638354 0.0760952
0 0.488463 0.79881 0.0338604 0.10471
2 0.0730913 0.630373 0.0761378 0.103919
2 0.0359221 0.71168 0.0715176 0.124818
2 0.16364 0.947736 0.161498 0.101593
2 0.177856 0.498575 0.0487165 0.0674425
0 0.12845 0.685429 0.029884 0.0903505
2 0.285398 0.507882 0.044823 0.0723598
3 0.489511 0.866559 0.0315852 0.0844842
3 0.128339 0.722711 0.0299231 0.0626282
2 0.716565 0.947357 0.141292 0.103331
5 0.931365 0.585575 0.136336 0.31253
7 0.362826 0.538009 0.0500757 0.146932
0 0.112526 0.89641 0.0491794 0.132488
2 0.726016 0.420693 0.0337994 0.030497
0 0.285674 0.542804 0.0171271 0.0684584
7 0.716324 0.94708 0.141819 0.103088
2 0.405352 0.34726 0.0233564 0.0406994
3 0.285638 0.543469 0.0181427 0.0677404
0 0.988647 0.414917 0.0219265 0.0864451
3 0.34025 0.44016 0.0159214 0.0485821
0 0.284272 0.451144 0.0150348 0.0432449
7 0.931523 0.584417 0.135991 0.314747
3 0.236417 0.588192 0.0235101 0.0527518
7 0.482775 0.455168 0.0533813 0.112863
0 0.313911 0.35878 0.0109586 0.0510629
0 0.236737 0.566124 0.0216733 0.0801164
0 0.163064 0.633703 0.0251681 0.0873091
7 0.405641 0.347497 0.0228874 0.0423645
0 0.21224 0.593312 0.0272779 0.091627
2 0.776648 0.413374 0.0377762 0.0571636
