2 0.0436555 0.850842 0.0868108 0.178077
2 0.826648 0.455164 0.0549819 0.065398
2 0.501697 0.547009 0.0509026 0.0956072
2 0.580004 0.763599 0.0854885 0.167694
2 0.0360516 0.709898 0.0717676 0.126683
2 0.179307 0.495423 0.0489686 0.068917
0 0.198619 0.886819 0.0405859 0.120619
2 0.074946 0.627936 0.0792539 0.104304
2 0.358459 0.468231 0.0404241 0.0629155
2 0.439115 0.461404 0.0370546 0.0615294
2 0.388733 0.400527 0.0264598 0.0525582
5 0.326026 0.698475 0.120476 0.277716
2 0.37524 0.363216 0.0268815 0.0513151
2 0.409471 0.43703 0.0334957 0.0555327
2 0.752944 0.44227 0.0481439 0.0546861
3 0.270973 0.573429 0.0204829 0.0752323
0 0.257884 0.527412 0.0174563 0.0734995
7 0.196951 0.422003 0.0655015 0.105559
0 0.532499 0.895685 0.0211003 0.132626
0 0.405746 0.563819 0.0213456 0.0810542
2 0.346975 0.320831 0.0181552 0.0334919
2 0.691788 0.374869 0.027544 0.0439243
2 0.922773 0.504143 0.0633141 0.0821609
3 0.199575 0.953575 0.0336174 0.0836497
0 0.514565 0.893498 0.0296031 0.127582
7 0.432884 0.371696 0.0284323 0.0791086
0 0.2847 0.415275 0.0122515 0.0498086
2 0.376288 0.303827 0.0246439 0.0344182
2 0.938418 0.758457 0.0752153 0.15378
2 0.105279 0.589514 0.0634489 0.0985609
2 0.403014 0.310632 0.0162319 0.0274734
2 0.388476 0.330847 0.0216171 0.0353355
3 0.40605 0.566767 0.0215811 0.0779061
0 0.314274 0.40895 0.0131808 0.0466636
3 0.314236 0.408982 0.0129261 0.0459974
2 0.318286 0.285107 0.0235633 0.0450147
