0 0.183189 0.583255 0.108776 0.112493
0 0.466142 0.423439 0.0736028 0.0872835
0 0.60698 0.425874 0.074618 0.084459
0 0.0891686 0.376003 0.0779957 0.0821293
3 0.942784 0.892501 0.114431 0.152461
3 0.1815 0.61845 0.112265 0.108729
0 0.344625 0.333154 0.0534104 0.0674212
3 0.608095 0.453993 0.0747379 0.069924
3 0.656663 0.371528 0.0592022 0.0619998
2 0.684937 0.0832174 0.0547499 0.0289821
3 0.57917 0.190995 0.0352013 0.03012
3 0.507147 0.229881 0.0406145 0.0398093
0 0.50787 0.220537 0.0442876 0.0429015
2 0.730317 0.0722018 0.0552951 0.0258948
3 0.53544 0.154321 0.0256453 0.024406
3 0.396292 0.208943 0.0326197 0.0338083
3 0.466306 0.455538 0.0605235 0.0660515
0 0.656902 0.342571 0.0628996 0.0593348
0 0.70129 0.226975 0.0435632 0.0451767
3 0.699782 0.244432 0.0404256 0.0346678
0 0.944249 0.833706 0.111503 0.149581
0 0.656242 0.330721 0.0607423 0.035866
0 0.579591 0.177508 0.0345191 0.03619
0 0.448259 0.138774 0.0242343 0.0324096
3 0.346396 0.356427 0.0409225 0.0489153
0 0.396734 0.200338 0.0347029 0.0427587
3 0.076996 0.397759 0.0448336 0.0539227
0 0.0679611 0.298003 0.0456418 0.0655997
0 0.51242 0.0906584 0.0174878 0.0228486
0 0.946772 0.799143 0.106457 0.0806167
3 0.553611 0.109597 0.0217311 0.0253942
3 0.592261 0.0969247 0.026523 0.0212637
0 0.535201 0.147046 0.0272803 0.0354354
0 0.396904 0.191577 0.033175 0.0253784
3 0.448421 0.147085 0.0244379 0.0210809
0 0.53542 0.137048 0.0267229 0.0160594
0 0.638174 0.0935003 0.0174783 0.0243876
0 0.664772 0.149196 0.028772 0.0162607
0 0.66513 0.15819 0.0304603 0.0337057
0 0.183189 0.583255 0.108776 0.112493
0 0.466142 0.423439 0.0736028 0.0872835
0 0.60698 0.425874 0.074618 0.084459
0 0.0891686 0.376003 0.0779957 0.0821293
3 0.942784 0.892501 0.114431 0.152461
3 0.1815 0.61845 0.112265 0.108729
0 0.344625 0.333154 0.0534104 0.0674212
3 0.608095 0.453993 0.0747379 0.069924
3 0.656663 0.371528 0.0592022 0.0619998
2 0.684937 0.0832174 0.0547499 0.0289821
3 0.57917 0.190995 0.0352013 0.03012
3 0.507147 0.229881 0.0406145 0.0398093
0 0.50787 0.220537 0.0442876 0.0429015
2 0.730317 0.0722018 0.0552951 0.0258948
3 0.53544 0.154321 0.0256453 0.024406
3 0.396292 0.208943 0.0326197 0.0338083
3 0.466306 0.455538 0.0605235 0.0660515
0 0.656902 0.342571 0.0628996 0.0593348
0 0.70129 0.226975 0.0435632 0.0451767
3 0.699782 0.244432 0.0404256 0.0346678
0 0.944249 0.833706 0.111503 0.149581
0 0.656242 0.330721 0.0607423 0.035866
0 0.579591 0.177508 0.0345191 0.03619
0 0.448259 0.138774 0.0242343 0.0324096
3 0.346396 0.356427 0.0409225 0.0489153
0 0.396734 0.200338 0.0347029 0.0427587
3 0.076996 0.397759 0.0448336 0.0539227
0 0.0679611 0.298003 0.0456418 0.0655997
0 0.51242 0.0906584 0.0174878 0.0228486
0 0.946772 0.799143 0.106457 0.0806167
3 0.553611 0.109597 0.0217311 0.0253942
3 0.592261 0.0969247 0.026523 0.0212637
0 0.535201 0.147046 0.0272803 0.0354354
0 0.396904 0.191577 0.033175 0.0253784
3 0.448421 0.147085 0.0244379 0.0210809
0 0.53542 0.137048 0.0267229 0.0160594
0 0.638174 0.0935003 0.0174783 0.0243876
0 0.664772 0.149196 0.028772 0.0162607
0 0.66513 0.15819 0.0304603 0.0337057
0 0.183189 0.583255 0.108776 0.112493
0 0.466142 0.423439 0.0736028 0.0872835
0 0.60698 0.425874 0.074618 0.084459
0 0.0891686 0.376003 0.0779957 0.0821293
3 0.942784 0.892501 0.114431 0.152461
3 0.1815 0.61845 0.112265 0.108729
0 0.344625 0.333154 0.0534104 0.0674212
3 0.608095 0.453993 0.0747379 0.069924
3 0.656663 0.371528 0.0592022 0.0619998
2 0.684937 0.0832174 0.0547499 0.0289821
3 0.57917 0.190995 0.0352013 0.03012
3 0.507147 0.229881 0.0406145 0.0398093
0 0.50787 0.220537 0.0442876 0.0429015
2 0.730317 0.0722018 0.0552951 0.0258948
3 0.53544 0.154321 0.0256453 0.024406
3 0.396292 0.208943 0.0326197 0.0338083
3 0.466306 0.455538 0.0605235 0.0660515
0 0.656902 0.342571 0.0628996 0.0593348
0 0.70129 0.226975 0.0435632 0.0451767
3 0.699782 0.244432 0.0404256 0.0346678
0 0.944249 0.833706 0.111503 0.149581
0 0.656242 0.330721 0.0607423 0.035866
0 0.579591 0.177508 0.0345191 0.03619
0 0.448259 0.138774 0.0242343 0.0324096
3 0.346396 0.356427 0.0409225 0.0489153
0 0.396734 0.200338 0.0347029 0.0427587
3 0.076996 0.397759 0.0448336 0.0539227
0 0.0679611 0.298003 0.0456418 0.0655997
0 0.51242 0.0906584 0.0174878 0.0228486
0 0.946772 0.799143 0.106457 0.0806167
3 0.553611 0.109597 0.0217311 0.0253942
3 0.592261 0.0969247 0.026523 0.0212637
0 0.535201 0.147046 0.0272803 0.0354354
0 0.396904 0.191577 0.033175 0.0253784
3 0.448421 0.147085 0.0244379 0.0210809
0 0.53542 0.137048 0.0267229 0.0160594
0 0.638174 0.0935003 0.0174783 0.0243876
0 0.664772 0.149196 0.028772 0.0162607
0 0.66513 0.15819 0.0304603 0.0337057
0 0.183189 0.583255 0.108776 0.112493
0 0.466142 0.423439 0.0736028 0.0872835
0 0.60698 0.425874 0.074618 0.084459
0 0.0891686 0.376003 0.0779957 0.0821293
3 0.942784 0.892501 0.114431 0.152461
3 0.1815 0.61845 0.112265 0.108729
0 0.344625 0.333154 0.0534104 0.0674212
3 0.608095 0.453993 0.0747379 0.069924
3 0.656663 0.371528 0.0592022 0.0619998
2 0.684937 0.0832174 0.0547499 0.0289821
3 0.57917 0.190995 0.0352013 0.03012
3 0.507147 0.229881 0.0406145 0.0398093
0 0.50787 0.220537 0.0442876 0.0429015
2 0.730317 0.0722018 0.0552951 0.0258948
3 0.53544 0.154321 0.0256453 0.024406
3 0.396292 0.208943 0.0326197 0.0338083
3 0.466306 0.455538 0.0605235 0.0660515
0 0.656902 0.342571 0.0628996 0.0593348
0 0.70129 0.226975 0.0435632 0.0451767
3 0.699782 0.244432 0.0404256 0.0346678
0 0.944249 0.833706 0.111503 0.149581
0 0.656242 0.330721 0.0607423 0.035866
0 0.579591 0.177508 0.0345191 0.03619
0 0.448259 0.138774 0.0242343 0.0324096
3 0.346396 0.356427 0.0409225 0.0489153
0 0.396734 0.200338 0.0347029 0.0427587
3 0.076996 0.397759 0.0448336 0.0539227
0 0.0679611 0.298003 0.0456418 0.0655997
0 0.51242 0.0906584 0.0174878 0.0228486
0 0.946772 0.799143 0.106457 0.0806167
3 0.553611 0.109597 0.0217311 0.0253942
3 0.592261 0.0969247 0.026523 0.0212637
0 0.535201 0.147046 0.0272803 0.0354354
0 0.396904 0.191577 0.033175 0.0253784
3 0.448421 0.147085 0.0244379 0.0210809
0 0.53542 0.137048 0.0267229 0.0160594
0 0.638174 0.0935003 0.0174783 0.0243876
0 0.664772 0.149196 0.028772 0.0162607
0 0.66513 0.15819 0.0304603 0.0337057
0 0.183189 0.583255 0.108776 0.112493
0 0.466142 0.423439 0.0736028 0.0872835
0 0.60698 0.425874 0.074618 0.084459
0 0.0891686 0.376003 0.0779957 0.0821293
3 0.942784 0.892501 0.114431 0.152461
3 0.1815 0.61845 0.112265 0.108729
0 0.344625 0.333154 0.0534104 0.0674212
3 0.608095 0.453993 0.0747379 0.069924
3 0.656663 0.371528 0.0592022 0.0619998
2 0.684937 0.0832174 0.0547499 0.0289821
3 0.57917 0.190995 0.0352013 0.03012
3 0.507147 0.229881 0.0406145 0.0398093
0 0.50787 0.220537 0.0442876 0.0429015
2 0.730317 0.0722018 0.0552951 0.0258948
3 0.53544 0.154321 0.0256453 0.024406
3 0.396292 0.208943 0.0326197 0.0338083
3 0.466306 0.455538 0.0605235 0.0660515
0 0.656902 0.342571 0.0628996 0.0593348
0 0.70129 0.226975 0.0435632 0.0451767
3 0.699782 0.244432 0.0404256 0.0346678
0 0.944249 0.833706 0.111503 0.149581
0 0.656242 0.330721 0.0607423 0.035866
0 0.579591 0.177508 0.0345191 0.03619
0 0.448259 0.138774 0.0242343 0.0324096
3 0.346396 0.356427 0.0409225 0.0489153
0 0.396734 0.200338 0.0347029 0.0427587
3 0.076996 0.397759 0.0448336 0.0539227
0 0.0679611 0.298003 0.0456418 0.0655997
0 0.51242 0.0906584 0.0174878 0.0228486
0 0.946772 0.799143 0.106457 0.0806167
3 0.553611 0.109597 0.0217311 0.0253942
3 0.592261 0.0969247 0.026523 0.0212637
0 0.535201 0.147046 0.0272803 0.0354354
0 0.396904 0.191577 0.033175 0.0253784
3 0.448421 0.147085 0.0244379 0.0210809
0 0.53542 0.137048 0.0267229 0.0160594
0 0.638174 0.0935003 0.0174783 0.0243876
0 0.664772 0.149196 0.028772 0.0162607
0 0.66513 0.15819 0.0304603 0.0337057
0 0.183189 0.583255 0.108776 0.112493
0 0.466142 0.423439 0.0736028 0.0872835
0 0.60698 0.425874 0.074618 0.084459
0 0.0891686 0.376003 0.0779957 0.0821293
3 0.942784 0.892501 0.114431 0.152461
3 0.1815 0.61845 0.112265 0.108729
0 0.344625 0.333154 0.0534104 0.0674212
3 0.608095 0.453993 0.0747379 0.069924
3 0.656663 0.371528 0.0592022 0.0619998
2 0.684937 0.0832174 0.0547499 0.0289821
3 0.57917 0.190995 0.0352013 0.03012
3 0.507147 0.229881 0.0406145 0.0398093
0 0.50787 0.220537 0.0442876 0.0429015
2 0.730317 0.0722018 0.0552951 0.0258948
3 0.53544 0.154321 0.0256453 0.024406
3 0.396292 0.208943 0.0326197 0.0338083
3 0.466306 0.455538 0.0605235 0.0660515
0 0.656902 0.342571 0.0628996 0.0593348
0 0.70129 0.226975 0.0435632 0.0451767
3 0.699782 0.244432 0.0404256 0.0346678
0 0.944249 0.833706 0.111503 0.149581
0 0.656242 0.330721 0.0607423 0.035866
0 0.579591 0.177508 0.0345191 0.03619
0 0.448259 0.138774 0.0242343 0.0324096
3 0.346396 0.356427 0.0409225 0.0489153
0 0.396734 0.200338 0.0347029 0.0427587
3 0.076996 0.397759 0.0448336 0.0539227
0 0.0679611 0.298003 0.0456418 0.0655997
0 0.51242 0.0906584 0.0174878 0.0228486
0 0.946772 0.799143 0.106457 0.0806167
3 0.553611 0.109597 0.0217311 0.0253942
3 0.592261 0.0969247 0.026523 0.0212637
0 0.535201 0.147046 0.0272803 0.0354354
0 0.396904 0.191577 0.033175 0.0253784
3 0.448421 0.147085 0.0244379 0.0210809
0 0.53542 0.137048 0.0267229 0.0160594
0 0.638174 0.0935003 0.0174783 0.0243876
0 0.664772 0.149196 0.028772 0.0162607
0 0.66513 0.15819 0.0304603 0.0337057
0 0.183189 0.583255 0.108776 0.112493
0 0.466142 0.423439 0.0736028 0.0872835
0 0.60698 0.425874 0.074618 0.084459
0 0.0891686 0.376003 0.0779957 0.0821293
3 0.942784 0.892501 0.114431 0.152461
3 0.1815 0.61845 0.112265 0.108729
0 0.344625 0.333154 0.0534104 0.0674212
3 0.608095 0.453993 0.0747379 0.069924
3 0.656663 0.371528 0.0592022 0.0619998
2 0.684937 0.0832174 0.0547499 0.0289821
3 0.57917 0.190995 0.0352013 0.03012
3 0.507147 0.229881 0.0406145 0.0398093
0 0.50787 0.220537 0.0442876 0.0429015
2 0.730317 0.0722018 0.0552951 0.0258948
3 0.53544 0.154321 0.0256453 0.024406
3 0.396292 0.208943 0.0326197 0.0338083
3 0.466306 0.455538 0.0605235 0.0660515
0 0.656902 0.342571 0.0628996 0.0593348
0 0.70129 0.226975 0.0435632 0.0451767
3 0.699782 0.244432 0.0404256 0.0346678
0 0.944249 0.833706 0.111503 0.149581
0 0.656242 0.330721 0.0607423 0.035866
0 0.579591 0.177508 0.0345191 0.03619
0 0.448259 0.138774 0.0242343 0.0324096
3 0.346396 0.356427 0.0409225 0.0489153
0 0.396734 0.200338 0.0347029 0.0427587
3 0.076996 0.397759 0.0448336 0.0539227
0 0.0679611 0.298003 0.0456418 0.0655997
0 0.51242 0.0906584 0.0174878 0.0228486
0 0.946772 0.799143 0.106457 0.0806167
3 0.553611 0.109597 0.0217311 0.0253942
3 0.592261 0.0969247 0.026523 0.0212637
0 0.535201 0.147046 0.0272803 0.0354354
0 0.396904 0.191577 0.033175 0.0253784
3 0.448421 0.147085 0.0244379 0.0210809
0 0.53542 0.137048 0.0267229 0.0160594
0 0.638174 0.0935003 0.0174783 0.0243876
0 0.664772 0.149196 0.028772 0.0162607
0 0.66513 0.15819 0.0304603 0.0337057
0 0.183189 0.583255 0.108776 0.112493
0 0.466142 0.423439 0.0736028 0.0872835
0 0.60698 0.425874 0.074618 0.084459
0 0.0891686 0.376003 0.0779957 0.0821293
3 0.942784 0.892501 0.114431 0.152461
3 0.1815 0.61845 0.112265 0.108729
0 0.344625 0.333154 0.0534104 0.0674212
3 0.608095 0.453993 0.0747379 0.069924
3 0.656663 0.371528 0.0592022 0.0619998
2 0.684937 0.0832174 0.0547499 0.0289821
3 0.57917 0.190995 0.0352013 0.03012
3 0.507147 0.229881 0.0406145 0.0398093
0 0.50787 0.220537 0.0442876 0.0429015
2 0.730317 0.0722018 0.0552951 0.0258948
3 0.53544 0.154321 0.0256453 0.024406
3 0.396292 0.208943 0.0326197 0.0338083
3 0.466306 0.455538 0.0605235 0.0660515
0 0.656902 0.342571 0.0628996 0.0593348
0 0.70129 0.226975 0.0435632 0.0451767
3 0.699782 0.244432 0.0404256 0.0346678
0 0.944249 0.833706 0.111503 0.149581
0 0.656242 0.330721 0.0607423 0.035866
0 0.579591 0.177508 0.0345191 0.03619
0 0.448259 0.138774 0.0242343 0.0324096
3 0.346396 0.356427 0.0409225 0.0489153
0 0.396734 0.200338 0.0347029 0.0427587
3 0.076996 0.397759 0.0448336 0.0539227
0 0.0679611 0.298003 0.0456418 0.0655997
0 0.51242 0.0906584 0.0174878 0.0228486
0 0.946772 0.799143 0.106457 0.0806167
3 0.553611 0.109597 0.0217311 0.0253942
3 0.592261 0.0969247 0.026523 0.0212637
0 0.535201 0.147046 0.0272803 0.0354354
0 0.396904 0.191577 0.033175 0.0253784
3 0.448421 0.147085 0.0244379 0.0210809
0 0.53542 0.137048 0.0267229 0.0160594
0 0.638174 0.0935003 0.0174783 0.0243876
0 0.664772 0.149196 0.028772 0.0162607
0 0.66513 0.15819 0.0304603 0.0337057
0 0.183189 0.583255 0.108776 0.112493
0 0.466142 0.423439 0.0736028 0.0872835
0 0.60698 0.425874 0.074618 0.084459
0 0.0891686 0.376003 0.0779957 0.0821293
3 0.942784 0.892501 0.114431 0.152461
3 0.1815 0.61845 0.112265 0.108729
0 0.344625 0.333154 0.0534104 0.0674212
3 0.608095 0.453993 0.0747379 0.069924
3 0.656663 0.371528 0.0592022 0.0619998
2 0.684937 0.0832174 0.0547499 0.0289821
3 0.57917 0.190995 0.0352013 0.03012
3 0.507147 0.229881 0.0406145 0.0398093
0 0.50787 0.220537 0.0442876 0.0429015
2 0.730317 0.0722018 0.0552951 0.0258948
3 0.53544 0.154321 0.0256453 0.024406
3 0.396292 0.208943 0.0326197 0.0338083
3 0.466306 0.455538 0.0605235 0.0660515
0 0.656902 0.342571 0.0628996 0.0593348
0 0.70129 0.226975 0.0435632 0.0451767
3 0.699782 0.244432 0.0404256 0.0346678
0 0.944249 0.833706 0.111503 0.149581
0 0.656242 0.330721 0.0607423 0.035866
0 0.579591 0.177508 0.0345191 0.03619
0 0.448259 0.138774 0.0242343 0.0324096
3 0.346396 0.356427 0.0409225 0.0489153
0 0.396734 0.200338 0.0347029 0.0427587
3 0.076996 0.397759 0.0448336 0.0539227
0 0.0679611 0.298003 0.0456418 0.0655997
0 0.51242 0.0906584 0.0174878 0.0228486
0 0.946772 0.799143 0.106457 0.0806167
3 0.553611 0.109597 0.0217311 0.0253942
3 0.592261 0.0969247 0.026523 0.0212637
0 0.535201 0.147046 0.0272803 0.0354354
0 0.396904 0.191577 0.033175 0.0253784
3 0.448421 0.147085 0.0244379 0.0210809
0 0.53542 0.137048 0.0267229 0.0160594
0 0.638174 0.0935003 0.0174783 0.0243876
0 0.664772 0.149196 0.028772 0.0162607
0 0.66513 0.15819 0.0304603 0.0337057
0 0.607478 0.425724 0.0728011 0.0853544
0 0.183077 0.583287 0.104226 0.113308
0 0.942918 0.833333 0.112363 0.147242
3 0.942075 0.892639 0.11466 0.151493
0 0.466184 0.425513 0.072447 0.0834208
0 0.0900472 0.376675 0.0776428 0.0829672
3 0.60845 0.454348 0.0707772 0.069833
3 0.657763 0.372389 0.0592283 0.062546
0 0.345292 0.334221 0.0514482 0.0693061
3 0.464676 0.455631 0.057304 0.0663536
3 0.179316 0.619006 0.108298 0.105872
3 0.507516 0.232141 0.0357811 0.0375025
3 0.699916 0.242081 0.0407098 0.0395909
0 0.507438 0.220578 0.0428775 0.0442401
3 0.396605 0.210017 0.0326506 0.0325865
3 0.0794034 0.396395 0.047274 0.0576921
0 0.396047 0.199375 0.0376756 0.0400994
0 0.657534 0.344801 0.0629727 0.0630717
3 0.579101 0.189755 0.0354247 0.0310906
2 0.68458 0.0831079 0.0538749 0.0277956
0 0.607478 0.425724 0.0728011 0.0853544
0 0.183077 0.583287 0.104226 0.113308
0 0.942918 0.833333 0.112363 0.147242
3 0.942075 0.892639 0.11466 0.151493
0 0.466184 0.425513 0.072447 0.0834208
0 0.0900472 0.376675 0.0776428 0.0829672
3 0.60845 0.454348 0.0707772 0.069833
3 0.657763 0.372389 0.0592283 0.062546
0 0.345292 0.334221 0.0514482 0.0693061
3 0.464676 0.455631 0.057304 0.0663536
3 0.179316 0.619006 0.108298 0.105872
3 0.507516 0.232141 0.0357811 0.0375025
3 0.699916 0.242081 0.0407098 0.0395909
0 0.507438 0.220578 0.0428775 0.0442401
3 0.396605 0.210017 0.0326506 0.0325865
3 0.0794034 0.396395 0.047274 0.0576921
0 0.396047 0.199375 0.0376756 0.0400994
0 0.657534 0.344801 0.0629727 0.0630717
3 0.579101 0.189755 0.0354247 0.0310906
2 0.68458 0.0831079 0.0538749 0.0277956
0 0.607478 0.425724 0.0728011 0.0853544
0 0.183077 0.583287 0.104226 0.113308
0 0.942918 0.833333 0.112363 0.147242
3 0.942075 0.892639 0.11466 0.151493
0 0.466184 0.425513 0.072447 0.0834208
0 0.0900472 0.376675 0.0776428 0.0829672
3 0.60845 0.454348 0.0707772 0.069833
3 0.657763 0.372389 0.0592283 0.062546
0 0.345292 0.334221 0.0514482 0.0693061
3 0.464676 0.455631 0.057304 0.0663536
3 0.179316 0.619006 0.108298 0.105872
3 0.507516 0.232141 0.0357811 0.0375025
3 0.699916 0.242081 0.0407098 0.0395909
0 0.507438 0.220578 0.0428775 0.0442401
3 0.396605 0.210017 0.0326506 0.0325865
3 0.0794034 0.396395 0.047274 0.0576921
0 0.396047 0.199375 0.0376756 0.0400994
0 0.657534 0.344801 0.0629727 0.0630717
3 0.579101 0.189755 0.0354247 0.0310906
2 0.68458 0.0831079 0.0538749 0.0277956
0 0.607478 0.425724 0.0728011 0.0853544
0 0.183077 0.583287 0.104226 0.113308
0 0.942918 0.833333 0.112363 0.147242
3 0.942075 0.892639 0.11466 0.151493
0 0.466184 0.425513 0.072447 0.0834208
0 0.0900472 0.376675 0.0776428 0.0829672
3 0.60845 0.454348 0.0707772 0.069833
3 0.657763 0.372389 0.0592283 0.062546
0 0.345292 0.334221 0.0514482 0.0693061
3 0.464676 0.455631 0.057304 0.0663536
3 0.179316 0.619006 0.108298 0.105872
3 0.507516 0.232141 0.0357811 0.0375025
3 0.699916 0.242081 0.0407098 0.0395909
0 0.507438 0.220578 0.0428775 0.0442401
3 0.396605 0.210017 0.0326506 0.0325865
3 0.0794034 0.396395 0.047274 0.0576921
0 0.396047 0.199375 0.0376756 0.0400994
0 0.657534 0.344801 0.0629727 0.0630717
3 0.579101 0.189755 0.0354247 0.0310906
2 0.68458 0.0831079 0.0538749 0.0277956
0 0.607478 0.425724 0.0728011 0.0853544
0 0.183077 0.583287 0.104226 0.113308
0 0.942918 0.833333 0.112363 0.147242
3 0.942075 0.892639 0.11466 0.151493
0 0.466184 0.425513 0.072447 0.0834208
0 0.0900472 0.376675 0.0776428 0.0829672
3 0.60845 0.454348 0.0707772 0.069833
3 0.657763 0.372389 0.0592283 0.062546
0 0.345292 0.334221 0.0514482 0.0693061
3 0.464676 0.455631 0.057304 0.0663536
3 0.179316 0.619006 0.108298 0.105872
3 0.507516 0.232141 0.0357811 0.0375025
3 0.699916 0.242081 0.0407098 0.0395909
0 0.507438 0.220578 0.0428775 0.0442401
3 0.396605 0.210017 0.0326506 0.0325865
3 0.0794034 0.396395 0.047274 0.0576921
0 0.396047 0.199375 0.0376756 0.0400994
0 0.657534 0.344801 0.0629727 0.0630717
3 0.579101 0.189755 0.0354247 0.0310906
2 0.68458 0.0831079 0.0538749 0.0277956
0 0.607478 0.425724 0.0728011 0.0853544
0 0.183077 0.583287 0.104226 0.113308
0 0.942918 0.833333 0.112363 0.147242
3 0.942075 0.892639 0.11466 0.151493
0 0.466184 0.425513 0.072447 0.0834208
0 0.0900472 0.376675 0.0776428 0.0829672
3 0.60845 0.454348 0.0707772 0.069833
3 0.657763 0.372389 0.0592283 0.062546
0 0.345292 0.334221 0.0514482 0.0693061
3 0.464676 0.455631 0.057304 0.0663536
3 0.179316 0.619006 0.108298 0.105872
3 0.507516 0.232141 0.0357811 0.0375025
3 0.699916 0.242081 0.0407098 0.0395909
0 0.507438 0.220578 0.0428775 0.0442401
3 0.396605 0.210017 0.0326506 0.0325865
3 0.0794034 0.396395 0.047274 0.0576921
0 0.396047 0.199375 0.0376756 0.0400994
0 0.657534 0.344801 0.0629727 0.0630717
3 0.579101 0.189755 0.0354247 0.0310906
2 0.68458 0.0831079 0.0538749 0.0277956
0 0.607478 0.425724 0.0728011 0.0853544
0 0.183077 0.583287 0.104226 0.113308
0 0.942918 0.833333 0.112363 0.147242
3 0.942075 0.892639 0.11466 0.151493
0 0.466184 0.425513 0.072447 0.0834208
0 0.0900472 0.376675 0.0776428 0.0829672
3 0.60845 0.454348 0.0707772 0.069833
3 0.657763 0.372389 0.0592283 0.062546
0 0.345292 0.334221 0.0514482 0.0693061
3 0.464676 0.455631 0.057304 0.0663536
3 0.179316 0.619006 0.108298 0.105872
3 0.507516 0.232141 0.0357811 0.0375025
3 0.699916 0.242081 0.0407098 0.0395909
0 0.507438 0.220578 0.0428775 0.0442401
3 0.396605 0.210017 0.0326506 0.0325865
3 0.0794034 0.396395 0.047274 0.0576921
0 0.396047 0.199375 0.0376756 0.0400994
0 0.657534 0.344801 0.0629727 0.0630717
3 0.579101 0.189755 0.0354247 0.0310906
2 0.68458 0.0831079 0.0538749 0.0277956
0 0.607478 0.425724 0.0728011 0.0853544
0 0.183077 0.583287 0.104226 0.113308
0 0.942918 0.833333 0.112363 0.147242
3 0.942075 0.892639 0.11466 0.151493
0 0.466184 0.425513 0.072447 0.0834208
0 0.0900472 0.376675 0.0776428 0.0829672
3 0.60845 0.454348 0.0707772 0.069833
3 0.657763 0.372389 0.0592283 0.062546
0 0.345292 0.334221 0.0514482 0.0693061
3 0.464676 0.455631 0.057304 0.0663536
3 0.179316 0.619006 0.108298 0.105872
3 0.507516 0.232141 0.0357811 0.0375025
3 0.699916 0.242081 0.0407098 0.0395909
0 0.507438 0.220578 0.0428775 0.0442401
3 0.396605 0.210017 0.0326506 0.0325865
3 0.0794034 0.396395 0.047274 0.0576921
0 0.396047 0.199375 0.0376756 0.0400994
0 0.657534 0.344801 0.0629727 0.0630717
3 0.579101 0.189755 0.0354247 0.0310906
2 0.68458 0.0831079 0.0538749 0.0277956
2 0.729377 0.072879 0.0537788 0.0248112
1 0.347908 0.355717 0.0406092 0.050552
0 0.0695758 0.301127 0.0441676 0.0649809
3 0.535512 0.154044 0.0250086 0.02554
3 0.448378 0.146013 0.0245694 0.0217517
0 0.65678 0.330725 0.0613095 0.0353477
