0 0.0548156 0.724864 0.109631 0.143326
3 0.604887 0.532883 0.0896332 0.0914722
0 0.46474 0.498377 0.0931865 0.0964838
0 0.311613 0.361322 0.0612969 0.0773245
0 0.0898795 0.362506 0.0744441 0.0835623
3 0.576422 0.197161 0.0377267 0.0341491
2 0.683194 0.0735396 0.0546447 0.029178
3 0.0543242 0.775657 0.108648 0.127466
3 0.660589 0.419156 0.0712021 0.0707496
3 0.458776 0.535474 0.0733771 0.0779617
3 0.528084 0.153814 0.0279214 0.027034
3 0.50281 0.248733 0.0412186 0.0405328
0 0.654823 0.373356 0.0679137 0.0435572
3 0.721995 0.261078 0.0499359 0.0487712
0 0.605837 0.497118 0.0882129 0.0964798
0 0.503219 0.234553 0.0470178 0.0489499
2 0.746992 0.062923 0.0562829 0.0249447
0 0.722716 0.245038 0.0491676 0.0489839
3 0.383789 0.213967 0.0339158 0.0372583
0 0.576312 0.183156 0.0372018 0.0399797
3 0.441572 0.138262 0.0257217 0.0220221
0 0.709694 0.212989 0.0407452 0.0309411
3 0.0410131 0.780398 0.0820261 0.118316
3 0.551107 0.104208 0.0240579 0.0250017
3 0.315231 0.387155 0.0457373 0.0570253
0 0.0657103 0.283467 0.0437043 0.0664805
0 0.657589 0.385981 0.0712575 0.0698504
0 0.528761 0.135071 0.0285736 0.0184437
0 0.441552 0.125788 0.0236611 0.0268565
3 0.549104 0.0935741 0.0275514 0.0202644
1 0.072929 0.383627 0.0438191 0.0531941
3 0.382136 0.207141 0.0383497 0.0488669
3 0.587883 0.0872215 0.0257072 0.0244637
0 0.717829 0.237326 0.0485511 0.0449793
0 0.471923 0.458229 0.0569266 0.0370652
0 0.603375 0.477491 0.0818917 0.0576305
0 0.381606 0.197471 0.037989 0.0325969
0 0.381945 0.206236 0.037709 0.0500311
0 0.441349 0.130905 0.0245207 0.0354828
0 0.505196 0.0812667 0.017606 0.0233705
0 0.462511 0.463774 0.0737289 0.0481009
3 0.111614 0.295727 0.0260708 0.0386565
0 0.0548156 0.724864 0.109631 0.143326
3 0.604887 0.532883 0.0896332 0.0914722
0 0.46474 0.498377 0.0931865 0.0964838
0 0.311613 0.361322 0.0612969 0.0773245
0 0.0898795 0.362506 0.0744441 0.0835623
3 0.576422 0.197161 0.0377267 0.0341491
2 0.683194 0.0735396 0.0546447 0.029178
3 0.0543242 0.775657 0.108648 0.127466
3 0.660589 0.419156 0.0712021 0.0707496
3 0.458776 0.535474 0.0733771 0.0779617
3 0.528084 0.153814 0.0279214 0.027034
3 0.50281 0.248733 0.0412186 0.0405328
0 0.654823 0.373356 0.0679137 0.0435572
3 0.721995 0.261078 0.0499359 0.0487712
0 0.605837 0.497118 0.0882129 0.0964798
0 0.503219 0.234553 0.0470178 0.0489499
2 0.746992 0.062923 0.0562829 0.0249447
0 0.722716 0.245038 0.0491676 0.0489839
3 0.383789 0.213967 0.0339158 0.0372583
0 0.576312 0.183156 0.0372018 0.0399797
3 0.441572 0.138262 0.0257217 0.0220221
0 0.709694 0.212989 0.0407452 0.0309411
3 0.0410131 0.780398 0.0820261 0.118316
3 0.551107 0.104208 0.0240579 0.0250017
3 0.315231 0.387155 0.0457373 0.0570253
0 0.0657103 0.283467 0.0437043 0.0664805
0 0.657589 0.385981 0.0712575 0.0698504
0 0.528761 0.135071 0.0285736 0.0184437
0 0.441552 0.125788 0.0236611 0.0268565
3 0.549104 0.0935741 0.0275514 0.0202644
1 0.072929 0.383627 0.0438191 0.0531941
3 0.382136 0.207141 0.0383497 0.0488669
3 0.587883 0.0872215 0.0257072 0.0244637
0 0.717829 0.237326 0.0485511 0.0449793
0 0.471923 0.458229 0.0569266 0.0370652
0 0.603375 0.477491 0.0818917 0.0576305
0 0.381606 0.197471 0.037989 0.0325969
0 0.381945 0.206236 0.037709 0.0500311
0 0.441349 0.130905 0.0245207 0.0354828
0 0.505196 0.0812667 0.017606 0.0233705
0 0.462511 0.463774 0.0737289 0.0481009
3 0.111614 0.295727 0.0260708 0.0386565
