2 0.906642 0.615196 0.057988 0.0815227
2 0.726709 0.790692 0.0740073 0.120314
2 0.50512 0.799083 0.0800404 0.123743
2 0.612534 0.833099 0.0716961 0.126477
5 0.807184 0.475753 0.0617199 0.0944902
2 0.704396 0.659894 0.059006 0.0847805
2 0.815685 0.57802 0.0419085 0.0634399
2 0.611944 0.695953 0.063341 0.1011
2 0.617876 0.951116 0.0981321 0.0971212
2 0.503394 0.725032 0.0743471 0.0947598
5 0.3489 0.70405 0.137523 0.267798
2 0.455902 0.885978 0.0880726 0.175424
2 0.764735 0.938828 0.0962242 0.118739
5 0.170515 0.857831 0.3292 0.272878
7 0.827233 0.953324 0.140487 0.0890279
5 0.440575 0.560303 0.0743645 0.165818
5 0.756683 0.420657 0.0273187 0.0544367
2 0.682131 0.59327 0.0458435 0.0746926
2 0.536052 0.678545 0.0612625 0.0908396
2 0.206496 0.611319 0.053411 0.0718208
2 0.62006 0.629242 0.0458363 0.0786396
2 0.606302 0.518528 0.0379349 0.0419139
2 0.61348 0.565588 0.0422461 0.0663411
2 0.611878 0.750751 0.0571527 0.0706428
2 0.534418 0.619129 0.0387066 0.0441835
7 0.638681 0.415458 0.0328865 0.0544045
2 0.599437 0.458515 0.0278601 0.0357339
2 0.53501 0.610772 0.0408184 0.0530831
7 0.656131 0.465111 0.0302376 0.0707002
2 0.664135 0.510305 0.0431441 0.0705306
2 0.604616 0.486348 0.0327061 0.030504
2 0.616525 0.621589 0.042552 0.0632014
2 0.549833 0.494498 0.0334669 0.0582429
7 0.656051 0.480055 0.0301838 0.102935
2 0.193237 0.639077 0.0428346 0.0651043
2 0.200885 0.620699 0.0517665 0.0873013
2 0.674511 0.559744 0.0435286 0.0742428
2 0.906642 0.615196 0.057988 0.0815227
2 0.726709 0.790692 0.0740073 0.120314
2 0.50512 0.799083 0.0800404 0.123743
2 0.612534 0.833099 0.0716961 0.126477
5 0.807184 0.475753 0.0617199 0.0944902
2 0.704396 0.659894 0.059006 0.0847805
2 0.815685 0.57802 0.0419085 0.0634399
2 0.611944 0.695953 0.063341 0.1011
2 0.617876 0.951116 0.0981321 0.0971212
2 0.503394 0.725032 0.0743471 0.0947598
5 0.3489 0.70405 0.137523 0.267798
2 0.455902 0.885978 0.0880726 0.175424
2 0.764735 0.938828 0.0962242 0.118739
5 0.170515 0.857831 0.3292 0.272878
7 0.827233 0.953324 0.140487 0.0890279
5 0.440575 0.560303 0.0743645 0.165818
5 0.756683 0.420657 0.0273187 0.0544367
2 0.682131 0.59327 0.0458435 0.0746926
2 0.536052 0.678545 0.0612625 0.0908396
2 0.206496 0.611319 0.053411 0.0718208
2 0.62006 0.629242 0.0458363 0.0786396
2 0.606302 0.518528 0.0379349 0.0419139
2 0.61348 0.565588 0.0422461 0.0663411
2 0.611878 0.750751 0.0571527 0.0706428
2 0.534418 0.619129 0.0387066 0.0441835
7 0.638681 0.415458 0.0328865 0.0544045
2 0.599437 0.458515 0.0278601 0.0357339
2 0.53501 0.610772 0.0408184 0.0530831
7 0.656131 0.465111 0.0302376 0.0707002
2 0.664135 0.510305 0.0431441 0.0705306
2 0.604616 0.486348 0.0327061 0.030504
2 0.616525 0.621589 0.042552 0.0632014
2 0.549833 0.494498 0.0334669 0.0582429
7 0.656051 0.480055 0.0301838 0.102935
2 0.193237 0.639077 0.0428346 0.0651043
2 0.200885 0.620699 0.0517665 0.0873013
2 0.674511 0.559744 0.0435286 0.0742428
2 0.906642 0.615196 0.057988 0.0815227
2 0.726709 0.790692 0.0740073 0.120314
2 0.50512 0.799083 0.0800404 0.123743
2 0.612534 0.833099 0.0716961 0.126477
5 0.807184 0.475753 0.0617199 0.0944902
2 0.704396 0.659894 0.059006 0.0847805
2 0.815685 0.57802 0.0419085 0.0634399
2 0.611944 0.695953 0.063341 0.1011
2 0.617876 0.951116 0.0981321 0.0971212
2 0.503394 0.725032 0.0743471 0.0947598
5 0.3489 0.70405 0.137523 0.267798
2 0.455902 0.885978 0.0880726 0.175424
2 0.764735 0.938828 0.0962242 0.118739
5 0.170515 0.857831 0.3292 0.272878
7 0.827233 0.953324 0.140487 0.0890279
5 0.440575 0.560303 0.0743645 0.165818
5 0.756683 0.420657 0.0273187 0.0544367
2 0.682131 0.59327 0.0458435 0.0746926
2 0.536052 0.678545 0.0612625 0.0908396
2 0.206496 0.611319 0.053411 0.0718208
2 0.62006 0.629242 0.0458363 0.0786396
2 0.606302 0.518528 0.0379349 0.0419139
2 0.61348 0.565588 0.0422461 0.0663411
2 0.611878 0.750751 0.0571527 0.0706428
2 0.534418 0.619129 0.0387066 0.0441835
7 0.638681 0.415458 0.0328865 0.0544045
2 0.599437 0.458515 0.0278601 0.0357339
2 0.53501 0.610772 0.0408184 0.0530831
7 0.656131 0.465111 0.0302376 0.0707002
2 0.664135 0.510305 0.0431441 0.0705306
2 0.604616 0.486348 0.0327061 0.030504
2 0.616525 0.621589 0.042552 0.0632014
2 0.549833 0.494498 0.0334669 0.0582429
7 0.656051 0.480055 0.0301838 0.102935
2 0.193237 0.639077 0.0428346 0.0651043
2 0.200885 0.620699 0.0517665 0.0873013
2 0.674511 0.559744 0.0435286 0.0742428
2 0.906642 0.615196 0.057988 0.0815227
2 0.726709 0.790692 0.0740073 0.120314
2 0.50512 0.799083 0.0800404 0.123743
2 0.612534 0.833099 0.0716961 0.126477
5 0.807184 0.475753 0.0617199 0.0944902
2 0.704396 0.659894 0.059006 0.0847805
2 0.815685 0.57802 0.0419085 0.0634399
2 0.611944 0.695953 0.063341 0.1011
2 0.617876 0.951116 0.0981321 0.0971212
2 0.503394 0.725032 0.0743471 0.0947598
5 0.3489 0.70405 0.137523 0.267798
2 0.455902 0.885978 0.0880726 0.175424
2 0.764735 0.938828 0.0962242 0.118739
5 0.170515 0.857831 0.3292 0.272878
7 0.827233 0.953324 0.140487 0.0890279
5 0.440575 0.560303 0.0743645 0.165818
5 0.756683 0.420657 0.0273187 0.0544367
2 0.682131 0.59327 0.0458435 0.0746926
2 0.536052 0.678545 0.0612625 0.0908396
2 0.206496 0.611319 0.053411 0.0718208
2 0.62006 0.629242 0.0458363 0.0786396
2 0.606302 0.518528 0.0379349 0.0419139
2 0.61348 0.565588 0.0422461 0.0663411
2 0.611878 0.750751 0.0571527 0.0706428
2 0.534418 0.619129 0.0387066 0.0441835
7 0.638681 0.415458 0.0328865 0.0544045
2 0.599437 0.458515 0.0278601 0.0357339
2 0.53501 0.610772 0.0408184 0.0530831
7 0.656131 0.465111 0.0302376 0.0707002
2 0.664135 0.510305 0.0431441 0.0705306
2 0.604616 0.486348 0.0327061 0.030504
2 0.616525 0.621589 0.042552 0.0632014
2 0.549833 0.494498 0.0334669 0.0582429
7 0.656051 0.480055 0.0301838 0.102935
2 0.193237 0.639077 0.0428346 0.0651043
2 0.200885 0.620699 0.0517665 0.0873013
2 0.674511 0.559744 0.0435286 0.0742428
2 0.906642 0.615196 0.057988 0.0815227
2 0.726709 0.790692 0.0740073 0.120314
2 0.50512 0.799083 0.0800404 0.123743
2 0.612534 0.833099 0.0716961 0.126477
5 0.807184 0.475753 0.0617199 0.0944902
2 0.704396 0.659894 0.059006 0.0847805
2 0.815685 0.57802 0.0419085 0.0634399
2 0.611944 0.695953 0.063341 0.1011
2 0.617876 0.951116 0.0981321 0.0971212
2 0.503394 0.725032 0.0743471 0.0947598
5 0.3489 0.70405 0.137523 0.267798
2 0.455902 0.885978 0.0880726 0.175424
2 0.764735 0.938828 0.0962242 0.118739
5 0.170515 0.857831 0.3292 0.272878
7 0.827233 0.953324 0.140487 0.0890279
5 0.440575 0.560303 0.0743645 0.165818
5 0.756683 0.420657 0.0273187 0.0544367
2 0.682131 0.59327 0.0458435 0.0746926
2 0.536052 0.678545 0.0612625 0.0908396
2 0.206496 0.611319 0.053411 0.0718208
2 0.62006 0.629242 0.0458363 0.0786396
2 0.606302 0.518528 0.0379349 0.0419139
2 0.61348 0.565588 0.0422461 0.0663411
2 0.611878 0.750751 0.0571527 0.0706428
2 0.534418 0.619129 0.0387066 0.0441835
7 0.638681 0.415458 0.0328865 0.0544045
2 0.599437 0.458515 0.0278601 0.0357339
2 0.53501 0.610772 0.0408184 0.0530831
7 0.656131 0.465111 0.0302376 0.0707002
2 0.664135 0.510305 0.0431441 0.0705306
2 0.604616 0.486348 0.0327061 0.030504
2 0.616525 0.621589 0.042552 0.0632014
2 0.549833 0.494498 0.0334669 0.0582429
7 0.656051 0.480055 0.0301838 0.102935
2 0.193237 0.639077 0.0428346 0.0651043
2 0.200885 0.620699 0.0517665 0.0873013
2 0.674511 0.559744 0.0435286 0.0742428
5 0.345875 0.707734 0.138122 0.271047
5 0.442336 0.56148 0.0765274 0.167561
2 0.725769 0.790948 0.0751577 0.119567
2 0.906803 0.615072 0.0592567 0.0830648
5 0.806932 0.476108 0.0619822 0.0965561
2 0.50489 0.798575 0.0769567 0.120285
2 0.612316 0.82965 0.0724735 0.126623
5 0.172415 0.856298 0.324357 0.270559
2 0.70458 0.66166 0.0576264 0.0879504
2 0.619 0.953784 0.0991631 0.090821
2 0.503248 0.725964 0.0744223 0.0887636
7 0.109277 0.518976 0.0939358 0.138012
2 0.0837824 0.701606 0.0735388 0.103679
5 0.345875 0.707734 0.138122 0.271047
5 0.442336 0.56148 0.0765274 0.167561
2 0.725769 0.790948 0.0751577 0.119567
2 0.906803 0.615072 0.0592567 0.0830648
5 0.806932 0.476108 0.0619822 0.0965561
2 0.50489 0.798575 0.0769567 0.120285
2 0.612316 0.82965 0.0724735 0.126623
5 0.172415 0.856298 0.324357 0.270559
2 0.70458 0.66166 0.0576264 0.0879504
2 0.619 0.953784 0.0991631 0.090821
2 0.503248 0.725964 0.0744223 0.0887636
7 0.109277 0.518976 0.0939358 0.138012
2 0.0837824 0.701606 0.0735388 0.103679
