5 0.311408 0.710007 0.180793 0.337249
2 0.702954 0.66297 0.0614167 0.100968
2 0.626283 0.858423 0.0845737 0.142452
2 0.762038 0.922414 0.110867 0.152899
2 0.506248 0.776683 0.0784262 0.124642
2 0.918989 0.599489 0.056039 0.0747551
2 0.857661 0.629387 0.0580704 0.0826465
2 0.500641 0.705439 0.0667363 0.0829004
2 0.792098 0.515638 0.0438869 0.0655758
2 0.192703 0.576249 0.0555671 0.0948638
2 0.492653 0.917894 0.101244 0.160245
2 0.521439 0.634737 0.0557037 0.0843055
2 0.520188 0.573688 0.0473424 0.0721144
2 0.154582 0.60246 0.0451498 0.0938921
2 0.604493 0.650569 0.0613396 0.103634
2 0.615156 0.723034 0.0656162 0.09324
7 0.684036 0.573003 0.0514936 0.119985
2 0.834416 0.50979 0.0328241 0.0517329
2 0.770261 0.475589 0.0338974 0.0560806
2 0.0122857 0.539738 0.0245713 0.0828139
2 0.607294 0.561295 0.0447491 0.0672786
5 0.163645 0.47177 0.071115 0.163608
2 0.609107 0.514523 0.0362484 0.0524536
5 0.087751 0.568591 0.0681118 0.145323
2 0.534948 0.55037 0.0436731 0.0820112
7 0.672148 0.491407 0.0455332 0.122578
5 0.412949 0.539365 0.0973036 0.157686
2 0.535433 0.5183 0.0431087 0.0429487
2 0.08755 0.569395 0.0672375 0.142772
2 0.425974 0.971293 0.113982 0.055318
2 0.535604 0.536922 0.0429125 0.0634551
2 0.233749 0.553911 0.0397548 0.0529522
5 0.657179 0.405199 0.0358625 0.081098
2 0.614855 0.74264 0.0660988 0.132364
7 0.554334 0.388718 0.0295956 0.064671
2 0.549375 0.458671 0.0290504 0.0315313
5 0.311408 0.710007 0.180793 0.337249
2 0.702954 0.66297 0.0614167 0.100968
2 0.626283 0.858423 0.0845737 0.142452
2 0.762038 0.922414 0.110867 0.152899
2 0.506248 0.776683 0.0784262 0.124642
2 0.918989 0.599489 0.056039 0.0747551
2 0.857661 0.629387 0.0580704 0.0826465
2 0.500641 0.705439 0.0667363 0.0829004
2 0.792098 0.515638 0.0438869 0.0655758
2 0.192703 0.576249 0.0555671 0.0948638
2 0.492653 0.917894 0.101244 0.160245
2 0.521439 0.634737 0.0557037 0.0843055
2 0.520188 0.573688 0.0473424 0.0721144
2 0.154582 0.60246 0.0451498 0.0938921
2 0.604493 0.650569 0.0613396 0.103634
2 0.615156 0.723034 0.0656162 0.09324
7 0.684036 0.573003 0.0514936 0.119985
2 0.834416 0.50979 0.0328241 0.0517329
2 0.770261 0.475589 0.0338974 0.0560806
2 0.0122857 0.539738 0.0245713 0.0828139
2 0.607294 0.561295 0.0447491 0.0672786
5 0.163645 0.47177 0.071115 0.163608
2 0.609107 0.514523 0.0362484 0.0524536
5 0.087751 0.568591 0.0681118 0.145323
2 0.534948 0.55037 0.0436731 0.0820112
7 0.672148 0.491407 0.0455332 0.122578
5 0.412949 0.539365 0.0973036 0.157686
2 0.535433 0.5183 0.0431087 0.0429487
2 0.08755 0.569395 0.0672375 0.142772
2 0.425974 0.971293 0.113982 0.055318
2 0.535604 0.536922 0.0429125 0.0634551
2 0.233749 0.553911 0.0397548 0.0529522
5 0.657179 0.405199 0.0358625 0.081098
2 0.614855 0.74264 0.0660988 0.132364
7 0.554334 0.388718 0.0295956 0.064671
2 0.549375 0.458671 0.0290504 0.0315313
5 0.311408 0.710007 0.180793 0.337249
2 0.702954 0.66297 0.0614167 0.100968
2 0.626283 0.858423 0.0845737 0.142452
2 0.762038 0.922414 0.110867 0.152899
2 0.506248 0.776683 0.0784262 0.124642
2 0.918989 0.599489 0.056039 0.0747551
2 0.857661 0.629387 0.0580704 0.0826465
2 0.500641 0.705439 0.0667363 0.0829004
2 0.792098 0.515638 0.0438869 0.0655758
2 0.192703 0.576249 0.0555671 0.0948638
2 0.492653 0.917894 0.101244 0.160245
2 0.521439 0.634737 0.0557037 0.0843055
2 0.520188 0.573688 0.0473424 0.0721144
2 0.154582 0.60246 0.0451498 0.0938921
2 0.604493 0.650569 0.0613396 0.103634
2 0.615156 0.723034 0.0656162 0.09324
7 0.684036 0.573003 0.0514936 0.119985
2 0.834416 0.50979 0.0328241 0.0517329
2 0.770261 0.475589 0.0338974 0.0560806
2 0.0122857 0.539738 0.0245713 0.0828139
2 0.607294 0.561295 0.0447491 0.0672786
5 0.163645 0.47177 0.071115 0.163608
2 0.609107 0.514523 0.0362484 0.0524536
5 0.087751 0.568591 0.0681118 0.145323
2 0.534948 0.55037 0.0436731 0.0820112
7 0.672148 0.491407 0.0455332 0.122578
5 0.412949 0.539365 0.0973036 0.157686
2 0.535433 0.5183 0.0431087 0.0429487
2 0.08755 0.569395 0.0672375 0.142772
2 0.425974 0.971293 0.113982 0.055318
2 0.535604 0.536922 0.0429125 0.0634551
2 0.233749 0.553911 0.0397548 0.0529522
5 0.657179 0.405199 0.0358625 0.081098
2 0.614855 0.74264 0.0660988 0.132364
7 0.554334 0.388718 0.0295956 0.064671
2 0.549375 0.458671 0.0290504 0.0315313
5 0.311408 0.710007 0.180793 0.337249
2 0.702954 0.66297 0.0614167 0.100968
2 0.626283 0.858423 0.0845737 0.142452
2 0.762038 0.922414 0.110867 0.152899
2 0.506248 0.776683 0.0784262 0.124642
2 0.918989 0.599489 0.056039 0.0747551
2 0.857661 0.629387 0.0580704 0.0826465
2 0.500641 0.705439 0.0667363 0.0829004
2 0.792098 0.515638 0.0438869 0.0655758
2 0.192703 0.576249 0.0555671 0.0948638
2 0.492653 0.917894 0.101244 0.160245
2 0.521439 0.634737 0.0557037 0.0843055
2 0.520188 0.573688 0.0473424 0.0721144
2 0.154582 0.60246 0.0451498 0.0938921
2 0.604493 0.650569 0.0613396 0.103634
2 0.615156 0.723034 0.0656162 0.09324
7 0.684036 0.573003 0.0514936 0.119985
2 0.834416 0.50979 0.0328241 0.0517329
2 0.770261 0.475589 0.0338974 0.0560806
2 0.0122857 0.539738 0.0245713 0.0828139
2 0.607294 0.561295 0.0447491 0.0672786
5 0.163645 0.47177 0.071115 0.163608
2 0.609107 0.514523 0.0362484 0.0524536
5 0.087751 0.568591 0.0681118 0.145323
2 0.534948 0.55037 0.0436731 0.0820112
7 0.672148 0.491407 0.0455332 0.122578
5 0.412949 0.539365 0.0973036 0.157686
2 0.535433 0.5183 0.0431087 0.0429487
2 0.08755 0.569395 0.0672375 0.142772
2 0.425974 0.971293 0.113982 0.055318
2 0.535604 0.536922 0.0429125 0.0634551
2 0.233749 0.553911 0.0397548 0.0529522
5 0.657179 0.405199 0.0358625 0.081098
2 0.614855 0.74264 0.0660988 0.132364
7 0.554334 0.388718 0.0295956 0.064671
2 0.549375 0.458671 0.0290504 0.0315313
5 0.311408 0.710007 0.180793 0.337249
2 0.702954 0.66297 0.0614167 0.100968
2 0.626283 0.858423 0.0845737 0.142452
2 0.762038 0.922414 0.110867 0.152899
2 0.506248 0.776683 0.0784262 0.124642
2 0.918989 0.599489 0.056039 0.0747551
2 0.857661 0.629387 0.0580704 0.0826465
2 0.500641 0.705439 0.0667363 0.0829004
2 0.792098 0.515638 0.0438869 0.0655758
2 0.192703 0.576249 0.0555671 0.0948638
2 0.492653 0.917894 0.101244 0.160245
2 0.521439 0.634737 0.0557037 0.0843055
2 0.520188 0.573688 0.0473424 0.0721144
2 0.154582 0.60246 0.0451498 0.0938921
2 0.604493 0.650569 0.0613396 0.103634
2 0.615156 0.723034 0.0656162 0.09324
7 0.684036 0.573003 0.0514936 0.119985
2 0.834416 0.50979 0.0328241 0.0517329
2 0.770261 0.475589 0.0338974 0.0560806
2 0.0122857 0.539738 0.0245713 0.0828139
2 0.607294 0.561295 0.0447491 0.0672786
5 0.163645 0.47177 0.071115 0.163608
2 0.609107 0.514523 0.0362484 0.0524536
5 0.087751 0.568591 0.0681118 0.145323
2 0.534948 0.55037 0.0436731 0.0820112
7 0.672148 0.491407 0.0455332 0.122578
5 0.412949 0.539365 0.0973036 0.157686
2 0.535433 0.5183 0.0431087 0.0429487
2 0.08755 0.569395 0.0672375 0.142772
2 0.425974 0.971293 0.113982 0.055318
2 0.535604 0.536922 0.0429125 0.0634551
2 0.233749 0.553911 0.0397548 0.0529522
5 0.657179 0.405199 0.0358625 0.081098
2 0.614855 0.74264 0.0660988 0.132364
7 0.554334 0.388718 0.0295956 0.064671
2 0.549375 0.458671 0.0290504 0.0315313
5 0.312335 0.711224 0.184428 0.334439
2 0.626088 0.85674 0.084594 0.1339
2 0.919299 0.600204 0.0560564 0.0761537
2 0.701446 0.664623 0.0597114 0.0933929
2 0.506823 0.771871 0.0772743 0.107139
2 0.491519 0.916745 0.0970587 0.156037
2 0.857449 0.631251 0.0593763 0.0858073
2 0.615036 0.72327 0.0664415 0.0891985
2 0.500425 0.707609 0.066563 0.0883158
2 0.762163 0.9217 0.111161 0.152183
2 0.520844 0.576276 0.0512184 0.0732603
5 0.312335 0.711224 0.184428 0.334439
2 0.626088 0.85674 0.084594 0.1339
2 0.919299 0.600204 0.0560564 0.0761537
2 0.701446 0.664623 0.0597114 0.0933929
2 0.506823 0.771871 0.0772743 0.107139
2 0.491519 0.916745 0.0970587 0.156037
2 0.857449 0.631251 0.0593763 0.0858073
2 0.615036 0.72327 0.0664415 0.0891985
2 0.500425 0.707609 0.066563 0.0883158
2 0.762163 0.9217 0.111161 0.152183
2 0.520844 0.576276 0.0512184 0.0732603
5 0.312335 0.711224 0.184428 0.334439
2 0.626088 0.85674 0.084594 0.1339
2 0.919299 0.600204 0.0560564 0.0761537
2 0.701446 0.664623 0.0597114 0.0933929
2 0.506823 0.771871 0.0772743 0.107139
2 0.491519 0.916745 0.0970587 0.156037
2 0.857449 0.631251 0.0593763 0.0858073
2 0.615036 0.72327 0.0664415 0.0891985
2 0.500425 0.707609 0.066563 0.0883158
2 0.762163 0.9217 0.111161 0.152183
2 0.520844 0.576276 0.0512184 0.0732603
5 0.312335 0.711224 0.184428 0.334439
2 0.626088 0.85674 0.084594 0.1339
2 0.919299 0.600204 0.0560564 0.0761537
2 0.701446 0.664623 0.0597114 0.0933929
2 0.506823 0.771871 0.0772743 0.107139
2 0.491519 0.916745 0.0970587 0.156037
2 0.857449 0.631251 0.0593763 0.0858073
2 0.615036 0.72327 0.0664415 0.0891985
2 0.500425 0.707609 0.066563 0.0883158
2 0.762163 0.9217 0.111161 0.152183
2 0.520844 0.576276 0.0512184 0.0732603
5 0.312335 0.711224 0.184428 0.334439
2 0.626088 0.85674 0.084594 0.1339
2 0.919299 0.600204 0.0560564 0.0761537
2 0.701446 0.664623 0.0597114 0.0933929
2 0.506823 0.771871 0.0772743 0.107139
2 0.491519 0.916745 0.0970587 0.156037
2 0.857449 0.631251 0.0593763 0.0858073
2 0.615036 0.72327 0.0664415 0.0891985
2 0.500425 0.707609 0.066563 0.0883158
2 0.762163 0.9217 0.111161 0.152183
2 0.520844 0.576276 0.0512184 0.0732603
5 0.312335 0.711224 0.184428 0.334439
2 0.626088 0.85674 0.084594 0.1339
2 0.919299 0.600204 0.0560564 0.0761537
2 0.701446 0.664623 0.0597114 0.0933929
2 0.506823 0.771871 0.0772743 0.107139
2 0.491519 0.916745 0.0970587 0.156037
2 0.857449 0.631251 0.0593763 0.0858073
2 0.615036 0.72327 0.0664415 0.0891985
2 0.500425 0.707609 0.066563 0.0883158
2 0.762163 0.9217 0.111161 0.152183
2 0.520844 0.576276 0.0512184 0.0732603
5 0.312335 0.711224 0.184428 0.334439
2 0.626088 0.85674 0.084594 0.1339
2 0.919299 0.600204 0.0560564 0.0761537
2 0.701446 0.664623 0.0597114 0.0933929
2 0.506823 0.771871 0.0772743 0.107139
2 0.491519 0.916745 0.0970587 0.156037
2 0.857449 0.631251 0.0593763 0.0858073
2 0.615036 0.72327 0.0664415 0.0891985
2 0.500425 0.707609 0.066563 0.0883158
2 0.762163 0.9217 0.111161 0.152183
2 0.520844 0.576276 0.0512184 0.0732603
5 0.312335 0.711224 0.184428 0.334439
2 0.626088 0.85674 0.084594 0.1339
2 0.919299 0.600204 0.0560564 0.0761537
2 0.701446 0.664623 0.0597114 0.0933929
2 0.506823 0.771871 0.0772743 0.107139
2 0.491519 0.916745 0.0970587 0.156037
2 0.857449 0.631251 0.0593763 0.0858073
2 0.615036 0.72327 0.0664415 0.0891985
2 0.500425 0.707609 0.066563 0.0883158
2 0.762163 0.9217 0.111161 0.152183
2 0.520844 0.576276 0.0512184 0.0732603
7 0.162717 0.474472 0.0698633 0.171089
5 0.0915689 0.441411 0.0583041 0.102436
2 0.0121012 0.540005 0.0239838 0.0866946
2 0.156817 0.603546 0.0473243 0.0924523
5 0.162823 0.473788 0.0695176 0.169988
2 0.191946 0.576152 0.0543315 0.0882872
2 0.522476 0.640426 0.0540288 0.0813254
2 0.426589 0.972358 0.117133 0.0540727
5 0.415509 0.534262 0.100369 0.154534
5 0.686493 0.566455 0.0488847 0.11504
7 0.686617 0.566037 0.0486969 0.114219
2 0.607734 0.597829 0.050983 0.0511903
5 0.419182 0.556815 0.106861 0.210493
2 0.792935 0.514262 0.0445063 0.0644714
2 0.607146 0.553131 0.044795 0.056124
2 0.637974 0.963844 0.117104 0.0714783
2 0.602736 0.651179 0.0663104 0.0922774
