5 0.326406 0.688864 0.17265 0.31704
2 0.628554 0.87835 0.0882496 0.147574
2 0.94068 0.621462 0.0608688 0.0770974
2 0.875933 0.653366 0.0622456 0.0844033
2 0.768307 0.939545 0.117669 0.120909
2 0.505681 0.782384 0.0800556 0.123201
2 0.705062 0.675846 0.0620752 0.103698
2 0.802169 0.523922 0.0487856 0.0730617
2 0.488321 0.926057 0.101805 0.142869
2 0.498104 0.709268 0.0654947 0.0851976
2 0.518932 0.581266 0.0502457 0.0777106
2 0.846523 0.5125 0.0353321 0.0578918
5 0.420148 0.542039 0.0961377 0.176892
2 0.604985 0.663312 0.0630838 0.104887
2 0.521197 0.639709 0.0570627 0.0814516
2 0.777681 0.479534 0.0341425 0.0558932
2 0.0928744 0.58393 0.0578782 0.107107
2 0.615586 0.744157 0.0699405 0.106704
2 0.193354 0.573466 0.0538291 0.093108
2 0.15566 0.601279 0.0460545 0.0932752
7 0.686683 0.574382 0.0540015 0.113559
5 0.163589 0.470942 0.0695766 0.16882
7 0.674017 0.477742 0.0456463 0.0917992
2 0.521569 0.652278 0.0560995 0.0672804
2 0.60919 0.602244 0.0486853 0.0543647
2 0.533001 0.524656 0.0434271 0.0556607
2 0.608318 0.555008 0.0450748 0.0722261
5 0.0960865 0.439896 0.0443228 0.089547
2 0.0966577 0.505569 0.0492066 0.0636572
2 0.609727 0.519161 0.0407961 0.0613258
2 0.548735 0.447998 0.0372819 0.0512924
2 0.615594 0.792591 0.065285 0.0784215
7 0.553865 0.388323 0.0293488 0.0663616
2 0.608838 0.538412 0.0434618 0.0934218
2 0.605405 0.60789 0.0585929 0.0624131
5 0.326406 0.688864 0.17265 0.31704
2 0.628554 0.87835 0.0882496 0.147574
2 0.94068 0.621462 0.0608688 0.0770974
2 0.875933 0.653366 0.0622456 0.0844033
2 0.768307 0.939545 0.117669 0.120909
2 0.505681 0.782384 0.0800556 0.123201
2 0.705062 0.675846 0.0620752 0.103698
2 0.802169 0.523922 0.0487856 0.0730617
2 0.488321 0.926057 0.101805 0.142869
2 0.498104 0.709268 0.0654947 0.0851976
2 0.518932 0.581266 0.0502457 0.0777106
2 0.846523 0.5125 0.0353321 0.0578918
5 0.420148 0.542039 0.0961377 0.176892
2 0.604985 0.663312 0.0630838 0.104887
2 0.521197 0.639709 0.0570627 0.0814516
2 0.777681 0.479534 0.0341425 0.0558932
2 0.0928744 0.58393 0.0578782 0.107107
2 0.615586 0.744157 0.0699405 0.106704
2 0.193354 0.573466 0.0538291 0.093108
2 0.15566 0.601279 0.0460545 0.0932752
7 0.686683 0.574382 0.0540015 0.113559
5 0.163589 0.470942 0.0695766 0.16882
7 0.674017 0.477742 0.0456463 0.0917992
2 0.521569 0.652278 0.0560995 0.0672804
2 0.60919 0.602244 0.0486853 0.0543647
2 0.533001 0.524656 0.0434271 0.0556607
2 0.608318 0.555008 0.0450748 0.0722261
5 0.0960865 0.439896 0.0443228 0.089547
2 0.0966577 0.505569 0.0492066 0.0636572
2 0.609727 0.519161 0.0407961 0.0613258
2 0.548735 0.447998 0.0372819 0.0512924
2 0.615594 0.792591 0.065285 0.0784215
7 0.553865 0.388323 0.0293488 0.0663616
2 0.608838 0.538412 0.0434618 0.0934218
2 0.605405 0.60789 0.0585929 0.0624131
5 0.326406 0.688864 0.17265 0.31704
2 0.628554 0.87835 0.0882496 0.147574
2 0.94068 0.621462 0.0608688 0.0770974
2 0.875933 0.653366 0.0622456 0.0844033
2 0.768307 0.939545 0.117669 0.120909
2 0.505681 0.782384 0.0800556 0.123201
2 0.705062 0.675846 0.0620752 0.103698
2 0.802169 0.523922 0.0487856 0.0730617
2 0.488321 0.926057 0.101805 0.142869
2 0.498104 0.709268 0.0654947 0.0851976
2 0.518932 0.581266 0.0502457 0.0777106
2 0.846523 0.5125 0.0353321 0.0578918
5 0.420148 0.542039 0.0961377 0.176892
2 0.604985 0.663312 0.0630838 0.104887
2 0.521197 0.639709 0.0570627 0.0814516
2 0.777681 0.479534 0.0341425 0.0558932
2 0.0928744 0.58393 0.0578782 0.107107
2 0.615586 0.744157 0.0699405 0.106704
2 0.193354 0.573466 0.0538291 0.093108
2 0.15566 0.601279 0.0460545 0.0932752
7 0.686683 0.574382 0.0540015 0.113559
5 0.163589 0.470942 0.0695766 0.16882
7 0.674017 0.477742 0.0456463 0.0917992
2 0.521569 0.652278 0.0560995 0.0672804
2 0.60919 0.602244 0.0486853 0.0543647
2 0.533001 0.524656 0.0434271 0.0556607
2 0.608318 0.555008 0.0450748 0.0722261
5 0.0960865 0.439896 0.0443228 0.089547
2 0.0966577 0.505569 0.0492066 0.0636572
2 0.609727 0.519161 0.0407961 0.0613258
2 0.548735 0.447998 0.0372819 0.0512924
2 0.615594 0.792591 0.065285 0.0784215
7 0.553865 0.388323 0.0293488 0.0663616
2 0.608838 0.538412 0.0434618 0.0934218
2 0.605405 0.60789 0.0585929 0.0624131
5 0.326406 0.688864 0.17265 0.31704
2 0.628554 0.87835 0.0882496 0.147574
2 0.94068 0.621462 0.0608688 0.0770974
2 0.875933 0.653366 0.0622456 0.0844033
2 0.768307 0.939545 0.117669 0.120909
2 0.505681 0.782384 0.0800556 0.123201
2 0.705062 0.675846 0.0620752 0.103698
2 0.802169 0.523922 0.0487856 0.0730617
2 0.488321 0.926057 0.101805 0.142869
2 0.498104 0.709268 0.0654947 0.0851976
2 0.518932 0.581266 0.0502457 0.0777106
2 0.846523 0.5125 0.0353321 0.0578918
5 0.420148 0.542039 0.0961377 0.176892
2 0.604985 0.663312 0.0630838 0.104887
2 0.521197 0.639709 0.0570627 0.0814516
2 0.777681 0.479534 0.0341425 0.0558932
2 0.0928744 0.58393 0.0578782 0.107107
2 0.615586 0.744157 0.0699405 0.106704
2 0.193354 0.573466 0.0538291 0.093108
2 0.15566 0.601279 0.0460545 0.0932752
7 0.686683 0.574382 0.0540015 0.113559
5 0.163589 0.470942 0.0695766 0.16882
7 0.674017 0.477742 0.0456463 0.0917992
2 0.521569 0.652278 0.0560995 0.0672804
2 0.60919 0.602244 0.0486853 0.0543647
2 0.533001 0.524656 0.0434271 0.0556607
2 0.608318 0.555008 0.0450748 0.0722261
5 0.0960865 0.439896 0.0443228 0.089547
2 0.0966577 0.505569 0.0492066 0.0636572
2 0.609727 0.519161 0.0407961 0.0613258
2 0.548735 0.447998 0.0372819 0.0512924
2 0.615594 0.792591 0.065285 0.0784215
7 0.553865 0.388323 0.0293488 0.0663616
2 0.608838 0.538412 0.0434618 0.0934218
2 0.605405 0.60789 0.0585929 0.0624131
5 0.326406 0.688864 0.17265 0.31704
2 0.628554 0.87835 0.0882496 0.147574
2 0.94068 0.621462 0.0608688 0.0770974
2 0.875933 0.653366 0.0622456 0.0844033
2 0.768307 0.939545 0.117669 0.120909
2 0.505681 0.782384 0.0800556 0.123201
2 0.705062 0.675846 0.0620752 0.103698
2 0.802169 0.523922 0.0487856 0.0730617
2 0.488321 0.926057 0.101805 0.142869
2 0.498104 0.709268 0.0654947 0.0851976
2 0.518932 0.581266 0.0502457 0.0777106
2 0.846523 0.5125 0.0353321 0.0578918
5 0.420148 0.542039 0.0961377 0.176892
2 0.604985 0.663312 0.0630838 0.104887
2 0.521197 0.639709 0.0570627 0.0814516
2 0.777681 0.479534 0.0341425 0.0558932
2 0.0928744 0.58393 0.0578782 0.107107
2 0.615586 0.744157 0.0699405 0.106704
2 0.193354 0.573466 0.0538291 0.093108
2 0.15566 0.601279 0.0460545 0.0932752
7 0.686683 0.574382 0.0540015 0.113559
5 0.163589 0.470942 0.0695766 0.16882
7 0.674017 0.477742 0.0456463 0.0917992
2 0.521569 0.652278 0.0560995 0.0672804
2 0.60919 0.602244 0.0486853 0.0543647
2 0.533001 0.524656 0.0434271 0.0556607
2 0.608318 0.555008 0.0450748 0.0722261
5 0.0960865 0.439896 0.0443228 0.089547
2 0.0966577 0.505569 0.0492066 0.0636572
2 0.609727 0.519161 0.0407961 0.0613258
2 0.548735 0.447998 0.0372819 0.0512924
2 0.615594 0.792591 0.065285 0.0784215
7 0.553865 0.388323 0.0293488 0.0663616
2 0.608838 0.538412 0.0434618 0.0934218
2 0.605405 0.60789 0.0585929 0.0624131
5 0.324026 0.686838 0.176178 0.312123
2 0.628298 0.876842 0.0888723 0.139933
2 0.506386 0.779691 0.0794428 0.116645
2 0.940815 0.621574 0.061261 0.076849
2 0.488325 0.927011 0.102167 0.141096
2 0.876307 0.654878 0.0629055 0.0863924
2 0.703601 0.676252 0.0610475 0.10277
7 0.163607 0.471659 0.0703448 0.172435
2 0.522053 0.639296 0.0555258 0.0754011
2 0.518953 0.580474 0.051887 0.0735307
2 0.49794 0.712998 0.0667564 0.0917533
5 0.324026 0.686838 0.176178 0.312123
2 0.628298 0.876842 0.0888723 0.139933
2 0.506386 0.779691 0.0794428 0.116645
2 0.940815 0.621574 0.061261 0.076849
2 0.488325 0.927011 0.102167 0.141096
2 0.876307 0.654878 0.0629055 0.0863924
2 0.703601 0.676252 0.0610475 0.10277
7 0.163607 0.471659 0.0703448 0.172435
2 0.522053 0.639296 0.0555258 0.0754011
2 0.518953 0.580474 0.051887 0.0735307
2 0.49794 0.712998 0.0667564 0.0917533
5 0.324026 0.686838 0.176178 0.312123
2 0.628298 0.876842 0.0888723 0.139933
2 0.506386 0.779691 0.0794428 0.116645
2 0.940815 0.621574 0.061261 0.076849
2 0.488325 0.927011 0.102167 0.141096
2 0.876307 0.654878 0.0629055 0.0863924
2 0.703601 0.676252 0.0610475 0.10277
7 0.163607 0.471659 0.0703448 0.172435
2 0.522053 0.639296 0.0555258 0.0754011
2 0.518953 0.580474 0.051887 0.0735307
2 0.49794 0.712998 0.0667564 0.0917533
5 0.324026 0.686838 0.176178 0.312123
2 0.628298 0.876842 0.0888723 0.139933
2 0.506386 0.779691 0.0794428 0.116645
2 0.940815 0.621574 0.061261 0.076849
2 0.488325 0.927011 0.102167 0.141096
2 0.876307 0.654878 0.0629055 0.0863924
2 0.703601 0.676252 0.0610475 0.10277
7 0.163607 0.471659 0.0703448 0.172435
2 0.522053 0.639296 0.0555258 0.0754011
2 0.518953 0.580474 0.051887 0.0735307
2 0.49794 0.712998 0.0667564 0.0917533
5 0.324026 0.686838 0.176178 0.312123
2 0.628298 0.876842 0.0888723 0.139933
2 0.506386 0.779691 0.0794428 0.116645
2 0.940815 0.621574 0.061261 0.076849
2 0.488325 0.927011 0.102167 0.141096
2 0.876307 0.654878 0.0629055 0.0863924
2 0.703601 0.676252 0.0610475 0.10277
7 0.163607 0.471659 0.0703448 0.172435
2 0.522053 0.639296 0.0555258 0.0754011
2 0.518953 0.580474 0.051887 0.0735307
2 0.49794 0.712998 0.0667564 0.0917533
5 0.324026 0.686838 0.176178 0.312123
2 0.628298 0.876842 0.0888723 0.139933
2 0.506386 0.779691 0.0794428 0.116645
2 0.940815 0.621574 0.061261 0.076849
2 0.488325 0.927011 0.102167 0.141096
2 0.876307 0.654878 0.0629055 0.0863924
2 0.703601 0.676252 0.0610475 0.10277
7 0.163607 0.471659 0.0703448 0.172435
2 0.522053 0.639296 0.0555258 0.0754011
2 0.518953 0.580474 0.051887 0.0735307
2 0.49794 0.712998 0.0667564 0.0917533
5 0.324026 0.686838 0.176178 0.312123
2 0.628298 0.876842 0.0888723 0.139933
2 0.506386 0.779691 0.0794428 0.116645
2 0.940815 0.621574 0.061261 0.076849
2 0.488325 0.927011 0.102167 0.141096
2 0.876307 0.654878 0.0629055 0.0863924
2 0.703601 0.676252 0.0610475 0.10277
7 0.163607 0.471659 0.0703448 0.172435
2 0.522053 0.639296 0.0555258 0.0754011
2 0.518953 0.580474 0.051887 0.0735307
2 0.49794 0.712998 0.0667564 0.0917533
5 0.324026 0.686838 0.176178 0.312123
2 0.628298 0.876842 0.0888723 0.139933
2 0.506386 0.779691 0.0794428 0.116645
2 0.940815 0.621574 0.061261 0.076849
2 0.488325 0.927011 0.102167 0.141096
2 0.876307 0.654878 0.0629055 0.0863924
2 0.703601 0.676252 0.0610475 0.10277
7 0.163607 0.471659 0.0703448 0.172435
2 0.522053 0.639296 0.0555258 0.0754011
2 0.518953 0.580474 0.051887 0.0735307
2 0.49794 0.712998 0.0667564 0.0917533
2 0.801695 0.524284 0.0482953 0.0696164
5 0.687733 0.57085 0.0522764 0.115471
2 0.777914 0.479731 0.0346609 0.0590385
2 0.768242 0.938604 0.116548 0.119473
2 0.609358 0.604297 0.0510542 0.0543464
2 0.0925489 0.584801 0.0578106 0.106337
5 0.420561 0.542147 0.0983861 0.183399
5 0.0939005 0.442475 0.0458146 0.0981639
2 0.604318 0.658939 0.0639684 0.0931939
2 0.615474 0.732772 0.0693914 0.0873318
2 0.607724 0.55848 0.0457651 0.0580238
