2 0.630719 0.900429 0.0921696 0.154817
2 0.705634 0.688287 0.0619766 0.107303
2 0.965589 0.650588 0.0666195 0.0897126
5 0.335695 0.668541 0.167068 0.304118
2 0.898296 0.684088 0.0679409 0.0952552
2 0.483654 0.938013 0.106978 0.121433
2 0.857437 0.518529 0.0399906 0.0635179
2 0.496655 0.71785 0.0682066 0.0953315
2 0.505176 0.786312 0.0797653 0.118009
2 0.814465 0.537477 0.0496397 0.078696
2 0.783967 0.484648 0.0371632 0.0591098
2 0.521117 0.642107 0.0567914 0.0773315
2 0.773874 0.958368 0.12352 0.0813656
2 0.604707 0.674526 0.0650841 0.106892
2 0.608422 0.561293 0.0476823 0.0690555
2 0.608316 0.612847 0.0534501 0.0577146
2 0.518843 0.578079 0.0552662 0.0688916
2 0.04919 0.587094 0.042837 0.0886915
7 0.686336 0.587087 0.0593494 0.138954
2 0.095873 0.580979 0.0561712 0.10762
7 0.675471 0.478361 0.046847 0.0917865
2 0.615839 0.780625 0.0718834 0.149847
2 0.157887 0.598794 0.0492668 0.0910662
5 0.427564 0.546997 0.0854028 0.195146
2 0.193774 0.573217 0.0543585 0.0958298
5 0.163136 0.46203 0.0700227 0.156269
2 0.53067 0.537307 0.0432663 0.0441231
2 0.529339 0.528511 0.0420038 0.0542387
2 0.615129 0.805516 0.0693943 0.106063
2 0.616288 0.750215 0.0711746 0.0906862
2 0.609934 0.517666 0.0409248 0.0702172
2 0.529246 0.520432 0.0407295 0.0403799
2 0.546353 0.461558 0.0314375 0.0355806
2 0.177945 0.581419 0.0866324 0.117483
2 0.630719 0.900429 0.0921696 0.154817
2 0.705634 0.688287 0.0619766 0.107303
2 0.965589 0.650588 0.0666195 0.0897126
5 0.335695 0.668541 0.167068 0.304118
2 0.898296 0.684088 0.0679409 0.0952552
2 0.483654 0.938013 0.106978 0.121433
2 0.857437 0.518529 0.0399906 0.0635179
2 0.496655 0.71785 0.0682066 0.0953315
2 0.505176 0.786312 0.0797653 0.118009
2 0.814465 0.537477 0.0496397 0.078696
2 0.783967 0.484648 0.0371632 0.0591098
2 0.521117 0.642107 0.0567914 0.0773315
2 0.773874 0.958368 0.12352 0.0813656
2 0.604707 0.674526 0.0650841 0.106892
2 0.608422 0.561293 0.0476823 0.0690555
2 0.608316 0.612847 0.0534501 0.0577146
2 0.518843 0.578079 0.0552662 0.0688916
2 0.04919 0.587094 0.042837 0.0886915
7 0.686336 0.587087 0.0593494 0.138954
2 0.095873 0.580979 0.0561712 0.10762
7 0.675471 0.478361 0.046847 0.0917865
2 0.615839 0.780625 0.0718834 0.149847
2 0.157887 0.598794 0.0492668 0.0910662
5 0.427564 0.546997 0.0854028 0.195146
2 0.193774 0.573217 0.0543585 0.0958298
5 0.163136 0.46203 0.0700227 0.156269
2 0.53067 0.537307 0.0432663 0.0441231
2 0.529339 0.528511 0.0420038 0.0542387
2 0.615129 0.805516 0.0693943 0.106063
2 0.616288 0.750215 0.0711746 0.0906862
2 0.609934 0.517666 0.0409248 0.0702172
2 0.529246 0.520432 0.0407295 0.0403799
2 0.546353 0.461558 0.0314375 0.0355806
2 0.177945 0.581419 0.0866324 0.117483
2 0.630719 0.900429 0.0921696 0.154817
2 0.705634 0.688287 0.0619766 0.107303
2 0.965589 0.650588 0.0666195 0.0897126
5 0.335695 0.668541 0.167068 0.304118
2 0.898296 0.684088 0.0679409 0.0952552
2 0.483654 0.938013 0.106978 0.121433
2 0.857437 0.518529 0.0399906 0.0635179
2 0.496655 0.71785 0.0682066 0.0953315
2 0.505176 0.786312 0.0797653 0.118009
2 0.814465 0.537477 0.0496397 0.078696
2 0.783967 0.484648 0.0371632 0.0591098
2 0.521117 0.642107 0.0567914 0.0773315
2 0.773874 0.958368 0.12352 0.0813656
2 0.604707 0.674526 0.0650841 0.106892
2 0.608422 0.561293 0.0476823 0.0690555
2 0.608316 0.612847 0.0534501 0.0577146
2 0.518843 0.578079 0.0552662 0.0688916
2 0.04919 0.587094 0.042837 0.0886915
7 0.686336 0.587087 0.0593494 0.138954
2 0.095873 0.580979 0.0561712 0.10762
7 0.675471 0.478361 0.046847 0.0917865
2 0.615839 0.780625 0.0718834 0.149847
2 0.157887 0.598794 0.0492668 0.0910662
5 0.427564 0.546997 0.0854028 0.195146
2 0.193774 0.573217 0.0543585 0.0958298
5 0.163136 0.46203 0.0700227 0.156269
2 0.53067 0.537307 0.0432663 0.0441231
2 0.529339 0.528511 0.0420038 0.0542387
2 0.615129 0.805516 0.0693943 0.106063
2 0.616288 0.750215 0.0711746 0.0906862
2 0.609934 0.517666 0.0409248 0.0702172
2 0.529246 0.520432 0.0407295 0.0403799
2 0.546353 0.461558 0.0314375 0.0355806
2 0.177945 0.581419 0.0866324 0.117483
2 0.630719 0.900429 0.0921696 0.154817
2 0.705634 0.688287 0.0619766 0.107303
2 0.965589 0.650588 0.0666195 0.0897126
5 0.335695 0.668541 0.167068 0.304118
2 0.898296 0.684088 0.0679409 0.0952552
2 0.483654 0.938013 0.106978 0.121433
2 0.857437 0.518529 0.0399906 0.0635179
2 0.496655 0.71785 0.0682066 0.0953315
2 0.505176 0.786312 0.0797653 0.118009
2 0.814465 0.537477 0.0496397 0.078696
2 0.783967 0.484648 0.0371632 0.0591098
2 0.521117 0.642107 0.0567914 0.0773315
2 0.773874 0.958368 0.12352 0.0813656
2 0.604707 0.674526 0.0650841 0.106892
2 0.608422 0.561293 0.0476823 0.0690555
2 0.608316 0.612847 0.0534501 0.0577146
2 0.518843 0.578079 0.0552662 0.0688916
2 0.04919 0.587094 0.042837 0.0886915
7 0.686336 0.587087 0.0593494 0.138954
2 0.095873 0.580979 0.0561712 0.10762
7 0.675471 0.478361 0.046847 0.0917865
2 0.615839 0.780625 0.0718834 0.149847
2 0.157887 0.598794 0.0492668 0.0910662
5 0.427564 0.546997 0.0854028 0.195146
2 0.193774 0.573217 0.0543585 0.0958298
5 0.163136 0.46203 0.0700227 0.156269
2 0.53067 0.537307 0.0432663 0.0441231
2 0.529339 0.528511 0.0420038 0.0542387
2 0.615129 0.805516 0.0693943 0.106063
2 0.616288 0.750215 0.0711746 0.0906862
2 0.609934 0.517666 0.0409248 0.0702172
2 0.529246 0.520432 0.0407295 0.0403799
2 0.546353 0.461558 0.0314375 0.0355806
2 0.177945 0.581419 0.0866324 0.117483
2 0.630719 0.900429 0.0921696 0.154817
2 0.705634 0.688287 0.0619766 0.107303
2 0.965589 0.650588 0.0666195 0.0897126
5 0.335695 0.668541 0.167068 0.304118
2 0.898296 0.684088 0.0679409 0.0952552
2 0.483654 0.938013 0.106978 0.121433
2 0.857437 0.518529 0.0399906 0.0635179
2 0.496655 0.71785 0.0682066 0.0953315
2 0.505176 0.786312 0.0797653 0.118009
2 0.814465 0.537477 0.0496397 0.078696
2 0.783967 0.484648 0.0371632 0.0591098
2 0.521117 0.642107 0.0567914 0.0773315
2 0.773874 0.958368 0.12352 0.0813656
2 0.604707 0.674526 0.0650841 0.106892
2 0.608422 0.561293 0.0476823 0.0690555
2 0.608316 0.612847 0.0534501 0.0577146
2 0.518843 0.578079 0.0552662 0.0688916
2 0.04919 0.587094 0.042837 0.0886915
7 0.686336 0.587087 0.0593494 0.138954
2 0.095873 0.580979 0.0561712 0.10762
7 0.675471 0.478361 0.046847 0.0917865
2 0.615839 0.780625 0.0718834 0.149847
2 0.157887 0.598794 0.0492668 0.0910662
5 0.427564 0.546997 0.0854028 0.195146
2 0.193774 0.573217 0.0543585 0.0958298
5 0.163136 0.46203 0.0700227 0.156269
2 0.53067 0.537307 0.0432663 0.0441231
2 0.529339 0.528511 0.0420038 0.0542387
2 0.615129 0.805516 0.0693943 0.106063
2 0.616288 0.750215 0.0711746 0.0906862
2 0.609934 0.517666 0.0409248 0.0702172
2 0.529246 0.520432 0.0407295 0.0403799
2 0.546353 0.461558 0.0314375 0.0355806
2 0.177945 0.581419 0.0866324 0.117483
5 0.335018 0.668201 0.167503 0.296531
2 0.631112 0.899874 0.0916706 0.145896
2 0.705642 0.689117 0.0630624 0.1056
2 0.505377 0.788442 0.0801349 0.11029
2 0.965932 0.650609 0.0659248 0.0896438
2 0.52175 0.640555 0.0558145 0.0763306
2 0.482153 0.937563 0.108978 0.120319
2 0.898703 0.686719 0.0682964 0.0980357
2 0.496317 0.71722 0.0674393 0.0933673
2 0.60862 0.611858 0.0532562 0.0598891
2 0.615887 0.751829 0.0718647 0.0882423
5 0.335018 0.668201 0.167503 0.296531
2 0.631112 0.899874 0.0916706 0.145896
2 0.705642 0.689117 0.0630624 0.1056
2 0.505377 0.788442 0.0801349 0.11029
2 0.965932 0.650609 0.0659248 0.0896438
2 0.52175 0.640555 0.0558145 0.0763306
2 0.482153 0.937563 0.108978 0.120319
2 0.898703 0.686719 0.0682964 0.0980357
2 0.496317 0.71722 0.0674393 0.0933673
2 0.60862 0.611858 0.0532562 0.0598891
2 0.615887 0.751829 0.0718647 0.0882423
5 0.335018 0.668201 0.167503 0.296531
2 0.631112 0.899874 0.0916706 0.145896
2 0.705642 0.689117 0.0630624 0.1056
2 0.505377 0.788442 0.0801349 0.11029
2 0.965932 0.650609 0.0659248 0.0896438
2 0.52175 0.640555 0.0558145 0.0763306
2 0.482153 0.937563 0.108978 0.120319
2 0.898703 0.686719 0.0682964 0.0980357
2 0.496317 0.71722 0.0674393 0.0933673
2 0.60862 0.611858 0.0532562 0.0598891
2 0.615887 0.751829 0.0718647 0.0882423
5 0.335018 0.668201 0.167503 0.296531
2 0.631112 0.899874 0.0916706 0.145896
2 0.705642 0.689117 0.0630624 0.1056
2 0.505377 0.788442 0.0801349 0.11029
2 0.965932 0.650609 0.0659248 0.0896438
2 0.52175 0.640555 0.0558145 0.0763306
2 0.482153 0.937563 0.108978 0.120319
2 0.898703 0.686719 0.0682964 0.0980357
2 0.496317 0.71722 0.0674393 0.0933673
2 0.60862 0.611858 0.0532562 0.0598891
2 0.615887 0.751829 0.0718647 0.0882423
5 0.335018 0.668201 0.167503 0.296531
2 0.631112 0.899874 0.0916706 0.145896
2 0.705642 0.689117 0.0630624 0.1056
2 0.505377 0.788442 0.0801349 0.11029
2 0.965932 0.650609 0.0659248 0.0896438
2 0.52175 0.640555 0.0558145 0.0763306
2 0.482153 0.937563 0.108978 0.120319
2 0.898703 0.686719 0.0682964 0.0980357
2 0.496317 0.71722 0.0674393 0.0933673
2 0.60862 0.611858 0.0532562 0.0598891
2 0.615887 0.751829 0.0718647 0.0882423
5 0.335018 0.668201 0.167503 0.296531
2 0.631112 0.899874 0.0916706 0.145896
2 0.705642 0.689117 0.0630624 0.1056
2 0.505377 0.788442 0.0801349 0.11029
2 0.965932 0.650609 0.0659248 0.0896438
2 0.52175 0.640555 0.0558145 0.0763306
2 0.482153 0.937563 0.108978 0.120319
2 0.898703 0.686719 0.0682964 0.0980357
2 0.496317 0.71722 0.0674393 0.0933673
2 0.60862 0.611858 0.0532562 0.0598891
2 0.615887 0.751829 0.0718647 0.0882423
5 0.335018 0.668201 0.167503 0.296531
2 0.631112 0.899874 0.0916706 0.145896
2 0.705642 0.689117 0.0630624 0.1056
2 0.505377 0.788442 0.0801349 0.11029
2 0.965932 0.650609 0.0659248 0.0896438
2 0.52175 0.640555 0.0558145 0.0763306
2 0.482153 0.937563 0.108978 0.120319
2 0.898703 0.686719 0.0682964 0.0980357
2 0.496317 0.71722 0.0674393 0.0933673
2 0.60862 0.611858 0.0532562 0.0598891
2 0.615887 0.751829 0.0718647 0.0882423
5 0.335018 0.668201 0.167503 0.296531
2 0.631112 0.899874 0.0916706 0.145896
2 0.705642 0.689117 0.0630624 0.1056
2 0.505377 0.788442 0.0801349 0.11029
2 0.965932 0.650609 0.0659248 0.0896438
2 0.52175 0.640555 0.0558145 0.0763306
2 0.482153 0.937563 0.108978 0.120319
2 0.898703 0.686719 0.0682964 0.0980357
2 0.496317 0.71722 0.0674393 0.0933673
2 0.60862 0.611858 0.0532562 0.0598891
2 0.615887 0.751829 0.0718647 0.0882423
2 0.520053 0.581638 0.0550047 0.0738841
7 0.163429 0.462818 0.0695189 0.157036
5 0.689408 0.577165 0.0556602 0.119286
2 0.604186 0.675373 0.0669214 0.0995778
2 0.784359 0.484493 0.037591 0.0617601
5 0.163284 0.46362 0.070255 0.158682
2 0.855742 0.520175 0.0424366 0.0663434
5 0.660144 0.429678 0.0384577 0.143638
7 0.689283 0.576689 0.0550658 0.117937
2 0.774409 0.958289 0.121408 0.0796956
2 0.60777 0.56103 0.0458539 0.0618097
2 0.616198 0.806281 0.0700563 0.0959564
2 0.81442 0.539529 0.0475658 0.073183
2 0.0484755 0.59133 0.0418581 0.0837435
