2 0.486064 0.868675 0.0944725 0.150385
2 0.899656 0.672338 0.073674 0.109775
2 0.729931 0.810958 0.0856546 0.134411
2 0.60191 0.733782 0.0760756 0.119272
2 0.514494 0.65922 0.0616101 0.0884338
5 0.367155 0.610714 0.139955 0.248841
2 0.509955 0.5968 0.057077 0.0755258
2 0.829223 0.544401 0.0522335 0.0821053
2 0.932764 0.614696 0.0642614 0.0969382
2 0.231951 0.890777 0.139354 0.2115
2 0.607274 0.598941 0.0525631 0.0750921
2 0.608311 0.657529 0.0596835 0.0775406
7 0.680428 0.504798 0.0535336 0.115374
7 0.696615 0.621009 0.065568 0.154251
2 0.203568 0.55574 0.0501112 0.0886371
2 0.606361 0.550299 0.0466805 0.0691257
2 0.523066 0.54717 0.0523535 0.0693303
2 0.48009 0.771475 0.0784691 0.118272
2 0.163832 0.580735 0.0594247 0.0878576
2 0.617085 0.850717 0.0904573 0.115854
2 0.542499 0.480206 0.0344754 0.0407384
2 0.608201 0.507332 0.0392115 0.0480587
2 0.0675504 0.499602 0.0539212 0.0679036
5 0.161257 0.456464 0.0706865 0.171958
5 0.433338 0.521978 0.0688232 0.180158
2 0.635182 0.981516 0.0866857 0.0349374
2 0.52324 0.564427 0.0543021 0.0749113
2 0.61734 0.886183 0.0894251 0.189155
7 0.547794 0.400686 0.034534 0.0820514
2 0.478711 0.79223 0.0781424 0.079852
2 0.515124 0.675256 0.0621711 0.07893
5 0.147195 0.471726 0.0427427 0.145117
2 0.542796 0.470625 0.0358109 0.0555474
2 0.606806 0.536344 0.0439285 0.0754283
2 0.486064 0.868675 0.0944725 0.150385
2 0.899656 0.672338 0.073674 0.109775
2 0.729931 0.810958 0.0856546 0.134411
2 0.60191 0.733782 0.0760756 0.119272
2 0.514494 0.65922 0.0616101 0.0884338
5 0.367155 0.610714 0.139955 0.248841
2 0.509955 0.5968 0.057077 0.0755258
2 0.829223 0.544401 0.0522335 0.0821053
2 0.932764 0.614696 0.0642614 0.0969382
2 0.231951 0.890777 0.139354 0.2115
2 0.607274 0.598941 0.0525631 0.0750921
2 0.608311 0.657529 0.0596835 0.0775406
7 0.680428 0.504798 0.0535336 0.115374
7 0.696615 0.621009 0.065568 0.154251
2 0.203568 0.55574 0.0501112 0.0886371
2 0.606361 0.550299 0.0466805 0.0691257
2 0.523066 0.54717 0.0523535 0.0693303
2 0.48009 0.771475 0.0784691 0.118272
2 0.163832 0.580735 0.0594247 0.0878576
2 0.617085 0.850717 0.0904573 0.115854
2 0.542499 0.480206 0.0344754 0.0407384
2 0.608201 0.507332 0.0392115 0.0480587
2 0.0675504 0.499602 0.0539212 0.0679036
5 0.161257 0.456464 0.0706865 0.171958
5 0.433338 0.521978 0.0688232 0.180158
2 0.635182 0.981516 0.0866857 0.0349374
2 0.52324 0.564427 0.0543021 0.0749113
2 0.61734 0.886183 0.0894251 0.189155
7 0.547794 0.400686 0.034534 0.0820514
2 0.478711 0.79223 0.0781424 0.079852
2 0.515124 0.675256 0.0621711 0.07893
5 0.147195 0.471726 0.0427427 0.145117
2 0.542796 0.470625 0.0358109 0.0555474
2 0.606806 0.536344 0.0439285 0.0754283
2 0.486064 0.868675 0.0944725 0.150385
2 0.899656 0.672338 0.073674 0.109775
2 0.729931 0.810958 0.0856546 0.134411
2 0.60191 0.733782 0.0760756 0.119272
2 0.514494 0.65922 0.0616101 0.0884338
5 0.367155 0.610714 0.139955 0.248841
2 0.509955 0.5968 0.057077 0.0755258
2 0.829223 0.544401 0.0522335 0.0821053
2 0.932764 0.614696 0.0642614 0.0969382
2 0.231951 0.890777 0.139354 0.2115
2 0.607274 0.598941 0.0525631 0.0750921
2 0.608311 0.657529 0.0596835 0.0775406
7 0.680428 0.504798 0.0535336 0.115374
7 0.696615 0.621009 0.065568 0.154251
2 0.203568 0.55574 0.0501112 0.0886371
2 0.606361 0.550299 0.0466805 0.0691257
2 0.523066 0.54717 0.0523535 0.0693303
2 0.48009 0.771475 0.0784691 0.118272
2 0.163832 0.580735 0.0594247 0.0878576
2 0.617085 0.850717 0.0904573 0.115854
2 0.542499 0.480206 0.0344754 0.0407384
2 0.608201 0.507332 0.0392115 0.0480587
2 0.0675504 0.499602 0.0539212 0.0679036
5 0.161257 0.456464 0.0706865 0.171958
5 0.433338 0.521978 0.0688232 0.180158
2 0.635182 0.981516 0.0866857 0.0349374
2 0.52324 0.564427 0.0543021 0.0749113
2 0.61734 0.886183 0.0894251 0.189155
7 0.547794 0.400686 0.034534 0.0820514
2 0.478711 0.79223 0.0781424 0.079852
2 0.515124 0.675256 0.0621711 0.07893
5 0.147195 0.471726 0.0427427 0.145117
2 0.542796 0.470625 0.0358109 0.0555474
2 0.606806 0.536344 0.0439285 0.0754283
2 0.486064 0.868675 0.0944725 0.150385
2 0.899656 0.672338 0.073674 0.109775
2 0.729931 0.810958 0.0856546 0.134411
2 0.60191 0.733782 0.0760756 0.119272
2 0.514494 0.65922 0.0616101 0.0884338
5 0.367155 0.610714 0.139955 0.248841
2 0.509955 0.5968 0.057077 0.0755258
2 0.829223 0.544401 0.0522335 0.0821053
2 0.932764 0.614696 0.0642614 0.0969382
2 0.231951 0.890777 0.139354 0.2115
2 0.607274 0.598941 0.0525631 0.0750921
2 0.608311 0.657529 0.0596835 0.0775406
7 0.680428 0.504798 0.0535336 0.115374
7 0.696615 0.621009 0.065568 0.154251
2 0.203568 0.55574 0.0501112 0.0886371
2 0.606361 0.550299 0.0466805 0.0691257
2 0.523066 0.54717 0.0523535 0.0693303
2 0.48009 0.771475 0.0784691 0.118272
2 0.163832 0.580735 0.0594247 0.0878576
2 0.617085 0.850717 0.0904573 0.115854
2 0.542499 0.480206 0.0344754 0.0407384
2 0.608201 0.507332 0.0392115 0.0480587
2 0.0675504 0.499602 0.0539212 0.0679036
5 0.161257 0.456464 0.0706865 0.171958
5 0.433338 0.521978 0.0688232 0.180158
2 0.635182 0.981516 0.0866857 0.0349374
2 0.52324 0.564427 0.0543021 0.0749113
2 0.61734 0.886183 0.0894251 0.189155
7 0.547794 0.400686 0.034534 0.0820514
2 0.478711 0.79223 0.0781424 0.079852
2 0.515124 0.675256 0.0621711 0.07893
5 0.147195 0.471726 0.0427427 0.145117
2 0.542796 0.470625 0.0358109 0.0555474
2 0.606806 0.536344 0.0439285 0.0754283
2 0.486064 0.868675 0.0944725 0.150385
2 0.899656 0.672338 0.073674 0.109775
2 0.729931 0.810958 0.0856546 0.134411
2 0.60191 0.733782 0.0760756 0.119272
2 0.514494 0.65922 0.0616101 0.0884338
5 0.367155 0.610714 0.139955 0.248841
2 0.509955 0.5968 0.057077 0.0755258
2 0.829223 0.544401 0.0522335 0.0821053
2 0.932764 0.614696 0.0642614 0.0969382
2 0.231951 0.890777 0.139354 0.2115
2 0.607274 0.598941 0.0525631 0.0750921
2 0.608311 0.657529 0.0596835 0.0775406
7 0.680428 0.504798 0.0535336 0.115374
7 0.696615 0.621009 0.065568 0.154251
2 0.203568 0.55574 0.0501112 0.0886371
2 0.606361 0.550299 0.0466805 0.0691257
2 0.523066 0.54717 0.0523535 0.0693303
2 0.48009 0.771475 0.0784691 0.118272
2 0.163832 0.580735 0.0594247 0.0878576
2 0.617085 0.850717 0.0904573 0.115854
2 0.542499 0.480206 0.0344754 0.0407384
2 0.608201 0.507332 0.0392115 0.0480587
2 0.0675504 0.499602 0.0539212 0.0679036
5 0.161257 0.456464 0.0706865 0.171958
5 0.433338 0.521978 0.0688232 0.180158
2 0.635182 0.981516 0.0866857 0.0349374
2 0.52324 0.564427 0.0543021 0.0749113
2 0.61734 0.886183 0.0894251 0.189155
7 0.547794 0.400686 0.034534 0.0820514
2 0.478711 0.79223 0.0781424 0.079852
2 0.515124 0.675256 0.0621711 0.07893
5 0.147195 0.471726 0.0427427 0.145117
2 0.542796 0.470625 0.0358109 0.0555474
2 0.606806 0.536344 0.0439285 0.0754283
5 0.367394 0.611355 0.139682 0.255177
2 0.486116 0.868428 0.0956889 0.14681
2 0.900417 0.672469 0.0747025 0.110422
2 0.731454 0.809652 0.0829156 0.127866
2 0.932797 0.610465 0.0641872 0.0957383
2 0.828523 0.545091 0.0532116 0.0817518
2 0.602939 0.736335 0.0741074 0.120942
2 0.515179 0.657289 0.06122 0.0842206
2 0.617008 0.856985 0.0897763 0.12431
7 0.230991 0.892741 0.139117 0.207279
2 0.509919 0.598057 0.059091 0.0762302
2 0.60786 0.65841 0.0617725 0.0736374
7 0.160417 0.454549 0.0732347 0.184541
2 0.479522 0.766207 0.0816668 0.106309
2 0.607317 0.597215 0.0531828 0.0774206
5 0.367394 0.611355 0.139682 0.255177
2 0.486116 0.868428 0.0956889 0.14681
2 0.900417 0.672469 0.0747025 0.110422
2 0.731454 0.809652 0.0829156 0.127866
2 0.932797 0.610465 0.0641872 0.0957383
2 0.828523 0.545091 0.0532116 0.0817518
2 0.602939 0.736335 0.0741074 0.120942
2 0.515179 0.657289 0.06122 0.0842206
2 0.617008 0.856985 0.0897763 0.12431
7 0.230991 0.892741 0.139117 0.207279
2 0.509919 0.598057 0.059091 0.0762302
2 0.60786 0.65841 0.0617725 0.0736374
7 0.160417 0.454549 0.0732347 0.184541
2 0.479522 0.766207 0.0816668 0.106309
2 0.607317 0.597215 0.0531828 0.0774206
5 0.367394 0.611355 0.139682 0.255177
2 0.486116 0.868428 0.0956889 0.14681
2 0.900417 0.672469 0.0747025 0.110422
2 0.731454 0.809652 0.0829156 0.127866
2 0.932797 0.610465 0.0641872 0.0957383
2 0.828523 0.545091 0.0532116 0.0817518
2 0.602939 0.736335 0.0741074 0.120942
2 0.515179 0.657289 0.06122 0.0842206
2 0.617008 0.856985 0.0897763 0.12431
7 0.230991 0.892741 0.139117 0.207279
2 0.509919 0.598057 0.059091 0.0762302
2 0.60786 0.65841 0.0617725 0.0736374
7 0.160417 0.454549 0.0732347 0.184541
2 0.479522 0.766207 0.0816668 0.106309
2 0.607317 0.597215 0.0531828 0.0774206
5 0.367394 0.611355 0.139682 0.255177
2 0.486116 0.868428 0.0956889 0.14681
2 0.900417 0.672469 0.0747025 0.110422
2 0.731454 0.809652 0.0829156 0.127866
2 0.932797 0.610465 0.0641872 0.0957383
2 0.828523 0.545091 0.0532116 0.0817518
2 0.602939 0.736335 0.0741074 0.120942
2 0.515179 0.657289 0.06122 0.0842206
2 0.617008 0.856985 0.0897763 0.12431
7 0.230991 0.892741 0.139117 0.207279
2 0.509919 0.598057 0.059091 0.0762302
2 0.60786 0.65841 0.0617725 0.0736374
7 0.160417 0.454549 0.0732347 0.184541
2 0.479522 0.766207 0.0816668 0.106309
2 0.607317 0.597215 0.0531828 0.0774206
5 0.367394 0.611355 0.139682 0.255177
2 0.486116 0.868428 0.0956889 0.14681
2 0.900417 0.672469 0.0747025 0.110422
2 0.731454 0.809652 0.0829156 0.127866
2 0.932797 0.610465 0.0641872 0.0957383
2 0.828523 0.545091 0.0532116 0.0817518
2 0.602939 0.736335 0.0741074 0.120942
2 0.515179 0.657289 0.06122 0.0842206
2 0.617008 0.856985 0.0897763 0.12431
7 0.230991 0.892741 0.139117 0.207279
2 0.509919 0.598057 0.059091 0.0762302
2 0.60786 0.65841 0.0617725 0.0736374
7 0.160417 0.454549 0.0732347 0.184541
2 0.479522 0.766207 0.0816668 0.106309
2 0.607317 0.597215 0.0531828 0.0774206
5 0.367394 0.611355 0.139682 0.255177
2 0.486116 0.868428 0.0956889 0.14681
2 0.900417 0.672469 0.0747025 0.110422
2 0.731454 0.809652 0.0829156 0.127866
2 0.932797 0.610465 0.0641872 0.0957383
2 0.828523 0.545091 0.0532116 0.0817518
2 0.602939 0.736335 0.0741074 0.120942
2 0.515179 0.657289 0.06122 0.0842206
2 0.617008 0.856985 0.0897763 0.12431
7 0.230991 0.892741 0.139117 0.207279
2 0.509919 0.598057 0.059091 0.0762302
2 0.60786 0.65841 0.0617725 0.0736374
7 0.160417 0.454549 0.0732347 0.184541
2 0.479522 0.766207 0.0816668 0.106309
2 0.607317 0.597215 0.0531828 0.0774206
5 0.367394 0.611355 0.139682 0.255177
2 0.486116 0.868428 0.0956889 0.14681
2 0.900417 0.672469 0.0747025 0.110422
2 0.731454 0.809652 0.0829156 0.127866
2 0.932797 0.610465 0.0641872 0.0957383
2 0.828523 0.545091 0.0532116 0.0817518
2 0.602939 0.736335 0.0741074 0.120942
2 0.515179 0.657289 0.06122 0.0842206
2 0.617008 0.856985 0.0897763 0.12431
7 0.230991 0.892741 0.139117 0.207279
2 0.509919 0.598057 0.059091 0.0762302
2 0.60786 0.65841 0.0617725 0.0736374
7 0.160417 0.454549 0.0732347 0.184541
2 0.479522 0.766207 0.0816668 0.106309
2 0.607317 0.597215 0.0531828 0.0774206
5 0.367394 0.611355 0.139682 0.255177
2 0.486116 0.868428 0.0956889 0.14681
2 0.900417 0.672469 0.0747025 0.110422
2 0.731454 0.809652 0.0829156 0.127866
2 0.932797 0.610465 0.0641872 0.0957383
2 0.828523 0.545091 0.0532116 0.0817518
2 0.602939 0.736335 0.0741074 0.120942
2 0.515179 0.657289 0.06122 0.0842206
2 0.617008 0.856985 0.0897763 0.12431
7 0.230991 0.892741 0.139117 0.207279
2 0.509919 0.598057 0.059091 0.0762302
2 0.60786 0.65841 0.0617725 0.0736374
7 0.160417 0.454549 0.0732347 0.184541
2 0.479522 0.766207 0.0816668 0.106309
2 0.607317 0.597215 0.0531828 0.0774206
2 0.0666129 0.501214 0.0543828 0.0681066
5 0.666191 0.41849 0.0435966 0.0916282
5 0.696244 0.616806 0.0658248 0.153629
7 0.696106 0.617843 0.0655626 0.153625
2 0.158562 0.581998 0.0614488 0.0900302
2 0.0788903 0.678165 0.0493479 0.0882587
