2 0.61622 0.7468 0.0712082 0.108447
2 0.757684 0.918684 0.102618 0.159093
2 0.627703 0.930416 0.0981388 0.132659
2 0.687101 0.590383 0.0482474 0.0770047
2 0.503971 0.817061 0.0854505 0.140454
2 0.882001 0.673328 0.0735424 0.100431
2 0.735822 0.764664 0.0842002 0.149209
5 0.235782 0.798333 0.232965 0.386294
2 0.9353 0.746024 0.0753473 0.118901
2 0.50688 0.715827 0.0673323 0.0922611
2 0.505792 0.657592 0.0628113 0.0765989
2 0.613299 0.650767 0.0577707 0.0960243
7 0.673269 0.523947 0.0447615 0.112051
2 0.523971 0.538832 0.0426217 0.0671598
2 0.444819 0.907311 0.113674 0.173821
2 0.196918 0.501355 0.0558249 0.0715017
2 0.964949 0.853368 0.0691532 0.136191
2 0.0748849 0.666368 0.0810615 0.114566
2 0.795431 0.516091 0.0405613 0.0565732
2 0.177606 0.577714 0.0562505 0.094312
5 0.40143 0.558195 0.147337 0.276576
2 0.523313 0.598534 0.0501196 0.0630544
2 0.0536592 0.587774 0.0752011 0.110984
7 0.968579 0.627283 0.0618717 0.163326
7 0.662437 0.435419 0.0382111 0.0771127
2 0.843796 0.506941 0.0415226 0.0547133
2 0.968517 0.626923 0.0616718 0.159173
2 0.134598 0.607704 0.064427 0.102323
2 0.539272 0.485707 0.0391233 0.0586804
2 0.60248 0.540919 0.0469555 0.0650266
2 0.0610134 0.541148 0.0636061 0.0994203
5 0.0648547 0.453724 0.0959104 0.147137
2 0.786401 0.441357 0.0281685 0.0376955
2 0.603693 0.530129 0.0436023 0.0798553
2 0.606087 0.47035 0.0358159 0.0528077
2 0.60197 0.591332 0.0547152 0.0931411
2 0.547331 0.428627 0.0275252 0.0358751
2 0.546417 0.436182 0.0292351 0.0372306
2 0.61622 0.7468 0.0712082 0.108447
2 0.757684 0.918684 0.102618 0.159093
2 0.627703 0.930416 0.0981388 0.132659
2 0.687101 0.590383 0.0482474 0.0770047
2 0.503971 0.817061 0.0854505 0.140454
2 0.882001 0.673328 0.0735424 0.100431
2 0.735822 0.764664 0.0842002 0.149209
5 0.235782 0.798333 0.232965 0.386294
2 0.9353 0.746024 0.0753473 0.118901
2 0.50688 0.715827 0.0673323 0.0922611
2 0.505792 0.657592 0.0628113 0.0765989
2 0.613299 0.650767 0.0577707 0.0960243
7 0.673269 0.523947 0.0447615 0.112051
2 0.523971 0.538832 0.0426217 0.0671598
2 0.444819 0.907311 0.113674 0.173821
2 0.196918 0.501355 0.0558249 0.0715017
2 0.964949 0.853368 0.0691532 0.136191
2 0.0748849 0.666368 0.0810615 0.114566
2 0.795431 0.516091 0.0405613 0.0565732
2 0.177606 0.577714 0.0562505 0.094312
5 0.40143 0.558195 0.147337 0.276576
2 0.523313 0.598534 0.0501196 0.0630544
2 0.0536592 0.587774 0.0752011 0.110984
7 0.968579 0.627283 0.0618717 0.163326
7 0.662437 0.435419 0.0382111 0.0771127
2 0.843796 0.506941 0.0415226 0.0547133
2 0.968517 0.626923 0.0616718 0.159173
2 0.134598 0.607704 0.064427 0.102323
2 0.539272 0.485707 0.0391233 0.0586804
2 0.60248 0.540919 0.0469555 0.0650266
2 0.0610134 0.541148 0.0636061 0.0994203
5 0.0648547 0.453724 0.0959104 0.147137
2 0.786401 0.441357 0.0281685 0.0376955
2 0.603693 0.530129 0.0436023 0.0798553
2 0.606087 0.47035 0.0358159 0.0528077
2 0.60197 0.591332 0.0547152 0.0931411
2 0.547331 0.428627 0.0275252 0.0358751
2 0.546417 0.436182 0.0292351 0.0372306
2 0.61622 0.7468 0.0712082 0.108447
2 0.757684 0.918684 0.102618 0.159093
2 0.627703 0.930416 0.0981388 0.132659
2 0.687101 0.590383 0.0482474 0.0770047
2 0.503971 0.817061 0.0854505 0.140454
2 0.882001 0.673328 0.0735424 0.100431
2 0.735822 0.764664 0.0842002 0.149209
5 0.235782 0.798333 0.232965 0.386294
2 0.9353 0.746024 0.0753473 0.118901
2 0.50688 0.715827 0.0673323 0.0922611
2 0.505792 0.657592 0.0628113 0.0765989
2 0.613299 0.650767 0.0577707 0.0960243
7 0.673269 0.523947 0.0447615 0.112051
2 0.523971 0.538832 0.0426217 0.0671598
2 0.444819 0.907311 0.113674 0.173821
2 0.196918 0.501355 0.0558249 0.0715017
2 0.964949 0.853368 0.0691532 0.136191
2 0.0748849 0.666368 0.0810615 0.114566
2 0.795431 0.516091 0.0405613 0.0565732
2 0.177606 0.577714 0.0562505 0.094312
5 0.40143 0.558195 0.147337 0.276576
2 0.523313 0.598534 0.0501196 0.0630544
2 0.0536592 0.587774 0.0752011 0.110984
7 0.968579 0.627283 0.0618717 0.163326
7 0.662437 0.435419 0.0382111 0.0771127
2 0.843796 0.506941 0.0415226 0.0547133
2 0.968517 0.626923 0.0616718 0.159173
2 0.134598 0.607704 0.064427 0.102323
2 0.539272 0.485707 0.0391233 0.0586804
2 0.60248 0.540919 0.0469555 0.0650266
2 0.0610134 0.541148 0.0636061 0.0994203
5 0.0648547 0.453724 0.0959104 0.147137
2 0.786401 0.441357 0.0281685 0.0376955
2 0.603693 0.530129 0.0436023 0.0798553
2 0.606087 0.47035 0.0358159 0.0528077
2 0.60197 0.591332 0.0547152 0.0931411
2 0.547331 0.428627 0.0275252 0.0358751
2 0.546417 0.436182 0.0292351 0.0372306
2 0.61622 0.7468 0.0712082 0.108447
2 0.757684 0.918684 0.102618 0.159093
2 0.627703 0.930416 0.0981388 0.132659
2 0.687101 0.590383 0.0482474 0.0770047
2 0.503971 0.817061 0.0854505 0.140454
2 0.882001 0.673328 0.0735424 0.100431
2 0.735822 0.764664 0.0842002 0.149209
5 0.235782 0.798333 0.232965 0.386294
2 0.9353 0.746024 0.0753473 0.118901
2 0.50688 0.715827 0.0673323 0.0922611
2 0.505792 0.657592 0.0628113 0.0765989
2 0.613299 0.650767 0.0577707 0.0960243
7 0.673269 0.523947 0.0447615 0.112051
2 0.523971 0.538832 0.0426217 0.0671598
2 0.444819 0.907311 0.113674 0.173821
2 0.196918 0.501355 0.0558249 0.0715017
2 0.964949 0.853368 0.0691532 0.136191
2 0.0748849 0.666368 0.0810615 0.114566
2 0.795431 0.516091 0.0405613 0.0565732
2 0.177606 0.577714 0.0562505 0.094312
5 0.40143 0.558195 0.147337 0.276576
2 0.523313 0.598534 0.0501196 0.0630544
2 0.0536592 0.587774 0.0752011 0.110984
7 0.968579 0.627283 0.0618717 0.163326
7 0.662437 0.435419 0.0382111 0.0771127
2 0.843796 0.506941 0.0415226 0.0547133
2 0.968517 0.626923 0.0616718 0.159173
2 0.134598 0.607704 0.064427 0.102323
2 0.539272 0.485707 0.0391233 0.0586804
2 0.60248 0.540919 0.0469555 0.0650266
2 0.0610134 0.541148 0.0636061 0.0994203
5 0.0648547 0.453724 0.0959104 0.147137
2 0.786401 0.441357 0.0281685 0.0376955
2 0.603693 0.530129 0.0436023 0.0798553
2 0.606087 0.47035 0.0358159 0.0528077
2 0.60197 0.591332 0.0547152 0.0931411
2 0.547331 0.428627 0.0275252 0.0358751
2 0.546417 0.436182 0.0292351 0.0372306
2 0.61622 0.7468 0.0712082 0.108447
2 0.757684 0.918684 0.102618 0.159093
2 0.627703 0.930416 0.0981388 0.132659
2 0.687101 0.590383 0.0482474 0.0770047
2 0.503971 0.817061 0.0854505 0.140454
2 0.882001 0.673328 0.0735424 0.100431
2 0.735822 0.764664 0.0842002 0.149209
5 0.235782 0.798333 0.232965 0.386294
2 0.9353 0.746024 0.0753473 0.118901
2 0.50688 0.715827 0.0673323 0.0922611
2 0.505792 0.657592 0.0628113 0.0765989
2 0.613299 0.650767 0.0577707 0.0960243
7 0.673269 0.523947 0.0447615 0.112051
2 0.523971 0.538832 0.0426217 0.0671598
2 0.444819 0.907311 0.113674 0.173821
2 0.196918 0.501355 0.0558249 0.0715017
2 0.964949 0.853368 0.0691532 0.136191
2 0.0748849 0.666368 0.0810615 0.114566
2 0.795431 0.516091 0.0405613 0.0565732
2 0.177606 0.577714 0.0562505 0.094312
5 0.40143 0.558195 0.147337 0.276576
2 0.523313 0.598534 0.0501196 0.0630544
2 0.0536592 0.587774 0.0752011 0.110984
7 0.968579 0.627283 0.0618717 0.163326
7 0.662437 0.435419 0.0382111 0.0771127
2 0.843796 0.506941 0.0415226 0.0547133
2 0.968517 0.626923 0.0616718 0.159173
2 0.134598 0.607704 0.064427 0.102323
2 0.539272 0.485707 0.0391233 0.0586804
2 0.60248 0.540919 0.0469555 0.0650266
2 0.0610134 0.541148 0.0636061 0.0994203
5 0.0648547 0.453724 0.0959104 0.147137
2 0.786401 0.441357 0.0281685 0.0376955
2 0.603693 0.530129 0.0436023 0.0798553
2 0.606087 0.47035 0.0358159 0.0528077
2 0.60197 0.591332 0.0547152 0.0931411
2 0.547331 0.428627 0.0275252 0.0358751
2 0.546417 0.436182 0.0292351 0.0372306
2 0.0740391 0.669663 0.0799523 0.114042
2 0.616221 0.744909 0.0697576 0.104973
2 0.501029 0.81496 0.0878523 0.132713
5 0.389483 0.582029 0.119421 0.21248
2 0.628216 0.931495 0.0970322 0.132252
5 0.238672 0.794079 0.228327 0.391028
2 0.736466 0.763448 0.0835466 0.144633
2 0.756962 0.918108 0.102415 0.154301
2 0.964795 0.85249 0.069874 0.132864
5 0.0646348 0.438156 0.0930937 0.119421
2 0.44432 0.905656 0.113412 0.161048
7 0.968397 0.624786 0.0625511 0.159774
2 0.687203 0.590635 0.0488843 0.0781047
2 0.505059 0.656291 0.0599843 0.0734136
2 0.197696 0.503003 0.056577 0.0750287
2 0.507292 0.715565 0.0685286 0.088711
5 0.968516 0.625542 0.0621691 0.159873
7 0.673786 0.523082 0.0429523 0.106087
2 0.881508 0.673466 0.0740831 0.096287
2 0.843522 0.504875 0.0398941 0.0525473
2 0.0740391 0.669663 0.0799523 0.114042
2 0.616221 0.744909 0.0697576 0.104973
2 0.501029 0.81496 0.0878523 0.132713
5 0.389483 0.582029 0.119421 0.21248
2 0.628216 0.931495 0.0970322 0.132252
5 0.238672 0.794079 0.228327 0.391028
2 0.736466 0.763448 0.0835466 0.144633
2 0.756962 0.918108 0.102415 0.154301
2 0.964795 0.85249 0.069874 0.132864
5 0.0646348 0.438156 0.0930937 0.119421
2 0.44432 0.905656 0.113412 0.161048
7 0.968397 0.624786 0.0625511 0.159774
2 0.687203 0.590635 0.0488843 0.0781047
2 0.505059 0.656291 0.0599843 0.0734136
2 0.197696 0.503003 0.056577 0.0750287
2 0.507292 0.715565 0.0685286 0.088711
5 0.968516 0.625542 0.0621691 0.159873
7 0.673786 0.523082 0.0429523 0.106087
2 0.881508 0.673466 0.0740831 0.096287
2 0.843522 0.504875 0.0398941 0.0525473
2 0.0740391 0.669663 0.0799523 0.114042
2 0.616221 0.744909 0.0697576 0.104973
2 0.501029 0.81496 0.0878523 0.132713
5 0.389483 0.582029 0.119421 0.21248
2 0.628216 0.931495 0.0970322 0.132252
5 0.238672 0.794079 0.228327 0.391028
2 0.736466 0.763448 0.0835466 0.144633
2 0.756962 0.918108 0.102415 0.154301
2 0.964795 0.85249 0.069874 0.132864
5 0.0646348 0.438156 0.0930937 0.119421
2 0.44432 0.905656 0.113412 0.161048
7 0.968397 0.624786 0.0625511 0.159774
2 0.687203 0.590635 0.0488843 0.0781047
2 0.505059 0.656291 0.0599843 0.0734136
2 0.197696 0.503003 0.056577 0.0750287
2 0.507292 0.715565 0.0685286 0.088711
5 0.968516 0.625542 0.0621691 0.159873
7 0.673786 0.523082 0.0429523 0.106087
2 0.881508 0.673466 0.0740831 0.096287
2 0.843522 0.504875 0.0398941 0.0525473
2 0.0740391 0.669663 0.0799523 0.114042
2 0.616221 0.744909 0.0697576 0.104973
2 0.501029 0.81496 0.0878523 0.132713
5 0.389483 0.582029 0.119421 0.21248
2 0.628216 0.931495 0.0970322 0.132252
5 0.238672 0.794079 0.228327 0.391028
2 0.736466 0.763448 0.0835466 0.144633
2 0.756962 0.918108 0.102415 0.154301
2 0.964795 0.85249 0.069874 0.132864
5 0.0646348 0.438156 0.0930937 0.119421
2 0.44432 0.905656 0.113412 0.161048
7 0.968397 0.624786 0.0625511 0.159774
2 0.687203 0.590635 0.0488843 0.0781047
2 0.505059 0.656291 0.0599843 0.0734136
2 0.197696 0.503003 0.056577 0.0750287
2 0.507292 0.715565 0.0685286 0.088711
5 0.968516 0.625542 0.0621691 0.159873
7 0.673786 0.523082 0.0429523 0.106087
2 0.881508 0.673466 0.0740831 0.096287
2 0.843522 0.504875 0.0398941 0.0525473
2 0.0740391 0.669663 0.0799523 0.114042
2 0.616221 0.744909 0.0697576 0.104973
2 0.501029 0.81496 0.0878523 0.132713
5 0.389483 0.582029 0.119421 0.21248
2 0.628216 0.931495 0.0970322 0.132252
5 0.238672 0.794079 0.228327 0.391028
2 0.736466 0.763448 0.0835466 0.144633
2 0.756962 0.918108 0.102415 0.154301
2 0.964795 0.85249 0.069874 0.132864
5 0.0646348 0.438156 0.0930937 0.119421
2 0.44432 0.905656 0.113412 0.161048
7 0.968397 0.624786 0.0625511 0.159774
2 0.687203 0.590635 0.0488843 0.0781047
2 0.505059 0.656291 0.0599843 0.0734136
2 0.197696 0.503003 0.056577 0.0750287
2 0.507292 0.715565 0.0685286 0.088711
5 0.968516 0.625542 0.0621691 0.159873
7 0.673786 0.523082 0.0429523 0.106087
2 0.881508 0.673466 0.0740831 0.096287
2 0.843522 0.504875 0.0398941 0.0525473
2 0.0740391 0.669663 0.0799523 0.114042
2 0.616221 0.744909 0.0697576 0.104973
2 0.501029 0.81496 0.0878523 0.132713
5 0.389483 0.582029 0.119421 0.21248
2 0.628216 0.931495 0.0970322 0.132252
5 0.238672 0.794079 0.228327 0.391028
2 0.736466 0.763448 0.0835466 0.144633
2 0.756962 0.918108 0.102415 0.154301
2 0.964795 0.85249 0.069874 0.132864
5 0.0646348 0.438156 0.0930937 0.119421
2 0.44432 0.905656 0.113412 0.161048
7 0.968397 0.624786 0.0625511 0.159774
2 0.687203 0.590635 0.0488843 0.0781047
2 0.505059 0.656291 0.0599843 0.0734136
2 0.197696 0.503003 0.056577 0.0750287
2 0.507292 0.715565 0.0685286 0.088711
5 0.968516 0.625542 0.0621691 0.159873
7 0.673786 0.523082 0.0429523 0.106087
2 0.881508 0.673466 0.0740831 0.096287
2 0.843522 0.504875 0.0398941 0.0525473
2 0.0740391 0.669663 0.0799523 0.114042
2 0.616221 0.744909 0.0697576 0.104973
2 0.501029 0.81496 0.0878523 0.132713
5 0.389483 0.582029 0.119421 0.21248
2 0.628216 0.931495 0.0970322 0.132252
5 0.238672 0.794079 0.228327 0.391028
2 0.736466 0.763448 0.0835466 0.144633
2 0.756962 0.918108 0.102415 0.154301
2 0.964795 0.85249 0.069874 0.132864
5 0.0646348 0.438156 0.0930937 0.119421
2 0.44432 0.905656 0.113412 0.161048
7 0.968397 0.624786 0.0625511 0.159774
2 0.687203 0.590635 0.0488843 0.0781047
2 0.505059 0.656291 0.0599843 0.0734136
2 0.197696 0.503003 0.056577 0.0750287
2 0.507292 0.715565 0.0685286 0.088711
5 0.968516 0.625542 0.0621691 0.159873
7 0.673786 0.523082 0.0429523 0.106087
2 0.881508 0.673466 0.0740831 0.096287
2 0.843522 0.504875 0.0398941 0.0525473
2 0.0740391 0.669663 0.0799523 0.114042
2 0.616221 0.744909 0.0697576 0.104973
2 0.501029 0.81496 0.0878523 0.132713
5 0.389483 0.582029 0.119421 0.21248
2 0.628216 0.931495 0.0970322 0.132252
5 0.238672 0.794079 0.228327 0.391028
2 0.736466 0.763448 0.0835466 0.144633
2 0.756962 0.918108 0.102415 0.154301
2 0.964795 0.85249 0.069874 0.132864
5 0.0646348 0.438156 0.0930937 0.119421
2 0.44432 0.905656 0.113412 0.161048
7 0.968397 0.624786 0.0625511 0.159774
2 0.687203 0.590635 0.0488843 0.0781047
2 0.505059 0.656291 0.0599843 0.0734136
2 0.197696 0.503003 0.056577 0.0750287
2 0.507292 0.715565 0.0685286 0.088711
5 0.968516 0.625542 0.0621691 0.159873
7 0.673786 0.523082 0.0429523 0.106087
2 0.881508 0.673466 0.0740831 0.096287
2 0.843522 0.504875 0.0398941 0.0525473
2 0.52283 0.590098 0.0482191 0.0685433
2 0.934864 0.747664 0.0766582 0.111946
2 0.524709 0.537172 0.0445962 0.0643956
2 0.178337 0.578223 0.0574934 0.0956468
2 0.612867 0.645171 0.056871 0.0834502
2 0.603079 0.544191 0.0440135 0.0522043
5 0.160012 0.455544 0.07234 0.157476
2 0.446077 0.974849 0.114138 0.0478729
2 0.132841 0.604523 0.0676458 0.0970946
2 0.601522 0.590802 0.0550043 0.0663688
2 0.618366 0.848409 0.0742387 0.106992
