5 0.298096 0.730059 0.198033 0.356745
2 0.622591 0.834718 0.0809483 0.13533
2 0.754692 0.901666 0.102112 0.178779
2 0.505854 0.765037 0.077388 0.119761
2 0.697624 0.648422 0.0570908 0.0924456
2 0.841104 0.60169 0.054184 0.0737157
2 0.898475 0.581522 0.0504498 0.0660862
2 0.972372 0.881311 0.0542261 0.128024
2 0.49554 0.88578 0.096352 0.131727
2 0.500186 0.696678 0.0651081 0.0834028
2 0.781592 0.501608 0.0443661 0.0629481
2 0.61203 0.707436 0.0642412 0.0927621
2 0.521101 0.630641 0.0549874 0.0808743
2 0.189651 0.577287 0.0528058 0.0903161
2 0.602266 0.634857 0.0608714 0.0818542
2 0.519448 0.573311 0.0467521 0.0681302
2 0.0811351 0.589389 0.0679375 0.106243
7 0.679701 0.569004 0.0556035 0.131168
5 0.163766 0.473464 0.0733636 0.177707
2 0.153703 0.600731 0.0476748 0.08702
2 0.822416 0.486646 0.0329983 0.0600754
5 0.654671 0.405083 0.0346813 0.0888819
2 0.534807 0.514195 0.0450871 0.0415401
5 0.450256 0.483801 0.0608578 0.124432
2 0.60599 0.566415 0.0451151 0.07492
5 0.412078 0.564378 0.10745 0.209123
5 0.228788 0.487992 0.073865 0.132213
2 0.424081 0.957582 0.104847 0.0809228
5 0.670015 0.469574 0.0420937 0.0830166
2 0.608483 0.502263 0.0392094 0.0764787
2 0.604978 0.590234 0.0520624 0.0541051
7 0.670177 0.469919 0.0423056 0.0839918
2 0.605625 0.582837 0.0454386 0.0574931
2 0.613957 0.749075 0.0625429 0.0623661
2 0.534196 0.547196 0.0438412 0.0637819
5 0.298096 0.730059 0.198033 0.356745
2 0.622591 0.834718 0.0809483 0.13533
2 0.754692 0.901666 0.102112 0.178779
2 0.505854 0.765037 0.077388 0.119761
2 0.697624 0.648422 0.0570908 0.0924456
2 0.841104 0.60169 0.054184 0.0737157
2 0.898475 0.581522 0.0504498 0.0660862
2 0.972372 0.881311 0.0542261 0.128024
2 0.49554 0.88578 0.096352 0.131727
2 0.500186 0.696678 0.0651081 0.0834028
2 0.781592 0.501608 0.0443661 0.0629481
2 0.61203 0.707436 0.0642412 0.0927621
2 0.521101 0.630641 0.0549874 0.0808743
2 0.189651 0.577287 0.0528058 0.0903161
2 0.602266 0.634857 0.0608714 0.0818542
2 0.519448 0.573311 0.0467521 0.0681302
2 0.0811351 0.589389 0.0679375 0.106243
7 0.679701 0.569004 0.0556035 0.131168
5 0.163766 0.473464 0.0733636 0.177707
2 0.153703 0.600731 0.0476748 0.08702
2 0.822416 0.486646 0.0329983 0.0600754
5 0.654671 0.405083 0.0346813 0.0888819
2 0.534807 0.514195 0.0450871 0.0415401
5 0.450256 0.483801 0.0608578 0.124432
2 0.60599 0.566415 0.0451151 0.07492
5 0.412078 0.564378 0.10745 0.209123
5 0.228788 0.487992 0.073865 0.132213
2 0.424081 0.957582 0.104847 0.0809228
5 0.670015 0.469574 0.0420937 0.0830166
2 0.608483 0.502263 0.0392094 0.0764787
2 0.604978 0.590234 0.0520624 0.0541051
7 0.670177 0.469919 0.0423056 0.0839918
2 0.605625 0.582837 0.0454386 0.0574931
2 0.613957 0.749075 0.0625429 0.0623661
2 0.534196 0.547196 0.0438412 0.0637819
5 0.298096 0.730059 0.198033 0.356745
2 0.622591 0.834718 0.0809483 0.13533
2 0.754692 0.901666 0.102112 0.178779
2 0.505854 0.765037 0.077388 0.119761
2 0.697624 0.648422 0.0570908 0.0924456
2 0.841104 0.60169 0.054184 0.0737157
2 0.898475 0.581522 0.0504498 0.0660862
2 0.972372 0.881311 0.0542261 0.128024
2 0.49554 0.88578 0.096352 0.131727
2 0.500186 0.696678 0.0651081 0.0834028
2 0.781592 0.501608 0.0443661 0.0629481
2 0.61203 0.707436 0.0642412 0.0927621
2 0.521101 0.630641 0.0549874 0.0808743
2 0.189651 0.577287 0.0528058 0.0903161
2 0.602266 0.634857 0.0608714 0.0818542
2 0.519448 0.573311 0.0467521 0.0681302
2 0.0811351 0.589389 0.0679375 0.106243
7 0.679701 0.569004 0.0556035 0.131168
5 0.163766 0.473464 0.0733636 0.177707
2 0.153703 0.600731 0.0476748 0.08702
2 0.822416 0.486646 0.0329983 0.0600754
5 0.654671 0.405083 0.0346813 0.0888819
2 0.534807 0.514195 0.0450871 0.0415401
5 0.450256 0.483801 0.0608578 0.124432
2 0.60599 0.566415 0.0451151 0.07492
5 0.412078 0.564378 0.10745 0.209123
5 0.228788 0.487992 0.073865 0.132213
2 0.424081 0.957582 0.104847 0.0809228
5 0.670015 0.469574 0.0420937 0.0830166
2 0.608483 0.502263 0.0392094 0.0764787
2 0.604978 0.590234 0.0520624 0.0541051
7 0.670177 0.469919 0.0423056 0.0839918
2 0.605625 0.582837 0.0454386 0.0574931
2 0.613957 0.749075 0.0625429 0.0623661
2 0.534196 0.547196 0.0438412 0.0637819
5 0.298096 0.730059 0.198033 0.356745
2 0.622591 0.834718 0.0809483 0.13533
2 0.754692 0.901666 0.102112 0.178779
2 0.505854 0.765037 0.077388 0.119761
2 0.697624 0.648422 0.0570908 0.0924456
2 0.841104 0.60169 0.054184 0.0737157
2 0.898475 0.581522 0.0504498 0.0660862
2 0.972372 0.881311 0.0542261 0.128024
2 0.49554 0.88578 0.096352 0.131727
2 0.500186 0.696678 0.0651081 0.0834028
2 0.781592 0.501608 0.0443661 0.0629481
2 0.61203 0.707436 0.0642412 0.0927621
2 0.521101 0.630641 0.0549874 0.0808743
2 0.189651 0.577287 0.0528058 0.0903161
2 0.602266 0.634857 0.0608714 0.0818542
2 0.519448 0.573311 0.0467521 0.0681302
2 0.0811351 0.589389 0.0679375 0.106243
7 0.679701 0.569004 0.0556035 0.131168
5 0.163766 0.473464 0.0733636 0.177707
2 0.153703 0.600731 0.0476748 0.08702
2 0.822416 0.486646 0.0329983 0.0600754
5 0.654671 0.405083 0.0346813 0.0888819
2 0.534807 0.514195 0.0450871 0.0415401
5 0.450256 0.483801 0.0608578 0.124432
2 0.60599 0.566415 0.0451151 0.07492
5 0.412078 0.564378 0.10745 0.209123
5 0.228788 0.487992 0.073865 0.132213
2 0.424081 0.957582 0.104847 0.0809228
5 0.670015 0.469574 0.0420937 0.0830166
2 0.608483 0.502263 0.0392094 0.0764787
2 0.604978 0.590234 0.0520624 0.0541051
7 0.670177 0.469919 0.0423056 0.0839918
2 0.605625 0.582837 0.0454386 0.0574931
2 0.613957 0.749075 0.0625429 0.0623661
2 0.534196 0.547196 0.0438412 0.0637819
5 0.298096 0.730059 0.198033 0.356745
2 0.622591 0.834718 0.0809483 0.13533
2 0.754692 0.901666 0.102112 0.178779
2 0.505854 0.765037 0.077388 0.119761
2 0.697624 0.648422 0.0570908 0.0924456
2 0.841104 0.60169 0.054184 0.0737157
2 0.898475 0.581522 0.0504498 0.0660862
2 0.972372 0.881311 0.0542261 0.128024
2 0.49554 0.88578 0.096352 0.131727
2 0.500186 0.696678 0.0651081 0.0834028
2 0.781592 0.501608 0.0443661 0.0629481
2 0.61203 0.707436 0.0642412 0.0927621
2 0.521101 0.630641 0.0549874 0.0808743
2 0.189651 0.577287 0.0528058 0.0903161
2 0.602266 0.634857 0.0608714 0.0818542
2 0.519448 0.573311 0.0467521 0.0681302
2 0.0811351 0.589389 0.0679375 0.106243
7 0.679701 0.569004 0.0556035 0.131168
5 0.163766 0.473464 0.0733636 0.177707
2 0.153703 0.600731 0.0476748 0.08702
2 0.822416 0.486646 0.0329983 0.0600754
5 0.654671 0.405083 0.0346813 0.0888819
2 0.534807 0.514195 0.0450871 0.0415401
5 0.450256 0.483801 0.0608578 0.124432
2 0.60599 0.566415 0.0451151 0.07492
5 0.412078 0.564378 0.10745 0.209123
5 0.228788 0.487992 0.073865 0.132213
2 0.424081 0.957582 0.104847 0.0809228
5 0.670015 0.469574 0.0420937 0.0830166
2 0.608483 0.502263 0.0392094 0.0764787
2 0.604978 0.590234 0.0520624 0.0541051
7 0.670177 0.469919 0.0423056 0.0839918
2 0.605625 0.582837 0.0454386 0.0574931
2 0.613957 0.749075 0.0625429 0.0623661
2 0.534196 0.547196 0.0438412 0.0637819
5 0.298194 0.728214 0.201204 0.353067
2 0.754997 0.899009 0.102901 0.171597
2 0.622541 0.835568 0.0808569 0.130142
2 0.505618 0.763334 0.0747105 0.108879
2 0.49419 0.892376 0.0940927 0.145678
2 0.697878 0.650468 0.0586108 0.0928433
2 0.972434 0.882312 0.0543999 0.130731
7 0.163246 0.473559 0.0724833 0.178023
2 0.899168 0.581934 0.0519617 0.0674596
2 0.840035 0.602657 0.0557447 0.0755475
2 0.612783 0.704254 0.064539 0.0864533
5 0.0826889 0.568727 0.0707579 0.144458
2 0.521044 0.625494 0.0526466 0.0720583
2 0.601027 0.636336 0.062887 0.0777695
2 0.49951 0.699621 0.0655098 0.0845676
5 0.298194 0.728214 0.201204 0.353067
2 0.754997 0.899009 0.102901 0.171597
2 0.622541 0.835568 0.0808569 0.130142
2 0.505618 0.763334 0.0747105 0.108879
2 0.49419 0.892376 0.0940927 0.145678
2 0.697878 0.650468 0.0586108 0.0928433
2 0.972434 0.882312 0.0543999 0.130731
7 0.163246 0.473559 0.0724833 0.178023
2 0.899168 0.581934 0.0519617 0.0674596
2 0.840035 0.602657 0.0557447 0.0755475
2 0.612783 0.704254 0.064539 0.0864533
5 0.0826889 0.568727 0.0707579 0.144458
2 0.521044 0.625494 0.0526466 0.0720583
2 0.601027 0.636336 0.062887 0.0777695
2 0.49951 0.699621 0.0655098 0.0845676
5 0.298194 0.728214 0.201204 0.353067
2 0.754997 0.899009 0.102901 0.171597
2 0.622541 0.835568 0.0808569 0.130142
2 0.505618 0.763334 0.0747105 0.108879
2 0.49419 0.892376 0.0940927 0.145678
2 0.697878 0.650468 0.0586108 0.0928433
2 0.972434 0.882312 0.0543999 0.130731
7 0.163246 0.473559 0.0724833 0.178023
2 0.899168 0.581934 0.0519617 0.0674596
2 0.840035 0.602657 0.0557447 0.0755475
2 0.612783 0.704254 0.064539 0.0864533
5 0.0826889 0.568727 0.0707579 0.144458
2 0.521044 0.625494 0.0526466 0.0720583
2 0.601027 0.636336 0.062887 0.0777695
2 0.49951 0.699621 0.0655098 0.0845676
5 0.298194 0.728214 0.201204 0.353067
2 0.754997 0.899009 0.102901 0.171597
2 0.622541 0.835568 0.0808569 0.130142
2 0.505618 0.763334 0.0747105 0.108879
2 0.49419 0.892376 0.0940927 0.145678
2 0.697878 0.650468 0.0586108 0.0928433
2 0.972434 0.882312 0.0543999 0.130731
7 0.163246 0.473559 0.0724833 0.178023
2 0.899168 0.581934 0.0519617 0.0674596
2 0.840035 0.602657 0.0557447 0.0755475
2 0.612783 0.704254 0.064539 0.0864533
5 0.0826889 0.568727 0.0707579 0.144458
2 0.521044 0.625494 0.0526466 0.0720583
2 0.601027 0.636336 0.062887 0.0777695
2 0.49951 0.699621 0.0655098 0.0845676
5 0.298194 0.728214 0.201204 0.353067
2 0.754997 0.899009 0.102901 0.171597
2 0.622541 0.835568 0.0808569 0.130142
2 0.505618 0.763334 0.0747105 0.108879
2 0.49419 0.892376 0.0940927 0.145678
2 0.697878 0.650468 0.0586108 0.0928433
2 0.972434 0.882312 0.0543999 0.130731
7 0.163246 0.473559 0.0724833 0.178023
2 0.899168 0.581934 0.0519617 0.0674596
2 0.840035 0.602657 0.0557447 0.0755475
2 0.612783 0.704254 0.064539 0.0864533
5 0.0826889 0.568727 0.0707579 0.144458
2 0.521044 0.625494 0.0526466 0.0720583
2 0.601027 0.636336 0.062887 0.0777695
2 0.49951 0.699621 0.0655098 0.0845676
5 0.298194 0.728214 0.201204 0.353067
2 0.754997 0.899009 0.102901 0.171597
2 0.622541 0.835568 0.0808569 0.130142
2 0.505618 0.763334 0.0747105 0.108879
2 0.49419 0.892376 0.0940927 0.145678
2 0.697878 0.650468 0.0586108 0.0928433
2 0.972434 0.882312 0.0543999 0.130731
7 0.163246 0.473559 0.0724833 0.178023
2 0.899168 0.581934 0.0519617 0.0674596
2 0.840035 0.602657 0.0557447 0.0755475
2 0.612783 0.704254 0.064539 0.0864533
5 0.0826889 0.568727 0.0707579 0.144458
2 0.521044 0.625494 0.0526466 0.0720583
2 0.601027 0.636336 0.062887 0.0777695
2 0.49951 0.699621 0.0655098 0.0845676
5 0.298194 0.728214 0.201204 0.353067
2 0.754997 0.899009 0.102901 0.171597
2 0.622541 0.835568 0.0808569 0.130142
2 0.505618 0.763334 0.0747105 0.108879
2 0.49419 0.892376 0.0940927 0.145678
2 0.697878 0.650468 0.0586108 0.0928433
2 0.972434 0.882312 0.0543999 0.130731
7 0.163246 0.473559 0.0724833 0.178023
2 0.899168 0.581934 0.0519617 0.0674596
2 0.840035 0.602657 0.0557447 0.0755475
2 0.612783 0.704254 0.064539 0.0864533
5 0.0826889 0.568727 0.0707579 0.144458
2 0.521044 0.625494 0.0526466 0.0720583
2 0.601027 0.636336 0.062887 0.0777695
2 0.49951 0.699621 0.0655098 0.0845676
5 0.298194 0.728214 0.201204 0.353067
2 0.754997 0.899009 0.102901 0.171597
2 0.622541 0.835568 0.0808569 0.130142
2 0.505618 0.763334 0.0747105 0.108879
2 0.49419 0.892376 0.0940927 0.145678
2 0.697878 0.650468 0.0586108 0.0928433
2 0.972434 0.882312 0.0543999 0.130731
7 0.163246 0.473559 0.0724833 0.178023
2 0.899168 0.581934 0.0519617 0.0674596
2 0.840035 0.602657 0.0557447 0.0755475
2 0.612783 0.704254 0.064539 0.0864533
5 0.0826889 0.568727 0.0707579 0.144458
2 0.521044 0.625494 0.0526466 0.0720583
2 0.601027 0.636336 0.062887 0.0777695
2 0.49951 0.699621 0.0655098 0.0845676
5 0.0851107 0.444211 0.0660339 0.105431
5 0.682 0.564285 0.0500467 0.117846
2 0.425537 0.95707 0.12182 0.0837755
2 0.213894 0.507319 0.0554285 0.0792625
2 0.157025 0.603363 0.0538965 0.0915136
2 0.606728 0.588957 0.0486172 0.0532532
2 0.520525 0.569747 0.0502459 0.0684789
2 0.612335 0.762087 0.0631222 0.0817386
2 0.781503 0.504315 0.0449051 0.0695062
5 0.669812 0.469851 0.0445744 0.0832079
2 0.188579 0.578419 0.055052 0.0878968
