5 0.180425 0.807315 0.317738 0.371108
2 0.614885 0.725885 0.0685386 0.105243
2 0.947686 0.786138 0.0975506 0.125303
2 0.503772 0.8036 0.0854844 0.141526
2 0.74916 0.881546 0.0956144 0.165608
2 0.684696 0.575714 0.046387 0.0751097
2 0.864878 0.633441 0.0690716 0.0824828
2 0.627868 0.914898 0.0922531 0.161313
2 0.727586 0.733521 0.0810387 0.138576
5 0.95783 0.601061 0.08311 0.162223
2 0.507317 0.707081 0.068246 0.0911527
2 0.449394 0.88338 0.109915 0.169043
2 0.527216 0.527382 0.0429806 0.0652827
2 0.193203 0.499022 0.054525 0.0742589
2 0.506662 0.644403 0.0576574 0.0775976
2 0.523076 0.579819 0.0507101 0.0749041
7 0.67116 0.509357 0.0438366 0.10577
2 0.449112 0.958546 0.109749 0.0784607
2 0.602723 0.531269 0.0437325 0.057353
2 0.0677407 0.669706 0.0801875 0.119659
2 0.833209 0.484774 0.0390913 0.0520667
2 0.913574 0.693575 0.0663303 0.0896148
2 0.612939 0.630858 0.0640348 0.0873208
5 0.377338 0.593649 0.119443 0.234428
2 0.540076 0.486623 0.0382946 0.0732203
5 0.0603311 0.432747 0.0848202 0.105849
2 0.0502344 0.566058 0.0745617 0.147628
2 0.785266 0.494028 0.0417627 0.0584328
5 0.395605 0.56701 0.155961 0.296457
2 0.78037 0.425466 0.0268103 0.0330049
2 0.168131 0.574901 0.0577416 0.0909522
7 0.659745 0.434296 0.0391594 0.0918202
2 0.00720091 0.559866 0.0143864 0.118848
5 0.360861 0.59463 0.0857049 0.225817
2 0.546794 0.424433 0.0293716 0.0359553
2 0.60483 0.445216 0.0363221 0.0695608
2 0.601292 0.579569 0.0542654 0.0593243
2 0.131629 0.60113 0.0597331 0.0954893
5 0.180425 0.807315 0.317738 0.371108
2 0.614885 0.725885 0.0685386 0.105243
2 0.947686 0.786138 0.0975506 0.125303
2 0.503772 0.8036 0.0854844 0.141526
2 0.74916 0.881546 0.0956144 0.165608
2 0.684696 0.575714 0.046387 0.0751097
2 0.864878 0.633441 0.0690716 0.0824828
2 0.627868 0.914898 0.0922531 0.161313
2 0.727586 0.733521 0.0810387 0.138576
5 0.95783 0.601061 0.08311 0.162223
2 0.507317 0.707081 0.068246 0.0911527
2 0.449394 0.88338 0.109915 0.169043
2 0.527216 0.527382 0.0429806 0.0652827
2 0.193203 0.499022 0.054525 0.0742589
2 0.506662 0.644403 0.0576574 0.0775976
2 0.523076 0.579819 0.0507101 0.0749041
7 0.67116 0.509357 0.0438366 0.10577
2 0.449112 0.958546 0.109749 0.0784607
2 0.602723 0.531269 0.0437325 0.057353
2 0.0677407 0.669706 0.0801875 0.119659
2 0.833209 0.484774 0.0390913 0.0520667
2 0.913574 0.693575 0.0663303 0.0896148
2 0.612939 0.630858 0.0640348 0.0873208
5 0.377338 0.593649 0.119443 0.234428
2 0.540076 0.486623 0.0382946 0.0732203
5 0.0603311 0.432747 0.0848202 0.105849
2 0.0502344 0.566058 0.0745617 0.147628
2 0.785266 0.494028 0.0417627 0.0584328
5 0.395605 0.56701 0.155961 0.296457
2 0.78037 0.425466 0.0268103 0.0330049
2 0.168131 0.574901 0.0577416 0.0909522
7 0.659745 0.434296 0.0391594 0.0918202
2 0.00720091 0.559866 0.0143864 0.118848
5 0.360861 0.59463 0.0857049 0.225817
2 0.546794 0.424433 0.0293716 0.0359553
2 0.60483 0.445216 0.0363221 0.0695608
2 0.601292 0.579569 0.0542654 0.0593243
2 0.131629 0.60113 0.0597331 0.0954893
5 0.180425 0.807315 0.317738 0.371108
2 0.614885 0.725885 0.0685386 0.105243
2 0.947686 0.786138 0.0975506 0.125303
2 0.503772 0.8036 0.0854844 0.141526
2 0.74916 0.881546 0.0956144 0.165608
2 0.684696 0.575714 0.046387 0.0751097
2 0.864878 0.633441 0.0690716 0.0824828
2 0.627868 0.914898 0.0922531 0.161313
2 0.727586 0.733521 0.0810387 0.138576
5 0.95783 0.601061 0.08311 0.162223
2 0.507317 0.707081 0.068246 0.0911527
2 0.449394 0.88338 0.109915 0.169043
2 0.527216 0.527382 0.0429806 0.0652827
2 0.193203 0.499022 0.054525 0.0742589
2 0.506662 0.644403 0.0576574 0.0775976
2 0.523076 0.579819 0.0507101 0.0749041
7 0.67116 0.509357 0.0438366 0.10577
2 0.449112 0.958546 0.109749 0.0784607
2 0.602723 0.531269 0.0437325 0.057353
2 0.0677407 0.669706 0.0801875 0.119659
2 0.833209 0.484774 0.0390913 0.0520667
2 0.913574 0.693575 0.0663303 0.0896148
2 0.612939 0.630858 0.0640348 0.0873208
5 0.377338 0.593649 0.119443 0.234428
2 0.540076 0.486623 0.0382946 0.0732203
5 0.0603311 0.432747 0.0848202 0.105849
2 0.0502344 0.566058 0.0745617 0.147628
2 0.785266 0.494028 0.0417627 0.0584328
5 0.395605 0.56701 0.155961 0.296457
2 0.78037 0.425466 0.0268103 0.0330049
2 0.168131 0.574901 0.0577416 0.0909522
7 0.659745 0.434296 0.0391594 0.0918202
2 0.00720091 0.559866 0.0143864 0.118848
5 0.360861 0.59463 0.0857049 0.225817
2 0.546794 0.424433 0.0293716 0.0359553
2 0.60483 0.445216 0.0363221 0.0695608
2 0.601292 0.579569 0.0542654 0.0593243
2 0.131629 0.60113 0.0597331 0.0954893
5 0.180425 0.807315 0.317738 0.371108
2 0.614885 0.725885 0.0685386 0.105243
2 0.947686 0.786138 0.0975506 0.125303
2 0.503772 0.8036 0.0854844 0.141526
2 0.74916 0.881546 0.0956144 0.165608
2 0.684696 0.575714 0.046387 0.0751097
2 0.864878 0.633441 0.0690716 0.0824828
2 0.627868 0.914898 0.0922531 0.161313
2 0.727586 0.733521 0.0810387 0.138576
5 0.95783 0.601061 0.08311 0.162223
2 0.507317 0.707081 0.068246 0.0911527
2 0.449394 0.88338 0.109915 0.169043
2 0.527216 0.527382 0.0429806 0.0652827
2 0.193203 0.499022 0.054525 0.0742589
2 0.506662 0.644403 0.0576574 0.0775976
2 0.523076 0.579819 0.0507101 0.0749041
7 0.67116 0.509357 0.0438366 0.10577
2 0.449112 0.958546 0.109749 0.0784607
2 0.602723 0.531269 0.0437325 0.057353
2 0.0677407 0.669706 0.0801875 0.119659
2 0.833209 0.484774 0.0390913 0.0520667
2 0.913574 0.693575 0.0663303 0.0896148
2 0.612939 0.630858 0.0640348 0.0873208
5 0.377338 0.593649 0.119443 0.234428
2 0.540076 0.486623 0.0382946 0.0732203
5 0.0603311 0.432747 0.0848202 0.105849
2 0.0502344 0.566058 0.0745617 0.147628
2 0.785266 0.494028 0.0417627 0.0584328
5 0.395605 0.56701 0.155961 0.296457
2 0.78037 0.425466 0.0268103 0.0330049
2 0.168131 0.574901 0.0577416 0.0909522
7 0.659745 0.434296 0.0391594 0.0918202
2 0.00720091 0.559866 0.0143864 0.118848
5 0.360861 0.59463 0.0857049 0.225817
2 0.546794 0.424433 0.0293716 0.0359553
2 0.60483 0.445216 0.0363221 0.0695608
2 0.601292 0.579569 0.0542654 0.0593243
2 0.131629 0.60113 0.0597331 0.0954893
5 0.180425 0.807315 0.317738 0.371108
2 0.614885 0.725885 0.0685386 0.105243
2 0.947686 0.786138 0.0975506 0.125303
2 0.503772 0.8036 0.0854844 0.141526
2 0.74916 0.881546 0.0956144 0.165608
2 0.684696 0.575714 0.046387 0.0751097
2 0.864878 0.633441 0.0690716 0.0824828
2 0.627868 0.914898 0.0922531 0.161313
2 0.727586 0.733521 0.0810387 0.138576
5 0.95783 0.601061 0.08311 0.162223
2 0.507317 0.707081 0.068246 0.0911527
2 0.449394 0.88338 0.109915 0.169043
2 0.527216 0.527382 0.0429806 0.0652827
2 0.193203 0.499022 0.054525 0.0742589
2 0.506662 0.644403 0.0576574 0.0775976
2 0.523076 0.579819 0.0507101 0.0749041
7 0.67116 0.509357 0.0438366 0.10577
2 0.449112 0.958546 0.109749 0.0784607
2 0.602723 0.531269 0.0437325 0.057353
2 0.0677407 0.669706 0.0801875 0.119659
2 0.833209 0.484774 0.0390913 0.0520667
2 0.913574 0.693575 0.0663303 0.0896148
2 0.612939 0.630858 0.0640348 0.0873208
5 0.377338 0.593649 0.119443 0.234428
2 0.540076 0.486623 0.0382946 0.0732203
5 0.0603311 0.432747 0.0848202 0.105849
2 0.0502344 0.566058 0.0745617 0.147628
2 0.785266 0.494028 0.0417627 0.0584328
5 0.395605 0.56701 0.155961 0.296457
2 0.78037 0.425466 0.0268103 0.0330049
2 0.168131 0.574901 0.0577416 0.0909522
7 0.659745 0.434296 0.0391594 0.0918202
2 0.00720091 0.559866 0.0143864 0.118848
5 0.360861 0.59463 0.0857049 0.225817
2 0.546794 0.424433 0.0293716 0.0359553
2 0.60483 0.445216 0.0363221 0.0695608
2 0.601292 0.579569 0.0542654 0.0593243
2 0.131629 0.60113 0.0597331 0.0954893
5 0.186229 0.804118 0.302672 0.376967
2 0.615062 0.724277 0.0671957 0.106046
2 0.0692302 0.667065 0.0826545 0.113257
2 0.50229 0.799146 0.0847542 0.130762
2 0.727009 0.737164 0.0823719 0.14579
2 0.749689 0.878812 0.0952005 0.156959
2 0.449065 0.883269 0.109914 0.164203
2 0.948984 0.790134 0.0949951 0.12885
7 0.14824 0.449918 0.0807846 0.153357
7 0.672703 0.509597 0.0403491 0.102065
2 0.684658 0.575875 0.0466166 0.0756385
5 0.0580655 0.431646 0.0845415 0.113887
5 0.376269 0.592283 0.114395 0.225886
2 0.506373 0.645174 0.0593567 0.0769272
5 0.957497 0.601182 0.0841505 0.162173
2 0.192189 0.499779 0.0565158 0.0761549
2 0.507319 0.704577 0.0676188 0.0858161
2 0.615419 0.632736 0.0594271 0.089876
2 0.523336 0.577308 0.0493622 0.0710524
2 0.627772 0.915421 0.0910645 0.158291
5 0.186229 0.804118 0.302672 0.376967
2 0.615062 0.724277 0.0671957 0.106046
2 0.0692302 0.667065 0.0826545 0.113257
2 0.50229 0.799146 0.0847542 0.130762
2 0.727009 0.737164 0.0823719 0.14579
2 0.749689 0.878812 0.0952005 0.156959
2 0.449065 0.883269 0.109914 0.164203
2 0.948984 0.790134 0.0949951 0.12885
7 0.14824 0.449918 0.0807846 0.153357
7 0.672703 0.509597 0.0403491 0.102065
2 0.684658 0.575875 0.0466166 0.0756385
5 0.0580655 0.431646 0.0845415 0.113887
5 0.376269 0.592283 0.114395 0.225886
2 0.506373 0.645174 0.0593567 0.0769272
5 0.957497 0.601182 0.0841505 0.162173
2 0.192189 0.499779 0.0565158 0.0761549
2 0.507319 0.704577 0.0676188 0.0858161
2 0.615419 0.632736 0.0594271 0.089876
2 0.523336 0.577308 0.0493622 0.0710524
2 0.627772 0.915421 0.0910645 0.158291
5 0.186229 0.804118 0.302672 0.376967
2 0.615062 0.724277 0.0671957 0.106046
2 0.0692302 0.667065 0.0826545 0.113257
2 0.50229 0.799146 0.0847542 0.130762
2 0.727009 0.737164 0.0823719 0.14579
2 0.749689 0.878812 0.0952005 0.156959
2 0.449065 0.883269 0.109914 0.164203
2 0.948984 0.790134 0.0949951 0.12885
7 0.14824 0.449918 0.0807846 0.153357
7 0.672703 0.509597 0.0403491 0.102065
2 0.684658 0.575875 0.0466166 0.0756385
5 0.0580655 0.431646 0.0845415 0.113887
5 0.376269 0.592283 0.114395 0.225886
2 0.506373 0.645174 0.0593567 0.0769272
5 0.957497 0.601182 0.0841505 0.162173
2 0.192189 0.499779 0.0565158 0.0761549
2 0.507319 0.704577 0.0676188 0.0858161
2 0.615419 0.632736 0.0594271 0.089876
2 0.523336 0.577308 0.0493622 0.0710524
2 0.627772 0.915421 0.0910645 0.158291
5 0.186229 0.804118 0.302672 0.376967
2 0.615062 0.724277 0.0671957 0.106046
2 0.0692302 0.667065 0.0826545 0.113257
2 0.50229 0.799146 0.0847542 0.130762
2 0.727009 0.737164 0.0823719 0.14579
2 0.749689 0.878812 0.0952005 0.156959
2 0.449065 0.883269 0.109914 0.164203
2 0.948984 0.790134 0.0949951 0.12885
7 0.14824 0.449918 0.0807846 0.153357
7 0.672703 0.509597 0.0403491 0.102065
2 0.684658 0.575875 0.0466166 0.0756385
5 0.0580655 0.431646 0.0845415 0.113887
5 0.376269 0.592283 0.114395 0.225886
2 0.506373 0.645174 0.0593567 0.0769272
5 0.957497 0.601182 0.0841505 0.162173
2 0.192189 0.499779 0.0565158 0.0761549
2 0.507319 0.704577 0.0676188 0.0858161
2 0.615419 0.632736 0.0594271 0.089876
2 0.523336 0.577308 0.0493622 0.0710524
2 0.627772 0.915421 0.0910645 0.158291
5 0.186229 0.804118 0.302672 0.376967
2 0.615062 0.724277 0.0671957 0.106046
2 0.0692302 0.667065 0.0826545 0.113257
2 0.50229 0.799146 0.0847542 0.130762
2 0.727009 0.737164 0.0823719 0.14579
2 0.749689 0.878812 0.0952005 0.156959
2 0.449065 0.883269 0.109914 0.164203
2 0.948984 0.790134 0.0949951 0.12885
7 0.14824 0.449918 0.0807846 0.153357
7 0.672703 0.509597 0.0403491 0.102065
2 0.684658 0.575875 0.0466166 0.0756385
5 0.0580655 0.431646 0.0845415 0.113887
5 0.376269 0.592283 0.114395 0.225886
2 0.506373 0.645174 0.0593567 0.0769272
5 0.957497 0.601182 0.0841505 0.162173
2 0.192189 0.499779 0.0565158 0.0761549
2 0.507319 0.704577 0.0676188 0.0858161
2 0.615419 0.632736 0.0594271 0.089876
2 0.523336 0.577308 0.0493622 0.0710524
2 0.627772 0.915421 0.0910645 0.158291
5 0.186229 0.804118 0.302672 0.376967
2 0.615062 0.724277 0.0671957 0.106046
2 0.0692302 0.667065 0.0826545 0.113257
2 0.50229 0.799146 0.0847542 0.130762
2 0.727009 0.737164 0.0823719 0.14579
2 0.749689 0.878812 0.0952005 0.156959
2 0.449065 0.883269 0.109914 0.164203
2 0.948984 0.790134 0.0949951 0.12885
7 0.14824 0.449918 0.0807846 0.153357
7 0.672703 0.509597 0.0403491 0.102065
2 0.684658 0.575875 0.0466166 0.0756385
5 0.0580655 0.431646 0.0845415 0.113887
5 0.376269 0.592283 0.114395 0.225886
2 0.506373 0.645174 0.0593567 0.0769272
5 0.957497 0.601182 0.0841505 0.162173
2 0.192189 0.499779 0.0565158 0.0761549
2 0.507319 0.704577 0.0676188 0.0858161
2 0.615419 0.632736 0.0594271 0.089876
2 0.523336 0.577308 0.0493622 0.0710524
2 0.627772 0.915421 0.0910645 0.158291
5 0.186229 0.804118 0.302672 0.376967
2 0.615062 0.724277 0.0671957 0.106046
2 0.0692302 0.667065 0.0826545 0.113257
2 0.50229 0.799146 0.0847542 0.130762
2 0.727009 0.737164 0.0823719 0.14579
2 0.749689 0.878812 0.0952005 0.156959
2 0.449065 0.883269 0.109914 0.164203
2 0.948984 0.790134 0.0949951 0.12885
7 0.14824 0.449918 0.0807846 0.153357
7 0.672703 0.509597 0.0403491 0.102065
2 0.684658 0.575875 0.0466166 0.0756385
5 0.0580655 0.431646 0.0845415 0.113887
5 0.376269 0.592283 0.114395 0.225886
2 0.506373 0.645174 0.0593567 0.0769272
5 0.957497 0.601182 0.0841505 0.162173
2 0.192189 0.499779 0.0565158 0.0761549
2 0.507319 0.704577 0.0676188 0.0858161
2 0.615419 0.632736 0.0594271 0.089876
2 0.523336 0.577308 0.0493622 0.0710524
2 0.627772 0.915421 0.0910645 0.158291
5 0.186229 0.804118 0.302672 0.376967
2 0.615062 0.724277 0.0671957 0.106046
2 0.0692302 0.667065 0.0826545 0.113257
2 0.50229 0.799146 0.0847542 0.130762
2 0.727009 0.737164 0.0823719 0.14579
2 0.749689 0.878812 0.0952005 0.156959
2 0.449065 0.883269 0.109914 0.164203
2 0.948984 0.790134 0.0949951 0.12885
7 0.14824 0.449918 0.0807846 0.153357
7 0.672703 0.509597 0.0403491 0.102065
2 0.684658 0.575875 0.0466166 0.0756385
5 0.0580655 0.431646 0.0845415 0.113887
5 0.376269 0.592283 0.114395 0.225886
2 0.506373 0.645174 0.0593567 0.0769272
5 0.957497 0.601182 0.0841505 0.162173
2 0.192189 0.499779 0.0565158 0.0761549
2 0.507319 0.704577 0.0676188 0.0858161
2 0.615419 0.632736 0.0594271 0.089876
2 0.523336 0.577308 0.0493622 0.0710524
2 0.627772 0.915421 0.0910645 0.158291
2 0.446161 0.962092 0.110668 0.0753476
2 0.863916 0.634429 0.0678907 0.0841404
2 0.833331 0.483959 0.0383804 0.0521274
2 0.526895 0.524458 0.0439126 0.0663603
2 0.129724 0.607744 0.0661184 0.107129
2 0.602796 0.532095 0.0437059 0.053902
5 0.0647299 0.55844 0.0977973 0.171257
2 0.00751523 0.560168 0.0150243 0.122825
2 0.169729 0.577102 0.0571607 0.0955116
5 0.660931 0.425856 0.0388344 0.075012
