5 0.858696 0.521125 0.0894936 0.135995
5 0.277239 0.791106 0.222064 0.399725
2 0.900455 0.728654 0.0775291 0.10182
2 0.713705 0.766509 0.077088 0.115594
2 0.678875 0.647957 0.059552 0.0929448
2 0.59102 0.81365 0.0854366 0.140333
2 0.591869 0.937642 0.09303 0.123869
2 0.467547 0.867332 0.0972536 0.158423
2 0.46367 0.773037 0.0881056 0.11577
2 0.758692 0.954646 0.110991 0.0886776
2 0.405478 0.931615 0.111353 0.136471
2 0.594119 0.590136 0.0524115 0.0699976
5 0.373042 0.595744 0.107993 0.212931
2 0.773932 0.517114 0.0371338 0.0561195
2 0.499798 0.636257 0.0570175 0.0879186
2 0.674555 0.584319 0.053578 0.0836174
2 0.522638 0.512096 0.0401314 0.0696728
2 0.600949 0.717027 0.0607638 0.110358
2 0.651568 0.524853 0.0486233 0.0834353
2 0.500262 0.718982 0.0690474 0.107164
2 0.588289 0.531395 0.0430004 0.0567781
2 0.586645 0.484079 0.0380169 0.0532427
5 0.788984 0.443631 0.0401217 0.0699076
5 0.43573 0.486539 0.0691561 0.131102
0 0.995705 0.76148 0.00786819 0.102256
2 0.508241 0.588583 0.0502851 0.0770109
2 0.0861693 0.657236 0.0786187 0.113459
7 0.642838 0.461722 0.0365155 0.0779872
2 0.797171 0.495853 0.0302217 0.0400138
7 0.627587 0.410297 0.0346233 0.0718041
2 0.642966 0.46249 0.0366632 0.077833
2 0.0745533 0.659453 0.0594004 0.117401
2 0.527691 0.471098 0.0326289 0.0459332
2 0.0713234 0.573002 0.0584011 0.0817239
5 0.858696 0.521125 0.0894936 0.135995
5 0.277239 0.791106 0.222064 0.399725
2 0.900455 0.728654 0.0775291 0.10182
2 0.713705 0.766509 0.077088 0.115594
2 0.678875 0.647957 0.059552 0.0929448
2 0.59102 0.81365 0.0854366 0.140333
2 0.591869 0.937642 0.09303 0.123869
2 0.467547 0.867332 0.0972536 0.158423
2 0.46367 0.773037 0.0881056 0.11577
2 0.758692 0.954646 0.110991 0.0886776
2 0.405478 0.931615 0.111353 0.136471
2 0.594119 0.590136 0.0524115 0.0699976
5 0.373042 0.595744 0.107993 0.212931
2 0.773932 0.517114 0.0371338 0.0561195
2 0.499798 0.636257 0.0570175 0.0879186
2 0.674555 0.584319 0.053578 0.0836174
2 0.522638 0.512096 0.0401314 0.0696728
2 0.600949 0.717027 0.0607638 0.110358
2 0.651568 0.524853 0.0486233 0.0834353
2 0.500262 0.718982 0.0690474 0.107164
2 0.588289 0.531395 0.0430004 0.0567781
2 0.586645 0.484079 0.0380169 0.0532427
5 0.788984 0.443631 0.0401217 0.0699076
5 0.43573 0.486539 0.0691561 0.131102
0 0.995705 0.76148 0.00786819 0.102256
2 0.508241 0.588583 0.0502851 0.0770109
2 0.0861693 0.657236 0.0786187 0.113459
7 0.642838 0.461722 0.0365155 0.0779872
2 0.797171 0.495853 0.0302217 0.0400138
7 0.627587 0.410297 0.0346233 0.0718041
2 0.642966 0.46249 0.0366632 0.077833
2 0.0745533 0.659453 0.0594004 0.117401
2 0.527691 0.471098 0.0326289 0.0459332
2 0.0713234 0.573002 0.0584011 0.0817239
5 0.858696 0.521125 0.0894936 0.135995
5 0.277239 0.791106 0.222064 0.399725
2 0.900455 0.728654 0.0775291 0.10182
2 0.713705 0.766509 0.077088 0.115594
2 0.678875 0.647957 0.059552 0.0929448
2 0.59102 0.81365 0.0854366 0.140333
2 0.591869 0.937642 0.09303 0.123869
2 0.467547 0.867332 0.0972536 0.158423
2 0.46367 0.773037 0.0881056 0.11577
2 0.758692 0.954646 0.110991 0.0886776
2 0.405478 0.931615 0.111353 0.136471
2 0.594119 0.590136 0.0524115 0.0699976
5 0.373042 0.595744 0.107993 0.212931
2 0.773932 0.517114 0.0371338 0.0561195
2 0.499798 0.636257 0.0570175 0.0879186
2 0.674555 0.584319 0.053578 0.0836174
2 0.522638 0.512096 0.0401314 0.0696728
2 0.600949 0.717027 0.0607638 0.110358
2 0.651568 0.524853 0.0486233 0.0834353
2 0.500262 0.718982 0.0690474 0.107164
2 0.588289 0.531395 0.0430004 0.0567781
2 0.586645 0.484079 0.0380169 0.0532427
5 0.788984 0.443631 0.0401217 0.0699076
5 0.43573 0.486539 0.0691561 0.131102
0 0.995705 0.76148 0.00786819 0.102256
2 0.508241 0.588583 0.0502851 0.0770109
2 0.0861693 0.657236 0.0786187 0.113459
7 0.642838 0.461722 0.0365155 0.0779872
2 0.797171 0.495853 0.0302217 0.0400138
7 0.627587 0.410297 0.0346233 0.0718041
2 0.642966 0.46249 0.0366632 0.077833
2 0.0745533 0.659453 0.0594004 0.117401
2 0.527691 0.471098 0.0326289 0.0459332
2 0.0713234 0.573002 0.0584011 0.0817239
5 0.858696 0.521125 0.0894936 0.135995
5 0.277239 0.791106 0.222064 0.399725
2 0.900455 0.728654 0.0775291 0.10182
2 0.713705 0.766509 0.077088 0.115594
2 0.678875 0.647957 0.059552 0.0929448
2 0.59102 0.81365 0.0854366 0.140333
2 0.591869 0.937642 0.09303 0.123869
2 0.467547 0.867332 0.0972536 0.158423
2 0.46367 0.773037 0.0881056 0.11577
2 0.758692 0.954646 0.110991 0.0886776
2 0.405478 0.931615 0.111353 0.136471
2 0.594119 0.590136 0.0524115 0.0699976
5 0.373042 0.595744 0.107993 0.212931
2 0.773932 0.517114 0.0371338 0.0561195
2 0.499798 0.636257 0.0570175 0.0879186
2 0.674555 0.584319 0.053578 0.0836174
2 0.522638 0.512096 0.0401314 0.0696728
2 0.600949 0.717027 0.0607638 0.110358
2 0.651568 0.524853 0.0486233 0.0834353
2 0.500262 0.718982 0.0690474 0.107164
2 0.588289 0.531395 0.0430004 0.0567781
2 0.586645 0.484079 0.0380169 0.0532427
5 0.788984 0.443631 0.0401217 0.0699076
5 0.43573 0.486539 0.0691561 0.131102
0 0.995705 0.76148 0.00786819 0.102256
2 0.508241 0.588583 0.0502851 0.0770109
2 0.0861693 0.657236 0.0786187 0.113459
7 0.642838 0.461722 0.0365155 0.0779872
2 0.797171 0.495853 0.0302217 0.0400138
7 0.627587 0.410297 0.0346233 0.0718041
2 0.642966 0.46249 0.0366632 0.077833
2 0.0745533 0.659453 0.0594004 0.117401
2 0.527691 0.471098 0.0326289 0.0459332
2 0.0713234 0.573002 0.0584011 0.0817239
5 0.858696 0.521125 0.0894936 0.135995
5 0.277239 0.791106 0.222064 0.399725
2 0.900455 0.728654 0.0775291 0.10182
2 0.713705 0.766509 0.077088 0.115594
2 0.678875 0.647957 0.059552 0.0929448
2 0.59102 0.81365 0.0854366 0.140333
2 0.591869 0.937642 0.09303 0.123869
2 0.467547 0.867332 0.0972536 0.158423
2 0.46367 0.773037 0.0881056 0.11577
2 0.758692 0.954646 0.110991 0.0886776
2 0.405478 0.931615 0.111353 0.136471
2 0.594119 0.590136 0.0524115 0.0699976
5 0.373042 0.595744 0.107993 0.212931
2 0.773932 0.517114 0.0371338 0.0561195
2 0.499798 0.636257 0.0570175 0.0879186
2 0.674555 0.584319 0.053578 0.0836174
2 0.522638 0.512096 0.0401314 0.0696728
2 0.600949 0.717027 0.0607638 0.110358
2 0.651568 0.524853 0.0486233 0.0834353
2 0.500262 0.718982 0.0690474 0.107164
2 0.588289 0.531395 0.0430004 0.0567781
2 0.586645 0.484079 0.0380169 0.0532427
5 0.788984 0.443631 0.0401217 0.0699076
5 0.43573 0.486539 0.0691561 0.131102
0 0.995705 0.76148 0.00786819 0.102256
2 0.508241 0.588583 0.0502851 0.0770109
2 0.0861693 0.657236 0.0786187 0.113459
7 0.642838 0.461722 0.0365155 0.0779872
2 0.797171 0.495853 0.0302217 0.0400138
7 0.627587 0.410297 0.0346233 0.0718041
2 0.642966 0.46249 0.0366632 0.077833
2 0.0745533 0.659453 0.0594004 0.117401
2 0.527691 0.471098 0.0326289 0.0459332
2 0.0713234 0.573002 0.0584011 0.0817239
5 0.275257 0.781611 0.22127 0.384353
5 0.858842 0.519789 0.0903053 0.131064
2 0.89935 0.729661 0.0744267 0.10077
2 0.713269 0.769355 0.0776375 0.11987
5 0.0301046 0.483862 0.0598637 0.131733
2 0.468022 0.857098 0.0943544 0.139551
2 0.678016 0.648673 0.0606373 0.0900382
2 0.462736 0.773957 0.0866507 0.114795
2 0.592938 0.937238 0.0976601 0.118742
2 0.591511 0.817579 0.0857683 0.135351
2 0.500071 0.633824 0.0558851 0.0791751
2 0.503478 0.719927 0.0637581 0.106509
2 0.405547 0.932162 0.114792 0.13286
2 0.758841 0.954273 0.111506 0.0881616
5 0.275257 0.781611 0.22127 0.384353
5 0.858842 0.519789 0.0903053 0.131064
2 0.89935 0.729661 0.0744267 0.10077
2 0.713269 0.769355 0.0776375 0.11987
5 0.0301046 0.483862 0.0598637 0.131733
2 0.468022 0.857098 0.0943544 0.139551
2 0.678016 0.648673 0.0606373 0.0900382
2 0.462736 0.773957 0.0866507 0.114795
2 0.592938 0.937238 0.0976601 0.118742
2 0.591511 0.817579 0.0857683 0.135351
2 0.500071 0.633824 0.0558851 0.0791751
2 0.503478 0.719927 0.0637581 0.106509
2 0.405547 0.932162 0.114792 0.13286
2 0.758841 0.954273 0.111506 0.0881616
