5 0.281122 0.752709 0.213331 0.381327
2 0.620655 0.815416 0.0796063 0.127402
2 0.9558 0.815812 0.0883999 0.115646
2 0.751365 0.861582 0.0952717 0.165484
2 0.881453 0.563884 0.048275 0.0553256
2 0.498309 0.876092 0.0892771 0.152809
2 0.693958 0.635903 0.0534277 0.0878443
2 0.505631 0.756279 0.0727432 0.104098
2 0.429158 0.947063 0.123993 0.103423
2 0.827672 0.580119 0.0493219 0.0720064
2 0.600747 0.625388 0.0595442 0.083383
2 0.61248 0.686227 0.0620163 0.0787242
2 0.499479 0.688192 0.0593222 0.0770477
7 0.678329 0.560252 0.0549926 0.124708
2 0.52002 0.568206 0.0455826 0.0643204
2 0.521466 0.63718 0.0532875 0.0615423
2 0.613039 0.73495 0.0605545 0.0690392
2 0.773306 0.488914 0.0410711 0.066223
2 0.209182 0.504909 0.0552146 0.0732519
2 0.187227 0.580319 0.0535617 0.091048
2 0.811728 0.481276 0.0315229 0.0480999
5 0.160204 0.477472 0.067966 0.17822
2 0.63574 0.986369 0.0824447 0.0259366
2 0.549305 0.444665 0.0316837 0.0416042
5 0.145514 0.497926 0.0396243 0.140031
2 0.604861 0.570327 0.0457735 0.054322
2 0.53556 0.513408 0.0440495 0.042316
7 0.668321 0.46717 0.0436167 0.0898744
5 0.552648 0.384358 0.0283602 0.0707547
2 0.605008 0.555788 0.0433561 0.0753165
2 0.534279 0.529537 0.0439489 0.0625751
2 0.607114 0.493675 0.0321178 0.0479669
5 0.652598 0.407736 0.0347461 0.101527
5 0.281122 0.752709 0.213331 0.381327
2 0.620655 0.815416 0.0796063 0.127402
2 0.9558 0.815812 0.0883999 0.115646
2 0.751365 0.861582 0.0952717 0.165484
2 0.881453 0.563884 0.048275 0.0553256
2 0.498309 0.876092 0.0892771 0.152809
2 0.693958 0.635903 0.0534277 0.0878443
2 0.505631 0.756279 0.0727432 0.104098
2 0.429158 0.947063 0.123993 0.103423
2 0.827672 0.580119 0.0493219 0.0720064
2 0.600747 0.625388 0.0595442 0.083383
2 0.61248 0.686227 0.0620163 0.0787242
2 0.499479 0.688192 0.0593222 0.0770477
7 0.678329 0.560252 0.0549926 0.124708
2 0.52002 0.568206 0.0455826 0.0643204
2 0.521466 0.63718 0.0532875 0.0615423
2 0.613039 0.73495 0.0605545 0.0690392
2 0.773306 0.488914 0.0410711 0.066223
2 0.209182 0.504909 0.0552146 0.0732519
2 0.187227 0.580319 0.0535617 0.091048
2 0.811728 0.481276 0.0315229 0.0480999
5 0.160204 0.477472 0.067966 0.17822
2 0.63574 0.986369 0.0824447 0.0259366
2 0.549305 0.444665 0.0316837 0.0416042
5 0.145514 0.497926 0.0396243 0.140031
2 0.604861 0.570327 0.0457735 0.054322
2 0.53556 0.513408 0.0440495 0.042316
7 0.668321 0.46717 0.0436167 0.0898744
5 0.552648 0.384358 0.0283602 0.0707547
2 0.605008 0.555788 0.0433561 0.0753165
2 0.534279 0.529537 0.0439489 0.0625751
2 0.607114 0.493675 0.0321178 0.0479669
5 0.652598 0.407736 0.0347461 0.101527
5 0.281122 0.752709 0.213331 0.381327
2 0.620655 0.815416 0.0796063 0.127402
2 0.9558 0.815812 0.0883999 0.115646
2 0.751365 0.861582 0.0952717 0.165484
2 0.881453 0.563884 0.048275 0.0553256
2 0.498309 0.876092 0.0892771 0.152809
2 0.693958 0.635903 0.0534277 0.0878443
2 0.505631 0.756279 0.0727432 0.104098
2 0.429158 0.947063 0.123993 0.103423
2 0.827672 0.580119 0.0493219 0.0720064
2 0.600747 0.625388 0.0595442 0.083383
2 0.61248 0.686227 0.0620163 0.0787242
2 0.499479 0.688192 0.0593222 0.0770477
7 0.678329 0.560252 0.0549926 0.124708
2 0.52002 0.568206 0.0455826 0.0643204
2 0.521466 0.63718 0.0532875 0.0615423
2 0.613039 0.73495 0.0605545 0.0690392
2 0.773306 0.488914 0.0410711 0.066223
2 0.209182 0.504909 0.0552146 0.0732519
2 0.187227 0.580319 0.0535617 0.091048
2 0.811728 0.481276 0.0315229 0.0480999
5 0.160204 0.477472 0.067966 0.17822
2 0.63574 0.986369 0.0824447 0.0259366
2 0.549305 0.444665 0.0316837 0.0416042
5 0.145514 0.497926 0.0396243 0.140031
2 0.604861 0.570327 0.0457735 0.054322
2 0.53556 0.513408 0.0440495 0.042316
7 0.668321 0.46717 0.0436167 0.0898744
5 0.552648 0.384358 0.0283602 0.0707547
2 0.605008 0.555788 0.0433561 0.0753165
2 0.534279 0.529537 0.0439489 0.0625751
2 0.607114 0.493675 0.0321178 0.0479669
5 0.652598 0.407736 0.0347461 0.101527
5 0.281122 0.752709 0.213331 0.381327
2 0.620655 0.815416 0.0796063 0.127402
2 0.9558 0.815812 0.0883999 0.115646
2 0.751365 0.861582 0.0952717 0.165484
2 0.881453 0.563884 0.048275 0.0553256
2 0.498309 0.876092 0.0892771 0.152809
2 0.693958 0.635903 0.0534277 0.0878443
2 0.505631 0.756279 0.0727432 0.104098
2 0.429158 0.947063 0.123993 0.103423
2 0.827672 0.580119 0.0493219 0.0720064
2 0.600747 0.625388 0.0595442 0.083383
2 0.61248 0.686227 0.0620163 0.0787242
2 0.499479 0.688192 0.0593222 0.0770477
7 0.678329 0.560252 0.0549926 0.124708
2 0.52002 0.568206 0.0455826 0.0643204
2 0.521466 0.63718 0.0532875 0.0615423
2 0.613039 0.73495 0.0605545 0.0690392
2 0.773306 0.488914 0.0410711 0.066223
2 0.209182 0.504909 0.0552146 0.0732519
2 0.187227 0.580319 0.0535617 0.091048
2 0.811728 0.481276 0.0315229 0.0480999
5 0.160204 0.477472 0.067966 0.17822
2 0.63574 0.986369 0.0824447 0.0259366
2 0.549305 0.444665 0.0316837 0.0416042
5 0.145514 0.497926 0.0396243 0.140031
2 0.604861 0.570327 0.0457735 0.054322
2 0.53556 0.513408 0.0440495 0.042316
7 0.668321 0.46717 0.0436167 0.0898744
5 0.552648 0.384358 0.0283602 0.0707547
2 0.605008 0.555788 0.0433561 0.0753165
2 0.534279 0.529537 0.0439489 0.0625751
2 0.607114 0.493675 0.0321178 0.0479669
5 0.652598 0.407736 0.0347461 0.101527
5 0.281122 0.752709 0.213331 0.381327
2 0.620655 0.815416 0.0796063 0.127402
2 0.9558 0.815812 0.0883999 0.115646
2 0.751365 0.861582 0.0952717 0.165484
2 0.881453 0.563884 0.048275 0.0553256
2 0.498309 0.876092 0.0892771 0.152809
2 0.693958 0.635903 0.0534277 0.0878443
2 0.505631 0.756279 0.0727432 0.104098
2 0.429158 0.947063 0.123993 0.103423
2 0.827672 0.580119 0.0493219 0.0720064
2 0.600747 0.625388 0.0595442 0.083383
2 0.61248 0.686227 0.0620163 0.0787242
2 0.499479 0.688192 0.0593222 0.0770477
7 0.678329 0.560252 0.0549926 0.124708
2 0.52002 0.568206 0.0455826 0.0643204
2 0.521466 0.63718 0.0532875 0.0615423
2 0.613039 0.73495 0.0605545 0.0690392
2 0.773306 0.488914 0.0410711 0.066223
2 0.209182 0.504909 0.0552146 0.0732519
2 0.187227 0.580319 0.0535617 0.091048
2 0.811728 0.481276 0.0315229 0.0480999
5 0.160204 0.477472 0.067966 0.17822
2 0.63574 0.986369 0.0824447 0.0259366
2 0.549305 0.444665 0.0316837 0.0416042
5 0.145514 0.497926 0.0396243 0.140031
2 0.604861 0.570327 0.0457735 0.054322
2 0.53556 0.513408 0.0440495 0.042316
7 0.668321 0.46717 0.0436167 0.0898744
5 0.552648 0.384358 0.0283602 0.0707547
2 0.605008 0.555788 0.0433561 0.0753165
2 0.534279 0.529537 0.0439489 0.0625751
2 0.607114 0.493675 0.0321178 0.0479669
5 0.652598 0.407736 0.0347461 0.101527
5 0.28441 0.75292 0.221185 0.380133
2 0.619581 0.815217 0.0806731 0.123332
2 0.494481 0.874052 0.0937166 0.143885
2 0.955298 0.818355 0.0890007 0.121816
2 0.693851 0.635803 0.0533148 0.0858736
2 0.208833 0.507764 0.0587303 0.0724535
2 0.752547 0.86365 0.0941828 0.169194
2 0.881958 0.562542 0.0482317 0.0614214
2 0.427315 0.946111 0.128123 0.103202
2 0.601592 0.625163 0.0595001 0.0773771
2 0.612513 0.694959 0.0608685 0.0929272
2 0.825529 0.577277 0.0506351 0.0679209
2 0.520121 0.62008 0.055143 0.0754174
2 0.500743 0.694205 0.0654551 0.0872064
2 0.506246 0.758296 0.0737337 0.11158
5 0.28441 0.75292 0.221185 0.380133
2 0.619581 0.815217 0.0806731 0.123332
2 0.494481 0.874052 0.0937166 0.143885
2 0.955298 0.818355 0.0890007 0.121816
2 0.693851 0.635803 0.0533148 0.0858736
2 0.208833 0.507764 0.0587303 0.0724535
2 0.752547 0.86365 0.0941828 0.169194
2 0.881958 0.562542 0.0482317 0.0614214
2 0.427315 0.946111 0.128123 0.103202
2 0.601592 0.625163 0.0595001 0.0773771
2 0.612513 0.694959 0.0608685 0.0929272
2 0.825529 0.577277 0.0506351 0.0679209
2 0.520121 0.62008 0.055143 0.0754174
2 0.500743 0.694205 0.0654551 0.0872064
2 0.506246 0.758296 0.0737337 0.11158
