5 0.856802 0.869954 0.237361 0.21216
2 0.110575 0.928094 0.0677994 0.0956384
2 0.880773 0.960165 0.104144 0.0750465
2 0.141431 0.835608 0.0513809 0.0681032
2 0.43369 0.816564 0.0635229 0.0664578
2 0.516956 0.910918 0.0601706 0.102913
2 0.150297 0.73138 0.0324477 0.0450426
2 0.504836 0.798817 0.0483839 0.0832245
5 0.57642 0.829119 0.100026 0.200013
2 0.669471 0.957887 0.0816086 0.0814668
2 0.470912 0.716374 0.0533239 0.0389326
2 0.530018 0.978997 0.058359 0.0410624
7 0.612218 0.736997 0.0389685 0.0491109
5 0.986229 0.782909 0.0261444 0.426801
7 0.698685 0.725369 0.0519226 0.079815
2 0.381367 0.695501 0.0354122 0.0338854
2 0.293676 0.698475 0.0325201 0.0333399
0 0.884495 0.871959 0.0197557 0.0598236
2 0.327002 0.691995 0.0357144 0.0402754
2 0.240709 0.693429 0.033391 0.0376075
0 0.903431 0.865109 0.0165241 0.0567881
2 0.271149 0.688326 0.0254368 0.0315667
7 0.709893 0.725151 0.074404 0.0798762
5 0.856802 0.869954 0.237361 0.21216
2 0.110575 0.928094 0.0677994 0.0956384
2 0.880773 0.960165 0.104144 0.0750465
2 0.141431 0.835608 0.0513809 0.0681032
2 0.43369 0.816564 0.0635229 0.0664578
2 0.516956 0.910918 0.0601706 0.102913
2 0.150297 0.73138 0.0324477 0.0450426
2 0.504836 0.798817 0.0483839 0.0832245
5 0.57642 0.829119 0.100026 0.200013
2 0.669471 0.957887 0.0816086 0.0814668
2 0.470912 0.716374 0.0533239 0.0389326
2 0.530018 0.978997 0.058359 0.0410624
7 0.612218 0.736997 0.0389685 0.0491109
5 0.986229 0.782909 0.0261444 0.426801
7 0.698685 0.725369 0.0519226 0.079815
2 0.381367 0.695501 0.0354122 0.0338854
2 0.293676 0.698475 0.0325201 0.0333399
0 0.884495 0.871959 0.0197557 0.0598236
2 0.327002 0.691995 0.0357144 0.0402754
2 0.240709 0.693429 0.033391 0.0376075
0 0.903431 0.865109 0.0165241 0.0567881
2 0.271149 0.688326 0.0254368 0.0315667
7 0.709893 0.725151 0.074404 0.0798762
5 0.856802 0.869954 0.237361 0.21216
2 0.110575 0.928094 0.0677994 0.0956384
2 0.880773 0.960165 0.104144 0.0750465
2 0.141431 0.835608 0.0513809 0.0681032
2 0.43369 0.816564 0.0635229 0.0664578
2 0.516956 0.910918 0.0601706 0.102913
2 0.150297 0.73138 0.0324477 0.0450426
2 0.504836 0.798817 0.0483839 0.0832245
5 0.57642 0.829119 0.100026 0.200013
2 0.669471 0.957887 0.0816086 0.0814668
2 0.470912 0.716374 0.0533239 0.0389326
2 0.530018 0.978997 0.058359 0.0410624
7 0.612218 0.736997 0.0389685 0.0491109
5 0.986229 0.782909 0.0261444 0.426801
7 0.698685 0.725369 0.0519226 0.079815
2 0.381367 0.695501 0.0354122 0.0338854
2 0.293676 0.698475 0.0325201 0.0333399
0 0.884495 0.871959 0.0197557 0.0598236
2 0.327002 0.691995 0.0357144 0.0402754
2 0.240709 0.693429 0.033391 0.0376075
0 0.903431 0.865109 0.0165241 0.0567881
2 0.271149 0.688326 0.0254368 0.0315667
7 0.709893 0.725151 0.074404 0.0798762
5 0.856802 0.869954 0.237361 0.21216
2 0.110575 0.928094 0.0677994 0.0956384
2 0.880773 0.960165 0.104144 0.0750465
2 0.141431 0.835608 0.0513809 0.0681032
2 0.43369 0.816564 0.0635229 0.0664578
2 0.516956 0.910918 0.0601706 0.102913
2 0.150297 0.73138 0.0324477 0.0450426
2 0.504836 0.798817 0.0483839 0.0832245
5 0.57642 0.829119 0.100026 0.200013
2 0.669471 0.957887 0.0816086 0.0814668
2 0.470912 0.716374 0.0533239 0.0389326
2 0.530018 0.978997 0.058359 0.0410624
7 0.612218 0.736997 0.0389685 0.0491109
5 0.986229 0.782909 0.0261444 0.426801
7 0.698685 0.725369 0.0519226 0.079815
2 0.381367 0.695501 0.0354122 0.0338854
2 0.293676 0.698475 0.0325201 0.0333399
0 0.884495 0.871959 0.0197557 0.0598236
2 0.327002 0.691995 0.0357144 0.0402754
2 0.240709 0.693429 0.033391 0.0376075
0 0.903431 0.865109 0.0165241 0.0567881
2 0.271149 0.688326 0.0254368 0.0315667
7 0.709893 0.725151 0.074404 0.0798762
5 0.856802 0.869954 0.237361 0.21216
2 0.110575 0.928094 0.0677994 0.0956384
2 0.880773 0.960165 0.104144 0.0750465
2 0.141431 0.835608 0.0513809 0.0681032
2 0.43369 0.816564 0.0635229 0.0664578
2 0.516956 0.910918 0.0601706 0.102913
2 0.150297 0.73138 0.0324477 0.0450426
2 0.504836 0.798817 0.0483839 0.0832245
5 0.57642 0.829119 0.100026 0.200013
2 0.669471 0.957887 0.0816086 0.0814668
2 0.470912 0.716374 0.0533239 0.0389326
2 0.530018 0.978997 0.058359 0.0410624
7 0.612218 0.736997 0.0389685 0.0491109
5 0.986229 0.782909 0.0261444 0.426801
7 0.698685 0.725369 0.0519226 0.079815
2 0.381367 0.695501 0.0354122 0.0338854
2 0.293676 0.698475 0.0325201 0.0333399
0 0.884495 0.871959 0.0197557 0.0598236
2 0.327002 0.691995 0.0357144 0.0402754
2 0.240709 0.693429 0.033391 0.0376075
0 0.903431 0.865109 0.0165241 0.0567881
2 0.271149 0.688326 0.0254368 0.0315667
7 0.709893 0.725151 0.074404 0.0798762
5 0.856802 0.869954 0.237361 0.21216
2 0.110575 0.928094 0.0677994 0.0956384
2 0.880773 0.960165 0.104144 0.0750465
2 0.141431 0.835608 0.0513809 0.0681032
2 0.43369 0.816564 0.0635229 0.0664578
2 0.516956 0.910918 0.0601706 0.102913
2 0.150297 0.73138 0.0324477 0.0450426
2 0.504836 0.798817 0.0483839 0.0832245
5 0.57642 0.829119 0.100026 0.200013
2 0.669471 0.957887 0.0816086 0.0814668
2 0.470912 0.716374 0.0533239 0.0389326
2 0.530018 0.978997 0.058359 0.0410624
7 0.612218 0.736997 0.0389685 0.0491109
5 0.986229 0.782909 0.0261444 0.426801
7 0.698685 0.725369 0.0519226 0.079815
2 0.381367 0.695501 0.0354122 0.0338854
2 0.293676 0.698475 0.0325201 0.0333399
0 0.884495 0.871959 0.0197557 0.0598236
2 0.327002 0.691995 0.0357144 0.0402754
2 0.240709 0.693429 0.033391 0.0376075
0 0.903431 0.865109 0.0165241 0.0567881
2 0.271149 0.688326 0.0254368 0.0315667
7 0.709893 0.725151 0.074404 0.0798762
5 0.575681 0.829099 0.100517 0.199347
5 0.857104 0.867164 0.237306 0.214158
2 0.433507 0.816126 0.0623728 0.0664181
2 0.517311 0.910552 0.0589251 0.100642
2 0.505213 0.79982 0.0499512 0.0820363
2 0.150752 0.731247 0.0323648 0.0435033
2 0.140844 0.837193 0.0518772 0.0680376
2 0.11024 0.929674 0.0680041 0.0958996
2 0.471542 0.71677 0.0524364 0.0376485
2 0.88029 0.960675 0.104572 0.0760071
2 0.669 0.957908 0.0816614 0.0814572
7 0.709379 0.726779 0.0739454 0.0762941
7 0.612512 0.73664 0.0386366 0.0485975
2 0.530182 0.97937 0.057649 0.0410629
2 0.294015 0.69908 0.0335975 0.0329069
2 0.32714 0.691111 0.035164 0.040115
2 0.381018 0.695149 0.0358027 0.0332119
2 0.241308 0.693104 0.0321104 0.0361272
5 0.575681 0.829099 0.100517 0.199347
5 0.857104 0.867164 0.237306 0.214158
2 0.433507 0.816126 0.0623728 0.0664181
2 0.517311 0.910552 0.0589251 0.100642
2 0.505213 0.79982 0.0499512 0.0820363
2 0.150752 0.731247 0.0323648 0.0435033
2 0.140844 0.837193 0.0518772 0.0680376
2 0.11024 0.929674 0.0680041 0.0958996
2 0.471542 0.71677 0.0524364 0.0376485
2 0.88029 0.960675 0.104572 0.0760071
2 0.669 0.957908 0.0816614 0.0814572
7 0.709379 0.726779 0.0739454 0.0762941
7 0.612512 0.73664 0.0386366 0.0485975
2 0.530182 0.97937 0.057649 0.0410629
2 0.294015 0.69908 0.0335975 0.0329069
2 0.32714 0.691111 0.035164 0.040115
2 0.381018 0.695149 0.0358027 0.0332119
2 0.241308 0.693104 0.0321104 0.0361272
5 0.575681 0.829099 0.100517 0.199347
5 0.857104 0.867164 0.237306 0.214158
2 0.433507 0.816126 0.0623728 0.0664181
2 0.517311 0.910552 0.0589251 0.100642
2 0.505213 0.79982 0.0499512 0.0820363
2 0.150752 0.731247 0.0323648 0.0435033
2 0.140844 0.837193 0.0518772 0.0680376
2 0.11024 0.929674 0.0680041 0.0958996
2 0.471542 0.71677 0.0524364 0.0376485
2 0.88029 0.960675 0.104572 0.0760071
2 0.669 0.957908 0.0816614 0.0814572
7 0.709379 0.726779 0.0739454 0.0762941
7 0.612512 0.73664 0.0386366 0.0485975
2 0.530182 0.97937 0.057649 0.0410629
2 0.294015 0.69908 0.0335975 0.0329069
2 0.32714 0.691111 0.035164 0.040115
2 0.381018 0.695149 0.0358027 0.0332119
2 0.241308 0.693104 0.0321104 0.0361272
5 0.575681 0.829099 0.100517 0.199347
5 0.857104 0.867164 0.237306 0.214158
2 0.433507 0.816126 0.0623728 0.0664181
2 0.517311 0.910552 0.0589251 0.100642
2 0.505213 0.79982 0.0499512 0.0820363
2 0.150752 0.731247 0.0323648 0.0435033
2 0.140844 0.837193 0.0518772 0.0680376
2 0.11024 0.929674 0.0680041 0.0958996
2 0.471542 0.71677 0.0524364 0.0376485
2 0.88029 0.960675 0.104572 0.0760071
2 0.669 0.957908 0.0816614 0.0814572
7 0.709379 0.726779 0.0739454 0.0762941
7 0.612512 0.73664 0.0386366 0.0485975
2 0.530182 0.97937 0.057649 0.0410629
2 0.294015 0.69908 0.0335975 0.0329069
2 0.32714 0.691111 0.035164 0.040115
2 0.381018 0.695149 0.0358027 0.0332119
2 0.241308 0.693104 0.0321104 0.0361272
5 0.575681 0.829099 0.100517 0.199347
5 0.857104 0.867164 0.237306 0.214158
2 0.433507 0.816126 0.0623728 0.0664181
2 0.517311 0.910552 0.0589251 0.100642
2 0.505213 0.79982 0.0499512 0.0820363
2 0.150752 0.731247 0.0323648 0.0435033
2 0.140844 0.837193 0.0518772 0.0680376
2 0.11024 0.929674 0.0680041 0.0958996
2 0.471542 0.71677 0.0524364 0.0376485
2 0.88029 0.960675 0.104572 0.0760071
2 0.669 0.957908 0.0816614 0.0814572
7 0.709379 0.726779 0.0739454 0.0762941
7 0.612512 0.73664 0.0386366 0.0485975
2 0.530182 0.97937 0.057649 0.0410629
2 0.294015 0.69908 0.0335975 0.0329069
2 0.32714 0.691111 0.035164 0.040115
2 0.381018 0.695149 0.0358027 0.0332119
2 0.241308 0.693104 0.0321104 0.0361272
5 0.575681 0.829099 0.100517 0.199347
5 0.857104 0.867164 0.237306 0.214158
2 0.433507 0.816126 0.0623728 0.0664181
2 0.517311 0.910552 0.0589251 0.100642
2 0.505213 0.79982 0.0499512 0.0820363
2 0.150752 0.731247 0.0323648 0.0435033
2 0.140844 0.837193 0.0518772 0.0680376
2 0.11024 0.929674 0.0680041 0.0958996
2 0.471542 0.71677 0.0524364 0.0376485
2 0.88029 0.960675 0.104572 0.0760071
2 0.669 0.957908 0.0816614 0.0814572
7 0.709379 0.726779 0.0739454 0.0762941
7 0.612512 0.73664 0.0386366 0.0485975
2 0.530182 0.97937 0.057649 0.0410629
2 0.294015 0.69908 0.0335975 0.0329069
2 0.32714 0.691111 0.035164 0.040115
2 0.381018 0.695149 0.0358027 0.0332119
2 0.241308 0.693104 0.0321104 0.0361272
5 0.575681 0.829099 0.100517 0.199347
5 0.857104 0.867164 0.237306 0.214158
2 0.433507 0.816126 0.0623728 0.0664181
2 0.517311 0.910552 0.0589251 0.100642
2 0.505213 0.79982 0.0499512 0.0820363
2 0.150752 0.731247 0.0323648 0.0435033
2 0.140844 0.837193 0.0518772 0.0680376
2 0.11024 0.929674 0.0680041 0.0958996
2 0.471542 0.71677 0.0524364 0.0376485
2 0.88029 0.960675 0.104572 0.0760071
2 0.669 0.957908 0.0816614 0.0814572
7 0.709379 0.726779 0.0739454 0.0762941
7 0.612512 0.73664 0.0386366 0.0485975
2 0.530182 0.97937 0.057649 0.0410629
2 0.294015 0.69908 0.0335975 0.0329069
2 0.32714 0.691111 0.035164 0.040115
2 0.381018 0.695149 0.0358027 0.0332119
2 0.241308 0.693104 0.0321104 0.0361272
5 0.575681 0.829099 0.100517 0.199347
5 0.857104 0.867164 0.237306 0.214158
2 0.433507 0.816126 0.0623728 0.0664181
2 0.517311 0.910552 0.0589251 0.100642
2 0.505213 0.79982 0.0499512 0.0820363
2 0.150752 0.731247 0.0323648 0.0435033
2 0.140844 0.837193 0.0518772 0.0680376
2 0.11024 0.929674 0.0680041 0.0958996
2 0.471542 0.71677 0.0524364 0.0376485
2 0.88029 0.960675 0.104572 0.0760071
2 0.669 0.957908 0.0816614 0.0814572
7 0.709379 0.726779 0.0739454 0.0762941
7 0.612512 0.73664 0.0386366 0.0485975
2 0.530182 0.97937 0.057649 0.0410629
2 0.294015 0.69908 0.0335975 0.0329069
2 0.32714 0.691111 0.035164 0.040115
2 0.381018 0.695149 0.0358027 0.0332119
2 0.241308 0.693104 0.0321104 0.0361272
5 0.986512 0.793962 0.0261135 0.407425
2 0.271369 0.689255 0.0259492 0.0316552
0 0.903949 0.866053 0.0148588 0.0575619
