2 0.146154 0.887217 0.0652489 0.0931925
2 0.192613 0.753875 0.0337065 0.0511692
7 0.648206 0.732033 0.0827936 0.0826742
5 0.595381 0.819607 0.106881 0.206914
2 0.551671 0.966495 0.0696671 0.0639854
5 0.856087 0.871512 0.179633 0.198484
2 0.906668 0.956341 0.115871 0.081644
2 0.426262 0.834124 0.0632339 0.0726198
2 0.53526 0.893505 0.0548448 0.0940659
2 0.691762 0.954821 0.0821674 0.0870314
2 0.534597 0.790845 0.0404346 0.0742581
2 0.456906 0.703695 0.0438632 0.0375156
2 0.097537 0.984379 0.0815175 0.0293947
3 0.710176 0.806973 0.01593 0.0601057
0 0.0885475 0.780327 0.0143967 0.0556142
0 0.710363 0.803295 0.015974 0.0658118
2 0.264708 0.685222 0.0323333 0.0342784
2 0.350817 0.680932 0.0345112 0.0427165
5 0.960383 0.863359 0.0783361 0.176317
0 0.901366 0.470624 0.0183941 0.0483575
2 0.391293 0.684121 0.0314429 0.0356108
0 0.892093 0.876211 0.0195543 0.0538174
3 0.754253 0.816963 0.0291703 0.0435554
2 0.293494 0.68252 0.022548 0.0270777
5 0.970589 0.86895 0.058638 0.164322
7 0.350683 0.680776 0.0343712 0.0434806
2 0.00502426 0.775315 0.00989725 0.0265337
0 0.470572 0.73701 0.0118974 0.047288
2 0.492673 0.761812 0.022685 0.0496594
7 0.317873 0.689046 0.0334624 0.0314338
2 0.146154 0.887217 0.0652489 0.0931925
2 0.192613 0.753875 0.0337065 0.0511692
7 0.648206 0.732033 0.0827936 0.0826742
5 0.595381 0.819607 0.106881 0.206914
2 0.551671 0.966495 0.0696671 0.0639854
5 0.856087 0.871512 0.179633 0.198484
2 0.906668 0.956341 0.115871 0.081644
2 0.426262 0.834124 0.0632339 0.0726198
2 0.53526 0.893505 0.0548448 0.0940659
2 0.691762 0.954821 0.0821674 0.0870314
2 0.534597 0.790845 0.0404346 0.0742581
2 0.456906 0.703695 0.0438632 0.0375156
2 0.097537 0.984379 0.0815175 0.0293947
3 0.710176 0.806973 0.01593 0.0601057
0 0.0885475 0.780327 0.0143967 0.0556142
0 0.710363 0.803295 0.015974 0.0658118
2 0.264708 0.685222 0.0323333 0.0342784
2 0.350817 0.680932 0.0345112 0.0427165
5 0.960383 0.863359 0.0783361 0.176317
0 0.901366 0.470624 0.0183941 0.0483575
2 0.391293 0.684121 0.0314429 0.0356108
0 0.892093 0.876211 0.0195543 0.0538174
3 0.754253 0.816963 0.0291703 0.0435554
2 0.293494 0.68252 0.022548 0.0270777
5 0.970589 0.86895 0.058638 0.164322
7 0.350683 0.680776 0.0343712 0.0434806
2 0.00502426 0.775315 0.00989725 0.0265337
0 0.470572 0.73701 0.0118974 0.047288
2 0.492673 0.761812 0.022685 0.0496594
7 0.317873 0.689046 0.0334624 0.0314338
2 0.146154 0.887217 0.0652489 0.0931925
2 0.192613 0.753875 0.0337065 0.0511692
7 0.648206 0.732033 0.0827936 0.0826742
5 0.595381 0.819607 0.106881 0.206914
2 0.551671 0.966495 0.0696671 0.0639854
5 0.856087 0.871512 0.179633 0.198484
2 0.906668 0.956341 0.115871 0.081644
2 0.426262 0.834124 0.0632339 0.0726198
2 0.53526 0.893505 0.0548448 0.0940659
2 0.691762 0.954821 0.0821674 0.0870314
2 0.534597 0.790845 0.0404346 0.0742581
2 0.456906 0.703695 0.0438632 0.0375156
2 0.097537 0.984379 0.0815175 0.0293947
3 0.710176 0.806973 0.01593 0.0601057
0 0.0885475 0.780327 0.0143967 0.0556142
0 0.710363 0.803295 0.015974 0.0658118
2 0.264708 0.685222 0.0323333 0.0342784
2 0.350817 0.680932 0.0345112 0.0427165
5 0.960383 0.863359 0.0783361 0.176317
0 0.901366 0.470624 0.0183941 0.0483575
2 0.391293 0.684121 0.0314429 0.0356108
0 0.892093 0.876211 0.0195543 0.0538174
3 0.754253 0.816963 0.0291703 0.0435554
2 0.293494 0.68252 0.022548 0.0270777
5 0.970589 0.86895 0.058638 0.164322
7 0.350683 0.680776 0.0343712 0.0434806
2 0.00502426 0.775315 0.00989725 0.0265337
0 0.470572 0.73701 0.0118974 0.047288
2 0.492673 0.761812 0.022685 0.0496594
7 0.317873 0.689046 0.0334624 0.0314338
2 0.146154 0.887217 0.0652489 0.0931925
2 0.192613 0.753875 0.0337065 0.0511692
7 0.648206 0.732033 0.0827936 0.0826742
5 0.595381 0.819607 0.106881 0.206914
2 0.551671 0.966495 0.0696671 0.0639854
5 0.856087 0.871512 0.179633 0.198484
2 0.906668 0.956341 0.115871 0.081644
2 0.426262 0.834124 0.0632339 0.0726198
2 0.53526 0.893505 0.0548448 0.0940659
2 0.691762 0.954821 0.0821674 0.0870314
2 0.534597 0.790845 0.0404346 0.0742581
2 0.456906 0.703695 0.0438632 0.0375156
2 0.097537 0.984379 0.0815175 0.0293947
3 0.710176 0.806973 0.01593 0.0601057
0 0.0885475 0.780327 0.0143967 0.0556142
0 0.710363 0.803295 0.015974 0.0658118
2 0.264708 0.685222 0.0323333 0.0342784
2 0.350817 0.680932 0.0345112 0.0427165
5 0.960383 0.863359 0.0783361 0.176317
0 0.901366 0.470624 0.0183941 0.0483575
2 0.391293 0.684121 0.0314429 0.0356108
0 0.892093 0.876211 0.0195543 0.0538174
3 0.754253 0.816963 0.0291703 0.0435554
2 0.293494 0.68252 0.022548 0.0270777
5 0.970589 0.86895 0.058638 0.164322
7 0.350683 0.680776 0.0343712 0.0434806
2 0.00502426 0.775315 0.00989725 0.0265337
0 0.470572 0.73701 0.0118974 0.047288
2 0.492673 0.761812 0.022685 0.0496594
7 0.317873 0.689046 0.0334624 0.0314338
2 0.146154 0.887217 0.0652489 0.0931925
2 0.192613 0.753875 0.0337065 0.0511692
7 0.648206 0.732033 0.0827936 0.0826742
5 0.595381 0.819607 0.106881 0.206914
2 0.551671 0.966495 0.0696671 0.0639854
5 0.856087 0.871512 0.179633 0.198484
2 0.906668 0.956341 0.115871 0.081644
2 0.426262 0.834124 0.0632339 0.0726198
2 0.53526 0.893505 0.0548448 0.0940659
2 0.691762 0.954821 0.0821674 0.0870314
2 0.534597 0.790845 0.0404346 0.0742581
2 0.456906 0.703695 0.0438632 0.0375156
2 0.097537 0.984379 0.0815175 0.0293947
3 0.710176 0.806973 0.01593 0.0601057
0 0.0885475 0.780327 0.0143967 0.0556142
0 0.710363 0.803295 0.015974 0.0658118
2 0.264708 0.685222 0.0323333 0.0342784
2 0.350817 0.680932 0.0345112 0.0427165
5 0.960383 0.863359 0.0783361 0.176317
0 0.901366 0.470624 0.0183941 0.0483575
2 0.391293 0.684121 0.0314429 0.0356108
0 0.892093 0.876211 0.0195543 0.0538174
3 0.754253 0.816963 0.0291703 0.0435554
2 0.293494 0.68252 0.022548 0.0270777
5 0.970589 0.86895 0.058638 0.164322
7 0.350683 0.680776 0.0343712 0.0434806
2 0.00502426 0.775315 0.00989725 0.0265337
0 0.470572 0.73701 0.0118974 0.047288
2 0.492673 0.761812 0.022685 0.0496594
7 0.317873 0.689046 0.0334624 0.0314338
2 0.146154 0.887217 0.0652489 0.0931925
2 0.192613 0.753875 0.0337065 0.0511692
7 0.648206 0.732033 0.0827936 0.0826742
5 0.595381 0.819607 0.106881 0.206914
2 0.551671 0.966495 0.0696671 0.0639854
5 0.856087 0.871512 0.179633 0.198484
2 0.906668 0.956341 0.115871 0.081644
2 0.426262 0.834124 0.0632339 0.0726198
2 0.53526 0.893505 0.0548448 0.0940659
2 0.691762 0.954821 0.0821674 0.0870314
2 0.534597 0.790845 0.0404346 0.0742581
2 0.456906 0.703695 0.0438632 0.0375156
2 0.097537 0.984379 0.0815175 0.0293947
3 0.710176 0.806973 0.01593 0.0601057
0 0.0885475 0.780327 0.0143967 0.0556142
0 0.710363 0.803295 0.015974 0.0658118
2 0.264708 0.685222 0.0323333 0.0342784
2 0.350817 0.680932 0.0345112 0.0427165
5 0.960383 0.863359 0.0783361 0.176317
0 0.901366 0.470624 0.0183941 0.0483575
2 0.391293 0.684121 0.0314429 0.0356108
0 0.892093 0.876211 0.0195543 0.0538174
3 0.754253 0.816963 0.0291703 0.0435554
2 0.293494 0.68252 0.022548 0.0270777
5 0.970589 0.86895 0.058638 0.164322
7 0.350683 0.680776 0.0343712 0.0434806
2 0.00502426 0.775315 0.00989725 0.0265337
0 0.470572 0.73701 0.0118974 0.047288
2 0.492673 0.761812 0.022685 0.0496594
7 0.317873 0.689046 0.0334624 0.0314338
5 0.596095 0.819689 0.103766 0.208366
7 0.648165 0.730948 0.0830757 0.0823571
2 0.42632 0.834025 0.0622762 0.0714945
2 0.192811 0.754095 0.0347266 0.0491823
2 0.535783 0.894169 0.056482 0.0970974
2 0.907933 0.95818 0.113144 0.082712
2 0.146092 0.886955 0.0647146 0.0929379
2 0.691763 0.954644 0.0827171 0.0881036
5 0.882667 0.861875 0.233555 0.215424
2 0.456677 0.70362 0.044776 0.037108
2 0.533048 0.79559 0.0367846 0.0633196
2 0.551554 0.966587 0.068379 0.0647561
3 0.710494 0.814513 0.0160659 0.0443015
0 0.0887418 0.780554 0.013838 0.0539083
2 0.264613 0.685188 0.0328707 0.0366655
5 0.856214 0.873345 0.178856 0.195522
0 0.710728 0.794551 0.0156267 0.0483073
5 0.596095 0.819689 0.103766 0.208366
7 0.648165 0.730948 0.0830757 0.0823571
2 0.42632 0.834025 0.0622762 0.0714945
2 0.192811 0.754095 0.0347266 0.0491823
2 0.535783 0.894169 0.056482 0.0970974
2 0.907933 0.95818 0.113144 0.082712
2 0.146092 0.886955 0.0647146 0.0929379
2 0.691763 0.954644 0.0827171 0.0881036
5 0.882667 0.861875 0.233555 0.215424
2 0.456677 0.70362 0.044776 0.037108
2 0.533048 0.79559 0.0367846 0.0633196
2 0.551554 0.966587 0.068379 0.0647561
3 0.710494 0.814513 0.0160659 0.0443015
0 0.0887418 0.780554 0.013838 0.0539083
2 0.264613 0.685188 0.0328707 0.0366655
5 0.856214 0.873345 0.178856 0.195522
0 0.710728 0.794551 0.0156267 0.0483073
