2 0.596384 0.82208 0.105583 0.187592
2 0.0357468 0.716864 0.0707303 0.139426
2 0.350155 0.678818 0.0766801 0.122123
2 0.426902 0.551469 0.0549415 0.0883587
2 0.35216 0.54147 0.0492354 0.0849903
2 0.0735313 0.628749 0.0784013 0.105014
2 0.470589 0.476193 0.0393965 0.0633879
7 0.557908 0.629706 0.0730022 0.177617
7 0.38142 0.428247 0.0340817 0.0950592
7 0.413876 0.451873 0.0344973 0.0980008
7 0.197662 0.420096 0.0653621 0.10487
2 0.449889 0.431825 0.0349822 0.0552861
7 0.272014 0.933593 0.168302 0.125189
2 0.178438 0.49499 0.0491222 0.071274
5 0.63818 0.341833 0.0494139 0.0747716
7 0.918785 0.671911 0.142933 0.27039
7 0.34526 0.357702 0.0304856 0.0687397
7 0.553416 0.947687 0.136166 0.0985067
3 0.299677 0.494465 0.0201347 0.0567969
7 0.371066 0.330114 0.0353344 0.0954944
2 0.295169 0.455939 0.0339155 0.0537626
0 0.254934 0.488396 0.0159531 0.0660576
2 0.0996267 0.590687 0.0535586 0.100663
0 0.140518 0.601669 0.020263 0.0847723
2 0.43072 0.388951 0.0279312 0.0463832
0 0.35465 0.468526 0.0159966 0.0581846
7 0.337616 0.424099 0.0292074 0.0537735
2 0.684342 0.387965 0.0269001 0.0464311
0 0.127689 0.594597 0.0179826 0.0731461
3 0.255325 0.502981 0.0160981 0.0379981
2 0.653866 0.367714 0.040342 0.0361165
5 0.973014 0.586031 0.0531433 0.245039
2 0.417507 0.366325 0.0261988 0.0421383
0 0.136309 0.599696 0.0269187 0.0892017
0 0.117079 0.595208 0.0166386 0.0841878
0 0.274119 0.47145 0.0133894 0.0525165
2 0.319966 0.386303 0.0245802 0.0526531
7 0.321067 0.386409 0.0239644 0.0530953
2 0.596384 0.82208 0.105583 0.187592
2 0.0357468 0.716864 0.0707303 0.139426
2 0.350155 0.678818 0.0766801 0.122123
2 0.426902 0.551469 0.0549415 0.0883587
2 0.35216 0.54147 0.0492354 0.0849903
2 0.0735313 0.628749 0.0784013 0.105014
2 0.470589 0.476193 0.0393965 0.0633879
7 0.557908 0.629706 0.0730022 0.177617
7 0.38142 0.428247 0.0340817 0.0950592
7 0.413876 0.451873 0.0344973 0.0980008
7 0.197662 0.420096 0.0653621 0.10487
2 0.449889 0.431825 0.0349822 0.0552861
7 0.272014 0.933593 0.168302 0.125189
2 0.178438 0.49499 0.0491222 0.071274
5 0.63818 0.341833 0.0494139 0.0747716
7 0.918785 0.671911 0.142933 0.27039
7 0.34526 0.357702 0.0304856 0.0687397
7 0.553416 0.947687 0.136166 0.0985067
3 0.299677 0.494465 0.0201347 0.0567969
7 0.371066 0.330114 0.0353344 0.0954944
2 0.295169 0.455939 0.0339155 0.0537626
0 0.254934 0.488396 0.0159531 0.0660576
2 0.0996267 0.590687 0.0535586 0.100663
0 0.140518 0.601669 0.020263 0.0847723
2 0.43072 0.388951 0.0279312 0.0463832
0 0.35465 0.468526 0.0159966 0.0581846
7 0.337616 0.424099 0.0292074 0.0537735
2 0.684342 0.387965 0.0269001 0.0464311
0 0.127689 0.594597 0.0179826 0.0731461
3 0.255325 0.502981 0.0160981 0.0379981
2 0.653866 0.367714 0.040342 0.0361165
5 0.973014 0.586031 0.0531433 0.245039
2 0.417507 0.366325 0.0261988 0.0421383
0 0.136309 0.599696 0.0269187 0.0892017
0 0.117079 0.595208 0.0166386 0.0841878
0 0.274119 0.47145 0.0133894 0.0525165
2 0.319966 0.386303 0.0245802 0.0526531
7 0.321067 0.386409 0.0239644 0.0530953
2 0.596384 0.82208 0.105583 0.187592
2 0.0357468 0.716864 0.0707303 0.139426
2 0.350155 0.678818 0.0766801 0.122123
2 0.426902 0.551469 0.0549415 0.0883587
2 0.35216 0.54147 0.0492354 0.0849903
2 0.0735313 0.628749 0.0784013 0.105014
2 0.470589 0.476193 0.0393965 0.0633879
7 0.557908 0.629706 0.0730022 0.177617
7 0.38142 0.428247 0.0340817 0.0950592
7 0.413876 0.451873 0.0344973 0.0980008
7 0.197662 0.420096 0.0653621 0.10487
2 0.449889 0.431825 0.0349822 0.0552861
7 0.272014 0.933593 0.168302 0.125189
2 0.178438 0.49499 0.0491222 0.071274
5 0.63818 0.341833 0.0494139 0.0747716
7 0.918785 0.671911 0.142933 0.27039
7 0.34526 0.357702 0.0304856 0.0687397
7 0.553416 0.947687 0.136166 0.0985067
3 0.299677 0.494465 0.0201347 0.0567969
7 0.371066 0.330114 0.0353344 0.0954944
2 0.295169 0.455939 0.0339155 0.0537626
0 0.254934 0.488396 0.0159531 0.0660576
2 0.0996267 0.590687 0.0535586 0.100663
0 0.140518 0.601669 0.020263 0.0847723
2 0.43072 0.388951 0.0279312 0.0463832
0 0.35465 0.468526 0.0159966 0.0581846
7 0.337616 0.424099 0.0292074 0.0537735
2 0.684342 0.387965 0.0269001 0.0464311
0 0.127689 0.594597 0.0179826 0.0731461
3 0.255325 0.502981 0.0160981 0.0379981
2 0.653866 0.367714 0.040342 0.0361165
5 0.973014 0.586031 0.0531433 0.245039
2 0.417507 0.366325 0.0261988 0.0421383
0 0.136309 0.599696 0.0269187 0.0892017
0 0.117079 0.595208 0.0166386 0.0841878
0 0.274119 0.47145 0.0133894 0.0525165
2 0.319966 0.386303 0.0245802 0.0526531
7 0.321067 0.386409 0.0239644 0.0530953
2 0.596384 0.82208 0.105583 0.187592
2 0.0357468 0.716864 0.0707303 0.139426
2 0.350155 0.678818 0.0766801 0.122123
2 0.426902 0.551469 0.0549415 0.0883587
2 0.35216 0.54147 0.0492354 0.0849903
2 0.0735313 0.628749 0.0784013 0.105014
2 0.470589 0.476193 0.0393965 0.0633879
7 0.557908 0.629706 0.0730022 0.177617
7 0.38142 0.428247 0.0340817 0.0950592
7 0.413876 0.451873 0.0344973 0.0980008
7 0.197662 0.420096 0.0653621 0.10487
2 0.449889 0.431825 0.0349822 0.0552861
7 0.272014 0.933593 0.168302 0.125189
2 0.178438 0.49499 0.0491222 0.071274
5 0.63818 0.341833 0.0494139 0.0747716
7 0.918785 0.671911 0.142933 0.27039
7 0.34526 0.357702 0.0304856 0.0687397
7 0.553416 0.947687 0.136166 0.0985067
3 0.299677 0.494465 0.0201347 0.0567969
7 0.371066 0.330114 0.0353344 0.0954944
2 0.295169 0.455939 0.0339155 0.0537626
0 0.254934 0.488396 0.0159531 0.0660576
2 0.0996267 0.590687 0.0535586 0.100663
0 0.140518 0.601669 0.020263 0.0847723
2 0.43072 0.388951 0.0279312 0.0463832
0 0.35465 0.468526 0.0159966 0.0581846
7 0.337616 0.424099 0.0292074 0.0537735
2 0.684342 0.387965 0.0269001 0.0464311
0 0.127689 0.594597 0.0179826 0.0731461
3 0.255325 0.502981 0.0160981 0.0379981
2 0.653866 0.367714 0.040342 0.0361165
5 0.973014 0.586031 0.0531433 0.245039
2 0.417507 0.366325 0.0261988 0.0421383
0 0.136309 0.599696 0.0269187 0.0892017
0 0.117079 0.595208 0.0166386 0.0841878
0 0.274119 0.47145 0.0133894 0.0525165
2 0.319966 0.386303 0.0245802 0.0526531
7 0.321067 0.386409 0.0239644 0.0530953
2 0.596384 0.82208 0.105583 0.187592
2 0.0357468 0.716864 0.0707303 0.139426
2 0.350155 0.678818 0.0766801 0.122123
2 0.426902 0.551469 0.0549415 0.0883587
2 0.35216 0.54147 0.0492354 0.0849903
2 0.0735313 0.628749 0.0784013 0.105014
2 0.470589 0.476193 0.0393965 0.0633879
7 0.557908 0.629706 0.0730022 0.177617
7 0.38142 0.428247 0.0340817 0.0950592
7 0.413876 0.451873 0.0344973 0.0980008
7 0.197662 0.420096 0.0653621 0.10487
2 0.449889 0.431825 0.0349822 0.0552861
7 0.272014 0.933593 0.168302 0.125189
2 0.178438 0.49499 0.0491222 0.071274
5 0.63818 0.341833 0.0494139 0.0747716
7 0.918785 0.671911 0.142933 0.27039
7 0.34526 0.357702 0.0304856 0.0687397
7 0.553416 0.947687 0.136166 0.0985067
3 0.299677 0.494465 0.0201347 0.0567969
7 0.371066 0.330114 0.0353344 0.0954944
2 0.295169 0.455939 0.0339155 0.0537626
0 0.254934 0.488396 0.0159531 0.0660576
2 0.0996267 0.590687 0.0535586 0.100663
0 0.140518 0.601669 0.020263 0.0847723
2 0.43072 0.388951 0.0279312 0.0463832
0 0.35465 0.468526 0.0159966 0.0581846
7 0.337616 0.424099 0.0292074 0.0537735
2 0.684342 0.387965 0.0269001 0.0464311
0 0.127689 0.594597 0.0179826 0.0731461
3 0.255325 0.502981 0.0160981 0.0379981
2 0.653866 0.367714 0.040342 0.0361165
5 0.973014 0.586031 0.0531433 0.245039
2 0.417507 0.366325 0.0261988 0.0421383
0 0.136309 0.599696 0.0269187 0.0892017
0 0.117079 0.595208 0.0166386 0.0841878
0 0.274119 0.47145 0.0133894 0.0525165
2 0.319966 0.386303 0.0245802 0.0526531
7 0.321067 0.386409 0.0239644 0.0530953
2 0.596384 0.82208 0.105583 0.187592
2 0.0357468 0.716864 0.0707303 0.139426
2 0.350155 0.678818 0.0766801 0.122123
2 0.426902 0.551469 0.0549415 0.0883587
2 0.35216 0.54147 0.0492354 0.0849903
2 0.0735313 0.628749 0.0784013 0.105014
2 0.470589 0.476193 0.0393965 0.0633879
7 0.557908 0.629706 0.0730022 0.177617
7 0.38142 0.428247 0.0340817 0.0950592
7 0.413876 0.451873 0.0344973 0.0980008
7 0.197662 0.420096 0.0653621 0.10487
2 0.449889 0.431825 0.0349822 0.0552861
7 0.272014 0.933593 0.168302 0.125189
2 0.178438 0.49499 0.0491222 0.071274
5 0.63818 0.341833 0.0494139 0.0747716
7 0.918785 0.671911 0.142933 0.27039
7 0.34526 0.357702 0.0304856 0.0687397
7 0.553416 0.947687 0.136166 0.0985067
3 0.299677 0.494465 0.0201347 0.0567969
7 0.371066 0.330114 0.0353344 0.0954944
2 0.295169 0.455939 0.0339155 0.0537626
0 0.254934 0.488396 0.0159531 0.0660576
2 0.0996267 0.590687 0.0535586 0.100663
0 0.140518 0.601669 0.020263 0.0847723
2 0.43072 0.388951 0.0279312 0.0463832
0 0.35465 0.468526 0.0159966 0.0581846
7 0.337616 0.424099 0.0292074 0.0537735
2 0.684342 0.387965 0.0269001 0.0464311
0 0.127689 0.594597 0.0179826 0.0731461
3 0.255325 0.502981 0.0160981 0.0379981
2 0.653866 0.367714 0.040342 0.0361165
5 0.973014 0.586031 0.0531433 0.245039
2 0.417507 0.366325 0.0261988 0.0421383
0 0.136309 0.599696 0.0269187 0.0892017
0 0.117079 0.595208 0.0166386 0.0841878
0 0.274119 0.47145 0.0133894 0.0525165
2 0.319966 0.386303 0.0245802 0.0526531
7 0.321067 0.386409 0.0239644 0.0530953
2 0.596384 0.82208 0.105583 0.187592
2 0.0357468 0.716864 0.0707303 0.139426
2 0.350155 0.678818 0.0766801 0.122123
2 0.426902 0.551469 0.0549415 0.0883587
2 0.35216 0.54147 0.0492354 0.0849903
2 0.0735313 0.628749 0.0784013 0.105014
2 0.470589 0.476193 0.0393965 0.0633879
7 0.557908 0.629706 0.0730022 0.177617
7 0.38142 0.428247 0.0340817 0.0950592
7 0.413876 0.451873 0.0344973 0.0980008
7 0.197662 0.420096 0.0653621 0.10487
2 0.449889 0.431825 0.0349822 0.0552861
7 0.272014 0.933593 0.168302 0.125189
2 0.178438 0.49499 0.0491222 0.071274
5 0.63818 0.341833 0.0494139 0.0747716
7 0.918785 0.671911 0.142933 0.27039
7 0.34526 0.357702 0.0304856 0.0687397
7 0.553416 0.947687 0.136166 0.0985067
3 0.299677 0.494465 0.0201347 0.0567969
7 0.371066 0.330114 0.0353344 0.0954944
2 0.295169 0.455939 0.0339155 0.0537626
0 0.254934 0.488396 0.0159531 0.0660576
2 0.0996267 0.590687 0.0535586 0.100663
0 0.140518 0.601669 0.020263 0.0847723
2 0.43072 0.388951 0.0279312 0.0463832
0 0.35465 0.468526 0.0159966 0.0581846
7 0.337616 0.424099 0.0292074 0.0537735
2 0.684342 0.387965 0.0269001 0.0464311
0 0.127689 0.594597 0.0179826 0.0731461
3 0.255325 0.502981 0.0160981 0.0379981
2 0.653866 0.367714 0.040342 0.0361165
5 0.973014 0.586031 0.0531433 0.245039
2 0.417507 0.366325 0.0261988 0.0421383
0 0.136309 0.599696 0.0269187 0.0892017
0 0.117079 0.595208 0.0166386 0.0841878
0 0.274119 0.47145 0.0133894 0.0525165
2 0.319966 0.386303 0.0245802 0.0526531
7 0.321067 0.386409 0.0239644 0.0530953
7 0.557865 0.630699 0.0730047 0.176412
2 0.596538 0.821526 0.105901 0.187656
2 0.0352484 0.718149 0.0699916 0.13992
2 0.349592 0.678037 0.0755916 0.120926
2 0.0741878 0.628442 0.0767311 0.10232
2 0.426633 0.54859 0.0556879 0.0867393
2 0.351919 0.53913 0.0491297 0.0778554
2 0.470511 0.474807 0.0409235 0.0642178
7 0.413544 0.451335 0.0346338 0.0973165
5 0.196611 0.421752 0.0611158 0.106002
7 0.381805 0.428903 0.0327209 0.0923726
2 0.450202 0.430415 0.0343306 0.0558858
7 0.369403 0.328487 0.0320253 0.0858777
2 0.33745 0.424682 0.0294839 0.05461
3 0.25502 0.503023 0.0161283 0.0388849
0 0.14029 0.602288 0.0215729 0.0831558
7 0.272232 0.934243 0.166638 0.126396
0 0.255149 0.485666 0.0155519 0.0562573
2 0.178148 0.495431 0.0487939 0.0692345
2 0.103243 0.588445 0.0634591 0.0967029
7 0.553043 0.947883 0.135806 0.0984338
2 0.295326 0.456756 0.036482 0.0578833
7 0.557865 0.630699 0.0730047 0.176412
2 0.596538 0.821526 0.105901 0.187656
2 0.0352484 0.718149 0.0699916 0.13992
2 0.349592 0.678037 0.0755916 0.120926
2 0.0741878 0.628442 0.0767311 0.10232
2 0.426633 0.54859 0.0556879 0.0867393
2 0.351919 0.53913 0.0491297 0.0778554
2 0.470511 0.474807 0.0409235 0.0642178
7 0.413544 0.451335 0.0346338 0.0973165
5 0.196611 0.421752 0.0611158 0.106002
7 0.381805 0.428903 0.0327209 0.0923726
2 0.450202 0.430415 0.0343306 0.0558858
7 0.369403 0.328487 0.0320253 0.0858777
2 0.33745 0.424682 0.0294839 0.05461
3 0.25502 0.503023 0.0161283 0.0388849
0 0.14029 0.602288 0.0215729 0.0831558
7 0.272232 0.934243 0.166638 0.126396
0 0.255149 0.485666 0.0155519 0.0562573
2 0.178148 0.495431 0.0487939 0.0692345
2 0.103243 0.588445 0.0634591 0.0967029
7 0.553043 0.947883 0.135806 0.0984338
2 0.295326 0.456756 0.036482 0.0578833
