5 0.714995 0.643892 0.113242 0.194777
2 0.258401 0.883399 0.0906841 0.137025
2 0.425286 0.879604 0.102883 0.144639
2 0.666897 0.776686 0.0654001 0.118518
2 0.714716 0.892207 0.0828274 0.162603
7 0.546695 0.612718 0.0702139 0.115899
5 0.982366 0.686641 0.0342144 0.184647
2 0.649405 0.69243 0.0512886 0.0825083
2 0.258333 0.568299 0.0288276 0.044104
7 0.454276 0.656321 0.040091 0.0727073
3 0.122558 0.698927 0.044489 0.0455063
2 0.684684 0.971492 0.07939 0.0512536
0 0.919577 0.946761 0.0408329 0.102867
2 0.315022 0.563247 0.0299161 0.0497464
2 0.530798 0.849705 0.0861582 0.173872
3 0.608612 0.594067 0.0277029 0.0442757
7 0.835985 0.920036 0.120489 0.157834
0 0.122124 0.680565 0.012338 0.0594245
2 0.816984 0.797197 0.0888165 0.138469
0 0.622058 0.940477 0.0313564 0.11524
3 0.412631 0.727934 0.0235472 0.0631377
3 0.6452 0.583349 0.0206749 0.0484644
3 0.890256 0.641292 0.0410641 0.0403334
2 0.470371 0.508801 0.0348233 0.0422918
2 0.438504 0.516217 0.0294556 0.0328924
3 0.127332 0.695914 0.0336614 0.0491141
2 0.412225 0.506963 0.0240455 0.0284748
0 0.594804 0.938199 0.0263216 0.11567
0 0.414889 0.709493 0.0202415 0.0605169
7 0.531148 0.850868 0.0861838 0.174363
2 0.38545 0.511364 0.0246514 0.0294729
0 0.126695 0.681658 0.0209496 0.0610423
2 0.835814 0.919164 0.121463 0.158336
0 0.64475 0.583763 0.0195259 0.0509655
0 0.594932 0.880032 0.0262306 0.0815818
2 0.549243 0.961564 0.0795233 0.0736896
3 0.184863 0.589067 0.0176643 0.0377476
2 0.491754 0.504626 0.0232346 0.0325694
2 0.516254 0.516255 0.029142 0.0342869
0 0.595086 0.912611 0.0270078 0.145653
5 0.714995 0.643892 0.113242 0.194777
2 0.258401 0.883399 0.0906841 0.137025
2 0.425286 0.879604 0.102883 0.144639
2 0.666897 0.776686 0.0654001 0.118518
2 0.714716 0.892207 0.0828274 0.162603
7 0.546695 0.612718 0.0702139 0.115899
5 0.982366 0.686641 0.0342144 0.184647
2 0.649405 0.69243 0.0512886 0.0825083
2 0.258333 0.568299 0.0288276 0.044104
7 0.454276 0.656321 0.040091 0.0727073
3 0.122558 0.698927 0.044489 0.0455063
2 0.684684 0.971492 0.07939 0.0512536
0 0.919577 0.946761 0.0408329 0.102867
2 0.315022 0.563247 0.0299161 0.0497464
2 0.530798 0.849705 0.0861582 0.173872
3 0.608612 0.594067 0.0277029 0.0442757
7 0.835985 0.920036 0.120489 0.157834
0 0.122124 0.680565 0.012338 0.0594245
2 0.816984 0.797197 0.0888165 0.138469
0 0.622058 0.940477 0.0313564 0.11524
3 0.412631 0.727934 0.0235472 0.0631377
3 0.6452 0.583349 0.0206749 0.0484644
3 0.890256 0.641292 0.0410641 0.0403334
2 0.470371 0.508801 0.0348233 0.0422918
2 0.438504 0.516217 0.0294556 0.0328924
3 0.127332 0.695914 0.0336614 0.0491141
2 0.412225 0.506963 0.0240455 0.0284748
0 0.594804 0.938199 0.0263216 0.11567
0 0.414889 0.709493 0.0202415 0.0605169
7 0.531148 0.850868 0.0861838 0.174363
2 0.38545 0.511364 0.0246514 0.0294729
0 0.126695 0.681658 0.0209496 0.0610423
2 0.835814 0.919164 0.121463 0.158336
0 0.64475 0.583763 0.0195259 0.0509655
0 0.594932 0.880032 0.0262306 0.0815818
2 0.549243 0.961564 0.0795233 0.0736896
3 0.184863 0.589067 0.0176643 0.0377476
2 0.491754 0.504626 0.0232346 0.0325694
2 0.516254 0.516255 0.029142 0.0342869
0 0.595086 0.912611 0.0270078 0.145653
5 0.714995 0.643892 0.113242 0.194777
2 0.258401 0.883399 0.0906841 0.137025
2 0.425286 0.879604 0.102883 0.144639
2 0.666897 0.776686 0.0654001 0.118518
2 0.714716 0.892207 0.0828274 0.162603
7 0.546695 0.612718 0.0702139 0.115899
5 0.982366 0.686641 0.0342144 0.184647
2 0.649405 0.69243 0.0512886 0.0825083
2 0.258333 0.568299 0.0288276 0.044104
7 0.454276 0.656321 0.040091 0.0727073
3 0.122558 0.698927 0.044489 0.0455063
2 0.684684 0.971492 0.07939 0.0512536
0 0.919577 0.946761 0.0408329 0.102867
2 0.315022 0.563247 0.0299161 0.0497464
2 0.530798 0.849705 0.0861582 0.173872
3 0.608612 0.594067 0.0277029 0.0442757
7 0.835985 0.920036 0.120489 0.157834
0 0.122124 0.680565 0.012338 0.0594245
2 0.816984 0.797197 0.0888165 0.138469
0 0.622058 0.940477 0.0313564 0.11524
3 0.412631 0.727934 0.0235472 0.0631377
3 0.6452 0.583349 0.0206749 0.0484644
3 0.890256 0.641292 0.0410641 0.0403334
2 0.470371 0.508801 0.0348233 0.0422918
2 0.438504 0.516217 0.0294556 0.0328924
3 0.127332 0.695914 0.0336614 0.0491141
2 0.412225 0.506963 0.0240455 0.0284748
0 0.594804 0.938199 0.0263216 0.11567
0 0.414889 0.709493 0.0202415 0.0605169
7 0.531148 0.850868 0.0861838 0.174363
2 0.38545 0.511364 0.0246514 0.0294729
0 0.126695 0.681658 0.0209496 0.0610423
2 0.835814 0.919164 0.121463 0.158336
0 0.64475 0.583763 0.0195259 0.0509655
0 0.594932 0.880032 0.0262306 0.0815818
2 0.549243 0.961564 0.0795233 0.0736896
3 0.184863 0.589067 0.0176643 0.0377476
2 0.491754 0.504626 0.0232346 0.0325694
2 0.516254 0.516255 0.029142 0.0342869
0 0.595086 0.912611 0.0270078 0.145653
5 0.714995 0.643892 0.113242 0.194777
2 0.258401 0.883399 0.0906841 0.137025
2 0.425286 0.879604 0.102883 0.144639
2 0.666897 0.776686 0.0654001 0.118518
2 0.714716 0.892207 0.0828274 0.162603
7 0.546695 0.612718 0.0702139 0.115899
5 0.982366 0.686641 0.0342144 0.184647
2 0.649405 0.69243 0.0512886 0.0825083
2 0.258333 0.568299 0.0288276 0.044104
7 0.454276 0.656321 0.040091 0.0727073
3 0.122558 0.698927 0.044489 0.0455063
2 0.684684 0.971492 0.07939 0.0512536
0 0.919577 0.946761 0.0408329 0.102867
2 0.315022 0.563247 0.0299161 0.0497464
2 0.530798 0.849705 0.0861582 0.173872
3 0.608612 0.594067 0.0277029 0.0442757
7 0.835985 0.920036 0.120489 0.157834
0 0.122124 0.680565 0.012338 0.0594245
2 0.816984 0.797197 0.0888165 0.138469
0 0.622058 0.940477 0.0313564 0.11524
3 0.412631 0.727934 0.0235472 0.0631377
3 0.6452 0.583349 0.0206749 0.0484644
3 0.890256 0.641292 0.0410641 0.0403334
2 0.470371 0.508801 0.0348233 0.0422918
2 0.438504 0.516217 0.0294556 0.0328924
3 0.127332 0.695914 0.0336614 0.0491141
2 0.412225 0.506963 0.0240455 0.0284748
0 0.594804 0.938199 0.0263216 0.11567
0 0.414889 0.709493 0.0202415 0.0605169
7 0.531148 0.850868 0.0861838 0.174363
2 0.38545 0.511364 0.0246514 0.0294729
0 0.126695 0.681658 0.0209496 0.0610423
2 0.835814 0.919164 0.121463 0.158336
0 0.64475 0.583763 0.0195259 0.0509655
0 0.594932 0.880032 0.0262306 0.0815818
2 0.549243 0.961564 0.0795233 0.0736896
3 0.184863 0.589067 0.0176643 0.0377476
2 0.491754 0.504626 0.0232346 0.0325694
2 0.516254 0.516255 0.029142 0.0342869
0 0.595086 0.912611 0.0270078 0.145653
5 0.714995 0.643892 0.113242 0.194777
2 0.258401 0.883399 0.0906841 0.137025
2 0.425286 0.879604 0.102883 0.144639
2 0.666897 0.776686 0.0654001 0.118518
2 0.714716 0.892207 0.0828274 0.162603
7 0.546695 0.612718 0.0702139 0.115899
5 0.982366 0.686641 0.0342144 0.184647
2 0.649405 0.69243 0.0512886 0.0825083
2 0.258333 0.568299 0.0288276 0.044104
7 0.454276 0.656321 0.040091 0.0727073
3 0.122558 0.698927 0.044489 0.0455063
2 0.684684 0.971492 0.07939 0.0512536
0 0.919577 0.946761 0.0408329 0.102867
2 0.315022 0.563247 0.0299161 0.0497464
2 0.530798 0.849705 0.0861582 0.173872
3 0.608612 0.594067 0.0277029 0.0442757
7 0.835985 0.920036 0.120489 0.157834
0 0.122124 0.680565 0.012338 0.0594245
2 0.816984 0.797197 0.0888165 0.138469
0 0.622058 0.940477 0.0313564 0.11524
3 0.412631 0.727934 0.0235472 0.0631377
3 0.6452 0.583349 0.0206749 0.0484644
3 0.890256 0.641292 0.0410641 0.0403334
2 0.470371 0.508801 0.0348233 0.0422918
2 0.438504 0.516217 0.0294556 0.0328924
3 0.127332 0.695914 0.0336614 0.0491141
2 0.412225 0.506963 0.0240455 0.0284748
0 0.594804 0.938199 0.0263216 0.11567
0 0.414889 0.709493 0.0202415 0.0605169
7 0.531148 0.850868 0.0861838 0.174363
2 0.38545 0.511364 0.0246514 0.0294729
0 0.126695 0.681658 0.0209496 0.0610423
2 0.835814 0.919164 0.121463 0.158336
0 0.64475 0.583763 0.0195259 0.0509655
0 0.594932 0.880032 0.0262306 0.0815818
2 0.549243 0.961564 0.0795233 0.0736896
3 0.184863 0.589067 0.0176643 0.0377476
2 0.491754 0.504626 0.0232346 0.0325694
2 0.516254 0.516255 0.029142 0.0342869
0 0.595086 0.912611 0.0270078 0.145653
5 0.714995 0.643892 0.113242 0.194777
2 0.258401 0.883399 0.0906841 0.137025
2 0.425286 0.879604 0.102883 0.144639
2 0.666897 0.776686 0.0654001 0.118518
2 0.714716 0.892207 0.0828274 0.162603
7 0.546695 0.612718 0.0702139 0.115899
5 0.982366 0.686641 0.0342144 0.184647
2 0.649405 0.69243 0.0512886 0.0825083
2 0.258333 0.568299 0.0288276 0.044104
7 0.454276 0.656321 0.040091 0.0727073
3 0.122558 0.698927 0.044489 0.0455063
2 0.684684 0.971492 0.07939 0.0512536
0 0.919577 0.946761 0.0408329 0.102867
2 0.315022 0.563247 0.0299161 0.0497464
2 0.530798 0.849705 0.0861582 0.173872
3 0.608612 0.594067 0.0277029 0.0442757
7 0.835985 0.920036 0.120489 0.157834
0 0.122124 0.680565 0.012338 0.0594245
2 0.816984 0.797197 0.0888165 0.138469
0 0.622058 0.940477 0.0313564 0.11524
3 0.412631 0.727934 0.0235472 0.0631377
3 0.6452 0.583349 0.0206749 0.0484644
3 0.890256 0.641292 0.0410641 0.0403334
2 0.470371 0.508801 0.0348233 0.0422918
2 0.438504 0.516217 0.0294556 0.0328924
3 0.127332 0.695914 0.0336614 0.0491141
2 0.412225 0.506963 0.0240455 0.0284748
0 0.594804 0.938199 0.0263216 0.11567
0 0.414889 0.709493 0.0202415 0.0605169
7 0.531148 0.850868 0.0861838 0.174363
2 0.38545 0.511364 0.0246514 0.0294729
0 0.126695 0.681658 0.0209496 0.0610423
2 0.835814 0.919164 0.121463 0.158336
0 0.64475 0.583763 0.0195259 0.0509655
0 0.594932 0.880032 0.0262306 0.0815818
2 0.549243 0.961564 0.0795233 0.0736896
3 0.184863 0.589067 0.0176643 0.0377476
2 0.491754 0.504626 0.0232346 0.0325694
2 0.516254 0.516255 0.029142 0.0342869
0 0.595086 0.912611 0.0270078 0.145653
5 0.71313 0.639887 0.113893 0.192384
2 0.259168 0.882813 0.0905415 0.13607
2 0.423795 0.878525 0.101595 0.144689
2 0.666481 0.776802 0.0636965 0.117838
2 0.817465 0.800574 0.0903385 0.143872
2 0.714686 0.894462 0.0822998 0.16537
7 0.546871 0.613913 0.0699583 0.111554
2 0.836596 0.919987 0.120589 0.156877
5 0.982302 0.685543 0.0346489 0.174804
2 0.649482 0.692779 0.0509785 0.0857256
2 0.315256 0.562033 0.0305194 0.0499132
2 0.258947 0.568566 0.0283875 0.0435832
3 0.122368 0.696972 0.0451792 0.0506358
7 0.530271 0.851058 0.0849354 0.171058
0 0.919363 0.946071 0.0419765 0.10189
3 0.413117 0.730702 0.0229593 0.0629701
7 0.454131 0.654719 0.0408258 0.0756488
0 0.415034 0.711517 0.0194844 0.0606798
0 0.621396 0.94042 0.0326721 0.113399
0 0.121847 0.682739 0.0133212 0.0596507
5 0.71313 0.639887 0.113893 0.192384
2 0.259168 0.882813 0.0905415 0.13607
2 0.423795 0.878525 0.101595 0.144689
2 0.666481 0.776802 0.0636965 0.117838
2 0.817465 0.800574 0.0903385 0.143872
2 0.714686 0.894462 0.0822998 0.16537
7 0.546871 0.613913 0.0699583 0.111554
2 0.836596 0.919987 0.120589 0.156877
5 0.982302 0.685543 0.0346489 0.174804
2 0.649482 0.692779 0.0509785 0.0857256
2 0.315256 0.562033 0.0305194 0.0499132
2 0.258947 0.568566 0.0283875 0.0435832
3 0.122368 0.696972 0.0451792 0.0506358
7 0.530271 0.851058 0.0849354 0.171058
0 0.919363 0.946071 0.0419765 0.10189
3 0.413117 0.730702 0.0229593 0.0629701
7 0.454131 0.654719 0.0408258 0.0756488
0 0.415034 0.711517 0.0194844 0.0606798
0 0.621396 0.94042 0.0326721 0.113399
0 0.121847 0.682739 0.0133212 0.0596507
