0 0.0865363 0.714419 0.0308694 0.127563
2 0.0321674 0.720956 0.0641378 0.139626
2 0.0738439 0.628054 0.0785205 0.0946603
2 0.178262 0.499788 0.049372 0.0678574
7 0.198291 0.426257 0.07489 0.110479
2 0.940171 0.790593 0.0709682 0.180762
2 0.102082 0.591773 0.072989 0.0953162
2 0.958121 0.67428 0.0688149 0.0645614
5 0.730734 0.415532 0.1004 0.125018
0 0.308188 0.481049 0.0143185 0.0570139
5 0.728289 0.397896 0.0958843 0.0898154
2 0.929969 0.727389 0.128501 0.171641
0 0.258394 0.364294 0.0115769 0.0419991
2 0.952127 0.795813 0.0947556 0.193451
2 0.0572071 0.697506 0.0340541 0.0928367
0 0.0865363 0.714419 0.0308694 0.127563
2 0.0321674 0.720956 0.0641378 0.139626
2 0.0738439 0.628054 0.0785205 0.0946603
2 0.178262 0.499788 0.049372 0.0678574
7 0.198291 0.426257 0.07489 0.110479
2 0.940171 0.790593 0.0709682 0.180762
2 0.102082 0.591773 0.072989 0.0953162
2 0.958121 0.67428 0.0688149 0.0645614
5 0.730734 0.415532 0.1004 0.125018
0 0.308188 0.481049 0.0143185 0.0570139
5 0.728289 0.397896 0.0958843 0.0898154
2 0.929969 0.727389 0.128501 0.171641
0 0.258394 0.364294 0.0115769 0.0419991
2 0.952127 0.795813 0.0947556 0.193451
2 0.0572071 0.697506 0.0340541 0.0928367
0 0.0865363 0.714419 0.0308694 0.127563
2 0.0321674 0.720956 0.0641378 0.139626
2 0.0738439 0.628054 0.0785205 0.0946603
2 0.178262 0.499788 0.049372 0.0678574
7 0.198291 0.426257 0.07489 0.110479
2 0.940171 0.790593 0.0709682 0.180762
2 0.102082 0.591773 0.072989 0.0953162
2 0.958121 0.67428 0.0688149 0.0645614
5 0.730734 0.415532 0.1004 0.125018
0 0.308188 0.481049 0.0143185 0.0570139
5 0.728289 0.397896 0.0958843 0.0898154
2 0.929969 0.727389 0.128501 0.171641
0 0.258394 0.364294 0.0115769 0.0419991
2 0.952127 0.795813 0.0947556 0.193451
2 0.0572071 0.697506 0.0340541 0.0928367
0 0.0865363 0.714419 0.0308694 0.127563
2 0.0321674 0.720956 0.0641378 0.139626
2 0.0738439 0.628054 0.0785205 0.0946603
2 0.178262 0.499788 0.049372 0.0678574
7 0.198291 0.426257 0.07489 0.110479
2 0.940171 0.790593 0.0709682 0.180762
2 0.102082 0.591773 0.072989 0.0953162
2 0.958121 0.67428 0.0688149 0.0645614
5 0.730734 0.415532 0.1004 0.125018
0 0.308188 0.481049 0.0143185 0.0570139
5 0.728289 0.397896 0.0958843 0.0898154
2 0.929969 0.727389 0.128501 0.171641
0 0.258394 0.364294 0.0115769 0.0419991
2 0.952127 0.795813 0.0947556 0.193451
2 0.0572071 0.697506 0.0340541 0.0928367
0 0.0865363 0.714419 0.0308694 0.127563
2 0.0321674 0.720956 0.0641378 0.139626
2 0.0738439 0.628054 0.0785205 0.0946603
2 0.178262 0.499788 0.049372 0.0678574
7 0.198291 0.426257 0.07489 0.110479
2 0.940171 0.790593 0.0709682 0.180762
2 0.102082 0.591773 0.072989 0.0953162
2 0.958121 0.67428 0.0688149 0.0645614
5 0.730734 0.415532 0.1004 0.125018
0 0.308188 0.481049 0.0143185 0.0570139
5 0.728289 0.397896 0.0958843 0.0898154
2 0.929969 0.727389 0.128501 0.171641
0 0.258394 0.364294 0.0115769 0.0419991
2 0.952127 0.795813 0.0947556 0.193451
2 0.0572071 0.697506 0.0340541 0.0928367
0 0.0865363 0.714419 0.0308694 0.127563
2 0.0321674 0.720956 0.0641378 0.139626
2 0.0738439 0.628054 0.0785205 0.0946603
2 0.178262 0.499788 0.049372 0.0678574
7 0.198291 0.426257 0.07489 0.110479
2 0.940171 0.790593 0.0709682 0.180762
2 0.102082 0.591773 0.072989 0.0953162
2 0.958121 0.67428 0.0688149 0.0645614
5 0.730734 0.415532 0.1004 0.125018
0 0.308188 0.481049 0.0143185 0.0570139
5 0.728289 0.397896 0.0958843 0.0898154
2 0.929969 0.727389 0.128501 0.171641
0 0.258394 0.364294 0.0115769 0.0419991
2 0.952127 0.795813 0.0947556 0.193451
2 0.0572071 0.697506 0.0340541 0.0928367
0 0.0865363 0.714419 0.0308694 0.127563
2 0.0321674 0.720956 0.0641378 0.139626
2 0.0738439 0.628054 0.0785205 0.0946603
2 0.178262 0.499788 0.049372 0.0678574
7 0.198291 0.426257 0.07489 0.110479
2 0.940171 0.790593 0.0709682 0.180762
2 0.102082 0.591773 0.072989 0.0953162
2 0.958121 0.67428 0.0688149 0.0645614
5 0.730734 0.415532 0.1004 0.125018
0 0.308188 0.481049 0.0143185 0.0570139
5 0.728289 0.397896 0.0958843 0.0898154
2 0.929969 0.727389 0.128501 0.171641
0 0.258394 0.364294 0.0115769 0.0419991
2 0.952127 0.795813 0.0947556 0.193451
2 0.0572071 0.697506 0.0340541 0.0928367
2 0.0736274 0.62516 0.0772154 0.0880831
2 0.178208 0.498152 0.0482111 0.0685457
0 0.0863519 0.71432 0.0319383 0.128279
2 0.0317843 0.721033 0.0631551 0.138193
2 0.103863 0.592388 0.0689517 0.0967767
7 0.196591 0.427772 0.0608453 0.105579
2 0.959174 0.675967 0.0700405 0.0643621
2 0.29853 0.30655 0.0146358 0.0321359
5 0.730018 0.412492 0.100331 0.120538
2 0.0736274 0.62516 0.0772154 0.0880831
2 0.178208 0.498152 0.0482111 0.0685457
0 0.0863519 0.71432 0.0319383 0.128279
2 0.0317843 0.721033 0.0631551 0.138193
2 0.103863 0.592388 0.0689517 0.0967767
7 0.196591 0.427772 0.0608453 0.105579
2 0.959174 0.675967 0.0700405 0.0643621
2 0.29853 0.30655 0.0146358 0.0321359
5 0.730018 0.412492 0.100331 0.120538
2 0.0736274 0.62516 0.0772154 0.0880831
2 0.178208 0.498152 0.0482111 0.0685457
0 0.0863519 0.71432 0.0319383 0.128279
2 0.0317843 0.721033 0.0631551 0.138193
2 0.103863 0.592388 0.0689517 0.0967767
7 0.196591 0.427772 0.0608453 0.105579
2 0.959174 0.675967 0.0700405 0.0643621
2 0.29853 0.30655 0.0146358 0.0321359
5 0.730018 0.412492 0.100331 0.120538
2 0.0736274 0.62516 0.0772154 0.0880831
2 0.178208 0.498152 0.0482111 0.0685457
0 0.0863519 0.71432 0.0319383 0.128279
2 0.0317843 0.721033 0.0631551 0.138193
2 0.103863 0.592388 0.0689517 0.0967767
7 0.196591 0.427772 0.0608453 0.105579
2 0.959174 0.675967 0.0700405 0.0643621
2 0.29853 0.30655 0.0146358 0.0321359
5 0.730018 0.412492 0.100331 0.120538
2 0.0736274 0.62516 0.0772154 0.0880831
2 0.178208 0.498152 0.0482111 0.0685457
0 0.0863519 0.71432 0.0319383 0.128279
2 0.0317843 0.721033 0.0631551 0.138193
2 0.103863 0.592388 0.0689517 0.0967767
7 0.196591 0.427772 0.0608453 0.105579
2 0.959174 0.675967 0.0700405 0.0643621
2 0.29853 0.30655 0.0146358 0.0321359
5 0.730018 0.412492 0.100331 0.120538
2 0.0736274 0.62516 0.0772154 0.0880831
2 0.178208 0.498152 0.0482111 0.0685457
0 0.0863519 0.71432 0.0319383 0.128279
2 0.0317843 0.721033 0.0631551 0.138193
2 0.103863 0.592388 0.0689517 0.0967767
7 0.196591 0.427772 0.0608453 0.105579
2 0.959174 0.675967 0.0700405 0.0643621
2 0.29853 0.30655 0.0146358 0.0321359
5 0.730018 0.412492 0.100331 0.120538
2 0.0736274 0.62516 0.0772154 0.0880831
2 0.178208 0.498152 0.0482111 0.0685457
0 0.0863519 0.71432 0.0319383 0.128279
2 0.0317843 0.721033 0.0631551 0.138193
2 0.103863 0.592388 0.0689517 0.0967767
7 0.196591 0.427772 0.0608453 0.105579
2 0.959174 0.675967 0.0700405 0.0643621
2 0.29853 0.30655 0.0146358 0.0321359
5 0.730018 0.412492 0.100331 0.120538
2 0.0736274 0.62516 0.0772154 0.0880831
2 0.178208 0.498152 0.0482111 0.0685457
0 0.0863519 0.71432 0.0319383 0.128279
2 0.0317843 0.721033 0.0631551 0.138193
2 0.103863 0.592388 0.0689517 0.0967767
7 0.196591 0.427772 0.0608453 0.105579
2 0.959174 0.675967 0.0700405 0.0643621
2 0.29853 0.30655 0.0146358 0.0321359
5 0.730018 0.412492 0.100331 0.120538
2 0.95472 0.792635 0.0901932 0.187912
5 0.196531 0.427325 0.061402 0.106076
0 0.256794 0.364499 0.0096159 0.0419822
0 0.308297 0.480938 0.0142941 0.0573334
2 0.944637 0.787406 0.066502 0.176016
