2 0.0357842 0.714329 0.0708067 0.141617
2 0.342825 0.652523 0.0609564 0.123133
2 0.34137 0.89407 0.0960885 0.207273
2 0.446097 0.422596 0.034206 0.0554116
2 0.0729878 0.626293 0.0802595 0.104822
7 0.198649 0.418835 0.0594786 0.107716
2 0.293153 0.458377 0.0432295 0.0702067
2 0.220693 0.67983 0.0742159 0.149877
7 0.402863 0.435893 0.0393596 0.111707
0 0.20105 0.585805 0.0247441 0.0824885
7 0.36406 0.539002 0.0627233 0.142857
2 0.495592 0.556553 0.0557625 0.088225
2 0.310752 0.401177 0.0307862 0.0470829
2 0.699255 0.388424 0.0285164 0.0442882
2 0.178921 0.491586 0.0467404 0.0720447
7 0.364946 0.371947 0.0310543 0.0831453
0 0.229556 0.481316 0.0148317 0.063875
7 0.430698 0.37183 0.0254274 0.079754
2 0.10561 0.586921 0.0651576 0.095978
5 0.834742 0.43814 0.13646 0.156646
2 0.340481 0.329735 0.0176851 0.0290077
5 0.871949 0.446337 0.0598312 0.135727
7 0.8806 0.710904 0.0849064 0.144593
7 0.381788 0.322572 0.025282 0.0563252
2 0.313387 0.300185 0.0139719 0.0299525
7 0.425478 0.370321 0.0352851 0.0868726
2 0.404773 0.315897 0.0213747 0.039083
7 0.416969 0.342229 0.0271917 0.0555923
2 0.876189 0.705101 0.0574202 0.131873
7 0.363462 0.27666 0.0219772 0.0468805
2 0.879347 0.709487 0.0771999 0.142278
0 0.16722 0.537376 0.0195696 0.0677083
2 0.302234 0.368314 0.0241614 0.0452735
2 0.343785 0.824683 0.0884825 0.0694044
2 0.0357842 0.714329 0.0708067 0.141617
2 0.342825 0.652523 0.0609564 0.123133
2 0.34137 0.89407 0.0960885 0.207273
2 0.446097 0.422596 0.034206 0.0554116
2 0.0729878 0.626293 0.0802595 0.104822
7 0.198649 0.418835 0.0594786 0.107716
2 0.293153 0.458377 0.0432295 0.0702067
2 0.220693 0.67983 0.0742159 0.149877
7 0.402863 0.435893 0.0393596 0.111707
0 0.20105 0.585805 0.0247441 0.0824885
7 0.36406 0.539002 0.0627233 0.142857
2 0.495592 0.556553 0.0557625 0.088225
2 0.310752 0.401177 0.0307862 0.0470829
2 0.699255 0.388424 0.0285164 0.0442882
2 0.178921 0.491586 0.0467404 0.0720447
7 0.364946 0.371947 0.0310543 0.0831453
0 0.229556 0.481316 0.0148317 0.063875
7 0.430698 0.37183 0.0254274 0.079754
2 0.10561 0.586921 0.0651576 0.095978
5 0.834742 0.43814 0.13646 0.156646
2 0.340481 0.329735 0.0176851 0.0290077
5 0.871949 0.446337 0.0598312 0.135727
7 0.8806 0.710904 0.0849064 0.144593
7 0.381788 0.322572 0.025282 0.0563252
2 0.313387 0.300185 0.0139719 0.0299525
7 0.425478 0.370321 0.0352851 0.0868726
2 0.404773 0.315897 0.0213747 0.039083
7 0.416969 0.342229 0.0271917 0.0555923
2 0.876189 0.705101 0.0574202 0.131873
7 0.363462 0.27666 0.0219772 0.0468805
2 0.879347 0.709487 0.0771999 0.142278
0 0.16722 0.537376 0.0195696 0.0677083
2 0.302234 0.368314 0.0241614 0.0452735
2 0.343785 0.824683 0.0884825 0.0694044
2 0.0357842 0.714329 0.0708067 0.141617
2 0.342825 0.652523 0.0609564 0.123133
2 0.34137 0.89407 0.0960885 0.207273
2 0.446097 0.422596 0.034206 0.0554116
2 0.0729878 0.626293 0.0802595 0.104822
7 0.198649 0.418835 0.0594786 0.107716
2 0.293153 0.458377 0.0432295 0.0702067
2 0.220693 0.67983 0.0742159 0.149877
7 0.402863 0.435893 0.0393596 0.111707
0 0.20105 0.585805 0.0247441 0.0824885
7 0.36406 0.539002 0.0627233 0.142857
2 0.495592 0.556553 0.0557625 0.088225
2 0.310752 0.401177 0.0307862 0.0470829
2 0.699255 0.388424 0.0285164 0.0442882
2 0.178921 0.491586 0.0467404 0.0720447
7 0.364946 0.371947 0.0310543 0.0831453
0 0.229556 0.481316 0.0148317 0.063875
7 0.430698 0.37183 0.0254274 0.079754
2 0.10561 0.586921 0.0651576 0.095978
5 0.834742 0.43814 0.13646 0.156646
2 0.340481 0.329735 0.0176851 0.0290077
5 0.871949 0.446337 0.0598312 0.135727
7 0.8806 0.710904 0.0849064 0.144593
7 0.381788 0.322572 0.025282 0.0563252
2 0.313387 0.300185 0.0139719 0.0299525
7 0.425478 0.370321 0.0352851 0.0868726
2 0.404773 0.315897 0.0213747 0.039083
7 0.416969 0.342229 0.0271917 0.0555923
2 0.876189 0.705101 0.0574202 0.131873
7 0.363462 0.27666 0.0219772 0.0468805
2 0.879347 0.709487 0.0771999 0.142278
0 0.16722 0.537376 0.0195696 0.0677083
2 0.302234 0.368314 0.0241614 0.0452735
2 0.343785 0.824683 0.0884825 0.0694044
2 0.0357842 0.714329 0.0708067 0.141617
2 0.342825 0.652523 0.0609564 0.123133
2 0.34137 0.89407 0.0960885 0.207273
2 0.446097 0.422596 0.034206 0.0554116
2 0.0729878 0.626293 0.0802595 0.104822
7 0.198649 0.418835 0.0594786 0.107716
2 0.293153 0.458377 0.0432295 0.0702067
2 0.220693 0.67983 0.0742159 0.149877
7 0.402863 0.435893 0.0393596 0.111707
0 0.20105 0.585805 0.0247441 0.0824885
7 0.36406 0.539002 0.0627233 0.142857
2 0.495592 0.556553 0.0557625 0.088225
2 0.310752 0.401177 0.0307862 0.0470829
2 0.699255 0.388424 0.0285164 0.0442882
2 0.178921 0.491586 0.0467404 0.0720447
7 0.364946 0.371947 0.0310543 0.0831453
0 0.229556 0.481316 0.0148317 0.063875
7 0.430698 0.37183 0.0254274 0.079754
2 0.10561 0.586921 0.0651576 0.095978
5 0.834742 0.43814 0.13646 0.156646
2 0.340481 0.329735 0.0176851 0.0290077
5 0.871949 0.446337 0.0598312 0.135727
7 0.8806 0.710904 0.0849064 0.144593
7 0.381788 0.322572 0.025282 0.0563252
2 0.313387 0.300185 0.0139719 0.0299525
7 0.425478 0.370321 0.0352851 0.0868726
2 0.404773 0.315897 0.0213747 0.039083
7 0.416969 0.342229 0.0271917 0.0555923
2 0.876189 0.705101 0.0574202 0.131873
7 0.363462 0.27666 0.0219772 0.0468805
2 0.879347 0.709487 0.0771999 0.142278
0 0.16722 0.537376 0.0195696 0.0677083
2 0.302234 0.368314 0.0241614 0.0452735
2 0.343785 0.824683 0.0884825 0.0694044
2 0.0357842 0.714329 0.0708067 0.141617
2 0.342825 0.652523 0.0609564 0.123133
2 0.34137 0.89407 0.0960885 0.207273
2 0.446097 0.422596 0.034206 0.0554116
2 0.0729878 0.626293 0.0802595 0.104822
7 0.198649 0.418835 0.0594786 0.107716
2 0.293153 0.458377 0.0432295 0.0702067
2 0.220693 0.67983 0.0742159 0.149877
7 0.402863 0.435893 0.0393596 0.111707
0 0.20105 0.585805 0.0247441 0.0824885
7 0.36406 0.539002 0.0627233 0.142857
2 0.495592 0.556553 0.0557625 0.088225
2 0.310752 0.401177 0.0307862 0.0470829
2 0.699255 0.388424 0.0285164 0.0442882
2 0.178921 0.491586 0.0467404 0.0720447
7 0.364946 0.371947 0.0310543 0.0831453
0 0.229556 0.481316 0.0148317 0.063875
7 0.430698 0.37183 0.0254274 0.079754
2 0.10561 0.586921 0.0651576 0.095978
5 0.834742 0.43814 0.13646 0.156646
2 0.340481 0.329735 0.0176851 0.0290077
5 0.871949 0.446337 0.0598312 0.135727
7 0.8806 0.710904 0.0849064 0.144593
7 0.381788 0.322572 0.025282 0.0563252
2 0.313387 0.300185 0.0139719 0.0299525
7 0.425478 0.370321 0.0352851 0.0868726
2 0.404773 0.315897 0.0213747 0.039083
7 0.416969 0.342229 0.0271917 0.0555923
2 0.876189 0.705101 0.0574202 0.131873
7 0.363462 0.27666 0.0219772 0.0468805
2 0.879347 0.709487 0.0771999 0.142278
0 0.16722 0.537376 0.0195696 0.0677083
2 0.302234 0.368314 0.0241614 0.0452735
2 0.343785 0.824683 0.0884825 0.0694044
2 0.0357842 0.714329 0.0708067 0.141617
2 0.342825 0.652523 0.0609564 0.123133
2 0.34137 0.89407 0.0960885 0.207273
2 0.446097 0.422596 0.034206 0.0554116
2 0.0729878 0.626293 0.0802595 0.104822
7 0.198649 0.418835 0.0594786 0.107716
2 0.293153 0.458377 0.0432295 0.0702067
2 0.220693 0.67983 0.0742159 0.149877
7 0.402863 0.435893 0.0393596 0.111707
0 0.20105 0.585805 0.0247441 0.0824885
7 0.36406 0.539002 0.0627233 0.142857
2 0.495592 0.556553 0.0557625 0.088225
2 0.310752 0.401177 0.0307862 0.0470829
2 0.699255 0.388424 0.0285164 0.0442882
2 0.178921 0.491586 0.0467404 0.0720447
7 0.364946 0.371947 0.0310543 0.0831453
0 0.229556 0.481316 0.0148317 0.063875
7 0.430698 0.37183 0.0254274 0.079754
2 0.10561 0.586921 0.0651576 0.095978
5 0.834742 0.43814 0.13646 0.156646
2 0.340481 0.329735 0.0176851 0.0290077
5 0.871949 0.446337 0.0598312 0.135727
7 0.8806 0.710904 0.0849064 0.144593
7 0.381788 0.322572 0.025282 0.0563252
2 0.313387 0.300185 0.0139719 0.0299525
7 0.425478 0.370321 0.0352851 0.0868726
2 0.404773 0.315897 0.0213747 0.039083
7 0.416969 0.342229 0.0271917 0.0555923
2 0.876189 0.705101 0.0574202 0.131873
7 0.363462 0.27666 0.0219772 0.0468805
2 0.879347 0.709487 0.0771999 0.142278
0 0.16722 0.537376 0.0195696 0.0677083
2 0.302234 0.368314 0.0241614 0.0452735
2 0.343785 0.824683 0.0884825 0.0694044
2 0.0357842 0.714329 0.0708067 0.141617
2 0.342825 0.652523 0.0609564 0.123133
2 0.34137 0.89407 0.0960885 0.207273
2 0.446097 0.422596 0.034206 0.0554116
2 0.0729878 0.626293 0.0802595 0.104822
7 0.198649 0.418835 0.0594786 0.107716
2 0.293153 0.458377 0.0432295 0.0702067
2 0.220693 0.67983 0.0742159 0.149877
7 0.402863 0.435893 0.0393596 0.111707
0 0.20105 0.585805 0.0247441 0.0824885
7 0.36406 0.539002 0.0627233 0.142857
2 0.495592 0.556553 0.0557625 0.088225
2 0.310752 0.401177 0.0307862 0.0470829
2 0.699255 0.388424 0.0285164 0.0442882
2 0.178921 0.491586 0.0467404 0.0720447
7 0.364946 0.371947 0.0310543 0.0831453
0 0.229556 0.481316 0.0148317 0.063875
7 0.430698 0.37183 0.0254274 0.079754
2 0.10561 0.586921 0.0651576 0.095978
5 0.834742 0.43814 0.13646 0.156646
2 0.340481 0.329735 0.0176851 0.0290077
5 0.871949 0.446337 0.0598312 0.135727
7 0.8806 0.710904 0.0849064 0.144593
7 0.381788 0.322572 0.025282 0.0563252
2 0.313387 0.300185 0.0139719 0.0299525
7 0.425478 0.370321 0.0352851 0.0868726
2 0.404773 0.315897 0.0213747 0.039083
7 0.416969 0.342229 0.0271917 0.0555923
2 0.876189 0.705101 0.0574202 0.131873
7 0.363462 0.27666 0.0219772 0.0468805
2 0.879347 0.709487 0.0771999 0.142278
0 0.16722 0.537376 0.0195696 0.0677083
2 0.302234 0.368314 0.0241614 0.0452735
2 0.343785 0.824683 0.0884825 0.0694044
2 0.341822 0.891453 0.0957519 0.199089
2 0.495251 0.556065 0.0573526 0.0861131
2 0.035322 0.71518 0.0702014 0.140547
2 0.343278 0.650585 0.0611413 0.126935
7 0.403034 0.4345 0.0391199 0.11018
5 0.835113 0.438264 0.134171 0.149085
2 0.293426 0.45854 0.0434404 0.0699017
2 0.0741248 0.625912 0.0768738 0.103459
0 0.201463 0.586102 0.0244509 0.0786865
2 0.44608 0.422637 0.0352745 0.0550416
7 0.36537 0.371822 0.0311128 0.0808248
7 0.430481 0.372349 0.0250611 0.0846871
2 0.220629 0.681072 0.0735456 0.155784
7 0.19669 0.418714 0.0609454 0.106139
2 0.310281 0.401962 0.0306067 0.045725
0 0.229534 0.481363 0.0152401 0.0612656
2 0.699087 0.38728 0.0300904 0.0456789
7 0.363252 0.54211 0.0642252 0.14148
2 0.340959 0.329767 0.0182129 0.0298492
2 0.104821 0.585518 0.0661191 0.097296
2 0.341822 0.891453 0.0957519 0.199089
2 0.495251 0.556065 0.0573526 0.0861131
2 0.035322 0.71518 0.0702014 0.140547
2 0.343278 0.650585 0.0611413 0.126935
7 0.403034 0.4345 0.0391199 0.11018
5 0.835113 0.438264 0.134171 0.149085
2 0.293426 0.45854 0.0434404 0.0699017
2 0.0741248 0.625912 0.0768738 0.103459
0 0.201463 0.586102 0.0244509 0.0786865
2 0.44608 0.422637 0.0352745 0.0550416
7 0.36537 0.371822 0.0311128 0.0808248
7 0.430481 0.372349 0.0250611 0.0846871
2 0.220629 0.681072 0.0735456 0.155784
7 0.19669 0.418714 0.0609454 0.106139
2 0.310281 0.401962 0.0306067 0.045725
0 0.229534 0.481363 0.0152401 0.0612656
2 0.699087 0.38728 0.0300904 0.0456789
7 0.363252 0.54211 0.0642252 0.14148
2 0.340959 0.329767 0.0182129 0.0298492
2 0.104821 0.585518 0.0661191 0.097296
2 0.341822 0.891453 0.0957519 0.199089
2 0.495251 0.556065 0.0573526 0.0861131
2 0.035322 0.71518 0.0702014 0.140547
2 0.343278 0.650585 0.0611413 0.126935
7 0.403034 0.4345 0.0391199 0.11018
5 0.835113 0.438264 0.134171 0.149085
2 0.293426 0.45854 0.0434404 0.0699017
2 0.0741248 0.625912 0.0768738 0.103459
0 0.201463 0.586102 0.0244509 0.0786865
2 0.44608 0.422637 0.0352745 0.0550416
7 0.36537 0.371822 0.0311128 0.0808248
7 0.430481 0.372349 0.0250611 0.0846871
2 0.220629 0.681072 0.0735456 0.155784
7 0.19669 0.418714 0.0609454 0.106139
2 0.310281 0.401962 0.0306067 0.045725
0 0.229534 0.481363 0.0152401 0.0612656
2 0.699087 0.38728 0.0300904 0.0456789
7 0.363252 0.54211 0.0642252 0.14148
2 0.340959 0.329767 0.0182129 0.0298492
2 0.104821 0.585518 0.0661191 0.097296
2 0.341822 0.891453 0.0957519 0.199089
2 0.495251 0.556065 0.0573526 0.0861131
2 0.035322 0.71518 0.0702014 0.140547
2 0.343278 0.650585 0.0611413 0.126935
7 0.403034 0.4345 0.0391199 0.11018
5 0.835113 0.438264 0.134171 0.149085
2 0.293426 0.45854 0.0434404 0.0699017
2 0.0741248 0.625912 0.0768738 0.103459
0 0.201463 0.586102 0.0244509 0.0786865
2 0.44608 0.422637 0.0352745 0.0550416
7 0.36537 0.371822 0.0311128 0.0808248
7 0.430481 0.372349 0.0250611 0.0846871
2 0.220629 0.681072 0.0735456 0.155784
7 0.19669 0.418714 0.0609454 0.106139
2 0.310281 0.401962 0.0306067 0.045725
0 0.229534 0.481363 0.0152401 0.0612656
2 0.699087 0.38728 0.0300904 0.0456789
7 0.363252 0.54211 0.0642252 0.14148
2 0.340959 0.329767 0.0182129 0.0298492
2 0.104821 0.585518 0.0661191 0.097296
2 0.341822 0.891453 0.0957519 0.199089
2 0.495251 0.556065 0.0573526 0.0861131
2 0.035322 0.71518 0.0702014 0.140547
2 0.343278 0.650585 0.0611413 0.126935
7 0.403034 0.4345 0.0391199 0.11018
5 0.835113 0.438264 0.134171 0.149085
2 0.293426 0.45854 0.0434404 0.0699017
2 0.0741248 0.625912 0.0768738 0.103459
0 0.201463 0.586102 0.0244509 0.0786865
2 0.44608 0.422637 0.0352745 0.0550416
7 0.36537 0.371822 0.0311128 0.0808248
7 0.430481 0.372349 0.0250611 0.0846871
2 0.220629 0.681072 0.0735456 0.155784
7 0.19669 0.418714 0.0609454 0.106139
2 0.310281 0.401962 0.0306067 0.045725
0 0.229534 0.481363 0.0152401 0.0612656
2 0.699087 0.38728 0.0300904 0.0456789
7 0.363252 0.54211 0.0642252 0.14148
2 0.340959 0.329767 0.0182129 0.0298492
2 0.104821 0.585518 0.0661191 0.097296
2 0.341822 0.891453 0.0957519 0.199089
2 0.495251 0.556065 0.0573526 0.0861131
2 0.035322 0.71518 0.0702014 0.140547
2 0.343278 0.650585 0.0611413 0.126935
7 0.403034 0.4345 0.0391199 0.11018
5 0.835113 0.438264 0.134171 0.149085
2 0.293426 0.45854 0.0434404 0.0699017
2 0.0741248 0.625912 0.0768738 0.103459
0 0.201463 0.586102 0.0244509 0.0786865
2 0.44608 0.422637 0.0352745 0.0550416
7 0.36537 0.371822 0.0311128 0.0808248
7 0.430481 0.372349 0.0250611 0.0846871
2 0.220629 0.681072 0.0735456 0.155784
7 0.19669 0.418714 0.0609454 0.106139
2 0.310281 0.401962 0.0306067 0.045725
0 0.229534 0.481363 0.0152401 0.0612656
2 0.699087 0.38728 0.0300904 0.0456789
7 0.363252 0.54211 0.0642252 0.14148
2 0.340959 0.329767 0.0182129 0.0298492
2 0.104821 0.585518 0.0661191 0.097296
2 0.341822 0.891453 0.0957519 0.199089
2 0.495251 0.556065 0.0573526 0.0861131
2 0.035322 0.71518 0.0702014 0.140547
2 0.343278 0.650585 0.0611413 0.126935
7 0.403034 0.4345 0.0391199 0.11018
5 0.835113 0.438264 0.134171 0.149085
2 0.293426 0.45854 0.0434404 0.0699017
2 0.0741248 0.625912 0.0768738 0.103459
0 0.201463 0.586102 0.0244509 0.0786865
2 0.44608 0.422637 0.0352745 0.0550416
7 0.36537 0.371822 0.0311128 0.0808248
7 0.430481 0.372349 0.0250611 0.0846871
2 0.220629 0.681072 0.0735456 0.155784
7 0.19669 0.418714 0.0609454 0.106139
2 0.310281 0.401962 0.0306067 0.045725
0 0.229534 0.481363 0.0152401 0.0612656
2 0.699087 0.38728 0.0300904 0.0456789
7 0.363252 0.54211 0.0642252 0.14148
2 0.340959 0.329767 0.0182129 0.0298492
2 0.104821 0.585518 0.0661191 0.097296
2 0.341822 0.891453 0.0957519 0.199089
2 0.495251 0.556065 0.0573526 0.0861131
2 0.035322 0.71518 0.0702014 0.140547
2 0.343278 0.650585 0.0611413 0.126935
7 0.403034 0.4345 0.0391199 0.11018
5 0.835113 0.438264 0.134171 0.149085
2 0.293426 0.45854 0.0434404 0.0699017
2 0.0741248 0.625912 0.0768738 0.103459
0 0.201463 0.586102 0.0244509 0.0786865
2 0.44608 0.422637 0.0352745 0.0550416
7 0.36537 0.371822 0.0311128 0.0808248
7 0.430481 0.372349 0.0250611 0.0846871
2 0.220629 0.681072 0.0735456 0.155784
7 0.19669 0.418714 0.0609454 0.106139
2 0.310281 0.401962 0.0306067 0.045725
0 0.229534 0.481363 0.0152401 0.0612656
2 0.699087 0.38728 0.0300904 0.0456789
7 0.363252 0.54211 0.0642252 0.14148
2 0.340959 0.329767 0.0182129 0.0298492
2 0.104821 0.585518 0.0661191 0.097296
7 0.381926 0.322815 0.0258604 0.0649004
0 0.167198 0.539227 0.0181229 0.0623842
7 0.870253 0.698954 0.0663401 0.118713
2 0.870368 0.697946 0.0670719 0.118543
2 0.178211 0.492812 0.0486499 0.0710724
7 0.178085 0.492529 0.048361 0.0725825
