2 0.0355448 0.715302 0.0703862 0.142262
2 0.472476 0.503483 0.0469211 0.0733625
0 0.266611 0.70493 0.0330354 0.101344
2 0.0736005 0.626313 0.0797768 0.103479
2 0.360136 0.408522 0.0285508 0.0463223
2 0.249063 0.610617 0.0601657 0.112706
0 0.404051 0.692334 0.0343298 0.100879
2 0.366153 0.480821 0.0360369 0.0624146
7 0.196766 0.418615 0.062729 0.107421
7 0.386267 0.350388 0.0279143 0.0763176
0 0.397513 0.498201 0.0197877 0.0649327
2 0.306499 0.423395 0.0296652 0.0701235
2 0.423724 0.358307 0.0262416 0.0402771
2 0.433157 0.402777 0.0309166 0.047293
2 0.106359 0.585817 0.064687 0.0959142
7 0.362423 0.333013 0.0246048 0.0629845
3 0.266152 0.741888 0.02957 0.0927697
2 0.294365 0.350553 0.024604 0.0417236
3 0.403987 0.728449 0.0323319 0.101095
0 0.443525 0.470907 0.0185375 0.0633726
2 0.178776 0.494316 0.0491818 0.0789571
7 0.352734 0.600765 0.0592016 0.161863
7 0.33336 0.365484 0.0306782 0.0709157
0 0.717245 0.408344 0.0174773 0.0396801
3 0.399166 0.519024 0.0190069 0.0423303
7 0.4159 0.325384 0.0216483 0.0565067
7 0.178499 0.49529 0.0484598 0.0800137
5 0.611067 0.339438 0.0407084 0.0653757
0 0.251969 0.408852 0.0110658 0.0413991
7 0.294324 0.350548 0.0243944 0.0426217
2 0.310053 0.323967 0.0197872 0.0304878
2 0.309217 0.319037 0.0216051 0.0360329
7 0.966101 0.74129 0.0669262 0.300633
0 0.757362 0.400842 0.0142267 0.0494839
0 0.281268 0.411677 0.013525 0.0510987
2 0.0355448 0.715302 0.0703862 0.142262
2 0.472476 0.503483 0.0469211 0.0733625
0 0.266611 0.70493 0.0330354 0.101344
2 0.0736005 0.626313 0.0797768 0.103479
2 0.360136 0.408522 0.0285508 0.0463223
2 0.249063 0.610617 0.0601657 0.112706
0 0.404051 0.692334 0.0343298 0.100879
2 0.366153 0.480821 0.0360369 0.0624146
7 0.196766 0.418615 0.062729 0.107421
7 0.386267 0.350388 0.0279143 0.0763176
0 0.397513 0.498201 0.0197877 0.0649327
2 0.306499 0.423395 0.0296652 0.0701235
2 0.423724 0.358307 0.0262416 0.0402771
2 0.433157 0.402777 0.0309166 0.047293
2 0.106359 0.585817 0.064687 0.0959142
7 0.362423 0.333013 0.0246048 0.0629845
3 0.266152 0.741888 0.02957 0.0927697
2 0.294365 0.350553 0.024604 0.0417236
3 0.403987 0.728449 0.0323319 0.101095
0 0.443525 0.470907 0.0185375 0.0633726
2 0.178776 0.494316 0.0491818 0.0789571
7 0.352734 0.600765 0.0592016 0.161863
7 0.33336 0.365484 0.0306782 0.0709157
0 0.717245 0.408344 0.0174773 0.0396801
3 0.399166 0.519024 0.0190069 0.0423303
7 0.4159 0.325384 0.0216483 0.0565067
7 0.178499 0.49529 0.0484598 0.0800137
5 0.611067 0.339438 0.0407084 0.0653757
0 0.251969 0.408852 0.0110658 0.0413991
7 0.294324 0.350548 0.0243944 0.0426217
2 0.310053 0.323967 0.0197872 0.0304878
2 0.309217 0.319037 0.0216051 0.0360329
7 0.966101 0.74129 0.0669262 0.300633
0 0.757362 0.400842 0.0142267 0.0494839
0 0.281268 0.411677 0.013525 0.0510987
2 0.0355448 0.715302 0.0703862 0.142262
2 0.472476 0.503483 0.0469211 0.0733625
0 0.266611 0.70493 0.0330354 0.101344
2 0.0736005 0.626313 0.0797768 0.103479
2 0.360136 0.408522 0.0285508 0.0463223
2 0.249063 0.610617 0.0601657 0.112706
0 0.404051 0.692334 0.0343298 0.100879
2 0.366153 0.480821 0.0360369 0.0624146
7 0.196766 0.418615 0.062729 0.107421
7 0.386267 0.350388 0.0279143 0.0763176
0 0.397513 0.498201 0.0197877 0.0649327
2 0.306499 0.423395 0.0296652 0.0701235
2 0.423724 0.358307 0.0262416 0.0402771
2 0.433157 0.402777 0.0309166 0.047293
2 0.106359 0.585817 0.064687 0.0959142
7 0.362423 0.333013 0.0246048 0.0629845
3 0.266152 0.741888 0.02957 0.0927697
2 0.294365 0.350553 0.024604 0.0417236
3 0.403987 0.728449 0.0323319 0.101095
0 0.443525 0.470907 0.0185375 0.0633726
2 0.178776 0.494316 0.0491818 0.0789571
7 0.352734 0.600765 0.0592016 0.161863
7 0.33336 0.365484 0.0306782 0.0709157
0 0.717245 0.408344 0.0174773 0.0396801
3 0.399166 0.519024 0.0190069 0.0423303
7 0.4159 0.325384 0.0216483 0.0565067
7 0.178499 0.49529 0.0484598 0.0800137
5 0.611067 0.339438 0.0407084 0.0653757
0 0.251969 0.408852 0.0110658 0.0413991
7 0.294324 0.350548 0.0243944 0.0426217
2 0.310053 0.323967 0.0197872 0.0304878
2 0.309217 0.319037 0.0216051 0.0360329
7 0.966101 0.74129 0.0669262 0.300633
0 0.757362 0.400842 0.0142267 0.0494839
0 0.281268 0.411677 0.013525 0.0510987
2 0.0355448 0.715302 0.0703862 0.142262
2 0.472476 0.503483 0.0469211 0.0733625
0 0.266611 0.70493 0.0330354 0.101344
2 0.0736005 0.626313 0.0797768 0.103479
2 0.360136 0.408522 0.0285508 0.0463223
2 0.249063 0.610617 0.0601657 0.112706
0 0.404051 0.692334 0.0343298 0.100879
2 0.366153 0.480821 0.0360369 0.0624146
7 0.196766 0.418615 0.062729 0.107421
7 0.386267 0.350388 0.0279143 0.0763176
0 0.397513 0.498201 0.0197877 0.0649327
2 0.306499 0.423395 0.0296652 0.0701235
2 0.423724 0.358307 0.0262416 0.0402771
2 0.433157 0.402777 0.0309166 0.047293
2 0.106359 0.585817 0.064687 0.0959142
7 0.362423 0.333013 0.0246048 0.0629845
3 0.266152 0.741888 0.02957 0.0927697
2 0.294365 0.350553 0.024604 0.0417236
3 0.403987 0.728449 0.0323319 0.101095
0 0.443525 0.470907 0.0185375 0.0633726
2 0.178776 0.494316 0.0491818 0.0789571
7 0.352734 0.600765 0.0592016 0.161863
7 0.33336 0.365484 0.0306782 0.0709157
0 0.717245 0.408344 0.0174773 0.0396801
3 0.399166 0.519024 0.0190069 0.0423303
7 0.4159 0.325384 0.0216483 0.0565067
7 0.178499 0.49529 0.0484598 0.0800137
5 0.611067 0.339438 0.0407084 0.0653757
0 0.251969 0.408852 0.0110658 0.0413991
7 0.294324 0.350548 0.0243944 0.0426217
2 0.310053 0.323967 0.0197872 0.0304878
2 0.309217 0.319037 0.0216051 0.0360329
7 0.966101 0.74129 0.0669262 0.300633
0 0.757362 0.400842 0.0142267 0.0494839
0 0.281268 0.411677 0.013525 0.0510987
2 0.0355448 0.715302 0.0703862 0.142262
2 0.472476 0.503483 0.0469211 0.0733625
0 0.266611 0.70493 0.0330354 0.101344
2 0.0736005 0.626313 0.0797768 0.103479
2 0.360136 0.408522 0.0285508 0.0463223
2 0.249063 0.610617 0.0601657 0.112706
0 0.404051 0.692334 0.0343298 0.100879
2 0.366153 0.480821 0.0360369 0.0624146
7 0.196766 0.418615 0.062729 0.107421
7 0.386267 0.350388 0.0279143 0.0763176
0 0.397513 0.498201 0.0197877 0.0649327
2 0.306499 0.423395 0.0296652 0.0701235
2 0.423724 0.358307 0.0262416 0.0402771
2 0.433157 0.402777 0.0309166 0.047293
2 0.106359 0.585817 0.064687 0.0959142
7 0.362423 0.333013 0.0246048 0.0629845
3 0.266152 0.741888 0.02957 0.0927697
2 0.294365 0.350553 0.024604 0.0417236
3 0.403987 0.728449 0.0323319 0.101095
0 0.443525 0.470907 0.0185375 0.0633726
2 0.178776 0.494316 0.0491818 0.0789571
7 0.352734 0.600765 0.0592016 0.161863
7 0.33336 0.365484 0.0306782 0.0709157
0 0.717245 0.408344 0.0174773 0.0396801
3 0.399166 0.519024 0.0190069 0.0423303
7 0.4159 0.325384 0.0216483 0.0565067
7 0.178499 0.49529 0.0484598 0.0800137
5 0.611067 0.339438 0.0407084 0.0653757
0 0.251969 0.408852 0.0110658 0.0413991
7 0.294324 0.350548 0.0243944 0.0426217
2 0.310053 0.323967 0.0197872 0.0304878
2 0.309217 0.319037 0.0216051 0.0360329
7 0.966101 0.74129 0.0669262 0.300633
0 0.757362 0.400842 0.0142267 0.0494839
0 0.281268 0.411677 0.013525 0.0510987
2 0.0355448 0.715302 0.0703862 0.142262
2 0.472476 0.503483 0.0469211 0.0733625
0 0.266611 0.70493 0.0330354 0.101344
2 0.0736005 0.626313 0.0797768 0.103479
2 0.360136 0.408522 0.0285508 0.0463223
2 0.249063 0.610617 0.0601657 0.112706
0 0.404051 0.692334 0.0343298 0.100879
2 0.366153 0.480821 0.0360369 0.0624146
7 0.196766 0.418615 0.062729 0.107421
7 0.386267 0.350388 0.0279143 0.0763176
0 0.397513 0.498201 0.0197877 0.0649327
2 0.306499 0.423395 0.0296652 0.0701235
2 0.423724 0.358307 0.0262416 0.0402771
2 0.433157 0.402777 0.0309166 0.047293
2 0.106359 0.585817 0.064687 0.0959142
7 0.362423 0.333013 0.0246048 0.0629845
3 0.266152 0.741888 0.02957 0.0927697
2 0.294365 0.350553 0.024604 0.0417236
3 0.403987 0.728449 0.0323319 0.101095
0 0.443525 0.470907 0.0185375 0.0633726
2 0.178776 0.494316 0.0491818 0.0789571
7 0.352734 0.600765 0.0592016 0.161863
7 0.33336 0.365484 0.0306782 0.0709157
0 0.717245 0.408344 0.0174773 0.0396801
3 0.399166 0.519024 0.0190069 0.0423303
7 0.4159 0.325384 0.0216483 0.0565067
7 0.178499 0.49529 0.0484598 0.0800137
5 0.611067 0.339438 0.0407084 0.0653757
0 0.251969 0.408852 0.0110658 0.0413991
7 0.294324 0.350548 0.0243944 0.0426217
2 0.310053 0.323967 0.0197872 0.0304878
2 0.309217 0.319037 0.0216051 0.0360329
7 0.966101 0.74129 0.0669262 0.300633
0 0.757362 0.400842 0.0142267 0.0494839
0 0.281268 0.411677 0.013525 0.0510987
2 0.0355448 0.715302 0.0703862 0.142262
2 0.472476 0.503483 0.0469211 0.0733625
0 0.266611 0.70493 0.0330354 0.101344
2 0.0736005 0.626313 0.0797768 0.103479
2 0.360136 0.408522 0.0285508 0.0463223
2 0.249063 0.610617 0.0601657 0.112706
0 0.404051 0.692334 0.0343298 0.100879
2 0.366153 0.480821 0.0360369 0.0624146
7 0.196766 0.418615 0.062729 0.107421
7 0.386267 0.350388 0.0279143 0.0763176
0 0.397513 0.498201 0.0197877 0.0649327
2 0.306499 0.423395 0.0296652 0.0701235
2 0.423724 0.358307 0.0262416 0.0402771
2 0.433157 0.402777 0.0309166 0.047293
2 0.106359 0.585817 0.064687 0.0959142
7 0.362423 0.333013 0.0246048 0.0629845
3 0.266152 0.741888 0.02957 0.0927697
2 0.294365 0.350553 0.024604 0.0417236
3 0.403987 0.728449 0.0323319 0.101095
0 0.443525 0.470907 0.0185375 0.0633726
2 0.178776 0.494316 0.0491818 0.0789571
7 0.352734 0.600765 0.0592016 0.161863
7 0.33336 0.365484 0.0306782 0.0709157
0 0.717245 0.408344 0.0174773 0.0396801
3 0.399166 0.519024 0.0190069 0.0423303
7 0.4159 0.325384 0.0216483 0.0565067
7 0.178499 0.49529 0.0484598 0.0800137
5 0.611067 0.339438 0.0407084 0.0653757
0 0.251969 0.408852 0.0110658 0.0413991
7 0.294324 0.350548 0.0243944 0.0426217
2 0.310053 0.323967 0.0197872 0.0304878
2 0.309217 0.319037 0.0216051 0.0360329
7 0.966101 0.74129 0.0669262 0.300633
0 0.757362 0.400842 0.0142267 0.0494839
0 0.281268 0.411677 0.013525 0.0510987
2 0.472507 0.502979 0.0474108 0.0747153
2 0.0353581 0.715727 0.070519 0.141978
2 0.249432 0.610077 0.0593695 0.11076
2 0.0744099 0.625975 0.0765688 0.10204
2 0.366026 0.476767 0.0356628 0.0689501
0 0.404156 0.691397 0.03323 0.0981866
0 0.266289 0.703917 0.0317562 0.0975369
2 0.432959 0.400901 0.0300099 0.0486825
7 0.386559 0.350678 0.0267047 0.0750896
2 0.30666 0.422401 0.0309021 0.0677911
2 0.360453 0.408415 0.026967 0.0449693
0 0.397796 0.49701 0.0191113 0.0603711
0 0.443835 0.471399 0.0180182 0.064091
3 0.266532 0.738641 0.0294704 0.0933248
2 0.423175 0.358332 0.025359 0.0382187
3 0.405004 0.732522 0.027775 0.0844252
2 0.294525 0.350375 0.0249489 0.0416311
7 0.363175 0.332402 0.0244609 0.0615291
2 0.105398 0.584821 0.0666377 0.0951296
7 0.196368 0.41959 0.0614227 0.10708
5 0.352257 0.598345 0.0571276 0.159216
3 0.399188 0.516872 0.0203291 0.0487127
7 0.415888 0.3266 0.02097 0.0601052
0 0.281115 0.410286 0.0137904 0.050638
2 0.472507 0.502979 0.0474108 0.0747153
2 0.0353581 0.715727 0.070519 0.141978
2 0.249432 0.610077 0.0593695 0.11076
2 0.0744099 0.625975 0.0765688 0.10204
2 0.366026 0.476767 0.0356628 0.0689501
0 0.404156 0.691397 0.03323 0.0981866
0 0.266289 0.703917 0.0317562 0.0975369
2 0.432959 0.400901 0.0300099 0.0486825
7 0.386559 0.350678 0.0267047 0.0750896
2 0.30666 0.422401 0.0309021 0.0677911
2 0.360453 0.408415 0.026967 0.0449693
0 0.397796 0.49701 0.0191113 0.0603711
0 0.443835 0.471399 0.0180182 0.064091
3 0.266532 0.738641 0.0294704 0.0933248
2 0.423175 0.358332 0.025359 0.0382187
3 0.405004 0.732522 0.027775 0.0844252
2 0.294525 0.350375 0.0249489 0.0416311
7 0.363175 0.332402 0.0244609 0.0615291
2 0.105398 0.584821 0.0666377 0.0951296
7 0.196368 0.41959 0.0614227 0.10708
5 0.352257 0.598345 0.0571276 0.159216
3 0.399188 0.516872 0.0203291 0.0487127
7 0.415888 0.3266 0.02097 0.0601052
0 0.281115 0.410286 0.0137904 0.050638
2 0.472507 0.502979 0.0474108 0.0747153
2 0.0353581 0.715727 0.070519 0.141978
2 0.249432 0.610077 0.0593695 0.11076
2 0.0744099 0.625975 0.0765688 0.10204
2 0.366026 0.476767 0.0356628 0.0689501
0 0.404156 0.691397 0.03323 0.0981866
0 0.266289 0.703917 0.0317562 0.0975369
2 0.432959 0.400901 0.0300099 0.0486825
7 0.386559 0.350678 0.0267047 0.0750896
2 0.30666 0.422401 0.0309021 0.0677911
2 0.360453 0.408415 0.026967 0.0449693
0 0.397796 0.49701 0.0191113 0.0603711
0 0.443835 0.471399 0.0180182 0.064091
3 0.266532 0.738641 0.0294704 0.0933248
2 0.423175 0.358332 0.025359 0.0382187
3 0.405004 0.732522 0.027775 0.0844252
2 0.294525 0.350375 0.0249489 0.0416311
7 0.363175 0.332402 0.0244609 0.0615291
2 0.105398 0.584821 0.0666377 0.0951296
7 0.196368 0.41959 0.0614227 0.10708
5 0.352257 0.598345 0.0571276 0.159216
3 0.399188 0.516872 0.0203291 0.0487127
7 0.415888 0.3266 0.02097 0.0601052
0 0.281115 0.410286 0.0137904 0.050638
2 0.472507 0.502979 0.0474108 0.0747153
2 0.0353581 0.715727 0.070519 0.141978
2 0.249432 0.610077 0.0593695 0.11076
2 0.0744099 0.625975 0.0765688 0.10204
2 0.366026 0.476767 0.0356628 0.0689501
0 0.404156 0.691397 0.03323 0.0981866
0 0.266289 0.703917 0.0317562 0.0975369
2 0.432959 0.400901 0.0300099 0.0486825
7 0.386559 0.350678 0.0267047 0.0750896
2 0.30666 0.422401 0.0309021 0.0677911
2 0.360453 0.408415 0.026967 0.0449693
0 0.397796 0.49701 0.0191113 0.0603711
0 0.443835 0.471399 0.0180182 0.064091
3 0.266532 0.738641 0.0294704 0.0933248
2 0.423175 0.358332 0.025359 0.0382187
3 0.405004 0.732522 0.027775 0.0844252
2 0.294525 0.350375 0.0249489 0.0416311
7 0.363175 0.332402 0.0244609 0.0615291
2 0.105398 0.584821 0.0666377 0.0951296
7 0.196368 0.41959 0.0614227 0.10708
5 0.352257 0.598345 0.0571276 0.159216
3 0.399188 0.516872 0.0203291 0.0487127
7 0.415888 0.3266 0.02097 0.0601052
0 0.281115 0.410286 0.0137904 0.050638
2 0.472507 0.502979 0.0474108 0.0747153
2 0.0353581 0.715727 0.070519 0.141978
2 0.249432 0.610077 0.0593695 0.11076
2 0.0744099 0.625975 0.0765688 0.10204
2 0.366026 0.476767 0.0356628 0.0689501
0 0.404156 0.691397 0.03323 0.0981866
0 0.266289 0.703917 0.0317562 0.0975369
2 0.432959 0.400901 0.0300099 0.0486825
7 0.386559 0.350678 0.0267047 0.0750896
2 0.30666 0.422401 0.0309021 0.0677911
2 0.360453 0.408415 0.026967 0.0449693
0 0.397796 0.49701 0.0191113 0.0603711
0 0.443835 0.471399 0.0180182 0.064091
3 0.266532 0.738641 0.0294704 0.0933248
2 0.423175 0.358332 0.025359 0.0382187
3 0.405004 0.732522 0.027775 0.0844252
2 0.294525 0.350375 0.0249489 0.0416311
7 0.363175 0.332402 0.0244609 0.0615291
2 0.105398 0.584821 0.0666377 0.0951296
7 0.196368 0.41959 0.0614227 0.10708
5 0.352257 0.598345 0.0571276 0.159216
3 0.399188 0.516872 0.0203291 0.0487127
7 0.415888 0.3266 0.02097 0.0601052
0 0.281115 0.410286 0.0137904 0.050638
2 0.472507 0.502979 0.0474108 0.0747153
2 0.0353581 0.715727 0.070519 0.141978
2 0.249432 0.610077 0.0593695 0.11076
2 0.0744099 0.625975 0.0765688 0.10204
2 0.366026 0.476767 0.0356628 0.0689501
0 0.404156 0.691397 0.03323 0.0981866
0 0.266289 0.703917 0.0317562 0.0975369
2 0.432959 0.400901 0.0300099 0.0486825
7 0.386559 0.350678 0.0267047 0.0750896
2 0.30666 0.422401 0.0309021 0.0677911
2 0.360453 0.408415 0.026967 0.0449693
0 0.397796 0.49701 0.0191113 0.0603711
0 0.443835 0.471399 0.0180182 0.064091
3 0.266532 0.738641 0.0294704 0.0933248
2 0.423175 0.358332 0.025359 0.0382187
3 0.405004 0.732522 0.027775 0.0844252
2 0.294525 0.350375 0.0249489 0.0416311
7 0.363175 0.332402 0.0244609 0.0615291
2 0.105398 0.584821 0.0666377 0.0951296
7 0.196368 0.41959 0.0614227 0.10708
5 0.352257 0.598345 0.0571276 0.159216
3 0.399188 0.516872 0.0203291 0.0487127
7 0.415888 0.3266 0.02097 0.0601052
0 0.281115 0.410286 0.0137904 0.050638
2 0.472507 0.502979 0.0474108 0.0747153
2 0.0353581 0.715727 0.070519 0.141978
2 0.249432 0.610077 0.0593695 0.11076
2 0.0744099 0.625975 0.0765688 0.10204
2 0.366026 0.476767 0.0356628 0.0689501
0 0.404156 0.691397 0.03323 0.0981866
0 0.266289 0.703917 0.0317562 0.0975369
2 0.432959 0.400901 0.0300099 0.0486825
7 0.386559 0.350678 0.0267047 0.0750896
2 0.30666 0.422401 0.0309021 0.0677911
2 0.360453 0.408415 0.026967 0.0449693
0 0.397796 0.49701 0.0191113 0.0603711
0 0.443835 0.471399 0.0180182 0.064091
3 0.266532 0.738641 0.0294704 0.0933248
2 0.423175 0.358332 0.025359 0.0382187
3 0.405004 0.732522 0.027775 0.0844252
2 0.294525 0.350375 0.0249489 0.0416311
7 0.363175 0.332402 0.0244609 0.0615291
2 0.105398 0.584821 0.0666377 0.0951296
7 0.196368 0.41959 0.0614227 0.10708
5 0.352257 0.598345 0.0571276 0.159216
3 0.399188 0.516872 0.0203291 0.0487127
7 0.415888 0.3266 0.02097 0.0601052
0 0.281115 0.410286 0.0137904 0.050638
2 0.472507 0.502979 0.0474108 0.0747153
2 0.0353581 0.715727 0.070519 0.141978
2 0.249432 0.610077 0.0593695 0.11076
2 0.0744099 0.625975 0.0765688 0.10204
2 0.366026 0.476767 0.0356628 0.0689501
0 0.404156 0.691397 0.03323 0.0981866
0 0.266289 0.703917 0.0317562 0.0975369
2 0.432959 0.400901 0.0300099 0.0486825
7 0.386559 0.350678 0.0267047 0.0750896
2 0.30666 0.422401 0.0309021 0.0677911
2 0.360453 0.408415 0.026967 0.0449693
0 0.397796 0.49701 0.0191113 0.0603711
0 0.443835 0.471399 0.0180182 0.064091
3 0.266532 0.738641 0.0294704 0.0933248
2 0.423175 0.358332 0.025359 0.0382187
3 0.405004 0.732522 0.027775 0.0844252
2 0.294525 0.350375 0.0249489 0.0416311
7 0.363175 0.332402 0.0244609 0.0615291
2 0.105398 0.584821 0.0666377 0.0951296
7 0.196368 0.41959 0.0614227 0.10708
5 0.352257 0.598345 0.0571276 0.159216
3 0.399188 0.516872 0.0203291 0.0487127
7 0.415888 0.3266 0.02097 0.0601052
0 0.281115 0.410286 0.0137904 0.050638
7 0.607756 0.343211 0.049004 0.0741267
2 0.873549 0.617274 0.0305 0.105411
0 0.75708 0.402274 0.0133215 0.0441366
7 0.332869 0.364639 0.0314745 0.0703172
5 0.19629 0.419571 0.0619164 0.107242
0 0.252092 0.408718 0.0115252 0.042784
2 0.17843 0.493259 0.0484985 0.0703808
5 0.610297 0.342635 0.0441284 0.07263
2 0.310452 0.32539 0.0228305 0.0312333
