2 0.508011 0.839414 0.0980078 0.159479
2 0.560788 0.699782 0.0818651 0.136344
2 0.140383 0.941279 0.140118 0.112575
2 0.463412 0.548177 0.0588106 0.0970605
2 0.88331 0.72822 0.106821 0.143589
2 0.0355043 0.721051 0.0704049 0.139067
2 0.406672 0.479681 0.0455764 0.0738649
7 0.198968 0.427127 0.0717809 0.111244
2 0.178136 0.499978 0.0494748 0.0663974
7 0.703279 0.878786 0.147635 0.231052
0 0.219483 0.737496 0.0340666 0.0960595
2 0.949554 0.689486 0.0646996 0.118836
0 0.0400043 0.923046 0.0420165 0.143305
0 0.0928755 0.813733 0.0381331 0.117347
2 0.864325 0.617308 0.0479074 0.0728929
3 0.303006 0.715263 0.0257249 0.0843183
0 0.303396 0.681135 0.0298883 0.0942198
3 0.352636 0.767617 0.0305315 0.0872552
2 0.0725348 0.629338 0.0789523 0.0997156
0 0.342916 0.64896 0.0277227 0.0982055
0 0.352961 0.721379 0.0361761 0.101155
3 0.340403 0.482647 0.0167456 0.0436139
3 0.222355 0.779632 0.0279888 0.0708659
5 0.955754 0.54874 0.0780405 0.137842
2 0.974697 0.65447 0.0476572 0.0985385
3 0.262065 0.618906 0.0245642 0.061044
0 0.386033 0.636337 0.0280339 0.104009
5 0.934344 0.516013 0.122254 0.207952
3 0.0925403 0.862727 0.035432 0.111295
0 0.261134 0.584502 0.023769 0.0617047
2 0.100023 0.59318 0.076906 0.0968726
0 0.408955 0.602553 0.0247196 0.0804942
3 0.299502 0.517578 0.0158567 0.0427258
0 0.299096 0.502508 0.0164264 0.0631905
3 0.411685 0.629506 0.0249385 0.0683994
0 0.339805 0.468509 0.0162512 0.0571509
3 0.339374 0.47388 0.0156036 0.0582803
3 0.389763 0.663793 0.0228412 0.0615557
3 0.0394119 0.969293 0.0439538 0.0604563
3 0.409587 0.607324 0.025036 0.0875648
3 0.299563 0.503079 0.0164415 0.0659762
2 0.508011 0.839414 0.0980078 0.159479
2 0.560788 0.699782 0.0818651 0.136344
2 0.140383 0.941279 0.140118 0.112575
2 0.463412 0.548177 0.0588106 0.0970605
2 0.88331 0.72822 0.106821 0.143589
2 0.0355043 0.721051 0.0704049 0.139067
2 0.406672 0.479681 0.0455764 0.0738649
7 0.198968 0.427127 0.0717809 0.111244
2 0.178136 0.499978 0.0494748 0.0663974
7 0.703279 0.878786 0.147635 0.231052
0 0.219483 0.737496 0.0340666 0.0960595
2 0.949554 0.689486 0.0646996 0.118836
0 0.0400043 0.923046 0.0420165 0.143305
0 0.0928755 0.813733 0.0381331 0.117347
2 0.864325 0.617308 0.0479074 0.0728929
3 0.303006 0.715263 0.0257249 0.0843183
0 0.303396 0.681135 0.0298883 0.0942198
3 0.352636 0.767617 0.0305315 0.0872552
2 0.0725348 0.629338 0.0789523 0.0997156
0 0.342916 0.64896 0.0277227 0.0982055
0 0.352961 0.721379 0.0361761 0.101155
3 0.340403 0.482647 0.0167456 0.0436139
3 0.222355 0.779632 0.0279888 0.0708659
5 0.955754 0.54874 0.0780405 0.137842
2 0.974697 0.65447 0.0476572 0.0985385
3 0.262065 0.618906 0.0245642 0.061044
0 0.386033 0.636337 0.0280339 0.104009
5 0.934344 0.516013 0.122254 0.207952
3 0.0925403 0.862727 0.035432 0.111295
0 0.261134 0.584502 0.023769 0.0617047
2 0.100023 0.59318 0.076906 0.0968726
0 0.408955 0.602553 0.0247196 0.0804942
3 0.299502 0.517578 0.0158567 0.0427258
0 0.299096 0.502508 0.0164264 0.0631905
3 0.411685 0.629506 0.0249385 0.0683994
0 0.339805 0.468509 0.0162512 0.0571509
3 0.339374 0.47388 0.0156036 0.0582803
3 0.389763 0.663793 0.0228412 0.0615557
3 0.0394119 0.969293 0.0439538 0.0604563
3 0.409587 0.607324 0.025036 0.0875648
3 0.299563 0.503079 0.0164415 0.0659762
2 0.508011 0.839414 0.0980078 0.159479
2 0.560788 0.699782 0.0818651 0.136344
2 0.140383 0.941279 0.140118 0.112575
2 0.463412 0.548177 0.0588106 0.0970605
2 0.88331 0.72822 0.106821 0.143589
2 0.0355043 0.721051 0.0704049 0.139067
2 0.406672 0.479681 0.0455764 0.0738649
7 0.198968 0.427127 0.0717809 0.111244
2 0.178136 0.499978 0.0494748 0.0663974
7 0.703279 0.878786 0.147635 0.231052
0 0.219483 0.737496 0.0340666 0.0960595
2 0.949554 0.689486 0.0646996 0.118836
0 0.0400043 0.923046 0.0420165 0.143305
0 0.0928755 0.813733 0.0381331 0.117347
2 0.864325 0.617308 0.0479074 0.0728929
3 0.303006 0.715263 0.0257249 0.0843183
0 0.303396 0.681135 0.0298883 0.0942198
3 0.352636 0.767617 0.0305315 0.0872552
2 0.0725348 0.629338 0.0789523 0.0997156
0 0.342916 0.64896 0.0277227 0.0982055
0 0.352961 0.721379 0.0361761 0.101155
3 0.340403 0.482647 0.0167456 0.0436139
3 0.222355 0.779632 0.0279888 0.0708659
5 0.955754 0.54874 0.0780405 0.137842
2 0.974697 0.65447 0.0476572 0.0985385
3 0.262065 0.618906 0.0245642 0.061044
0 0.386033 0.636337 0.0280339 0.104009
5 0.934344 0.516013 0.122254 0.207952
3 0.0925403 0.862727 0.035432 0.111295
0 0.261134 0.584502 0.023769 0.0617047
2 0.100023 0.59318 0.076906 0.0968726
0 0.408955 0.602553 0.0247196 0.0804942
3 0.299502 0.517578 0.0158567 0.0427258
0 0.299096 0.502508 0.0164264 0.0631905
3 0.411685 0.629506 0.0249385 0.0683994
0 0.339805 0.468509 0.0162512 0.0571509
3 0.339374 0.47388 0.0156036 0.0582803
3 0.389763 0.663793 0.0228412 0.0615557
3 0.0394119 0.969293 0.0439538 0.0604563
3 0.409587 0.607324 0.025036 0.0875648
3 0.299563 0.503079 0.0164415 0.0659762
2 0.508011 0.839414 0.0980078 0.159479
2 0.560788 0.699782 0.0818651 0.136344
2 0.140383 0.941279 0.140118 0.112575
2 0.463412 0.548177 0.0588106 0.0970605
2 0.88331 0.72822 0.106821 0.143589
2 0.0355043 0.721051 0.0704049 0.139067
2 0.406672 0.479681 0.0455764 0.0738649
7 0.198968 0.427127 0.0717809 0.111244
2 0.178136 0.499978 0.0494748 0.0663974
7 0.703279 0.878786 0.147635 0.231052
0 0.219483 0.737496 0.0340666 0.0960595
2 0.949554 0.689486 0.0646996 0.118836
0 0.0400043 0.923046 0.0420165 0.143305
0 0.0928755 0.813733 0.0381331 0.117347
2 0.864325 0.617308 0.0479074 0.0728929
3 0.303006 0.715263 0.0257249 0.0843183
0 0.303396 0.681135 0.0298883 0.0942198
3 0.352636 0.767617 0.0305315 0.0872552
2 0.0725348 0.629338 0.0789523 0.0997156
0 0.342916 0.64896 0.0277227 0.0982055
0 0.352961 0.721379 0.0361761 0.101155
3 0.340403 0.482647 0.0167456 0.0436139
3 0.222355 0.779632 0.0279888 0.0708659
5 0.955754 0.54874 0.0780405 0.137842
2 0.974697 0.65447 0.0476572 0.0985385
3 0.262065 0.618906 0.0245642 0.061044
0 0.386033 0.636337 0.0280339 0.104009
5 0.934344 0.516013 0.122254 0.207952
3 0.0925403 0.862727 0.035432 0.111295
0 0.261134 0.584502 0.023769 0.0617047
2 0.100023 0.59318 0.076906 0.0968726
0 0.408955 0.602553 0.0247196 0.0804942
3 0.299502 0.517578 0.0158567 0.0427258
0 0.299096 0.502508 0.0164264 0.0631905
3 0.411685 0.629506 0.0249385 0.0683994
0 0.339805 0.468509 0.0162512 0.0571509
3 0.339374 0.47388 0.0156036 0.0582803
3 0.389763 0.663793 0.0228412 0.0615557
3 0.0394119 0.969293 0.0439538 0.0604563
3 0.409587 0.607324 0.025036 0.0875648
3 0.299563 0.503079 0.0164415 0.0659762
2 0.508011 0.839414 0.0980078 0.159479
2 0.560788 0.699782 0.0818651 0.136344
2 0.140383 0.941279 0.140118 0.112575
2 0.463412 0.548177 0.0588106 0.0970605
2 0.88331 0.72822 0.106821 0.143589
2 0.0355043 0.721051 0.0704049 0.139067
2 0.406672 0.479681 0.0455764 0.0738649
7 0.198968 0.427127 0.0717809 0.111244
2 0.178136 0.499978 0.0494748 0.0663974
7 0.703279 0.878786 0.147635 0.231052
0 0.219483 0.737496 0.0340666 0.0960595
2 0.949554 0.689486 0.0646996 0.118836
0 0.0400043 0.923046 0.0420165 0.143305
0 0.0928755 0.813733 0.0381331 0.117347
2 0.864325 0.617308 0.0479074 0.0728929
3 0.303006 0.715263 0.0257249 0.0843183
0 0.303396 0.681135 0.0298883 0.0942198
3 0.352636 0.767617 0.0305315 0.0872552
2 0.0725348 0.629338 0.0789523 0.0997156
0 0.342916 0.64896 0.0277227 0.0982055
0 0.352961 0.721379 0.0361761 0.101155
3 0.340403 0.482647 0.0167456 0.0436139
3 0.222355 0.779632 0.0279888 0.0708659
5 0.955754 0.54874 0.0780405 0.137842
2 0.974697 0.65447 0.0476572 0.0985385
3 0.262065 0.618906 0.0245642 0.061044
0 0.386033 0.636337 0.0280339 0.104009
5 0.934344 0.516013 0.122254 0.207952
3 0.0925403 0.862727 0.035432 0.111295
0 0.261134 0.584502 0.023769 0.0617047
2 0.100023 0.59318 0.076906 0.0968726
0 0.408955 0.602553 0.0247196 0.0804942
3 0.299502 0.517578 0.0158567 0.0427258
0 0.299096 0.502508 0.0164264 0.0631905
3 0.411685 0.629506 0.0249385 0.0683994
0 0.339805 0.468509 0.0162512 0.0571509
3 0.339374 0.47388 0.0156036 0.0582803
3 0.389763 0.663793 0.0228412 0.0615557
3 0.0394119 0.969293 0.0439538 0.0604563
3 0.409587 0.607324 0.025036 0.0875648
3 0.299563 0.503079 0.0164415 0.0659762
2 0.508011 0.839414 0.0980078 0.159479
2 0.560788 0.699782 0.0818651 0.136344
2 0.140383 0.941279 0.140118 0.112575
2 0.463412 0.548177 0.0588106 0.0970605
2 0.88331 0.72822 0.106821 0.143589
2 0.0355043 0.721051 0.0704049 0.139067
2 0.406672 0.479681 0.0455764 0.0738649
7 0.198968 0.427127 0.0717809 0.111244
2 0.178136 0.499978 0.0494748 0.0663974
7 0.703279 0.878786 0.147635 0.231052
0 0.219483 0.737496 0.0340666 0.0960595
2 0.949554 0.689486 0.0646996 0.118836
0 0.0400043 0.923046 0.0420165 0.143305
0 0.0928755 0.813733 0.0381331 0.117347
2 0.864325 0.617308 0.0479074 0.0728929
3 0.303006 0.715263 0.0257249 0.0843183
0 0.303396 0.681135 0.0298883 0.0942198
3 0.352636 0.767617 0.0305315 0.0872552
2 0.0725348 0.629338 0.0789523 0.0997156
0 0.342916 0.64896 0.0277227 0.0982055
0 0.352961 0.721379 0.0361761 0.101155
3 0.340403 0.482647 0.0167456 0.0436139
3 0.222355 0.779632 0.0279888 0.0708659
5 0.955754 0.54874 0.0780405 0.137842
2 0.974697 0.65447 0.0476572 0.0985385
3 0.262065 0.618906 0.0245642 0.061044
0 0.386033 0.636337 0.0280339 0.104009
5 0.934344 0.516013 0.122254 0.207952
3 0.0925403 0.862727 0.035432 0.111295
0 0.261134 0.584502 0.023769 0.0617047
2 0.100023 0.59318 0.076906 0.0968726
0 0.408955 0.602553 0.0247196 0.0804942
3 0.299502 0.517578 0.0158567 0.0427258
0 0.299096 0.502508 0.0164264 0.0631905
3 0.411685 0.629506 0.0249385 0.0683994
0 0.339805 0.468509 0.0162512 0.0571509
3 0.339374 0.47388 0.0156036 0.0582803
3 0.389763 0.663793 0.0228412 0.0615557
3 0.0394119 0.969293 0.0439538 0.0604563
3 0.409587 0.607324 0.025036 0.0875648
3 0.299563 0.503079 0.0164415 0.0659762
2 0.508011 0.839414 0.0980078 0.159479
2 0.560788 0.699782 0.0818651 0.136344
2 0.140383 0.941279 0.140118 0.112575
2 0.463412 0.548177 0.0588106 0.0970605
2 0.88331 0.72822 0.106821 0.143589
2 0.0355043 0.721051 0.0704049 0.139067
2 0.406672 0.479681 0.0455764 0.0738649
7 0.198968 0.427127 0.0717809 0.111244
2 0.178136 0.499978 0.0494748 0.0663974
7 0.703279 0.878786 0.147635 0.231052
0 0.219483 0.737496 0.0340666 0.0960595
2 0.949554 0.689486 0.0646996 0.118836
0 0.0400043 0.923046 0.0420165 0.143305
0 0.0928755 0.813733 0.0381331 0.117347
2 0.864325 0.617308 0.0479074 0.0728929
3 0.303006 0.715263 0.0257249 0.0843183
0 0.303396 0.681135 0.0298883 0.0942198
3 0.352636 0.767617 0.0305315 0.0872552
2 0.0725348 0.629338 0.0789523 0.0997156
0 0.342916 0.64896 0.0277227 0.0982055
0 0.352961 0.721379 0.0361761 0.101155
3 0.340403 0.482647 0.0167456 0.0436139
3 0.222355 0.779632 0.0279888 0.0708659
5 0.955754 0.54874 0.0780405 0.137842
2 0.974697 0.65447 0.0476572 0.0985385
3 0.262065 0.618906 0.0245642 0.061044
0 0.386033 0.636337 0.0280339 0.104009
5 0.934344 0.516013 0.122254 0.207952
3 0.0925403 0.862727 0.035432 0.111295
0 0.261134 0.584502 0.023769 0.0617047
2 0.100023 0.59318 0.076906 0.0968726
0 0.408955 0.602553 0.0247196 0.0804942
3 0.299502 0.517578 0.0158567 0.0427258
0 0.299096 0.502508 0.0164264 0.0631905
3 0.411685 0.629506 0.0249385 0.0683994
0 0.339805 0.468509 0.0162512 0.0571509
3 0.339374 0.47388 0.0156036 0.0582803
3 0.389763 0.663793 0.0228412 0.0615557
3 0.0394119 0.969293 0.0439538 0.0604563
3 0.409587 0.607324 0.025036 0.0875648
3 0.299563 0.503079 0.0164415 0.0659762
2 0.508228 0.840811 0.099317 0.161304
2 0.14053 0.941569 0.138014 0.113629
2 0.561129 0.69961 0.0813019 0.135745
2 0.885323 0.724485 0.101367 0.143408
2 0.0353486 0.721798 0.070203 0.139072
2 0.463194 0.547896 0.0589748 0.0956185
2 0.406877 0.480504 0.045293 0.0722936
2 0.0735003 0.629779 0.0773499 0.097401
5 0.954314 0.53717 0.0746254 0.113996
2 0.950123 0.683154 0.0656317 0.114697
2 0.17785 0.498456 0.0481021 0.0691004
0 0.219751 0.737049 0.0338065 0.0945604
0 0.302717 0.681064 0.0290782 0.0928521
3 0.352062 0.766806 0.0293148 0.0860089
0 0.352205 0.72183 0.036452 0.101932
0 0.0932484 0.812391 0.0388452 0.113732
3 0.261603 0.618552 0.0241345 0.0592846
0 0.385915 0.623203 0.0272799 0.0738484
3 0.222751 0.778772 0.0271848 0.0740431
2 0.865589 0.616917 0.0455576 0.0673238
0 0.261555 0.585339 0.0234959 0.0644746
2 0.974123 0.651873 0.0447266 0.101101
2 0.103651 0.592289 0.0693864 0.0963579
3 0.302949 0.718658 0.0254447 0.0738458
0 0.34295 0.643224 0.029194 0.0835732
7 0.196335 0.426101 0.0611943 0.107326
7 0.702861 0.878476 0.146903 0.229094
3 0.339845 0.48272 0.015694 0.0429394
0 0.0870151 0.70678 0.0273782 0.0989005
0 0.0402286 0.92117 0.0422207 0.139497
3 0.410803 0.625453 0.0228554 0.0656857
2 0.508228 0.840811 0.099317 0.161304
2 0.14053 0.941569 0.138014 0.113629
2 0.561129 0.69961 0.0813019 0.135745
2 0.885323 0.724485 0.101367 0.143408
2 0.0353486 0.721798 0.070203 0.139072
2 0.463194 0.547896 0.0589748 0.0956185
2 0.406877 0.480504 0.045293 0.0722936
2 0.0735003 0.629779 0.0773499 0.097401
5 0.954314 0.53717 0.0746254 0.113996
2 0.950123 0.683154 0.0656317 0.114697
2 0.17785 0.498456 0.0481021 0.0691004
0 0.219751 0.737049 0.0338065 0.0945604
0 0.302717 0.681064 0.0290782 0.0928521
3 0.352062 0.766806 0.0293148 0.0860089
0 0.352205 0.72183 0.036452 0.101932
0 0.0932484 0.812391 0.0388452 0.113732
3 0.261603 0.618552 0.0241345 0.0592846
0 0.385915 0.623203 0.0272799 0.0738484
3 0.222751 0.778772 0.0271848 0.0740431
2 0.865589 0.616917 0.0455576 0.0673238
0 0.261555 0.585339 0.0234959 0.0644746
2 0.974123 0.651873 0.0447266 0.101101
2 0.103651 0.592289 0.0693864 0.0963579
3 0.302949 0.718658 0.0254447 0.0738458
0 0.34295 0.643224 0.029194 0.0835732
7 0.196335 0.426101 0.0611943 0.107326
7 0.702861 0.878476 0.146903 0.229094
3 0.339845 0.48272 0.015694 0.0429394
0 0.0870151 0.70678 0.0273782 0.0989005
0 0.0402286 0.92117 0.0422207 0.139497
3 0.410803 0.625453 0.0228554 0.0656857
