2 0.546807 0.696039 0.0809218 0.127478
2 0.272698 0.550635 0.0622914 0.1015
2 0.03573 0.714741 0.0707152 0.138668
2 0.462536 0.46276 0.041259 0.0656243
2 0.949424 0.585676 0.0811077 0.0965513
7 0.381996 0.771541 0.105965 0.275539
2 0.304927 0.454129 0.0386179 0.0575189
2 0.273571 0.932263 0.116541 0.130534
2 0.0732818 0.627407 0.0798922 0.104607
7 0.195947 0.417822 0.0683874 0.10197
7 0.414072 0.499774 0.0506586 0.147367
5 0.736118 0.388735 0.0983713 0.12252
7 0.364643 0.400297 0.0353905 0.0948859
2 0.296669 0.411081 0.0300969 0.0560018
0 0.131056 0.76126 0.0378358 0.1175
0 0.209691 0.52368 0.0175649 0.0719469
2 0.103839 0.586026 0.0691405 0.0965464
0 0.933403 0.506288 0.0244987 0.065486
2 0.178698 0.492081 0.0465858 0.0707914
7 0.884867 0.724844 0.0965855 0.151469
3 0.130887 0.790344 0.0378147 0.101154
2 0.338023 0.34093 0.0200236 0.0372075
7 0.0972868 0.931738 0.138863 0.131601
7 0.426915 0.386391 0.0291365 0.110085
2 0.99547 0.511719 0.00847435 0.0516619
2 0.889886 0.728148 0.0843676 0.15024
2 0.0972975 0.932326 0.138695 0.132284
0 0.293365 0.31765 0.00871549 0.0336567
7 0.383333 0.335445 0.0252448 0.0632807
3 0.309806 0.345858 0.0135674 0.0429091
2 0.643932 0.363234 0.0245289 0.0340677
7 0.362218 0.28101 0.0253113 0.0511912
2 0.403771 0.315884 0.0206368 0.022624
2 0.310052 0.309084 0.0150167 0.0345176
2 0.546807 0.696039 0.0809218 0.127478
2 0.272698 0.550635 0.0622914 0.1015
2 0.03573 0.714741 0.0707152 0.138668
2 0.462536 0.46276 0.041259 0.0656243
2 0.949424 0.585676 0.0811077 0.0965513
7 0.381996 0.771541 0.105965 0.275539
2 0.304927 0.454129 0.0386179 0.0575189
2 0.273571 0.932263 0.116541 0.130534
2 0.0732818 0.627407 0.0798922 0.104607
7 0.195947 0.417822 0.0683874 0.10197
7 0.414072 0.499774 0.0506586 0.147367
5 0.736118 0.388735 0.0983713 0.12252
7 0.364643 0.400297 0.0353905 0.0948859
2 0.296669 0.411081 0.0300969 0.0560018
0 0.131056 0.76126 0.0378358 0.1175
0 0.209691 0.52368 0.0175649 0.0719469
2 0.103839 0.586026 0.0691405 0.0965464
0 0.933403 0.506288 0.0244987 0.065486
2 0.178698 0.492081 0.0465858 0.0707914
7 0.884867 0.724844 0.0965855 0.151469
3 0.130887 0.790344 0.0378147 0.101154
2 0.338023 0.34093 0.0200236 0.0372075
7 0.0972868 0.931738 0.138863 0.131601
7 0.426915 0.386391 0.0291365 0.110085
2 0.99547 0.511719 0.00847435 0.0516619
2 0.889886 0.728148 0.0843676 0.15024
2 0.0972975 0.932326 0.138695 0.132284
0 0.293365 0.31765 0.00871549 0.0336567
7 0.383333 0.335445 0.0252448 0.0632807
3 0.309806 0.345858 0.0135674 0.0429091
2 0.643932 0.363234 0.0245289 0.0340677
7 0.362218 0.28101 0.0253113 0.0511912
2 0.403771 0.315884 0.0206368 0.022624
2 0.310052 0.309084 0.0150167 0.0345176
2 0.546807 0.696039 0.0809218 0.127478
2 0.272698 0.550635 0.0622914 0.1015
2 0.03573 0.714741 0.0707152 0.138668
2 0.462536 0.46276 0.041259 0.0656243
2 0.949424 0.585676 0.0811077 0.0965513
7 0.381996 0.771541 0.105965 0.275539
2 0.304927 0.454129 0.0386179 0.0575189
2 0.273571 0.932263 0.116541 0.130534
2 0.0732818 0.627407 0.0798922 0.104607
7 0.195947 0.417822 0.0683874 0.10197
7 0.414072 0.499774 0.0506586 0.147367
5 0.736118 0.388735 0.0983713 0.12252
7 0.364643 0.400297 0.0353905 0.0948859
2 0.296669 0.411081 0.0300969 0.0560018
0 0.131056 0.76126 0.0378358 0.1175
0 0.209691 0.52368 0.0175649 0.0719469
2 0.103839 0.586026 0.0691405 0.0965464
0 0.933403 0.506288 0.0244987 0.065486
2 0.178698 0.492081 0.0465858 0.0707914
7 0.884867 0.724844 0.0965855 0.151469
3 0.130887 0.790344 0.0378147 0.101154
2 0.338023 0.34093 0.0200236 0.0372075
7 0.0972868 0.931738 0.138863 0.131601
7 0.426915 0.386391 0.0291365 0.110085
2 0.99547 0.511719 0.00847435 0.0516619
2 0.889886 0.728148 0.0843676 0.15024
2 0.0972975 0.932326 0.138695 0.132284
0 0.293365 0.31765 0.00871549 0.0336567
7 0.383333 0.335445 0.0252448 0.0632807
3 0.309806 0.345858 0.0135674 0.0429091
2 0.643932 0.363234 0.0245289 0.0340677
7 0.362218 0.28101 0.0253113 0.0511912
2 0.403771 0.315884 0.0206368 0.022624
2 0.310052 0.309084 0.0150167 0.0345176
2 0.546807 0.696039 0.0809218 0.127478
2 0.272698 0.550635 0.0622914 0.1015
2 0.03573 0.714741 0.0707152 0.138668
2 0.462536 0.46276 0.041259 0.0656243
2 0.949424 0.585676 0.0811077 0.0965513
7 0.381996 0.771541 0.105965 0.275539
2 0.304927 0.454129 0.0386179 0.0575189
2 0.273571 0.932263 0.116541 0.130534
2 0.0732818 0.627407 0.0798922 0.104607
7 0.195947 0.417822 0.0683874 0.10197
7 0.414072 0.499774 0.0506586 0.147367
5 0.736118 0.388735 0.0983713 0.12252
7 0.364643 0.400297 0.0353905 0.0948859
2 0.296669 0.411081 0.0300969 0.0560018
0 0.131056 0.76126 0.0378358 0.1175
0 0.209691 0.52368 0.0175649 0.0719469
2 0.103839 0.586026 0.0691405 0.0965464
0 0.933403 0.506288 0.0244987 0.065486
2 0.178698 0.492081 0.0465858 0.0707914
7 0.884867 0.724844 0.0965855 0.151469
3 0.130887 0.790344 0.0378147 0.101154
2 0.338023 0.34093 0.0200236 0.0372075
7 0.0972868 0.931738 0.138863 0.131601
7 0.426915 0.386391 0.0291365 0.110085
2 0.99547 0.511719 0.00847435 0.0516619
2 0.889886 0.728148 0.0843676 0.15024
2 0.0972975 0.932326 0.138695 0.132284
0 0.293365 0.31765 0.00871549 0.0336567
7 0.383333 0.335445 0.0252448 0.0632807
3 0.309806 0.345858 0.0135674 0.0429091
2 0.643932 0.363234 0.0245289 0.0340677
7 0.362218 0.28101 0.0253113 0.0511912
2 0.403771 0.315884 0.0206368 0.022624
2 0.310052 0.309084 0.0150167 0.0345176
2 0.546807 0.696039 0.0809218 0.127478
2 0.272698 0.550635 0.0622914 0.1015
2 0.03573 0.714741 0.0707152 0.138668
2 0.462536 0.46276 0.041259 0.0656243
2 0.949424 0.585676 0.0811077 0.0965513
7 0.381996 0.771541 0.105965 0.275539
2 0.304927 0.454129 0.0386179 0.0575189
2 0.273571 0.932263 0.116541 0.130534
2 0.0732818 0.627407 0.0798922 0.104607
7 0.195947 0.417822 0.0683874 0.10197
7 0.414072 0.499774 0.0506586 0.147367
5 0.736118 0.388735 0.0983713 0.12252
7 0.364643 0.400297 0.0353905 0.0948859
2 0.296669 0.411081 0.0300969 0.0560018
0 0.131056 0.76126 0.0378358 0.1175
0 0.209691 0.52368 0.0175649 0.0719469
2 0.103839 0.586026 0.0691405 0.0965464
0 0.933403 0.506288 0.0244987 0.065486
2 0.178698 0.492081 0.0465858 0.0707914
7 0.884867 0.724844 0.0965855 0.151469
3 0.130887 0.790344 0.0378147 0.101154
2 0.338023 0.34093 0.0200236 0.0372075
7 0.0972868 0.931738 0.138863 0.131601
7 0.426915 0.386391 0.0291365 0.110085
2 0.99547 0.511719 0.00847435 0.0516619
2 0.889886 0.728148 0.0843676 0.15024
2 0.0972975 0.932326 0.138695 0.132284
0 0.293365 0.31765 0.00871549 0.0336567
7 0.383333 0.335445 0.0252448 0.0632807
3 0.309806 0.345858 0.0135674 0.0429091
2 0.643932 0.363234 0.0245289 0.0340677
7 0.362218 0.28101 0.0253113 0.0511912
2 0.403771 0.315884 0.0206368 0.022624
2 0.310052 0.309084 0.0150167 0.0345176
2 0.546807 0.696039 0.0809218 0.127478
2 0.272698 0.550635 0.0622914 0.1015
2 0.03573 0.714741 0.0707152 0.138668
2 0.462536 0.46276 0.041259 0.0656243
2 0.949424 0.585676 0.0811077 0.0965513
7 0.381996 0.771541 0.105965 0.275539
2 0.304927 0.454129 0.0386179 0.0575189
2 0.273571 0.932263 0.116541 0.130534
2 0.0732818 0.627407 0.0798922 0.104607
7 0.195947 0.417822 0.0683874 0.10197
7 0.414072 0.499774 0.0506586 0.147367
5 0.736118 0.388735 0.0983713 0.12252
7 0.364643 0.400297 0.0353905 0.0948859
2 0.296669 0.411081 0.0300969 0.0560018
0 0.131056 0.76126 0.0378358 0.1175
0 0.209691 0.52368 0.0175649 0.0719469
2 0.103839 0.586026 0.0691405 0.0965464
0 0.933403 0.506288 0.0244987 0.065486
2 0.178698 0.492081 0.0465858 0.0707914
7 0.884867 0.724844 0.0965855 0.151469
3 0.130887 0.790344 0.0378147 0.101154
2 0.338023 0.34093 0.0200236 0.0372075
7 0.0972868 0.931738 0.138863 0.131601
7 0.426915 0.386391 0.0291365 0.110085
2 0.99547 0.511719 0.00847435 0.0516619
2 0.889886 0.728148 0.0843676 0.15024
2 0.0972975 0.932326 0.138695 0.132284
0 0.293365 0.31765 0.00871549 0.0336567
7 0.383333 0.335445 0.0252448 0.0632807
3 0.309806 0.345858 0.0135674 0.0429091
2 0.643932 0.363234 0.0245289 0.0340677
7 0.362218 0.28101 0.0253113 0.0511912
2 0.403771 0.315884 0.0206368 0.022624
2 0.310052 0.309084 0.0150167 0.0345176
2 0.546807 0.696039 0.0809218 0.127478
2 0.272698 0.550635 0.0622914 0.1015
2 0.03573 0.714741 0.0707152 0.138668
2 0.462536 0.46276 0.041259 0.0656243
2 0.949424 0.585676 0.0811077 0.0965513
7 0.381996 0.771541 0.105965 0.275539
2 0.304927 0.454129 0.0386179 0.0575189
2 0.273571 0.932263 0.116541 0.130534
2 0.0732818 0.627407 0.0798922 0.104607
7 0.195947 0.417822 0.0683874 0.10197
7 0.414072 0.499774 0.0506586 0.147367
5 0.736118 0.388735 0.0983713 0.12252
7 0.364643 0.400297 0.0353905 0.0948859
2 0.296669 0.411081 0.0300969 0.0560018
0 0.131056 0.76126 0.0378358 0.1175
0 0.209691 0.52368 0.0175649 0.0719469
2 0.103839 0.586026 0.0691405 0.0965464
0 0.933403 0.506288 0.0244987 0.065486
2 0.178698 0.492081 0.0465858 0.0707914
7 0.884867 0.724844 0.0965855 0.151469
3 0.130887 0.790344 0.0378147 0.101154
2 0.338023 0.34093 0.0200236 0.0372075
7 0.0972868 0.931738 0.138863 0.131601
7 0.426915 0.386391 0.0291365 0.110085
2 0.99547 0.511719 0.00847435 0.0516619
2 0.889886 0.728148 0.0843676 0.15024
2 0.0972975 0.932326 0.138695 0.132284
0 0.293365 0.31765 0.00871549 0.0336567
7 0.383333 0.335445 0.0252448 0.0632807
3 0.309806 0.345858 0.0135674 0.0429091
2 0.643932 0.363234 0.0245289 0.0340677
7 0.362218 0.28101 0.0253113 0.0511912
2 0.403771 0.315884 0.0206368 0.022624
2 0.310052 0.309084 0.0150167 0.0345176
7 0.413896 0.497124 0.0491157 0.140376
2 0.546919 0.696784 0.0807228 0.128743
2 0.272036 0.550656 0.0612789 0.0996468
2 0.949983 0.587905 0.0786188 0.0995453
7 0.382037 0.771659 0.106306 0.276904
2 0.0352248 0.716125 0.069958 0.139486
5 0.73629 0.388551 0.0975877 0.114903
2 0.462773 0.46247 0.0420651 0.0654436
7 0.364292 0.396022 0.0346704 0.103438
2 0.274053 0.932483 0.116058 0.131287
2 0.0737958 0.626601 0.0772691 0.103854
7 0.427162 0.397374 0.0312613 0.0840013
0 0.130085 0.758967 0.0356632 0.111774
0 0.209737 0.52287 0.0186322 0.0678585
2 0.305527 0.453567 0.0374337 0.0535897
7 0.383087 0.335748 0.0244003 0.0655958
2 0.894472 0.727723 0.077243 0.147224
3 0.130268 0.790105 0.0352779 0.0936852
0 0.932992 0.505351 0.0238953 0.0659355
7 0.196834 0.418524 0.0614309 0.103629
2 0.103488 0.58667 0.0686338 0.0963713
7 0.413896 0.497124 0.0491157 0.140376
2 0.546919 0.696784 0.0807228 0.128743
2 0.272036 0.550656 0.0612789 0.0996468
2 0.949983 0.587905 0.0786188 0.0995453
7 0.382037 0.771659 0.106306 0.276904
2 0.0352248 0.716125 0.069958 0.139486
5 0.73629 0.388551 0.0975877 0.114903
2 0.462773 0.46247 0.0420651 0.0654436
7 0.364292 0.396022 0.0346704 0.103438
2 0.274053 0.932483 0.116058 0.131287
2 0.0737958 0.626601 0.0772691 0.103854
7 0.427162 0.397374 0.0312613 0.0840013
0 0.130085 0.758967 0.0356632 0.111774
0 0.209737 0.52287 0.0186322 0.0678585
2 0.305527 0.453567 0.0374337 0.0535897
7 0.383087 0.335748 0.0244003 0.0655958
2 0.894472 0.727723 0.077243 0.147224
3 0.130268 0.790105 0.0352779 0.0936852
0 0.932992 0.505351 0.0238953 0.0659355
7 0.196834 0.418524 0.0614309 0.103629
2 0.103488 0.58667 0.0686338 0.0963713
