2 0.483998 0.809879 0.0951412 0.153609
2 0.250856 0.818387 0.107898 0.174703
2 0.448566 0.630849 0.0671209 0.106734
2 0.433976 0.5197 0.0483891 0.074006
2 0.259446 0.631923 0.0666054 0.10653
2 0.103968 0.865108 0.115294 0.184927
7 0.35569 0.656374 0.0692009 0.199748
7 0.196729 0.423492 0.0641043 0.105603
2 0.461266 0.473656 0.0430332 0.0684791
2 0.0354902 0.721877 0.0709803 0.144725
2 0.920931 0.764141 0.109516 0.16329
2 0.339614 0.904757 0.100125 0.16044
7 0.52321 0.545085 0.0597227 0.1492
7 0.59092 0.660667 0.131815 0.293465
2 0.07276 0.631148 0.0769166 0.105324
2 0.177858 0.499286 0.0484831 0.0676325
2 0.417103 0.397202 0.0324293 0.0526794
0 0.12527 0.700809 0.0327205 0.0865566
0 0.177866 0.68368 0.0280009 0.090293
0 0.266017 0.546546 0.0215351 0.0643901
3 0.177488 0.721547 0.028606 0.0688256
2 0.0145912 0.817901 0.0290561 0.122733
3 0.206556 0.662553 0.0250521 0.0999675
5 0.591086 0.660908 0.132102 0.292747
0 0.110493 0.661675 0.0246984 0.0739917
0 0.183638 0.627412 0.0250662 0.0801531
0 0.0949478 0.739767 0.0380964 0.0682404
2 0.394234 0.354997 0.0254625 0.0396696
3 0.290649 0.482387 0.0151926 0.0403618
2 0.555231 0.982398 0.120432 0.0337058
5 0.972211 0.644989 0.0548214 0.408811
5 0.972171 0.571738 0.0548948 0.269133
3 0.334207 0.511618 0.0187469 0.0496124
0 0.205688 0.551145 0.0196441 0.0755419
0 0.394528 0.458555 0.0162268 0.0628596
3 0.123821 0.737945 0.0315065 0.0711633
3 0.394976 0.465109 0.0160399 0.0517741
7 0.0618117 0.961293 0.123124 0.0731369
0 0.953605 0.642489 0.0166943 0.0473083
3 0.290773 0.472046 0.0155753 0.0605241
0 0.381599 0.428788 0.0147277 0.0522273
7 0.734133 0.394211 0.0313358 0.0545745
3 0.205533 0.56723 0.0189004 0.0560484
3 0.303238 0.404579 0.0132081 0.0468424
2 0.957352 0.679416 0.0321672 0.0589362
0 0.346544 0.358177 0.0101734 0.0389801
7 0.177969 0.49938 0.0489842 0.0678369
5 0.901481 0.566013 0.0861889 0.166573
3 0.332876 0.5025 0.0185143 0.0618447
0 0.164259 0.603999 0.0205803 0.0422813
0 0.291094 0.466675 0.0150813 0.0535967
2 0.734031 0.393539 0.0310652 0.0549562
3 0.266505 0.549279 0.021475 0.0624195
0 0.115952 0.593674 0.0173074 0.0909613
0 0.320377 0.268708 0.00698643 0.0329648
0 0.164148 0.627187 0.0216309 0.0837814
0 0.861368 0.670308 0.028689 0.0577764
3 0.164276 0.640714 0.02361 0.0680592
3 0.176668 0.706635 0.0300597 0.0927147
2 0.483998 0.809879 0.0951412 0.153609
2 0.250856 0.818387 0.107898 0.174703
2 0.448566 0.630849 0.0671209 0.106734
2 0.433976 0.5197 0.0483891 0.074006
2 0.259446 0.631923 0.0666054 0.10653
2 0.103968 0.865108 0.115294 0.184927
7 0.35569 0.656374 0.0692009 0.199748
7 0.196729 0.423492 0.0641043 0.105603
2 0.461266 0.473656 0.0430332 0.0684791
2 0.0354902 0.721877 0.0709803 0.144725
2 0.920931 0.764141 0.109516 0.16329
2 0.339614 0.904757 0.100125 0.16044
7 0.52321 0.545085 0.0597227 0.1492
7 0.59092 0.660667 0.131815 0.293465
2 0.07276 0.631148 0.0769166 0.105324
2 0.177858 0.499286 0.0484831 0.0676325
2 0.417103 0.397202 0.0324293 0.0526794
0 0.12527 0.700809 0.0327205 0.0865566
0 0.177866 0.68368 0.0280009 0.090293
0 0.266017 0.546546 0.0215351 0.0643901
3 0.177488 0.721547 0.028606 0.0688256
2 0.0145912 0.817901 0.0290561 0.122733
3 0.206556 0.662553 0.0250521 0.0999675
5 0.591086 0.660908 0.132102 0.292747
0 0.110493 0.661675 0.0246984 0.0739917
0 0.183638 0.627412 0.0250662 0.0801531
0 0.0949478 0.739767 0.0380964 0.0682404
2 0.394234 0.354997 0.0254625 0.0396696
3 0.290649 0.482387 0.0151926 0.0403618
2 0.555231 0.982398 0.120432 0.0337058
5 0.972211 0.644989 0.0548214 0.408811
5 0.972171 0.571738 0.0548948 0.269133
3 0.334207 0.511618 0.0187469 0.0496124
0 0.205688 0.551145 0.0196441 0.0755419
0 0.394528 0.458555 0.0162268 0.0628596
3 0.123821 0.737945 0.0315065 0.0711633
3 0.394976 0.465109 0.0160399 0.0517741
7 0.0618117 0.961293 0.123124 0.0731369
0 0.953605 0.642489 0.0166943 0.0473083
3 0.290773 0.472046 0.0155753 0.0605241
0 0.381599 0.428788 0.0147277 0.0522273
7 0.734133 0.394211 0.0313358 0.0545745
3 0.205533 0.56723 0.0189004 0.0560484
3 0.303238 0.404579 0.0132081 0.0468424
2 0.957352 0.679416 0.0321672 0.0589362
0 0.346544 0.358177 0.0101734 0.0389801
7 0.177969 0.49938 0.0489842 0.0678369
5 0.901481 0.566013 0.0861889 0.166573
3 0.332876 0.5025 0.0185143 0.0618447
0 0.164259 0.603999 0.0205803 0.0422813
0 0.291094 0.466675 0.0150813 0.0535967
2 0.734031 0.393539 0.0310652 0.0549562
3 0.266505 0.549279 0.021475 0.0624195
0 0.115952 0.593674 0.0173074 0.0909613
0 0.320377 0.268708 0.00698643 0.0329648
0 0.164148 0.627187 0.0216309 0.0837814
0 0.861368 0.670308 0.028689 0.0577764
3 0.164276 0.640714 0.02361 0.0680592
3 0.176668 0.706635 0.0300597 0.0927147
2 0.483998 0.809879 0.0951412 0.153609
2 0.250856 0.818387 0.107898 0.174703
2 0.448566 0.630849 0.0671209 0.106734
2 0.433976 0.5197 0.0483891 0.074006
2 0.259446 0.631923 0.0666054 0.10653
2 0.103968 0.865108 0.115294 0.184927
7 0.35569 0.656374 0.0692009 0.199748
7 0.196729 0.423492 0.0641043 0.105603
2 0.461266 0.473656 0.0430332 0.0684791
2 0.0354902 0.721877 0.0709803 0.144725
2 0.920931 0.764141 0.109516 0.16329
2 0.339614 0.904757 0.100125 0.16044
7 0.52321 0.545085 0.0597227 0.1492
7 0.59092 0.660667 0.131815 0.293465
2 0.07276 0.631148 0.0769166 0.105324
2 0.177858 0.499286 0.0484831 0.0676325
2 0.417103 0.397202 0.0324293 0.0526794
0 0.12527 0.700809 0.0327205 0.0865566
0 0.177866 0.68368 0.0280009 0.090293
0 0.266017 0.546546 0.0215351 0.0643901
3 0.177488 0.721547 0.028606 0.0688256
2 0.0145912 0.817901 0.0290561 0.122733
3 0.206556 0.662553 0.0250521 0.0999675
5 0.591086 0.660908 0.132102 0.292747
0 0.110493 0.661675 0.0246984 0.0739917
0 0.183638 0.627412 0.0250662 0.0801531
0 0.0949478 0.739767 0.0380964 0.0682404
2 0.394234 0.354997 0.0254625 0.0396696
3 0.290649 0.482387 0.0151926 0.0403618
2 0.555231 0.982398 0.120432 0.0337058
5 0.972211 0.644989 0.0548214 0.408811
5 0.972171 0.571738 0.0548948 0.269133
3 0.334207 0.511618 0.0187469 0.0496124
0 0.205688 0.551145 0.0196441 0.0755419
0 0.394528 0.458555 0.0162268 0.0628596
3 0.123821 0.737945 0.0315065 0.0711633
3 0.394976 0.465109 0.0160399 0.0517741
7 0.0618117 0.961293 0.123124 0.0731369
0 0.953605 0.642489 0.0166943 0.0473083
3 0.290773 0.472046 0.0155753 0.0605241
0 0.381599 0.428788 0.0147277 0.0522273
7 0.734133 0.394211 0.0313358 0.0545745
3 0.205533 0.56723 0.0189004 0.0560484
3 0.303238 0.404579 0.0132081 0.0468424
2 0.957352 0.679416 0.0321672 0.0589362
0 0.346544 0.358177 0.0101734 0.0389801
7 0.177969 0.49938 0.0489842 0.0678369
5 0.901481 0.566013 0.0861889 0.166573
3 0.332876 0.5025 0.0185143 0.0618447
0 0.164259 0.603999 0.0205803 0.0422813
0 0.291094 0.466675 0.0150813 0.0535967
2 0.734031 0.393539 0.0310652 0.0549562
3 0.266505 0.549279 0.021475 0.0624195
0 0.115952 0.593674 0.0173074 0.0909613
0 0.320377 0.268708 0.00698643 0.0329648
0 0.164148 0.627187 0.0216309 0.0837814
0 0.861368 0.670308 0.028689 0.0577764
3 0.164276 0.640714 0.02361 0.0680592
3 0.176668 0.706635 0.0300597 0.0927147
2 0.483998 0.809879 0.0951412 0.153609
2 0.250856 0.818387 0.107898 0.174703
2 0.448566 0.630849 0.0671209 0.106734
2 0.433976 0.5197 0.0483891 0.074006
2 0.259446 0.631923 0.0666054 0.10653
2 0.103968 0.865108 0.115294 0.184927
7 0.35569 0.656374 0.0692009 0.199748
7 0.196729 0.423492 0.0641043 0.105603
2 0.461266 0.473656 0.0430332 0.0684791
2 0.0354902 0.721877 0.0709803 0.144725
2 0.920931 0.764141 0.109516 0.16329
2 0.339614 0.904757 0.100125 0.16044
7 0.52321 0.545085 0.0597227 0.1492
7 0.59092 0.660667 0.131815 0.293465
2 0.07276 0.631148 0.0769166 0.105324
2 0.177858 0.499286 0.0484831 0.0676325
2 0.417103 0.397202 0.0324293 0.0526794
0 0.12527 0.700809 0.0327205 0.0865566
0 0.177866 0.68368 0.0280009 0.090293
0 0.266017 0.546546 0.0215351 0.0643901
3 0.177488 0.721547 0.028606 0.0688256
2 0.0145912 0.817901 0.0290561 0.122733
3 0.206556 0.662553 0.0250521 0.0999675
5 0.591086 0.660908 0.132102 0.292747
0 0.110493 0.661675 0.0246984 0.0739917
0 0.183638 0.627412 0.0250662 0.0801531
0 0.0949478 0.739767 0.0380964 0.0682404
2 0.394234 0.354997 0.0254625 0.0396696
3 0.290649 0.482387 0.0151926 0.0403618
2 0.555231 0.982398 0.120432 0.0337058
5 0.972211 0.644989 0.0548214 0.408811
5 0.972171 0.571738 0.0548948 0.269133
3 0.334207 0.511618 0.0187469 0.0496124
0 0.205688 0.551145 0.0196441 0.0755419
0 0.394528 0.458555 0.0162268 0.0628596
3 0.123821 0.737945 0.0315065 0.0711633
3 0.394976 0.465109 0.0160399 0.0517741
7 0.0618117 0.961293 0.123124 0.0731369
0 0.953605 0.642489 0.0166943 0.0473083
3 0.290773 0.472046 0.0155753 0.0605241
0 0.381599 0.428788 0.0147277 0.0522273
7 0.734133 0.394211 0.0313358 0.0545745
3 0.205533 0.56723 0.0189004 0.0560484
3 0.303238 0.404579 0.0132081 0.0468424
2 0.957352 0.679416 0.0321672 0.0589362
0 0.346544 0.358177 0.0101734 0.0389801
7 0.177969 0.49938 0.0489842 0.0678369
5 0.901481 0.566013 0.0861889 0.166573
3 0.332876 0.5025 0.0185143 0.0618447
0 0.164259 0.603999 0.0205803 0.0422813
0 0.291094 0.466675 0.0150813 0.0535967
2 0.734031 0.393539 0.0310652 0.0549562
3 0.266505 0.549279 0.021475 0.0624195
0 0.115952 0.593674 0.0173074 0.0909613
0 0.320377 0.268708 0.00698643 0.0329648
0 0.164148 0.627187 0.0216309 0.0837814
0 0.861368 0.670308 0.028689 0.0577764
3 0.164276 0.640714 0.02361 0.0680592
3 0.176668 0.706635 0.0300597 0.0927147
2 0.483998 0.809879 0.0951412 0.153609
2 0.250856 0.818387 0.107898 0.174703
2 0.448566 0.630849 0.0671209 0.106734
2 0.433976 0.5197 0.0483891 0.074006
2 0.259446 0.631923 0.0666054 0.10653
2 0.103968 0.865108 0.115294 0.184927
7 0.35569 0.656374 0.0692009 0.199748
7 0.196729 0.423492 0.0641043 0.105603
2 0.461266 0.473656 0.0430332 0.0684791
2 0.0354902 0.721877 0.0709803 0.144725
2 0.920931 0.764141 0.109516 0.16329
2 0.339614 0.904757 0.100125 0.16044
7 0.52321 0.545085 0.0597227 0.1492
7 0.59092 0.660667 0.131815 0.293465
2 0.07276 0.631148 0.0769166 0.105324
2 0.177858 0.499286 0.0484831 0.0676325
2 0.417103 0.397202 0.0324293 0.0526794
0 0.12527 0.700809 0.0327205 0.0865566
0 0.177866 0.68368 0.0280009 0.090293
0 0.266017 0.546546 0.0215351 0.0643901
3 0.177488 0.721547 0.028606 0.0688256
2 0.0145912 0.817901 0.0290561 0.122733
3 0.206556 0.662553 0.0250521 0.0999675
5 0.591086 0.660908 0.132102 0.292747
0 0.110493 0.661675 0.0246984 0.0739917
0 0.183638 0.627412 0.0250662 0.0801531
0 0.0949478 0.739767 0.0380964 0.0682404
2 0.394234 0.354997 0.0254625 0.0396696
3 0.290649 0.482387 0.0151926 0.0403618
2 0.555231 0.982398 0.120432 0.0337058
5 0.972211 0.644989 0.0548214 0.408811
5 0.972171 0.571738 0.0548948 0.269133
3 0.334207 0.511618 0.0187469 0.0496124
0 0.205688 0.551145 0.0196441 0.0755419
0 0.394528 0.458555 0.0162268 0.0628596
3 0.123821 0.737945 0.0315065 0.0711633
3 0.394976 0.465109 0.0160399 0.0517741
7 0.0618117 0.961293 0.123124 0.0731369
0 0.953605 0.642489 0.0166943 0.0473083
3 0.290773 0.472046 0.0155753 0.0605241
0 0.381599 0.428788 0.0147277 0.0522273
7 0.734133 0.394211 0.0313358 0.0545745
3 0.205533 0.56723 0.0189004 0.0560484
3 0.303238 0.404579 0.0132081 0.0468424
2 0.957352 0.679416 0.0321672 0.0589362
0 0.346544 0.358177 0.0101734 0.0389801
7 0.177969 0.49938 0.0489842 0.0678369
5 0.901481 0.566013 0.0861889 0.166573
3 0.332876 0.5025 0.0185143 0.0618447
0 0.164259 0.603999 0.0205803 0.0422813
0 0.291094 0.466675 0.0150813 0.0535967
2 0.734031 0.393539 0.0310652 0.0549562
3 0.266505 0.549279 0.021475 0.0624195
0 0.115952 0.593674 0.0173074 0.0909613
0 0.320377 0.268708 0.00698643 0.0329648
0 0.164148 0.627187 0.0216309 0.0837814
0 0.861368 0.670308 0.028689 0.0577764
3 0.164276 0.640714 0.02361 0.0680592
3 0.176668 0.706635 0.0300597 0.0927147
2 0.483998 0.809879 0.0951412 0.153609
2 0.250856 0.818387 0.107898 0.174703
2 0.448566 0.630849 0.0671209 0.106734
2 0.433976 0.5197 0.0483891 0.074006
2 0.259446 0.631923 0.0666054 0.10653
2 0.103968 0.865108 0.115294 0.184927
7 0.35569 0.656374 0.0692009 0.199748
7 0.196729 0.423492 0.0641043 0.105603
2 0.461266 0.473656 0.0430332 0.0684791
2 0.0354902 0.721877 0.0709803 0.144725
2 0.920931 0.764141 0.109516 0.16329
2 0.339614 0.904757 0.100125 0.16044
7 0.52321 0.545085 0.0597227 0.1492
7 0.59092 0.660667 0.131815 0.293465
2 0.07276 0.631148 0.0769166 0.105324
2 0.177858 0.499286 0.0484831 0.0676325
2 0.417103 0.397202 0.0324293 0.0526794
0 0.12527 0.700809 0.0327205 0.0865566
0 0.177866 0.68368 0.0280009 0.090293
0 0.266017 0.546546 0.0215351 0.0643901
3 0.177488 0.721547 0.028606 0.0688256
2 0.0145912 0.817901 0.0290561 0.122733
3 0.206556 0.662553 0.0250521 0.0999675
5 0.591086 0.660908 0.132102 0.292747
0 0.110493 0.661675 0.0246984 0.0739917
0 0.183638 0.627412 0.0250662 0.0801531
0 0.0949478 0.739767 0.0380964 0.0682404
2 0.394234 0.354997 0.0254625 0.0396696
3 0.290649 0.482387 0.0151926 0.0403618
2 0.555231 0.982398 0.120432 0.0337058
5 0.972211 0.644989 0.0548214 0.408811
5 0.972171 0.571738 0.0548948 0.269133
3 0.334207 0.511618 0.0187469 0.0496124
0 0.205688 0.551145 0.0196441 0.0755419
0 0.394528 0.458555 0.0162268 0.0628596
3 0.123821 0.737945 0.0315065 0.0711633
3 0.394976 0.465109 0.0160399 0.0517741
7 0.0618117 0.961293 0.123124 0.0731369
0 0.953605 0.642489 0.0166943 0.0473083
3 0.290773 0.472046 0.0155753 0.0605241
0 0.381599 0.428788 0.0147277 0.0522273
7 0.734133 0.394211 0.0313358 0.0545745
3 0.205533 0.56723 0.0189004 0.0560484
3 0.303238 0.404579 0.0132081 0.0468424
2 0.957352 0.679416 0.0321672 0.0589362
0 0.346544 0.358177 0.0101734 0.0389801
7 0.177969 0.49938 0.0489842 0.0678369
5 0.901481 0.566013 0.0861889 0.166573
3 0.332876 0.5025 0.0185143 0.0618447
0 0.164259 0.603999 0.0205803 0.0422813
0 0.291094 0.466675 0.0150813 0.0535967
2 0.734031 0.393539 0.0310652 0.0549562
3 0.266505 0.549279 0.021475 0.0624195
0 0.115952 0.593674 0.0173074 0.0909613
0 0.320377 0.268708 0.00698643 0.0329648
0 0.164148 0.627187 0.0216309 0.0837814
0 0.861368 0.670308 0.028689 0.0577764
3 0.164276 0.640714 0.02361 0.0680592
3 0.176668 0.706635 0.0300597 0.0927147
2 0.483998 0.809879 0.0951412 0.153609
2 0.250856 0.818387 0.107898 0.174703
2 0.448566 0.630849 0.0671209 0.106734
2 0.433976 0.5197 0.0483891 0.074006
2 0.259446 0.631923 0.0666054 0.10653
2 0.103968 0.865108 0.115294 0.184927
7 0.35569 0.656374 0.0692009 0.199748
7 0.196729 0.423492 0.0641043 0.105603
2 0.461266 0.473656 0.0430332 0.0684791
2 0.0354902 0.721877 0.0709803 0.144725
2 0.920931 0.764141 0.109516 0.16329
2 0.339614 0.904757 0.100125 0.16044
7 0.52321 0.545085 0.0597227 0.1492
7 0.59092 0.660667 0.131815 0.293465
2 0.07276 0.631148 0.0769166 0.105324
2 0.177858 0.499286 0.0484831 0.0676325
2 0.417103 0.397202 0.0324293 0.0526794
0 0.12527 0.700809 0.0327205 0.0865566
0 0.177866 0.68368 0.0280009 0.090293
0 0.266017 0.546546 0.0215351 0.0643901
3 0.177488 0.721547 0.028606 0.0688256
2 0.0145912 0.817901 0.0290561 0.122733
3 0.206556 0.662553 0.0250521 0.0999675
5 0.591086 0.660908 0.132102 0.292747
0 0.110493 0.661675 0.0246984 0.0739917
0 0.183638 0.627412 0.0250662 0.0801531
0 0.0949478 0.739767 0.0380964 0.0682404
2 0.394234 0.354997 0.0254625 0.0396696
3 0.290649 0.482387 0.0151926 0.0403618
2 0.555231 0.982398 0.120432 0.0337058
5 0.972211 0.644989 0.0548214 0.408811
5 0.972171 0.571738 0.0548948 0.269133
3 0.334207 0.511618 0.0187469 0.0496124
0 0.205688 0.551145 0.0196441 0.0755419
0 0.394528 0.458555 0.0162268 0.0628596
3 0.123821 0.737945 0.0315065 0.0711633
3 0.394976 0.465109 0.0160399 0.0517741
7 0.0618117 0.961293 0.123124 0.0731369
0 0.953605 0.642489 0.0166943 0.0473083
3 0.290773 0.472046 0.0155753 0.0605241
0 0.381599 0.428788 0.0147277 0.0522273
7 0.734133 0.394211 0.0313358 0.0545745
3 0.205533 0.56723 0.0189004 0.0560484
3 0.303238 0.404579 0.0132081 0.0468424
2 0.957352 0.679416 0.0321672 0.0589362
0 0.346544 0.358177 0.0101734 0.0389801
7 0.177969 0.49938 0.0489842 0.0678369
5 0.901481 0.566013 0.0861889 0.166573
3 0.332876 0.5025 0.0185143 0.0618447
0 0.164259 0.603999 0.0205803 0.0422813
0 0.291094 0.466675 0.0150813 0.0535967
2 0.734031 0.393539 0.0310652 0.0549562
3 0.266505 0.549279 0.021475 0.0624195
0 0.115952 0.593674 0.0173074 0.0909613
0 0.320377 0.268708 0.00698643 0.0329648
0 0.164148 0.627187 0.0216309 0.0837814
0 0.861368 0.670308 0.028689 0.0577764
3 0.164276 0.640714 0.02361 0.0680592
3 0.176668 0.706635 0.0300597 0.0927147
2 0.484589 0.807524 0.0952212 0.149824
2 0.251334 0.821681 0.108817 0.175729
2 0.339918 0.906895 0.101086 0.161734
2 0.103585 0.865175 0.115035 0.186671
2 0.921414 0.768993 0.109841 0.16375
2 0.258234 0.631696 0.0651835 0.103925
2 0.448905 0.62759 0.0664223 0.103308
2 0.433467 0.519435 0.0481609 0.0731076
7 0.523239 0.544329 0.0606601 0.147028
2 0.0351848 0.721301 0.0699636 0.140694
7 0.355807 0.655954 0.0690651 0.196663
7 0.59017 0.658552 0.129831 0.289589
2 0.0740688 0.62897 0.0765923 0.0979614
5 0.196214 0.424364 0.0614285 0.10738
2 0.461074 0.471471 0.0426456 0.0681792
3 0.177141 0.722391 0.0272467 0.0682746
0 0.176427 0.683113 0.0256623 0.0842235
0 0.095777 0.73892 0.0394537 0.0700083
0 0.124876 0.701699 0.0318486 0.0870039
2 0.0635332 0.960262 0.125977 0.0775491
2 0.416811 0.396544 0.0332687 0.0547351
2 0.484589 0.807524 0.0952212 0.149824
2 0.251334 0.821681 0.108817 0.175729
2 0.339918 0.906895 0.101086 0.161734
2 0.103585 0.865175 0.115035 0.186671
2 0.921414 0.768993 0.109841 0.16375
2 0.258234 0.631696 0.0651835 0.103925
2 0.448905 0.62759 0.0664223 0.103308
2 0.433467 0.519435 0.0481609 0.0731076
7 0.523239 0.544329 0.0606601 0.147028
2 0.0351848 0.721301 0.0699636 0.140694
7 0.355807 0.655954 0.0690651 0.196663
7 0.59017 0.658552 0.129831 0.289589
2 0.0740688 0.62897 0.0765923 0.0979614
5 0.196214 0.424364 0.0614285 0.10738
2 0.461074 0.471471 0.0426456 0.0681792
3 0.177141 0.722391 0.0272467 0.0682746
0 0.176427 0.683113 0.0256623 0.0842235
0 0.095777 0.73892 0.0394537 0.0700083
0 0.124876 0.701699 0.0318486 0.0870039
2 0.0635332 0.960262 0.125977 0.0775491
2 0.416811 0.396544 0.0332687 0.0547351
