2 0.0398046 0.715259 0.0793176 0.143493
2 0.96597 0.56538 0.0670788 0.0874705
2 0.0759697 0.628338 0.0773255 0.103475
7 0.608771 0.728642 0.104885 0.249905
2 0.207989 0.589712 0.0596124 0.102915
7 0.35002 0.452358 0.0521087 0.133076
2 0.179565 0.496113 0.0484579 0.0692663
0 0.335473 0.849613 0.0415261 0.116832
2 0.432046 0.406437 0.0276217 0.0504876
0 0.154114 0.725752 0.0345862 0.0929772
7 0.200701 0.421935 0.0714357 0.108352
0 0.412305 0.644081 0.0301477 0.0880555
2 0.925942 0.767108 0.105185 0.189129
2 0.462124 0.468021 0.0364706 0.0641253
0 0.270111 0.641984 0.0283895 0.0804608
0 0.280303 0.839863 0.0393785 0.115016
0 0.367098 0.633299 0.0267718 0.0779304
3 0.367065 0.666039 0.0265449 0.068366
2 0.415575 0.37626 0.024577 0.043486
2 0.399384 0.357706 0.0210905 0.0407579
2 0.799421 0.425146 0.041606 0.059278
3 0.26854 0.677821 0.0258884 0.0645498
3 0.41353 0.675098 0.0254454 0.078176
3 0.152274 0.77092 0.0303217 0.0829895
3 0.277649 0.901147 0.0322625 0.0939501
3 0.336759 0.896367 0.036657 0.0937224
2 0.36508 0.364681 0.0254776 0.0378342
2 0.636224 0.343886 0.0285891 0.0293398
3 0.431466 0.537873 0.0216172 0.0511438
0 0.431165 0.523743 0.0210057 0.0648124
3 0.297001 0.487612 0.0150441 0.0646371
0 0.295641 0.3561 0.0101559 0.0357471
3 0.279245 0.886674 0.0375459 0.115734
2 0.10232 0.591423 0.0616817 0.100267
2 0.372668 0.340274 0.0267008 0.0366907
2 0.380896 0.442693 0.0149193 0.0532962
0 0.297024 0.486906 0.015215 0.0653154
3 0.313267 0.421361 0.0130636 0.0472558
2 0.352923 0.298367 0.0157031 0.0256524
2 0.370995 0.31641 0.0252406 0.0336645
2 0.386977 0.390678 0.0129519 0.0385247
0 0.330697 0.337921 0.00831432 0.0349062
0 0.283443 0.424812 0.0112961 0.0469611
0 0.319446 0.328526 0.00923238 0.0335948
3 0.269603 0.649008 0.026977 0.0694478
0 0.313354 0.420354 0.0134568 0.0488834
2 0.371765 0.330547 0.0277746 0.0551966
7 0.319022 0.266811 0.0194735 0.0395869
7 0.40877 0.319949 0.0211036 0.0497379
0 0.2801 0.821389 0.0382625 0.076924
2 0.0398046 0.715259 0.0793176 0.143493
2 0.96597 0.56538 0.0670788 0.0874705
2 0.0759697 0.628338 0.0773255 0.103475
7 0.608771 0.728642 0.104885 0.249905
2 0.207989 0.589712 0.0596124 0.102915
7 0.35002 0.452358 0.0521087 0.133076
2 0.179565 0.496113 0.0484579 0.0692663
0 0.335473 0.849613 0.0415261 0.116832
2 0.432046 0.406437 0.0276217 0.0504876
0 0.154114 0.725752 0.0345862 0.0929772
7 0.200701 0.421935 0.0714357 0.108352
0 0.412305 0.644081 0.0301477 0.0880555
2 0.925942 0.767108 0.105185 0.189129
2 0.462124 0.468021 0.0364706 0.0641253
0 0.270111 0.641984 0.0283895 0.0804608
0 0.280303 0.839863 0.0393785 0.115016
0 0.367098 0.633299 0.0267718 0.0779304
3 0.367065 0.666039 0.0265449 0.068366
2 0.415575 0.37626 0.024577 0.043486
2 0.399384 0.357706 0.0210905 0.0407579
2 0.799421 0.425146 0.041606 0.059278
3 0.26854 0.677821 0.0258884 0.0645498
3 0.41353 0.675098 0.0254454 0.078176
3 0.152274 0.77092 0.0303217 0.0829895
3 0.277649 0.901147 0.0322625 0.0939501
3 0.336759 0.896367 0.036657 0.0937224
2 0.36508 0.364681 0.0254776 0.0378342
2 0.636224 0.343886 0.0285891 0.0293398
3 0.431466 0.537873 0.0216172 0.0511438
0 0.431165 0.523743 0.0210057 0.0648124
3 0.297001 0.487612 0.0150441 0.0646371
0 0.295641 0.3561 0.0101559 0.0357471
3 0.279245 0.886674 0.0375459 0.115734
2 0.10232 0.591423 0.0616817 0.100267
2 0.372668 0.340274 0.0267008 0.0366907
2 0.380896 0.442693 0.0149193 0.0532962
0 0.297024 0.486906 0.015215 0.0653154
3 0.313267 0.421361 0.0130636 0.0472558
2 0.352923 0.298367 0.0157031 0.0256524
2 0.370995 0.31641 0.0252406 0.0336645
2 0.386977 0.390678 0.0129519 0.0385247
0 0.330697 0.337921 0.00831432 0.0349062
0 0.283443 0.424812 0.0112961 0.0469611
0 0.319446 0.328526 0.00923238 0.0335948
3 0.269603 0.649008 0.026977 0.0694478
0 0.313354 0.420354 0.0134568 0.0488834
2 0.371765 0.330547 0.0277746 0.0551966
7 0.319022 0.266811 0.0194735 0.0395869
7 0.40877 0.319949 0.0211036 0.0497379
0 0.2801 0.821389 0.0382625 0.076924
2 0.0398046 0.715259 0.0793176 0.143493
2 0.96597 0.56538 0.0670788 0.0874705
2 0.0759697 0.628338 0.0773255 0.103475
7 0.608771 0.728642 0.104885 0.249905
2 0.207989 0.589712 0.0596124 0.102915
7 0.35002 0.452358 0.0521087 0.133076
2 0.179565 0.496113 0.0484579 0.0692663
0 0.335473 0.849613 0.0415261 0.116832
2 0.432046 0.406437 0.0276217 0.0504876
0 0.154114 0.725752 0.0345862 0.0929772
7 0.200701 0.421935 0.0714357 0.108352
0 0.412305 0.644081 0.0301477 0.0880555
2 0.925942 0.767108 0.105185 0.189129
2 0.462124 0.468021 0.0364706 0.0641253
0 0.270111 0.641984 0.0283895 0.0804608
0 0.280303 0.839863 0.0393785 0.115016
0 0.367098 0.633299 0.0267718 0.0779304
3 0.367065 0.666039 0.0265449 0.068366
2 0.415575 0.37626 0.024577 0.043486
2 0.399384 0.357706 0.0210905 0.0407579
2 0.799421 0.425146 0.041606 0.059278
3 0.26854 0.677821 0.0258884 0.0645498
3 0.41353 0.675098 0.0254454 0.078176
3 0.152274 0.77092 0.0303217 0.0829895
3 0.277649 0.901147 0.0322625 0.0939501
3 0.336759 0.896367 0.036657 0.0937224
2 0.36508 0.364681 0.0254776 0.0378342
2 0.636224 0.343886 0.0285891 0.0293398
3 0.431466 0.537873 0.0216172 0.0511438
0 0.431165 0.523743 0.0210057 0.0648124
3 0.297001 0.487612 0.0150441 0.0646371
0 0.295641 0.3561 0.0101559 0.0357471
3 0.279245 0.886674 0.0375459 0.115734
2 0.10232 0.591423 0.0616817 0.100267
2 0.372668 0.340274 0.0267008 0.0366907
2 0.380896 0.442693 0.0149193 0.0532962
0 0.297024 0.486906 0.015215 0.0653154
3 0.313267 0.421361 0.0130636 0.0472558
2 0.352923 0.298367 0.0157031 0.0256524
2 0.370995 0.31641 0.0252406 0.0336645
2 0.386977 0.390678 0.0129519 0.0385247
0 0.330697 0.337921 0.00831432 0.0349062
0 0.283443 0.424812 0.0112961 0.0469611
0 0.319446 0.328526 0.00923238 0.0335948
3 0.269603 0.649008 0.026977 0.0694478
0 0.313354 0.420354 0.0134568 0.0488834
2 0.371765 0.330547 0.0277746 0.0551966
7 0.319022 0.266811 0.0194735 0.0395869
7 0.40877 0.319949 0.0211036 0.0497379
0 0.2801 0.821389 0.0382625 0.076924
2 0.0398046 0.715259 0.0793176 0.143493
2 0.96597 0.56538 0.0670788 0.0874705
2 0.0759697 0.628338 0.0773255 0.103475
7 0.608771 0.728642 0.104885 0.249905
2 0.207989 0.589712 0.0596124 0.102915
7 0.35002 0.452358 0.0521087 0.133076
2 0.179565 0.496113 0.0484579 0.0692663
0 0.335473 0.849613 0.0415261 0.116832
2 0.432046 0.406437 0.0276217 0.0504876
0 0.154114 0.725752 0.0345862 0.0929772
7 0.200701 0.421935 0.0714357 0.108352
0 0.412305 0.644081 0.0301477 0.0880555
2 0.925942 0.767108 0.105185 0.189129
2 0.462124 0.468021 0.0364706 0.0641253
0 0.270111 0.641984 0.0283895 0.0804608
0 0.280303 0.839863 0.0393785 0.115016
0 0.367098 0.633299 0.0267718 0.0779304
3 0.367065 0.666039 0.0265449 0.068366
2 0.415575 0.37626 0.024577 0.043486
2 0.399384 0.357706 0.0210905 0.0407579
2 0.799421 0.425146 0.041606 0.059278
3 0.26854 0.677821 0.0258884 0.0645498
3 0.41353 0.675098 0.0254454 0.078176
3 0.152274 0.77092 0.0303217 0.0829895
3 0.277649 0.901147 0.0322625 0.0939501
3 0.336759 0.896367 0.036657 0.0937224
2 0.36508 0.364681 0.0254776 0.0378342
2 0.636224 0.343886 0.0285891 0.0293398
3 0.431466 0.537873 0.0216172 0.0511438
0 0.431165 0.523743 0.0210057 0.0648124
3 0.297001 0.487612 0.0150441 0.0646371
0 0.295641 0.3561 0.0101559 0.0357471
3 0.279245 0.886674 0.0375459 0.115734
2 0.10232 0.591423 0.0616817 0.100267
2 0.372668 0.340274 0.0267008 0.0366907
2 0.380896 0.442693 0.0149193 0.0532962
0 0.297024 0.486906 0.015215 0.0653154
3 0.313267 0.421361 0.0130636 0.0472558
2 0.352923 0.298367 0.0157031 0.0256524
2 0.370995 0.31641 0.0252406 0.0336645
2 0.386977 0.390678 0.0129519 0.0385247
0 0.330697 0.337921 0.00831432 0.0349062
0 0.283443 0.424812 0.0112961 0.0469611
0 0.319446 0.328526 0.00923238 0.0335948
3 0.269603 0.649008 0.026977 0.0694478
0 0.313354 0.420354 0.0134568 0.0488834
2 0.371765 0.330547 0.0277746 0.0551966
7 0.319022 0.266811 0.0194735 0.0395869
7 0.40877 0.319949 0.0211036 0.0497379
0 0.2801 0.821389 0.0382625 0.076924
2 0.0398046 0.715259 0.0793176 0.143493
2 0.96597 0.56538 0.0670788 0.0874705
2 0.0759697 0.628338 0.0773255 0.103475
7 0.608771 0.728642 0.104885 0.249905
2 0.207989 0.589712 0.0596124 0.102915
7 0.35002 0.452358 0.0521087 0.133076
2 0.179565 0.496113 0.0484579 0.0692663
0 0.335473 0.849613 0.0415261 0.116832
2 0.432046 0.406437 0.0276217 0.0504876
0 0.154114 0.725752 0.0345862 0.0929772
7 0.200701 0.421935 0.0714357 0.108352
0 0.412305 0.644081 0.0301477 0.0880555
2 0.925942 0.767108 0.105185 0.189129
2 0.462124 0.468021 0.0364706 0.0641253
0 0.270111 0.641984 0.0283895 0.0804608
0 0.280303 0.839863 0.0393785 0.115016
0 0.367098 0.633299 0.0267718 0.0779304
3 0.367065 0.666039 0.0265449 0.068366
2 0.415575 0.37626 0.024577 0.043486
2 0.399384 0.357706 0.0210905 0.0407579
2 0.799421 0.425146 0.041606 0.059278
3 0.26854 0.677821 0.0258884 0.0645498
3 0.41353 0.675098 0.0254454 0.078176
3 0.152274 0.77092 0.0303217 0.0829895
3 0.277649 0.901147 0.0322625 0.0939501
3 0.336759 0.896367 0.036657 0.0937224
2 0.36508 0.364681 0.0254776 0.0378342
2 0.636224 0.343886 0.0285891 0.0293398
3 0.431466 0.537873 0.0216172 0.0511438
0 0.431165 0.523743 0.0210057 0.0648124
3 0.297001 0.487612 0.0150441 0.0646371
0 0.295641 0.3561 0.0101559 0.0357471
3 0.279245 0.886674 0.0375459 0.115734
2 0.10232 0.591423 0.0616817 0.100267
2 0.372668 0.340274 0.0267008 0.0366907
2 0.380896 0.442693 0.0149193 0.0532962
0 0.297024 0.486906 0.015215 0.0653154
3 0.313267 0.421361 0.0130636 0.0472558
2 0.352923 0.298367 0.0157031 0.0256524
2 0.370995 0.31641 0.0252406 0.0336645
2 0.386977 0.390678 0.0129519 0.0385247
0 0.330697 0.337921 0.00831432 0.0349062
0 0.283443 0.424812 0.0112961 0.0469611
0 0.319446 0.328526 0.00923238 0.0335948
3 0.269603 0.649008 0.026977 0.0694478
0 0.313354 0.420354 0.0134568 0.0488834
2 0.371765 0.330547 0.0277746 0.0551966
7 0.319022 0.266811 0.0194735 0.0395869
7 0.40877 0.319949 0.0211036 0.0497379
0 0.2801 0.821389 0.0382625 0.076924
2 0.0398046 0.715259 0.0793176 0.143493
2 0.96597 0.56538 0.0670788 0.0874705
2 0.0759697 0.628338 0.0773255 0.103475
7 0.608771 0.728642 0.104885 0.249905
2 0.207989 0.589712 0.0596124 0.102915
7 0.35002 0.452358 0.0521087 0.133076
2 0.179565 0.496113 0.0484579 0.0692663
0 0.335473 0.849613 0.0415261 0.116832
2 0.432046 0.406437 0.0276217 0.0504876
0 0.154114 0.725752 0.0345862 0.0929772
7 0.200701 0.421935 0.0714357 0.108352
0 0.412305 0.644081 0.0301477 0.0880555
2 0.925942 0.767108 0.105185 0.189129
2 0.462124 0.468021 0.0364706 0.0641253
0 0.270111 0.641984 0.0283895 0.0804608
0 0.280303 0.839863 0.0393785 0.115016
0 0.367098 0.633299 0.0267718 0.0779304
3 0.367065 0.666039 0.0265449 0.068366
2 0.415575 0.37626 0.024577 0.043486
2 0.399384 0.357706 0.0210905 0.0407579
2 0.799421 0.425146 0.041606 0.059278
3 0.26854 0.677821 0.0258884 0.0645498
3 0.41353 0.675098 0.0254454 0.078176
3 0.152274 0.77092 0.0303217 0.0829895
3 0.277649 0.901147 0.0322625 0.0939501
3 0.336759 0.896367 0.036657 0.0937224
2 0.36508 0.364681 0.0254776 0.0378342
2 0.636224 0.343886 0.0285891 0.0293398
3 0.431466 0.537873 0.0216172 0.0511438
0 0.431165 0.523743 0.0210057 0.0648124
3 0.297001 0.487612 0.0150441 0.0646371
0 0.295641 0.3561 0.0101559 0.0357471
3 0.279245 0.886674 0.0375459 0.115734
2 0.10232 0.591423 0.0616817 0.100267
2 0.372668 0.340274 0.0267008 0.0366907
2 0.380896 0.442693 0.0149193 0.0532962
0 0.297024 0.486906 0.015215 0.0653154
3 0.313267 0.421361 0.0130636 0.0472558
2 0.352923 0.298367 0.0157031 0.0256524
2 0.370995 0.31641 0.0252406 0.0336645
2 0.386977 0.390678 0.0129519 0.0385247
0 0.330697 0.337921 0.00831432 0.0349062
0 0.283443 0.424812 0.0112961 0.0469611
0 0.319446 0.328526 0.00923238 0.0335948
3 0.269603 0.649008 0.026977 0.0694478
0 0.313354 0.420354 0.0134568 0.0488834
2 0.371765 0.330547 0.0277746 0.0551966
7 0.319022 0.266811 0.0194735 0.0395869
7 0.40877 0.319949 0.0211036 0.0497379
0 0.2801 0.821389 0.0382625 0.076924
2 0.0398046 0.715259 0.0793176 0.143493
2 0.96597 0.56538 0.0670788 0.0874705
2 0.0759697 0.628338 0.0773255 0.103475
7 0.608771 0.728642 0.104885 0.249905
2 0.207989 0.589712 0.0596124 0.102915
7 0.35002 0.452358 0.0521087 0.133076
2 0.179565 0.496113 0.0484579 0.0692663
0 0.335473 0.849613 0.0415261 0.116832
2 0.432046 0.406437 0.0276217 0.0504876
0 0.154114 0.725752 0.0345862 0.0929772
7 0.200701 0.421935 0.0714357 0.108352
0 0.412305 0.644081 0.0301477 0.0880555
2 0.925942 0.767108 0.105185 0.189129
2 0.462124 0.468021 0.0364706 0.0641253
0 0.270111 0.641984 0.0283895 0.0804608
0 0.280303 0.839863 0.0393785 0.115016
0 0.367098 0.633299 0.0267718 0.0779304
3 0.367065 0.666039 0.0265449 0.068366
2 0.415575 0.37626 0.024577 0.043486
2 0.399384 0.357706 0.0210905 0.0407579
2 0.799421 0.425146 0.041606 0.059278
3 0.26854 0.677821 0.0258884 0.0645498
3 0.41353 0.675098 0.0254454 0.078176
3 0.152274 0.77092 0.0303217 0.0829895
3 0.277649 0.901147 0.0322625 0.0939501
3 0.336759 0.896367 0.036657 0.0937224
2 0.36508 0.364681 0.0254776 0.0378342
2 0.636224 0.343886 0.0285891 0.0293398
3 0.431466 0.537873 0.0216172 0.0511438
0 0.431165 0.523743 0.0210057 0.0648124
3 0.297001 0.487612 0.0150441 0.0646371
0 0.295641 0.3561 0.0101559 0.0357471
3 0.279245 0.886674 0.0375459 0.115734
2 0.10232 0.591423 0.0616817 0.100267
2 0.372668 0.340274 0.0267008 0.0366907
2 0.380896 0.442693 0.0149193 0.0532962
0 0.297024 0.486906 0.015215 0.0653154
3 0.313267 0.421361 0.0130636 0.0472558
2 0.352923 0.298367 0.0157031 0.0256524
2 0.370995 0.31641 0.0252406 0.0336645
2 0.386977 0.390678 0.0129519 0.0385247
0 0.330697 0.337921 0.00831432 0.0349062
0 0.283443 0.424812 0.0112961 0.0469611
0 0.319446 0.328526 0.00923238 0.0335948
3 0.269603 0.649008 0.026977 0.0694478
0 0.313354 0.420354 0.0134568 0.0488834
2 0.371765 0.330547 0.0277746 0.0551966
7 0.319022 0.266811 0.0194735 0.0395869
7 0.40877 0.319949 0.0211036 0.0497379
0 0.2801 0.821389 0.0382625 0.076924
7 0.608495 0.73087 0.103612 0.253642
2 0.965851 0.566105 0.0673811 0.0875253
2 0.0395505 0.714742 0.0788349 0.139307
2 0.20804 0.588668 0.0592636 0.102585
2 0.0755492 0.629606 0.0767466 0.103645
2 0.461834 0.465057 0.0371193 0.0672702
0 0.154373 0.725774 0.0334441 0.0902583
0 0.412603 0.643595 0.0285986 0.0855959
2 0.431964 0.404995 0.027515 0.0518829
7 0.350159 0.449045 0.0519892 0.12774
0 0.269385 0.642937 0.0273902 0.0808254
0 0.336077 0.852502 0.0411523 0.120184
2 0.416 0.376314 0.025527 0.0424521
0 0.367068 0.634197 0.0267698 0.0806561
0 0.280231 0.841181 0.0388609 0.114867
3 0.413667 0.678239 0.0238239 0.0706028
3 0.336992 0.903943 0.034496 0.0799883
3 0.277579 0.901543 0.0313366 0.0795112
2 0.17956 0.495133 0.0487393 0.0702074
2 0.364121 0.363773 0.0253508 0.0374909
3 0.268438 0.670716 0.0269727 0.0786245
2 0.932169 0.772243 0.118461 0.20133
3 0.15106 0.775688 0.0274055 0.0704542
3 0.367459 0.66751 0.024958 0.0553563
7 0.19893 0.423373 0.0628384 0.109229
2 0.799653 0.423913 0.0417974 0.0589386
3 0.431415 0.538264 0.0204842 0.051924
2 0.635682 0.340963 0.029615 0.0374375
3 0.296411 0.490883 0.0160968 0.0562602
2 0.105384 0.588373 0.0688018 0.0954583
0 0.431486 0.51967 0.020685 0.0588608
2 0.399665 0.356278 0.0211576 0.0378743
7 0.608495 0.73087 0.103612 0.253642
2 0.965851 0.566105 0.0673811 0.0875253
2 0.0395505 0.714742 0.0788349 0.139307
2 0.20804 0.588668 0.0592636 0.102585
2 0.0755492 0.629606 0.0767466 0.103645
2 0.461834 0.465057 0.0371193 0.0672702
0 0.154373 0.725774 0.0334441 0.0902583
0 0.412603 0.643595 0.0285986 0.0855959
2 0.431964 0.404995 0.027515 0.0518829
7 0.350159 0.449045 0.0519892 0.12774
0 0.269385 0.642937 0.0273902 0.0808254
0 0.336077 0.852502 0.0411523 0.120184
2 0.416 0.376314 0.025527 0.0424521
0 0.367068 0.634197 0.0267698 0.0806561
0 0.280231 0.841181 0.0388609 0.114867
3 0.413667 0.678239 0.0238239 0.0706028
3 0.336992 0.903943 0.034496 0.0799883
3 0.277579 0.901543 0.0313366 0.0795112
2 0.17956 0.495133 0.0487393 0.0702074
2 0.364121 0.363773 0.0253508 0.0374909
3 0.268438 0.670716 0.0269727 0.0786245
2 0.932169 0.772243 0.118461 0.20133
3 0.15106 0.775688 0.0274055 0.0704542
3 0.367459 0.66751 0.024958 0.0553563
7 0.19893 0.423373 0.0628384 0.109229
2 0.799653 0.423913 0.0417974 0.0589386
3 0.431415 0.538264 0.0204842 0.051924
2 0.635682 0.340963 0.029615 0.0374375
3 0.296411 0.490883 0.0160968 0.0562602
2 0.105384 0.588373 0.0688018 0.0954583
0 0.431486 0.51967 0.020685 0.0588608
2 0.399665 0.356278 0.0211576 0.0378743
7 0.608495 0.73087 0.103612 0.253642
2 0.965851 0.566105 0.0673811 0.0875253
2 0.0395505 0.714742 0.0788349 0.139307
2 0.20804 0.588668 0.0592636 0.102585
2 0.0755492 0.629606 0.0767466 0.103645
2 0.461834 0.465057 0.0371193 0.0672702
0 0.154373 0.725774 0.0334441 0.0902583
0 0.412603 0.643595 0.0285986 0.0855959
2 0.431964 0.404995 0.027515 0.0518829
7 0.350159 0.449045 0.0519892 0.12774
0 0.269385 0.642937 0.0273902 0.0808254
0 0.336077 0.852502 0.0411523 0.120184
2 0.416 0.376314 0.025527 0.0424521
0 0.367068 0.634197 0.0267698 0.0806561
0 0.280231 0.841181 0.0388609 0.114867
3 0.413667 0.678239 0.0238239 0.0706028
3 0.336992 0.903943 0.034496 0.0799883
3 0.277579 0.901543 0.0313366 0.0795112
2 0.17956 0.495133 0.0487393 0.0702074
2 0.364121 0.363773 0.0253508 0.0374909
3 0.268438 0.670716 0.0269727 0.0786245
2 0.932169 0.772243 0.118461 0.20133
3 0.15106 0.775688 0.0274055 0.0704542
3 0.367459 0.66751 0.024958 0.0553563
7 0.19893 0.423373 0.0628384 0.109229
2 0.799653 0.423913 0.0417974 0.0589386
3 0.431415 0.538264 0.0204842 0.051924
2 0.635682 0.340963 0.029615 0.0374375
3 0.296411 0.490883 0.0160968 0.0562602
2 0.105384 0.588373 0.0688018 0.0954583
0 0.431486 0.51967 0.020685 0.0588608
2 0.399665 0.356278 0.0211576 0.0378743
7 0.608495 0.73087 0.103612 0.253642
2 0.965851 0.566105 0.0673811 0.0875253
2 0.0395505 0.714742 0.0788349 0.139307
2 0.20804 0.588668 0.0592636 0.102585
2 0.0755492 0.629606 0.0767466 0.103645
2 0.461834 0.465057 0.0371193 0.0672702
0 0.154373 0.725774 0.0334441 0.0902583
0 0.412603 0.643595 0.0285986 0.0855959
2 0.431964 0.404995 0.027515 0.0518829
7 0.350159 0.449045 0.0519892 0.12774
0 0.269385 0.642937 0.0273902 0.0808254
0 0.336077 0.852502 0.0411523 0.120184
2 0.416 0.376314 0.025527 0.0424521
0 0.367068 0.634197 0.0267698 0.0806561
0 0.280231 0.841181 0.0388609 0.114867
3 0.413667 0.678239 0.0238239 0.0706028
3 0.336992 0.903943 0.034496 0.0799883
3 0.277579 0.901543 0.0313366 0.0795112
2 0.17956 0.495133 0.0487393 0.0702074
2 0.364121 0.363773 0.0253508 0.0374909
3 0.268438 0.670716 0.0269727 0.0786245
2 0.932169 0.772243 0.118461 0.20133
3 0.15106 0.775688 0.0274055 0.0704542
3 0.367459 0.66751 0.024958 0.0553563
7 0.19893 0.423373 0.0628384 0.109229
2 0.799653 0.423913 0.0417974 0.0589386
3 0.431415 0.538264 0.0204842 0.051924
2 0.635682 0.340963 0.029615 0.0374375
3 0.296411 0.490883 0.0160968 0.0562602
2 0.105384 0.588373 0.0688018 0.0954583
0 0.431486 0.51967 0.020685 0.0588608
2 0.399665 0.356278 0.0211576 0.0378743
7 0.608495 0.73087 0.103612 0.253642
2 0.965851 0.566105 0.0673811 0.0875253
2 0.0395505 0.714742 0.0788349 0.139307
2 0.20804 0.588668 0.0592636 0.102585
2 0.0755492 0.629606 0.0767466 0.103645
2 0.461834 0.465057 0.0371193 0.0672702
0 0.154373 0.725774 0.0334441 0.0902583
0 0.412603 0.643595 0.0285986 0.0855959
2 0.431964 0.404995 0.027515 0.0518829
7 0.350159 0.449045 0.0519892 0.12774
0 0.269385 0.642937 0.0273902 0.0808254
0 0.336077 0.852502 0.0411523 0.120184
2 0.416 0.376314 0.025527 0.0424521
0 0.367068 0.634197 0.0267698 0.0806561
0 0.280231 0.841181 0.0388609 0.114867
3 0.413667 0.678239 0.0238239 0.0706028
3 0.336992 0.903943 0.034496 0.0799883
3 0.277579 0.901543 0.0313366 0.0795112
2 0.17956 0.495133 0.0487393 0.0702074
2 0.364121 0.363773 0.0253508 0.0374909
3 0.268438 0.670716 0.0269727 0.0786245
2 0.932169 0.772243 0.118461 0.20133
3 0.15106 0.775688 0.0274055 0.0704542
3 0.367459 0.66751 0.024958 0.0553563
7 0.19893 0.423373 0.0628384 0.109229
2 0.799653 0.423913 0.0417974 0.0589386
3 0.431415 0.538264 0.0204842 0.051924
2 0.635682 0.340963 0.029615 0.0374375
3 0.296411 0.490883 0.0160968 0.0562602
2 0.105384 0.588373 0.0688018 0.0954583
0 0.431486 0.51967 0.020685 0.0588608
2 0.399665 0.356278 0.0211576 0.0378743
7 0.608495 0.73087 0.103612 0.253642
2 0.965851 0.566105 0.0673811 0.0875253
2 0.0395505 0.714742 0.0788349 0.139307
2 0.20804 0.588668 0.0592636 0.102585
2 0.0755492 0.629606 0.0767466 0.103645
2 0.461834 0.465057 0.0371193 0.0672702
0 0.154373 0.725774 0.0334441 0.0902583
0 0.412603 0.643595 0.0285986 0.0855959
2 0.431964 0.404995 0.027515 0.0518829
7 0.350159 0.449045 0.0519892 0.12774
0 0.269385 0.642937 0.0273902 0.0808254
0 0.336077 0.852502 0.0411523 0.120184
2 0.416 0.376314 0.025527 0.0424521
0 0.367068 0.634197 0.0267698 0.0806561
0 0.280231 0.841181 0.0388609 0.114867
3 0.413667 0.678239 0.0238239 0.0706028
3 0.336992 0.903943 0.034496 0.0799883
3 0.277579 0.901543 0.0313366 0.0795112
2 0.17956 0.495133 0.0487393 0.0702074
2 0.364121 0.363773 0.0253508 0.0374909
3 0.268438 0.670716 0.0269727 0.0786245
2 0.932169 0.772243 0.118461 0.20133
3 0.15106 0.775688 0.0274055 0.0704542
3 0.367459 0.66751 0.024958 0.0553563
7 0.19893 0.423373 0.0628384 0.109229
2 0.799653 0.423913 0.0417974 0.0589386
3 0.431415 0.538264 0.0204842 0.051924
2 0.635682 0.340963 0.029615 0.0374375
3 0.296411 0.490883 0.0160968 0.0562602
2 0.105384 0.588373 0.0688018 0.0954583
0 0.431486 0.51967 0.020685 0.0588608
2 0.399665 0.356278 0.0211576 0.0378743
7 0.608495 0.73087 0.103612 0.253642
2 0.965851 0.566105 0.0673811 0.0875253
2 0.0395505 0.714742 0.0788349 0.139307
2 0.20804 0.588668 0.0592636 0.102585
2 0.0755492 0.629606 0.0767466 0.103645
2 0.461834 0.465057 0.0371193 0.0672702
0 0.154373 0.725774 0.0334441 0.0902583
0 0.412603 0.643595 0.0285986 0.0855959
2 0.431964 0.404995 0.027515 0.0518829
7 0.350159 0.449045 0.0519892 0.12774
0 0.269385 0.642937 0.0273902 0.0808254
0 0.336077 0.852502 0.0411523 0.120184
2 0.416 0.376314 0.025527 0.0424521
0 0.367068 0.634197 0.0267698 0.0806561
0 0.280231 0.841181 0.0388609 0.114867
3 0.413667 0.678239 0.0238239 0.0706028
3 0.336992 0.903943 0.034496 0.0799883
3 0.277579 0.901543 0.0313366 0.0795112
2 0.17956 0.495133 0.0487393 0.0702074
2 0.364121 0.363773 0.0253508 0.0374909
3 0.268438 0.670716 0.0269727 0.0786245
2 0.932169 0.772243 0.118461 0.20133
3 0.15106 0.775688 0.0274055 0.0704542
3 0.367459 0.66751 0.024958 0.0553563
7 0.19893 0.423373 0.0628384 0.109229
2 0.799653 0.423913 0.0417974 0.0589386
3 0.431415 0.538264 0.0204842 0.051924
2 0.635682 0.340963 0.029615 0.0374375
3 0.296411 0.490883 0.0160968 0.0562602
2 0.105384 0.588373 0.0688018 0.0954583
0 0.431486 0.51967 0.020685 0.0588608
2 0.399665 0.356278 0.0211576 0.0378743
7 0.608495 0.73087 0.103612 0.253642
2 0.965851 0.566105 0.0673811 0.0875253
2 0.0395505 0.714742 0.0788349 0.139307
2 0.20804 0.588668 0.0592636 0.102585
2 0.0755492 0.629606 0.0767466 0.103645
2 0.461834 0.465057 0.0371193 0.0672702
0 0.154373 0.725774 0.0334441 0.0902583
0 0.412603 0.643595 0.0285986 0.0855959
2 0.431964 0.404995 0.027515 0.0518829
7 0.350159 0.449045 0.0519892 0.12774
0 0.269385 0.642937 0.0273902 0.0808254
0 0.336077 0.852502 0.0411523 0.120184
2 0.416 0.376314 0.025527 0.0424521
0 0.367068 0.634197 0.0267698 0.0806561
0 0.280231 0.841181 0.0388609 0.114867
3 0.413667 0.678239 0.0238239 0.0706028
3 0.336992 0.903943 0.034496 0.0799883
3 0.277579 0.901543 0.0313366 0.0795112
2 0.17956 0.495133 0.0487393 0.0702074
2 0.364121 0.363773 0.0253508 0.0374909
3 0.268438 0.670716 0.0269727 0.0786245
2 0.932169 0.772243 0.118461 0.20133
3 0.15106 0.775688 0.0274055 0.0704542
3 0.367459 0.66751 0.024958 0.0553563
7 0.19893 0.423373 0.0628384 0.109229
2 0.799653 0.423913 0.0417974 0.0589386
3 0.431415 0.538264 0.0204842 0.051924
2 0.635682 0.340963 0.029615 0.0374375
3 0.296411 0.490883 0.0160968 0.0562602
2 0.105384 0.588373 0.0688018 0.0954583
0 0.431486 0.51967 0.020685 0.0588608
2 0.399665 0.356278 0.0211576 0.0378743
0 0.283439 0.424536 0.0120563 0.0488374
0 0.313549 0.42175 0.0126508 0.0492805
0 0.296119 0.485992 0.0166755 0.0606779
2 0.380279 0.442329 0.0151004 0.0536504
2 0.387328 0.389701 0.0123246 0.0372297
