7 0.524002 0.543596 0.0895142 0.211511
2 0.62735 0.802115 0.0925384 0.182891
2 0.50268 0.782574 0.0966733 0.161172
7 0.325539 0.873113 0.20714 0.241622
2 0.449717 0.63818 0.0701867 0.10433
2 0.29098 0.681008 0.0784194 0.135801
2 0.422602 0.536787 0.0517996 0.0842726
2 0.188204 0.847979 0.11733 0.209515
2 0.414172 0.457764 0.0386348 0.0582955
7 0.197336 0.42299 0.0670537 0.105578
2 0.441193 0.421328 0.0322707 0.0540402
0 0.510943 0.89848 0.0402399 0.123665
2 0.3636 0.71503 0.0706145 0.0912289
2 0.0357024 0.722524 0.0714047 0.149142
7 0.363527 0.562399 0.0538077 0.156373
2 0.280229 0.533652 0.0512852 0.0781148
2 0.177662 0.499133 0.0490662 0.0677007
2 0.172841 0.730739 0.0847125 0.13347
2 0.869829 0.711529 0.0625002 0.121397
0 0.101852 0.730004 0.0334928 0.0973382
3 0.101926 0.763621 0.0315643 0.0597882
2 0.764349 0.411219 0.0349452 0.0507338
2 0.0727511 0.630217 0.0746155 0.103584
2 0.145804 0.981506 0.146874 0.0352824
3 0.222214 0.615003 0.022896 0.0504649
7 0.488324 0.47645 0.0456015 0.122713
7 0.407101 0.358773 0.0267671 0.0424244
3 0.0290849 0.874231 0.0408987 0.0888387
2 0.958245 0.628804 0.0824871 0.178143
7 0.958173 0.62739 0.0826393 0.180022
0 0.222413 0.590204 0.0215584 0.0761687
0 0.0302967 0.820623 0.042628 0.10747
2 0.708055 0.413142 0.0386318 0.0362447
3 0.513923 0.948551 0.0394583 0.102899
0 0.280481 0.471775 0.0175866 0.045798
0 0.988932 0.415771 0.0213575 0.0892439
2 0.0140128 0.959807 0.0279982 0.0781476
3 0.267981 0.568742 0.0237285 0.0810608
0 0.190486 0.624561 0.0296424 0.0912818
3 0.190291 0.629671 0.0297328 0.0839993
0 0.238194 0.4903 0.0175388 0.0657883
2 0.40711 0.35932 0.0276295 0.0409408
0 0.141883 0.662763 0.0265786 0.0862613
0 0.231824 0.544671 0.0188832 0.0727128
0 0.0667359 0.957269 0.0536477 0.0854619
3 0.222878 0.603663 0.0243577 0.0708884
2 0.391834 0.322172 0.0202005 0.0340377
0 0.267412 0.569436 0.0250581 0.0807766
3 0.189956 0.642784 0.0288184 0.0606886
0 0.338103 0.352115 0.00925131 0.0339708
3 0.314917 0.415854 0.0117456 0.0397135
7 0.524002 0.543596 0.0895142 0.211511
2 0.62735 0.802115 0.0925384 0.182891
2 0.50268 0.782574 0.0966733 0.161172
7 0.325539 0.873113 0.20714 0.241622
2 0.449717 0.63818 0.0701867 0.10433
2 0.29098 0.681008 0.0784194 0.135801
2 0.422602 0.536787 0.0517996 0.0842726
2 0.188204 0.847979 0.11733 0.209515
2 0.414172 0.457764 0.0386348 0.0582955
7 0.197336 0.42299 0.0670537 0.105578
2 0.441193 0.421328 0.0322707 0.0540402
0 0.510943 0.89848 0.0402399 0.123665
2 0.3636 0.71503 0.0706145 0.0912289
2 0.0357024 0.722524 0.0714047 0.149142
7 0.363527 0.562399 0.0538077 0.156373
2 0.280229 0.533652 0.0512852 0.0781148
2 0.177662 0.499133 0.0490662 0.0677007
2 0.172841 0.730739 0.0847125 0.13347
2 0.869829 0.711529 0.0625002 0.121397
0 0.101852 0.730004 0.0334928 0.0973382
3 0.101926 0.763621 0.0315643 0.0597882
2 0.764349 0.411219 0.0349452 0.0507338
2 0.0727511 0.630217 0.0746155 0.103584
2 0.145804 0.981506 0.146874 0.0352824
3 0.222214 0.615003 0.022896 0.0504649
7 0.488324 0.47645 0.0456015 0.122713
7 0.407101 0.358773 0.0267671 0.0424244
3 0.0290849 0.874231 0.0408987 0.0888387
2 0.958245 0.628804 0.0824871 0.178143
7 0.958173 0.62739 0.0826393 0.180022
0 0.222413 0.590204 0.0215584 0.0761687
0 0.0302967 0.820623 0.042628 0.10747
2 0.708055 0.413142 0.0386318 0.0362447
3 0.513923 0.948551 0.0394583 0.102899
0 0.280481 0.471775 0.0175866 0.045798
0 0.988932 0.415771 0.0213575 0.0892439
2 0.0140128 0.959807 0.0279982 0.0781476
3 0.267981 0.568742 0.0237285 0.0810608
0 0.190486 0.624561 0.0296424 0.0912818
3 0.190291 0.629671 0.0297328 0.0839993
0 0.238194 0.4903 0.0175388 0.0657883
2 0.40711 0.35932 0.0276295 0.0409408
0 0.141883 0.662763 0.0265786 0.0862613
0 0.231824 0.544671 0.0188832 0.0727128
0 0.0667359 0.957269 0.0536477 0.0854619
3 0.222878 0.603663 0.0243577 0.0708884
2 0.391834 0.322172 0.0202005 0.0340377
0 0.267412 0.569436 0.0250581 0.0807766
3 0.189956 0.642784 0.0288184 0.0606886
0 0.338103 0.352115 0.00925131 0.0339708
3 0.314917 0.415854 0.0117456 0.0397135
7 0.524002 0.543596 0.0895142 0.211511
2 0.62735 0.802115 0.0925384 0.182891
2 0.50268 0.782574 0.0966733 0.161172
7 0.325539 0.873113 0.20714 0.241622
2 0.449717 0.63818 0.0701867 0.10433
2 0.29098 0.681008 0.0784194 0.135801
2 0.422602 0.536787 0.0517996 0.0842726
2 0.188204 0.847979 0.11733 0.209515
2 0.414172 0.457764 0.0386348 0.0582955
7 0.197336 0.42299 0.0670537 0.105578
2 0.441193 0.421328 0.0322707 0.0540402
0 0.510943 0.89848 0.0402399 0.123665
2 0.3636 0.71503 0.0706145 0.0912289
2 0.0357024 0.722524 0.0714047 0.149142
7 0.363527 0.562399 0.0538077 0.156373
2 0.280229 0.533652 0.0512852 0.0781148
2 0.177662 0.499133 0.0490662 0.0677007
2 0.172841 0.730739 0.0847125 0.13347
2 0.869829 0.711529 0.0625002 0.121397
0 0.101852 0.730004 0.0334928 0.0973382
3 0.101926 0.763621 0.0315643 0.0597882
2 0.764349 0.411219 0.0349452 0.0507338
2 0.0727511 0.630217 0.0746155 0.103584
2 0.145804 0.981506 0.146874 0.0352824
3 0.222214 0.615003 0.022896 0.0504649
7 0.488324 0.47645 0.0456015 0.122713
7 0.407101 0.358773 0.0267671 0.0424244
3 0.0290849 0.874231 0.0408987 0.0888387
2 0.958245 0.628804 0.0824871 0.178143
7 0.958173 0.62739 0.0826393 0.180022
0 0.222413 0.590204 0.0215584 0.0761687
0 0.0302967 0.820623 0.042628 0.10747
2 0.708055 0.413142 0.0386318 0.0362447
3 0.513923 0.948551 0.0394583 0.102899
0 0.280481 0.471775 0.0175866 0.045798
0 0.988932 0.415771 0.0213575 0.0892439
2 0.0140128 0.959807 0.0279982 0.0781476
3 0.267981 0.568742 0.0237285 0.0810608
0 0.190486 0.624561 0.0296424 0.0912818
3 0.190291 0.629671 0.0297328 0.0839993
0 0.238194 0.4903 0.0175388 0.0657883
2 0.40711 0.35932 0.0276295 0.0409408
0 0.141883 0.662763 0.0265786 0.0862613
0 0.231824 0.544671 0.0188832 0.0727128
0 0.0667359 0.957269 0.0536477 0.0854619
3 0.222878 0.603663 0.0243577 0.0708884
2 0.391834 0.322172 0.0202005 0.0340377
0 0.267412 0.569436 0.0250581 0.0807766
3 0.189956 0.642784 0.0288184 0.0606886
0 0.338103 0.352115 0.00925131 0.0339708
3 0.314917 0.415854 0.0117456 0.0397135
7 0.524002 0.543596 0.0895142 0.211511
2 0.62735 0.802115 0.0925384 0.182891
2 0.50268 0.782574 0.0966733 0.161172
7 0.325539 0.873113 0.20714 0.241622
2 0.449717 0.63818 0.0701867 0.10433
2 0.29098 0.681008 0.0784194 0.135801
2 0.422602 0.536787 0.0517996 0.0842726
2 0.188204 0.847979 0.11733 0.209515
2 0.414172 0.457764 0.0386348 0.0582955
7 0.197336 0.42299 0.0670537 0.105578
2 0.441193 0.421328 0.0322707 0.0540402
0 0.510943 0.89848 0.0402399 0.123665
2 0.3636 0.71503 0.0706145 0.0912289
2 0.0357024 0.722524 0.0714047 0.149142
7 0.363527 0.562399 0.0538077 0.156373
2 0.280229 0.533652 0.0512852 0.0781148
2 0.177662 0.499133 0.0490662 0.0677007
2 0.172841 0.730739 0.0847125 0.13347
2 0.869829 0.711529 0.0625002 0.121397
0 0.101852 0.730004 0.0334928 0.0973382
3 0.101926 0.763621 0.0315643 0.0597882
2 0.764349 0.411219 0.0349452 0.0507338
2 0.0727511 0.630217 0.0746155 0.103584
2 0.145804 0.981506 0.146874 0.0352824
3 0.222214 0.615003 0.022896 0.0504649
7 0.488324 0.47645 0.0456015 0.122713
7 0.407101 0.358773 0.0267671 0.0424244
3 0.0290849 0.874231 0.0408987 0.0888387
2 0.958245 0.628804 0.0824871 0.178143
7 0.958173 0.62739 0.0826393 0.180022
0 0.222413 0.590204 0.0215584 0.0761687
0 0.0302967 0.820623 0.042628 0.10747
2 0.708055 0.413142 0.0386318 0.0362447
3 0.513923 0.948551 0.0394583 0.102899
0 0.280481 0.471775 0.0175866 0.045798
0 0.988932 0.415771 0.0213575 0.0892439
2 0.0140128 0.959807 0.0279982 0.0781476
3 0.267981 0.568742 0.0237285 0.0810608
0 0.190486 0.624561 0.0296424 0.0912818
3 0.190291 0.629671 0.0297328 0.0839993
0 0.238194 0.4903 0.0175388 0.0657883
2 0.40711 0.35932 0.0276295 0.0409408
0 0.141883 0.662763 0.0265786 0.0862613
0 0.231824 0.544671 0.0188832 0.0727128
0 0.0667359 0.957269 0.0536477 0.0854619
3 0.222878 0.603663 0.0243577 0.0708884
2 0.391834 0.322172 0.0202005 0.0340377
0 0.267412 0.569436 0.0250581 0.0807766
3 0.189956 0.642784 0.0288184 0.0606886
0 0.338103 0.352115 0.00925131 0.0339708
3 0.314917 0.415854 0.0117456 0.0397135
7 0.524002 0.543596 0.0895142 0.211511
2 0.62735 0.802115 0.0925384 0.182891
2 0.50268 0.782574 0.0966733 0.161172
7 0.325539 0.873113 0.20714 0.241622
2 0.449717 0.63818 0.0701867 0.10433
2 0.29098 0.681008 0.0784194 0.135801
2 0.422602 0.536787 0.0517996 0.0842726
2 0.188204 0.847979 0.11733 0.209515
2 0.414172 0.457764 0.0386348 0.0582955
7 0.197336 0.42299 0.0670537 0.105578
2 0.441193 0.421328 0.0322707 0.0540402
0 0.510943 0.89848 0.0402399 0.123665
2 0.3636 0.71503 0.0706145 0.0912289
2 0.0357024 0.722524 0.0714047 0.149142
7 0.363527 0.562399 0.0538077 0.156373
2 0.280229 0.533652 0.0512852 0.0781148
2 0.177662 0.499133 0.0490662 0.0677007
2 0.172841 0.730739 0.0847125 0.13347
2 0.869829 0.711529 0.0625002 0.121397
0 0.101852 0.730004 0.0334928 0.0973382
3 0.101926 0.763621 0.0315643 0.0597882
2 0.764349 0.411219 0.0349452 0.0507338
2 0.0727511 0.630217 0.0746155 0.103584
2 0.145804 0.981506 0.146874 0.0352824
3 0.222214 0.615003 0.022896 0.0504649
7 0.488324 0.47645 0.0456015 0.122713
7 0.407101 0.358773 0.0267671 0.0424244
3 0.0290849 0.874231 0.0408987 0.0888387
2 0.958245 0.628804 0.0824871 0.178143
7 0.958173 0.62739 0.0826393 0.180022
0 0.222413 0.590204 0.0215584 0.0761687
0 0.0302967 0.820623 0.042628 0.10747
2 0.708055 0.413142 0.0386318 0.0362447
3 0.513923 0.948551 0.0394583 0.102899
0 0.280481 0.471775 0.0175866 0.045798
0 0.988932 0.415771 0.0213575 0.0892439
2 0.0140128 0.959807 0.0279982 0.0781476
3 0.267981 0.568742 0.0237285 0.0810608
0 0.190486 0.624561 0.0296424 0.0912818
3 0.190291 0.629671 0.0297328 0.0839993
0 0.238194 0.4903 0.0175388 0.0657883
2 0.40711 0.35932 0.0276295 0.0409408
0 0.141883 0.662763 0.0265786 0.0862613
0 0.231824 0.544671 0.0188832 0.0727128
0 0.0667359 0.957269 0.0536477 0.0854619
3 0.222878 0.603663 0.0243577 0.0708884
2 0.391834 0.322172 0.0202005 0.0340377
0 0.267412 0.569436 0.0250581 0.0807766
3 0.189956 0.642784 0.0288184 0.0606886
0 0.338103 0.352115 0.00925131 0.0339708
3 0.314917 0.415854 0.0117456 0.0397135
7 0.524002 0.543596 0.0895142 0.211511
2 0.62735 0.802115 0.0925384 0.182891
2 0.50268 0.782574 0.0966733 0.161172
7 0.325539 0.873113 0.20714 0.241622
2 0.449717 0.63818 0.0701867 0.10433
2 0.29098 0.681008 0.0784194 0.135801
2 0.422602 0.536787 0.0517996 0.0842726
2 0.188204 0.847979 0.11733 0.209515
2 0.414172 0.457764 0.0386348 0.0582955
7 0.197336 0.42299 0.0670537 0.105578
2 0.441193 0.421328 0.0322707 0.0540402
0 0.510943 0.89848 0.0402399 0.123665
2 0.3636 0.71503 0.0706145 0.0912289
2 0.0357024 0.722524 0.0714047 0.149142
7 0.363527 0.562399 0.0538077 0.156373
2 0.280229 0.533652 0.0512852 0.0781148
2 0.177662 0.499133 0.0490662 0.0677007
2 0.172841 0.730739 0.0847125 0.13347
2 0.869829 0.711529 0.0625002 0.121397
0 0.101852 0.730004 0.0334928 0.0973382
3 0.101926 0.763621 0.0315643 0.0597882
2 0.764349 0.411219 0.0349452 0.0507338
2 0.0727511 0.630217 0.0746155 0.103584
2 0.145804 0.981506 0.146874 0.0352824
3 0.222214 0.615003 0.022896 0.0504649
7 0.488324 0.47645 0.0456015 0.122713
7 0.407101 0.358773 0.0267671 0.0424244
3 0.0290849 0.874231 0.0408987 0.0888387
2 0.958245 0.628804 0.0824871 0.178143
7 0.958173 0.62739 0.0826393 0.180022
0 0.222413 0.590204 0.0215584 0.0761687
0 0.0302967 0.820623 0.042628 0.10747
2 0.708055 0.413142 0.0386318 0.0362447
3 0.513923 0.948551 0.0394583 0.102899
0 0.280481 0.471775 0.0175866 0.045798
0 0.988932 0.415771 0.0213575 0.0892439
2 0.0140128 0.959807 0.0279982 0.0781476
3 0.267981 0.568742 0.0237285 0.0810608
0 0.190486 0.624561 0.0296424 0.0912818
3 0.190291 0.629671 0.0297328 0.0839993
0 0.238194 0.4903 0.0175388 0.0657883
2 0.40711 0.35932 0.0276295 0.0409408
0 0.141883 0.662763 0.0265786 0.0862613
0 0.231824 0.544671 0.0188832 0.0727128
0 0.0667359 0.957269 0.0536477 0.0854619
3 0.222878 0.603663 0.0243577 0.0708884
2 0.391834 0.322172 0.0202005 0.0340377
0 0.267412 0.569436 0.0250581 0.0807766
3 0.189956 0.642784 0.0288184 0.0606886
0 0.338103 0.352115 0.00925131 0.0339708
3 0.314917 0.415854 0.0117456 0.0397135
7 0.524002 0.543596 0.0895142 0.211511
2 0.62735 0.802115 0.0925384 0.182891
2 0.50268 0.782574 0.0966733 0.161172
7 0.325539 0.873113 0.20714 0.241622
2 0.449717 0.63818 0.0701867 0.10433
2 0.29098 0.681008 0.0784194 0.135801
2 0.422602 0.536787 0.0517996 0.0842726
2 0.188204 0.847979 0.11733 0.209515
2 0.414172 0.457764 0.0386348 0.0582955
7 0.197336 0.42299 0.0670537 0.105578
2 0.441193 0.421328 0.0322707 0.0540402
0 0.510943 0.89848 0.0402399 0.123665
2 0.3636 0.71503 0.0706145 0.0912289
2 0.0357024 0.722524 0.0714047 0.149142
7 0.363527 0.562399 0.0538077 0.156373
2 0.280229 0.533652 0.0512852 0.0781148
2 0.177662 0.499133 0.0490662 0.0677007
2 0.172841 0.730739 0.0847125 0.13347
2 0.869829 0.711529 0.0625002 0.121397
0 0.101852 0.730004 0.0334928 0.0973382
3 0.101926 0.763621 0.0315643 0.0597882
2 0.764349 0.411219 0.0349452 0.0507338
2 0.0727511 0.630217 0.0746155 0.103584
2 0.145804 0.981506 0.146874 0.0352824
3 0.222214 0.615003 0.022896 0.0504649
7 0.488324 0.47645 0.0456015 0.122713
7 0.407101 0.358773 0.0267671 0.0424244
3 0.0290849 0.874231 0.0408987 0.0888387
2 0.958245 0.628804 0.0824871 0.178143
7 0.958173 0.62739 0.0826393 0.180022
0 0.222413 0.590204 0.0215584 0.0761687
0 0.0302967 0.820623 0.042628 0.10747
2 0.708055 0.413142 0.0386318 0.0362447
3 0.513923 0.948551 0.0394583 0.102899
0 0.280481 0.471775 0.0175866 0.045798
0 0.988932 0.415771 0.0213575 0.0892439
2 0.0140128 0.959807 0.0279982 0.0781476
3 0.267981 0.568742 0.0237285 0.0810608
0 0.190486 0.624561 0.0296424 0.0912818
3 0.190291 0.629671 0.0297328 0.0839993
0 0.238194 0.4903 0.0175388 0.0657883
2 0.40711 0.35932 0.0276295 0.0409408
0 0.141883 0.662763 0.0265786 0.0862613
0 0.231824 0.544671 0.0188832 0.0727128
0 0.0667359 0.957269 0.0536477 0.0854619
3 0.222878 0.603663 0.0243577 0.0708884
2 0.391834 0.322172 0.0202005 0.0340377
0 0.267412 0.569436 0.0250581 0.0807766
3 0.189956 0.642784 0.0288184 0.0606886
0 0.338103 0.352115 0.00925131 0.0339708
3 0.314917 0.415854 0.0117456 0.0397135
7 0.327331 0.873257 0.210148 0.242646
2 0.627632 0.802134 0.0931547 0.18386
2 0.502798 0.783093 0.096842 0.159289
2 0.291041 0.680184 0.0776732 0.133066
2 0.188013 0.848807 0.117816 0.210393
2 0.450415 0.639553 0.0703277 0.103923
2 0.0353758 0.71971 0.0702486 0.137847
0 0.510844 0.90147 0.0404748 0.130693
2 0.422816 0.534979 0.0512334 0.0804421
2 0.414149 0.456279 0.0378826 0.0583247
2 0.280649 0.532144 0.0490183 0.0775389
2 0.363474 0.714478 0.0693191 0.0898495
7 0.486812 0.477181 0.0449863 0.125542
2 0.172347 0.729695 0.0848445 0.138676
2 0.441115 0.4208 0.0329027 0.0552877
2 0.87102 0.708855 0.0601498 0.120482
2 0.0747818 0.629927 0.0778095 0.100949
5 0.196321 0.424405 0.061578 0.108033
0 0.101638 0.726429 0.0327253 0.0889079
7 0.5243 0.542748 0.0890855 0.210436
3 0.101547 0.763044 0.0321319 0.0760006
2 0.145355 0.981571 0.144767 0.0357641
3 0.515114 0.962813 0.0392521 0.0717751
7 0.363153 0.560344 0.0524915 0.154502
3 0.221821 0.61522 0.0232108 0.0491627
0 0.221208 0.58653 0.0230499 0.0682682
2 0.392028 0.322424 0.0206781 0.0330787
0 0.030447 0.822415 0.0395098 0.113963
0 0.232281 0.541473 0.0198595 0.0719096
7 0.327331 0.873257 0.210148 0.242646
2 0.627632 0.802134 0.0931547 0.18386
2 0.502798 0.783093 0.096842 0.159289
2 0.291041 0.680184 0.0776732 0.133066
2 0.188013 0.848807 0.117816 0.210393
2 0.450415 0.639553 0.0703277 0.103923
2 0.0353758 0.71971 0.0702486 0.137847
0 0.510844 0.90147 0.0404748 0.130693
2 0.422816 0.534979 0.0512334 0.0804421
2 0.414149 0.456279 0.0378826 0.0583247
2 0.280649 0.532144 0.0490183 0.0775389
2 0.363474 0.714478 0.0693191 0.0898495
7 0.486812 0.477181 0.0449863 0.125542
2 0.172347 0.729695 0.0848445 0.138676
2 0.441115 0.4208 0.0329027 0.0552877
2 0.87102 0.708855 0.0601498 0.120482
2 0.0747818 0.629927 0.0778095 0.100949
5 0.196321 0.424405 0.061578 0.108033
0 0.101638 0.726429 0.0327253 0.0889079
7 0.5243 0.542748 0.0890855 0.210436
3 0.101547 0.763044 0.0321319 0.0760006
2 0.145355 0.981571 0.144767 0.0357641
3 0.515114 0.962813 0.0392521 0.0717751
7 0.363153 0.560344 0.0524915 0.154502
3 0.221821 0.61522 0.0232108 0.0491627
0 0.221208 0.58653 0.0230499 0.0682682
2 0.392028 0.322424 0.0206781 0.0330787
0 0.030447 0.822415 0.0395098 0.113963
0 0.232281 0.541473 0.0198595 0.0719096
