2 0.669844 0.807221 0.134893 0.352074
2 0.185876 0.811609 0.236931 0.328055
2 0.138859 0.672952 0.198162 0.240552
2 0.903126 0.551195 0.127424 0.281265
2 0.730647 0.452078 0.0925882 0.180512
2 0.868173 0.347442 0.0856323 0.159445
2 0.879031 0.862257 0.162353 0.268481
5 0.922675 0.103287 0.12318 0.179791
2 0.923217 0.242218 0.0769726 0.110219
2 0.75962 0.297506 0.0747631 0.134852
2 0.844139 0.174119 0.0597977 0.0860298
7 0.328441 0.829077 0.299835 0.328747
3 0.630418 0.625876 0.0352844 0.115144
0 0.440812 0.422335 0.0291124 0.0752696
3 0.441152 0.274542 0.0179315 0.0528784
3 0.666885 0.357105 0.0325506 0.092627
2 0.774299 0.0198323 0.0547646 0.0393995
3 0.495946 0.34573 0.026441 0.0800077
3 0.516448 0.450909 0.0284801 0.0931785
0 0.395276 0.256924 0.0204801 0.0771419
3 0.637099 0.46818 0.0316509 0.0895395
3 0.440474 0.462943 0.0298366 0.0812882
0 0.440202 0.249998 0.0209476 0.0680283
0 0.980298 0.79303 0.0384222 0.183501
3 0.555566 0.328626 0.0249157 0.0627984
3 0.7069 0.252071 0.0290936 0.0674962
2 0.990412 0.430809 0.0182793 0.214804
3 0.644806 0.171872 0.0256833 0.0473844
2 0.990514 0.274329 0.0182571 0.127197
0 0.631481 0.553754 0.0384069 0.0941308
0 0.637924 0.414694 0.0325182 0.0653709
3 0.981447 0.862066 0.0362995 0.148023
0 0.51769 0.424153 0.0289356 0.0877107
3 0.671387 0.35097 0.0423296 0.103673
0 0.55685 0.299081 0.0264261 0.0882408
0 0.0694133 0.573502 0.0333369 0.1124
0 0.352767 0.298565 0.0220577 0.0766202
0 0.577661 0.371252 0.0293834 0.101389
3 0.354451 0.322107 0.0243081 0.0624137
2 0.756499 0.162572 0.0575472 0.0946626
3 0.7001 0.142702 0.0200954 0.0418127
3 0.595126 0.240022 0.0261335 0.0824009
0 0.0527078 0.576724 0.0317392 0.107962
3 0.593167 0.254676 0.0217907 0.056717
7 0.75677 0.162745 0.0572318 0.0954471
0 0.0565193 0.585346 0.039151 0.124451
7 0.217024 0.154248 0.174854 0.253107
0 0.595171 0.237391 0.0254187 0.0844619
3 0.417595 0.189787 0.0183502 0.0598012
3 0.0741256 0.593182 0.075181 0.123688
0 0.460908 0.181653 0.0166735 0.0632164
3 0.577846 0.374286 0.0291147 0.0985399
0 0.497112 0.321676 0.0274773 0.0774281
0 0.668753 0.317265 0.0318861 0.0825495
3 0.813739 0.264473 0.0297317 0.0932584
3 0.627147 0.270876 0.0278866 0.0517461
3 0.320746 0.187664 0.0379952 0.0447773
0 0.0796989 0.569837 0.0534712 0.106558
3 0.81467 0.280222 0.0293072 0.0715024
3 0.386543 0.148047 0.0139997 0.058408
3 0.579277 0.397334 0.0252424 0.0584286
0 0.0517016 0.557032 0.0276313 0.0691098
3 0.398858 0.296045 0.0189312 0.0652368
0 0.6269 0.246873 0.0285582 0.0828464
0 0.091887 0.573318 0.0322915 0.0753756
0 0.647377 0.144817 0.0180119 0.0468427
0 0.791734 0.223902 0.0258989 0.0882224
0 0.705079 0.232668 0.0252707 0.0763005
2 0.830954 0.115784 0.0503746 0.0593756
0 0.702275 0.120073 0.0162991 0.0549221
3 0.482153 0.14309 0.0130383 0.0524219
2 0.073329 0.59257 0.0694858 0.126984
0 0.386513 0.14788 0.0140516 0.0577178
3 0.626386 0.251177 0.029163 0.0872754
3 0.395656 0.283283 0.0224527 0.0493569
2 0.669844 0.807221 0.134893 0.352074
2 0.185876 0.811609 0.236931 0.328055
2 0.138859 0.672952 0.198162 0.240552
2 0.903126 0.551195 0.127424 0.281265
2 0.730647 0.452078 0.0925882 0.180512
2 0.868173 0.347442 0.0856323 0.159445
2 0.879031 0.862257 0.162353 0.268481
5 0.922675 0.103287 0.12318 0.179791
2 0.923217 0.242218 0.0769726 0.110219
2 0.75962 0.297506 0.0747631 0.134852
2 0.844139 0.174119 0.0597977 0.0860298
7 0.328441 0.829077 0.299835 0.328747
3 0.630418 0.625876 0.0352844 0.115144
0 0.440812 0.422335 0.0291124 0.0752696
3 0.441152 0.274542 0.0179315 0.0528784
3 0.666885 0.357105 0.0325506 0.092627
2 0.774299 0.0198323 0.0547646 0.0393995
3 0.495946 0.34573 0.026441 0.0800077
3 0.516448 0.450909 0.0284801 0.0931785
0 0.395276 0.256924 0.0204801 0.0771419
3 0.637099 0.46818 0.0316509 0.0895395
3 0.440474 0.462943 0.0298366 0.0812882
0 0.440202 0.249998 0.0209476 0.0680283
0 0.980298 0.79303 0.0384222 0.183501
3 0.555566 0.328626 0.0249157 0.0627984
3 0.7069 0.252071 0.0290936 0.0674962
2 0.990412 0.430809 0.0182793 0.214804
3 0.644806 0.171872 0.0256833 0.0473844
2 0.990514 0.274329 0.0182571 0.127197
0 0.631481 0.553754 0.0384069 0.0941308
0 0.637924 0.414694 0.0325182 0.0653709
3 0.981447 0.862066 0.0362995 0.148023
0 0.51769 0.424153 0.0289356 0.0877107
3 0.671387 0.35097 0.0423296 0.103673
0 0.55685 0.299081 0.0264261 0.0882408
0 0.0694133 0.573502 0.0333369 0.1124
0 0.352767 0.298565 0.0220577 0.0766202
0 0.577661 0.371252 0.0293834 0.101389
3 0.354451 0.322107 0.0243081 0.0624137
2 0.756499 0.162572 0.0575472 0.0946626
3 0.7001 0.142702 0.0200954 0.0418127
3 0.595126 0.240022 0.0261335 0.0824009
0 0.0527078 0.576724 0.0317392 0.107962
3 0.593167 0.254676 0.0217907 0.056717
7 0.75677 0.162745 0.0572318 0.0954471
0 0.0565193 0.585346 0.039151 0.124451
7 0.217024 0.154248 0.174854 0.253107
0 0.595171 0.237391 0.0254187 0.0844619
3 0.417595 0.189787 0.0183502 0.0598012
3 0.0741256 0.593182 0.075181 0.123688
0 0.460908 0.181653 0.0166735 0.0632164
3 0.577846 0.374286 0.0291147 0.0985399
0 0.497112 0.321676 0.0274773 0.0774281
0 0.668753 0.317265 0.0318861 0.0825495
3 0.813739 0.264473 0.0297317 0.0932584
3 0.627147 0.270876 0.0278866 0.0517461
3 0.320746 0.187664 0.0379952 0.0447773
0 0.0796989 0.569837 0.0534712 0.106558
3 0.81467 0.280222 0.0293072 0.0715024
3 0.386543 0.148047 0.0139997 0.058408
3 0.579277 0.397334 0.0252424 0.0584286
0 0.0517016 0.557032 0.0276313 0.0691098
3 0.398858 0.296045 0.0189312 0.0652368
0 0.6269 0.246873 0.0285582 0.0828464
0 0.091887 0.573318 0.0322915 0.0753756
0 0.647377 0.144817 0.0180119 0.0468427
0 0.791734 0.223902 0.0258989 0.0882224
0 0.705079 0.232668 0.0252707 0.0763005
2 0.830954 0.115784 0.0503746 0.0593756
0 0.702275 0.120073 0.0162991 0.0549221
3 0.482153 0.14309 0.0130383 0.0524219
2 0.073329 0.59257 0.0694858 0.126984
0 0.386513 0.14788 0.0140516 0.0577178
3 0.626386 0.251177 0.029163 0.0872754
3 0.395656 0.283283 0.0224527 0.0493569
2 0.669844 0.807221 0.134893 0.352074
2 0.185876 0.811609 0.236931 0.328055
2 0.138859 0.672952 0.198162 0.240552
2 0.903126 0.551195 0.127424 0.281265
2 0.730647 0.452078 0.0925882 0.180512
2 0.868173 0.347442 0.0856323 0.159445
2 0.879031 0.862257 0.162353 0.268481
5 0.922675 0.103287 0.12318 0.179791
2 0.923217 0.242218 0.0769726 0.110219
2 0.75962 0.297506 0.0747631 0.134852
2 0.844139 0.174119 0.0597977 0.0860298
7 0.328441 0.829077 0.299835 0.328747
3 0.630418 0.625876 0.0352844 0.115144
0 0.440812 0.422335 0.0291124 0.0752696
3 0.441152 0.274542 0.0179315 0.0528784
3 0.666885 0.357105 0.0325506 0.092627
2 0.774299 0.0198323 0.0547646 0.0393995
3 0.495946 0.34573 0.026441 0.0800077
3 0.516448 0.450909 0.0284801 0.0931785
0 0.395276 0.256924 0.0204801 0.0771419
3 0.637099 0.46818 0.0316509 0.0895395
3 0.440474 0.462943 0.0298366 0.0812882
0 0.440202 0.249998 0.0209476 0.0680283
0 0.980298 0.79303 0.0384222 0.183501
3 0.555566 0.328626 0.0249157 0.0627984
3 0.7069 0.252071 0.0290936 0.0674962
2 0.990412 0.430809 0.0182793 0.214804
3 0.644806 0.171872 0.0256833 0.0473844
2 0.990514 0.274329 0.0182571 0.127197
0 0.631481 0.553754 0.0384069 0.0941308
0 0.637924 0.414694 0.0325182 0.0653709
3 0.981447 0.862066 0.0362995 0.148023
0 0.51769 0.424153 0.0289356 0.0877107
3 0.671387 0.35097 0.0423296 0.103673
0 0.55685 0.299081 0.0264261 0.0882408
0 0.0694133 0.573502 0.0333369 0.1124
0 0.352767 0.298565 0.0220577 0.0766202
0 0.577661 0.371252 0.0293834 0.101389
3 0.354451 0.322107 0.0243081 0.0624137
2 0.756499 0.162572 0.0575472 0.0946626
3 0.7001 0.142702 0.0200954 0.0418127
3 0.595126 0.240022 0.0261335 0.0824009
0 0.0527078 0.576724 0.0317392 0.107962
3 0.593167 0.254676 0.0217907 0.056717
7 0.75677 0.162745 0.0572318 0.0954471
0 0.0565193 0.585346 0.039151 0.124451
7 0.217024 0.154248 0.174854 0.253107
0 0.595171 0.237391 0.0254187 0.0844619
3 0.417595 0.189787 0.0183502 0.0598012
3 0.0741256 0.593182 0.075181 0.123688
0 0.460908 0.181653 0.0166735 0.0632164
3 0.577846 0.374286 0.0291147 0.0985399
0 0.497112 0.321676 0.0274773 0.0774281
0 0.668753 0.317265 0.0318861 0.0825495
3 0.813739 0.264473 0.0297317 0.0932584
3 0.627147 0.270876 0.0278866 0.0517461
3 0.320746 0.187664 0.0379952 0.0447773
0 0.0796989 0.569837 0.0534712 0.106558
3 0.81467 0.280222 0.0293072 0.0715024
3 0.386543 0.148047 0.0139997 0.058408
3 0.579277 0.397334 0.0252424 0.0584286
0 0.0517016 0.557032 0.0276313 0.0691098
3 0.398858 0.296045 0.0189312 0.0652368
0 0.6269 0.246873 0.0285582 0.0828464
0 0.091887 0.573318 0.0322915 0.0753756
0 0.647377 0.144817 0.0180119 0.0468427
0 0.791734 0.223902 0.0258989 0.0882224
0 0.705079 0.232668 0.0252707 0.0763005
2 0.830954 0.115784 0.0503746 0.0593756
0 0.702275 0.120073 0.0162991 0.0549221
3 0.482153 0.14309 0.0130383 0.0524219
2 0.073329 0.59257 0.0694858 0.126984
0 0.386513 0.14788 0.0140516 0.0577178
3 0.626386 0.251177 0.029163 0.0872754
3 0.395656 0.283283 0.0224527 0.0493569
2 0.669844 0.807221 0.134893 0.352074
2 0.185876 0.811609 0.236931 0.328055
2 0.138859 0.672952 0.198162 0.240552
2 0.903126 0.551195 0.127424 0.281265
2 0.730647 0.452078 0.0925882 0.180512
2 0.868173 0.347442 0.0856323 0.159445
2 0.879031 0.862257 0.162353 0.268481
5 0.922675 0.103287 0.12318 0.179791
2 0.923217 0.242218 0.0769726 0.110219
2 0.75962 0.297506 0.0747631 0.134852
2 0.844139 0.174119 0.0597977 0.0860298
7 0.328441 0.829077 0.299835 0.328747
3 0.630418 0.625876 0.0352844 0.115144
0 0.440812 0.422335 0.0291124 0.0752696
3 0.441152 0.274542 0.0179315 0.0528784
3 0.666885 0.357105 0.0325506 0.092627
2 0.774299 0.0198323 0.0547646 0.0393995
3 0.495946 0.34573 0.026441 0.0800077
3 0.516448 0.450909 0.0284801 0.0931785
0 0.395276 0.256924 0.0204801 0.0771419
3 0.637099 0.46818 0.0316509 0.0895395
3 0.440474 0.462943 0.0298366 0.0812882
0 0.440202 0.249998 0.0209476 0.0680283
0 0.980298 0.79303 0.0384222 0.183501
3 0.555566 0.328626 0.0249157 0.0627984
3 0.7069 0.252071 0.0290936 0.0674962
2 0.990412 0.430809 0.0182793 0.214804
3 0.644806 0.171872 0.0256833 0.0473844
2 0.990514 0.274329 0.0182571 0.127197
0 0.631481 0.553754 0.0384069 0.0941308
0 0.637924 0.414694 0.0325182 0.0653709
3 0.981447 0.862066 0.0362995 0.148023
0 0.51769 0.424153 0.0289356 0.0877107
3 0.671387 0.35097 0.0423296 0.103673
0 0.55685 0.299081 0.0264261 0.0882408
0 0.0694133 0.573502 0.0333369 0.1124
0 0.352767 0.298565 0.0220577 0.0766202
0 0.577661 0.371252 0.0293834 0.101389
3 0.354451 0.322107 0.0243081 0.0624137
2 0.756499 0.162572 0.0575472 0.0946626
3 0.7001 0.142702 0.0200954 0.0418127
3 0.595126 0.240022 0.0261335 0.0824009
0 0.0527078 0.576724 0.0317392 0.107962
3 0.593167 0.254676 0.0217907 0.056717
7 0.75677 0.162745 0.0572318 0.0954471
0 0.0565193 0.585346 0.039151 0.124451
7 0.217024 0.154248 0.174854 0.253107
0 0.595171 0.237391 0.0254187 0.0844619
3 0.417595 0.189787 0.0183502 0.0598012
3 0.0741256 0.593182 0.075181 0.123688
0 0.460908 0.181653 0.0166735 0.0632164
3 0.577846 0.374286 0.0291147 0.0985399
0 0.497112 0.321676 0.0274773 0.0774281
0 0.668753 0.317265 0.0318861 0.0825495
3 0.813739 0.264473 0.0297317 0.0932584
3 0.627147 0.270876 0.0278866 0.0517461
3 0.320746 0.187664 0.0379952 0.0447773
0 0.0796989 0.569837 0.0534712 0.106558
3 0.81467 0.280222 0.0293072 0.0715024
3 0.386543 0.148047 0.0139997 0.058408
3 0.579277 0.397334 0.0252424 0.0584286
0 0.0517016 0.557032 0.0276313 0.0691098
3 0.398858 0.296045 0.0189312 0.0652368
0 0.6269 0.246873 0.0285582 0.0828464
0 0.091887 0.573318 0.0322915 0.0753756
0 0.647377 0.144817 0.0180119 0.0468427
0 0.791734 0.223902 0.0258989 0.0882224
0 0.705079 0.232668 0.0252707 0.0763005
2 0.830954 0.115784 0.0503746 0.0593756
0 0.702275 0.120073 0.0162991 0.0549221
3 0.482153 0.14309 0.0130383 0.0524219
2 0.073329 0.59257 0.0694858 0.126984
0 0.386513 0.14788 0.0140516 0.0577178
3 0.626386 0.251177 0.029163 0.0872754
3 0.395656 0.283283 0.0224527 0.0493569
2 0.669844 0.807221 0.134893 0.352074
2 0.185876 0.811609 0.236931 0.328055
2 0.138859 0.672952 0.198162 0.240552
2 0.903126 0.551195 0.127424 0.281265
2 0.730647 0.452078 0.0925882 0.180512
2 0.868173 0.347442 0.0856323 0.159445
2 0.879031 0.862257 0.162353 0.268481
5 0.922675 0.103287 0.12318 0.179791
2 0.923217 0.242218 0.0769726 0.110219
2 0.75962 0.297506 0.0747631 0.134852
2 0.844139 0.174119 0.0597977 0.0860298
7 0.328441 0.829077 0.299835 0.328747
3 0.630418 0.625876 0.0352844 0.115144
0 0.440812 0.422335 0.0291124 0.0752696
3 0.441152 0.274542 0.0179315 0.0528784
3 0.666885 0.357105 0.0325506 0.092627
2 0.774299 0.0198323 0.0547646 0.0393995
3 0.495946 0.34573 0.026441 0.0800077
3 0.516448 0.450909 0.0284801 0.0931785
0 0.395276 0.256924 0.0204801 0.0771419
3 0.637099 0.46818 0.0316509 0.0895395
3 0.440474 0.462943 0.0298366 0.0812882
0 0.440202 0.249998 0.0209476 0.0680283
0 0.980298 0.79303 0.0384222 0.183501
3 0.555566 0.328626 0.0249157 0.0627984
3 0.7069 0.252071 0.0290936 0.0674962
2 0.990412 0.430809 0.0182793 0.214804
3 0.644806 0.171872 0.0256833 0.0473844
2 0.990514 0.274329 0.0182571 0.127197
0 0.631481 0.553754 0.0384069 0.0941308
0 0.637924 0.414694 0.0325182 0.0653709
3 0.981447 0.862066 0.0362995 0.148023
0 0.51769 0.424153 0.0289356 0.0877107
3 0.671387 0.35097 0.0423296 0.103673
0 0.55685 0.299081 0.0264261 0.0882408
0 0.0694133 0.573502 0.0333369 0.1124
0 0.352767 0.298565 0.0220577 0.0766202
0 0.577661 0.371252 0.0293834 0.101389
3 0.354451 0.322107 0.0243081 0.0624137
2 0.756499 0.162572 0.0575472 0.0946626
3 0.7001 0.142702 0.0200954 0.0418127
3 0.595126 0.240022 0.0261335 0.0824009
0 0.0527078 0.576724 0.0317392 0.107962
3 0.593167 0.254676 0.0217907 0.056717
7 0.75677 0.162745 0.0572318 0.0954471
0 0.0565193 0.585346 0.039151 0.124451
7 0.217024 0.154248 0.174854 0.253107
0 0.595171 0.237391 0.0254187 0.0844619
3 0.417595 0.189787 0.0183502 0.0598012
3 0.0741256 0.593182 0.075181 0.123688
0 0.460908 0.181653 0.0166735 0.0632164
3 0.577846 0.374286 0.0291147 0.0985399
0 0.497112 0.321676 0.0274773 0.0774281
0 0.668753 0.317265 0.0318861 0.0825495
3 0.813739 0.264473 0.0297317 0.0932584
3 0.627147 0.270876 0.0278866 0.0517461
3 0.320746 0.187664 0.0379952 0.0447773
0 0.0796989 0.569837 0.0534712 0.106558
3 0.81467 0.280222 0.0293072 0.0715024
3 0.386543 0.148047 0.0139997 0.058408
3 0.579277 0.397334 0.0252424 0.0584286
0 0.0517016 0.557032 0.0276313 0.0691098
3 0.398858 0.296045 0.0189312 0.0652368
0 0.6269 0.246873 0.0285582 0.0828464
0 0.091887 0.573318 0.0322915 0.0753756
0 0.647377 0.144817 0.0180119 0.0468427
0 0.791734 0.223902 0.0258989 0.0882224
0 0.705079 0.232668 0.0252707 0.0763005
2 0.830954 0.115784 0.0503746 0.0593756
0 0.702275 0.120073 0.0162991 0.0549221
3 0.482153 0.14309 0.0130383 0.0524219
2 0.073329 0.59257 0.0694858 0.126984
0 0.386513 0.14788 0.0140516 0.0577178
3 0.626386 0.251177 0.029163 0.0872754
3 0.395656 0.283283 0.0224527 0.0493569
2 0.669844 0.807221 0.134893 0.352074
2 0.185876 0.811609 0.236931 0.328055
2 0.138859 0.672952 0.198162 0.240552
2 0.903126 0.551195 0.127424 0.281265
2 0.730647 0.452078 0.0925882 0.180512
2 0.868173 0.347442 0.0856323 0.159445
2 0.879031 0.862257 0.162353 0.268481
5 0.922675 0.103287 0.12318 0.179791
2 0.923217 0.242218 0.0769726 0.110219
2 0.75962 0.297506 0.0747631 0.134852
2 0.844139 0.174119 0.0597977 0.0860298
7 0.328441 0.829077 0.299835 0.328747
3 0.630418 0.625876 0.0352844 0.115144
0 0.440812 0.422335 0.0291124 0.0752696
3 0.441152 0.274542 0.0179315 0.0528784
3 0.666885 0.357105 0.0325506 0.092627
2 0.774299 0.0198323 0.0547646 0.0393995
3 0.495946 0.34573 0.026441 0.0800077
3 0.516448 0.450909 0.0284801 0.0931785
0 0.395276 0.256924 0.0204801 0.0771419
3 0.637099 0.46818 0.0316509 0.0895395
3 0.440474 0.462943 0.0298366 0.0812882
0 0.440202 0.249998 0.0209476 0.0680283
0 0.980298 0.79303 0.0384222 0.183501
3 0.555566 0.328626 0.0249157 0.0627984
3 0.7069 0.252071 0.0290936 0.0674962
2 0.990412 0.430809 0.0182793 0.214804
3 0.644806 0.171872 0.0256833 0.0473844
2 0.990514 0.274329 0.0182571 0.127197
0 0.631481 0.553754 0.0384069 0.0941308
0 0.637924 0.414694 0.0325182 0.0653709
3 0.981447 0.862066 0.0362995 0.148023
0 0.51769 0.424153 0.0289356 0.0877107
3 0.671387 0.35097 0.0423296 0.103673
0 0.55685 0.299081 0.0264261 0.0882408
0 0.0694133 0.573502 0.0333369 0.1124
0 0.352767 0.298565 0.0220577 0.0766202
0 0.577661 0.371252 0.0293834 0.101389
3 0.354451 0.322107 0.0243081 0.0624137
2 0.756499 0.162572 0.0575472 0.0946626
3 0.7001 0.142702 0.0200954 0.0418127
3 0.595126 0.240022 0.0261335 0.0824009
0 0.0527078 0.576724 0.0317392 0.107962
3 0.593167 0.254676 0.0217907 0.056717
7 0.75677 0.162745 0.0572318 0.0954471
0 0.0565193 0.585346 0.039151 0.124451
7 0.217024 0.154248 0.174854 0.253107
0 0.595171 0.237391 0.0254187 0.0844619
3 0.417595 0.189787 0.0183502 0.0598012
3 0.0741256 0.593182 0.075181 0.123688
0 0.460908 0.181653 0.0166735 0.0632164
3 0.577846 0.374286 0.0291147 0.0985399
0 0.497112 0.321676 0.0274773 0.0774281
0 0.668753 0.317265 0.0318861 0.0825495
3 0.813739 0.264473 0.0297317 0.0932584
3 0.627147 0.270876 0.0278866 0.0517461
3 0.320746 0.187664 0.0379952 0.0447773
0 0.0796989 0.569837 0.0534712 0.106558
3 0.81467 0.280222 0.0293072 0.0715024
3 0.386543 0.148047 0.0139997 0.058408
3 0.579277 0.397334 0.0252424 0.0584286
0 0.0517016 0.557032 0.0276313 0.0691098
3 0.398858 0.296045 0.0189312 0.0652368
0 0.6269 0.246873 0.0285582 0.0828464
0 0.091887 0.573318 0.0322915 0.0753756
0 0.647377 0.144817 0.0180119 0.0468427
0 0.791734 0.223902 0.0258989 0.0882224
0 0.705079 0.232668 0.0252707 0.0763005
2 0.830954 0.115784 0.0503746 0.0593756
0 0.702275 0.120073 0.0162991 0.0549221
3 0.482153 0.14309 0.0130383 0.0524219
2 0.073329 0.59257 0.0694858 0.126984
0 0.386513 0.14788 0.0140516 0.0577178
3 0.626386 0.251177 0.029163 0.0872754
3 0.395656 0.283283 0.0224527 0.0493569
2 0.139864 0.674871 0.200636 0.238288
2 0.66975 0.808725 0.134436 0.353253
2 0.903285 0.55134 0.127019 0.283446
2 0.731256 0.45381 0.0920019 0.181915
5 0.921441 0.102414 0.120797 0.180737
2 0.867125 0.348739 0.088245 0.161963
2 0.923472 0.243296 0.0775887 0.111908
2 0.760115 0.291676 0.0784092 0.14709
3 0.980897 0.853867 0.0374493 0.164869
2 0.877523 0.860249 0.1631 0.265613
3 0.440982 0.456707 0.0311659 0.092364
3 0.62919 0.624842 0.0362995 0.109915
2 0.756464 0.16344 0.0568796 0.0980304
3 0.51404 0.457441 0.0246801 0.0837835
0 0.44119 0.422649 0.029516 0.075268
0 0.631144 0.554035 0.0394264 0.0912674
3 0.355688 0.321206 0.0252428 0.0635211
0 0.5173 0.42324 0.0296893 0.0853602
3 0.637142 0.471057 0.0313725 0.0852857
3 0.441008 0.271563 0.0193878 0.0604362
7 0.329556 0.82983 0.299606 0.327368
3 0.554538 0.330256 0.0247986 0.0577773
0 0.979744 0.793419 0.0397861 0.174511
3 0.496569 0.34681 0.027813 0.0767763
3 0.578007 0.386032 0.0299194 0.0785104
3 0.666494 0.35565 0.0321877 0.094556
0 0.352799 0.298629 0.0230461 0.0718112
0 0.705403 0.227867 0.0249611 0.0678512
0 0.440196 0.247976 0.020682 0.0633784
3 0.704367 0.253827 0.0242016 0.0654213
0 0.556392 0.298602 0.025429 0.0904008
3 0.814908 0.275973 0.0337297 0.0812903
2 0.139864 0.674871 0.200636 0.238288
2 0.66975 0.808725 0.134436 0.353253
2 0.903285 0.55134 0.127019 0.283446
2 0.731256 0.45381 0.0920019 0.181915
5 0.921441 0.102414 0.120797 0.180737
2 0.867125 0.348739 0.088245 0.161963
2 0.923472 0.243296 0.0775887 0.111908
2 0.760115 0.291676 0.0784092 0.14709
3 0.980897 0.853867 0.0374493 0.164869
2 0.877523 0.860249 0.1631 0.265613
3 0.440982 0.456707 0.0311659 0.092364
3 0.62919 0.624842 0.0362995 0.109915
2 0.756464 0.16344 0.0568796 0.0980304
3 0.51404 0.457441 0.0246801 0.0837835
0 0.44119 0.422649 0.029516 0.075268
0 0.631144 0.554035 0.0394264 0.0912674
3 0.355688 0.321206 0.0252428 0.0635211
0 0.5173 0.42324 0.0296893 0.0853602
3 0.637142 0.471057 0.0313725 0.0852857
3 0.441008 0.271563 0.0193878 0.0604362
7 0.329556 0.82983 0.299606 0.327368
3 0.554538 0.330256 0.0247986 0.0577773
0 0.979744 0.793419 0.0397861 0.174511
3 0.496569 0.34681 0.027813 0.0767763
3 0.578007 0.386032 0.0299194 0.0785104
3 0.666494 0.35565 0.0321877 0.094556
0 0.352799 0.298629 0.0230461 0.0718112
0 0.705403 0.227867 0.0249611 0.0678512
0 0.440196 0.247976 0.020682 0.0633784
3 0.704367 0.253827 0.0242016 0.0654213
0 0.556392 0.298602 0.025429 0.0904008
3 0.814908 0.275973 0.0337297 0.0812903
2 0.139864 0.674871 0.200636 0.238288
2 0.66975 0.808725 0.134436 0.353253
2 0.903285 0.55134 0.127019 0.283446
2 0.731256 0.45381 0.0920019 0.181915
5 0.921441 0.102414 0.120797 0.180737
2 0.867125 0.348739 0.088245 0.161963
2 0.923472 0.243296 0.0775887 0.111908
2 0.760115 0.291676 0.0784092 0.14709
3 0.980897 0.853867 0.0374493 0.164869
2 0.877523 0.860249 0.1631 0.265613
3 0.440982 0.456707 0.0311659 0.092364
3 0.62919 0.624842 0.0362995 0.109915
2 0.756464 0.16344 0.0568796 0.0980304
3 0.51404 0.457441 0.0246801 0.0837835
0 0.44119 0.422649 0.029516 0.075268
0 0.631144 0.554035 0.0394264 0.0912674
3 0.355688 0.321206 0.0252428 0.0635211
0 0.5173 0.42324 0.0296893 0.0853602
3 0.637142 0.471057 0.0313725 0.0852857
3 0.441008 0.271563 0.0193878 0.0604362
7 0.329556 0.82983 0.299606 0.327368
3 0.554538 0.330256 0.0247986 0.0577773
0 0.979744 0.793419 0.0397861 0.174511
3 0.496569 0.34681 0.027813 0.0767763
3 0.578007 0.386032 0.0299194 0.0785104
3 0.666494 0.35565 0.0321877 0.094556
0 0.352799 0.298629 0.0230461 0.0718112
0 0.705403 0.227867 0.0249611 0.0678512
0 0.440196 0.247976 0.020682 0.0633784
3 0.704367 0.253827 0.0242016 0.0654213
0 0.556392 0.298602 0.025429 0.0904008
3 0.814908 0.275973 0.0337297 0.0812903
2 0.139864 0.674871 0.200636 0.238288
2 0.66975 0.808725 0.134436 0.353253
2 0.903285 0.55134 0.127019 0.283446
2 0.731256 0.45381 0.0920019 0.181915
5 0.921441 0.102414 0.120797 0.180737
2 0.867125 0.348739 0.088245 0.161963
2 0.923472 0.243296 0.0775887 0.111908
2 0.760115 0.291676 0.0784092 0.14709
3 0.980897 0.853867 0.0374493 0.164869
2 0.877523 0.860249 0.1631 0.265613
3 0.440982 0.456707 0.0311659 0.092364
3 0.62919 0.624842 0.0362995 0.109915
2 0.756464 0.16344 0.0568796 0.0980304
3 0.51404 0.457441 0.0246801 0.0837835
0 0.44119 0.422649 0.029516 0.075268
0 0.631144 0.554035 0.0394264 0.0912674
3 0.355688 0.321206 0.0252428 0.0635211
0 0.5173 0.42324 0.0296893 0.0853602
3 0.637142 0.471057 0.0313725 0.0852857
3 0.441008 0.271563 0.0193878 0.0604362
7 0.329556 0.82983 0.299606 0.327368
3 0.554538 0.330256 0.0247986 0.0577773
0 0.979744 0.793419 0.0397861 0.174511
3 0.496569 0.34681 0.027813 0.0767763
3 0.578007 0.386032 0.0299194 0.0785104
3 0.666494 0.35565 0.0321877 0.094556
0 0.352799 0.298629 0.0230461 0.0718112
0 0.705403 0.227867 0.0249611 0.0678512
0 0.440196 0.247976 0.020682 0.0633784
3 0.704367 0.253827 0.0242016 0.0654213
0 0.556392 0.298602 0.025429 0.0904008
3 0.814908 0.275973 0.0337297 0.0812903
2 0.139864 0.674871 0.200636 0.238288
2 0.66975 0.808725 0.134436 0.353253
2 0.903285 0.55134 0.127019 0.283446
2 0.731256 0.45381 0.0920019 0.181915
5 0.921441 0.102414 0.120797 0.180737
2 0.867125 0.348739 0.088245 0.161963
2 0.923472 0.243296 0.0775887 0.111908
2 0.760115 0.291676 0.0784092 0.14709
3 0.980897 0.853867 0.0374493 0.164869
2 0.877523 0.860249 0.1631 0.265613
3 0.440982 0.456707 0.0311659 0.092364
3 0.62919 0.624842 0.0362995 0.109915
2 0.756464 0.16344 0.0568796 0.0980304
3 0.51404 0.457441 0.0246801 0.0837835
0 0.44119 0.422649 0.029516 0.075268
0 0.631144 0.554035 0.0394264 0.0912674
3 0.355688 0.321206 0.0252428 0.0635211
0 0.5173 0.42324 0.0296893 0.0853602
3 0.637142 0.471057 0.0313725 0.0852857
3 0.441008 0.271563 0.0193878 0.0604362
7 0.329556 0.82983 0.299606 0.327368
3 0.554538 0.330256 0.0247986 0.0577773
0 0.979744 0.793419 0.0397861 0.174511
3 0.496569 0.34681 0.027813 0.0767763
3 0.578007 0.386032 0.0299194 0.0785104
3 0.666494 0.35565 0.0321877 0.094556
0 0.352799 0.298629 0.0230461 0.0718112
0 0.705403 0.227867 0.0249611 0.0678512
0 0.440196 0.247976 0.020682 0.0633784
3 0.704367 0.253827 0.0242016 0.0654213
0 0.556392 0.298602 0.025429 0.0904008
3 0.814908 0.275973 0.0337297 0.0812903
2 0.139864 0.674871 0.200636 0.238288
2 0.66975 0.808725 0.134436 0.353253
2 0.903285 0.55134 0.127019 0.283446
2 0.731256 0.45381 0.0920019 0.181915
5 0.921441 0.102414 0.120797 0.180737
2 0.867125 0.348739 0.088245 0.161963
2 0.923472 0.243296 0.0775887 0.111908
2 0.760115 0.291676 0.0784092 0.14709
3 0.980897 0.853867 0.0374493 0.164869
2 0.877523 0.860249 0.1631 0.265613
3 0.440982 0.456707 0.0311659 0.092364
3 0.62919 0.624842 0.0362995 0.109915
2 0.756464 0.16344 0.0568796 0.0980304
3 0.51404 0.457441 0.0246801 0.0837835
0 0.44119 0.422649 0.029516 0.075268
0 0.631144 0.554035 0.0394264 0.0912674
3 0.355688 0.321206 0.0252428 0.0635211
0 0.5173 0.42324 0.0296893 0.0853602
3 0.637142 0.471057 0.0313725 0.0852857
3 0.441008 0.271563 0.0193878 0.0604362
7 0.329556 0.82983 0.299606 0.327368
3 0.554538 0.330256 0.0247986 0.0577773
0 0.979744 0.793419 0.0397861 0.174511
3 0.496569 0.34681 0.027813 0.0767763
3 0.578007 0.386032 0.0299194 0.0785104
3 0.666494 0.35565 0.0321877 0.094556
0 0.352799 0.298629 0.0230461 0.0718112
0 0.705403 0.227867 0.0249611 0.0678512
0 0.440196 0.247976 0.020682 0.0633784
3 0.704367 0.253827 0.0242016 0.0654213
0 0.556392 0.298602 0.025429 0.0904008
3 0.814908 0.275973 0.0337297 0.0812903
2 0.139864 0.674871 0.200636 0.238288
2 0.66975 0.808725 0.134436 0.353253
2 0.903285 0.55134 0.127019 0.283446
2 0.731256 0.45381 0.0920019 0.181915
5 0.921441 0.102414 0.120797 0.180737
2 0.867125 0.348739 0.088245 0.161963
2 0.923472 0.243296 0.0775887 0.111908
2 0.760115 0.291676 0.0784092 0.14709
3 0.980897 0.853867 0.0374493 0.164869
2 0.877523 0.860249 0.1631 0.265613
3 0.440982 0.456707 0.0311659 0.092364
3 0.62919 0.624842 0.0362995 0.109915
2 0.756464 0.16344 0.0568796 0.0980304
3 0.51404 0.457441 0.0246801 0.0837835
0 0.44119 0.422649 0.029516 0.075268
0 0.631144 0.554035 0.0394264 0.0912674
3 0.355688 0.321206 0.0252428 0.0635211
0 0.5173 0.42324 0.0296893 0.0853602
3 0.637142 0.471057 0.0313725 0.0852857
3 0.441008 0.271563 0.0193878 0.0604362
7 0.329556 0.82983 0.299606 0.327368
3 0.554538 0.330256 0.0247986 0.0577773
0 0.979744 0.793419 0.0397861 0.174511
3 0.496569 0.34681 0.027813 0.0767763
3 0.578007 0.386032 0.0299194 0.0785104
3 0.666494 0.35565 0.0321877 0.094556
0 0.352799 0.298629 0.0230461 0.0718112
0 0.705403 0.227867 0.0249611 0.0678512
0 0.440196 0.247976 0.020682 0.0633784
3 0.704367 0.253827 0.0242016 0.0654213
0 0.556392 0.298602 0.025429 0.0904008
3 0.814908 0.275973 0.0337297 0.0812903
2 0.139864 0.674871 0.200636 0.238288
2 0.66975 0.808725 0.134436 0.353253
2 0.903285 0.55134 0.127019 0.283446
2 0.731256 0.45381 0.0920019 0.181915
5 0.921441 0.102414 0.120797 0.180737
2 0.867125 0.348739 0.088245 0.161963
2 0.923472 0.243296 0.0775887 0.111908
2 0.760115 0.291676 0.0784092 0.14709
3 0.980897 0.853867 0.0374493 0.164869
2 0.877523 0.860249 0.1631 0.265613
3 0.440982 0.456707 0.0311659 0.092364
3 0.62919 0.624842 0.0362995 0.109915
2 0.756464 0.16344 0.0568796 0.0980304
3 0.51404 0.457441 0.0246801 0.0837835
0 0.44119 0.422649 0.029516 0.075268
0 0.631144 0.554035 0.0394264 0.0912674
3 0.355688 0.321206 0.0252428 0.0635211
0 0.5173 0.42324 0.0296893 0.0853602
3 0.637142 0.471057 0.0313725 0.0852857
3 0.441008 0.271563 0.0193878 0.0604362
7 0.329556 0.82983 0.299606 0.327368
3 0.554538 0.330256 0.0247986 0.0577773
0 0.979744 0.793419 0.0397861 0.174511
3 0.496569 0.34681 0.027813 0.0767763
3 0.578007 0.386032 0.0299194 0.0785104
3 0.666494 0.35565 0.0321877 0.094556
0 0.352799 0.298629 0.0230461 0.0718112
0 0.705403 0.227867 0.0249611 0.0678512
0 0.440196 0.247976 0.020682 0.0633784
3 0.704367 0.253827 0.0242016 0.0654213
0 0.556392 0.298602 0.025429 0.0904008
3 0.814908 0.275973 0.0337297 0.0812903
0 0.626385 0.243385 0.028273 0.0779205
2 0.84468 0.173725 0.0593315 0.0888245
0 0.595136 0.230965 0.0235649 0.0703755
3 0.592147 0.257756 0.0204669 0.0510122
0 0.395495 0.25353 0.0214957 0.0694049
0 0.497955 0.31809 0.0254284 0.0719565
3 0.32045 0.186092 0.0389377 0.051054
0 0.668458 0.316386 0.0334153 0.0822206
0 0.637723 0.42387 0.0335464 0.0834778
3 0.701265 0.138518 0.0222812 0.0505203
2 0.990158 0.270643 0.0188423 0.120585
7 0.276496 0.819001 0.405978 0.342327
2 0.188088 0.816317 0.234777 0.336321
3 0.417406 0.191216 0.0182501 0.058411
3 0.461524 0.19494 0.0161478 0.0406134
2 0.774337 0.0199614 0.0536284 0.0399228
2 0.990268 0.431272 0.0186941 0.212052
0 0.983379 0.719563 0.0323517 0.0812524
0 0.576634 0.362738 0.0287174 0.0861205
2 0.10816 0.592519 0.146127 0.128063
3 0.62914 0.263845 0.0324295 0.0660506
3 0.645201 0.171404 0.026512 0.0474832
3 0.396693 0.273607 0.0202412 0.0616045
0 0.701972 0.120119 0.0178802 0.0566179
