2 0.274211 0.826477 0.063398 0.0930064
5 0.957321 0.777616 0.0849075 0.190633
2 0.644681 0.87395 0.0670479 0.123925
2 0.435745 0.887657 0.0862053 0.117438
2 0.690181 0.9561 0.0846384 0.0831467
5 0.689821 0.732907 0.114625 0.199229
7 0.558226 0.67841 0.0752433 0.101737
2 0.627058 0.786103 0.0532079 0.0869322
2 0.80446 0.966881 0.0903269 0.0649838
3 0.0896385 0.784002 0.0465281 0.047369
2 0.276664 0.617641 0.0284649 0.0425867
2 0.984194 0.91068 0.0308533 0.095737
2 0.228454 0.627742 0.0245481 0.0401925
2 0.503687 0.928746 0.091214 0.138639
0 0.0905042 0.76679 0.0138966 0.0652774
2 0.984728 0.975217 0.0296391 0.044338
0 0.57029 0.968333 0.0270778 0.0613142
3 0.434892 0.762924 0.0199504 0.0426838
2 0.791625 0.885464 0.0875401 0.137143
3 0.863497 0.729511 0.040641 0.0445157
2 0.414112 0.601304 0.0337775 0.0313186
2 0.445615 0.593346 0.0369801 0.0425204
2 0.363984 0.596663 0.0277915 0.0302411
0 0.434892 0.738941 0.0204367 0.0458579
3 0.770399 0.654816 0.0245573 0.0444304
2 0.391077 0.59247 0.0241737 0.028627
7 0.474941 0.706621 0.0378592 0.0640479
0 0.18508 0.646764 0.0101218 0.0364278
2 0.117405 0.680223 0.0292562 0.0262768
7 0.792412 0.888716 0.0895486 0.143967
2 0.274211 0.826477 0.063398 0.0930064
5 0.957321 0.777616 0.0849075 0.190633
2 0.644681 0.87395 0.0670479 0.123925
2 0.435745 0.887657 0.0862053 0.117438
2 0.690181 0.9561 0.0846384 0.0831467
5 0.689821 0.732907 0.114625 0.199229
7 0.558226 0.67841 0.0752433 0.101737
2 0.627058 0.786103 0.0532079 0.0869322
2 0.80446 0.966881 0.0903269 0.0649838
3 0.0896385 0.784002 0.0465281 0.047369
2 0.276664 0.617641 0.0284649 0.0425867
2 0.984194 0.91068 0.0308533 0.095737
2 0.228454 0.627742 0.0245481 0.0401925
2 0.503687 0.928746 0.091214 0.138639
0 0.0905042 0.76679 0.0138966 0.0652774
2 0.984728 0.975217 0.0296391 0.044338
0 0.57029 0.968333 0.0270778 0.0613142
3 0.434892 0.762924 0.0199504 0.0426838
2 0.791625 0.885464 0.0875401 0.137143
3 0.863497 0.729511 0.040641 0.0445157
2 0.414112 0.601304 0.0337775 0.0313186
2 0.445615 0.593346 0.0369801 0.0425204
2 0.363984 0.596663 0.0277915 0.0302411
0 0.434892 0.738941 0.0204367 0.0458579
3 0.770399 0.654816 0.0245573 0.0444304
2 0.391077 0.59247 0.0241737 0.028627
7 0.474941 0.706621 0.0378592 0.0640479
0 0.18508 0.646764 0.0101218 0.0364278
2 0.117405 0.680223 0.0292562 0.0262768
7 0.792412 0.888716 0.0895486 0.143967
2 0.274211 0.826477 0.063398 0.0930064
5 0.957321 0.777616 0.0849075 0.190633
2 0.644681 0.87395 0.0670479 0.123925
2 0.435745 0.887657 0.0862053 0.117438
2 0.690181 0.9561 0.0846384 0.0831467
5 0.689821 0.732907 0.114625 0.199229
7 0.558226 0.67841 0.0752433 0.101737
2 0.627058 0.786103 0.0532079 0.0869322
2 0.80446 0.966881 0.0903269 0.0649838
3 0.0896385 0.784002 0.0465281 0.047369
2 0.276664 0.617641 0.0284649 0.0425867
2 0.984194 0.91068 0.0308533 0.095737
2 0.228454 0.627742 0.0245481 0.0401925
2 0.503687 0.928746 0.091214 0.138639
0 0.0905042 0.76679 0.0138966 0.0652774
2 0.984728 0.975217 0.0296391 0.044338
0 0.57029 0.968333 0.0270778 0.0613142
3 0.434892 0.762924 0.0199504 0.0426838
2 0.791625 0.885464 0.0875401 0.137143
3 0.863497 0.729511 0.040641 0.0445157
2 0.414112 0.601304 0.0337775 0.0313186
2 0.445615 0.593346 0.0369801 0.0425204
2 0.363984 0.596663 0.0277915 0.0302411
0 0.434892 0.738941 0.0204367 0.0458579
3 0.770399 0.654816 0.0245573 0.0444304
2 0.391077 0.59247 0.0241737 0.028627
7 0.474941 0.706621 0.0378592 0.0640479
0 0.18508 0.646764 0.0101218 0.0364278
2 0.117405 0.680223 0.0292562 0.0262768
7 0.792412 0.888716 0.0895486 0.143967
2 0.274211 0.826477 0.063398 0.0930064
5 0.957321 0.777616 0.0849075 0.190633
2 0.644681 0.87395 0.0670479 0.123925
2 0.435745 0.887657 0.0862053 0.117438
2 0.690181 0.9561 0.0846384 0.0831467
5 0.689821 0.732907 0.114625 0.199229
7 0.558226 0.67841 0.0752433 0.101737
2 0.627058 0.786103 0.0532079 0.0869322
2 0.80446 0.966881 0.0903269 0.0649838
3 0.0896385 0.784002 0.0465281 0.047369
2 0.276664 0.617641 0.0284649 0.0425867
2 0.984194 0.91068 0.0308533 0.095737
2 0.228454 0.627742 0.0245481 0.0401925
2 0.503687 0.928746 0.091214 0.138639
0 0.0905042 0.76679 0.0138966 0.0652774
2 0.984728 0.975217 0.0296391 0.044338
0 0.57029 0.968333 0.0270778 0.0613142
3 0.434892 0.762924 0.0199504 0.0426838
2 0.791625 0.885464 0.0875401 0.137143
3 0.863497 0.729511 0.040641 0.0445157
2 0.414112 0.601304 0.0337775 0.0313186
2 0.445615 0.593346 0.0369801 0.0425204
2 0.363984 0.596663 0.0277915 0.0302411
0 0.434892 0.738941 0.0204367 0.0458579
3 0.770399 0.654816 0.0245573 0.0444304
2 0.391077 0.59247 0.0241737 0.028627
7 0.474941 0.706621 0.0378592 0.0640479
0 0.18508 0.646764 0.0101218 0.0364278
2 0.117405 0.680223 0.0292562 0.0262768
7 0.792412 0.888716 0.0895486 0.143967
2 0.274211 0.826477 0.063398 0.0930064
5 0.957321 0.777616 0.0849075 0.190633
2 0.644681 0.87395 0.0670479 0.123925
2 0.435745 0.887657 0.0862053 0.117438
2 0.690181 0.9561 0.0846384 0.0831467
5 0.689821 0.732907 0.114625 0.199229
7 0.558226 0.67841 0.0752433 0.101737
2 0.627058 0.786103 0.0532079 0.0869322
2 0.80446 0.966881 0.0903269 0.0649838
3 0.0896385 0.784002 0.0465281 0.047369
2 0.276664 0.617641 0.0284649 0.0425867
2 0.984194 0.91068 0.0308533 0.095737
2 0.228454 0.627742 0.0245481 0.0401925
2 0.503687 0.928746 0.091214 0.138639
0 0.0905042 0.76679 0.0138966 0.0652774
2 0.984728 0.975217 0.0296391 0.044338
0 0.57029 0.968333 0.0270778 0.0613142
3 0.434892 0.762924 0.0199504 0.0426838
2 0.791625 0.885464 0.0875401 0.137143
3 0.863497 0.729511 0.040641 0.0445157
2 0.414112 0.601304 0.0337775 0.0313186
2 0.445615 0.593346 0.0369801 0.0425204
2 0.363984 0.596663 0.0277915 0.0302411
0 0.434892 0.738941 0.0204367 0.0458579
3 0.770399 0.654816 0.0245573 0.0444304
2 0.391077 0.59247 0.0241737 0.028627
7 0.474941 0.706621 0.0378592 0.0640479
0 0.18508 0.646764 0.0101218 0.0364278
2 0.117405 0.680223 0.0292562 0.0262768
7 0.792412 0.888716 0.0895486 0.143967
2 0.274211 0.826477 0.063398 0.0930064
5 0.957321 0.777616 0.0849075 0.190633
2 0.644681 0.87395 0.0670479 0.123925
2 0.435745 0.887657 0.0862053 0.117438
2 0.690181 0.9561 0.0846384 0.0831467
5 0.689821 0.732907 0.114625 0.199229
7 0.558226 0.67841 0.0752433 0.101737
2 0.627058 0.786103 0.0532079 0.0869322
2 0.80446 0.966881 0.0903269 0.0649838
3 0.0896385 0.784002 0.0465281 0.047369
2 0.276664 0.617641 0.0284649 0.0425867
2 0.984194 0.91068 0.0308533 0.095737
2 0.228454 0.627742 0.0245481 0.0401925
2 0.503687 0.928746 0.091214 0.138639
0 0.0905042 0.76679 0.0138966 0.0652774
2 0.984728 0.975217 0.0296391 0.044338
0 0.57029 0.968333 0.0270778 0.0613142
3 0.434892 0.762924 0.0199504 0.0426838
2 0.791625 0.885464 0.0875401 0.137143
3 0.863497 0.729511 0.040641 0.0445157
2 0.414112 0.601304 0.0337775 0.0313186
2 0.445615 0.593346 0.0369801 0.0425204
2 0.363984 0.596663 0.0277915 0.0302411
0 0.434892 0.738941 0.0204367 0.0458579
3 0.770399 0.654816 0.0245573 0.0444304
2 0.391077 0.59247 0.0241737 0.028627
7 0.474941 0.706621 0.0378592 0.0640479
0 0.18508 0.646764 0.0101218 0.0364278
2 0.117405 0.680223 0.0292562 0.0262768
7 0.792412 0.888716 0.0895486 0.143967
5 0.957257 0.779133 0.0844402 0.189305
5 0.689971 0.730076 0.1129 0.194012
2 0.274261 0.827296 0.0635715 0.0928633
2 0.644577 0.874471 0.0660051 0.121672
2 0.435652 0.886469 0.085319 0.113677
7 0.557986 0.677614 0.0758669 0.102619
2 0.79272 0.890759 0.0899891 0.146525
2 0.98387 0.911522 0.0314869 0.0955183
2 0.228671 0.627809 0.0253684 0.0399802
2 0.627157 0.787262 0.0526359 0.0884355
2 0.276738 0.618097 0.0283875 0.0424625
3 0.0892794 0.781427 0.0471994 0.052046
2 0.690874 0.956643 0.0842725 0.0837277
0 0.570208 0.968328 0.0275021 0.060435
2 0.802724 0.966545 0.0921821 0.0649411
3 0.434804 0.760985 0.0207398 0.0479645
2 0.985286 0.975915 0.0286835 0.0470449
5 0.957257 0.779133 0.0844402 0.189305
5 0.689971 0.730076 0.1129 0.194012
2 0.274261 0.827296 0.0635715 0.0928633
2 0.644577 0.874471 0.0660051 0.121672
2 0.435652 0.886469 0.085319 0.113677
7 0.557986 0.677614 0.0758669 0.102619
2 0.79272 0.890759 0.0899891 0.146525
2 0.98387 0.911522 0.0314869 0.0955183
2 0.228671 0.627809 0.0253684 0.0399802
2 0.627157 0.787262 0.0526359 0.0884355
2 0.276738 0.618097 0.0283875 0.0424625
3 0.0892794 0.781427 0.0471994 0.052046
2 0.690874 0.956643 0.0842725 0.0837277
0 0.570208 0.968328 0.0275021 0.060435
2 0.802724 0.966545 0.0921821 0.0649411
3 0.434804 0.760985 0.0207398 0.0479645
2 0.985286 0.975915 0.0286835 0.0470449
5 0.957257 0.779133 0.0844402 0.189305
5 0.689971 0.730076 0.1129 0.194012
2 0.274261 0.827296 0.0635715 0.0928633
2 0.644577 0.874471 0.0660051 0.121672
2 0.435652 0.886469 0.085319 0.113677
7 0.557986 0.677614 0.0758669 0.102619
2 0.79272 0.890759 0.0899891 0.146525
2 0.98387 0.911522 0.0314869 0.0955183
2 0.228671 0.627809 0.0253684 0.0399802
2 0.627157 0.787262 0.0526359 0.0884355
2 0.276738 0.618097 0.0283875 0.0424625
3 0.0892794 0.781427 0.0471994 0.052046
2 0.690874 0.956643 0.0842725 0.0837277
0 0.570208 0.968328 0.0275021 0.060435
2 0.802724 0.966545 0.0921821 0.0649411
3 0.434804 0.760985 0.0207398 0.0479645
2 0.985286 0.975915 0.0286835 0.0470449
5 0.957257 0.779133 0.0844402 0.189305
5 0.689971 0.730076 0.1129 0.194012
2 0.274261 0.827296 0.0635715 0.0928633
2 0.644577 0.874471 0.0660051 0.121672
2 0.435652 0.886469 0.085319 0.113677
7 0.557986 0.677614 0.0758669 0.102619
2 0.79272 0.890759 0.0899891 0.146525
2 0.98387 0.911522 0.0314869 0.0955183
2 0.228671 0.627809 0.0253684 0.0399802
2 0.627157 0.787262 0.0526359 0.0884355
2 0.276738 0.618097 0.0283875 0.0424625
3 0.0892794 0.781427 0.0471994 0.052046
2 0.690874 0.956643 0.0842725 0.0837277
0 0.570208 0.968328 0.0275021 0.060435
2 0.802724 0.966545 0.0921821 0.0649411
3 0.434804 0.760985 0.0207398 0.0479645
2 0.985286 0.975915 0.0286835 0.0470449
5 0.957257 0.779133 0.0844402 0.189305
5 0.689971 0.730076 0.1129 0.194012
2 0.274261 0.827296 0.0635715 0.0928633
2 0.644577 0.874471 0.0660051 0.121672
2 0.435652 0.886469 0.085319 0.113677
7 0.557986 0.677614 0.0758669 0.102619
2 0.79272 0.890759 0.0899891 0.146525
2 0.98387 0.911522 0.0314869 0.0955183
2 0.228671 0.627809 0.0253684 0.0399802
2 0.627157 0.787262 0.0526359 0.0884355
2 0.276738 0.618097 0.0283875 0.0424625
3 0.0892794 0.781427 0.0471994 0.052046
2 0.690874 0.956643 0.0842725 0.0837277
0 0.570208 0.968328 0.0275021 0.060435
2 0.802724 0.966545 0.0921821 0.0649411
3 0.434804 0.760985 0.0207398 0.0479645
2 0.985286 0.975915 0.0286835 0.0470449
5 0.957257 0.779133 0.0844402 0.189305
5 0.689971 0.730076 0.1129 0.194012
2 0.274261 0.827296 0.0635715 0.0928633
2 0.644577 0.874471 0.0660051 0.121672
2 0.435652 0.886469 0.085319 0.113677
7 0.557986 0.677614 0.0758669 0.102619
2 0.79272 0.890759 0.0899891 0.146525
2 0.98387 0.911522 0.0314869 0.0955183
2 0.228671 0.627809 0.0253684 0.0399802
2 0.627157 0.787262 0.0526359 0.0884355
2 0.276738 0.618097 0.0283875 0.0424625
3 0.0892794 0.781427 0.0471994 0.052046
2 0.690874 0.956643 0.0842725 0.0837277
0 0.570208 0.968328 0.0275021 0.060435
2 0.802724 0.966545 0.0921821 0.0649411
3 0.434804 0.760985 0.0207398 0.0479645
2 0.985286 0.975915 0.0286835 0.0470449
5 0.957257 0.779133 0.0844402 0.189305
5 0.689971 0.730076 0.1129 0.194012
2 0.274261 0.827296 0.0635715 0.0928633
2 0.644577 0.874471 0.0660051 0.121672
2 0.435652 0.886469 0.085319 0.113677
7 0.557986 0.677614 0.0758669 0.102619
2 0.79272 0.890759 0.0899891 0.146525
2 0.98387 0.911522 0.0314869 0.0955183
2 0.228671 0.627809 0.0253684 0.0399802
2 0.627157 0.787262 0.0526359 0.0884355
2 0.276738 0.618097 0.0283875 0.0424625
3 0.0892794 0.781427 0.0471994 0.052046
2 0.690874 0.956643 0.0842725 0.0837277
0 0.570208 0.968328 0.0275021 0.060435
2 0.802724 0.966545 0.0921821 0.0649411
3 0.434804 0.760985 0.0207398 0.0479645
2 0.985286 0.975915 0.0286835 0.0470449
5 0.957257 0.779133 0.0844402 0.189305
5 0.689971 0.730076 0.1129 0.194012
2 0.274261 0.827296 0.0635715 0.0928633
2 0.644577 0.874471 0.0660051 0.121672
2 0.435652 0.886469 0.085319 0.113677
7 0.557986 0.677614 0.0758669 0.102619
2 0.79272 0.890759 0.0899891 0.146525
2 0.98387 0.911522 0.0314869 0.0955183
2 0.228671 0.627809 0.0253684 0.0399802
2 0.627157 0.787262 0.0526359 0.0884355
2 0.276738 0.618097 0.0283875 0.0424625
3 0.0892794 0.781427 0.0471994 0.052046
2 0.690874 0.956643 0.0842725 0.0837277
0 0.570208 0.968328 0.0275021 0.060435
2 0.802724 0.966545 0.0921821 0.0649411
3 0.434804 0.760985 0.0207398 0.0479645
2 0.985286 0.975915 0.0286835 0.0470449
0 0.435823 0.741999 0.0198484 0.0521881
0 0.090754 0.770469 0.0165316 0.0661736
2 0.502732 0.92933 0.0874567 0.13735
7 0.502738 0.929377 0.0873408 0.136433
3 0.863949 0.729073 0.0420792 0.0455802
0 0.185273 0.647719 0.00991015 0.0363756
2 0.363546 0.596265 0.0278553 0.0359762
2 0.414392 0.60053 0.0340195 0.0312636
