5 0.620082 0.80544 0.101519 0.193507
5 0.890363 0.85851 0.183633 0.198492
2 0.93829 0.949834 0.11668 0.0965954
2 0.422997 0.852546 0.0654185 0.081366
2 0.572248 0.951445 0.0672818 0.0958811
2 0.225033 0.773607 0.0411458 0.0599345
2 0.556125 0.87119 0.0552773 0.0930713
2 0.714709 0.94735 0.0841154 0.102742
2 0.133243 0.949338 0.0926233 0.0963443
2 0.562097 0.772287 0.027883 0.0715736
2 0.431721 0.97436 0.0750988 0.048516
7 0.510017 0.740395 0.0445341 0.0517848
7 0.578995 0.717756 0.0577668 0.070991
3 0.781385 0.800143 0.0381851 0.0498457
0 0.455413 0.763488 0.0219416 0.0579586
0 0.948427 0.856714 0.0176945 0.0599916
2 0.133001 0.666861 0.0241389 0.0340588
2 0.373353 0.664831 0.0349815 0.0431485
3 0.719073 0.78032 0.0150042 0.0405418
2 0.450854 0.6829 0.03723 0.0420434
0 0.0944048 0.82837 0.0168671 0.0660682
2 0.289052 0.668136 0.0319076 0.0337998
3 0.00882582 0.858227 0.0174776 0.0571155
2 0.0088789 0.858651 0.0176047 0.0583081
0 0.71796 0.766124 0.0142988 0.0460524
3 0.455441 0.763888 0.0218241 0.0572544
0 0.926902 0.866528 0.0213793 0.0643918
2 0.237364 0.653238 0.0235879 0.027933
2 0.00709135 0.761714 0.0141406 0.0256497
2 0.162074 0.658888 0.0204191 0.0218581
2 0.34012 0.673345 0.0332316 0.0318373
2 0.409044 0.667687 0.0239927 0.0287574
2 0.31722 0.664969 0.023208 0.0294686
5 0.620082 0.80544 0.101519 0.193507
5 0.890363 0.85851 0.183633 0.198492
2 0.93829 0.949834 0.11668 0.0965954
2 0.422997 0.852546 0.0654185 0.081366
2 0.572248 0.951445 0.0672818 0.0958811
2 0.225033 0.773607 0.0411458 0.0599345
2 0.556125 0.87119 0.0552773 0.0930713
2 0.714709 0.94735 0.0841154 0.102742
2 0.133243 0.949338 0.0926233 0.0963443
2 0.562097 0.772287 0.027883 0.0715736
2 0.431721 0.97436 0.0750988 0.048516
7 0.510017 0.740395 0.0445341 0.0517848
7 0.578995 0.717756 0.0577668 0.070991
3 0.781385 0.800143 0.0381851 0.0498457
0 0.455413 0.763488 0.0219416 0.0579586
0 0.948427 0.856714 0.0176945 0.0599916
2 0.133001 0.666861 0.0241389 0.0340588
2 0.373353 0.664831 0.0349815 0.0431485
3 0.719073 0.78032 0.0150042 0.0405418
2 0.450854 0.6829 0.03723 0.0420434
0 0.0944048 0.82837 0.0168671 0.0660682
2 0.289052 0.668136 0.0319076 0.0337998
3 0.00882582 0.858227 0.0174776 0.0571155
2 0.0088789 0.858651 0.0176047 0.0583081
0 0.71796 0.766124 0.0142988 0.0460524
3 0.455441 0.763888 0.0218241 0.0572544
0 0.926902 0.866528 0.0213793 0.0643918
2 0.237364 0.653238 0.0235879 0.027933
2 0.00709135 0.761714 0.0141406 0.0256497
2 0.162074 0.658888 0.0204191 0.0218581
2 0.34012 0.673345 0.0332316 0.0318373
2 0.409044 0.667687 0.0239927 0.0287574
2 0.31722 0.664969 0.023208 0.0294686
5 0.620082 0.80544 0.101519 0.193507
5 0.890363 0.85851 0.183633 0.198492
2 0.93829 0.949834 0.11668 0.0965954
2 0.422997 0.852546 0.0654185 0.081366
2 0.572248 0.951445 0.0672818 0.0958811
2 0.225033 0.773607 0.0411458 0.0599345
2 0.556125 0.87119 0.0552773 0.0930713
2 0.714709 0.94735 0.0841154 0.102742
2 0.133243 0.949338 0.0926233 0.0963443
2 0.562097 0.772287 0.027883 0.0715736
2 0.431721 0.97436 0.0750988 0.048516
7 0.510017 0.740395 0.0445341 0.0517848
7 0.578995 0.717756 0.0577668 0.070991
3 0.781385 0.800143 0.0381851 0.0498457
0 0.455413 0.763488 0.0219416 0.0579586
0 0.948427 0.856714 0.0176945 0.0599916
2 0.133001 0.666861 0.0241389 0.0340588
2 0.373353 0.664831 0.0349815 0.0431485
3 0.719073 0.78032 0.0150042 0.0405418
2 0.450854 0.6829 0.03723 0.0420434
0 0.0944048 0.82837 0.0168671 0.0660682
2 0.289052 0.668136 0.0319076 0.0337998
3 0.00882582 0.858227 0.0174776 0.0571155
2 0.0088789 0.858651 0.0176047 0.0583081
0 0.71796 0.766124 0.0142988 0.0460524
3 0.455441 0.763888 0.0218241 0.0572544
0 0.926902 0.866528 0.0213793 0.0643918
2 0.237364 0.653238 0.0235879 0.027933
2 0.00709135 0.761714 0.0141406 0.0256497
2 0.162074 0.658888 0.0204191 0.0218581
2 0.34012 0.673345 0.0332316 0.0318373
2 0.409044 0.667687 0.0239927 0.0287574
2 0.31722 0.664969 0.023208 0.0294686
5 0.620082 0.80544 0.101519 0.193507
5 0.890363 0.85851 0.183633 0.198492
2 0.93829 0.949834 0.11668 0.0965954
2 0.422997 0.852546 0.0654185 0.081366
2 0.572248 0.951445 0.0672818 0.0958811
2 0.225033 0.773607 0.0411458 0.0599345
2 0.556125 0.87119 0.0552773 0.0930713
2 0.714709 0.94735 0.0841154 0.102742
2 0.133243 0.949338 0.0926233 0.0963443
2 0.562097 0.772287 0.027883 0.0715736
2 0.431721 0.97436 0.0750988 0.048516
7 0.510017 0.740395 0.0445341 0.0517848
7 0.578995 0.717756 0.0577668 0.070991
3 0.781385 0.800143 0.0381851 0.0498457
0 0.455413 0.763488 0.0219416 0.0579586
0 0.948427 0.856714 0.0176945 0.0599916
2 0.133001 0.666861 0.0241389 0.0340588
2 0.373353 0.664831 0.0349815 0.0431485
3 0.719073 0.78032 0.0150042 0.0405418
2 0.450854 0.6829 0.03723 0.0420434
0 0.0944048 0.82837 0.0168671 0.0660682
2 0.289052 0.668136 0.0319076 0.0337998
3 0.00882582 0.858227 0.0174776 0.0571155
2 0.0088789 0.858651 0.0176047 0.0583081
0 0.71796 0.766124 0.0142988 0.0460524
3 0.455441 0.763888 0.0218241 0.0572544
0 0.926902 0.866528 0.0213793 0.0643918
2 0.237364 0.653238 0.0235879 0.027933
2 0.00709135 0.761714 0.0141406 0.0256497
2 0.162074 0.658888 0.0204191 0.0218581
2 0.34012 0.673345 0.0332316 0.0318373
2 0.409044 0.667687 0.0239927 0.0287574
2 0.31722 0.664969 0.023208 0.0294686
5 0.620082 0.80544 0.101519 0.193507
5 0.890363 0.85851 0.183633 0.198492
2 0.93829 0.949834 0.11668 0.0965954
2 0.422997 0.852546 0.0654185 0.081366
2 0.572248 0.951445 0.0672818 0.0958811
2 0.225033 0.773607 0.0411458 0.0599345
2 0.556125 0.87119 0.0552773 0.0930713
2 0.714709 0.94735 0.0841154 0.102742
2 0.133243 0.949338 0.0926233 0.0963443
2 0.562097 0.772287 0.027883 0.0715736
2 0.431721 0.97436 0.0750988 0.048516
7 0.510017 0.740395 0.0445341 0.0517848
7 0.578995 0.717756 0.0577668 0.070991
3 0.781385 0.800143 0.0381851 0.0498457
0 0.455413 0.763488 0.0219416 0.0579586
0 0.948427 0.856714 0.0176945 0.0599916
2 0.133001 0.666861 0.0241389 0.0340588
2 0.373353 0.664831 0.0349815 0.0431485
3 0.719073 0.78032 0.0150042 0.0405418
2 0.450854 0.6829 0.03723 0.0420434
0 0.0944048 0.82837 0.0168671 0.0660682
2 0.289052 0.668136 0.0319076 0.0337998
3 0.00882582 0.858227 0.0174776 0.0571155
2 0.0088789 0.858651 0.0176047 0.0583081
0 0.71796 0.766124 0.0142988 0.0460524
3 0.455441 0.763888 0.0218241 0.0572544
0 0.926902 0.866528 0.0213793 0.0643918
2 0.237364 0.653238 0.0235879 0.027933
2 0.00709135 0.761714 0.0141406 0.0256497
2 0.162074 0.658888 0.0204191 0.0218581
2 0.34012 0.673345 0.0332316 0.0318373
2 0.409044 0.667687 0.0239927 0.0287574
2 0.31722 0.664969 0.023208 0.0294686
5 0.620082 0.80544 0.101519 0.193507
5 0.890363 0.85851 0.183633 0.198492
2 0.93829 0.949834 0.11668 0.0965954
2 0.422997 0.852546 0.0654185 0.081366
2 0.572248 0.951445 0.0672818 0.0958811
2 0.225033 0.773607 0.0411458 0.0599345
2 0.556125 0.87119 0.0552773 0.0930713
2 0.714709 0.94735 0.0841154 0.102742
2 0.133243 0.949338 0.0926233 0.0963443
2 0.562097 0.772287 0.027883 0.0715736
2 0.431721 0.97436 0.0750988 0.048516
7 0.510017 0.740395 0.0445341 0.0517848
7 0.578995 0.717756 0.0577668 0.070991
3 0.781385 0.800143 0.0381851 0.0498457
0 0.455413 0.763488 0.0219416 0.0579586
0 0.948427 0.856714 0.0176945 0.0599916
2 0.133001 0.666861 0.0241389 0.0340588
2 0.373353 0.664831 0.0349815 0.0431485
3 0.719073 0.78032 0.0150042 0.0405418
2 0.450854 0.6829 0.03723 0.0420434
0 0.0944048 0.82837 0.0168671 0.0660682
2 0.289052 0.668136 0.0319076 0.0337998
3 0.00882582 0.858227 0.0174776 0.0571155
2 0.0088789 0.858651 0.0176047 0.0583081
0 0.71796 0.766124 0.0142988 0.0460524
3 0.455441 0.763888 0.0218241 0.0572544
0 0.926902 0.866528 0.0213793 0.0643918
2 0.237364 0.653238 0.0235879 0.027933
2 0.00709135 0.761714 0.0141406 0.0256497
2 0.162074 0.658888 0.0204191 0.0218581
2 0.34012 0.673345 0.0332316 0.0318373
2 0.409044 0.667687 0.0239927 0.0287574
2 0.31722 0.664969 0.023208 0.0294686
5 0.619436 0.80677 0.0998007 0.193715
5 0.899201 0.851027 0.201427 0.209003
2 0.423089 0.851903 0.0657141 0.0810598
2 0.714339 0.947676 0.0836094 0.101177
2 0.938821 0.950503 0.116311 0.0989948
2 0.572871 0.951708 0.0671997 0.0960748
2 0.431451 0.975735 0.0729017 0.0458279
2 0.134284 0.949981 0.0896704 0.0959802
2 0.555631 0.871069 0.0544863 0.0917779
2 0.224923 0.773491 0.0415272 0.0555549
7 0.579209 0.716559 0.0591932 0.070048
2 0.561914 0.771195 0.0268775 0.0729901
3 0.455185 0.769392 0.0208377 0.0442624
2 0.133258 0.666806 0.0249551 0.0308375
2 0.450317 0.682751 0.0381063 0.0413535
5 0.619436 0.80677 0.0998007 0.193715
5 0.899201 0.851027 0.201427 0.209003
2 0.423089 0.851903 0.0657141 0.0810598
2 0.714339 0.947676 0.0836094 0.101177
2 0.938821 0.950503 0.116311 0.0989948
2 0.572871 0.951708 0.0671997 0.0960748
2 0.431451 0.975735 0.0729017 0.0458279
2 0.134284 0.949981 0.0896704 0.0959802
2 0.555631 0.871069 0.0544863 0.0917779
2 0.224923 0.773491 0.0415272 0.0555549
7 0.579209 0.716559 0.0591932 0.070048
2 0.561914 0.771195 0.0268775 0.0729901
3 0.455185 0.769392 0.0208377 0.0442624
2 0.133258 0.666806 0.0249551 0.0308375
2 0.450317 0.682751 0.0381063 0.0413535
