2 0.877297 0.674911 0.133904 0.307319
2 0.703443 0.585397 0.0998729 0.202362
2 0.305948 0.617817 0.148131 0.211637
5 0.893743 0.192635 0.118924 0.185349
2 0.252104 0.526751 0.126457 0.151792
2 0.841909 0.450331 0.0908693 0.171441
2 0.887836 0.347176 0.0707474 0.119775
7 0.416166 0.722283 0.199874 0.37432
2 0.731372 0.400856 0.0751961 0.151431
2 0.633658 0.936887 0.131384 0.122585
2 0.817862 0.262711 0.0579982 0.0888068
3 0.600078 0.633029 0.0379331 0.108474
3 0.62348 0.500847 0.0331931 0.118002
3 0.592077 0.815527 0.0373835 0.133375
3 0.636541 0.278364 0.0277524 0.0668819
2 0.72527 0.268494 0.0589676 0.11077
3 0.595983 0.35289 0.0245898 0.0633041
0 0.475627 0.380169 0.0239345 0.0662702
3 0.668884 0.376266 0.0268178 0.0792186
7 0.974144 0.534662 0.0507992 0.276774
3 0.297796 0.25801 0.0407753 0.0448878
3 0.780399 0.36321 0.0349793 0.0990225
2 0.792054 0.106911 0.0607988 0.0417831
0 0.600291 0.584938 0.037221 0.0994439
3 0.36464 0.308605 0.0198359 0.056897
3 0.197566 0.462376 0.0450721 0.100363
3 0.473806 0.413118 0.0242023 0.0573705
3 0.546501 0.399594 0.0214462 0.0688984
3 0.764085 0.163315 0.0233591 0.053141
2 0.97398 0.533915 0.0511694 0.274967
0 0.517785 0.326903 0.0235543 0.0829376
0 0.636407 0.231199 0.0201467 0.050141
2 0.974668 0.361387 0.0498915 0.143599
3 0.517742 0.336235 0.0235233 0.0752592
3 0.548451 0.387507 0.0252936 0.0870282
3 0.785045 0.367334 0.0311335 0.0917897
0 0.669719 0.345765 0.0255655 0.0716361
0 0.186362 0.449839 0.0220688 0.0882935
0 0.396342 0.271207 0.019412 0.0711002
3 0.668259 0.217771 0.0266188 0.0416574
7 0.852101 0.956002 0.133827 0.0840925
0 0.584827 0.291847 0.0227791 0.0762664
0 0.585131 0.282765 0.0208384 0.0591793
0 0.361216 0.288176 0.0176743 0.0620572
0 0.548263 0.379501 0.0243833 0.0796295
2 0.634306 0.0798917 0.0364956 0.0462034
3 0.196662 0.474663 0.0409817 0.0796274
0 0.774633 0.325062 0.0310752 0.0905679
3 0.452093 0.237337 0.014487 0.056076
0 0.719878 0.17934 0.019939 0.0648252
0 0.596287 0.733729 0.0356324 0.0974765
3 0.397124 0.296677 0.0185991 0.0607777
3 0.418598 0.211122 0.012394 0.047329
2 0.805774 0.207723 0.050953 0.0669323
2 0.599742 0.0876733 0.0344226 0.0343181
0 0.624559 0.456748 0.0331463 0.087531
0 0.380755 0.246063 0.0183835 0.065284
0 0.352953 0.231067 0.0155018 0.0552826
0 0.188613 0.459232 0.0265066 0.103935
3 0.362765 0.299139 0.0190206 0.068905
3 0.719154 0.180713 0.0210939 0.0658315
2 0.664799 0.0815972 0.0270306 0.03647
3 0.579726 0.316644 0.0182299 0.0416289
0 0.102587 0.200849 0.0145395 0.0521063
2 0.877297 0.674911 0.133904 0.307319
2 0.703443 0.585397 0.0998729 0.202362
2 0.305948 0.617817 0.148131 0.211637
5 0.893743 0.192635 0.118924 0.185349
2 0.252104 0.526751 0.126457 0.151792
2 0.841909 0.450331 0.0908693 0.171441
2 0.887836 0.347176 0.0707474 0.119775
7 0.416166 0.722283 0.199874 0.37432
2 0.731372 0.400856 0.0751961 0.151431
2 0.633658 0.936887 0.131384 0.122585
2 0.817862 0.262711 0.0579982 0.0888068
3 0.600078 0.633029 0.0379331 0.108474
3 0.62348 0.500847 0.0331931 0.118002
3 0.592077 0.815527 0.0373835 0.133375
3 0.636541 0.278364 0.0277524 0.0668819
2 0.72527 0.268494 0.0589676 0.11077
3 0.595983 0.35289 0.0245898 0.0633041
0 0.475627 0.380169 0.0239345 0.0662702
3 0.668884 0.376266 0.0268178 0.0792186
7 0.974144 0.534662 0.0507992 0.276774
3 0.297796 0.25801 0.0407753 0.0448878
3 0.780399 0.36321 0.0349793 0.0990225
2 0.792054 0.106911 0.0607988 0.0417831
0 0.600291 0.584938 0.037221 0.0994439
3 0.36464 0.308605 0.0198359 0.056897
3 0.197566 0.462376 0.0450721 0.100363
3 0.473806 0.413118 0.0242023 0.0573705
3 0.546501 0.399594 0.0214462 0.0688984
3 0.764085 0.163315 0.0233591 0.053141
2 0.97398 0.533915 0.0511694 0.274967
0 0.517785 0.326903 0.0235543 0.0829376
0 0.636407 0.231199 0.0201467 0.050141
2 0.974668 0.361387 0.0498915 0.143599
3 0.517742 0.336235 0.0235233 0.0752592
3 0.548451 0.387507 0.0252936 0.0870282
3 0.785045 0.367334 0.0311335 0.0917897
0 0.669719 0.345765 0.0255655 0.0716361
0 0.186362 0.449839 0.0220688 0.0882935
0 0.396342 0.271207 0.019412 0.0711002
3 0.668259 0.217771 0.0266188 0.0416574
7 0.852101 0.956002 0.133827 0.0840925
0 0.584827 0.291847 0.0227791 0.0762664
0 0.585131 0.282765 0.0208384 0.0591793
0 0.361216 0.288176 0.0176743 0.0620572
0 0.548263 0.379501 0.0243833 0.0796295
2 0.634306 0.0798917 0.0364956 0.0462034
3 0.196662 0.474663 0.0409817 0.0796274
0 0.774633 0.325062 0.0310752 0.0905679
3 0.452093 0.237337 0.014487 0.056076
0 0.719878 0.17934 0.019939 0.0648252
0 0.596287 0.733729 0.0356324 0.0974765
3 0.397124 0.296677 0.0185991 0.0607777
3 0.418598 0.211122 0.012394 0.047329
2 0.805774 0.207723 0.050953 0.0669323
2 0.599742 0.0876733 0.0344226 0.0343181
0 0.624559 0.456748 0.0331463 0.087531
0 0.380755 0.246063 0.0183835 0.065284
0 0.352953 0.231067 0.0155018 0.0552826
0 0.188613 0.459232 0.0265066 0.103935
3 0.362765 0.299139 0.0190206 0.068905
3 0.719154 0.180713 0.0210939 0.0658315
2 0.664799 0.0815972 0.0270306 0.03647
3 0.579726 0.316644 0.0182299 0.0416289
0 0.102587 0.200849 0.0145395 0.0521063
2 0.877297 0.674911 0.133904 0.307319
2 0.703443 0.585397 0.0998729 0.202362
2 0.305948 0.617817 0.148131 0.211637
5 0.893743 0.192635 0.118924 0.185349
2 0.252104 0.526751 0.126457 0.151792
2 0.841909 0.450331 0.0908693 0.171441
2 0.887836 0.347176 0.0707474 0.119775
7 0.416166 0.722283 0.199874 0.37432
2 0.731372 0.400856 0.0751961 0.151431
2 0.633658 0.936887 0.131384 0.122585
2 0.817862 0.262711 0.0579982 0.0888068
3 0.600078 0.633029 0.0379331 0.108474
3 0.62348 0.500847 0.0331931 0.118002
3 0.592077 0.815527 0.0373835 0.133375
3 0.636541 0.278364 0.0277524 0.0668819
2 0.72527 0.268494 0.0589676 0.11077
3 0.595983 0.35289 0.0245898 0.0633041
0 0.475627 0.380169 0.0239345 0.0662702
3 0.668884 0.376266 0.0268178 0.0792186
7 0.974144 0.534662 0.0507992 0.276774
3 0.297796 0.25801 0.0407753 0.0448878
3 0.780399 0.36321 0.0349793 0.0990225
2 0.792054 0.106911 0.0607988 0.0417831
0 0.600291 0.584938 0.037221 0.0994439
3 0.36464 0.308605 0.0198359 0.056897
3 0.197566 0.462376 0.0450721 0.100363
3 0.473806 0.413118 0.0242023 0.0573705
3 0.546501 0.399594 0.0214462 0.0688984
3 0.764085 0.163315 0.0233591 0.053141
2 0.97398 0.533915 0.0511694 0.274967
0 0.517785 0.326903 0.0235543 0.0829376
0 0.636407 0.231199 0.0201467 0.050141
2 0.974668 0.361387 0.0498915 0.143599
3 0.517742 0.336235 0.0235233 0.0752592
3 0.548451 0.387507 0.0252936 0.0870282
3 0.785045 0.367334 0.0311335 0.0917897
0 0.669719 0.345765 0.0255655 0.0716361
0 0.186362 0.449839 0.0220688 0.0882935
0 0.396342 0.271207 0.019412 0.0711002
3 0.668259 0.217771 0.0266188 0.0416574
7 0.852101 0.956002 0.133827 0.0840925
0 0.584827 0.291847 0.0227791 0.0762664
0 0.585131 0.282765 0.0208384 0.0591793
0 0.361216 0.288176 0.0176743 0.0620572
0 0.548263 0.379501 0.0243833 0.0796295
2 0.634306 0.0798917 0.0364956 0.0462034
3 0.196662 0.474663 0.0409817 0.0796274
0 0.774633 0.325062 0.0310752 0.0905679
3 0.452093 0.237337 0.014487 0.056076
0 0.719878 0.17934 0.019939 0.0648252
0 0.596287 0.733729 0.0356324 0.0974765
3 0.397124 0.296677 0.0185991 0.0607777
3 0.418598 0.211122 0.012394 0.047329
2 0.805774 0.207723 0.050953 0.0669323
2 0.599742 0.0876733 0.0344226 0.0343181
0 0.624559 0.456748 0.0331463 0.087531
0 0.380755 0.246063 0.0183835 0.065284
0 0.352953 0.231067 0.0155018 0.0552826
0 0.188613 0.459232 0.0265066 0.103935
3 0.362765 0.299139 0.0190206 0.068905
3 0.719154 0.180713 0.0210939 0.0658315
2 0.664799 0.0815972 0.0270306 0.03647
3 0.579726 0.316644 0.0182299 0.0416289
0 0.102587 0.200849 0.0145395 0.0521063
2 0.877297 0.674911 0.133904 0.307319
2 0.703443 0.585397 0.0998729 0.202362
2 0.305948 0.617817 0.148131 0.211637
5 0.893743 0.192635 0.118924 0.185349
2 0.252104 0.526751 0.126457 0.151792
2 0.841909 0.450331 0.0908693 0.171441
2 0.887836 0.347176 0.0707474 0.119775
7 0.416166 0.722283 0.199874 0.37432
2 0.731372 0.400856 0.0751961 0.151431
2 0.633658 0.936887 0.131384 0.122585
2 0.817862 0.262711 0.0579982 0.0888068
3 0.600078 0.633029 0.0379331 0.108474
3 0.62348 0.500847 0.0331931 0.118002
3 0.592077 0.815527 0.0373835 0.133375
3 0.636541 0.278364 0.0277524 0.0668819
2 0.72527 0.268494 0.0589676 0.11077
3 0.595983 0.35289 0.0245898 0.0633041
0 0.475627 0.380169 0.0239345 0.0662702
3 0.668884 0.376266 0.0268178 0.0792186
7 0.974144 0.534662 0.0507992 0.276774
3 0.297796 0.25801 0.0407753 0.0448878
3 0.780399 0.36321 0.0349793 0.0990225
2 0.792054 0.106911 0.0607988 0.0417831
0 0.600291 0.584938 0.037221 0.0994439
3 0.36464 0.308605 0.0198359 0.056897
3 0.197566 0.462376 0.0450721 0.100363
3 0.473806 0.413118 0.0242023 0.0573705
3 0.546501 0.399594 0.0214462 0.0688984
3 0.764085 0.163315 0.0233591 0.053141
2 0.97398 0.533915 0.0511694 0.274967
0 0.517785 0.326903 0.0235543 0.0829376
0 0.636407 0.231199 0.0201467 0.050141
2 0.974668 0.361387 0.0498915 0.143599
3 0.517742 0.336235 0.0235233 0.0752592
3 0.548451 0.387507 0.0252936 0.0870282
3 0.785045 0.367334 0.0311335 0.0917897
0 0.669719 0.345765 0.0255655 0.0716361
0 0.186362 0.449839 0.0220688 0.0882935
0 0.396342 0.271207 0.019412 0.0711002
3 0.668259 0.217771 0.0266188 0.0416574
7 0.852101 0.956002 0.133827 0.0840925
0 0.584827 0.291847 0.0227791 0.0762664
0 0.585131 0.282765 0.0208384 0.0591793
0 0.361216 0.288176 0.0176743 0.0620572
0 0.548263 0.379501 0.0243833 0.0796295
2 0.634306 0.0798917 0.0364956 0.0462034
3 0.196662 0.474663 0.0409817 0.0796274
0 0.774633 0.325062 0.0310752 0.0905679
3 0.452093 0.237337 0.014487 0.056076
0 0.719878 0.17934 0.019939 0.0648252
0 0.596287 0.733729 0.0356324 0.0974765
3 0.397124 0.296677 0.0185991 0.0607777
3 0.418598 0.211122 0.012394 0.047329
2 0.805774 0.207723 0.050953 0.0669323
2 0.599742 0.0876733 0.0344226 0.0343181
0 0.624559 0.456748 0.0331463 0.087531
0 0.380755 0.246063 0.0183835 0.065284
0 0.352953 0.231067 0.0155018 0.0552826
0 0.188613 0.459232 0.0265066 0.103935
3 0.362765 0.299139 0.0190206 0.068905
3 0.719154 0.180713 0.0210939 0.0658315
2 0.664799 0.0815972 0.0270306 0.03647
3 0.579726 0.316644 0.0182299 0.0416289
0 0.102587 0.200849 0.0145395 0.0521063
2 0.877297 0.674911 0.133904 0.307319
2 0.703443 0.585397 0.0998729 0.202362
2 0.305948 0.617817 0.148131 0.211637
5 0.893743 0.192635 0.118924 0.185349
2 0.252104 0.526751 0.126457 0.151792
2 0.841909 0.450331 0.0908693 0.171441
2 0.887836 0.347176 0.0707474 0.119775
7 0.416166 0.722283 0.199874 0.37432
2 0.731372 0.400856 0.0751961 0.151431
2 0.633658 0.936887 0.131384 0.122585
2 0.817862 0.262711 0.0579982 0.0888068
3 0.600078 0.633029 0.0379331 0.108474
3 0.62348 0.500847 0.0331931 0.118002
3 0.592077 0.815527 0.0373835 0.133375
3 0.636541 0.278364 0.0277524 0.0668819
2 0.72527 0.268494 0.0589676 0.11077
3 0.595983 0.35289 0.0245898 0.0633041
0 0.475627 0.380169 0.0239345 0.0662702
3 0.668884 0.376266 0.0268178 0.0792186
7 0.974144 0.534662 0.0507992 0.276774
3 0.297796 0.25801 0.0407753 0.0448878
3 0.780399 0.36321 0.0349793 0.0990225
2 0.792054 0.106911 0.0607988 0.0417831
0 0.600291 0.584938 0.037221 0.0994439
3 0.36464 0.308605 0.0198359 0.056897
3 0.197566 0.462376 0.0450721 0.100363
3 0.473806 0.413118 0.0242023 0.0573705
3 0.546501 0.399594 0.0214462 0.0688984
3 0.764085 0.163315 0.0233591 0.053141
2 0.97398 0.533915 0.0511694 0.274967
0 0.517785 0.326903 0.0235543 0.0829376
0 0.636407 0.231199 0.0201467 0.050141
2 0.974668 0.361387 0.0498915 0.143599
3 0.517742 0.336235 0.0235233 0.0752592
3 0.548451 0.387507 0.0252936 0.0870282
3 0.785045 0.367334 0.0311335 0.0917897
0 0.669719 0.345765 0.0255655 0.0716361
0 0.186362 0.449839 0.0220688 0.0882935
0 0.396342 0.271207 0.019412 0.0711002
3 0.668259 0.217771 0.0266188 0.0416574
7 0.852101 0.956002 0.133827 0.0840925
0 0.584827 0.291847 0.0227791 0.0762664
0 0.585131 0.282765 0.0208384 0.0591793
0 0.361216 0.288176 0.0176743 0.0620572
0 0.548263 0.379501 0.0243833 0.0796295
2 0.634306 0.0798917 0.0364956 0.0462034
3 0.196662 0.474663 0.0409817 0.0796274
0 0.774633 0.325062 0.0310752 0.0905679
3 0.452093 0.237337 0.014487 0.056076
0 0.719878 0.17934 0.019939 0.0648252
0 0.596287 0.733729 0.0356324 0.0974765
3 0.397124 0.296677 0.0185991 0.0607777
3 0.418598 0.211122 0.012394 0.047329
2 0.805774 0.207723 0.050953 0.0669323
2 0.599742 0.0876733 0.0344226 0.0343181
0 0.624559 0.456748 0.0331463 0.087531
0 0.380755 0.246063 0.0183835 0.065284
0 0.352953 0.231067 0.0155018 0.0552826
0 0.188613 0.459232 0.0265066 0.103935
3 0.362765 0.299139 0.0190206 0.068905
3 0.719154 0.180713 0.0210939 0.0658315
2 0.664799 0.0815972 0.0270306 0.03647
3 0.579726 0.316644 0.0182299 0.0416289
0 0.102587 0.200849 0.0145395 0.0521063
2 0.877297 0.674911 0.133904 0.307319
2 0.703443 0.585397 0.0998729 0.202362
2 0.305948 0.617817 0.148131 0.211637
5 0.893743 0.192635 0.118924 0.185349
2 0.252104 0.526751 0.126457 0.151792
2 0.841909 0.450331 0.0908693 0.171441
2 0.887836 0.347176 0.0707474 0.119775
7 0.416166 0.722283 0.199874 0.37432
2 0.731372 0.400856 0.0751961 0.151431
2 0.633658 0.936887 0.131384 0.122585
2 0.817862 0.262711 0.0579982 0.0888068
3 0.600078 0.633029 0.0379331 0.108474
3 0.62348 0.500847 0.0331931 0.118002
3 0.592077 0.815527 0.0373835 0.133375
3 0.636541 0.278364 0.0277524 0.0668819
2 0.72527 0.268494 0.0589676 0.11077
3 0.595983 0.35289 0.0245898 0.0633041
0 0.475627 0.380169 0.0239345 0.0662702
3 0.668884 0.376266 0.0268178 0.0792186
7 0.974144 0.534662 0.0507992 0.276774
3 0.297796 0.25801 0.0407753 0.0448878
3 0.780399 0.36321 0.0349793 0.0990225
2 0.792054 0.106911 0.0607988 0.0417831
0 0.600291 0.584938 0.037221 0.0994439
3 0.36464 0.308605 0.0198359 0.056897
3 0.197566 0.462376 0.0450721 0.100363
3 0.473806 0.413118 0.0242023 0.0573705
3 0.546501 0.399594 0.0214462 0.0688984
3 0.764085 0.163315 0.0233591 0.053141
2 0.97398 0.533915 0.0511694 0.274967
0 0.517785 0.326903 0.0235543 0.0829376
0 0.636407 0.231199 0.0201467 0.050141
2 0.974668 0.361387 0.0498915 0.143599
3 0.517742 0.336235 0.0235233 0.0752592
3 0.548451 0.387507 0.0252936 0.0870282
3 0.785045 0.367334 0.0311335 0.0917897
0 0.669719 0.345765 0.0255655 0.0716361
0 0.186362 0.449839 0.0220688 0.0882935
0 0.396342 0.271207 0.019412 0.0711002
3 0.668259 0.217771 0.0266188 0.0416574
7 0.852101 0.956002 0.133827 0.0840925
0 0.584827 0.291847 0.0227791 0.0762664
0 0.585131 0.282765 0.0208384 0.0591793
0 0.361216 0.288176 0.0176743 0.0620572
0 0.548263 0.379501 0.0243833 0.0796295
2 0.634306 0.0798917 0.0364956 0.0462034
3 0.196662 0.474663 0.0409817 0.0796274
0 0.774633 0.325062 0.0310752 0.0905679
3 0.452093 0.237337 0.014487 0.056076
0 0.719878 0.17934 0.019939 0.0648252
0 0.596287 0.733729 0.0356324 0.0974765
3 0.397124 0.296677 0.0185991 0.0607777
3 0.418598 0.211122 0.012394 0.047329
2 0.805774 0.207723 0.050953 0.0669323
2 0.599742 0.0876733 0.0344226 0.0343181
0 0.624559 0.456748 0.0331463 0.087531
0 0.380755 0.246063 0.0183835 0.065284
0 0.352953 0.231067 0.0155018 0.0552826
0 0.188613 0.459232 0.0265066 0.103935
3 0.362765 0.299139 0.0190206 0.068905
3 0.719154 0.180713 0.0210939 0.0658315
2 0.664799 0.0815972 0.0270306 0.03647
3 0.579726 0.316644 0.0182299 0.0416289
0 0.102587 0.200849 0.0145395 0.0521063
7 0.415515 0.723182 0.201815 0.375362
2 0.877518 0.677942 0.133418 0.310182
2 0.252364 0.526461 0.127174 0.150181
2 0.307028 0.61891 0.148199 0.212826
2 0.703813 0.586809 0.0993837 0.20657
2 0.840887 0.452146 0.0881725 0.172329
5 0.894053 0.191279 0.118602 0.184343
2 0.732412 0.402512 0.0775337 0.147979
2 0.633706 0.937203 0.129202 0.122413
2 0.887854 0.347006 0.0715416 0.119697
3 0.599129 0.630824 0.0389196 0.108616
2 0.974577 0.354672 0.0501028 0.128092
3 0.591585 0.816226 0.0356987 0.125891
3 0.622574 0.508214 0.0320642 0.100979
3 0.198088 0.470361 0.0406869 0.0869841
2 0.817578 0.261925 0.0579464 0.089653
3 0.668907 0.369957 0.0284521 0.0866746
2 0.725176 0.267893 0.058913 0.108331
3 0.297482 0.257312 0.0412947 0.0448747
0 0.593307 0.73469 0.041634 0.107388
0 0.47504 0.381657 0.0239231 0.0680932
3 0.473672 0.411191 0.0251313 0.0591885
7 0.974593 0.534501 0.0499725 0.275687
3 0.636602 0.277019 0.0289597 0.0659705
3 0.783739 0.372851 0.0297899 0.0848623
0 0.188275 0.451622 0.0276916 0.0913188
7 0.415515 0.723182 0.201815 0.375362
2 0.877518 0.677942 0.133418 0.310182
2 0.252364 0.526461 0.127174 0.150181
2 0.307028 0.61891 0.148199 0.212826
2 0.703813 0.586809 0.0993837 0.20657
2 0.840887 0.452146 0.0881725 0.172329
5 0.894053 0.191279 0.118602 0.184343
2 0.732412 0.402512 0.0775337 0.147979
2 0.633706 0.937203 0.129202 0.122413
2 0.887854 0.347006 0.0715416 0.119697
3 0.599129 0.630824 0.0389196 0.108616
2 0.974577 0.354672 0.0501028 0.128092
3 0.591585 0.816226 0.0356987 0.125891
3 0.622574 0.508214 0.0320642 0.100979
3 0.198088 0.470361 0.0406869 0.0869841
2 0.817578 0.261925 0.0579464 0.089653
3 0.668907 0.369957 0.0284521 0.0866746
2 0.725176 0.267893 0.058913 0.108331
3 0.297482 0.257312 0.0412947 0.0448747
0 0.593307 0.73469 0.041634 0.107388
0 0.47504 0.381657 0.0239231 0.0680932
3 0.473672 0.411191 0.0251313 0.0591885
7 0.974593 0.534501 0.0499725 0.275687
3 0.636602 0.277019 0.0289597 0.0659705
3 0.783739 0.372851 0.0297899 0.0848623
0 0.188275 0.451622 0.0276916 0.0913188
