2 0.178439 0.500308 0.0496125 0.067018
2 0.0734375 0.631857 0.0789546 0.105455
0 0.0284141 0.776296 0.0309036 0.144589
2 0.0355293 0.725558 0.0707554 0.149988
7 0.19704 0.426284 0.0751165 0.110449
0 0.139139 0.797456 0.0380703 0.107856
2 0.940076 0.788427 0.0709404 0.176655
3 0.136247 0.841799 0.0373102 0.0872596
2 0.10374 0.593452 0.069775 0.0970171
0 0.277166 0.435305 0.0134122 0.0520971
0 0.767268 0.436245 0.0140837 0.0537964
2 0.958377 0.674256 0.0684769 0.0648872
0 0.964113 0.438624 0.0127132 0.0641982
0 0.736601 0.4145 0.0154778 0.0347057
0 0.2582 0.362759 0.0119564 0.045322
2 0.929141 0.716531 0.129448 0.1531
0 0.951765 0.431337 0.0139523 0.0767215
2 0.972472 0.524247 0.0491674 0.0623846
2 0.928768 0.693768 0.130843 0.109904
2 0.178439 0.500308 0.0496125 0.067018
2 0.0734375 0.631857 0.0789546 0.105455
0 0.0284141 0.776296 0.0309036 0.144589
2 0.0355293 0.725558 0.0707554 0.149988
7 0.19704 0.426284 0.0751165 0.110449
0 0.139139 0.797456 0.0380703 0.107856
2 0.940076 0.788427 0.0709404 0.176655
3 0.136247 0.841799 0.0373102 0.0872596
2 0.10374 0.593452 0.069775 0.0970171
0 0.277166 0.435305 0.0134122 0.0520971
0 0.767268 0.436245 0.0140837 0.0537964
2 0.958377 0.674256 0.0684769 0.0648872
0 0.964113 0.438624 0.0127132 0.0641982
0 0.736601 0.4145 0.0154778 0.0347057
0 0.2582 0.362759 0.0119564 0.045322
2 0.929141 0.716531 0.129448 0.1531
0 0.951765 0.431337 0.0139523 0.0767215
2 0.972472 0.524247 0.0491674 0.0623846
2 0.928768 0.693768 0.130843 0.109904
2 0.178439 0.500308 0.0496125 0.067018
2 0.0734375 0.631857 0.0789546 0.105455
0 0.0284141 0.776296 0.0309036 0.144589
2 0.0355293 0.725558 0.0707554 0.149988
7 0.19704 0.426284 0.0751165 0.110449
0 0.139139 0.797456 0.0380703 0.107856
2 0.940076 0.788427 0.0709404 0.176655
3 0.136247 0.841799 0.0373102 0.0872596
2 0.10374 0.593452 0.069775 0.0970171
0 0.277166 0.435305 0.0134122 0.0520971
0 0.767268 0.436245 0.0140837 0.0537964
2 0.958377 0.674256 0.0684769 0.0648872
0 0.964113 0.438624 0.0127132 0.0641982
0 0.736601 0.4145 0.0154778 0.0347057
0 0.2582 0.362759 0.0119564 0.045322
2 0.929141 0.716531 0.129448 0.1531
0 0.951765 0.431337 0.0139523 0.0767215
2 0.972472 0.524247 0.0491674 0.0623846
2 0.928768 0.693768 0.130843 0.109904
2 0.178439 0.500308 0.0496125 0.067018
2 0.0734375 0.631857 0.0789546 0.105455
0 0.0284141 0.776296 0.0309036 0.144589
2 0.0355293 0.725558 0.0707554 0.149988
7 0.19704 0.426284 0.0751165 0.110449
0 0.139139 0.797456 0.0380703 0.107856
2 0.940076 0.788427 0.0709404 0.176655
3 0.136247 0.841799 0.0373102 0.0872596
2 0.10374 0.593452 0.069775 0.0970171
0 0.277166 0.435305 0.0134122 0.0520971
0 0.767268 0.436245 0.0140837 0.0537964
2 0.958377 0.674256 0.0684769 0.0648872
0 0.964113 0.438624 0.0127132 0.0641982
0 0.736601 0.4145 0.0154778 0.0347057
0 0.2582 0.362759 0.0119564 0.045322
2 0.929141 0.716531 0.129448 0.1531
0 0.951765 0.431337 0.0139523 0.0767215
2 0.972472 0.524247 0.0491674 0.0623846
2 0.928768 0.693768 0.130843 0.109904
2 0.178439 0.500308 0.0496125 0.067018
2 0.0734375 0.631857 0.0789546 0.105455
0 0.0284141 0.776296 0.0309036 0.144589
2 0.0355293 0.725558 0.0707554 0.149988
7 0.19704 0.426284 0.0751165 0.110449
0 0.139139 0.797456 0.0380703 0.107856
2 0.940076 0.788427 0.0709404 0.176655
3 0.136247 0.841799 0.0373102 0.0872596
2 0.10374 0.593452 0.069775 0.0970171
0 0.277166 0.435305 0.0134122 0.0520971
0 0.767268 0.436245 0.0140837 0.0537964
2 0.958377 0.674256 0.0684769 0.0648872
0 0.964113 0.438624 0.0127132 0.0641982
0 0.736601 0.4145 0.0154778 0.0347057
0 0.2582 0.362759 0.0119564 0.045322
2 0.929141 0.716531 0.129448 0.1531
0 0.951765 0.431337 0.0139523 0.0767215
2 0.972472 0.524247 0.0491674 0.0623846
2 0.928768 0.693768 0.130843 0.109904
2 0.178439 0.500308 0.0496125 0.067018
2 0.0734375 0.631857 0.0789546 0.105455
0 0.0284141 0.776296 0.0309036 0.144589
2 0.0355293 0.725558 0.0707554 0.149988
7 0.19704 0.426284 0.0751165 0.110449
0 0.139139 0.797456 0.0380703 0.107856
2 0.940076 0.788427 0.0709404 0.176655
3 0.136247 0.841799 0.0373102 0.0872596
2 0.10374 0.593452 0.069775 0.0970171
0 0.277166 0.435305 0.0134122 0.0520971
0 0.767268 0.436245 0.0140837 0.0537964
2 0.958377 0.674256 0.0684769 0.0648872
0 0.964113 0.438624 0.0127132 0.0641982
0 0.736601 0.4145 0.0154778 0.0347057
0 0.2582 0.362759 0.0119564 0.045322
2 0.929141 0.716531 0.129448 0.1531
0 0.951765 0.431337 0.0139523 0.0767215
2 0.972472 0.524247 0.0491674 0.0623846
2 0.928768 0.693768 0.130843 0.109904
2 0.178439 0.500308 0.0496125 0.067018
2 0.0734375 0.631857 0.0789546 0.105455
0 0.0284141 0.776296 0.0309036 0.144589
2 0.0355293 0.725558 0.0707554 0.149988
7 0.19704 0.426284 0.0751165 0.110449
0 0.139139 0.797456 0.0380703 0.107856
2 0.940076 0.788427 0.0709404 0.176655
3 0.136247 0.841799 0.0373102 0.0872596
2 0.10374 0.593452 0.069775 0.0970171
0 0.277166 0.435305 0.0134122 0.0520971
0 0.767268 0.436245 0.0140837 0.0537964
2 0.958377 0.674256 0.0684769 0.0648872
0 0.964113 0.438624 0.0127132 0.0641982
0 0.736601 0.4145 0.0154778 0.0347057
0 0.2582 0.362759 0.0119564 0.045322
2 0.929141 0.716531 0.129448 0.1531
0 0.951765 0.431337 0.0139523 0.0767215
2 0.972472 0.524247 0.0491674 0.0623846
2 0.928768 0.693768 0.130843 0.109904
2 0.0349465 0.72351 0.0695131 0.143294
2 0.074138 0.632673 0.0768349 0.102925
0 0.0283003 0.776759 0.0325588 0.143907
2 0.17823 0.498018 0.0481418 0.0686252
7 0.857171 0.469044 0.100737 0.155381
0 0.139398 0.795798 0.0362046 0.103446
2 0.104265 0.592275 0.0685915 0.0966231
0 0.277357 0.433119 0.0132646 0.0492081
7 0.197008 0.425785 0.0612538 0.106364
2 0.959224 0.675283 0.0698044 0.0633759
3 0.277475 0.437562 0.012851 0.047945
3 0.138255 0.829926 0.0401942 0.105145
2 0.943714 0.787948 0.0697002 0.177282
2 0.0349465 0.72351 0.0695131 0.143294
2 0.074138 0.632673 0.0768349 0.102925
0 0.0283003 0.776759 0.0325588 0.143907
2 0.17823 0.498018 0.0481418 0.0686252
7 0.857171 0.469044 0.100737 0.155381
0 0.139398 0.795798 0.0362046 0.103446
2 0.104265 0.592275 0.0685915 0.0966231
0 0.277357 0.433119 0.0132646 0.0492081
7 0.197008 0.425785 0.0612538 0.106364
2 0.959224 0.675283 0.0698044 0.0633759
3 0.277475 0.437562 0.012851 0.047945
3 0.138255 0.829926 0.0401942 0.105145
2 0.943714 0.787948 0.0697002 0.177282
