2 0.824771 0.509151 0.116829 0.236233
2 0.786492 0.864607 0.183844 0.266171
2 0.876368 0.317171 0.0899189 0.159558
2 0.912425 0.197487 0.0803021 0.148974
2 0.966198 0.767839 0.066676 0.449918
0 0.36151 0.726881 0.0560244 0.141996
0 0.52975 0.517716 0.0416996 0.137665
0 0.608267 0.428948 0.0336531 0.0985809
3 0.580007 0.23264 0.0209543 0.0647826
3 0.374594 0.527512 0.0548904 0.132918
3 0.358184 0.763648 0.0722734 0.159112
3 0.447322 0.353593 0.0312758 0.0920116
3 0.765033 0.415733 0.0316034 0.0883368
7 0.907877 0.0453963 0.0514877 0.0885054
3 0.606446 0.473456 0.0354008 0.0950214
0 0.476331 0.75417 0.051029 0.125194
3 0.66335 0.357346 0.0369045 0.0832831
0 0.580775 0.205326 0.0217955 0.0742438
3 0.814286 0.255437 0.0274633 0.07837
0 0.765216 0.364383 0.0355894 0.0925362
3 0.52651 0.312052 0.0262732 0.0746854
3 0.370739 0.308544 0.031926 0.0653537
3 0.688312 0.198629 0.0310471 0.0649674
0 0.523936 0.285006 0.0305079 0.0797057
2 0.99219 0.250994 0.0149187 0.131837
0 0.690804 0.167231 0.0263542 0.0736288
0 0.583427 0.620449 0.0482239 0.131439
3 0.745566 0.150643 0.0217868 0.0572297
3 0.526885 0.560903 0.0498871 0.0908324
3 0.470069 0.810353 0.0458241 0.153822
3 0.479508 0.220521 0.0253979 0.065301
0 0.347588 0.383806 0.0350515 0.111065
3 0.534726 0.160857 0.0179496 0.0537643
3 0.551107 0.106871 0.0232178 0.0579748
0 0.446408 0.326308 0.0293439 0.0902238
0 0.370716 0.277956 0.0260304 0.0753369
3 0.525297 0.547149 0.0550222 0.11536
3 0.786384 0.14056 0.0229811 0.0737474
0 0.515048 0.448122 0.0385931 0.0938405
3 0.735086 0.731988 0.0417365 0.102875
3 0.814979 0.107946 0.0189621 0.0549037
3 0.534995 0.150779 0.0186209 0.0745581
0 0.748337 0.123292 0.0206591 0.0684348
3 0.588672 0.670142 0.0419629 0.105141
3 0.844608 0.17079 0.0250721 0.0735614
2 0.0222616 0.108399 0.0443543 0.058807
0 0.814345 0.219935 0.0288761 0.0795122
2 0.0224488 0.0949315 0.0447352 0.087492
0 0.669564 0.320289 0.0355415 0.0820032
3 0.611606 0.156189 0.0171522 0.0591738
2 0.9854 0.0921374 0.0285027 0.0910523
0 0.357667 0.437702 0.0371329 0.0968732
3 0.355976 0.795115 0.0667854 0.105691
3 0.586045 0.679995 0.0352364 0.0873247
2 0.978045 0.0300542 0.0430742 0.0600051
0 0.964396 0.145758 0.0243931 0.0974722
3 0.846247 0.15554 0.0283905 0.0955616
0 0.379927 0.48981 0.0383845 0.108911
0 0.815879 0.0823244 0.0213467 0.0571495
0 0.591878 0.0678696 0.016842 0.0481759
0 0.73575 0.678965 0.0508184 0.15335
3 0.965458 0.169179 0.0236984 0.0593175
3 0.457391 0.107872 0.0392291 0.0450007
0 0.611438 0.130289 0.0178616 0.0602347
3 0.870979 0.0866801 0.0277536 0.0673084
3 0.516701 0.555257 0.0367357 0.103255
3 0.468315 0.210817 0.0490917 0.0768995
0 0.427978 0.296002 0.0315361 0.102532
3 0.494029 0.176455 0.0202618 0.0571393
3 0.736796 0.692828 0.0471245 0.179203
0 0.371011 0.288724 0.0297273 0.0900744
3 0.422796 0.323152 0.0236835 0.0537669
2 0.824771 0.509151 0.116829 0.236233
2 0.786492 0.864607 0.183844 0.266171
2 0.876368 0.317171 0.0899189 0.159558
2 0.912425 0.197487 0.0803021 0.148974
2 0.966198 0.767839 0.066676 0.449918
0 0.36151 0.726881 0.0560244 0.141996
0 0.52975 0.517716 0.0416996 0.137665
0 0.608267 0.428948 0.0336531 0.0985809
3 0.580007 0.23264 0.0209543 0.0647826
3 0.374594 0.527512 0.0548904 0.132918
3 0.358184 0.763648 0.0722734 0.159112
3 0.447322 0.353593 0.0312758 0.0920116
3 0.765033 0.415733 0.0316034 0.0883368
7 0.907877 0.0453963 0.0514877 0.0885054
3 0.606446 0.473456 0.0354008 0.0950214
0 0.476331 0.75417 0.051029 0.125194
3 0.66335 0.357346 0.0369045 0.0832831
0 0.580775 0.205326 0.0217955 0.0742438
3 0.814286 0.255437 0.0274633 0.07837
0 0.765216 0.364383 0.0355894 0.0925362
3 0.52651 0.312052 0.0262732 0.0746854
3 0.370739 0.308544 0.031926 0.0653537
3 0.688312 0.198629 0.0310471 0.0649674
0 0.523936 0.285006 0.0305079 0.0797057
2 0.99219 0.250994 0.0149187 0.131837
0 0.690804 0.167231 0.0263542 0.0736288
0 0.583427 0.620449 0.0482239 0.131439
3 0.745566 0.150643 0.0217868 0.0572297
3 0.526885 0.560903 0.0498871 0.0908324
3 0.470069 0.810353 0.0458241 0.153822
3 0.479508 0.220521 0.0253979 0.065301
0 0.347588 0.383806 0.0350515 0.111065
3 0.534726 0.160857 0.0179496 0.0537643
3 0.551107 0.106871 0.0232178 0.0579748
0 0.446408 0.326308 0.0293439 0.0902238
0 0.370716 0.277956 0.0260304 0.0753369
3 0.525297 0.547149 0.0550222 0.11536
3 0.786384 0.14056 0.0229811 0.0737474
0 0.515048 0.448122 0.0385931 0.0938405
3 0.735086 0.731988 0.0417365 0.102875
3 0.814979 0.107946 0.0189621 0.0549037
3 0.534995 0.150779 0.0186209 0.0745581
0 0.748337 0.123292 0.0206591 0.0684348
3 0.588672 0.670142 0.0419629 0.105141
3 0.844608 0.17079 0.0250721 0.0735614
2 0.0222616 0.108399 0.0443543 0.058807
0 0.814345 0.219935 0.0288761 0.0795122
2 0.0224488 0.0949315 0.0447352 0.087492
0 0.669564 0.320289 0.0355415 0.0820032
3 0.611606 0.156189 0.0171522 0.0591738
2 0.9854 0.0921374 0.0285027 0.0910523
0 0.357667 0.437702 0.0371329 0.0968732
3 0.355976 0.795115 0.0667854 0.105691
3 0.586045 0.679995 0.0352364 0.0873247
2 0.978045 0.0300542 0.0430742 0.0600051
0 0.964396 0.145758 0.0243931 0.0974722
3 0.846247 0.15554 0.0283905 0.0955616
0 0.379927 0.48981 0.0383845 0.108911
0 0.815879 0.0823244 0.0213467 0.0571495
0 0.591878 0.0678696 0.016842 0.0481759
0 0.73575 0.678965 0.0508184 0.15335
3 0.965458 0.169179 0.0236984 0.0593175
3 0.457391 0.107872 0.0392291 0.0450007
0 0.611438 0.130289 0.0178616 0.0602347
3 0.870979 0.0866801 0.0277536 0.0673084
3 0.516701 0.555257 0.0367357 0.103255
3 0.468315 0.210817 0.0490917 0.0768995
0 0.427978 0.296002 0.0315361 0.102532
3 0.494029 0.176455 0.0202618 0.0571393
3 0.736796 0.692828 0.0471245 0.179203
0 0.371011 0.288724 0.0297273 0.0900744
3 0.422796 0.323152 0.0236835 0.0537669
2 0.824771 0.509151 0.116829 0.236233
2 0.786492 0.864607 0.183844 0.266171
2 0.876368 0.317171 0.0899189 0.159558
2 0.912425 0.197487 0.0803021 0.148974
2 0.966198 0.767839 0.066676 0.449918
0 0.36151 0.726881 0.0560244 0.141996
0 0.52975 0.517716 0.0416996 0.137665
0 0.608267 0.428948 0.0336531 0.0985809
3 0.580007 0.23264 0.0209543 0.0647826
3 0.374594 0.527512 0.0548904 0.132918
3 0.358184 0.763648 0.0722734 0.159112
3 0.447322 0.353593 0.0312758 0.0920116
3 0.765033 0.415733 0.0316034 0.0883368
7 0.907877 0.0453963 0.0514877 0.0885054
3 0.606446 0.473456 0.0354008 0.0950214
0 0.476331 0.75417 0.051029 0.125194
3 0.66335 0.357346 0.0369045 0.0832831
0 0.580775 0.205326 0.0217955 0.0742438
3 0.814286 0.255437 0.0274633 0.07837
0 0.765216 0.364383 0.0355894 0.0925362
3 0.52651 0.312052 0.0262732 0.0746854
3 0.370739 0.308544 0.031926 0.0653537
3 0.688312 0.198629 0.0310471 0.0649674
0 0.523936 0.285006 0.0305079 0.0797057
2 0.99219 0.250994 0.0149187 0.131837
0 0.690804 0.167231 0.0263542 0.0736288
0 0.583427 0.620449 0.0482239 0.131439
3 0.745566 0.150643 0.0217868 0.0572297
3 0.526885 0.560903 0.0498871 0.0908324
3 0.470069 0.810353 0.0458241 0.153822
3 0.479508 0.220521 0.0253979 0.065301
0 0.347588 0.383806 0.0350515 0.111065
3 0.534726 0.160857 0.0179496 0.0537643
3 0.551107 0.106871 0.0232178 0.0579748
0 0.446408 0.326308 0.0293439 0.0902238
0 0.370716 0.277956 0.0260304 0.0753369
3 0.525297 0.547149 0.0550222 0.11536
3 0.786384 0.14056 0.0229811 0.0737474
0 0.515048 0.448122 0.0385931 0.0938405
3 0.735086 0.731988 0.0417365 0.102875
3 0.814979 0.107946 0.0189621 0.0549037
3 0.534995 0.150779 0.0186209 0.0745581
0 0.748337 0.123292 0.0206591 0.0684348
3 0.588672 0.670142 0.0419629 0.105141
3 0.844608 0.17079 0.0250721 0.0735614
2 0.0222616 0.108399 0.0443543 0.058807
0 0.814345 0.219935 0.0288761 0.0795122
2 0.0224488 0.0949315 0.0447352 0.087492
0 0.669564 0.320289 0.0355415 0.0820032
3 0.611606 0.156189 0.0171522 0.0591738
2 0.9854 0.0921374 0.0285027 0.0910523
0 0.357667 0.437702 0.0371329 0.0968732
3 0.355976 0.795115 0.0667854 0.105691
3 0.586045 0.679995 0.0352364 0.0873247
2 0.978045 0.0300542 0.0430742 0.0600051
0 0.964396 0.145758 0.0243931 0.0974722
3 0.846247 0.15554 0.0283905 0.0955616
0 0.379927 0.48981 0.0383845 0.108911
0 0.815879 0.0823244 0.0213467 0.0571495
0 0.591878 0.0678696 0.016842 0.0481759
0 0.73575 0.678965 0.0508184 0.15335
3 0.965458 0.169179 0.0236984 0.0593175
3 0.457391 0.107872 0.0392291 0.0450007
0 0.611438 0.130289 0.0178616 0.0602347
3 0.870979 0.0866801 0.0277536 0.0673084
3 0.516701 0.555257 0.0367357 0.103255
3 0.468315 0.210817 0.0490917 0.0768995
0 0.427978 0.296002 0.0315361 0.102532
3 0.494029 0.176455 0.0202618 0.0571393
3 0.736796 0.692828 0.0471245 0.179203
0 0.371011 0.288724 0.0297273 0.0900744
3 0.422796 0.323152 0.0236835 0.0537669
2 0.824771 0.509151 0.116829 0.236233
2 0.786492 0.864607 0.183844 0.266171
2 0.876368 0.317171 0.0899189 0.159558
2 0.912425 0.197487 0.0803021 0.148974
2 0.966198 0.767839 0.066676 0.449918
0 0.36151 0.726881 0.0560244 0.141996
0 0.52975 0.517716 0.0416996 0.137665
0 0.608267 0.428948 0.0336531 0.0985809
3 0.580007 0.23264 0.0209543 0.0647826
3 0.374594 0.527512 0.0548904 0.132918
3 0.358184 0.763648 0.0722734 0.159112
3 0.447322 0.353593 0.0312758 0.0920116
3 0.765033 0.415733 0.0316034 0.0883368
7 0.907877 0.0453963 0.0514877 0.0885054
3 0.606446 0.473456 0.0354008 0.0950214
0 0.476331 0.75417 0.051029 0.125194
3 0.66335 0.357346 0.0369045 0.0832831
0 0.580775 0.205326 0.0217955 0.0742438
3 0.814286 0.255437 0.0274633 0.07837
0 0.765216 0.364383 0.0355894 0.0925362
3 0.52651 0.312052 0.0262732 0.0746854
3 0.370739 0.308544 0.031926 0.0653537
3 0.688312 0.198629 0.0310471 0.0649674
0 0.523936 0.285006 0.0305079 0.0797057
2 0.99219 0.250994 0.0149187 0.131837
0 0.690804 0.167231 0.0263542 0.0736288
0 0.583427 0.620449 0.0482239 0.131439
3 0.745566 0.150643 0.0217868 0.0572297
3 0.526885 0.560903 0.0498871 0.0908324
3 0.470069 0.810353 0.0458241 0.153822
3 0.479508 0.220521 0.0253979 0.065301
0 0.347588 0.383806 0.0350515 0.111065
3 0.534726 0.160857 0.0179496 0.0537643
3 0.551107 0.106871 0.0232178 0.0579748
0 0.446408 0.326308 0.0293439 0.0902238
0 0.370716 0.277956 0.0260304 0.0753369
3 0.525297 0.547149 0.0550222 0.11536
3 0.786384 0.14056 0.0229811 0.0737474
0 0.515048 0.448122 0.0385931 0.0938405
3 0.735086 0.731988 0.0417365 0.102875
3 0.814979 0.107946 0.0189621 0.0549037
3 0.534995 0.150779 0.0186209 0.0745581
0 0.748337 0.123292 0.0206591 0.0684348
3 0.588672 0.670142 0.0419629 0.105141
3 0.844608 0.17079 0.0250721 0.0735614
2 0.0222616 0.108399 0.0443543 0.058807
0 0.814345 0.219935 0.0288761 0.0795122
2 0.0224488 0.0949315 0.0447352 0.087492
0 0.669564 0.320289 0.0355415 0.0820032
3 0.611606 0.156189 0.0171522 0.0591738
2 0.9854 0.0921374 0.0285027 0.0910523
0 0.357667 0.437702 0.0371329 0.0968732
3 0.355976 0.795115 0.0667854 0.105691
3 0.586045 0.679995 0.0352364 0.0873247
2 0.978045 0.0300542 0.0430742 0.0600051
0 0.964396 0.145758 0.0243931 0.0974722
3 0.846247 0.15554 0.0283905 0.0955616
0 0.379927 0.48981 0.0383845 0.108911
0 0.815879 0.0823244 0.0213467 0.0571495
0 0.591878 0.0678696 0.016842 0.0481759
0 0.73575 0.678965 0.0508184 0.15335
3 0.965458 0.169179 0.0236984 0.0593175
3 0.457391 0.107872 0.0392291 0.0450007
0 0.611438 0.130289 0.0178616 0.0602347
3 0.870979 0.0866801 0.0277536 0.0673084
3 0.516701 0.555257 0.0367357 0.103255
3 0.468315 0.210817 0.0490917 0.0768995
0 0.427978 0.296002 0.0315361 0.102532
3 0.494029 0.176455 0.0202618 0.0571393
3 0.736796 0.692828 0.0471245 0.179203
0 0.371011 0.288724 0.0297273 0.0900744
3 0.422796 0.323152 0.0236835 0.0537669
2 0.824771 0.509151 0.116829 0.236233
2 0.786492 0.864607 0.183844 0.266171
2 0.876368 0.317171 0.0899189 0.159558
2 0.912425 0.197487 0.0803021 0.148974
2 0.966198 0.767839 0.066676 0.449918
0 0.36151 0.726881 0.0560244 0.141996
0 0.52975 0.517716 0.0416996 0.137665
0 0.608267 0.428948 0.0336531 0.0985809
3 0.580007 0.23264 0.0209543 0.0647826
3 0.374594 0.527512 0.0548904 0.132918
3 0.358184 0.763648 0.0722734 0.159112
3 0.447322 0.353593 0.0312758 0.0920116
3 0.765033 0.415733 0.0316034 0.0883368
7 0.907877 0.0453963 0.0514877 0.0885054
3 0.606446 0.473456 0.0354008 0.0950214
0 0.476331 0.75417 0.051029 0.125194
3 0.66335 0.357346 0.0369045 0.0832831
0 0.580775 0.205326 0.0217955 0.0742438
3 0.814286 0.255437 0.0274633 0.07837
0 0.765216 0.364383 0.0355894 0.0925362
3 0.52651 0.312052 0.0262732 0.0746854
3 0.370739 0.308544 0.031926 0.0653537
3 0.688312 0.198629 0.0310471 0.0649674
0 0.523936 0.285006 0.0305079 0.0797057
2 0.99219 0.250994 0.0149187 0.131837
0 0.690804 0.167231 0.0263542 0.0736288
0 0.583427 0.620449 0.0482239 0.131439
3 0.745566 0.150643 0.0217868 0.0572297
3 0.526885 0.560903 0.0498871 0.0908324
3 0.470069 0.810353 0.0458241 0.153822
3 0.479508 0.220521 0.0253979 0.065301
0 0.347588 0.383806 0.0350515 0.111065
3 0.534726 0.160857 0.0179496 0.0537643
3 0.551107 0.106871 0.0232178 0.0579748
0 0.446408 0.326308 0.0293439 0.0902238
0 0.370716 0.277956 0.0260304 0.0753369
3 0.525297 0.547149 0.0550222 0.11536
3 0.786384 0.14056 0.0229811 0.0737474
0 0.515048 0.448122 0.0385931 0.0938405
3 0.735086 0.731988 0.0417365 0.102875
3 0.814979 0.107946 0.0189621 0.0549037
3 0.534995 0.150779 0.0186209 0.0745581
0 0.748337 0.123292 0.0206591 0.0684348
3 0.588672 0.670142 0.0419629 0.105141
3 0.844608 0.17079 0.0250721 0.0735614
2 0.0222616 0.108399 0.0443543 0.058807
0 0.814345 0.219935 0.0288761 0.0795122
2 0.0224488 0.0949315 0.0447352 0.087492
0 0.669564 0.320289 0.0355415 0.0820032
3 0.611606 0.156189 0.0171522 0.0591738
2 0.9854 0.0921374 0.0285027 0.0910523
0 0.357667 0.437702 0.0371329 0.0968732
3 0.355976 0.795115 0.0667854 0.105691
3 0.586045 0.679995 0.0352364 0.0873247
2 0.978045 0.0300542 0.0430742 0.0600051
0 0.964396 0.145758 0.0243931 0.0974722
3 0.846247 0.15554 0.0283905 0.0955616
0 0.379927 0.48981 0.0383845 0.108911
0 0.815879 0.0823244 0.0213467 0.0571495
0 0.591878 0.0678696 0.016842 0.0481759
0 0.73575 0.678965 0.0508184 0.15335
3 0.965458 0.169179 0.0236984 0.0593175
3 0.457391 0.107872 0.0392291 0.0450007
0 0.611438 0.130289 0.0178616 0.0602347
3 0.870979 0.0866801 0.0277536 0.0673084
3 0.516701 0.555257 0.0367357 0.103255
3 0.468315 0.210817 0.0490917 0.0768995
0 0.427978 0.296002 0.0315361 0.102532
3 0.494029 0.176455 0.0202618 0.0571393
3 0.736796 0.692828 0.0471245 0.179203
0 0.371011 0.288724 0.0297273 0.0900744
3 0.422796 0.323152 0.0236835 0.0537669
2 0.824771 0.509151 0.116829 0.236233
2 0.786492 0.864607 0.183844 0.266171
2 0.876368 0.317171 0.0899189 0.159558
2 0.912425 0.197487 0.0803021 0.148974
2 0.966198 0.767839 0.066676 0.449918
0 0.36151 0.726881 0.0560244 0.141996
0 0.52975 0.517716 0.0416996 0.137665
0 0.608267 0.428948 0.0336531 0.0985809
3 0.580007 0.23264 0.0209543 0.0647826
3 0.374594 0.527512 0.0548904 0.132918
3 0.358184 0.763648 0.0722734 0.159112
3 0.447322 0.353593 0.0312758 0.0920116
3 0.765033 0.415733 0.0316034 0.0883368
7 0.907877 0.0453963 0.0514877 0.0885054
3 0.606446 0.473456 0.0354008 0.0950214
0 0.476331 0.75417 0.051029 0.125194
3 0.66335 0.357346 0.0369045 0.0832831
0 0.580775 0.205326 0.0217955 0.0742438
3 0.814286 0.255437 0.0274633 0.07837
0 0.765216 0.364383 0.0355894 0.0925362
3 0.52651 0.312052 0.0262732 0.0746854
3 0.370739 0.308544 0.031926 0.0653537
3 0.688312 0.198629 0.0310471 0.0649674
0 0.523936 0.285006 0.0305079 0.0797057
2 0.99219 0.250994 0.0149187 0.131837
0 0.690804 0.167231 0.0263542 0.0736288
0 0.583427 0.620449 0.0482239 0.131439
3 0.745566 0.150643 0.0217868 0.0572297
3 0.526885 0.560903 0.0498871 0.0908324
3 0.470069 0.810353 0.0458241 0.153822
3 0.479508 0.220521 0.0253979 0.065301
0 0.347588 0.383806 0.0350515 0.111065
3 0.534726 0.160857 0.0179496 0.0537643
3 0.551107 0.106871 0.0232178 0.0579748
0 0.446408 0.326308 0.0293439 0.0902238
0 0.370716 0.277956 0.0260304 0.0753369
3 0.525297 0.547149 0.0550222 0.11536
3 0.786384 0.14056 0.0229811 0.0737474
0 0.515048 0.448122 0.0385931 0.0938405
3 0.735086 0.731988 0.0417365 0.102875
3 0.814979 0.107946 0.0189621 0.0549037
3 0.534995 0.150779 0.0186209 0.0745581
0 0.748337 0.123292 0.0206591 0.0684348
3 0.588672 0.670142 0.0419629 0.105141
3 0.844608 0.17079 0.0250721 0.0735614
2 0.0222616 0.108399 0.0443543 0.058807
0 0.814345 0.219935 0.0288761 0.0795122
2 0.0224488 0.0949315 0.0447352 0.087492
0 0.669564 0.320289 0.0355415 0.0820032
3 0.611606 0.156189 0.0171522 0.0591738
2 0.9854 0.0921374 0.0285027 0.0910523
0 0.357667 0.437702 0.0371329 0.0968732
3 0.355976 0.795115 0.0667854 0.105691
3 0.586045 0.679995 0.0352364 0.0873247
2 0.978045 0.0300542 0.0430742 0.0600051
0 0.964396 0.145758 0.0243931 0.0974722
3 0.846247 0.15554 0.0283905 0.0955616
0 0.379927 0.48981 0.0383845 0.108911
0 0.815879 0.0823244 0.0213467 0.0571495
0 0.591878 0.0678696 0.016842 0.0481759
0 0.73575 0.678965 0.0508184 0.15335
3 0.965458 0.169179 0.0236984 0.0593175
3 0.457391 0.107872 0.0392291 0.0450007
0 0.611438 0.130289 0.0178616 0.0602347
3 0.870979 0.0866801 0.0277536 0.0673084
3 0.516701 0.555257 0.0367357 0.103255
3 0.468315 0.210817 0.0490917 0.0768995
0 0.427978 0.296002 0.0315361 0.102532
3 0.494029 0.176455 0.0202618 0.0571393
3 0.736796 0.692828 0.0471245 0.179203
0 0.371011 0.288724 0.0297273 0.0900744
3 0.422796 0.323152 0.0236835 0.0537669
2 0.788047 0.864349 0.186284 0.263713
2 0.823593 0.510478 0.114324 0.238699
2 0.877078 0.319167 0.0896355 0.161743
0 0.361416 0.72834 0.0540356 0.145661
2 0.912533 0.195208 0.0780441 0.154646
3 0.357865 0.764577 0.0720994 0.164501
3 0.764569 0.415078 0.0307274 0.0926932
0 0.608497 0.428621 0.0339556 0.0956667
2 0.965047 0.766496 0.0690506 0.450714
0 0.528888 0.520049 0.0431376 0.136797
2 0.991545 0.247746 0.0160851 0.135949
3 0.474736 0.798997 0.0567321 0.176078
3 0.813142 0.25478 0.0272058 0.0824904
0 0.4745 0.750567 0.0460819 0.117675
3 0.580166 0.234103 0.0208981 0.0587531
3 0.606411 0.471349 0.0359621 0.0937688
3 0.525754 0.316123 0.0248494 0.0644334
0 0.515267 0.43941 0.0361916 0.0764595
3 0.736233 0.735196 0.0461228 0.139328
0 0.524367 0.286543 0.0305223 0.0756737
3 0.786888 0.139598 0.0238362 0.0649307
3 0.665018 0.35655 0.0398102 0.0830477
3 0.518465 0.565204 0.035358 0.0803168
2 0.788047 0.864349 0.186284 0.263713
2 0.823593 0.510478 0.114324 0.238699
2 0.877078 0.319167 0.0896355 0.161743
0 0.361416 0.72834 0.0540356 0.145661
2 0.912533 0.195208 0.0780441 0.154646
3 0.357865 0.764577 0.0720994 0.164501
3 0.764569 0.415078 0.0307274 0.0926932
0 0.608497 0.428621 0.0339556 0.0956667
2 0.965047 0.766496 0.0690506 0.450714
0 0.528888 0.520049 0.0431376 0.136797
2 0.991545 0.247746 0.0160851 0.135949
3 0.474736 0.798997 0.0567321 0.176078
3 0.813142 0.25478 0.0272058 0.0824904
0 0.4745 0.750567 0.0460819 0.117675
3 0.580166 0.234103 0.0208981 0.0587531
3 0.606411 0.471349 0.0359621 0.0937688
3 0.525754 0.316123 0.0248494 0.0644334
0 0.515267 0.43941 0.0361916 0.0764595
3 0.736233 0.735196 0.0461228 0.139328
0 0.524367 0.286543 0.0305223 0.0756737
3 0.786888 0.139598 0.0238362 0.0649307
3 0.665018 0.35655 0.0398102 0.0830477
3 0.518465 0.565204 0.035358 0.0803168
