2 0.451771 0.675515 0.0760883 0.128445
2 0.318055 0.936278 0.117498 0.124706
2 0.0359844 0.720661 0.0712306 0.142371
2 0.347627 0.675455 0.0706535 0.122286
7 0.681376 0.888303 0.132234 0.21876
2 0.511618 0.574739 0.0582686 0.0862994
2 0.0736702 0.630042 0.0785657 0.104645
7 0.376994 0.490386 0.0438831 0.116004
2 0.956073 0.814105 0.0866562 0.173046
2 0.178481 0.497689 0.0495112 0.0691979
7 0.430439 0.526148 0.0446013 0.12676
2 0.328938 0.476812 0.035134 0.0652593
7 0.196806 0.422517 0.0652377 0.105048
2 0.271001 0.513107 0.0404294 0.074591
2 0.477187 0.493632 0.0447933 0.06842
2 0.403269 0.44443 0.0302792 0.0618373
2 0.451343 0.44301 0.0345171 0.0585868
0 0.230213 0.585123 0.0233514 0.0748961
7 0.346976 0.376402 0.0297158 0.0752998
2 0.438463 0.406101 0.0285361 0.0541467
0 0.340684 0.566809 0.0235761 0.0620198
7 0.376162 0.337545 0.0323852 0.0804682
3 0.230146 0.609483 0.0217646 0.0581883
3 0.34038 0.593335 0.0217105 0.0474982
0 0.286319 0.576411 0.0238695 0.0787043
2 0.880785 0.712071 0.0847095 0.131067
7 0.900012 0.546892 0.0832485 0.151328
0 0.305967 0.500665 0.0157488 0.0666485
2 0.329352 0.426205 0.0315817 0.0659315
5 0.899884 0.548002 0.0823475 0.146014
7 0.341619 0.375748 0.0418461 0.0779644
3 0.286871 0.581383 0.0238514 0.0825541
7 0.296342 0.383239 0.0233785 0.0443025
7 0.42935 0.356645 0.0265456 0.0662123
2 0.405961 0.392019 0.0300674 0.0573422
7 0.329695 0.426355 0.0302882 0.0653722
2 0.29682 0.383582 0.0240237 0.0445884
2 0.879338 0.697225 0.074984 0.100168
2 0.104606 0.590813 0.0691568 0.0963981
3 0.287173 0.600654 0.0236973 0.0489904
0 0.28351 0.52097 0.018718 0.061309
3 0.305844 0.501809 0.0154405 0.0664929
0 0.910966 0.40978 0.0128918 0.0418201
2 0.451771 0.675515 0.0760883 0.128445
2 0.318055 0.936278 0.117498 0.124706
2 0.0359844 0.720661 0.0712306 0.142371
2 0.347627 0.675455 0.0706535 0.122286
7 0.681376 0.888303 0.132234 0.21876
2 0.511618 0.574739 0.0582686 0.0862994
2 0.0736702 0.630042 0.0785657 0.104645
7 0.376994 0.490386 0.0438831 0.116004
2 0.956073 0.814105 0.0866562 0.173046
2 0.178481 0.497689 0.0495112 0.0691979
7 0.430439 0.526148 0.0446013 0.12676
2 0.328938 0.476812 0.035134 0.0652593
7 0.196806 0.422517 0.0652377 0.105048
2 0.271001 0.513107 0.0404294 0.074591
2 0.477187 0.493632 0.0447933 0.06842
2 0.403269 0.44443 0.0302792 0.0618373
2 0.451343 0.44301 0.0345171 0.0585868
0 0.230213 0.585123 0.0233514 0.0748961
7 0.346976 0.376402 0.0297158 0.0752998
2 0.438463 0.406101 0.0285361 0.0541467
0 0.340684 0.566809 0.0235761 0.0620198
7 0.376162 0.337545 0.0323852 0.0804682
3 0.230146 0.609483 0.0217646 0.0581883
3 0.34038 0.593335 0.0217105 0.0474982
0 0.286319 0.576411 0.0238695 0.0787043
2 0.880785 0.712071 0.0847095 0.131067
7 0.900012 0.546892 0.0832485 0.151328
0 0.305967 0.500665 0.0157488 0.0666485
2 0.329352 0.426205 0.0315817 0.0659315
5 0.899884 0.548002 0.0823475 0.146014
7 0.341619 0.375748 0.0418461 0.0779644
3 0.286871 0.581383 0.0238514 0.0825541
7 0.296342 0.383239 0.0233785 0.0443025
7 0.42935 0.356645 0.0265456 0.0662123
2 0.405961 0.392019 0.0300674 0.0573422
7 0.329695 0.426355 0.0302882 0.0653722
2 0.29682 0.383582 0.0240237 0.0445884
2 0.879338 0.697225 0.074984 0.100168
2 0.104606 0.590813 0.0691568 0.0963981
3 0.287173 0.600654 0.0236973 0.0489904
0 0.28351 0.52097 0.018718 0.061309
3 0.305844 0.501809 0.0154405 0.0664929
0 0.910966 0.40978 0.0128918 0.0418201
2 0.451771 0.675515 0.0760883 0.128445
2 0.318055 0.936278 0.117498 0.124706
2 0.0359844 0.720661 0.0712306 0.142371
2 0.347627 0.675455 0.0706535 0.122286
7 0.681376 0.888303 0.132234 0.21876
2 0.511618 0.574739 0.0582686 0.0862994
2 0.0736702 0.630042 0.0785657 0.104645
7 0.376994 0.490386 0.0438831 0.116004
2 0.956073 0.814105 0.0866562 0.173046
2 0.178481 0.497689 0.0495112 0.0691979
7 0.430439 0.526148 0.0446013 0.12676
2 0.328938 0.476812 0.035134 0.0652593
7 0.196806 0.422517 0.0652377 0.105048
2 0.271001 0.513107 0.0404294 0.074591
2 0.477187 0.493632 0.0447933 0.06842
2 0.403269 0.44443 0.0302792 0.0618373
2 0.451343 0.44301 0.0345171 0.0585868
0 0.230213 0.585123 0.0233514 0.0748961
7 0.346976 0.376402 0.0297158 0.0752998
2 0.438463 0.406101 0.0285361 0.0541467
0 0.340684 0.566809 0.0235761 0.0620198
7 0.376162 0.337545 0.0323852 0.0804682
3 0.230146 0.609483 0.0217646 0.0581883
3 0.34038 0.593335 0.0217105 0.0474982
0 0.286319 0.576411 0.0238695 0.0787043
2 0.880785 0.712071 0.0847095 0.131067
7 0.900012 0.546892 0.0832485 0.151328
0 0.305967 0.500665 0.0157488 0.0666485
2 0.329352 0.426205 0.0315817 0.0659315
5 0.899884 0.548002 0.0823475 0.146014
7 0.341619 0.375748 0.0418461 0.0779644
3 0.286871 0.581383 0.0238514 0.0825541
7 0.296342 0.383239 0.0233785 0.0443025
7 0.42935 0.356645 0.0265456 0.0662123
2 0.405961 0.392019 0.0300674 0.0573422
7 0.329695 0.426355 0.0302882 0.0653722
2 0.29682 0.383582 0.0240237 0.0445884
2 0.879338 0.697225 0.074984 0.100168
2 0.104606 0.590813 0.0691568 0.0963981
3 0.287173 0.600654 0.0236973 0.0489904
0 0.28351 0.52097 0.018718 0.061309
3 0.305844 0.501809 0.0154405 0.0664929
0 0.910966 0.40978 0.0128918 0.0418201
2 0.451771 0.675515 0.0760883 0.128445
2 0.318055 0.936278 0.117498 0.124706
2 0.0359844 0.720661 0.0712306 0.142371
2 0.347627 0.675455 0.0706535 0.122286
7 0.681376 0.888303 0.132234 0.21876
2 0.511618 0.574739 0.0582686 0.0862994
2 0.0736702 0.630042 0.0785657 0.104645
7 0.376994 0.490386 0.0438831 0.116004
2 0.956073 0.814105 0.0866562 0.173046
2 0.178481 0.497689 0.0495112 0.0691979
7 0.430439 0.526148 0.0446013 0.12676
2 0.328938 0.476812 0.035134 0.0652593
7 0.196806 0.422517 0.0652377 0.105048
2 0.271001 0.513107 0.0404294 0.074591
2 0.477187 0.493632 0.0447933 0.06842
2 0.403269 0.44443 0.0302792 0.0618373
2 0.451343 0.44301 0.0345171 0.0585868
0 0.230213 0.585123 0.0233514 0.0748961
7 0.346976 0.376402 0.0297158 0.0752998
2 0.438463 0.406101 0.0285361 0.0541467
0 0.340684 0.566809 0.0235761 0.0620198
7 0.376162 0.337545 0.0323852 0.0804682
3 0.230146 0.609483 0.0217646 0.0581883
3 0.34038 0.593335 0.0217105 0.0474982
0 0.286319 0.576411 0.0238695 0.0787043
2 0.880785 0.712071 0.0847095 0.131067
7 0.900012 0.546892 0.0832485 0.151328
0 0.305967 0.500665 0.0157488 0.0666485
2 0.329352 0.426205 0.0315817 0.0659315
5 0.899884 0.548002 0.0823475 0.146014
7 0.341619 0.375748 0.0418461 0.0779644
3 0.286871 0.581383 0.0238514 0.0825541
7 0.296342 0.383239 0.0233785 0.0443025
7 0.42935 0.356645 0.0265456 0.0662123
2 0.405961 0.392019 0.0300674 0.0573422
7 0.329695 0.426355 0.0302882 0.0653722
2 0.29682 0.383582 0.0240237 0.0445884
2 0.879338 0.697225 0.074984 0.100168
2 0.104606 0.590813 0.0691568 0.0963981
3 0.287173 0.600654 0.0236973 0.0489904
0 0.28351 0.52097 0.018718 0.061309
3 0.305844 0.501809 0.0154405 0.0664929
0 0.910966 0.40978 0.0128918 0.0418201
2 0.451771 0.675515 0.0760883 0.128445
2 0.318055 0.936278 0.117498 0.124706
2 0.0359844 0.720661 0.0712306 0.142371
2 0.347627 0.675455 0.0706535 0.122286
7 0.681376 0.888303 0.132234 0.21876
2 0.511618 0.574739 0.0582686 0.0862994
2 0.0736702 0.630042 0.0785657 0.104645
7 0.376994 0.490386 0.0438831 0.116004
2 0.956073 0.814105 0.0866562 0.173046
2 0.178481 0.497689 0.0495112 0.0691979
7 0.430439 0.526148 0.0446013 0.12676
2 0.328938 0.476812 0.035134 0.0652593
7 0.196806 0.422517 0.0652377 0.105048
2 0.271001 0.513107 0.0404294 0.074591
2 0.477187 0.493632 0.0447933 0.06842
2 0.403269 0.44443 0.0302792 0.0618373
2 0.451343 0.44301 0.0345171 0.0585868
0 0.230213 0.585123 0.0233514 0.0748961
7 0.346976 0.376402 0.0297158 0.0752998
2 0.438463 0.406101 0.0285361 0.0541467
0 0.340684 0.566809 0.0235761 0.0620198
7 0.376162 0.337545 0.0323852 0.0804682
3 0.230146 0.609483 0.0217646 0.0581883
3 0.34038 0.593335 0.0217105 0.0474982
0 0.286319 0.576411 0.0238695 0.0787043
2 0.880785 0.712071 0.0847095 0.131067
7 0.900012 0.546892 0.0832485 0.151328
0 0.305967 0.500665 0.0157488 0.0666485
2 0.329352 0.426205 0.0315817 0.0659315
5 0.899884 0.548002 0.0823475 0.146014
7 0.341619 0.375748 0.0418461 0.0779644
3 0.286871 0.581383 0.0238514 0.0825541
7 0.296342 0.383239 0.0233785 0.0443025
7 0.42935 0.356645 0.0265456 0.0662123
2 0.405961 0.392019 0.0300674 0.0573422
7 0.329695 0.426355 0.0302882 0.0653722
2 0.29682 0.383582 0.0240237 0.0445884
2 0.879338 0.697225 0.074984 0.100168
2 0.104606 0.590813 0.0691568 0.0963981
3 0.287173 0.600654 0.0236973 0.0489904
0 0.28351 0.52097 0.018718 0.061309
3 0.305844 0.501809 0.0154405 0.0664929
0 0.910966 0.40978 0.0128918 0.0418201
2 0.451771 0.675515 0.0760883 0.128445
2 0.318055 0.936278 0.117498 0.124706
2 0.0359844 0.720661 0.0712306 0.142371
2 0.347627 0.675455 0.0706535 0.122286
7 0.681376 0.888303 0.132234 0.21876
2 0.511618 0.574739 0.0582686 0.0862994
2 0.0736702 0.630042 0.0785657 0.104645
7 0.376994 0.490386 0.0438831 0.116004
2 0.956073 0.814105 0.0866562 0.173046
2 0.178481 0.497689 0.0495112 0.0691979
7 0.430439 0.526148 0.0446013 0.12676
2 0.328938 0.476812 0.035134 0.0652593
7 0.196806 0.422517 0.0652377 0.105048
2 0.271001 0.513107 0.0404294 0.074591
2 0.477187 0.493632 0.0447933 0.06842
2 0.403269 0.44443 0.0302792 0.0618373
2 0.451343 0.44301 0.0345171 0.0585868
0 0.230213 0.585123 0.0233514 0.0748961
7 0.346976 0.376402 0.0297158 0.0752998
2 0.438463 0.406101 0.0285361 0.0541467
0 0.340684 0.566809 0.0235761 0.0620198
7 0.376162 0.337545 0.0323852 0.0804682
3 0.230146 0.609483 0.0217646 0.0581883
3 0.34038 0.593335 0.0217105 0.0474982
0 0.286319 0.576411 0.0238695 0.0787043
2 0.880785 0.712071 0.0847095 0.131067
7 0.900012 0.546892 0.0832485 0.151328
0 0.305967 0.500665 0.0157488 0.0666485
2 0.329352 0.426205 0.0315817 0.0659315
5 0.899884 0.548002 0.0823475 0.146014
7 0.341619 0.375748 0.0418461 0.0779644
3 0.286871 0.581383 0.0238514 0.0825541
7 0.296342 0.383239 0.0233785 0.0443025
7 0.42935 0.356645 0.0265456 0.0662123
2 0.405961 0.392019 0.0300674 0.0573422
7 0.329695 0.426355 0.0302882 0.0653722
2 0.29682 0.383582 0.0240237 0.0445884
2 0.879338 0.697225 0.074984 0.100168
2 0.104606 0.590813 0.0691568 0.0963981
3 0.287173 0.600654 0.0236973 0.0489904
0 0.28351 0.52097 0.018718 0.061309
3 0.305844 0.501809 0.0154405 0.0664929
0 0.910966 0.40978 0.0128918 0.0418201
2 0.451771 0.675515 0.0760883 0.128445
2 0.318055 0.936278 0.117498 0.124706
2 0.0359844 0.720661 0.0712306 0.142371
2 0.347627 0.675455 0.0706535 0.122286
7 0.681376 0.888303 0.132234 0.21876
2 0.511618 0.574739 0.0582686 0.0862994
2 0.0736702 0.630042 0.0785657 0.104645
7 0.376994 0.490386 0.0438831 0.116004
2 0.956073 0.814105 0.0866562 0.173046
2 0.178481 0.497689 0.0495112 0.0691979
7 0.430439 0.526148 0.0446013 0.12676
2 0.328938 0.476812 0.035134 0.0652593
7 0.196806 0.422517 0.0652377 0.105048
2 0.271001 0.513107 0.0404294 0.074591
2 0.477187 0.493632 0.0447933 0.06842
2 0.403269 0.44443 0.0302792 0.0618373
2 0.451343 0.44301 0.0345171 0.0585868
0 0.230213 0.585123 0.0233514 0.0748961
7 0.346976 0.376402 0.0297158 0.0752998
2 0.438463 0.406101 0.0285361 0.0541467
0 0.340684 0.566809 0.0235761 0.0620198
7 0.376162 0.337545 0.0323852 0.0804682
3 0.230146 0.609483 0.0217646 0.0581883
3 0.34038 0.593335 0.0217105 0.0474982
0 0.286319 0.576411 0.0238695 0.0787043
2 0.880785 0.712071 0.0847095 0.131067
7 0.900012 0.546892 0.0832485 0.151328
0 0.305967 0.500665 0.0157488 0.0666485
2 0.329352 0.426205 0.0315817 0.0659315
5 0.899884 0.548002 0.0823475 0.146014
7 0.341619 0.375748 0.0418461 0.0779644
3 0.286871 0.581383 0.0238514 0.0825541
7 0.296342 0.383239 0.0233785 0.0443025
7 0.42935 0.356645 0.0265456 0.0662123
2 0.405961 0.392019 0.0300674 0.0573422
7 0.329695 0.426355 0.0302882 0.0653722
2 0.29682 0.383582 0.0240237 0.0445884
2 0.879338 0.697225 0.074984 0.100168
2 0.104606 0.590813 0.0691568 0.0963981
3 0.287173 0.600654 0.0236973 0.0489904
0 0.28351 0.52097 0.018718 0.061309
3 0.305844 0.501809 0.0154405 0.0664929
0 0.910966 0.40978 0.0128918 0.0418201
2 0.318884 0.935579 0.117029 0.124111
2 0.0352242 0.719919 0.0699475 0.138258
7 0.430379 0.524405 0.0434244 0.123711
2 0.074437 0.630105 0.0773087 0.102337
2 0.511726 0.571117 0.0588384 0.0903973
2 0.451705 0.676257 0.0747061 0.123794
2 0.347224 0.67432 0.0694185 0.119247
7 0.376587 0.338639 0.0332865 0.0790885
7 0.681069 0.885633 0.133128 0.214952
2 0.955543 0.814073 0.0830751 0.169413
2 0.47651 0.492473 0.0453273 0.0677892
7 0.873151 0.514242 0.135018 0.207569
7 0.377283 0.487002 0.0448305 0.113718
0 0.23026 0.584848 0.0239063 0.0730852
3 0.230129 0.612729 0.0198039 0.0502517
3 0.340865 0.592497 0.0227316 0.0498995
2 0.271621 0.513549 0.040948 0.0735791
2 0.451539 0.442909 0.0342791 0.0608612
2 0.328932 0.475596 0.035572 0.063475
0 0.134604 0.619255 0.0240192 0.0935596
5 0.196582 0.422274 0.0613963 0.104944
0 0.34103 0.566667 0.0235992 0.0593547
2 0.178239 0.496717 0.0487525 0.0689192
7 0.348075 0.377647 0.0260202 0.0760883
2 0.402124 0.443262 0.0338447 0.058284
2 0.318884 0.935579 0.117029 0.124111
2 0.0352242 0.719919 0.0699475 0.138258
7 0.430379 0.524405 0.0434244 0.123711
2 0.074437 0.630105 0.0773087 0.102337
2 0.511726 0.571117 0.0588384 0.0903973
2 0.451705 0.676257 0.0747061 0.123794
2 0.347224 0.67432 0.0694185 0.119247
7 0.376587 0.338639 0.0332865 0.0790885
7 0.681069 0.885633 0.133128 0.214952
2 0.955543 0.814073 0.0830751 0.169413
2 0.47651 0.492473 0.0453273 0.0677892
7 0.873151 0.514242 0.135018 0.207569
7 0.377283 0.487002 0.0448305 0.113718
0 0.23026 0.584848 0.0239063 0.0730852
3 0.230129 0.612729 0.0198039 0.0502517
3 0.340865 0.592497 0.0227316 0.0498995
2 0.271621 0.513549 0.040948 0.0735791
2 0.451539 0.442909 0.0342791 0.0608612
2 0.328932 0.475596 0.035572 0.063475
0 0.134604 0.619255 0.0240192 0.0935596
5 0.196582 0.422274 0.0613963 0.104944
0 0.34103 0.566667 0.0235992 0.0593547
2 0.178239 0.496717 0.0487525 0.0689192
7 0.348075 0.377647 0.0260202 0.0760883
2 0.402124 0.443262 0.0338447 0.058284
