7 0.847555 0.529241 0.302783 0.183775
2 0.453228 0.374367 0.135801 0.0591926
2 0.369091 0.31301 0.102755 0.0509902
5 0.352243 0.239644 0.137779 0.0744079
2 0.563601 0.444773 0.161709 0.0740164
0 0.148767 0.527533 0.0675196 0.065312
2 0.390044 0.287344 0.0926921 0.0413368
0 0.493717 0.471892 0.0503504 0.05639
5 0.109011 0.245171 0.109101 0.0783371
3 0.498252 0.495587 0.0482335 0.038587
3 0.149644 0.552446 0.0593947 0.0550682
3 0.507157 0.317803 0.0346476 0.0332125
7 0.10945 0.245196 0.110147 0.0771491
0 0.177669 0.339206 0.0404874 0.039402
3 0.179902 0.351243 0.0420488 0.0380475
0 0.0959222 0.282294 0.0337123 0.0376787
3 0.729374 0.383359 0.0338694 0.0426618
0 0.496922 0.290029 0.0244846 0.0304049
0 0.677388 0.355015 0.0262744 0.0490142
2 0.141175 0.196805 0.0541313 0.0266619
7 0.0229258 0.549639 0.0458516 0.235432
0 0.501146 0.290765 0.0321593 0.035191
0 0.179066 0.346818 0.0409925 0.0405545
3 0.726708 0.381525 0.0444767 0.0464391
3 0.713008 0.381004 0.0697403 0.0473587
0 0.453803 0.268779 0.033193 0.0290314
7 0.847555 0.529241 0.302783 0.183775
2 0.453228 0.374367 0.135801 0.0591926
2 0.369091 0.31301 0.102755 0.0509902
5 0.352243 0.239644 0.137779 0.0744079
2 0.563601 0.444773 0.161709 0.0740164
0 0.148767 0.527533 0.0675196 0.065312
2 0.390044 0.287344 0.0926921 0.0413368
0 0.493717 0.471892 0.0503504 0.05639
5 0.109011 0.245171 0.109101 0.0783371
3 0.498252 0.495587 0.0482335 0.038587
3 0.149644 0.552446 0.0593947 0.0550682
3 0.507157 0.317803 0.0346476 0.0332125
7 0.10945 0.245196 0.110147 0.0771491
0 0.177669 0.339206 0.0404874 0.039402
3 0.179902 0.351243 0.0420488 0.0380475
0 0.0959222 0.282294 0.0337123 0.0376787
3 0.729374 0.383359 0.0338694 0.0426618
0 0.496922 0.290029 0.0244846 0.0304049
0 0.677388 0.355015 0.0262744 0.0490142
2 0.141175 0.196805 0.0541313 0.0266619
7 0.0229258 0.549639 0.0458516 0.235432
0 0.501146 0.290765 0.0321593 0.035191
0 0.179066 0.346818 0.0409925 0.0405545
3 0.726708 0.381525 0.0444767 0.0464391
3 0.713008 0.381004 0.0697403 0.0473587
0 0.453803 0.268779 0.033193 0.0290314
7 0.847555 0.529241 0.302783 0.183775
2 0.453228 0.374367 0.135801 0.0591926
2 0.369091 0.31301 0.102755 0.0509902
5 0.352243 0.239644 0.137779 0.0744079
2 0.563601 0.444773 0.161709 0.0740164
0 0.148767 0.527533 0.0675196 0.065312
2 0.390044 0.287344 0.0926921 0.0413368
0 0.493717 0.471892 0.0503504 0.05639
5 0.109011 0.245171 0.109101 0.0783371
3 0.498252 0.495587 0.0482335 0.038587
3 0.149644 0.552446 0.0593947 0.0550682
3 0.507157 0.317803 0.0346476 0.0332125
7 0.10945 0.245196 0.110147 0.0771491
0 0.177669 0.339206 0.0404874 0.039402
3 0.179902 0.351243 0.0420488 0.0380475
0 0.0959222 0.282294 0.0337123 0.0376787
3 0.729374 0.383359 0.0338694 0.0426618
0 0.496922 0.290029 0.0244846 0.0304049
0 0.677388 0.355015 0.0262744 0.0490142
2 0.141175 0.196805 0.0541313 0.0266619
7 0.0229258 0.549639 0.0458516 0.235432
0 0.501146 0.290765 0.0321593 0.035191
0 0.179066 0.346818 0.0409925 0.0405545
3 0.726708 0.381525 0.0444767 0.0464391
3 0.713008 0.381004 0.0697403 0.0473587
0 0.453803 0.268779 0.033193 0.0290314
7 0.847555 0.529241 0.302783 0.183775
2 0.453228 0.374367 0.135801 0.0591926
2 0.369091 0.31301 0.102755 0.0509902
5 0.352243 0.239644 0.137779 0.0744079
2 0.563601 0.444773 0.161709 0.0740164
0 0.148767 0.527533 0.0675196 0.065312
2 0.390044 0.287344 0.0926921 0.0413368
0 0.493717 0.471892 0.0503504 0.05639
5 0.109011 0.245171 0.109101 0.0783371
3 0.498252 0.495587 0.0482335 0.038587
3 0.149644 0.552446 0.0593947 0.0550682
3 0.507157 0.317803 0.0346476 0.0332125
7 0.10945 0.245196 0.110147 0.0771491
0 0.177669 0.339206 0.0404874 0.039402
3 0.179902 0.351243 0.0420488 0.0380475
0 0.0959222 0.282294 0.0337123 0.0376787
3 0.729374 0.383359 0.0338694 0.0426618
0 0.496922 0.290029 0.0244846 0.0304049
0 0.677388 0.355015 0.0262744 0.0490142
2 0.141175 0.196805 0.0541313 0.0266619
7 0.0229258 0.549639 0.0458516 0.235432
0 0.501146 0.290765 0.0321593 0.035191
0 0.179066 0.346818 0.0409925 0.0405545
3 0.726708 0.381525 0.0444767 0.0464391
3 0.713008 0.381004 0.0697403 0.0473587
0 0.453803 0.268779 0.033193 0.0290314
7 0.847555 0.529241 0.302783 0.183775
2 0.453228 0.374367 0.135801 0.0591926
2 0.369091 0.31301 0.102755 0.0509902
5 0.352243 0.239644 0.137779 0.0744079
2 0.563601 0.444773 0.161709 0.0740164
0 0.148767 0.527533 0.0675196 0.065312
2 0.390044 0.287344 0.0926921 0.0413368
0 0.493717 0.471892 0.0503504 0.05639
5 0.109011 0.245171 0.109101 0.0783371
3 0.498252 0.495587 0.0482335 0.038587
3 0.149644 0.552446 0.0593947 0.0550682
3 0.507157 0.317803 0.0346476 0.0332125
7 0.10945 0.245196 0.110147 0.0771491
0 0.177669 0.339206 0.0404874 0.039402
3 0.179902 0.351243 0.0420488 0.0380475
0 0.0959222 0.282294 0.0337123 0.0376787
3 0.729374 0.383359 0.0338694 0.0426618
0 0.496922 0.290029 0.0244846 0.0304049
0 0.677388 0.355015 0.0262744 0.0490142
2 0.141175 0.196805 0.0541313 0.0266619
7 0.0229258 0.549639 0.0458516 0.235432
0 0.501146 0.290765 0.0321593 0.035191
0 0.179066 0.346818 0.0409925 0.0405545
3 0.726708 0.381525 0.0444767 0.0464391
3 0.713008 0.381004 0.0697403 0.0473587
0 0.453803 0.268779 0.033193 0.0290314
7 0.847555 0.529241 0.302783 0.183775
2 0.453228 0.374367 0.135801 0.0591926
2 0.369091 0.31301 0.102755 0.0509902
5 0.352243 0.239644 0.137779 0.0744079
2 0.563601 0.444773 0.161709 0.0740164
0 0.148767 0.527533 0.0675196 0.065312
2 0.390044 0.287344 0.0926921 0.0413368
0 0.493717 0.471892 0.0503504 0.05639
5 0.109011 0.245171 0.109101 0.0783371
3 0.498252 0.495587 0.0482335 0.038587
3 0.149644 0.552446 0.0593947 0.0550682
3 0.507157 0.317803 0.0346476 0.0332125
7 0.10945 0.245196 0.110147 0.0771491
0 0.177669 0.339206 0.0404874 0.039402
3 0.179902 0.351243 0.0420488 0.0380475
0 0.0959222 0.282294 0.0337123 0.0376787
3 0.729374 0.383359 0.0338694 0.0426618
0 0.496922 0.290029 0.0244846 0.0304049
0 0.677388 0.355015 0.0262744 0.0490142
2 0.141175 0.196805 0.0541313 0.0266619
7 0.0229258 0.549639 0.0458516 0.235432
0 0.501146 0.290765 0.0321593 0.035191
0 0.179066 0.346818 0.0409925 0.0405545
3 0.726708 0.381525 0.0444767 0.0464391
3 0.713008 0.381004 0.0697403 0.0473587
0 0.453803 0.268779 0.033193 0.0290314
