5 0.201027 0.411442 0.262407 0.189023
2 0.412092 0.359752 0.143521 0.0698167
2 0.466501 0.328299 0.121973 0.053759
0 0.598662 0.44023 0.053167 0.0517845
3 0.848556 0.573121 0.120476 0.0664695
0 0.943535 0.512753 0.0737478 0.0626219
0 0.696881 0.423804 0.0460376 0.0485224
2 0.0887324 0.272475 0.0844271 0.044345
3 0.718965 0.374996 0.0346239 0.0410685
7 0.38778 0.265152 0.123159 0.0784364
0 0.189972 0.282343 0.0340767 0.0400227
0 0.827157 0.514985 0.0791775 0.0657898
3 0.638769 0.376319 0.0468384 0.0396934
0 0.637929 0.363882 0.0408304 0.0441535
2 0.244822 0.226061 0.0609097 0.026752
3 0.696071 0.442751 0.0459379 0.0422253
5 0.388154 0.265677 0.12297 0.0784867
3 0.54452 0.38442 0.0488412 0.039769
3 0.596721 0.461613 0.0518176 0.0429255
0 0.582656 0.342709 0.0398901 0.0512502
2 0.0863596 0.220773 0.0577298 0.0315283
0 0.544482 0.37066 0.0457255 0.0438612
0 0.478675 0.277299 0.0338847 0.0431873
0 0.847617 0.554464 0.0914086 0.0702141
5 0.18919 0.169623 0.0579836 0.0421369
3 0.013127 0.290206 0.0249964 0.0278175
2 0.301838 0.252492 0.0590629 0.0357356
3 0.947954 0.539076 0.0765181 0.0464066
3 0.94093 0.534721 0.0950504 0.054802
3 0.828198 0.522048 0.119899 0.063458
0 0.126482 0.246067 0.024811 0.0289812
2 0.189353 0.170208 0.0552148 0.042034
2 0.199675 0.199053 0.0527813 0.0350526
7 0.189194 0.170001 0.0550383 0.0432798
7 0.128155 0.150903 0.0521096 0.031738
2 0.0886069 0.24494 0.0687075 0.0273875
0 0.26534 0.43257 0.0552711 0.0227811
2 0.127868 0.152378 0.0523651 0.0281332
2 0.0127564 0.283786 0.0255128 0.0390039
5 0.201027 0.411442 0.262407 0.189023
2 0.412092 0.359752 0.143521 0.0698167
2 0.466501 0.328299 0.121973 0.053759
0 0.598662 0.44023 0.053167 0.0517845
3 0.848556 0.573121 0.120476 0.0664695
0 0.943535 0.512753 0.0737478 0.0626219
0 0.696881 0.423804 0.0460376 0.0485224
2 0.0887324 0.272475 0.0844271 0.044345
3 0.718965 0.374996 0.0346239 0.0410685
7 0.38778 0.265152 0.123159 0.0784364
0 0.189972 0.282343 0.0340767 0.0400227
0 0.827157 0.514985 0.0791775 0.0657898
3 0.638769 0.376319 0.0468384 0.0396934
0 0.637929 0.363882 0.0408304 0.0441535
2 0.244822 0.226061 0.0609097 0.026752
3 0.696071 0.442751 0.0459379 0.0422253
5 0.388154 0.265677 0.12297 0.0784867
3 0.54452 0.38442 0.0488412 0.039769
3 0.596721 0.461613 0.0518176 0.0429255
0 0.582656 0.342709 0.0398901 0.0512502
2 0.0863596 0.220773 0.0577298 0.0315283
0 0.544482 0.37066 0.0457255 0.0438612
0 0.478675 0.277299 0.0338847 0.0431873
0 0.847617 0.554464 0.0914086 0.0702141
5 0.18919 0.169623 0.0579836 0.0421369
3 0.013127 0.290206 0.0249964 0.0278175
2 0.301838 0.252492 0.0590629 0.0357356
3 0.947954 0.539076 0.0765181 0.0464066
3 0.94093 0.534721 0.0950504 0.054802
3 0.828198 0.522048 0.119899 0.063458
0 0.126482 0.246067 0.024811 0.0289812
2 0.189353 0.170208 0.0552148 0.042034
2 0.199675 0.199053 0.0527813 0.0350526
7 0.189194 0.170001 0.0550383 0.0432798
7 0.128155 0.150903 0.0521096 0.031738
2 0.0886069 0.24494 0.0687075 0.0273875
0 0.26534 0.43257 0.0552711 0.0227811
2 0.127868 0.152378 0.0523651 0.0281332
2 0.0127564 0.283786 0.0255128 0.0390039
5 0.201027 0.411442 0.262407 0.189023
2 0.412092 0.359752 0.143521 0.0698167
2 0.466501 0.328299 0.121973 0.053759
0 0.598662 0.44023 0.053167 0.0517845
3 0.848556 0.573121 0.120476 0.0664695
0 0.943535 0.512753 0.0737478 0.0626219
0 0.696881 0.423804 0.0460376 0.0485224
2 0.0887324 0.272475 0.0844271 0.044345
3 0.718965 0.374996 0.0346239 0.0410685
7 0.38778 0.265152 0.123159 0.0784364
0 0.189972 0.282343 0.0340767 0.0400227
0 0.827157 0.514985 0.0791775 0.0657898
3 0.638769 0.376319 0.0468384 0.0396934
0 0.637929 0.363882 0.0408304 0.0441535
2 0.244822 0.226061 0.0609097 0.026752
3 0.696071 0.442751 0.0459379 0.0422253
5 0.388154 0.265677 0.12297 0.0784867
3 0.54452 0.38442 0.0488412 0.039769
3 0.596721 0.461613 0.0518176 0.0429255
0 0.582656 0.342709 0.0398901 0.0512502
2 0.0863596 0.220773 0.0577298 0.0315283
0 0.544482 0.37066 0.0457255 0.0438612
0 0.478675 0.277299 0.0338847 0.0431873
0 0.847617 0.554464 0.0914086 0.0702141
5 0.18919 0.169623 0.0579836 0.0421369
3 0.013127 0.290206 0.0249964 0.0278175
2 0.301838 0.252492 0.0590629 0.0357356
3 0.947954 0.539076 0.0765181 0.0464066
3 0.94093 0.534721 0.0950504 0.054802
3 0.828198 0.522048 0.119899 0.063458
0 0.126482 0.246067 0.024811 0.0289812
2 0.189353 0.170208 0.0552148 0.042034
2 0.199675 0.199053 0.0527813 0.0350526
7 0.189194 0.170001 0.0550383 0.0432798
7 0.128155 0.150903 0.0521096 0.031738
2 0.0886069 0.24494 0.0687075 0.0273875
0 0.26534 0.43257 0.0552711 0.0227811
2 0.127868 0.152378 0.0523651 0.0281332
2 0.0127564 0.283786 0.0255128 0.0390039
5 0.201027 0.411442 0.262407 0.189023
2 0.412092 0.359752 0.143521 0.0698167
2 0.466501 0.328299 0.121973 0.053759
0 0.598662 0.44023 0.053167 0.0517845
3 0.848556 0.573121 0.120476 0.0664695
0 0.943535 0.512753 0.0737478 0.0626219
0 0.696881 0.423804 0.0460376 0.0485224
2 0.0887324 0.272475 0.0844271 0.044345
3 0.718965 0.374996 0.0346239 0.0410685
7 0.38778 0.265152 0.123159 0.0784364
0 0.189972 0.282343 0.0340767 0.0400227
0 0.827157 0.514985 0.0791775 0.0657898
3 0.638769 0.376319 0.0468384 0.0396934
0 0.637929 0.363882 0.0408304 0.0441535
2 0.244822 0.226061 0.0609097 0.026752
3 0.696071 0.442751 0.0459379 0.0422253
5 0.388154 0.265677 0.12297 0.0784867
3 0.54452 0.38442 0.0488412 0.039769
3 0.596721 0.461613 0.0518176 0.0429255
0 0.582656 0.342709 0.0398901 0.0512502
2 0.0863596 0.220773 0.0577298 0.0315283
0 0.544482 0.37066 0.0457255 0.0438612
0 0.478675 0.277299 0.0338847 0.0431873
0 0.847617 0.554464 0.0914086 0.0702141
5 0.18919 0.169623 0.0579836 0.0421369
3 0.013127 0.290206 0.0249964 0.0278175
2 0.301838 0.252492 0.0590629 0.0357356
3 0.947954 0.539076 0.0765181 0.0464066
3 0.94093 0.534721 0.0950504 0.054802
3 0.828198 0.522048 0.119899 0.063458
0 0.126482 0.246067 0.024811 0.0289812
2 0.189353 0.170208 0.0552148 0.042034
2 0.199675 0.199053 0.0527813 0.0350526
7 0.189194 0.170001 0.0550383 0.0432798
7 0.128155 0.150903 0.0521096 0.031738
2 0.0886069 0.24494 0.0687075 0.0273875
0 0.26534 0.43257 0.0552711 0.0227811
2 0.127868 0.152378 0.0523651 0.0281332
2 0.0127564 0.283786 0.0255128 0.0390039
5 0.201027 0.411442 0.262407 0.189023
2 0.412092 0.359752 0.143521 0.0698167
2 0.466501 0.328299 0.121973 0.053759
0 0.598662 0.44023 0.053167 0.0517845
3 0.848556 0.573121 0.120476 0.0664695
0 0.943535 0.512753 0.0737478 0.0626219
0 0.696881 0.423804 0.0460376 0.0485224
2 0.0887324 0.272475 0.0844271 0.044345
3 0.718965 0.374996 0.0346239 0.0410685
7 0.38778 0.265152 0.123159 0.0784364
0 0.189972 0.282343 0.0340767 0.0400227
0 0.827157 0.514985 0.0791775 0.0657898
3 0.638769 0.376319 0.0468384 0.0396934
0 0.637929 0.363882 0.0408304 0.0441535
2 0.244822 0.226061 0.0609097 0.026752
3 0.696071 0.442751 0.0459379 0.0422253
5 0.388154 0.265677 0.12297 0.0784867
3 0.54452 0.38442 0.0488412 0.039769
3 0.596721 0.461613 0.0518176 0.0429255
0 0.582656 0.342709 0.0398901 0.0512502
2 0.0863596 0.220773 0.0577298 0.0315283
0 0.544482 0.37066 0.0457255 0.0438612
0 0.478675 0.277299 0.0338847 0.0431873
0 0.847617 0.554464 0.0914086 0.0702141
5 0.18919 0.169623 0.0579836 0.0421369
3 0.013127 0.290206 0.0249964 0.0278175
2 0.301838 0.252492 0.0590629 0.0357356
3 0.947954 0.539076 0.0765181 0.0464066
3 0.94093 0.534721 0.0950504 0.054802
3 0.828198 0.522048 0.119899 0.063458
0 0.126482 0.246067 0.024811 0.0289812
2 0.189353 0.170208 0.0552148 0.042034
2 0.199675 0.199053 0.0527813 0.0350526
7 0.189194 0.170001 0.0550383 0.0432798
7 0.128155 0.150903 0.0521096 0.031738
2 0.0886069 0.24494 0.0687075 0.0273875
0 0.26534 0.43257 0.0552711 0.0227811
2 0.127868 0.152378 0.0523651 0.0281332
2 0.0127564 0.283786 0.0255128 0.0390039
5 0.201027 0.411442 0.262407 0.189023
2 0.412092 0.359752 0.143521 0.0698167
2 0.466501 0.328299 0.121973 0.053759
0 0.598662 0.44023 0.053167 0.0517845
3 0.848556 0.573121 0.120476 0.0664695
0 0.943535 0.512753 0.0737478 0.0626219
0 0.696881 0.423804 0.0460376 0.0485224
2 0.0887324 0.272475 0.0844271 0.044345
3 0.718965 0.374996 0.0346239 0.0410685
7 0.38778 0.265152 0.123159 0.0784364
0 0.189972 0.282343 0.0340767 0.0400227
0 0.827157 0.514985 0.0791775 0.0657898
3 0.638769 0.376319 0.0468384 0.0396934
0 0.637929 0.363882 0.0408304 0.0441535
2 0.244822 0.226061 0.0609097 0.026752
3 0.696071 0.442751 0.0459379 0.0422253
5 0.388154 0.265677 0.12297 0.0784867
3 0.54452 0.38442 0.0488412 0.039769
3 0.596721 0.461613 0.0518176 0.0429255
0 0.582656 0.342709 0.0398901 0.0512502
2 0.0863596 0.220773 0.0577298 0.0315283
0 0.544482 0.37066 0.0457255 0.0438612
0 0.478675 0.277299 0.0338847 0.0431873
0 0.847617 0.554464 0.0914086 0.0702141
5 0.18919 0.169623 0.0579836 0.0421369
3 0.013127 0.290206 0.0249964 0.0278175
2 0.301838 0.252492 0.0590629 0.0357356
3 0.947954 0.539076 0.0765181 0.0464066
3 0.94093 0.534721 0.0950504 0.054802
3 0.828198 0.522048 0.119899 0.063458
0 0.126482 0.246067 0.024811 0.0289812
2 0.189353 0.170208 0.0552148 0.042034
2 0.199675 0.199053 0.0527813 0.0350526
7 0.189194 0.170001 0.0550383 0.0432798
7 0.128155 0.150903 0.0521096 0.031738
2 0.0886069 0.24494 0.0687075 0.0273875
0 0.26534 0.43257 0.0552711 0.0227811
2 0.127868 0.152378 0.0523651 0.0281332
2 0.0127564 0.283786 0.0255128 0.0390039
