2 0.8976 0.592435 0.203353 0.105407
2 0.655771 0.42382 0.163397 0.0726152
2 0.419865 0.318944 0.109888 0.0531098
7 0.563368 0.346201 0.169689 0.107417
2 0.337301 0.281875 0.0978351 0.0424514
3 0.302812 0.521764 0.0607688 0.0568977
0 0.301189 0.496133 0.0668106 0.069645
3 0.359904 0.365035 0.0406462 0.0336056
0 0.831979 0.458723 0.0570921 0.0612832
5 0.118797 0.289881 0.15086 0.129157
0 0.781127 0.429346 0.0455634 0.0497899
2 0.141838 0.208994 0.0485972 0.0225106
3 0.721684 0.377225 0.0324402 0.0343188
0 0.358912 0.350225 0.0416098 0.0423622
0 0.855194 0.50129 0.0511848 0.0518699
5 0.241556 0.19395 0.083604 0.0413381
3 0.314521 0.316952 0.0304726 0.0271748
3 0.784909 0.453066 0.0366916 0.0350557
2 0.09777 0.218309 0.0557032 0.0199185
3 0.419015 0.265655 0.0359207 0.0242961
3 0.854004 0.518783 0.0544949 0.0538151
7 0.119181 0.289765 0.151211 0.128881
3 0.258481 0.276276 0.0388262 0.0247443
0 0.535078 0.26686 0.0217516 0.0355789
3 0.313918 0.310309 0.0329872 0.0400589
2 0.261839 0.235822 0.052702 0.0227203
0 0.418558 0.258719 0.0343882 0.0363741
2 0.285756 0.248578 0.0976105 0.0371631
0 0.359959 0.344072 0.042308 0.0307765
2 0.288292 0.241059 0.0808732 0.0267954
3 0.359326 0.356249 0.0420657 0.0487253
0 0.793744 0.356347 0.0251458 0.0342908
0 0.25919 0.255361 0.0418852 0.0281862
2 0.277409 0.23732 0.0773504 0.0222824
2 0.092401 0.147159 0.0269945 0.0151954
0 0.00931677 0.24437 0.0186335 0.0319436
2 0.261754 0.221192 0.0522828 0.0153206
0 0.441376 0.255442 0.0200142 0.0254732
2 0.230284 0.218484 0.0426542 0.017609
3 0.834373 0.480087 0.0514735 0.0384361
3 0.852533 0.503504 0.0561757 0.0543983
3 0.721311 0.381961 0.0365231 0.0299077
2 0.8976 0.592435 0.203353 0.105407
2 0.655771 0.42382 0.163397 0.0726152
2 0.419865 0.318944 0.109888 0.0531098
7 0.563368 0.346201 0.169689 0.107417
2 0.337301 0.281875 0.0978351 0.0424514
3 0.302812 0.521764 0.0607688 0.0568977
0 0.301189 0.496133 0.0668106 0.069645
3 0.359904 0.365035 0.0406462 0.0336056
0 0.831979 0.458723 0.0570921 0.0612832
5 0.118797 0.289881 0.15086 0.129157
0 0.781127 0.429346 0.0455634 0.0497899
2 0.141838 0.208994 0.0485972 0.0225106
3 0.721684 0.377225 0.0324402 0.0343188
0 0.358912 0.350225 0.0416098 0.0423622
0 0.855194 0.50129 0.0511848 0.0518699
5 0.241556 0.19395 0.083604 0.0413381
3 0.314521 0.316952 0.0304726 0.0271748
3 0.784909 0.453066 0.0366916 0.0350557
2 0.09777 0.218309 0.0557032 0.0199185
3 0.419015 0.265655 0.0359207 0.0242961
3 0.854004 0.518783 0.0544949 0.0538151
7 0.119181 0.289765 0.151211 0.128881
3 0.258481 0.276276 0.0388262 0.0247443
0 0.535078 0.26686 0.0217516 0.0355789
3 0.313918 0.310309 0.0329872 0.0400589
2 0.261839 0.235822 0.052702 0.0227203
0 0.418558 0.258719 0.0343882 0.0363741
2 0.285756 0.248578 0.0976105 0.0371631
0 0.359959 0.344072 0.042308 0.0307765
2 0.288292 0.241059 0.0808732 0.0267954
3 0.359326 0.356249 0.0420657 0.0487253
0 0.793744 0.356347 0.0251458 0.0342908
0 0.25919 0.255361 0.0418852 0.0281862
2 0.277409 0.23732 0.0773504 0.0222824
2 0.092401 0.147159 0.0269945 0.0151954
0 0.00931677 0.24437 0.0186335 0.0319436
2 0.261754 0.221192 0.0522828 0.0153206
0 0.441376 0.255442 0.0200142 0.0254732
2 0.230284 0.218484 0.0426542 0.017609
3 0.834373 0.480087 0.0514735 0.0384361
3 0.852533 0.503504 0.0561757 0.0543983
3 0.721311 0.381961 0.0365231 0.0299077
2 0.8976 0.592435 0.203353 0.105407
2 0.655771 0.42382 0.163397 0.0726152
2 0.419865 0.318944 0.109888 0.0531098
7 0.563368 0.346201 0.169689 0.107417
2 0.337301 0.281875 0.0978351 0.0424514
3 0.302812 0.521764 0.0607688 0.0568977
0 0.301189 0.496133 0.0668106 0.069645
3 0.359904 0.365035 0.0406462 0.0336056
0 0.831979 0.458723 0.0570921 0.0612832
5 0.118797 0.289881 0.15086 0.129157
0 0.781127 0.429346 0.0455634 0.0497899
2 0.141838 0.208994 0.0485972 0.0225106
3 0.721684 0.377225 0.0324402 0.0343188
0 0.358912 0.350225 0.0416098 0.0423622
0 0.855194 0.50129 0.0511848 0.0518699
5 0.241556 0.19395 0.083604 0.0413381
3 0.314521 0.316952 0.0304726 0.0271748
3 0.784909 0.453066 0.0366916 0.0350557
2 0.09777 0.218309 0.0557032 0.0199185
3 0.419015 0.265655 0.0359207 0.0242961
3 0.854004 0.518783 0.0544949 0.0538151
7 0.119181 0.289765 0.151211 0.128881
3 0.258481 0.276276 0.0388262 0.0247443
0 0.535078 0.26686 0.0217516 0.0355789
3 0.313918 0.310309 0.0329872 0.0400589
2 0.261839 0.235822 0.052702 0.0227203
0 0.418558 0.258719 0.0343882 0.0363741
2 0.285756 0.248578 0.0976105 0.0371631
0 0.359959 0.344072 0.042308 0.0307765
2 0.288292 0.241059 0.0808732 0.0267954
3 0.359326 0.356249 0.0420657 0.0487253
0 0.793744 0.356347 0.0251458 0.0342908
0 0.25919 0.255361 0.0418852 0.0281862
2 0.277409 0.23732 0.0773504 0.0222824
2 0.092401 0.147159 0.0269945 0.0151954
0 0.00931677 0.24437 0.0186335 0.0319436
2 0.261754 0.221192 0.0522828 0.0153206
0 0.441376 0.255442 0.0200142 0.0254732
2 0.230284 0.218484 0.0426542 0.017609
3 0.834373 0.480087 0.0514735 0.0384361
3 0.852533 0.503504 0.0561757 0.0543983
3 0.721311 0.381961 0.0365231 0.0299077
2 0.8976 0.592435 0.203353 0.105407
2 0.655771 0.42382 0.163397 0.0726152
2 0.419865 0.318944 0.109888 0.0531098
7 0.563368 0.346201 0.169689 0.107417
2 0.337301 0.281875 0.0978351 0.0424514
3 0.302812 0.521764 0.0607688 0.0568977
0 0.301189 0.496133 0.0668106 0.069645
3 0.359904 0.365035 0.0406462 0.0336056
0 0.831979 0.458723 0.0570921 0.0612832
5 0.118797 0.289881 0.15086 0.129157
0 0.781127 0.429346 0.0455634 0.0497899
2 0.141838 0.208994 0.0485972 0.0225106
3 0.721684 0.377225 0.0324402 0.0343188
0 0.358912 0.350225 0.0416098 0.0423622
0 0.855194 0.50129 0.0511848 0.0518699
5 0.241556 0.19395 0.083604 0.0413381
3 0.314521 0.316952 0.0304726 0.0271748
3 0.784909 0.453066 0.0366916 0.0350557
2 0.09777 0.218309 0.0557032 0.0199185
3 0.419015 0.265655 0.0359207 0.0242961
3 0.854004 0.518783 0.0544949 0.0538151
7 0.119181 0.289765 0.151211 0.128881
3 0.258481 0.276276 0.0388262 0.0247443
0 0.535078 0.26686 0.0217516 0.0355789
3 0.313918 0.310309 0.0329872 0.0400589
2 0.261839 0.235822 0.052702 0.0227203
0 0.418558 0.258719 0.0343882 0.0363741
2 0.285756 0.248578 0.0976105 0.0371631
0 0.359959 0.344072 0.042308 0.0307765
2 0.288292 0.241059 0.0808732 0.0267954
3 0.359326 0.356249 0.0420657 0.0487253
0 0.793744 0.356347 0.0251458 0.0342908
0 0.25919 0.255361 0.0418852 0.0281862
2 0.277409 0.23732 0.0773504 0.0222824
2 0.092401 0.147159 0.0269945 0.0151954
0 0.00931677 0.24437 0.0186335 0.0319436
2 0.261754 0.221192 0.0522828 0.0153206
0 0.441376 0.255442 0.0200142 0.0254732
2 0.230284 0.218484 0.0426542 0.017609
3 0.834373 0.480087 0.0514735 0.0384361
3 0.852533 0.503504 0.0561757 0.0543983
3 0.721311 0.381961 0.0365231 0.0299077
2 0.8976 0.592435 0.203353 0.105407
2 0.655771 0.42382 0.163397 0.0726152
2 0.419865 0.318944 0.109888 0.0531098
7 0.563368 0.346201 0.169689 0.107417
2 0.337301 0.281875 0.0978351 0.0424514
3 0.302812 0.521764 0.0607688 0.0568977
0 0.301189 0.496133 0.0668106 0.069645
3 0.359904 0.365035 0.0406462 0.0336056
0 0.831979 0.458723 0.0570921 0.0612832
5 0.118797 0.289881 0.15086 0.129157
0 0.781127 0.429346 0.0455634 0.0497899
2 0.141838 0.208994 0.0485972 0.0225106
3 0.721684 0.377225 0.0324402 0.0343188
0 0.358912 0.350225 0.0416098 0.0423622
0 0.855194 0.50129 0.0511848 0.0518699
5 0.241556 0.19395 0.083604 0.0413381
3 0.314521 0.316952 0.0304726 0.0271748
3 0.784909 0.453066 0.0366916 0.0350557
2 0.09777 0.218309 0.0557032 0.0199185
3 0.419015 0.265655 0.0359207 0.0242961
3 0.854004 0.518783 0.0544949 0.0538151
7 0.119181 0.289765 0.151211 0.128881
3 0.258481 0.276276 0.0388262 0.0247443
0 0.535078 0.26686 0.0217516 0.0355789
3 0.313918 0.310309 0.0329872 0.0400589
2 0.261839 0.235822 0.052702 0.0227203
0 0.418558 0.258719 0.0343882 0.0363741
2 0.285756 0.248578 0.0976105 0.0371631
0 0.359959 0.344072 0.042308 0.0307765
2 0.288292 0.241059 0.0808732 0.0267954
3 0.359326 0.356249 0.0420657 0.0487253
0 0.793744 0.356347 0.0251458 0.0342908
0 0.25919 0.255361 0.0418852 0.0281862
2 0.277409 0.23732 0.0773504 0.0222824
2 0.092401 0.147159 0.0269945 0.0151954
0 0.00931677 0.24437 0.0186335 0.0319436
2 0.261754 0.221192 0.0522828 0.0153206
0 0.441376 0.255442 0.0200142 0.0254732
2 0.230284 0.218484 0.0426542 0.017609
3 0.834373 0.480087 0.0514735 0.0384361
3 0.852533 0.503504 0.0561757 0.0543983
3 0.721311 0.381961 0.0365231 0.0299077
2 0.8976 0.592435 0.203353 0.105407
2 0.655771 0.42382 0.163397 0.0726152
2 0.419865 0.318944 0.109888 0.0531098
7 0.563368 0.346201 0.169689 0.107417
2 0.337301 0.281875 0.0978351 0.0424514
3 0.302812 0.521764 0.0607688 0.0568977
0 0.301189 0.496133 0.0668106 0.069645
3 0.359904 0.365035 0.0406462 0.0336056
0 0.831979 0.458723 0.0570921 0.0612832
5 0.118797 0.289881 0.15086 0.129157
0 0.781127 0.429346 0.0455634 0.0497899
2 0.141838 0.208994 0.0485972 0.0225106
3 0.721684 0.377225 0.0324402 0.0343188
0 0.358912 0.350225 0.0416098 0.0423622
0 0.855194 0.50129 0.0511848 0.0518699
5 0.241556 0.19395 0.083604 0.0413381
3 0.314521 0.316952 0.0304726 0.0271748
3 0.784909 0.453066 0.0366916 0.0350557
2 0.09777 0.218309 0.0557032 0.0199185
3 0.419015 0.265655 0.0359207 0.0242961
3 0.854004 0.518783 0.0544949 0.0538151
7 0.119181 0.289765 0.151211 0.128881
3 0.258481 0.276276 0.0388262 0.0247443
0 0.535078 0.26686 0.0217516 0.0355789
3 0.313918 0.310309 0.0329872 0.0400589
2 0.261839 0.235822 0.052702 0.0227203
0 0.418558 0.258719 0.0343882 0.0363741
2 0.285756 0.248578 0.0976105 0.0371631
0 0.359959 0.344072 0.042308 0.0307765
2 0.288292 0.241059 0.0808732 0.0267954
3 0.359326 0.356249 0.0420657 0.0487253
0 0.793744 0.356347 0.0251458 0.0342908
0 0.25919 0.255361 0.0418852 0.0281862
2 0.277409 0.23732 0.0773504 0.0222824
2 0.092401 0.147159 0.0269945 0.0151954
0 0.00931677 0.24437 0.0186335 0.0319436
2 0.261754 0.221192 0.0522828 0.0153206
0 0.441376 0.255442 0.0200142 0.0254732
2 0.230284 0.218484 0.0426542 0.017609
3 0.834373 0.480087 0.0514735 0.0384361
3 0.852533 0.503504 0.0561757 0.0543983
3 0.721311 0.381961 0.0365231 0.0299077
2 0.8976 0.592435 0.203353 0.105407
2 0.655771 0.42382 0.163397 0.0726152
2 0.419865 0.318944 0.109888 0.0531098
7 0.563368 0.346201 0.169689 0.107417
2 0.337301 0.281875 0.0978351 0.0424514
3 0.302812 0.521764 0.0607688 0.0568977
0 0.301189 0.496133 0.0668106 0.069645
3 0.359904 0.365035 0.0406462 0.0336056
0 0.831979 0.458723 0.0570921 0.0612832
5 0.118797 0.289881 0.15086 0.129157
0 0.781127 0.429346 0.0455634 0.0497899
2 0.141838 0.208994 0.0485972 0.0225106
3 0.721684 0.377225 0.0324402 0.0343188
0 0.358912 0.350225 0.0416098 0.0423622
0 0.855194 0.50129 0.0511848 0.0518699
5 0.241556 0.19395 0.083604 0.0413381
3 0.314521 0.316952 0.0304726 0.0271748
3 0.784909 0.453066 0.0366916 0.0350557
2 0.09777 0.218309 0.0557032 0.0199185
3 0.419015 0.265655 0.0359207 0.0242961
3 0.854004 0.518783 0.0544949 0.0538151
7 0.119181 0.289765 0.151211 0.128881
3 0.258481 0.276276 0.0388262 0.0247443
0 0.535078 0.26686 0.0217516 0.0355789
3 0.313918 0.310309 0.0329872 0.0400589
2 0.261839 0.235822 0.052702 0.0227203
0 0.418558 0.258719 0.0343882 0.0363741
2 0.285756 0.248578 0.0976105 0.0371631
0 0.359959 0.344072 0.042308 0.0307765
2 0.288292 0.241059 0.0808732 0.0267954
3 0.359326 0.356249 0.0420657 0.0487253
0 0.793744 0.356347 0.0251458 0.0342908
0 0.25919 0.255361 0.0418852 0.0281862
2 0.277409 0.23732 0.0773504 0.0222824
2 0.092401 0.147159 0.0269945 0.0151954
0 0.00931677 0.24437 0.0186335 0.0319436
2 0.261754 0.221192 0.0522828 0.0153206
0 0.441376 0.255442 0.0200142 0.0254732
2 0.230284 0.218484 0.0426542 0.017609
3 0.834373 0.480087 0.0514735 0.0384361
3 0.852533 0.503504 0.0561757 0.0543983
3 0.721311 0.381961 0.0365231 0.0299077
2 0.8976 0.592435 0.203353 0.105407
2 0.655771 0.42382 0.163397 0.0726152
2 0.419865 0.318944 0.109888 0.0531098
7 0.563368 0.346201 0.169689 0.107417
2 0.337301 0.281875 0.0978351 0.0424514
3 0.302812 0.521764 0.0607688 0.0568977
0 0.301189 0.496133 0.0668106 0.069645
3 0.359904 0.365035 0.0406462 0.0336056
0 0.831979 0.458723 0.0570921 0.0612832
5 0.118797 0.289881 0.15086 0.129157
0 0.781127 0.429346 0.0455634 0.0497899
2 0.141838 0.208994 0.0485972 0.0225106
3 0.721684 0.377225 0.0324402 0.0343188
0 0.358912 0.350225 0.0416098 0.0423622
0 0.855194 0.50129 0.0511848 0.0518699
5 0.241556 0.19395 0.083604 0.0413381
3 0.314521 0.316952 0.0304726 0.0271748
3 0.784909 0.453066 0.0366916 0.0350557
2 0.09777 0.218309 0.0557032 0.0199185
3 0.419015 0.265655 0.0359207 0.0242961
3 0.854004 0.518783 0.0544949 0.0538151
7 0.119181 0.289765 0.151211 0.128881
3 0.258481 0.276276 0.0388262 0.0247443
0 0.535078 0.26686 0.0217516 0.0355789
3 0.313918 0.310309 0.0329872 0.0400589
2 0.261839 0.235822 0.052702 0.0227203
0 0.418558 0.258719 0.0343882 0.0363741
2 0.285756 0.248578 0.0976105 0.0371631
0 0.359959 0.344072 0.042308 0.0307765
2 0.288292 0.241059 0.0808732 0.0267954
3 0.359326 0.356249 0.0420657 0.0487253
0 0.793744 0.356347 0.0251458 0.0342908
0 0.25919 0.255361 0.0418852 0.0281862
2 0.277409 0.23732 0.0773504 0.0222824
2 0.092401 0.147159 0.0269945 0.0151954
0 0.00931677 0.24437 0.0186335 0.0319436
2 0.261754 0.221192 0.0522828 0.0153206
0 0.441376 0.255442 0.0200142 0.0254732
2 0.230284 0.218484 0.0426542 0.017609
3 0.834373 0.480087 0.0514735 0.0384361
3 0.852533 0.503504 0.0561757 0.0543983
3 0.721311 0.381961 0.0365231 0.0299077
2 0.8976 0.592435 0.203353 0.105407
2 0.655771 0.42382 0.163397 0.0726152
2 0.419865 0.318944 0.109888 0.0531098
7 0.563368 0.346201 0.169689 0.107417
2 0.337301 0.281875 0.0978351 0.0424514
3 0.302812 0.521764 0.0607688 0.0568977
0 0.301189 0.496133 0.0668106 0.069645
3 0.359904 0.365035 0.0406462 0.0336056
0 0.831979 0.458723 0.0570921 0.0612832
5 0.118797 0.289881 0.15086 0.129157
0 0.781127 0.429346 0.0455634 0.0497899
2 0.141838 0.208994 0.0485972 0.0225106
3 0.721684 0.377225 0.0324402 0.0343188
0 0.358912 0.350225 0.0416098 0.0423622
0 0.855194 0.50129 0.0511848 0.0518699
5 0.241556 0.19395 0.083604 0.0413381
3 0.314521 0.316952 0.0304726 0.0271748
3 0.784909 0.453066 0.0366916 0.0350557
2 0.09777 0.218309 0.0557032 0.0199185
3 0.419015 0.265655 0.0359207 0.0242961
3 0.854004 0.518783 0.0544949 0.0538151
7 0.119181 0.289765 0.151211 0.128881
3 0.258481 0.276276 0.0388262 0.0247443
0 0.535078 0.26686 0.0217516 0.0355789
3 0.313918 0.310309 0.0329872 0.0400589
2 0.261839 0.235822 0.052702 0.0227203
0 0.418558 0.258719 0.0343882 0.0363741
2 0.285756 0.248578 0.0976105 0.0371631
0 0.359959 0.344072 0.042308 0.0307765
2 0.288292 0.241059 0.0808732 0.0267954
3 0.359326 0.356249 0.0420657 0.0487253
0 0.793744 0.356347 0.0251458 0.0342908
0 0.25919 0.255361 0.0418852 0.0281862
2 0.277409 0.23732 0.0773504 0.0222824
2 0.092401 0.147159 0.0269945 0.0151954
0 0.00931677 0.24437 0.0186335 0.0319436
2 0.261754 0.221192 0.0522828 0.0153206
0 0.441376 0.255442 0.0200142 0.0254732
2 0.230284 0.218484 0.0426542 0.017609
3 0.834373 0.480087 0.0514735 0.0384361
3 0.852533 0.503504 0.0561757 0.0543983
3 0.721311 0.381961 0.0365231 0.0299077
2 0.8976 0.592435 0.203353 0.105407
2 0.655771 0.42382 0.163397 0.0726152
2 0.419865 0.318944 0.109888 0.0531098
7 0.563368 0.346201 0.169689 0.107417
2 0.337301 0.281875 0.0978351 0.0424514
3 0.302812 0.521764 0.0607688 0.0568977
0 0.301189 0.496133 0.0668106 0.069645
3 0.359904 0.365035 0.0406462 0.0336056
0 0.831979 0.458723 0.0570921 0.0612832
5 0.118797 0.289881 0.15086 0.129157
0 0.781127 0.429346 0.0455634 0.0497899
2 0.141838 0.208994 0.0485972 0.0225106
3 0.721684 0.377225 0.0324402 0.0343188
0 0.358912 0.350225 0.0416098 0.0423622
0 0.855194 0.50129 0.0511848 0.0518699
5 0.241556 0.19395 0.083604 0.0413381
3 0.314521 0.316952 0.0304726 0.0271748
3 0.784909 0.453066 0.0366916 0.0350557
2 0.09777 0.218309 0.0557032 0.0199185
3 0.419015 0.265655 0.0359207 0.0242961
3 0.854004 0.518783 0.0544949 0.0538151
7 0.119181 0.289765 0.151211 0.128881
3 0.258481 0.276276 0.0388262 0.0247443
0 0.535078 0.26686 0.0217516 0.0355789
3 0.313918 0.310309 0.0329872 0.0400589
2 0.261839 0.235822 0.052702 0.0227203
0 0.418558 0.258719 0.0343882 0.0363741
2 0.285756 0.248578 0.0976105 0.0371631
0 0.359959 0.344072 0.042308 0.0307765
2 0.288292 0.241059 0.0808732 0.0267954
3 0.359326 0.356249 0.0420657 0.0487253
0 0.793744 0.356347 0.0251458 0.0342908
0 0.25919 0.255361 0.0418852 0.0281862
2 0.277409 0.23732 0.0773504 0.0222824
2 0.092401 0.147159 0.0269945 0.0151954
0 0.00931677 0.24437 0.0186335 0.0319436
2 0.261754 0.221192 0.0522828 0.0153206
0 0.441376 0.255442 0.0200142 0.0254732
2 0.230284 0.218484 0.0426542 0.017609
3 0.834373 0.480087 0.0514735 0.0384361
3 0.852533 0.503504 0.0561757 0.0543983
3 0.721311 0.381961 0.0365231 0.0299077
2 0.8976 0.592435 0.203353 0.105407
2 0.655771 0.42382 0.163397 0.0726152
2 0.419865 0.318944 0.109888 0.0531098
7 0.563368 0.346201 0.169689 0.107417
2 0.337301 0.281875 0.0978351 0.0424514
3 0.302812 0.521764 0.0607688 0.0568977
0 0.301189 0.496133 0.0668106 0.069645
3 0.359904 0.365035 0.0406462 0.0336056
0 0.831979 0.458723 0.0570921 0.0612832
5 0.118797 0.289881 0.15086 0.129157
0 0.781127 0.429346 0.0455634 0.0497899
2 0.141838 0.208994 0.0485972 0.0225106
3 0.721684 0.377225 0.0324402 0.0343188
0 0.358912 0.350225 0.0416098 0.0423622
0 0.855194 0.50129 0.0511848 0.0518699
5 0.241556 0.19395 0.083604 0.0413381
3 0.314521 0.316952 0.0304726 0.0271748
3 0.784909 0.453066 0.0366916 0.0350557
2 0.09777 0.218309 0.0557032 0.0199185
3 0.419015 0.265655 0.0359207 0.0242961
3 0.854004 0.518783 0.0544949 0.0538151
7 0.119181 0.289765 0.151211 0.128881
3 0.258481 0.276276 0.0388262 0.0247443
0 0.535078 0.26686 0.0217516 0.0355789
3 0.313918 0.310309 0.0329872 0.0400589
2 0.261839 0.235822 0.052702 0.0227203
0 0.418558 0.258719 0.0343882 0.0363741
2 0.285756 0.248578 0.0976105 0.0371631
0 0.359959 0.344072 0.042308 0.0307765
2 0.288292 0.241059 0.0808732 0.0267954
3 0.359326 0.356249 0.0420657 0.0487253
0 0.793744 0.356347 0.0251458 0.0342908
0 0.25919 0.255361 0.0418852 0.0281862
2 0.277409 0.23732 0.0773504 0.0222824
2 0.092401 0.147159 0.0269945 0.0151954
0 0.00931677 0.24437 0.0186335 0.0319436
2 0.261754 0.221192 0.0522828 0.0153206
0 0.441376 0.255442 0.0200142 0.0254732
2 0.230284 0.218484 0.0426542 0.017609
3 0.834373 0.480087 0.0514735 0.0384361
3 0.852533 0.503504 0.0561757 0.0543983
3 0.721311 0.381961 0.0365231 0.0299077
2 0.8976 0.592435 0.203353 0.105407
2 0.655771 0.42382 0.163397 0.0726152
2 0.419865 0.318944 0.109888 0.0531098
7 0.563368 0.346201 0.169689 0.107417
2 0.337301 0.281875 0.0978351 0.0424514
3 0.302812 0.521764 0.0607688 0.0568977
0 0.301189 0.496133 0.0668106 0.069645
3 0.359904 0.365035 0.0406462 0.0336056
0 0.831979 0.458723 0.0570921 0.0612832
5 0.118797 0.289881 0.15086 0.129157
0 0.781127 0.429346 0.0455634 0.0497899
2 0.141838 0.208994 0.0485972 0.0225106
3 0.721684 0.377225 0.0324402 0.0343188
0 0.358912 0.350225 0.0416098 0.0423622
0 0.855194 0.50129 0.0511848 0.0518699
5 0.241556 0.19395 0.083604 0.0413381
3 0.314521 0.316952 0.0304726 0.0271748
3 0.784909 0.453066 0.0366916 0.0350557
2 0.09777 0.218309 0.0557032 0.0199185
3 0.419015 0.265655 0.0359207 0.0242961
3 0.854004 0.518783 0.0544949 0.0538151
7 0.119181 0.289765 0.151211 0.128881
3 0.258481 0.276276 0.0388262 0.0247443
0 0.535078 0.26686 0.0217516 0.0355789
3 0.313918 0.310309 0.0329872 0.0400589
2 0.261839 0.235822 0.052702 0.0227203
0 0.418558 0.258719 0.0343882 0.0363741
2 0.285756 0.248578 0.0976105 0.0371631
0 0.359959 0.344072 0.042308 0.0307765
2 0.288292 0.241059 0.0808732 0.0267954
3 0.359326 0.356249 0.0420657 0.0487253
0 0.793744 0.356347 0.0251458 0.0342908
0 0.25919 0.255361 0.0418852 0.0281862
2 0.277409 0.23732 0.0773504 0.0222824
2 0.092401 0.147159 0.0269945 0.0151954
0 0.00931677 0.24437 0.0186335 0.0319436
2 0.261754 0.221192 0.0522828 0.0153206
0 0.441376 0.255442 0.0200142 0.0254732
2 0.230284 0.218484 0.0426542 0.017609
3 0.834373 0.480087 0.0514735 0.0384361
3 0.852533 0.503504 0.0561757 0.0543983
3 0.721311 0.381961 0.0365231 0.0299077
2 0.8976 0.592435 0.203353 0.105407
2 0.655771 0.42382 0.163397 0.0726152
2 0.419865 0.318944 0.109888 0.0531098
7 0.563368 0.346201 0.169689 0.107417
2 0.337301 0.281875 0.0978351 0.0424514
3 0.302812 0.521764 0.0607688 0.0568977
0 0.301189 0.496133 0.0668106 0.069645
3 0.359904 0.365035 0.0406462 0.0336056
0 0.831979 0.458723 0.0570921 0.0612832
5 0.118797 0.289881 0.15086 0.129157
0 0.781127 0.429346 0.0455634 0.0497899
2 0.141838 0.208994 0.0485972 0.0225106
3 0.721684 0.377225 0.0324402 0.0343188
0 0.358912 0.350225 0.0416098 0.0423622
0 0.855194 0.50129 0.0511848 0.0518699
5 0.241556 0.19395 0.083604 0.0413381
3 0.314521 0.316952 0.0304726 0.0271748
3 0.784909 0.453066 0.0366916 0.0350557
2 0.09777 0.218309 0.0557032 0.0199185
3 0.419015 0.265655 0.0359207 0.0242961
3 0.854004 0.518783 0.0544949 0.0538151
7 0.119181 0.289765 0.151211 0.128881
3 0.258481 0.276276 0.0388262 0.0247443
0 0.535078 0.26686 0.0217516 0.0355789
3 0.313918 0.310309 0.0329872 0.0400589
2 0.261839 0.235822 0.052702 0.0227203
0 0.418558 0.258719 0.0343882 0.0363741
2 0.285756 0.248578 0.0976105 0.0371631
0 0.359959 0.344072 0.042308 0.0307765
2 0.288292 0.241059 0.0808732 0.0267954
3 0.359326 0.356249 0.0420657 0.0487253
0 0.793744 0.356347 0.0251458 0.0342908
0 0.25919 0.255361 0.0418852 0.0281862
2 0.277409 0.23732 0.0773504 0.0222824
2 0.092401 0.147159 0.0269945 0.0151954
0 0.00931677 0.24437 0.0186335 0.0319436
2 0.261754 0.221192 0.0522828 0.0153206
0 0.441376 0.255442 0.0200142 0.0254732
2 0.230284 0.218484 0.0426542 0.017609
3 0.834373 0.480087 0.0514735 0.0384361
3 0.852533 0.503504 0.0561757 0.0543983
3 0.721311 0.381961 0.0365231 0.0299077
5 0.117288 0.289792 0.147126 0.127149
2 0.895863 0.592816 0.206546 0.106749
2 0.655157 0.423717 0.163625 0.0724559
2 0.335928 0.282163 0.0982834 0.0434828
2 0.418607 0.318971 0.108465 0.0514302
0 0.853838 0.502041 0.0564395 0.05613
3 0.303228 0.520701 0.0610149 0.057769
0 0.781681 0.427291 0.0444366 0.045836
0 0.831928 0.455333 0.0571377 0.055464
0 0.359159 0.349028 0.0399467 0.0403018
7 0.563535 0.346544 0.169091 0.108267
0 0.302209 0.496484 0.0658104 0.065421
5 0.245399 0.198466 0.0741733 0.0465604
3 0.362397 0.367481 0.0339439 0.0280689
3 0.85466 0.525957 0.0501451 0.0421186
3 0.832594 0.478688 0.0543376 0.0366186
3 0.7856 0.454653 0.0370733 0.0315578
2 0.0981357 0.217496 0.0533532 0.0210884
2 0.141572 0.209042 0.0480632 0.0227291
2 0.294542 0.247093 0.0760214 0.0354271
5 0.117288 0.289792 0.147126 0.127149
2 0.895863 0.592816 0.206546 0.106749
2 0.655157 0.423717 0.163625 0.0724559
2 0.335928 0.282163 0.0982834 0.0434828
2 0.418607 0.318971 0.108465 0.0514302
0 0.853838 0.502041 0.0564395 0.05613
3 0.303228 0.520701 0.0610149 0.057769
0 0.781681 0.427291 0.0444366 0.045836
0 0.831928 0.455333 0.0571377 0.055464
0 0.359159 0.349028 0.0399467 0.0403018
7 0.563535 0.346544 0.169091 0.108267
0 0.302209 0.496484 0.0658104 0.065421
5 0.245399 0.198466 0.0741733 0.0465604
3 0.362397 0.367481 0.0339439 0.0280689
3 0.85466 0.525957 0.0501451 0.0421186
3 0.832594 0.478688 0.0543376 0.0366186
3 0.7856 0.454653 0.0370733 0.0315578
2 0.0981357 0.217496 0.0533532 0.0210884
2 0.141572 0.209042 0.0480632 0.0227291
2 0.294542 0.247093 0.0760214 0.0354271
