5 0.174399 0.379367 0.229024 0.17004
2 0.531877 0.359557 0.135357 0.0602169
3 0.722505 0.377763 0.0344998 0.0428299
2 0.485277 0.403395 0.140996 0.0736959
0 0.679773 0.419567 0.0485752 0.0483869
0 0.784801 0.450595 0.0534621 0.0529757
7 0.437176 0.289475 0.146876 0.0913858
0 0.568055 0.445826 0.0559959 0.0560453
0 0.0320876 0.288516 0.0380961 0.0498609
2 0.102911 0.254651 0.0736731 0.044003
0 0.287836 0.278009 0.0306797 0.0412066
3 0.787704 0.466404 0.0603989 0.0519705
2 0.347267 0.273478 0.0482157 0.0411314
3 0.568543 0.462755 0.0526568 0.0525396
3 0.639507 0.371565 0.0425318 0.0422694
3 0.982476 0.539838 0.033409 0.0563756
3 0.681864 0.43988 0.044997 0.0415617
2 0.289506 0.244553 0.0652932 0.0285391
5 0.136049 0.145841 0.0445138 0.0299625
2 0.222758 0.219188 0.0595199 0.0247049
5 0.203707 0.180284 0.064311 0.0430745
0 0.555774 0.316982 0.0385749 0.0307379
7 0.204115 0.180265 0.0636858 0.0438093
0 0.616757 0.351343 0.0365034 0.0409968
3 0.287958 0.279536 0.0294578 0.0385782
3 0.035022 0.29884 0.0302027 0.0321859
2 0.100319 0.209238 0.0580338 0.0291352
0 0.560649 0.273356 0.0295385 0.0430696
7 0.135802 0.145919 0.0453563 0.0298951
2 0.134114 0.198652 0.0475362 0.0276738
2 0.0947976 0.230319 0.0613115 0.0214706
2 0.0955437 0.234213 0.0626038 0.0236482
0 0.261209 0.2674 0.0400479 0.0453105
0 0.644129 0.347044 0.0435281 0.0551075
2 0.0892419 0.1532 0.0311844 0.0132321
2 0.0973958 0.214011 0.0619703 0.0228682
0 0.640686 0.357478 0.0408078 0.0412161
2 0.22281 0.213195 0.0604565 0.0368851
5 0.174399 0.379367 0.229024 0.17004
2 0.531877 0.359557 0.135357 0.0602169
3 0.722505 0.377763 0.0344998 0.0428299
2 0.485277 0.403395 0.140996 0.0736959
0 0.679773 0.419567 0.0485752 0.0483869
0 0.784801 0.450595 0.0534621 0.0529757
7 0.437176 0.289475 0.146876 0.0913858
0 0.568055 0.445826 0.0559959 0.0560453
0 0.0320876 0.288516 0.0380961 0.0498609
2 0.102911 0.254651 0.0736731 0.044003
0 0.287836 0.278009 0.0306797 0.0412066
3 0.787704 0.466404 0.0603989 0.0519705
2 0.347267 0.273478 0.0482157 0.0411314
3 0.568543 0.462755 0.0526568 0.0525396
3 0.639507 0.371565 0.0425318 0.0422694
3 0.982476 0.539838 0.033409 0.0563756
3 0.681864 0.43988 0.044997 0.0415617
2 0.289506 0.244553 0.0652932 0.0285391
5 0.136049 0.145841 0.0445138 0.0299625
2 0.222758 0.219188 0.0595199 0.0247049
5 0.203707 0.180284 0.064311 0.0430745
0 0.555774 0.316982 0.0385749 0.0307379
7 0.204115 0.180265 0.0636858 0.0438093
0 0.616757 0.351343 0.0365034 0.0409968
3 0.287958 0.279536 0.0294578 0.0385782
3 0.035022 0.29884 0.0302027 0.0321859
2 0.100319 0.209238 0.0580338 0.0291352
0 0.560649 0.273356 0.0295385 0.0430696
7 0.135802 0.145919 0.0453563 0.0298951
2 0.134114 0.198652 0.0475362 0.0276738
2 0.0947976 0.230319 0.0613115 0.0214706
2 0.0955437 0.234213 0.0626038 0.0236482
0 0.261209 0.2674 0.0400479 0.0453105
0 0.644129 0.347044 0.0435281 0.0551075
2 0.0892419 0.1532 0.0311844 0.0132321
2 0.0973958 0.214011 0.0619703 0.0228682
0 0.640686 0.357478 0.0408078 0.0412161
2 0.22281 0.213195 0.0604565 0.0368851
5 0.174399 0.379367 0.229024 0.17004
2 0.531877 0.359557 0.135357 0.0602169
3 0.722505 0.377763 0.0344998 0.0428299
2 0.485277 0.403395 0.140996 0.0736959
0 0.679773 0.419567 0.0485752 0.0483869
0 0.784801 0.450595 0.0534621 0.0529757
7 0.437176 0.289475 0.146876 0.0913858
0 0.568055 0.445826 0.0559959 0.0560453
0 0.0320876 0.288516 0.0380961 0.0498609
2 0.102911 0.254651 0.0736731 0.044003
0 0.287836 0.278009 0.0306797 0.0412066
3 0.787704 0.466404 0.0603989 0.0519705
2 0.347267 0.273478 0.0482157 0.0411314
3 0.568543 0.462755 0.0526568 0.0525396
3 0.639507 0.371565 0.0425318 0.0422694
3 0.982476 0.539838 0.033409 0.0563756
3 0.681864 0.43988 0.044997 0.0415617
2 0.289506 0.244553 0.0652932 0.0285391
5 0.136049 0.145841 0.0445138 0.0299625
2 0.222758 0.219188 0.0595199 0.0247049
5 0.203707 0.180284 0.064311 0.0430745
0 0.555774 0.316982 0.0385749 0.0307379
7 0.204115 0.180265 0.0636858 0.0438093
0 0.616757 0.351343 0.0365034 0.0409968
3 0.287958 0.279536 0.0294578 0.0385782
3 0.035022 0.29884 0.0302027 0.0321859
2 0.100319 0.209238 0.0580338 0.0291352
0 0.560649 0.273356 0.0295385 0.0430696
7 0.135802 0.145919 0.0453563 0.0298951
2 0.134114 0.198652 0.0475362 0.0276738
2 0.0947976 0.230319 0.0613115 0.0214706
2 0.0955437 0.234213 0.0626038 0.0236482
0 0.261209 0.2674 0.0400479 0.0453105
0 0.644129 0.347044 0.0435281 0.0551075
2 0.0892419 0.1532 0.0311844 0.0132321
2 0.0973958 0.214011 0.0619703 0.0228682
0 0.640686 0.357478 0.0408078 0.0412161
2 0.22281 0.213195 0.0604565 0.0368851
5 0.174399 0.379367 0.229024 0.17004
2 0.531877 0.359557 0.135357 0.0602169
3 0.722505 0.377763 0.0344998 0.0428299
2 0.485277 0.403395 0.140996 0.0736959
0 0.679773 0.419567 0.0485752 0.0483869
0 0.784801 0.450595 0.0534621 0.0529757
7 0.437176 0.289475 0.146876 0.0913858
0 0.568055 0.445826 0.0559959 0.0560453
0 0.0320876 0.288516 0.0380961 0.0498609
2 0.102911 0.254651 0.0736731 0.044003
0 0.287836 0.278009 0.0306797 0.0412066
3 0.787704 0.466404 0.0603989 0.0519705
2 0.347267 0.273478 0.0482157 0.0411314
3 0.568543 0.462755 0.0526568 0.0525396
3 0.639507 0.371565 0.0425318 0.0422694
3 0.982476 0.539838 0.033409 0.0563756
3 0.681864 0.43988 0.044997 0.0415617
2 0.289506 0.244553 0.0652932 0.0285391
5 0.136049 0.145841 0.0445138 0.0299625
2 0.222758 0.219188 0.0595199 0.0247049
5 0.203707 0.180284 0.064311 0.0430745
0 0.555774 0.316982 0.0385749 0.0307379
7 0.204115 0.180265 0.0636858 0.0438093
0 0.616757 0.351343 0.0365034 0.0409968
3 0.287958 0.279536 0.0294578 0.0385782
3 0.035022 0.29884 0.0302027 0.0321859
2 0.100319 0.209238 0.0580338 0.0291352
0 0.560649 0.273356 0.0295385 0.0430696
7 0.135802 0.145919 0.0453563 0.0298951
2 0.134114 0.198652 0.0475362 0.0276738
2 0.0947976 0.230319 0.0613115 0.0214706
2 0.0955437 0.234213 0.0626038 0.0236482
0 0.261209 0.2674 0.0400479 0.0453105
0 0.644129 0.347044 0.0435281 0.0551075
2 0.0892419 0.1532 0.0311844 0.0132321
2 0.0973958 0.214011 0.0619703 0.0228682
0 0.640686 0.357478 0.0408078 0.0412161
2 0.22281 0.213195 0.0604565 0.0368851
5 0.174399 0.379367 0.229024 0.17004
2 0.531877 0.359557 0.135357 0.0602169
3 0.722505 0.377763 0.0344998 0.0428299
2 0.485277 0.403395 0.140996 0.0736959
0 0.679773 0.419567 0.0485752 0.0483869
0 0.784801 0.450595 0.0534621 0.0529757
7 0.437176 0.289475 0.146876 0.0913858
0 0.568055 0.445826 0.0559959 0.0560453
0 0.0320876 0.288516 0.0380961 0.0498609
2 0.102911 0.254651 0.0736731 0.044003
0 0.287836 0.278009 0.0306797 0.0412066
3 0.787704 0.466404 0.0603989 0.0519705
2 0.347267 0.273478 0.0482157 0.0411314
3 0.568543 0.462755 0.0526568 0.0525396
3 0.639507 0.371565 0.0425318 0.0422694
3 0.982476 0.539838 0.033409 0.0563756
3 0.681864 0.43988 0.044997 0.0415617
2 0.289506 0.244553 0.0652932 0.0285391
5 0.136049 0.145841 0.0445138 0.0299625
2 0.222758 0.219188 0.0595199 0.0247049
5 0.203707 0.180284 0.064311 0.0430745
0 0.555774 0.316982 0.0385749 0.0307379
7 0.204115 0.180265 0.0636858 0.0438093
0 0.616757 0.351343 0.0365034 0.0409968
3 0.287958 0.279536 0.0294578 0.0385782
3 0.035022 0.29884 0.0302027 0.0321859
2 0.100319 0.209238 0.0580338 0.0291352
0 0.560649 0.273356 0.0295385 0.0430696
7 0.135802 0.145919 0.0453563 0.0298951
2 0.134114 0.198652 0.0475362 0.0276738
2 0.0947976 0.230319 0.0613115 0.0214706
2 0.0955437 0.234213 0.0626038 0.0236482
0 0.261209 0.2674 0.0400479 0.0453105
0 0.644129 0.347044 0.0435281 0.0551075
2 0.0892419 0.1532 0.0311844 0.0132321
2 0.0973958 0.214011 0.0619703 0.0228682
0 0.640686 0.357478 0.0408078 0.0412161
2 0.22281 0.213195 0.0604565 0.0368851
5 0.174399 0.379367 0.229024 0.17004
2 0.531877 0.359557 0.135357 0.0602169
3 0.722505 0.377763 0.0344998 0.0428299
2 0.485277 0.403395 0.140996 0.0736959
0 0.679773 0.419567 0.0485752 0.0483869
0 0.784801 0.450595 0.0534621 0.0529757
7 0.437176 0.289475 0.146876 0.0913858
0 0.568055 0.445826 0.0559959 0.0560453
0 0.0320876 0.288516 0.0380961 0.0498609
2 0.102911 0.254651 0.0736731 0.044003
0 0.287836 0.278009 0.0306797 0.0412066
3 0.787704 0.466404 0.0603989 0.0519705
2 0.347267 0.273478 0.0482157 0.0411314
3 0.568543 0.462755 0.0526568 0.0525396
3 0.639507 0.371565 0.0425318 0.0422694
3 0.982476 0.539838 0.033409 0.0563756
3 0.681864 0.43988 0.044997 0.0415617
2 0.289506 0.244553 0.0652932 0.0285391
5 0.136049 0.145841 0.0445138 0.0299625
2 0.222758 0.219188 0.0595199 0.0247049
5 0.203707 0.180284 0.064311 0.0430745
0 0.555774 0.316982 0.0385749 0.0307379
7 0.204115 0.180265 0.0636858 0.0438093
0 0.616757 0.351343 0.0365034 0.0409968
3 0.287958 0.279536 0.0294578 0.0385782
3 0.035022 0.29884 0.0302027 0.0321859
2 0.100319 0.209238 0.0580338 0.0291352
0 0.560649 0.273356 0.0295385 0.0430696
7 0.135802 0.145919 0.0453563 0.0298951
2 0.134114 0.198652 0.0475362 0.0276738
2 0.0947976 0.230319 0.0613115 0.0214706
2 0.0955437 0.234213 0.0626038 0.0236482
0 0.261209 0.2674 0.0400479 0.0453105
0 0.644129 0.347044 0.0435281 0.0551075
2 0.0892419 0.1532 0.0311844 0.0132321
2 0.0973958 0.214011 0.0619703 0.0228682
0 0.640686 0.357478 0.0408078 0.0412161
2 0.22281 0.213195 0.0604565 0.0368851
5 0.174399 0.379367 0.229024 0.17004
2 0.531877 0.359557 0.135357 0.0602169
3 0.722505 0.377763 0.0344998 0.0428299
2 0.485277 0.403395 0.140996 0.0736959
0 0.679773 0.419567 0.0485752 0.0483869
0 0.784801 0.450595 0.0534621 0.0529757
7 0.437176 0.289475 0.146876 0.0913858
0 0.568055 0.445826 0.0559959 0.0560453
0 0.0320876 0.288516 0.0380961 0.0498609
2 0.102911 0.254651 0.0736731 0.044003
0 0.287836 0.278009 0.0306797 0.0412066
3 0.787704 0.466404 0.0603989 0.0519705
2 0.347267 0.273478 0.0482157 0.0411314
3 0.568543 0.462755 0.0526568 0.0525396
3 0.639507 0.371565 0.0425318 0.0422694
3 0.982476 0.539838 0.033409 0.0563756
3 0.681864 0.43988 0.044997 0.0415617
2 0.289506 0.244553 0.0652932 0.0285391
5 0.136049 0.145841 0.0445138 0.0299625
2 0.222758 0.219188 0.0595199 0.0247049
5 0.203707 0.180284 0.064311 0.0430745
0 0.555774 0.316982 0.0385749 0.0307379
7 0.204115 0.180265 0.0636858 0.0438093
0 0.616757 0.351343 0.0365034 0.0409968
3 0.287958 0.279536 0.0294578 0.0385782
3 0.035022 0.29884 0.0302027 0.0321859
2 0.100319 0.209238 0.0580338 0.0291352
0 0.560649 0.273356 0.0295385 0.0430696
7 0.135802 0.145919 0.0453563 0.0298951
2 0.134114 0.198652 0.0475362 0.0276738
2 0.0947976 0.230319 0.0613115 0.0214706
2 0.0955437 0.234213 0.0626038 0.0236482
0 0.261209 0.2674 0.0400479 0.0453105
0 0.644129 0.347044 0.0435281 0.0551075
2 0.0892419 0.1532 0.0311844 0.0132321
2 0.0973958 0.214011 0.0619703 0.0228682
0 0.640686 0.357478 0.0408078 0.0412161
2 0.22281 0.213195 0.0604565 0.0368851
5 0.174399 0.379367 0.229024 0.17004
2 0.531877 0.359557 0.135357 0.0602169
3 0.722505 0.377763 0.0344998 0.0428299
2 0.485277 0.403395 0.140996 0.0736959
0 0.679773 0.419567 0.0485752 0.0483869
0 0.784801 0.450595 0.0534621 0.0529757
7 0.437176 0.289475 0.146876 0.0913858
0 0.568055 0.445826 0.0559959 0.0560453
0 0.0320876 0.288516 0.0380961 0.0498609
2 0.102911 0.254651 0.0736731 0.044003
0 0.287836 0.278009 0.0306797 0.0412066
3 0.787704 0.466404 0.0603989 0.0519705
2 0.347267 0.273478 0.0482157 0.0411314
3 0.568543 0.462755 0.0526568 0.0525396
3 0.639507 0.371565 0.0425318 0.0422694
3 0.982476 0.539838 0.033409 0.0563756
3 0.681864 0.43988 0.044997 0.0415617
2 0.289506 0.244553 0.0652932 0.0285391
5 0.136049 0.145841 0.0445138 0.0299625
2 0.222758 0.219188 0.0595199 0.0247049
5 0.203707 0.180284 0.064311 0.0430745
0 0.555774 0.316982 0.0385749 0.0307379
7 0.204115 0.180265 0.0636858 0.0438093
0 0.616757 0.351343 0.0365034 0.0409968
3 0.287958 0.279536 0.0294578 0.0385782
3 0.035022 0.29884 0.0302027 0.0321859
2 0.100319 0.209238 0.0580338 0.0291352
0 0.560649 0.273356 0.0295385 0.0430696
7 0.135802 0.145919 0.0453563 0.0298951
2 0.134114 0.198652 0.0475362 0.0276738
2 0.0947976 0.230319 0.0613115 0.0214706
2 0.0955437 0.234213 0.0626038 0.0236482
0 0.261209 0.2674 0.0400479 0.0453105
0 0.644129 0.347044 0.0435281 0.0551075
2 0.0892419 0.1532 0.0311844 0.0132321
2 0.0973958 0.214011 0.0619703 0.0228682
0 0.640686 0.357478 0.0408078 0.0412161
2 0.22281 0.213195 0.0604565 0.0368851
5 0.174399 0.379367 0.229024 0.17004
2 0.531877 0.359557 0.135357 0.0602169
3 0.722505 0.377763 0.0344998 0.0428299
2 0.485277 0.403395 0.140996 0.0736959
0 0.679773 0.419567 0.0485752 0.0483869
0 0.784801 0.450595 0.0534621 0.0529757
7 0.437176 0.289475 0.146876 0.0913858
0 0.568055 0.445826 0.0559959 0.0560453
0 0.0320876 0.288516 0.0380961 0.0498609
2 0.102911 0.254651 0.0736731 0.044003
0 0.287836 0.278009 0.0306797 0.0412066
3 0.787704 0.466404 0.0603989 0.0519705
2 0.347267 0.273478 0.0482157 0.0411314
3 0.568543 0.462755 0.0526568 0.0525396
3 0.639507 0.371565 0.0425318 0.0422694
3 0.982476 0.539838 0.033409 0.0563756
3 0.681864 0.43988 0.044997 0.0415617
2 0.289506 0.244553 0.0652932 0.0285391
5 0.136049 0.145841 0.0445138 0.0299625
2 0.222758 0.219188 0.0595199 0.0247049
5 0.203707 0.180284 0.064311 0.0430745
0 0.555774 0.316982 0.0385749 0.0307379
7 0.204115 0.180265 0.0636858 0.0438093
0 0.616757 0.351343 0.0365034 0.0409968
3 0.287958 0.279536 0.0294578 0.0385782
3 0.035022 0.29884 0.0302027 0.0321859
2 0.100319 0.209238 0.0580338 0.0291352
0 0.560649 0.273356 0.0295385 0.0430696
7 0.135802 0.145919 0.0453563 0.0298951
2 0.134114 0.198652 0.0475362 0.0276738
2 0.0947976 0.230319 0.0613115 0.0214706
2 0.0955437 0.234213 0.0626038 0.0236482
0 0.261209 0.2674 0.0400479 0.0453105
0 0.644129 0.347044 0.0435281 0.0551075
2 0.0892419 0.1532 0.0311844 0.0132321
2 0.0973958 0.214011 0.0619703 0.0228682
0 0.640686 0.357478 0.0408078 0.0412161
2 0.22281 0.213195 0.0604565 0.0368851
5 0.174399 0.379367 0.229024 0.17004
2 0.531877 0.359557 0.135357 0.0602169
3 0.722505 0.377763 0.0344998 0.0428299
2 0.485277 0.403395 0.140996 0.0736959
0 0.679773 0.419567 0.0485752 0.0483869
0 0.784801 0.450595 0.0534621 0.0529757
7 0.437176 0.289475 0.146876 0.0913858
0 0.568055 0.445826 0.0559959 0.0560453
0 0.0320876 0.288516 0.0380961 0.0498609
2 0.102911 0.254651 0.0736731 0.044003
0 0.287836 0.278009 0.0306797 0.0412066
3 0.787704 0.466404 0.0603989 0.0519705
2 0.347267 0.273478 0.0482157 0.0411314
3 0.568543 0.462755 0.0526568 0.0525396
3 0.639507 0.371565 0.0425318 0.0422694
3 0.982476 0.539838 0.033409 0.0563756
3 0.681864 0.43988 0.044997 0.0415617
2 0.289506 0.244553 0.0652932 0.0285391
5 0.136049 0.145841 0.0445138 0.0299625
2 0.222758 0.219188 0.0595199 0.0247049
5 0.203707 0.180284 0.064311 0.0430745
0 0.555774 0.316982 0.0385749 0.0307379
7 0.204115 0.180265 0.0636858 0.0438093
0 0.616757 0.351343 0.0365034 0.0409968
3 0.287958 0.279536 0.0294578 0.0385782
3 0.035022 0.29884 0.0302027 0.0321859
2 0.100319 0.209238 0.0580338 0.0291352
0 0.560649 0.273356 0.0295385 0.0430696
7 0.135802 0.145919 0.0453563 0.0298951
2 0.134114 0.198652 0.0475362 0.0276738
2 0.0947976 0.230319 0.0613115 0.0214706
2 0.0955437 0.234213 0.0626038 0.0236482
0 0.261209 0.2674 0.0400479 0.0453105
0 0.644129 0.347044 0.0435281 0.0551075
2 0.0892419 0.1532 0.0311844 0.0132321
2 0.0973958 0.214011 0.0619703 0.0228682
0 0.640686 0.357478 0.0408078 0.0412161
2 0.22281 0.213195 0.0604565 0.0368851
5 0.174399 0.379367 0.229024 0.17004
2 0.531877 0.359557 0.135357 0.0602169
3 0.722505 0.377763 0.0344998 0.0428299
2 0.485277 0.403395 0.140996 0.0736959
0 0.679773 0.419567 0.0485752 0.0483869
0 0.784801 0.450595 0.0534621 0.0529757
7 0.437176 0.289475 0.146876 0.0913858
0 0.568055 0.445826 0.0559959 0.0560453
0 0.0320876 0.288516 0.0380961 0.0498609
2 0.102911 0.254651 0.0736731 0.044003
0 0.287836 0.278009 0.0306797 0.0412066
3 0.787704 0.466404 0.0603989 0.0519705
2 0.347267 0.273478 0.0482157 0.0411314
3 0.568543 0.462755 0.0526568 0.0525396
3 0.639507 0.371565 0.0425318 0.0422694
3 0.982476 0.539838 0.033409 0.0563756
3 0.681864 0.43988 0.044997 0.0415617
2 0.289506 0.244553 0.0652932 0.0285391
5 0.136049 0.145841 0.0445138 0.0299625
2 0.222758 0.219188 0.0595199 0.0247049
5 0.203707 0.180284 0.064311 0.0430745
0 0.555774 0.316982 0.0385749 0.0307379
7 0.204115 0.180265 0.0636858 0.0438093
0 0.616757 0.351343 0.0365034 0.0409968
3 0.287958 0.279536 0.0294578 0.0385782
3 0.035022 0.29884 0.0302027 0.0321859
2 0.100319 0.209238 0.0580338 0.0291352
0 0.560649 0.273356 0.0295385 0.0430696
7 0.135802 0.145919 0.0453563 0.0298951
2 0.134114 0.198652 0.0475362 0.0276738
2 0.0947976 0.230319 0.0613115 0.0214706
2 0.0955437 0.234213 0.0626038 0.0236482
0 0.261209 0.2674 0.0400479 0.0453105
0 0.644129 0.347044 0.0435281 0.0551075
2 0.0892419 0.1532 0.0311844 0.0132321
2 0.0973958 0.214011 0.0619703 0.0228682
0 0.640686 0.357478 0.0408078 0.0412161
2 0.22281 0.213195 0.0604565 0.0368851
5 0.174399 0.379367 0.229024 0.17004
2 0.531877 0.359557 0.135357 0.0602169
3 0.722505 0.377763 0.0344998 0.0428299
2 0.485277 0.403395 0.140996 0.0736959
0 0.679773 0.419567 0.0485752 0.0483869
0 0.784801 0.450595 0.0534621 0.0529757
7 0.437176 0.289475 0.146876 0.0913858
0 0.568055 0.445826 0.0559959 0.0560453
0 0.0320876 0.288516 0.0380961 0.0498609
2 0.102911 0.254651 0.0736731 0.044003
0 0.287836 0.278009 0.0306797 0.0412066
3 0.787704 0.466404 0.0603989 0.0519705
2 0.347267 0.273478 0.0482157 0.0411314
3 0.568543 0.462755 0.0526568 0.0525396
3 0.639507 0.371565 0.0425318 0.0422694
3 0.982476 0.539838 0.033409 0.0563756
3 0.681864 0.43988 0.044997 0.0415617
2 0.289506 0.244553 0.0652932 0.0285391
5 0.136049 0.145841 0.0445138 0.0299625
2 0.222758 0.219188 0.0595199 0.0247049
5 0.203707 0.180284 0.064311 0.0430745
0 0.555774 0.316982 0.0385749 0.0307379
7 0.204115 0.180265 0.0636858 0.0438093
0 0.616757 0.351343 0.0365034 0.0409968
3 0.287958 0.279536 0.0294578 0.0385782
3 0.035022 0.29884 0.0302027 0.0321859
2 0.100319 0.209238 0.0580338 0.0291352
0 0.560649 0.273356 0.0295385 0.0430696
7 0.135802 0.145919 0.0453563 0.0298951
2 0.134114 0.198652 0.0475362 0.0276738
2 0.0947976 0.230319 0.0613115 0.0214706
2 0.0955437 0.234213 0.0626038 0.0236482
0 0.261209 0.2674 0.0400479 0.0453105
0 0.644129 0.347044 0.0435281 0.0551075
2 0.0892419 0.1532 0.0311844 0.0132321
2 0.0973958 0.214011 0.0619703 0.0228682
0 0.640686 0.357478 0.0408078 0.0412161
2 0.22281 0.213195 0.0604565 0.0368851
5 0.174399 0.379367 0.229024 0.17004
2 0.531877 0.359557 0.135357 0.0602169
3 0.722505 0.377763 0.0344998 0.0428299
2 0.485277 0.403395 0.140996 0.0736959
0 0.679773 0.419567 0.0485752 0.0483869
0 0.784801 0.450595 0.0534621 0.0529757
7 0.437176 0.289475 0.146876 0.0913858
0 0.568055 0.445826 0.0559959 0.0560453
0 0.0320876 0.288516 0.0380961 0.0498609
2 0.102911 0.254651 0.0736731 0.044003
0 0.287836 0.278009 0.0306797 0.0412066
3 0.787704 0.466404 0.0603989 0.0519705
2 0.347267 0.273478 0.0482157 0.0411314
3 0.568543 0.462755 0.0526568 0.0525396
3 0.639507 0.371565 0.0425318 0.0422694
3 0.982476 0.539838 0.033409 0.0563756
3 0.681864 0.43988 0.044997 0.0415617
2 0.289506 0.244553 0.0652932 0.0285391
5 0.136049 0.145841 0.0445138 0.0299625
2 0.222758 0.219188 0.0595199 0.0247049
5 0.203707 0.180284 0.064311 0.0430745
0 0.555774 0.316982 0.0385749 0.0307379
7 0.204115 0.180265 0.0636858 0.0438093
0 0.616757 0.351343 0.0365034 0.0409968
3 0.287958 0.279536 0.0294578 0.0385782
3 0.035022 0.29884 0.0302027 0.0321859
2 0.100319 0.209238 0.0580338 0.0291352
0 0.560649 0.273356 0.0295385 0.0430696
7 0.135802 0.145919 0.0453563 0.0298951
2 0.134114 0.198652 0.0475362 0.0276738
2 0.0947976 0.230319 0.0613115 0.0214706
2 0.0955437 0.234213 0.0626038 0.0236482
0 0.261209 0.2674 0.0400479 0.0453105
0 0.644129 0.347044 0.0435281 0.0551075
2 0.0892419 0.1532 0.0311844 0.0132321
2 0.0973958 0.214011 0.0619703 0.0228682
0 0.640686 0.357478 0.0408078 0.0412161
2 0.22281 0.213195 0.0604565 0.0368851
5 0.172885 0.377128 0.226605 0.166744
2 0.530575 0.359684 0.13394 0.057407
5 0.437466 0.289851 0.147469 0.0890853
0 0.78433 0.451688 0.0553053 0.0528552
0 0.679282 0.421449 0.0483176 0.0515642
2 0.102826 0.255394 0.0738157 0.0419361
0 0.567945 0.445042 0.0538866 0.0531
2 0.489597 0.403958 0.134112 0.0745254
5 0.136186 0.145899 0.0415034 0.0305737
3 0.680867 0.441807 0.0405494 0.036088
3 0.569554 0.46887 0.0479285 0.0383753
3 0.724513 0.378773 0.0382124 0.0418503
5 0.205084 0.181316 0.0618036 0.0469652
2 0.345089 0.273416 0.052841 0.0429118
3 0.79024 0.469371 0.0534476 0.0441325
0 0.0321719 0.285455 0.0357396 0.0404556
0 0.555518 0.316004 0.0390111 0.0327957
3 0.639459 0.377147 0.0410226 0.0325689
2 0.289731 0.242295 0.0656733 0.0300045
0 0.637261 0.360623 0.0403455 0.0420503
3 0.982576 0.538897 0.0325857 0.0534698
3 0.0318245 0.299796 0.0301206 0.0307064
5 0.172885 0.377128 0.226605 0.166744
2 0.530575 0.359684 0.13394 0.057407
5 0.437466 0.289851 0.147469 0.0890853
0 0.78433 0.451688 0.0553053 0.0528552
0 0.679282 0.421449 0.0483176 0.0515642
2 0.102826 0.255394 0.0738157 0.0419361
0 0.567945 0.445042 0.0538866 0.0531
2 0.489597 0.403958 0.134112 0.0745254
5 0.136186 0.145899 0.0415034 0.0305737
3 0.680867 0.441807 0.0405494 0.036088
3 0.569554 0.46887 0.0479285 0.0383753
3 0.724513 0.378773 0.0382124 0.0418503
5 0.205084 0.181316 0.0618036 0.0469652
2 0.345089 0.273416 0.052841 0.0429118
3 0.79024 0.469371 0.0534476 0.0441325
0 0.0321719 0.285455 0.0357396 0.0404556
0 0.555518 0.316004 0.0390111 0.0327957
3 0.639459 0.377147 0.0410226 0.0325689
2 0.289731 0.242295 0.0656733 0.0300045
0 0.637261 0.360623 0.0403455 0.0420503
3 0.982576 0.538897 0.0325857 0.0534698
3 0.0318245 0.299796 0.0301206 0.0307064
5 0.172885 0.377128 0.226605 0.166744
2 0.530575 0.359684 0.13394 0.057407
5 0.437466 0.289851 0.147469 0.0890853
0 0.78433 0.451688 0.0553053 0.0528552
0 0.679282 0.421449 0.0483176 0.0515642
2 0.102826 0.255394 0.0738157 0.0419361
0 0.567945 0.445042 0.0538866 0.0531
2 0.489597 0.403958 0.134112 0.0745254
5 0.136186 0.145899 0.0415034 0.0305737
3 0.680867 0.441807 0.0405494 0.036088
3 0.569554 0.46887 0.0479285 0.0383753
3 0.724513 0.378773 0.0382124 0.0418503
5 0.205084 0.181316 0.0618036 0.0469652
2 0.345089 0.273416 0.052841 0.0429118
3 0.79024 0.469371 0.0534476 0.0441325
0 0.0321719 0.285455 0.0357396 0.0404556
0 0.555518 0.316004 0.0390111 0.0327957
3 0.639459 0.377147 0.0410226 0.0325689
2 0.289731 0.242295 0.0656733 0.0300045
0 0.637261 0.360623 0.0403455 0.0420503
3 0.982576 0.538897 0.0325857 0.0534698
3 0.0318245 0.299796 0.0301206 0.0307064
5 0.172885 0.377128 0.226605 0.166744
2 0.530575 0.359684 0.13394 0.057407
5 0.437466 0.289851 0.147469 0.0890853
0 0.78433 0.451688 0.0553053 0.0528552
0 0.679282 0.421449 0.0483176 0.0515642
2 0.102826 0.255394 0.0738157 0.0419361
0 0.567945 0.445042 0.0538866 0.0531
2 0.489597 0.403958 0.134112 0.0745254
5 0.136186 0.145899 0.0415034 0.0305737
3 0.680867 0.441807 0.0405494 0.036088
3 0.569554 0.46887 0.0479285 0.0383753
3 0.724513 0.378773 0.0382124 0.0418503
5 0.205084 0.181316 0.0618036 0.0469652
2 0.345089 0.273416 0.052841 0.0429118
3 0.79024 0.469371 0.0534476 0.0441325
0 0.0321719 0.285455 0.0357396 0.0404556
0 0.555518 0.316004 0.0390111 0.0327957
3 0.639459 0.377147 0.0410226 0.0325689
2 0.289731 0.242295 0.0656733 0.0300045
0 0.637261 0.360623 0.0403455 0.0420503
3 0.982576 0.538897 0.0325857 0.0534698
3 0.0318245 0.299796 0.0301206 0.0307064
5 0.172885 0.377128 0.226605 0.166744
2 0.530575 0.359684 0.13394 0.057407
5 0.437466 0.289851 0.147469 0.0890853
0 0.78433 0.451688 0.0553053 0.0528552
0 0.679282 0.421449 0.0483176 0.0515642
2 0.102826 0.255394 0.0738157 0.0419361
0 0.567945 0.445042 0.0538866 0.0531
2 0.489597 0.403958 0.134112 0.0745254
5 0.136186 0.145899 0.0415034 0.0305737
3 0.680867 0.441807 0.0405494 0.036088
3 0.569554 0.46887 0.0479285 0.0383753
3 0.724513 0.378773 0.0382124 0.0418503
5 0.205084 0.181316 0.0618036 0.0469652
2 0.345089 0.273416 0.052841 0.0429118
3 0.79024 0.469371 0.0534476 0.0441325
0 0.0321719 0.285455 0.0357396 0.0404556
0 0.555518 0.316004 0.0390111 0.0327957
3 0.639459 0.377147 0.0410226 0.0325689
2 0.289731 0.242295 0.0656733 0.0300045
0 0.637261 0.360623 0.0403455 0.0420503
3 0.982576 0.538897 0.0325857 0.0534698
3 0.0318245 0.299796 0.0301206 0.0307064
5 0.172885 0.377128 0.226605 0.166744
2 0.530575 0.359684 0.13394 0.057407
5 0.437466 0.289851 0.147469 0.0890853
0 0.78433 0.451688 0.0553053 0.0528552
0 0.679282 0.421449 0.0483176 0.0515642
2 0.102826 0.255394 0.0738157 0.0419361
0 0.567945 0.445042 0.0538866 0.0531
2 0.489597 0.403958 0.134112 0.0745254
5 0.136186 0.145899 0.0415034 0.0305737
3 0.680867 0.441807 0.0405494 0.036088
3 0.569554 0.46887 0.0479285 0.0383753
3 0.724513 0.378773 0.0382124 0.0418503
5 0.205084 0.181316 0.0618036 0.0469652
2 0.345089 0.273416 0.052841 0.0429118
3 0.79024 0.469371 0.0534476 0.0441325
0 0.0321719 0.285455 0.0357396 0.0404556
0 0.555518 0.316004 0.0390111 0.0327957
3 0.639459 0.377147 0.0410226 0.0325689
2 0.289731 0.242295 0.0656733 0.0300045
0 0.637261 0.360623 0.0403455 0.0420503
3 0.982576 0.538897 0.0325857 0.0534698
3 0.0318245 0.299796 0.0301206 0.0307064
5 0.172885 0.377128 0.226605 0.166744
2 0.530575 0.359684 0.13394 0.057407
5 0.437466 0.289851 0.147469 0.0890853
0 0.78433 0.451688 0.0553053 0.0528552
0 0.679282 0.421449 0.0483176 0.0515642
2 0.102826 0.255394 0.0738157 0.0419361
0 0.567945 0.445042 0.0538866 0.0531
2 0.489597 0.403958 0.134112 0.0745254
5 0.136186 0.145899 0.0415034 0.0305737
3 0.680867 0.441807 0.0405494 0.036088
3 0.569554 0.46887 0.0479285 0.0383753
3 0.724513 0.378773 0.0382124 0.0418503
5 0.205084 0.181316 0.0618036 0.0469652
2 0.345089 0.273416 0.052841 0.0429118
3 0.79024 0.469371 0.0534476 0.0441325
0 0.0321719 0.285455 0.0357396 0.0404556
0 0.555518 0.316004 0.0390111 0.0327957
3 0.639459 0.377147 0.0410226 0.0325689
2 0.289731 0.242295 0.0656733 0.0300045
0 0.637261 0.360623 0.0403455 0.0420503
3 0.982576 0.538897 0.0325857 0.0534698
3 0.0318245 0.299796 0.0301206 0.0307064
5 0.172885 0.377128 0.226605 0.166744
2 0.530575 0.359684 0.13394 0.057407
5 0.437466 0.289851 0.147469 0.0890853
0 0.78433 0.451688 0.0553053 0.0528552
0 0.679282 0.421449 0.0483176 0.0515642
2 0.102826 0.255394 0.0738157 0.0419361
0 0.567945 0.445042 0.0538866 0.0531
2 0.489597 0.403958 0.134112 0.0745254
5 0.136186 0.145899 0.0415034 0.0305737
3 0.680867 0.441807 0.0405494 0.036088
3 0.569554 0.46887 0.0479285 0.0383753
3 0.724513 0.378773 0.0382124 0.0418503
5 0.205084 0.181316 0.0618036 0.0469652
2 0.345089 0.273416 0.052841 0.0429118
3 0.79024 0.469371 0.0534476 0.0441325
0 0.0321719 0.285455 0.0357396 0.0404556
0 0.555518 0.316004 0.0390111 0.0327957
3 0.639459 0.377147 0.0410226 0.0325689
2 0.289731 0.242295 0.0656733 0.0300045
0 0.637261 0.360623 0.0403455 0.0420503
3 0.982576 0.538897 0.0325857 0.0534698
3 0.0318245 0.299796 0.0301206 0.0307064
0 0.616409 0.348792 0.0360029 0.0382433
0 0.28856 0.279233 0.0305226 0.0382292
2 0.13376 0.198128 0.0505473 0.0275883
2 0.101324 0.209672 0.0588206 0.0267421
2 0.223816 0.219556 0.059058 0.0240889
0 0.648729 0.332956 0.0277659 0.0303791
