2 0.52836 0.442954 0.203089 0.0869171
2 0.572129 0.37808 0.145045 0.0633393
0 0.787824 0.485211 0.0558726 0.0564249
7 0.463579 0.301575 0.154897 0.0941906
0 0.686523 0.51172 0.071876 0.0637463
5 0.150075 0.350423 0.205477 0.156096
0 0.950193 0.513371 0.068613 0.0627382
2 0.355027 0.279979 0.0829662 0.0451551
3 0.708101 0.418934 0.0451555 0.0422435
3 0.789667 0.50976 0.0553786 0.0471382
0 0.578837 0.323371 0.0337786 0.0447069
0 0.290069 0.291191 0.0337463 0.0423746
3 0.953969 0.530767 0.0786494 0.0620205
2 0.103032 0.24361 0.0662146 0.0419212
3 0.686758 0.527818 0.075194 0.0637209
2 0.306075 0.255042 0.0774063 0.0334806
0 0.706415 0.402034 0.0515086 0.0500464
5 0.214926 0.186831 0.0721512 0.0448792
2 0.136953 0.192033 0.0378212 0.0275125
2 0.237157 0.220314 0.0758349 0.0366891
7 0.214488 0.188562 0.0702042 0.040385
2 0.090857 0.151534 0.0326431 0.0141929
2 0.103674 0.196782 0.0452771 0.0215516
7 0.132214 0.143094 0.0430736 0.029752
0 0.659995 0.341403 0.0322778 0.0411523
0 0.705597 0.394385 0.0583908 0.0649942
0 0.628697 0.345984 0.0404425 0.0321819
3 0.050175 0.276385 0.0324719 0.0243877
2 0.101026 0.205101 0.0548747 0.0326645
2 0.104093 0.222109 0.0639136 0.0291904
3 0.632769 0.366266 0.0451302 0.0328354
2 0.100414 0.210562 0.0577239 0.0334836
3 0.686532 0.540065 0.0694312 0.0429234
3 0.050822 0.268298 0.0360878 0.04074
0 0.701293 0.385826 0.0507326 0.0447736
2 0.52836 0.442954 0.203089 0.0869171
2 0.572129 0.37808 0.145045 0.0633393
0 0.787824 0.485211 0.0558726 0.0564249
7 0.463579 0.301575 0.154897 0.0941906
0 0.686523 0.51172 0.071876 0.0637463
5 0.150075 0.350423 0.205477 0.156096
0 0.950193 0.513371 0.068613 0.0627382
2 0.355027 0.279979 0.0829662 0.0451551
3 0.708101 0.418934 0.0451555 0.0422435
3 0.789667 0.50976 0.0553786 0.0471382
0 0.578837 0.323371 0.0337786 0.0447069
0 0.290069 0.291191 0.0337463 0.0423746
3 0.953969 0.530767 0.0786494 0.0620205
2 0.103032 0.24361 0.0662146 0.0419212
3 0.686758 0.527818 0.075194 0.0637209
2 0.306075 0.255042 0.0774063 0.0334806
0 0.706415 0.402034 0.0515086 0.0500464
5 0.214926 0.186831 0.0721512 0.0448792
2 0.136953 0.192033 0.0378212 0.0275125
2 0.237157 0.220314 0.0758349 0.0366891
7 0.214488 0.188562 0.0702042 0.040385
2 0.090857 0.151534 0.0326431 0.0141929
2 0.103674 0.196782 0.0452771 0.0215516
7 0.132214 0.143094 0.0430736 0.029752
0 0.659995 0.341403 0.0322778 0.0411523
0 0.705597 0.394385 0.0583908 0.0649942
0 0.628697 0.345984 0.0404425 0.0321819
3 0.050175 0.276385 0.0324719 0.0243877
2 0.101026 0.205101 0.0548747 0.0326645
2 0.104093 0.222109 0.0639136 0.0291904
3 0.632769 0.366266 0.0451302 0.0328354
2 0.100414 0.210562 0.0577239 0.0334836
3 0.686532 0.540065 0.0694312 0.0429234
3 0.050822 0.268298 0.0360878 0.04074
0 0.701293 0.385826 0.0507326 0.0447736
2 0.52836 0.442954 0.203089 0.0869171
2 0.572129 0.37808 0.145045 0.0633393
0 0.787824 0.485211 0.0558726 0.0564249
7 0.463579 0.301575 0.154897 0.0941906
0 0.686523 0.51172 0.071876 0.0637463
5 0.150075 0.350423 0.205477 0.156096
0 0.950193 0.513371 0.068613 0.0627382
2 0.355027 0.279979 0.0829662 0.0451551
3 0.708101 0.418934 0.0451555 0.0422435
3 0.789667 0.50976 0.0553786 0.0471382
0 0.578837 0.323371 0.0337786 0.0447069
0 0.290069 0.291191 0.0337463 0.0423746
3 0.953969 0.530767 0.0786494 0.0620205
2 0.103032 0.24361 0.0662146 0.0419212
3 0.686758 0.527818 0.075194 0.0637209
2 0.306075 0.255042 0.0774063 0.0334806
0 0.706415 0.402034 0.0515086 0.0500464
5 0.214926 0.186831 0.0721512 0.0448792
2 0.136953 0.192033 0.0378212 0.0275125
2 0.237157 0.220314 0.0758349 0.0366891
7 0.214488 0.188562 0.0702042 0.040385
2 0.090857 0.151534 0.0326431 0.0141929
2 0.103674 0.196782 0.0452771 0.0215516
7 0.132214 0.143094 0.0430736 0.029752
0 0.659995 0.341403 0.0322778 0.0411523
0 0.705597 0.394385 0.0583908 0.0649942
0 0.628697 0.345984 0.0404425 0.0321819
3 0.050175 0.276385 0.0324719 0.0243877
2 0.101026 0.205101 0.0548747 0.0326645
2 0.104093 0.222109 0.0639136 0.0291904
3 0.632769 0.366266 0.0451302 0.0328354
2 0.100414 0.210562 0.0577239 0.0334836
3 0.686532 0.540065 0.0694312 0.0429234
3 0.050822 0.268298 0.0360878 0.04074
0 0.701293 0.385826 0.0507326 0.0447736
2 0.52836 0.442954 0.203089 0.0869171
2 0.572129 0.37808 0.145045 0.0633393
0 0.787824 0.485211 0.0558726 0.0564249
7 0.463579 0.301575 0.154897 0.0941906
0 0.686523 0.51172 0.071876 0.0637463
5 0.150075 0.350423 0.205477 0.156096
0 0.950193 0.513371 0.068613 0.0627382
2 0.355027 0.279979 0.0829662 0.0451551
3 0.708101 0.418934 0.0451555 0.0422435
3 0.789667 0.50976 0.0553786 0.0471382
0 0.578837 0.323371 0.0337786 0.0447069
0 0.290069 0.291191 0.0337463 0.0423746
3 0.953969 0.530767 0.0786494 0.0620205
2 0.103032 0.24361 0.0662146 0.0419212
3 0.686758 0.527818 0.075194 0.0637209
2 0.306075 0.255042 0.0774063 0.0334806
0 0.706415 0.402034 0.0515086 0.0500464
5 0.214926 0.186831 0.0721512 0.0448792
2 0.136953 0.192033 0.0378212 0.0275125
2 0.237157 0.220314 0.0758349 0.0366891
7 0.214488 0.188562 0.0702042 0.040385
2 0.090857 0.151534 0.0326431 0.0141929
2 0.103674 0.196782 0.0452771 0.0215516
7 0.132214 0.143094 0.0430736 0.029752
0 0.659995 0.341403 0.0322778 0.0411523
0 0.705597 0.394385 0.0583908 0.0649942
0 0.628697 0.345984 0.0404425 0.0321819
3 0.050175 0.276385 0.0324719 0.0243877
2 0.101026 0.205101 0.0548747 0.0326645
2 0.104093 0.222109 0.0639136 0.0291904
3 0.632769 0.366266 0.0451302 0.0328354
2 0.100414 0.210562 0.0577239 0.0334836
3 0.686532 0.540065 0.0694312 0.0429234
3 0.050822 0.268298 0.0360878 0.04074
0 0.701293 0.385826 0.0507326 0.0447736
2 0.52836 0.442954 0.203089 0.0869171
2 0.572129 0.37808 0.145045 0.0633393
0 0.787824 0.485211 0.0558726 0.0564249
7 0.463579 0.301575 0.154897 0.0941906
0 0.686523 0.51172 0.071876 0.0637463
5 0.150075 0.350423 0.205477 0.156096
0 0.950193 0.513371 0.068613 0.0627382
2 0.355027 0.279979 0.0829662 0.0451551
3 0.708101 0.418934 0.0451555 0.0422435
3 0.789667 0.50976 0.0553786 0.0471382
0 0.578837 0.323371 0.0337786 0.0447069
0 0.290069 0.291191 0.0337463 0.0423746
3 0.953969 0.530767 0.0786494 0.0620205
2 0.103032 0.24361 0.0662146 0.0419212
3 0.686758 0.527818 0.075194 0.0637209
2 0.306075 0.255042 0.0774063 0.0334806
0 0.706415 0.402034 0.0515086 0.0500464
5 0.214926 0.186831 0.0721512 0.0448792
2 0.136953 0.192033 0.0378212 0.0275125
2 0.237157 0.220314 0.0758349 0.0366891
7 0.214488 0.188562 0.0702042 0.040385
2 0.090857 0.151534 0.0326431 0.0141929
2 0.103674 0.196782 0.0452771 0.0215516
7 0.132214 0.143094 0.0430736 0.029752
0 0.659995 0.341403 0.0322778 0.0411523
0 0.705597 0.394385 0.0583908 0.0649942
0 0.628697 0.345984 0.0404425 0.0321819
3 0.050175 0.276385 0.0324719 0.0243877
2 0.101026 0.205101 0.0548747 0.0326645
2 0.104093 0.222109 0.0639136 0.0291904
3 0.632769 0.366266 0.0451302 0.0328354
2 0.100414 0.210562 0.0577239 0.0334836
3 0.686532 0.540065 0.0694312 0.0429234
3 0.050822 0.268298 0.0360878 0.04074
0 0.701293 0.385826 0.0507326 0.0447736
2 0.52836 0.442954 0.203089 0.0869171
2 0.572129 0.37808 0.145045 0.0633393
0 0.787824 0.485211 0.0558726 0.0564249
7 0.463579 0.301575 0.154897 0.0941906
0 0.686523 0.51172 0.071876 0.0637463
5 0.150075 0.350423 0.205477 0.156096
0 0.950193 0.513371 0.068613 0.0627382
2 0.355027 0.279979 0.0829662 0.0451551
3 0.708101 0.418934 0.0451555 0.0422435
3 0.789667 0.50976 0.0553786 0.0471382
0 0.578837 0.323371 0.0337786 0.0447069
0 0.290069 0.291191 0.0337463 0.0423746
3 0.953969 0.530767 0.0786494 0.0620205
2 0.103032 0.24361 0.0662146 0.0419212
3 0.686758 0.527818 0.075194 0.0637209
2 0.306075 0.255042 0.0774063 0.0334806
0 0.706415 0.402034 0.0515086 0.0500464
5 0.214926 0.186831 0.0721512 0.0448792
2 0.136953 0.192033 0.0378212 0.0275125
2 0.237157 0.220314 0.0758349 0.0366891
7 0.214488 0.188562 0.0702042 0.040385
2 0.090857 0.151534 0.0326431 0.0141929
2 0.103674 0.196782 0.0452771 0.0215516
7 0.132214 0.143094 0.0430736 0.029752
0 0.659995 0.341403 0.0322778 0.0411523
0 0.705597 0.394385 0.0583908 0.0649942
0 0.628697 0.345984 0.0404425 0.0321819
3 0.050175 0.276385 0.0324719 0.0243877
2 0.101026 0.205101 0.0548747 0.0326645
2 0.104093 0.222109 0.0639136 0.0291904
3 0.632769 0.366266 0.0451302 0.0328354
2 0.100414 0.210562 0.0577239 0.0334836
3 0.686532 0.540065 0.0694312 0.0429234
3 0.050822 0.268298 0.0360878 0.04074
0 0.701293 0.385826 0.0507326 0.0447736
2 0.52836 0.442954 0.203089 0.0869171
2 0.572129 0.37808 0.145045 0.0633393
0 0.787824 0.485211 0.0558726 0.0564249
7 0.463579 0.301575 0.154897 0.0941906
0 0.686523 0.51172 0.071876 0.0637463
5 0.150075 0.350423 0.205477 0.156096
0 0.950193 0.513371 0.068613 0.0627382
2 0.355027 0.279979 0.0829662 0.0451551
3 0.708101 0.418934 0.0451555 0.0422435
3 0.789667 0.50976 0.0553786 0.0471382
0 0.578837 0.323371 0.0337786 0.0447069
0 0.290069 0.291191 0.0337463 0.0423746
3 0.953969 0.530767 0.0786494 0.0620205
2 0.103032 0.24361 0.0662146 0.0419212
3 0.686758 0.527818 0.075194 0.0637209
2 0.306075 0.255042 0.0774063 0.0334806
0 0.706415 0.402034 0.0515086 0.0500464
5 0.214926 0.186831 0.0721512 0.0448792
2 0.136953 0.192033 0.0378212 0.0275125
2 0.237157 0.220314 0.0758349 0.0366891
7 0.214488 0.188562 0.0702042 0.040385
2 0.090857 0.151534 0.0326431 0.0141929
2 0.103674 0.196782 0.0452771 0.0215516
7 0.132214 0.143094 0.0430736 0.029752
0 0.659995 0.341403 0.0322778 0.0411523
0 0.705597 0.394385 0.0583908 0.0649942
0 0.628697 0.345984 0.0404425 0.0321819
3 0.050175 0.276385 0.0324719 0.0243877
2 0.101026 0.205101 0.0548747 0.0326645
2 0.104093 0.222109 0.0639136 0.0291904
3 0.632769 0.366266 0.0451302 0.0328354
2 0.100414 0.210562 0.0577239 0.0334836
3 0.686532 0.540065 0.0694312 0.0429234
3 0.050822 0.268298 0.0360878 0.04074
0 0.701293 0.385826 0.0507326 0.0447736
2 0.52836 0.442954 0.203089 0.0869171
2 0.572129 0.37808 0.145045 0.0633393
0 0.787824 0.485211 0.0558726 0.0564249
7 0.463579 0.301575 0.154897 0.0941906
0 0.686523 0.51172 0.071876 0.0637463
5 0.150075 0.350423 0.205477 0.156096
0 0.950193 0.513371 0.068613 0.0627382
2 0.355027 0.279979 0.0829662 0.0451551
3 0.708101 0.418934 0.0451555 0.0422435
3 0.789667 0.50976 0.0553786 0.0471382
0 0.578837 0.323371 0.0337786 0.0447069
0 0.290069 0.291191 0.0337463 0.0423746
3 0.953969 0.530767 0.0786494 0.0620205
2 0.103032 0.24361 0.0662146 0.0419212
3 0.686758 0.527818 0.075194 0.0637209
2 0.306075 0.255042 0.0774063 0.0334806
0 0.706415 0.402034 0.0515086 0.0500464
5 0.214926 0.186831 0.0721512 0.0448792
2 0.136953 0.192033 0.0378212 0.0275125
2 0.237157 0.220314 0.0758349 0.0366891
7 0.214488 0.188562 0.0702042 0.040385
2 0.090857 0.151534 0.0326431 0.0141929
2 0.103674 0.196782 0.0452771 0.0215516
7 0.132214 0.143094 0.0430736 0.029752
0 0.659995 0.341403 0.0322778 0.0411523
0 0.705597 0.394385 0.0583908 0.0649942
0 0.628697 0.345984 0.0404425 0.0321819
3 0.050175 0.276385 0.0324719 0.0243877
2 0.101026 0.205101 0.0548747 0.0326645
2 0.104093 0.222109 0.0639136 0.0291904
3 0.632769 0.366266 0.0451302 0.0328354
2 0.100414 0.210562 0.0577239 0.0334836
3 0.686532 0.540065 0.0694312 0.0429234
3 0.050822 0.268298 0.0360878 0.04074
0 0.701293 0.385826 0.0507326 0.0447736
2 0.52836 0.442954 0.203089 0.0869171
2 0.572129 0.37808 0.145045 0.0633393
0 0.787824 0.485211 0.0558726 0.0564249
7 0.463579 0.301575 0.154897 0.0941906
0 0.686523 0.51172 0.071876 0.0637463
5 0.150075 0.350423 0.205477 0.156096
0 0.950193 0.513371 0.068613 0.0627382
2 0.355027 0.279979 0.0829662 0.0451551
3 0.708101 0.418934 0.0451555 0.0422435
3 0.789667 0.50976 0.0553786 0.0471382
0 0.578837 0.323371 0.0337786 0.0447069
0 0.290069 0.291191 0.0337463 0.0423746
3 0.953969 0.530767 0.0786494 0.0620205
2 0.103032 0.24361 0.0662146 0.0419212
3 0.686758 0.527818 0.075194 0.0637209
2 0.306075 0.255042 0.0774063 0.0334806
0 0.706415 0.402034 0.0515086 0.0500464
5 0.214926 0.186831 0.0721512 0.0448792
2 0.136953 0.192033 0.0378212 0.0275125
2 0.237157 0.220314 0.0758349 0.0366891
7 0.214488 0.188562 0.0702042 0.040385
2 0.090857 0.151534 0.0326431 0.0141929
2 0.103674 0.196782 0.0452771 0.0215516
7 0.132214 0.143094 0.0430736 0.029752
0 0.659995 0.341403 0.0322778 0.0411523
0 0.705597 0.394385 0.0583908 0.0649942
0 0.628697 0.345984 0.0404425 0.0321819
3 0.050175 0.276385 0.0324719 0.0243877
2 0.101026 0.205101 0.0548747 0.0326645
2 0.104093 0.222109 0.0639136 0.0291904
3 0.632769 0.366266 0.0451302 0.0328354
2 0.100414 0.210562 0.0577239 0.0334836
3 0.686532 0.540065 0.0694312 0.0429234
3 0.050822 0.268298 0.0360878 0.04074
0 0.701293 0.385826 0.0507326 0.0447736
2 0.52836 0.442954 0.203089 0.0869171
2 0.572129 0.37808 0.145045 0.0633393
0 0.787824 0.485211 0.0558726 0.0564249
7 0.463579 0.301575 0.154897 0.0941906
0 0.686523 0.51172 0.071876 0.0637463
5 0.150075 0.350423 0.205477 0.156096
0 0.950193 0.513371 0.068613 0.0627382
2 0.355027 0.279979 0.0829662 0.0451551
3 0.708101 0.418934 0.0451555 0.0422435
3 0.789667 0.50976 0.0553786 0.0471382
0 0.578837 0.323371 0.0337786 0.0447069
0 0.290069 0.291191 0.0337463 0.0423746
3 0.953969 0.530767 0.0786494 0.0620205
2 0.103032 0.24361 0.0662146 0.0419212
3 0.686758 0.527818 0.075194 0.0637209
2 0.306075 0.255042 0.0774063 0.0334806
0 0.706415 0.402034 0.0515086 0.0500464
5 0.214926 0.186831 0.0721512 0.0448792
2 0.136953 0.192033 0.0378212 0.0275125
2 0.237157 0.220314 0.0758349 0.0366891
7 0.214488 0.188562 0.0702042 0.040385
2 0.090857 0.151534 0.0326431 0.0141929
2 0.103674 0.196782 0.0452771 0.0215516
7 0.132214 0.143094 0.0430736 0.029752
0 0.659995 0.341403 0.0322778 0.0411523
0 0.705597 0.394385 0.0583908 0.0649942
0 0.628697 0.345984 0.0404425 0.0321819
3 0.050175 0.276385 0.0324719 0.0243877
2 0.101026 0.205101 0.0548747 0.0326645
2 0.104093 0.222109 0.0639136 0.0291904
3 0.632769 0.366266 0.0451302 0.0328354
2 0.100414 0.210562 0.0577239 0.0334836
3 0.686532 0.540065 0.0694312 0.0429234
3 0.050822 0.268298 0.0360878 0.04074
0 0.701293 0.385826 0.0507326 0.0447736
2 0.52836 0.442954 0.203089 0.0869171
2 0.572129 0.37808 0.145045 0.0633393
0 0.787824 0.485211 0.0558726 0.0564249
7 0.463579 0.301575 0.154897 0.0941906
0 0.686523 0.51172 0.071876 0.0637463
5 0.150075 0.350423 0.205477 0.156096
0 0.950193 0.513371 0.068613 0.0627382
2 0.355027 0.279979 0.0829662 0.0451551
3 0.708101 0.418934 0.0451555 0.0422435
3 0.789667 0.50976 0.0553786 0.0471382
0 0.578837 0.323371 0.0337786 0.0447069
0 0.290069 0.291191 0.0337463 0.0423746
3 0.953969 0.530767 0.0786494 0.0620205
2 0.103032 0.24361 0.0662146 0.0419212
3 0.686758 0.527818 0.075194 0.0637209
2 0.306075 0.255042 0.0774063 0.0334806
0 0.706415 0.402034 0.0515086 0.0500464
5 0.214926 0.186831 0.0721512 0.0448792
2 0.136953 0.192033 0.0378212 0.0275125
2 0.237157 0.220314 0.0758349 0.0366891
7 0.214488 0.188562 0.0702042 0.040385
2 0.090857 0.151534 0.0326431 0.0141929
2 0.103674 0.196782 0.0452771 0.0215516
7 0.132214 0.143094 0.0430736 0.029752
0 0.659995 0.341403 0.0322778 0.0411523
0 0.705597 0.394385 0.0583908 0.0649942
0 0.628697 0.345984 0.0404425 0.0321819
3 0.050175 0.276385 0.0324719 0.0243877
2 0.101026 0.205101 0.0548747 0.0326645
2 0.104093 0.222109 0.0639136 0.0291904
3 0.632769 0.366266 0.0451302 0.0328354
2 0.100414 0.210562 0.0577239 0.0334836
3 0.686532 0.540065 0.0694312 0.0429234
3 0.050822 0.268298 0.0360878 0.04074
0 0.701293 0.385826 0.0507326 0.0447736
2 0.52836 0.442954 0.203089 0.0869171
2 0.572129 0.37808 0.145045 0.0633393
0 0.787824 0.485211 0.0558726 0.0564249
7 0.463579 0.301575 0.154897 0.0941906
0 0.686523 0.51172 0.071876 0.0637463
5 0.150075 0.350423 0.205477 0.156096
0 0.950193 0.513371 0.068613 0.0627382
2 0.355027 0.279979 0.0829662 0.0451551
3 0.708101 0.418934 0.0451555 0.0422435
3 0.789667 0.50976 0.0553786 0.0471382
0 0.578837 0.323371 0.0337786 0.0447069
0 0.290069 0.291191 0.0337463 0.0423746
3 0.953969 0.530767 0.0786494 0.0620205
2 0.103032 0.24361 0.0662146 0.0419212
3 0.686758 0.527818 0.075194 0.0637209
2 0.306075 0.255042 0.0774063 0.0334806
0 0.706415 0.402034 0.0515086 0.0500464
5 0.214926 0.186831 0.0721512 0.0448792
2 0.136953 0.192033 0.0378212 0.0275125
2 0.237157 0.220314 0.0758349 0.0366891
7 0.214488 0.188562 0.0702042 0.040385
2 0.090857 0.151534 0.0326431 0.0141929
2 0.103674 0.196782 0.0452771 0.0215516
7 0.132214 0.143094 0.0430736 0.029752
0 0.659995 0.341403 0.0322778 0.0411523
0 0.705597 0.394385 0.0583908 0.0649942
0 0.628697 0.345984 0.0404425 0.0321819
3 0.050175 0.276385 0.0324719 0.0243877
2 0.101026 0.205101 0.0548747 0.0326645
2 0.104093 0.222109 0.0639136 0.0291904
3 0.632769 0.366266 0.0451302 0.0328354
2 0.100414 0.210562 0.0577239 0.0334836
3 0.686532 0.540065 0.0694312 0.0429234
3 0.050822 0.268298 0.0360878 0.04074
0 0.701293 0.385826 0.0507326 0.0447736
2 0.52836 0.442954 0.203089 0.0869171
2 0.572129 0.37808 0.145045 0.0633393
0 0.787824 0.485211 0.0558726 0.0564249
7 0.463579 0.301575 0.154897 0.0941906
0 0.686523 0.51172 0.071876 0.0637463
5 0.150075 0.350423 0.205477 0.156096
0 0.950193 0.513371 0.068613 0.0627382
2 0.355027 0.279979 0.0829662 0.0451551
3 0.708101 0.418934 0.0451555 0.0422435
3 0.789667 0.50976 0.0553786 0.0471382
0 0.578837 0.323371 0.0337786 0.0447069
0 0.290069 0.291191 0.0337463 0.0423746
3 0.953969 0.530767 0.0786494 0.0620205
2 0.103032 0.24361 0.0662146 0.0419212
3 0.686758 0.527818 0.075194 0.0637209
2 0.306075 0.255042 0.0774063 0.0334806
0 0.706415 0.402034 0.0515086 0.0500464
5 0.214926 0.186831 0.0721512 0.0448792
2 0.136953 0.192033 0.0378212 0.0275125
2 0.237157 0.220314 0.0758349 0.0366891
7 0.214488 0.188562 0.0702042 0.040385
2 0.090857 0.151534 0.0326431 0.0141929
2 0.103674 0.196782 0.0452771 0.0215516
7 0.132214 0.143094 0.0430736 0.029752
0 0.659995 0.341403 0.0322778 0.0411523
0 0.705597 0.394385 0.0583908 0.0649942
0 0.628697 0.345984 0.0404425 0.0321819
3 0.050175 0.276385 0.0324719 0.0243877
2 0.101026 0.205101 0.0548747 0.0326645
2 0.104093 0.222109 0.0639136 0.0291904
3 0.632769 0.366266 0.0451302 0.0328354
2 0.100414 0.210562 0.0577239 0.0334836
3 0.686532 0.540065 0.0694312 0.0429234
3 0.050822 0.268298 0.0360878 0.04074
0 0.701293 0.385826 0.0507326 0.0447736
5 0.14926 0.349197 0.202972 0.152881
2 0.530619 0.444007 0.193187 0.0885636
7 0.46337 0.302224 0.154337 0.093687
2 0.570686 0.378446 0.146293 0.0620998
0 0.788126 0.486314 0.0569032 0.0583025
2 0.103359 0.245257 0.0640206 0.0388401
0 0.687415 0.510435 0.0714935 0.060812
3 0.684432 0.529079 0.073791 0.0652336
3 0.955195 0.530335 0.0834149 0.0613771
3 0.790944 0.512535 0.050538 0.039277
0 0.954212 0.513912 0.0788356 0.062529
0 0.704869 0.403159 0.0451701 0.048686
3 0.706714 0.420859 0.0431637 0.0365382
0 0.289373 0.28982 0.0312793 0.0382432
2 0.355283 0.279611 0.0827575 0.0435431
3 0.290344 0.300425 0.0287011 0.025187
5 0.132036 0.143027 0.0430723 0.0290318
2 0.296097 0.253197 0.0859392 0.0347802
2 0.234157 0.220898 0.064465 0.0363773
5 0.14926 0.349197 0.202972 0.152881
2 0.530619 0.444007 0.193187 0.0885636
7 0.46337 0.302224 0.154337 0.093687
2 0.570686 0.378446 0.146293 0.0620998
0 0.788126 0.486314 0.0569032 0.0583025
2 0.103359 0.245257 0.0640206 0.0388401
0 0.687415 0.510435 0.0714935 0.060812
3 0.684432 0.529079 0.073791 0.0652336
3 0.955195 0.530335 0.0834149 0.0613771
3 0.790944 0.512535 0.050538 0.039277
0 0.954212 0.513912 0.0788356 0.062529
0 0.704869 0.403159 0.0451701 0.048686
3 0.706714 0.420859 0.0431637 0.0365382
0 0.289373 0.28982 0.0312793 0.0382432
2 0.355283 0.279611 0.0827575 0.0435431
3 0.290344 0.300425 0.0287011 0.025187
5 0.132036 0.143027 0.0430723 0.0290318
2 0.296097 0.253197 0.0859392 0.0347802
2 0.234157 0.220898 0.064465 0.0363773
5 0.14926 0.349197 0.202972 0.152881
2 0.530619 0.444007 0.193187 0.0885636
7 0.46337 0.302224 0.154337 0.093687
2 0.570686 0.378446 0.146293 0.0620998
0 0.788126 0.486314 0.0569032 0.0583025
2 0.103359 0.245257 0.0640206 0.0388401
0 0.687415 0.510435 0.0714935 0.060812
3 0.684432 0.529079 0.073791 0.0652336
3 0.955195 0.530335 0.0834149 0.0613771
3 0.790944 0.512535 0.050538 0.039277
0 0.954212 0.513912 0.0788356 0.062529
0 0.704869 0.403159 0.0451701 0.048686
3 0.706714 0.420859 0.0431637 0.0365382
0 0.289373 0.28982 0.0312793 0.0382432
2 0.355283 0.279611 0.0827575 0.0435431
3 0.290344 0.300425 0.0287011 0.025187
5 0.132036 0.143027 0.0430723 0.0290318
2 0.296097 0.253197 0.0859392 0.0347802
2 0.234157 0.220898 0.064465 0.0363773
5 0.14926 0.349197 0.202972 0.152881
2 0.530619 0.444007 0.193187 0.0885636
7 0.46337 0.302224 0.154337 0.093687
2 0.570686 0.378446 0.146293 0.0620998
0 0.788126 0.486314 0.0569032 0.0583025
2 0.103359 0.245257 0.0640206 0.0388401
0 0.687415 0.510435 0.0714935 0.060812
3 0.684432 0.529079 0.073791 0.0652336
3 0.955195 0.530335 0.0834149 0.0613771
3 0.790944 0.512535 0.050538 0.039277
0 0.954212 0.513912 0.0788356 0.062529
0 0.704869 0.403159 0.0451701 0.048686
3 0.706714 0.420859 0.0431637 0.0365382
0 0.289373 0.28982 0.0312793 0.0382432
2 0.355283 0.279611 0.0827575 0.0435431
3 0.290344 0.300425 0.0287011 0.025187
5 0.132036 0.143027 0.0430723 0.0290318
2 0.296097 0.253197 0.0859392 0.0347802
2 0.234157 0.220898 0.064465 0.0363773
5 0.14926 0.349197 0.202972 0.152881
2 0.530619 0.444007 0.193187 0.0885636
7 0.46337 0.302224 0.154337 0.093687
2 0.570686 0.378446 0.146293 0.0620998
0 0.788126 0.486314 0.0569032 0.0583025
2 0.103359 0.245257 0.0640206 0.0388401
0 0.687415 0.510435 0.0714935 0.060812
3 0.684432 0.529079 0.073791 0.0652336
3 0.955195 0.530335 0.0834149 0.0613771
3 0.790944 0.512535 0.050538 0.039277
0 0.954212 0.513912 0.0788356 0.062529
0 0.704869 0.403159 0.0451701 0.048686
3 0.706714 0.420859 0.0431637 0.0365382
0 0.289373 0.28982 0.0312793 0.0382432
2 0.355283 0.279611 0.0827575 0.0435431
3 0.290344 0.300425 0.0287011 0.025187
5 0.132036 0.143027 0.0430723 0.0290318
2 0.296097 0.253197 0.0859392 0.0347802
2 0.234157 0.220898 0.064465 0.0363773
5 0.14926 0.349197 0.202972 0.152881
2 0.530619 0.444007 0.193187 0.0885636
7 0.46337 0.302224 0.154337 0.093687
2 0.570686 0.378446 0.146293 0.0620998
0 0.788126 0.486314 0.0569032 0.0583025
2 0.103359 0.245257 0.0640206 0.0388401
0 0.687415 0.510435 0.0714935 0.060812
3 0.684432 0.529079 0.073791 0.0652336
3 0.955195 0.530335 0.0834149 0.0613771
3 0.790944 0.512535 0.050538 0.039277
0 0.954212 0.513912 0.0788356 0.062529
0 0.704869 0.403159 0.0451701 0.048686
3 0.706714 0.420859 0.0431637 0.0365382
0 0.289373 0.28982 0.0312793 0.0382432
2 0.355283 0.279611 0.0827575 0.0435431
3 0.290344 0.300425 0.0287011 0.025187
5 0.132036 0.143027 0.0430723 0.0290318
2 0.296097 0.253197 0.0859392 0.0347802
2 0.234157 0.220898 0.064465 0.0363773
5 0.14926 0.349197 0.202972 0.152881
2 0.530619 0.444007 0.193187 0.0885636
7 0.46337 0.302224 0.154337 0.093687
2 0.570686 0.378446 0.146293 0.0620998
0 0.788126 0.486314 0.0569032 0.0583025
2 0.103359 0.245257 0.0640206 0.0388401
0 0.687415 0.510435 0.0714935 0.060812
3 0.684432 0.529079 0.073791 0.0652336
3 0.955195 0.530335 0.0834149 0.0613771
3 0.790944 0.512535 0.050538 0.039277
0 0.954212 0.513912 0.0788356 0.062529
0 0.704869 0.403159 0.0451701 0.048686
3 0.706714 0.420859 0.0431637 0.0365382
0 0.289373 0.28982 0.0312793 0.0382432
2 0.355283 0.279611 0.0827575 0.0435431
3 0.290344 0.300425 0.0287011 0.025187
5 0.132036 0.143027 0.0430723 0.0290318
2 0.296097 0.253197 0.0859392 0.0347802
2 0.234157 0.220898 0.064465 0.0363773
5 0.14926 0.349197 0.202972 0.152881
2 0.530619 0.444007 0.193187 0.0885636
7 0.46337 0.302224 0.154337 0.093687
2 0.570686 0.378446 0.146293 0.0620998
0 0.788126 0.486314 0.0569032 0.0583025
2 0.103359 0.245257 0.0640206 0.0388401
0 0.687415 0.510435 0.0714935 0.060812
3 0.684432 0.529079 0.073791 0.0652336
3 0.955195 0.530335 0.0834149 0.0613771
3 0.790944 0.512535 0.050538 0.039277
0 0.954212 0.513912 0.0788356 0.062529
0 0.704869 0.403159 0.0451701 0.048686
3 0.706714 0.420859 0.0431637 0.0365382
0 0.289373 0.28982 0.0312793 0.0382432
2 0.355283 0.279611 0.0827575 0.0435431
3 0.290344 0.300425 0.0287011 0.025187
5 0.132036 0.143027 0.0430723 0.0290318
2 0.296097 0.253197 0.0859392 0.0347802
2 0.234157 0.220898 0.064465 0.0363773
7 0.214393 0.188291 0.0708845 0.0412442
0 0.577993 0.32303 0.0345198 0.0422553
2 0.108914 0.228858 0.0600774 0.0279986
3 0.0534872 0.272784 0.0323329 0.032371
2 0.13647 0.190775 0.0392906 0.0282856
5 0.214005 0.188633 0.0718772 0.041928
0 0.698866 0.382362 0.0489744 0.0381785
0 0.659608 0.341867 0.0296644 0.0408128
2 0.201063 0.171775 0.0628942 0.023702
3 0.707137 0.376768 0.065958 0.0421761
