5 0.187356 0.394116 0.243571 0.180955
2 0.44476 0.380195 0.155617 0.069235
2 0.505357 0.34753 0.131091 0.0565742
5 0.414614 0.280799 0.13516 0.0872477
3 0.863765 0.504981 0.0797131 0.0531094
0 0.860364 0.48526 0.0587718 0.0565479
0 0.63465 0.384485 0.04386 0.0488655
2 0.097944 0.262975 0.0779154 0.0439005
3 0.550592 0.425877 0.0544813 0.0492321
3 0.636148 0.402267 0.0343113 0.0322227
0 0.719435 0.41257 0.0460805 0.0524231
3 0.723683 0.427678 0.0501631 0.0468443
0 0.551372 0.409872 0.0520845 0.0492531
2 0.271777 0.237958 0.0641857 0.0301048
5 0.196569 0.177751 0.058984 0.040374
5 0.132391 0.146646 0.0488675 0.0308589
7 0.415044 0.280797 0.135962 0.0862816
2 0.331441 0.267436 0.0469925 0.0403029
0 0.635443 0.335709 0.0300218 0.0462294
3 0.972594 0.588973 0.0529638 0.0644869
0 0.521444 0.299327 0.0332373 0.041571
3 0.595756 0.352689 0.035345 0.0270174
0 0.284418 0.273091 0.0269374 0.0358048
2 0.135031 0.202971 0.0387018 0.0293212
3 0.720915 0.374539 0.0325941 0.0332212
3 0.550058 0.417996 0.0566267 0.0407555
3 0.589603 0.344948 0.045232 0.0397851
7 0.196306 0.178203 0.0576717 0.0426556
2 0.0936679 0.242603 0.0734463 0.0289961
2 0.0936986 0.218323 0.0679461 0.0269488
2 0.096802 0.20958 0.0595073 0.019318
0 0.561105 0.31849 0.0320877 0.0284414
2 0.0867568 0.152244 0.0337507 0.0136847
3 0.0102874 0.32445 0.0205748 0.0362772
3 0.590048 0.350496 0.0434903 0.0297698
2 0.0940395 0.224738 0.0694803 0.0318481
0 0.56827 0.274827 0.0193158 0.0398635
3 0.223188 0.281803 0.0354183 0.0256795
5 0.187356 0.394116 0.243571 0.180955
2 0.44476 0.380195 0.155617 0.069235
2 0.505357 0.34753 0.131091 0.0565742
5 0.414614 0.280799 0.13516 0.0872477
3 0.863765 0.504981 0.0797131 0.0531094
0 0.860364 0.48526 0.0587718 0.0565479
0 0.63465 0.384485 0.04386 0.0488655
2 0.097944 0.262975 0.0779154 0.0439005
3 0.550592 0.425877 0.0544813 0.0492321
3 0.636148 0.402267 0.0343113 0.0322227
0 0.719435 0.41257 0.0460805 0.0524231
3 0.723683 0.427678 0.0501631 0.0468443
0 0.551372 0.409872 0.0520845 0.0492531
2 0.271777 0.237958 0.0641857 0.0301048
5 0.196569 0.177751 0.058984 0.040374
5 0.132391 0.146646 0.0488675 0.0308589
7 0.415044 0.280797 0.135962 0.0862816
2 0.331441 0.267436 0.0469925 0.0403029
0 0.635443 0.335709 0.0300218 0.0462294
3 0.972594 0.588973 0.0529638 0.0644869
0 0.521444 0.299327 0.0332373 0.041571
3 0.595756 0.352689 0.035345 0.0270174
0 0.284418 0.273091 0.0269374 0.0358048
2 0.135031 0.202971 0.0387018 0.0293212
3 0.720915 0.374539 0.0325941 0.0332212
3 0.550058 0.417996 0.0566267 0.0407555
3 0.589603 0.344948 0.045232 0.0397851
7 0.196306 0.178203 0.0576717 0.0426556
2 0.0936679 0.242603 0.0734463 0.0289961
2 0.0936986 0.218323 0.0679461 0.0269488
2 0.096802 0.20958 0.0595073 0.019318
0 0.561105 0.31849 0.0320877 0.0284414
2 0.0867568 0.152244 0.0337507 0.0136847
3 0.0102874 0.32445 0.0205748 0.0362772
3 0.590048 0.350496 0.0434903 0.0297698
2 0.0940395 0.224738 0.0694803 0.0318481
0 0.56827 0.274827 0.0193158 0.0398635
3 0.223188 0.281803 0.0354183 0.0256795
5 0.187356 0.394116 0.243571 0.180955
2 0.44476 0.380195 0.155617 0.069235
2 0.505357 0.34753 0.131091 0.0565742
5 0.414614 0.280799 0.13516 0.0872477
3 0.863765 0.504981 0.0797131 0.0531094
0 0.860364 0.48526 0.0587718 0.0565479
0 0.63465 0.384485 0.04386 0.0488655
2 0.097944 0.262975 0.0779154 0.0439005
3 0.550592 0.425877 0.0544813 0.0492321
3 0.636148 0.402267 0.0343113 0.0322227
0 0.719435 0.41257 0.0460805 0.0524231
3 0.723683 0.427678 0.0501631 0.0468443
0 0.551372 0.409872 0.0520845 0.0492531
2 0.271777 0.237958 0.0641857 0.0301048
5 0.196569 0.177751 0.058984 0.040374
5 0.132391 0.146646 0.0488675 0.0308589
7 0.415044 0.280797 0.135962 0.0862816
2 0.331441 0.267436 0.0469925 0.0403029
0 0.635443 0.335709 0.0300218 0.0462294
3 0.972594 0.588973 0.0529638 0.0644869
0 0.521444 0.299327 0.0332373 0.041571
3 0.595756 0.352689 0.035345 0.0270174
0 0.284418 0.273091 0.0269374 0.0358048
2 0.135031 0.202971 0.0387018 0.0293212
3 0.720915 0.374539 0.0325941 0.0332212
3 0.550058 0.417996 0.0566267 0.0407555
3 0.589603 0.344948 0.045232 0.0397851
7 0.196306 0.178203 0.0576717 0.0426556
2 0.0936679 0.242603 0.0734463 0.0289961
2 0.0936986 0.218323 0.0679461 0.0269488
2 0.096802 0.20958 0.0595073 0.019318
0 0.561105 0.31849 0.0320877 0.0284414
2 0.0867568 0.152244 0.0337507 0.0136847
3 0.0102874 0.32445 0.0205748 0.0362772
3 0.590048 0.350496 0.0434903 0.0297698
2 0.0940395 0.224738 0.0694803 0.0318481
0 0.56827 0.274827 0.0193158 0.0398635
3 0.223188 0.281803 0.0354183 0.0256795
5 0.187356 0.394116 0.243571 0.180955
2 0.44476 0.380195 0.155617 0.069235
2 0.505357 0.34753 0.131091 0.0565742
5 0.414614 0.280799 0.13516 0.0872477
3 0.863765 0.504981 0.0797131 0.0531094
0 0.860364 0.48526 0.0587718 0.0565479
0 0.63465 0.384485 0.04386 0.0488655
2 0.097944 0.262975 0.0779154 0.0439005
3 0.550592 0.425877 0.0544813 0.0492321
3 0.636148 0.402267 0.0343113 0.0322227
0 0.719435 0.41257 0.0460805 0.0524231
3 0.723683 0.427678 0.0501631 0.0468443
0 0.551372 0.409872 0.0520845 0.0492531
2 0.271777 0.237958 0.0641857 0.0301048
5 0.196569 0.177751 0.058984 0.040374
5 0.132391 0.146646 0.0488675 0.0308589
7 0.415044 0.280797 0.135962 0.0862816
2 0.331441 0.267436 0.0469925 0.0403029
0 0.635443 0.335709 0.0300218 0.0462294
3 0.972594 0.588973 0.0529638 0.0644869
0 0.521444 0.299327 0.0332373 0.041571
3 0.595756 0.352689 0.035345 0.0270174
0 0.284418 0.273091 0.0269374 0.0358048
2 0.135031 0.202971 0.0387018 0.0293212
3 0.720915 0.374539 0.0325941 0.0332212
3 0.550058 0.417996 0.0566267 0.0407555
3 0.589603 0.344948 0.045232 0.0397851
7 0.196306 0.178203 0.0576717 0.0426556
2 0.0936679 0.242603 0.0734463 0.0289961
2 0.0936986 0.218323 0.0679461 0.0269488
2 0.096802 0.20958 0.0595073 0.019318
0 0.561105 0.31849 0.0320877 0.0284414
2 0.0867568 0.152244 0.0337507 0.0136847
3 0.0102874 0.32445 0.0205748 0.0362772
3 0.590048 0.350496 0.0434903 0.0297698
2 0.0940395 0.224738 0.0694803 0.0318481
0 0.56827 0.274827 0.0193158 0.0398635
3 0.223188 0.281803 0.0354183 0.0256795
5 0.187356 0.394116 0.243571 0.180955
2 0.44476 0.380195 0.155617 0.069235
2 0.505357 0.34753 0.131091 0.0565742
5 0.414614 0.280799 0.13516 0.0872477
3 0.863765 0.504981 0.0797131 0.0531094
0 0.860364 0.48526 0.0587718 0.0565479
0 0.63465 0.384485 0.04386 0.0488655
2 0.097944 0.262975 0.0779154 0.0439005
3 0.550592 0.425877 0.0544813 0.0492321
3 0.636148 0.402267 0.0343113 0.0322227
0 0.719435 0.41257 0.0460805 0.0524231
3 0.723683 0.427678 0.0501631 0.0468443
0 0.551372 0.409872 0.0520845 0.0492531
2 0.271777 0.237958 0.0641857 0.0301048
5 0.196569 0.177751 0.058984 0.040374
5 0.132391 0.146646 0.0488675 0.0308589
7 0.415044 0.280797 0.135962 0.0862816
2 0.331441 0.267436 0.0469925 0.0403029
0 0.635443 0.335709 0.0300218 0.0462294
3 0.972594 0.588973 0.0529638 0.0644869
0 0.521444 0.299327 0.0332373 0.041571
3 0.595756 0.352689 0.035345 0.0270174
0 0.284418 0.273091 0.0269374 0.0358048
2 0.135031 0.202971 0.0387018 0.0293212
3 0.720915 0.374539 0.0325941 0.0332212
3 0.550058 0.417996 0.0566267 0.0407555
3 0.589603 0.344948 0.045232 0.0397851
7 0.196306 0.178203 0.0576717 0.0426556
2 0.0936679 0.242603 0.0734463 0.0289961
2 0.0936986 0.218323 0.0679461 0.0269488
2 0.096802 0.20958 0.0595073 0.019318
0 0.561105 0.31849 0.0320877 0.0284414
2 0.0867568 0.152244 0.0337507 0.0136847
3 0.0102874 0.32445 0.0205748 0.0362772
3 0.590048 0.350496 0.0434903 0.0297698
2 0.0940395 0.224738 0.0694803 0.0318481
0 0.56827 0.274827 0.0193158 0.0398635
3 0.223188 0.281803 0.0354183 0.0256795
5 0.187356 0.394116 0.243571 0.180955
2 0.44476 0.380195 0.155617 0.069235
2 0.505357 0.34753 0.131091 0.0565742
5 0.414614 0.280799 0.13516 0.0872477
3 0.863765 0.504981 0.0797131 0.0531094
0 0.860364 0.48526 0.0587718 0.0565479
0 0.63465 0.384485 0.04386 0.0488655
2 0.097944 0.262975 0.0779154 0.0439005
3 0.550592 0.425877 0.0544813 0.0492321
3 0.636148 0.402267 0.0343113 0.0322227
0 0.719435 0.41257 0.0460805 0.0524231
3 0.723683 0.427678 0.0501631 0.0468443
0 0.551372 0.409872 0.0520845 0.0492531
2 0.271777 0.237958 0.0641857 0.0301048
5 0.196569 0.177751 0.058984 0.040374
5 0.132391 0.146646 0.0488675 0.0308589
7 0.415044 0.280797 0.135962 0.0862816
2 0.331441 0.267436 0.0469925 0.0403029
0 0.635443 0.335709 0.0300218 0.0462294
3 0.972594 0.588973 0.0529638 0.0644869
0 0.521444 0.299327 0.0332373 0.041571
3 0.595756 0.352689 0.035345 0.0270174
0 0.284418 0.273091 0.0269374 0.0358048
2 0.135031 0.202971 0.0387018 0.0293212
3 0.720915 0.374539 0.0325941 0.0332212
3 0.550058 0.417996 0.0566267 0.0407555
3 0.589603 0.344948 0.045232 0.0397851
7 0.196306 0.178203 0.0576717 0.0426556
2 0.0936679 0.242603 0.0734463 0.0289961
2 0.0936986 0.218323 0.0679461 0.0269488
2 0.096802 0.20958 0.0595073 0.019318
0 0.561105 0.31849 0.0320877 0.0284414
2 0.0867568 0.152244 0.0337507 0.0136847
3 0.0102874 0.32445 0.0205748 0.0362772
3 0.590048 0.350496 0.0434903 0.0297698
2 0.0940395 0.224738 0.0694803 0.0318481
0 0.56827 0.274827 0.0193158 0.0398635
3 0.223188 0.281803 0.0354183 0.0256795
