2 0.558701 0.460326 0.211609 0.0919786
2 0.586065 0.385737 0.146877 0.0652085
5 0.476577 0.306434 0.156429 0.0942381
0 0.843156 0.508898 0.0639167 0.0565207
5 0.140708 0.339531 0.191785 0.148757
0 0.768206 0.540178 0.0652818 0.0673273
3 0.849795 0.539881 0.0609492 0.040555
2 0.240758 0.224824 0.0700187 0.0320596
2 0.36146 0.283358 0.0837218 0.0444433
3 0.769806 0.560549 0.0958174 0.0660404
2 0.100552 0.24167 0.0666973 0.0369178
0 0.292717 0.298407 0.0352877 0.0433923
2 0.307189 0.256722 0.0695819 0.0361185
0 0.720512 0.406598 0.0445811 0.0657583
3 0.723441 0.43615 0.0390447 0.0422544
5 0.215108 0.186111 0.0798318 0.0477119
0 0.606868 0.334781 0.0331589 0.0386461
2 0.106534 0.221097 0.0725004 0.0359574
7 0.141617 0.339372 0.190172 0.149088
0 0.921057 0.768477 0.0403558 0.0418444
0 0.0582122 0.256665 0.0285208 0.0280347
7 0.214974 0.185601 0.0810151 0.0476657
2 0.134285 0.187119 0.0376693 0.0264233
3 0.722022 0.428165 0.042509 0.0485861
0 0.72055 0.39404 0.0435645 0.0410368
0 0.359891 0.2525 0.0176715 0.0178138
2 0.103664 0.194318 0.0474016 0.0206754
0 0.258479 0.266285 0.0441717 0.047005
7 0.130456 0.141377 0.043993 0.0274693
0 0.292514 0.224182 0.0231109 0.023105
0 0.664031 0.334908 0.0286874 0.0308022
0 0.662634 0.371266 0.0434551 0.0570227
0 0.662044 0.361392 0.04157 0.037763
2 0.558701 0.460326 0.211609 0.0919786
2 0.586065 0.385737 0.146877 0.0652085
5 0.476577 0.306434 0.156429 0.0942381
0 0.843156 0.508898 0.0639167 0.0565207
5 0.140708 0.339531 0.191785 0.148757
0 0.768206 0.540178 0.0652818 0.0673273
3 0.849795 0.539881 0.0609492 0.040555
2 0.240758 0.224824 0.0700187 0.0320596
2 0.36146 0.283358 0.0837218 0.0444433
3 0.769806 0.560549 0.0958174 0.0660404
2 0.100552 0.24167 0.0666973 0.0369178
0 0.292717 0.298407 0.0352877 0.0433923
2 0.307189 0.256722 0.0695819 0.0361185
0 0.720512 0.406598 0.0445811 0.0657583
3 0.723441 0.43615 0.0390447 0.0422544
5 0.215108 0.186111 0.0798318 0.0477119
0 0.606868 0.334781 0.0331589 0.0386461
2 0.106534 0.221097 0.0725004 0.0359574
7 0.141617 0.339372 0.190172 0.149088
0 0.921057 0.768477 0.0403558 0.0418444
0 0.0582122 0.256665 0.0285208 0.0280347
7 0.214974 0.185601 0.0810151 0.0476657
2 0.134285 0.187119 0.0376693 0.0264233
3 0.722022 0.428165 0.042509 0.0485861
0 0.72055 0.39404 0.0435645 0.0410368
0 0.359891 0.2525 0.0176715 0.0178138
2 0.103664 0.194318 0.0474016 0.0206754
0 0.258479 0.266285 0.0441717 0.047005
7 0.130456 0.141377 0.043993 0.0274693
0 0.292514 0.224182 0.0231109 0.023105
0 0.664031 0.334908 0.0286874 0.0308022
0 0.662634 0.371266 0.0434551 0.0570227
0 0.662044 0.361392 0.04157 0.037763
2 0.558701 0.460326 0.211609 0.0919786
2 0.586065 0.385737 0.146877 0.0652085
5 0.476577 0.306434 0.156429 0.0942381
0 0.843156 0.508898 0.0639167 0.0565207
5 0.140708 0.339531 0.191785 0.148757
0 0.768206 0.540178 0.0652818 0.0673273
3 0.849795 0.539881 0.0609492 0.040555
2 0.240758 0.224824 0.0700187 0.0320596
2 0.36146 0.283358 0.0837218 0.0444433
3 0.769806 0.560549 0.0958174 0.0660404
2 0.100552 0.24167 0.0666973 0.0369178
0 0.292717 0.298407 0.0352877 0.0433923
2 0.307189 0.256722 0.0695819 0.0361185
0 0.720512 0.406598 0.0445811 0.0657583
3 0.723441 0.43615 0.0390447 0.0422544
5 0.215108 0.186111 0.0798318 0.0477119
0 0.606868 0.334781 0.0331589 0.0386461
2 0.106534 0.221097 0.0725004 0.0359574
7 0.141617 0.339372 0.190172 0.149088
0 0.921057 0.768477 0.0403558 0.0418444
0 0.0582122 0.256665 0.0285208 0.0280347
7 0.214974 0.185601 0.0810151 0.0476657
2 0.134285 0.187119 0.0376693 0.0264233
3 0.722022 0.428165 0.042509 0.0485861
0 0.72055 0.39404 0.0435645 0.0410368
0 0.359891 0.2525 0.0176715 0.0178138
2 0.103664 0.194318 0.0474016 0.0206754
0 0.258479 0.266285 0.0441717 0.047005
7 0.130456 0.141377 0.043993 0.0274693
0 0.292514 0.224182 0.0231109 0.023105
0 0.664031 0.334908 0.0286874 0.0308022
0 0.662634 0.371266 0.0434551 0.0570227
0 0.662044 0.361392 0.04157 0.037763
2 0.558701 0.460326 0.211609 0.0919786
2 0.586065 0.385737 0.146877 0.0652085
5 0.476577 0.306434 0.156429 0.0942381
0 0.843156 0.508898 0.0639167 0.0565207
5 0.140708 0.339531 0.191785 0.148757
0 0.768206 0.540178 0.0652818 0.0673273
3 0.849795 0.539881 0.0609492 0.040555
2 0.240758 0.224824 0.0700187 0.0320596
2 0.36146 0.283358 0.0837218 0.0444433
3 0.769806 0.560549 0.0958174 0.0660404
2 0.100552 0.24167 0.0666973 0.0369178
0 0.292717 0.298407 0.0352877 0.0433923
2 0.307189 0.256722 0.0695819 0.0361185
0 0.720512 0.406598 0.0445811 0.0657583
3 0.723441 0.43615 0.0390447 0.0422544
5 0.215108 0.186111 0.0798318 0.0477119
0 0.606868 0.334781 0.0331589 0.0386461
2 0.106534 0.221097 0.0725004 0.0359574
7 0.141617 0.339372 0.190172 0.149088
0 0.921057 0.768477 0.0403558 0.0418444
0 0.0582122 0.256665 0.0285208 0.0280347
7 0.214974 0.185601 0.0810151 0.0476657
2 0.134285 0.187119 0.0376693 0.0264233
3 0.722022 0.428165 0.042509 0.0485861
0 0.72055 0.39404 0.0435645 0.0410368
0 0.359891 0.2525 0.0176715 0.0178138
2 0.103664 0.194318 0.0474016 0.0206754
0 0.258479 0.266285 0.0441717 0.047005
7 0.130456 0.141377 0.043993 0.0274693
0 0.292514 0.224182 0.0231109 0.023105
0 0.664031 0.334908 0.0286874 0.0308022
0 0.662634 0.371266 0.0434551 0.0570227
0 0.662044 0.361392 0.04157 0.037763
2 0.558701 0.460326 0.211609 0.0919786
2 0.586065 0.385737 0.146877 0.0652085
5 0.476577 0.306434 0.156429 0.0942381
0 0.843156 0.508898 0.0639167 0.0565207
5 0.140708 0.339531 0.191785 0.148757
0 0.768206 0.540178 0.0652818 0.0673273
3 0.849795 0.539881 0.0609492 0.040555
2 0.240758 0.224824 0.0700187 0.0320596
2 0.36146 0.283358 0.0837218 0.0444433
3 0.769806 0.560549 0.0958174 0.0660404
2 0.100552 0.24167 0.0666973 0.0369178
0 0.292717 0.298407 0.0352877 0.0433923
2 0.307189 0.256722 0.0695819 0.0361185
0 0.720512 0.406598 0.0445811 0.0657583
3 0.723441 0.43615 0.0390447 0.0422544
5 0.215108 0.186111 0.0798318 0.0477119
0 0.606868 0.334781 0.0331589 0.0386461
2 0.106534 0.221097 0.0725004 0.0359574
7 0.141617 0.339372 0.190172 0.149088
0 0.921057 0.768477 0.0403558 0.0418444
0 0.0582122 0.256665 0.0285208 0.0280347
7 0.214974 0.185601 0.0810151 0.0476657
2 0.134285 0.187119 0.0376693 0.0264233
3 0.722022 0.428165 0.042509 0.0485861
0 0.72055 0.39404 0.0435645 0.0410368
0 0.359891 0.2525 0.0176715 0.0178138
2 0.103664 0.194318 0.0474016 0.0206754
0 0.258479 0.266285 0.0441717 0.047005
7 0.130456 0.141377 0.043993 0.0274693
0 0.292514 0.224182 0.0231109 0.023105
0 0.664031 0.334908 0.0286874 0.0308022
0 0.662634 0.371266 0.0434551 0.0570227
0 0.662044 0.361392 0.04157 0.037763
2 0.558701 0.460326 0.211609 0.0919786
2 0.586065 0.385737 0.146877 0.0652085
5 0.476577 0.306434 0.156429 0.0942381
0 0.843156 0.508898 0.0639167 0.0565207
5 0.140708 0.339531 0.191785 0.148757
0 0.768206 0.540178 0.0652818 0.0673273
3 0.849795 0.539881 0.0609492 0.040555
2 0.240758 0.224824 0.0700187 0.0320596
2 0.36146 0.283358 0.0837218 0.0444433
3 0.769806 0.560549 0.0958174 0.0660404
2 0.100552 0.24167 0.0666973 0.0369178
0 0.292717 0.298407 0.0352877 0.0433923
2 0.307189 0.256722 0.0695819 0.0361185
0 0.720512 0.406598 0.0445811 0.0657583
3 0.723441 0.43615 0.0390447 0.0422544
5 0.215108 0.186111 0.0798318 0.0477119
0 0.606868 0.334781 0.0331589 0.0386461
2 0.106534 0.221097 0.0725004 0.0359574
7 0.141617 0.339372 0.190172 0.149088
0 0.921057 0.768477 0.0403558 0.0418444
0 0.0582122 0.256665 0.0285208 0.0280347
7 0.214974 0.185601 0.0810151 0.0476657
2 0.134285 0.187119 0.0376693 0.0264233
3 0.722022 0.428165 0.042509 0.0485861
0 0.72055 0.39404 0.0435645 0.0410368
0 0.359891 0.2525 0.0176715 0.0178138
2 0.103664 0.194318 0.0474016 0.0206754
0 0.258479 0.266285 0.0441717 0.047005
7 0.130456 0.141377 0.043993 0.0274693
0 0.292514 0.224182 0.0231109 0.023105
0 0.664031 0.334908 0.0286874 0.0308022
0 0.662634 0.371266 0.0434551 0.0570227
0 0.662044 0.361392 0.04157 0.037763
2 0.558701 0.460326 0.211609 0.0919786
2 0.586065 0.385737 0.146877 0.0652085
5 0.476577 0.306434 0.156429 0.0942381
0 0.843156 0.508898 0.0639167 0.0565207
5 0.140708 0.339531 0.191785 0.148757
0 0.768206 0.540178 0.0652818 0.0673273
3 0.849795 0.539881 0.0609492 0.040555
2 0.240758 0.224824 0.0700187 0.0320596
2 0.36146 0.283358 0.0837218 0.0444433
3 0.769806 0.560549 0.0958174 0.0660404
2 0.100552 0.24167 0.0666973 0.0369178
0 0.292717 0.298407 0.0352877 0.0433923
2 0.307189 0.256722 0.0695819 0.0361185
0 0.720512 0.406598 0.0445811 0.0657583
3 0.723441 0.43615 0.0390447 0.0422544
5 0.215108 0.186111 0.0798318 0.0477119
0 0.606868 0.334781 0.0331589 0.0386461
2 0.106534 0.221097 0.0725004 0.0359574
7 0.141617 0.339372 0.190172 0.149088
0 0.921057 0.768477 0.0403558 0.0418444
0 0.0582122 0.256665 0.0285208 0.0280347
7 0.214974 0.185601 0.0810151 0.0476657
2 0.134285 0.187119 0.0376693 0.0264233
3 0.722022 0.428165 0.042509 0.0485861
0 0.72055 0.39404 0.0435645 0.0410368
0 0.359891 0.2525 0.0176715 0.0178138
2 0.103664 0.194318 0.0474016 0.0206754
0 0.258479 0.266285 0.0441717 0.047005
7 0.130456 0.141377 0.043993 0.0274693
0 0.292514 0.224182 0.0231109 0.023105
0 0.664031 0.334908 0.0286874 0.0308022
0 0.662634 0.371266 0.0434551 0.0570227
0 0.662044 0.361392 0.04157 0.037763
2 0.558701 0.460326 0.211609 0.0919786
2 0.586065 0.385737 0.146877 0.0652085
5 0.476577 0.306434 0.156429 0.0942381
0 0.843156 0.508898 0.0639167 0.0565207
5 0.140708 0.339531 0.191785 0.148757
0 0.768206 0.540178 0.0652818 0.0673273
3 0.849795 0.539881 0.0609492 0.040555
2 0.240758 0.224824 0.0700187 0.0320596
2 0.36146 0.283358 0.0837218 0.0444433
3 0.769806 0.560549 0.0958174 0.0660404
2 0.100552 0.24167 0.0666973 0.0369178
0 0.292717 0.298407 0.0352877 0.0433923
2 0.307189 0.256722 0.0695819 0.0361185
0 0.720512 0.406598 0.0445811 0.0657583
3 0.723441 0.43615 0.0390447 0.0422544
5 0.215108 0.186111 0.0798318 0.0477119
0 0.606868 0.334781 0.0331589 0.0386461
2 0.106534 0.221097 0.0725004 0.0359574
7 0.141617 0.339372 0.190172 0.149088
0 0.921057 0.768477 0.0403558 0.0418444
0 0.0582122 0.256665 0.0285208 0.0280347
7 0.214974 0.185601 0.0810151 0.0476657
2 0.134285 0.187119 0.0376693 0.0264233
3 0.722022 0.428165 0.042509 0.0485861
0 0.72055 0.39404 0.0435645 0.0410368
0 0.359891 0.2525 0.0176715 0.0178138
2 0.103664 0.194318 0.0474016 0.0206754
0 0.258479 0.266285 0.0441717 0.047005
7 0.130456 0.141377 0.043993 0.0274693
0 0.292514 0.224182 0.0231109 0.023105
0 0.664031 0.334908 0.0286874 0.0308022
0 0.662634 0.371266 0.0434551 0.0570227
0 0.662044 0.361392 0.04157 0.037763
2 0.558701 0.460326 0.211609 0.0919786
2 0.586065 0.385737 0.146877 0.0652085
5 0.476577 0.306434 0.156429 0.0942381
0 0.843156 0.508898 0.0639167 0.0565207
5 0.140708 0.339531 0.191785 0.148757
0 0.768206 0.540178 0.0652818 0.0673273
3 0.849795 0.539881 0.0609492 0.040555
2 0.240758 0.224824 0.0700187 0.0320596
2 0.36146 0.283358 0.0837218 0.0444433
3 0.769806 0.560549 0.0958174 0.0660404
2 0.100552 0.24167 0.0666973 0.0369178
0 0.292717 0.298407 0.0352877 0.0433923
2 0.307189 0.256722 0.0695819 0.0361185
0 0.720512 0.406598 0.0445811 0.0657583
3 0.723441 0.43615 0.0390447 0.0422544
5 0.215108 0.186111 0.0798318 0.0477119
0 0.606868 0.334781 0.0331589 0.0386461
2 0.106534 0.221097 0.0725004 0.0359574
7 0.141617 0.339372 0.190172 0.149088
0 0.921057 0.768477 0.0403558 0.0418444
0 0.0582122 0.256665 0.0285208 0.0280347
7 0.214974 0.185601 0.0810151 0.0476657
2 0.134285 0.187119 0.0376693 0.0264233
3 0.722022 0.428165 0.042509 0.0485861
0 0.72055 0.39404 0.0435645 0.0410368
0 0.359891 0.2525 0.0176715 0.0178138
2 0.103664 0.194318 0.0474016 0.0206754
0 0.258479 0.266285 0.0441717 0.047005
7 0.130456 0.141377 0.043993 0.0274693
0 0.292514 0.224182 0.0231109 0.023105
0 0.664031 0.334908 0.0286874 0.0308022
0 0.662634 0.371266 0.0434551 0.0570227
0 0.662044 0.361392 0.04157 0.037763
2 0.558701 0.460326 0.211609 0.0919786
2 0.586065 0.385737 0.146877 0.0652085
5 0.476577 0.306434 0.156429 0.0942381
0 0.843156 0.508898 0.0639167 0.0565207
5 0.140708 0.339531 0.191785 0.148757
0 0.768206 0.540178 0.0652818 0.0673273
3 0.849795 0.539881 0.0609492 0.040555
2 0.240758 0.224824 0.0700187 0.0320596
2 0.36146 0.283358 0.0837218 0.0444433
3 0.769806 0.560549 0.0958174 0.0660404
2 0.100552 0.24167 0.0666973 0.0369178
0 0.292717 0.298407 0.0352877 0.0433923
2 0.307189 0.256722 0.0695819 0.0361185
0 0.720512 0.406598 0.0445811 0.0657583
3 0.723441 0.43615 0.0390447 0.0422544
5 0.215108 0.186111 0.0798318 0.0477119
0 0.606868 0.334781 0.0331589 0.0386461
2 0.106534 0.221097 0.0725004 0.0359574
7 0.141617 0.339372 0.190172 0.149088
0 0.921057 0.768477 0.0403558 0.0418444
0 0.0582122 0.256665 0.0285208 0.0280347
7 0.214974 0.185601 0.0810151 0.0476657
2 0.134285 0.187119 0.0376693 0.0264233
3 0.722022 0.428165 0.042509 0.0485861
0 0.72055 0.39404 0.0435645 0.0410368
0 0.359891 0.2525 0.0176715 0.0178138
2 0.103664 0.194318 0.0474016 0.0206754
0 0.258479 0.266285 0.0441717 0.047005
7 0.130456 0.141377 0.043993 0.0274693
0 0.292514 0.224182 0.0231109 0.023105
0 0.664031 0.334908 0.0286874 0.0308022
0 0.662634 0.371266 0.0434551 0.0570227
0 0.662044 0.361392 0.04157 0.037763
2 0.558701 0.460326 0.211609 0.0919786
2 0.586065 0.385737 0.146877 0.0652085
5 0.476577 0.306434 0.156429 0.0942381
0 0.843156 0.508898 0.0639167 0.0565207
5 0.140708 0.339531 0.191785 0.148757
0 0.768206 0.540178 0.0652818 0.0673273
3 0.849795 0.539881 0.0609492 0.040555
2 0.240758 0.224824 0.0700187 0.0320596
2 0.36146 0.283358 0.0837218 0.0444433
3 0.769806 0.560549 0.0958174 0.0660404
2 0.100552 0.24167 0.0666973 0.0369178
0 0.292717 0.298407 0.0352877 0.0433923
2 0.307189 0.256722 0.0695819 0.0361185
0 0.720512 0.406598 0.0445811 0.0657583
3 0.723441 0.43615 0.0390447 0.0422544
5 0.215108 0.186111 0.0798318 0.0477119
0 0.606868 0.334781 0.0331589 0.0386461
2 0.106534 0.221097 0.0725004 0.0359574
7 0.141617 0.339372 0.190172 0.149088
0 0.921057 0.768477 0.0403558 0.0418444
0 0.0582122 0.256665 0.0285208 0.0280347
7 0.214974 0.185601 0.0810151 0.0476657
2 0.134285 0.187119 0.0376693 0.0264233
3 0.722022 0.428165 0.042509 0.0485861
0 0.72055 0.39404 0.0435645 0.0410368
0 0.359891 0.2525 0.0176715 0.0178138
2 0.103664 0.194318 0.0474016 0.0206754
0 0.258479 0.266285 0.0441717 0.047005
7 0.130456 0.141377 0.043993 0.0274693
0 0.292514 0.224182 0.0231109 0.023105
0 0.664031 0.334908 0.0286874 0.0308022
0 0.662634 0.371266 0.0434551 0.0570227
0 0.662044 0.361392 0.04157 0.037763
2 0.558701 0.460326 0.211609 0.0919786
2 0.586065 0.385737 0.146877 0.0652085
5 0.476577 0.306434 0.156429 0.0942381
0 0.843156 0.508898 0.0639167 0.0565207
5 0.140708 0.339531 0.191785 0.148757
0 0.768206 0.540178 0.0652818 0.0673273
3 0.849795 0.539881 0.0609492 0.040555
2 0.240758 0.224824 0.0700187 0.0320596
2 0.36146 0.283358 0.0837218 0.0444433
3 0.769806 0.560549 0.0958174 0.0660404
2 0.100552 0.24167 0.0666973 0.0369178
0 0.292717 0.298407 0.0352877 0.0433923
2 0.307189 0.256722 0.0695819 0.0361185
0 0.720512 0.406598 0.0445811 0.0657583
3 0.723441 0.43615 0.0390447 0.0422544
5 0.215108 0.186111 0.0798318 0.0477119
0 0.606868 0.334781 0.0331589 0.0386461
2 0.106534 0.221097 0.0725004 0.0359574
7 0.141617 0.339372 0.190172 0.149088
0 0.921057 0.768477 0.0403558 0.0418444
0 0.0582122 0.256665 0.0285208 0.0280347
7 0.214974 0.185601 0.0810151 0.0476657
2 0.134285 0.187119 0.0376693 0.0264233
3 0.722022 0.428165 0.042509 0.0485861
0 0.72055 0.39404 0.0435645 0.0410368
0 0.359891 0.2525 0.0176715 0.0178138
2 0.103664 0.194318 0.0474016 0.0206754
0 0.258479 0.266285 0.0441717 0.047005
7 0.130456 0.141377 0.043993 0.0274693
0 0.292514 0.224182 0.0231109 0.023105
0 0.664031 0.334908 0.0286874 0.0308022
0 0.662634 0.371266 0.0434551 0.0570227
0 0.662044 0.361392 0.04157 0.037763
2 0.558701 0.460326 0.211609 0.0919786
2 0.586065 0.385737 0.146877 0.0652085
5 0.476577 0.306434 0.156429 0.0942381
0 0.843156 0.508898 0.0639167 0.0565207
5 0.140708 0.339531 0.191785 0.148757
0 0.768206 0.540178 0.0652818 0.0673273
3 0.849795 0.539881 0.0609492 0.040555
2 0.240758 0.224824 0.0700187 0.0320596
2 0.36146 0.283358 0.0837218 0.0444433
3 0.769806 0.560549 0.0958174 0.0660404
2 0.100552 0.24167 0.0666973 0.0369178
0 0.292717 0.298407 0.0352877 0.0433923
2 0.307189 0.256722 0.0695819 0.0361185
0 0.720512 0.406598 0.0445811 0.0657583
3 0.723441 0.43615 0.0390447 0.0422544
5 0.215108 0.186111 0.0798318 0.0477119
0 0.606868 0.334781 0.0331589 0.0386461
2 0.106534 0.221097 0.0725004 0.0359574
7 0.141617 0.339372 0.190172 0.149088
0 0.921057 0.768477 0.0403558 0.0418444
0 0.0582122 0.256665 0.0285208 0.0280347
7 0.214974 0.185601 0.0810151 0.0476657
2 0.134285 0.187119 0.0376693 0.0264233
3 0.722022 0.428165 0.042509 0.0485861
0 0.72055 0.39404 0.0435645 0.0410368
0 0.359891 0.2525 0.0176715 0.0178138
2 0.103664 0.194318 0.0474016 0.0206754
0 0.258479 0.266285 0.0441717 0.047005
7 0.130456 0.141377 0.043993 0.0274693
0 0.292514 0.224182 0.0231109 0.023105
0 0.664031 0.334908 0.0286874 0.0308022
0 0.662634 0.371266 0.0434551 0.0570227
0 0.662044 0.361392 0.04157 0.037763
5 0.141909 0.338744 0.191766 0.146072
2 0.559044 0.460076 0.211312 0.0923042
2 0.584677 0.386448 0.146501 0.0645733
2 0.36131 0.283943 0.0848587 0.0459339
0 0.844489 0.509167 0.0635669 0.0583064
0 0.768025 0.539626 0.0639484 0.0665789
2 0.305868 0.257267 0.0722672 0.0358851
3 0.770587 0.560339 0.0935177 0.0637259
7 0.475588 0.305344 0.159585 0.0953463
0 0.721582 0.417896 0.0441037 0.0448664
3 0.722264 0.437669 0.042159 0.0397156
2 0.100369 0.24203 0.0667075 0.0369397
5 0.21615 0.186835 0.0764373 0.0450621
3 0.849077 0.539407 0.0630686 0.0400719
2 0.114791 0.225438 0.0567647 0.0278032
5 0.476326 0.305507 0.159842 0.0953423
0 0.293099 0.289708 0.0346023 0.027828
5 0.141909 0.338744 0.191766 0.146072
2 0.559044 0.460076 0.211312 0.0923042
2 0.584677 0.386448 0.146501 0.0645733
2 0.36131 0.283943 0.0848587 0.0459339
0 0.844489 0.509167 0.0635669 0.0583064
0 0.768025 0.539626 0.0639484 0.0665789
2 0.305868 0.257267 0.0722672 0.0358851
3 0.770587 0.560339 0.0935177 0.0637259
7 0.475588 0.305344 0.159585 0.0953463
0 0.721582 0.417896 0.0441037 0.0448664
3 0.722264 0.437669 0.042159 0.0397156
2 0.100369 0.24203 0.0667075 0.0369397
5 0.21615 0.186835 0.0764373 0.0450621
3 0.849077 0.539407 0.0630686 0.0400719
2 0.114791 0.225438 0.0567647 0.0278032
5 0.476326 0.305507 0.159842 0.0953423
0 0.293099 0.289708 0.0346023 0.027828
5 0.141909 0.338744 0.191766 0.146072
2 0.559044 0.460076 0.211312 0.0923042
2 0.584677 0.386448 0.146501 0.0645733
2 0.36131 0.283943 0.0848587 0.0459339
0 0.844489 0.509167 0.0635669 0.0583064
0 0.768025 0.539626 0.0639484 0.0665789
2 0.305868 0.257267 0.0722672 0.0358851
3 0.770587 0.560339 0.0935177 0.0637259
7 0.475588 0.305344 0.159585 0.0953463
0 0.721582 0.417896 0.0441037 0.0448664
3 0.722264 0.437669 0.042159 0.0397156
2 0.100369 0.24203 0.0667075 0.0369397
5 0.21615 0.186835 0.0764373 0.0450621
3 0.849077 0.539407 0.0630686 0.0400719
2 0.114791 0.225438 0.0567647 0.0278032
5 0.476326 0.305507 0.159842 0.0953423
0 0.293099 0.289708 0.0346023 0.027828
5 0.141909 0.338744 0.191766 0.146072
2 0.559044 0.460076 0.211312 0.0923042
2 0.584677 0.386448 0.146501 0.0645733
2 0.36131 0.283943 0.0848587 0.0459339
0 0.844489 0.509167 0.0635669 0.0583064
0 0.768025 0.539626 0.0639484 0.0665789
2 0.305868 0.257267 0.0722672 0.0358851
3 0.770587 0.560339 0.0935177 0.0637259
7 0.475588 0.305344 0.159585 0.0953463
0 0.721582 0.417896 0.0441037 0.0448664
3 0.722264 0.437669 0.042159 0.0397156
2 0.100369 0.24203 0.0667075 0.0369397
5 0.21615 0.186835 0.0764373 0.0450621
3 0.849077 0.539407 0.0630686 0.0400719
2 0.114791 0.225438 0.0567647 0.0278032
5 0.476326 0.305507 0.159842 0.0953423
0 0.293099 0.289708 0.0346023 0.027828
5 0.141909 0.338744 0.191766 0.146072
2 0.559044 0.460076 0.211312 0.0923042
2 0.584677 0.386448 0.146501 0.0645733
2 0.36131 0.283943 0.0848587 0.0459339
0 0.844489 0.509167 0.0635669 0.0583064
0 0.768025 0.539626 0.0639484 0.0665789
2 0.305868 0.257267 0.0722672 0.0358851
3 0.770587 0.560339 0.0935177 0.0637259
7 0.475588 0.305344 0.159585 0.0953463
0 0.721582 0.417896 0.0441037 0.0448664
3 0.722264 0.437669 0.042159 0.0397156
2 0.100369 0.24203 0.0667075 0.0369397
5 0.21615 0.186835 0.0764373 0.0450621
3 0.849077 0.539407 0.0630686 0.0400719
2 0.114791 0.225438 0.0567647 0.0278032
5 0.476326 0.305507 0.159842 0.0953423
0 0.293099 0.289708 0.0346023 0.027828
5 0.141909 0.338744 0.191766 0.146072
2 0.559044 0.460076 0.211312 0.0923042
2 0.584677 0.386448 0.146501 0.0645733
2 0.36131 0.283943 0.0848587 0.0459339
0 0.844489 0.509167 0.0635669 0.0583064
0 0.768025 0.539626 0.0639484 0.0665789
2 0.305868 0.257267 0.0722672 0.0358851
3 0.770587 0.560339 0.0935177 0.0637259
7 0.475588 0.305344 0.159585 0.0953463
0 0.721582 0.417896 0.0441037 0.0448664
3 0.722264 0.437669 0.042159 0.0397156
2 0.100369 0.24203 0.0667075 0.0369397
5 0.21615 0.186835 0.0764373 0.0450621
3 0.849077 0.539407 0.0630686 0.0400719
2 0.114791 0.225438 0.0567647 0.0278032
5 0.476326 0.305507 0.159842 0.0953423
0 0.293099 0.289708 0.0346023 0.027828
5 0.141909 0.338744 0.191766 0.146072
2 0.559044 0.460076 0.211312 0.0923042
2 0.584677 0.386448 0.146501 0.0645733
2 0.36131 0.283943 0.0848587 0.0459339
0 0.844489 0.509167 0.0635669 0.0583064
0 0.768025 0.539626 0.0639484 0.0665789
2 0.305868 0.257267 0.0722672 0.0358851
3 0.770587 0.560339 0.0935177 0.0637259
7 0.475588 0.305344 0.159585 0.0953463
0 0.721582 0.417896 0.0441037 0.0448664
3 0.722264 0.437669 0.042159 0.0397156
2 0.100369 0.24203 0.0667075 0.0369397
5 0.21615 0.186835 0.0764373 0.0450621
3 0.849077 0.539407 0.0630686 0.0400719
2 0.114791 0.225438 0.0567647 0.0278032
5 0.476326 0.305507 0.159842 0.0953423
0 0.293099 0.289708 0.0346023 0.027828
5 0.141909 0.338744 0.191766 0.146072
2 0.559044 0.460076 0.211312 0.0923042
2 0.584677 0.386448 0.146501 0.0645733
2 0.36131 0.283943 0.0848587 0.0459339
0 0.844489 0.509167 0.0635669 0.0583064
0 0.768025 0.539626 0.0639484 0.0665789
2 0.305868 0.257267 0.0722672 0.0358851
3 0.770587 0.560339 0.0935177 0.0637259
7 0.475588 0.305344 0.159585 0.0953463
0 0.721582 0.417896 0.0441037 0.0448664
3 0.722264 0.437669 0.042159 0.0397156
2 0.100369 0.24203 0.0667075 0.0369397
5 0.21615 0.186835 0.0764373 0.0450621
3 0.849077 0.539407 0.0630686 0.0400719
2 0.114791 0.225438 0.0567647 0.0278032
5 0.476326 0.305507 0.159842 0.0953423
0 0.293099 0.289708 0.0346023 0.027828
3 0.295388 0.308112 0.0294342 0.0242093
0 0.60633 0.335062 0.0321115 0.0406756
3 0.666194 0.384534 0.0451363 0.0317647
0 0.358582 0.252101 0.0168883 0.0196682
2 0.240507 0.225525 0.0680232 0.031808
5 0.131536 0.141467 0.043561 0.0281704
0 0.722189 0.391234 0.0428094 0.0351212
2 0.133917 0.18939 0.037061 0.0233869
