2 0.693549 0.442933 0.173811 0.0753662
7 0.589697 0.364437 0.176252 0.114936
2 0.3591 0.301884 0.102559 0.0461868
2 0.446064 0.33946 0.112431 0.0551063
0 0.808422 0.488954 0.0568288 0.0614649
2 0.319177 0.261408 0.0806234 0.0383466
3 0.195684 0.428651 0.0498216 0.0464655
0 0.193298 0.407 0.0511183 0.0559389
3 0.809866 0.512394 0.0564526 0.0453249
5 0.110211 0.273279 0.136701 0.117705
0 0.329353 0.331484 0.0333569 0.0394746
0 0.967066 0.51304 0.06415 0.0690439
3 0.721273 0.37593 0.0357598 0.0410427
3 0.329603 0.336645 0.0315565 0.0384084
5 0.257057 0.207872 0.0835419 0.048429
2 0.29351 0.237479 0.0698274 0.0221376
3 0.436803 0.263085 0.0326387 0.0237791
3 0.982144 0.578918 0.0357112 0.0514343
2 0.256841 0.221855 0.0804333 0.0279538
3 0.015634 0.500691 0.0312679 0.0548747
0 0.794399 0.356187 0.0248172 0.0347898
2 0.0998814 0.209272 0.0539458 0.0168693
2 0.138955 0.203992 0.0452882 0.0184821
0 0.523958 0.264341 0.0247308 0.0375172
0 0.25879 0.260504 0.0405175 0.0394558
3 0.965062 0.531784 0.0694767 0.0538425
0 0.743984 0.351421 0.0299316 0.0424565
3 0.977724 0.567657 0.0445523 0.0745174
3 0.964883 0.519711 0.0696431 0.0779488
3 0.32984 0.343534 0.0310034 0.0269396
2 0.693549 0.442933 0.173811 0.0753662
7 0.589697 0.364437 0.176252 0.114936
2 0.3591 0.301884 0.102559 0.0461868
2 0.446064 0.33946 0.112431 0.0551063
0 0.808422 0.488954 0.0568288 0.0614649
2 0.319177 0.261408 0.0806234 0.0383466
3 0.195684 0.428651 0.0498216 0.0464655
0 0.193298 0.407 0.0511183 0.0559389
3 0.809866 0.512394 0.0564526 0.0453249
5 0.110211 0.273279 0.136701 0.117705
0 0.329353 0.331484 0.0333569 0.0394746
0 0.967066 0.51304 0.06415 0.0690439
3 0.721273 0.37593 0.0357598 0.0410427
3 0.329603 0.336645 0.0315565 0.0384084
5 0.257057 0.207872 0.0835419 0.048429
2 0.29351 0.237479 0.0698274 0.0221376
3 0.436803 0.263085 0.0326387 0.0237791
3 0.982144 0.578918 0.0357112 0.0514343
2 0.256841 0.221855 0.0804333 0.0279538
3 0.015634 0.500691 0.0312679 0.0548747
0 0.794399 0.356187 0.0248172 0.0347898
2 0.0998814 0.209272 0.0539458 0.0168693
2 0.138955 0.203992 0.0452882 0.0184821
0 0.523958 0.264341 0.0247308 0.0375172
0 0.25879 0.260504 0.0405175 0.0394558
3 0.965062 0.531784 0.0694767 0.0538425
0 0.743984 0.351421 0.0299316 0.0424565
3 0.977724 0.567657 0.0445523 0.0745174
3 0.964883 0.519711 0.0696431 0.0779488
3 0.32984 0.343534 0.0310034 0.0269396
2 0.693549 0.442933 0.173811 0.0753662
7 0.589697 0.364437 0.176252 0.114936
2 0.3591 0.301884 0.102559 0.0461868
2 0.446064 0.33946 0.112431 0.0551063
0 0.808422 0.488954 0.0568288 0.0614649
2 0.319177 0.261408 0.0806234 0.0383466
3 0.195684 0.428651 0.0498216 0.0464655
0 0.193298 0.407 0.0511183 0.0559389
3 0.809866 0.512394 0.0564526 0.0453249
5 0.110211 0.273279 0.136701 0.117705
0 0.329353 0.331484 0.0333569 0.0394746
0 0.967066 0.51304 0.06415 0.0690439
3 0.721273 0.37593 0.0357598 0.0410427
3 0.329603 0.336645 0.0315565 0.0384084
5 0.257057 0.207872 0.0835419 0.048429
2 0.29351 0.237479 0.0698274 0.0221376
3 0.436803 0.263085 0.0326387 0.0237791
3 0.982144 0.578918 0.0357112 0.0514343
2 0.256841 0.221855 0.0804333 0.0279538
3 0.015634 0.500691 0.0312679 0.0548747
0 0.794399 0.356187 0.0248172 0.0347898
2 0.0998814 0.209272 0.0539458 0.0168693
2 0.138955 0.203992 0.0452882 0.0184821
0 0.523958 0.264341 0.0247308 0.0375172
0 0.25879 0.260504 0.0405175 0.0394558
3 0.965062 0.531784 0.0694767 0.0538425
0 0.743984 0.351421 0.0299316 0.0424565
3 0.977724 0.567657 0.0445523 0.0745174
3 0.964883 0.519711 0.0696431 0.0779488
3 0.32984 0.343534 0.0310034 0.0269396
2 0.693549 0.442933 0.173811 0.0753662
7 0.589697 0.364437 0.176252 0.114936
2 0.3591 0.301884 0.102559 0.0461868
2 0.446064 0.33946 0.112431 0.0551063
0 0.808422 0.488954 0.0568288 0.0614649
2 0.319177 0.261408 0.0806234 0.0383466
3 0.195684 0.428651 0.0498216 0.0464655
0 0.193298 0.407 0.0511183 0.0559389
3 0.809866 0.512394 0.0564526 0.0453249
5 0.110211 0.273279 0.136701 0.117705
0 0.329353 0.331484 0.0333569 0.0394746
0 0.967066 0.51304 0.06415 0.0690439
3 0.721273 0.37593 0.0357598 0.0410427
3 0.329603 0.336645 0.0315565 0.0384084
5 0.257057 0.207872 0.0835419 0.048429
2 0.29351 0.237479 0.0698274 0.0221376
3 0.436803 0.263085 0.0326387 0.0237791
3 0.982144 0.578918 0.0357112 0.0514343
2 0.256841 0.221855 0.0804333 0.0279538
3 0.015634 0.500691 0.0312679 0.0548747
0 0.794399 0.356187 0.0248172 0.0347898
2 0.0998814 0.209272 0.0539458 0.0168693
2 0.138955 0.203992 0.0452882 0.0184821
0 0.523958 0.264341 0.0247308 0.0375172
0 0.25879 0.260504 0.0405175 0.0394558
3 0.965062 0.531784 0.0694767 0.0538425
0 0.743984 0.351421 0.0299316 0.0424565
3 0.977724 0.567657 0.0445523 0.0745174
3 0.964883 0.519711 0.0696431 0.0779488
3 0.32984 0.343534 0.0310034 0.0269396
2 0.693549 0.442933 0.173811 0.0753662
7 0.589697 0.364437 0.176252 0.114936
2 0.3591 0.301884 0.102559 0.0461868
2 0.446064 0.33946 0.112431 0.0551063
0 0.808422 0.488954 0.0568288 0.0614649
2 0.319177 0.261408 0.0806234 0.0383466
3 0.195684 0.428651 0.0498216 0.0464655
0 0.193298 0.407 0.0511183 0.0559389
3 0.809866 0.512394 0.0564526 0.0453249
5 0.110211 0.273279 0.136701 0.117705
0 0.329353 0.331484 0.0333569 0.0394746
0 0.967066 0.51304 0.06415 0.0690439
3 0.721273 0.37593 0.0357598 0.0410427
3 0.329603 0.336645 0.0315565 0.0384084
5 0.257057 0.207872 0.0835419 0.048429
2 0.29351 0.237479 0.0698274 0.0221376
3 0.436803 0.263085 0.0326387 0.0237791
3 0.982144 0.578918 0.0357112 0.0514343
2 0.256841 0.221855 0.0804333 0.0279538
3 0.015634 0.500691 0.0312679 0.0548747
0 0.794399 0.356187 0.0248172 0.0347898
2 0.0998814 0.209272 0.0539458 0.0168693
2 0.138955 0.203992 0.0452882 0.0184821
0 0.523958 0.264341 0.0247308 0.0375172
0 0.25879 0.260504 0.0405175 0.0394558
3 0.965062 0.531784 0.0694767 0.0538425
0 0.743984 0.351421 0.0299316 0.0424565
3 0.977724 0.567657 0.0445523 0.0745174
3 0.964883 0.519711 0.0696431 0.0779488
3 0.32984 0.343534 0.0310034 0.0269396
2 0.693549 0.442933 0.173811 0.0753662
7 0.589697 0.364437 0.176252 0.114936
2 0.3591 0.301884 0.102559 0.0461868
2 0.446064 0.33946 0.112431 0.0551063
0 0.808422 0.488954 0.0568288 0.0614649
2 0.319177 0.261408 0.0806234 0.0383466
3 0.195684 0.428651 0.0498216 0.0464655
0 0.193298 0.407 0.0511183 0.0559389
3 0.809866 0.512394 0.0564526 0.0453249
5 0.110211 0.273279 0.136701 0.117705
0 0.329353 0.331484 0.0333569 0.0394746
0 0.967066 0.51304 0.06415 0.0690439
3 0.721273 0.37593 0.0357598 0.0410427
3 0.329603 0.336645 0.0315565 0.0384084
5 0.257057 0.207872 0.0835419 0.048429
2 0.29351 0.237479 0.0698274 0.0221376
3 0.436803 0.263085 0.0326387 0.0237791
3 0.982144 0.578918 0.0357112 0.0514343
2 0.256841 0.221855 0.0804333 0.0279538
3 0.015634 0.500691 0.0312679 0.0548747
0 0.794399 0.356187 0.0248172 0.0347898
2 0.0998814 0.209272 0.0539458 0.0168693
2 0.138955 0.203992 0.0452882 0.0184821
0 0.523958 0.264341 0.0247308 0.0375172
0 0.25879 0.260504 0.0405175 0.0394558
3 0.965062 0.531784 0.0694767 0.0538425
0 0.743984 0.351421 0.0299316 0.0424565
3 0.977724 0.567657 0.0445523 0.0745174
3 0.964883 0.519711 0.0696431 0.0779488
3 0.32984 0.343534 0.0310034 0.0269396
2 0.693549 0.442933 0.173811 0.0753662
7 0.589697 0.364437 0.176252 0.114936
2 0.3591 0.301884 0.102559 0.0461868
2 0.446064 0.33946 0.112431 0.0551063
0 0.808422 0.488954 0.0568288 0.0614649
2 0.319177 0.261408 0.0806234 0.0383466
3 0.195684 0.428651 0.0498216 0.0464655
0 0.193298 0.407 0.0511183 0.0559389
3 0.809866 0.512394 0.0564526 0.0453249
5 0.110211 0.273279 0.136701 0.117705
0 0.329353 0.331484 0.0333569 0.0394746
0 0.967066 0.51304 0.06415 0.0690439
3 0.721273 0.37593 0.0357598 0.0410427
3 0.329603 0.336645 0.0315565 0.0384084
5 0.257057 0.207872 0.0835419 0.048429
2 0.29351 0.237479 0.0698274 0.0221376
3 0.436803 0.263085 0.0326387 0.0237791
3 0.982144 0.578918 0.0357112 0.0514343
2 0.256841 0.221855 0.0804333 0.0279538
3 0.015634 0.500691 0.0312679 0.0548747
0 0.794399 0.356187 0.0248172 0.0347898
2 0.0998814 0.209272 0.0539458 0.0168693
2 0.138955 0.203992 0.0452882 0.0184821
0 0.523958 0.264341 0.0247308 0.0375172
0 0.25879 0.260504 0.0405175 0.0394558
3 0.965062 0.531784 0.0694767 0.0538425
0 0.743984 0.351421 0.0299316 0.0424565
3 0.977724 0.567657 0.0445523 0.0745174
3 0.964883 0.519711 0.0696431 0.0779488
3 0.32984 0.343534 0.0310034 0.0269396
2 0.693549 0.442933 0.173811 0.0753662
7 0.589697 0.364437 0.176252 0.114936
2 0.3591 0.301884 0.102559 0.0461868
2 0.446064 0.33946 0.112431 0.0551063
0 0.808422 0.488954 0.0568288 0.0614649
2 0.319177 0.261408 0.0806234 0.0383466
3 0.195684 0.428651 0.0498216 0.0464655
0 0.193298 0.407 0.0511183 0.0559389
3 0.809866 0.512394 0.0564526 0.0453249
5 0.110211 0.273279 0.136701 0.117705
0 0.329353 0.331484 0.0333569 0.0394746
0 0.967066 0.51304 0.06415 0.0690439
3 0.721273 0.37593 0.0357598 0.0410427
3 0.329603 0.336645 0.0315565 0.0384084
5 0.257057 0.207872 0.0835419 0.048429
2 0.29351 0.237479 0.0698274 0.0221376
3 0.436803 0.263085 0.0326387 0.0237791
3 0.982144 0.578918 0.0357112 0.0514343
2 0.256841 0.221855 0.0804333 0.0279538
3 0.015634 0.500691 0.0312679 0.0548747
0 0.794399 0.356187 0.0248172 0.0347898
2 0.0998814 0.209272 0.0539458 0.0168693
2 0.138955 0.203992 0.0452882 0.0184821
0 0.523958 0.264341 0.0247308 0.0375172
0 0.25879 0.260504 0.0405175 0.0394558
3 0.965062 0.531784 0.0694767 0.0538425
0 0.743984 0.351421 0.0299316 0.0424565
3 0.977724 0.567657 0.0445523 0.0745174
3 0.964883 0.519711 0.0696431 0.0779488
3 0.32984 0.343534 0.0310034 0.0269396
2 0.693549 0.442933 0.173811 0.0753662
7 0.589697 0.364437 0.176252 0.114936
2 0.3591 0.301884 0.102559 0.0461868
2 0.446064 0.33946 0.112431 0.0551063
0 0.808422 0.488954 0.0568288 0.0614649
2 0.319177 0.261408 0.0806234 0.0383466
3 0.195684 0.428651 0.0498216 0.0464655
0 0.193298 0.407 0.0511183 0.0559389
3 0.809866 0.512394 0.0564526 0.0453249
5 0.110211 0.273279 0.136701 0.117705
0 0.329353 0.331484 0.0333569 0.0394746
0 0.967066 0.51304 0.06415 0.0690439
3 0.721273 0.37593 0.0357598 0.0410427
3 0.329603 0.336645 0.0315565 0.0384084
5 0.257057 0.207872 0.0835419 0.048429
2 0.29351 0.237479 0.0698274 0.0221376
3 0.436803 0.263085 0.0326387 0.0237791
3 0.982144 0.578918 0.0357112 0.0514343
2 0.256841 0.221855 0.0804333 0.0279538
3 0.015634 0.500691 0.0312679 0.0548747
0 0.794399 0.356187 0.0248172 0.0347898
2 0.0998814 0.209272 0.0539458 0.0168693
2 0.138955 0.203992 0.0452882 0.0184821
0 0.523958 0.264341 0.0247308 0.0375172
0 0.25879 0.260504 0.0405175 0.0394558
3 0.965062 0.531784 0.0694767 0.0538425
0 0.743984 0.351421 0.0299316 0.0424565
3 0.977724 0.567657 0.0445523 0.0745174
3 0.964883 0.519711 0.0696431 0.0779488
3 0.32984 0.343534 0.0310034 0.0269396
2 0.693549 0.442933 0.173811 0.0753662
7 0.589697 0.364437 0.176252 0.114936
2 0.3591 0.301884 0.102559 0.0461868
2 0.446064 0.33946 0.112431 0.0551063
0 0.808422 0.488954 0.0568288 0.0614649
2 0.319177 0.261408 0.0806234 0.0383466
3 0.195684 0.428651 0.0498216 0.0464655
0 0.193298 0.407 0.0511183 0.0559389
3 0.809866 0.512394 0.0564526 0.0453249
5 0.110211 0.273279 0.136701 0.117705
0 0.329353 0.331484 0.0333569 0.0394746
0 0.967066 0.51304 0.06415 0.0690439
3 0.721273 0.37593 0.0357598 0.0410427
3 0.329603 0.336645 0.0315565 0.0384084
5 0.257057 0.207872 0.0835419 0.048429
2 0.29351 0.237479 0.0698274 0.0221376
3 0.436803 0.263085 0.0326387 0.0237791
3 0.982144 0.578918 0.0357112 0.0514343
2 0.256841 0.221855 0.0804333 0.0279538
3 0.015634 0.500691 0.0312679 0.0548747
0 0.794399 0.356187 0.0248172 0.0347898
2 0.0998814 0.209272 0.0539458 0.0168693
2 0.138955 0.203992 0.0452882 0.0184821
0 0.523958 0.264341 0.0247308 0.0375172
0 0.25879 0.260504 0.0405175 0.0394558
3 0.965062 0.531784 0.0694767 0.0538425
0 0.743984 0.351421 0.0299316 0.0424565
3 0.977724 0.567657 0.0445523 0.0745174
3 0.964883 0.519711 0.0696431 0.0779488
3 0.32984 0.343534 0.0310034 0.0269396
2 0.693549 0.442933 0.173811 0.0753662
7 0.589697 0.364437 0.176252 0.114936
2 0.3591 0.301884 0.102559 0.0461868
2 0.446064 0.33946 0.112431 0.0551063
0 0.808422 0.488954 0.0568288 0.0614649
2 0.319177 0.261408 0.0806234 0.0383466
3 0.195684 0.428651 0.0498216 0.0464655
0 0.193298 0.407 0.0511183 0.0559389
3 0.809866 0.512394 0.0564526 0.0453249
5 0.110211 0.273279 0.136701 0.117705
0 0.329353 0.331484 0.0333569 0.0394746
0 0.967066 0.51304 0.06415 0.0690439
3 0.721273 0.37593 0.0357598 0.0410427
3 0.329603 0.336645 0.0315565 0.0384084
5 0.257057 0.207872 0.0835419 0.048429
2 0.29351 0.237479 0.0698274 0.0221376
3 0.436803 0.263085 0.0326387 0.0237791
3 0.982144 0.578918 0.0357112 0.0514343
2 0.256841 0.221855 0.0804333 0.0279538
3 0.015634 0.500691 0.0312679 0.0548747
0 0.794399 0.356187 0.0248172 0.0347898
2 0.0998814 0.209272 0.0539458 0.0168693
2 0.138955 0.203992 0.0452882 0.0184821
0 0.523958 0.264341 0.0247308 0.0375172
0 0.25879 0.260504 0.0405175 0.0394558
3 0.965062 0.531784 0.0694767 0.0538425
0 0.743984 0.351421 0.0299316 0.0424565
3 0.977724 0.567657 0.0445523 0.0745174
3 0.964883 0.519711 0.0696431 0.0779488
3 0.32984 0.343534 0.0310034 0.0269396
2 0.693549 0.442933 0.173811 0.0753662
7 0.589697 0.364437 0.176252 0.114936
2 0.3591 0.301884 0.102559 0.0461868
2 0.446064 0.33946 0.112431 0.0551063
0 0.808422 0.488954 0.0568288 0.0614649
2 0.319177 0.261408 0.0806234 0.0383466
3 0.195684 0.428651 0.0498216 0.0464655
0 0.193298 0.407 0.0511183 0.0559389
3 0.809866 0.512394 0.0564526 0.0453249
5 0.110211 0.273279 0.136701 0.117705
0 0.329353 0.331484 0.0333569 0.0394746
0 0.967066 0.51304 0.06415 0.0690439
3 0.721273 0.37593 0.0357598 0.0410427
3 0.329603 0.336645 0.0315565 0.0384084
5 0.257057 0.207872 0.0835419 0.048429
2 0.29351 0.237479 0.0698274 0.0221376
3 0.436803 0.263085 0.0326387 0.0237791
3 0.982144 0.578918 0.0357112 0.0514343
2 0.256841 0.221855 0.0804333 0.0279538
3 0.015634 0.500691 0.0312679 0.0548747
0 0.794399 0.356187 0.0248172 0.0347898
2 0.0998814 0.209272 0.0539458 0.0168693
2 0.138955 0.203992 0.0452882 0.0184821
0 0.523958 0.264341 0.0247308 0.0375172
0 0.25879 0.260504 0.0405175 0.0394558
3 0.965062 0.531784 0.0694767 0.0538425
0 0.743984 0.351421 0.0299316 0.0424565
3 0.977724 0.567657 0.0445523 0.0745174
3 0.964883 0.519711 0.0696431 0.0779488
3 0.32984 0.343534 0.0310034 0.0269396
2 0.693549 0.442933 0.173811 0.0753662
7 0.589697 0.364437 0.176252 0.114936
2 0.3591 0.301884 0.102559 0.0461868
2 0.446064 0.33946 0.112431 0.0551063
0 0.808422 0.488954 0.0568288 0.0614649
2 0.319177 0.261408 0.0806234 0.0383466
3 0.195684 0.428651 0.0498216 0.0464655
0 0.193298 0.407 0.0511183 0.0559389
3 0.809866 0.512394 0.0564526 0.0453249
5 0.110211 0.273279 0.136701 0.117705
0 0.329353 0.331484 0.0333569 0.0394746
0 0.967066 0.51304 0.06415 0.0690439
3 0.721273 0.37593 0.0357598 0.0410427
3 0.329603 0.336645 0.0315565 0.0384084
5 0.257057 0.207872 0.0835419 0.048429
2 0.29351 0.237479 0.0698274 0.0221376
3 0.436803 0.263085 0.0326387 0.0237791
3 0.982144 0.578918 0.0357112 0.0514343
2 0.256841 0.221855 0.0804333 0.0279538
3 0.015634 0.500691 0.0312679 0.0548747
0 0.794399 0.356187 0.0248172 0.0347898
2 0.0998814 0.209272 0.0539458 0.0168693
2 0.138955 0.203992 0.0452882 0.0184821
0 0.523958 0.264341 0.0247308 0.0375172
0 0.25879 0.260504 0.0405175 0.0394558
3 0.965062 0.531784 0.0694767 0.0538425
0 0.743984 0.351421 0.0299316 0.0424565
3 0.977724 0.567657 0.0445523 0.0745174
3 0.964883 0.519711 0.0696431 0.0779488
3 0.32984 0.343534 0.0310034 0.0269396
5 0.11006 0.272068 0.137157 0.114253
2 0.693448 0.443975 0.174739 0.0763428
2 0.446623 0.33954 0.11215 0.0536374
2 0.358365 0.302923 0.102444 0.0477011
7 0.589785 0.364644 0.177449 0.11519
2 0.318822 0.261524 0.0798242 0.037999
0 0.807961 0.488996 0.0563836 0.061787
5 0.257685 0.205789 0.0802649 0.0530167
3 0.195533 0.427269 0.052023 0.0470392
0 0.194548 0.408643 0.053534 0.0558403
3 0.982003 0.578749 0.0351878 0.049334
3 0.963747 0.528988 0.0706801 0.0586551
0 0.970536 0.510418 0.0582733 0.0641735
3 0.811142 0.513618 0.0504825 0.0425371
2 0.296263 0.240803 0.0700612 0.0262545
3 0.722493 0.377443 0.0379991 0.0410494
5 0.11006 0.272068 0.137157 0.114253
2 0.693448 0.443975 0.174739 0.0763428
2 0.446623 0.33954 0.11215 0.0536374
2 0.358365 0.302923 0.102444 0.0477011
7 0.589785 0.364644 0.177449 0.11519
2 0.318822 0.261524 0.0798242 0.037999
0 0.807961 0.488996 0.0563836 0.061787
5 0.257685 0.205789 0.0802649 0.0530167
3 0.195533 0.427269 0.052023 0.0470392
0 0.194548 0.408643 0.053534 0.0558403
3 0.982003 0.578749 0.0351878 0.049334
3 0.963747 0.528988 0.0706801 0.0586551
0 0.970536 0.510418 0.0582733 0.0641735
3 0.811142 0.513618 0.0504825 0.0425371
2 0.296263 0.240803 0.0700612 0.0262545
3 0.722493 0.377443 0.0379991 0.0410494
