2 0.804133 0.499216 0.217671 0.0909396
7 0.612245 0.385683 0.192874 0.12427
2 0.381492 0.323825 0.111079 0.050907
2 0.466018 0.360605 0.116702 0.0567384
0 0.536974 0.485712 0.055001 0.0589191
7 0.106342 0.265502 0.129977 0.0965822
3 0.1326 0.365324 0.0436333 0.038402
3 0.355362 0.374456 0.0377376 0.0278965
0 0.0805632 0.421812 0.0526392 0.0501704
0 0.131771 0.347906 0.0428639 0.045894
3 0.543726 0.507112 0.0526947 0.0489131
0 0.35446 0.356012 0.0366276 0.040854
3 0.0828903 0.438042 0.0562958 0.0520149
5 0.273044 0.214556 0.10464 0.0597291
2 0.335101 0.26885 0.0958884 0.0581614
3 0.419568 0.276656 0.0356942 0.0217679
3 0.721636 0.378376 0.0336348 0.0388089
5 0.106641 0.265592 0.130597 0.0974509
7 0.276023 0.215705 0.0979533 0.0580071
2 0.33841 0.277321 0.0921817 0.0429326
3 0.423584 0.271843 0.0288834 0.031209
2 0.331914 0.255658 0.0875388 0.0320214
0 0.796272 0.3586 0.0260401 0.0341645
0 0.404793 0.257898 0.0251192 0.0277748
2 0.105554 0.206398 0.0642155 0.0236107
0 0.355141 0.367433 0.0397642 0.0449089
3 0.446763 0.262607 0.022071 0.0229306
0 0.528004 0.266867 0.0244478 0.035467
0 0.745956 0.354506 0.0334322 0.0446156
2 0.128654 0.194123 0.0430745 0.0196738
2 0.804133 0.499216 0.217671 0.0909396
7 0.612245 0.385683 0.192874 0.12427
2 0.381492 0.323825 0.111079 0.050907
2 0.466018 0.360605 0.116702 0.0567384
0 0.536974 0.485712 0.055001 0.0589191
7 0.106342 0.265502 0.129977 0.0965822
3 0.1326 0.365324 0.0436333 0.038402
3 0.355362 0.374456 0.0377376 0.0278965
0 0.0805632 0.421812 0.0526392 0.0501704
0 0.131771 0.347906 0.0428639 0.045894
3 0.543726 0.507112 0.0526947 0.0489131
0 0.35446 0.356012 0.0366276 0.040854
3 0.0828903 0.438042 0.0562958 0.0520149
5 0.273044 0.214556 0.10464 0.0597291
2 0.335101 0.26885 0.0958884 0.0581614
3 0.419568 0.276656 0.0356942 0.0217679
3 0.721636 0.378376 0.0336348 0.0388089
5 0.106641 0.265592 0.130597 0.0974509
7 0.276023 0.215705 0.0979533 0.0580071
2 0.33841 0.277321 0.0921817 0.0429326
3 0.423584 0.271843 0.0288834 0.031209
2 0.331914 0.255658 0.0875388 0.0320214
0 0.796272 0.3586 0.0260401 0.0341645
0 0.404793 0.257898 0.0251192 0.0277748
2 0.105554 0.206398 0.0642155 0.0236107
0 0.355141 0.367433 0.0397642 0.0449089
3 0.446763 0.262607 0.022071 0.0229306
0 0.528004 0.266867 0.0244478 0.035467
0 0.745956 0.354506 0.0334322 0.0446156
2 0.128654 0.194123 0.0430745 0.0196738
2 0.804133 0.499216 0.217671 0.0909396
7 0.612245 0.385683 0.192874 0.12427
2 0.381492 0.323825 0.111079 0.050907
2 0.466018 0.360605 0.116702 0.0567384
0 0.536974 0.485712 0.055001 0.0589191
7 0.106342 0.265502 0.129977 0.0965822
3 0.1326 0.365324 0.0436333 0.038402
3 0.355362 0.374456 0.0377376 0.0278965
0 0.0805632 0.421812 0.0526392 0.0501704
0 0.131771 0.347906 0.0428639 0.045894
3 0.543726 0.507112 0.0526947 0.0489131
0 0.35446 0.356012 0.0366276 0.040854
3 0.0828903 0.438042 0.0562958 0.0520149
5 0.273044 0.214556 0.10464 0.0597291
2 0.335101 0.26885 0.0958884 0.0581614
3 0.419568 0.276656 0.0356942 0.0217679
3 0.721636 0.378376 0.0336348 0.0388089
5 0.106641 0.265592 0.130597 0.0974509
7 0.276023 0.215705 0.0979533 0.0580071
2 0.33841 0.277321 0.0921817 0.0429326
3 0.423584 0.271843 0.0288834 0.031209
2 0.331914 0.255658 0.0875388 0.0320214
0 0.796272 0.3586 0.0260401 0.0341645
0 0.404793 0.257898 0.0251192 0.0277748
2 0.105554 0.206398 0.0642155 0.0236107
0 0.355141 0.367433 0.0397642 0.0449089
3 0.446763 0.262607 0.022071 0.0229306
0 0.528004 0.266867 0.0244478 0.035467
0 0.745956 0.354506 0.0334322 0.0446156
2 0.128654 0.194123 0.0430745 0.0196738
2 0.804133 0.499216 0.217671 0.0909396
7 0.612245 0.385683 0.192874 0.12427
2 0.381492 0.323825 0.111079 0.050907
2 0.466018 0.360605 0.116702 0.0567384
0 0.536974 0.485712 0.055001 0.0589191
7 0.106342 0.265502 0.129977 0.0965822
3 0.1326 0.365324 0.0436333 0.038402
3 0.355362 0.374456 0.0377376 0.0278965
0 0.0805632 0.421812 0.0526392 0.0501704
0 0.131771 0.347906 0.0428639 0.045894
3 0.543726 0.507112 0.0526947 0.0489131
0 0.35446 0.356012 0.0366276 0.040854
3 0.0828903 0.438042 0.0562958 0.0520149
5 0.273044 0.214556 0.10464 0.0597291
2 0.335101 0.26885 0.0958884 0.0581614
3 0.419568 0.276656 0.0356942 0.0217679
3 0.721636 0.378376 0.0336348 0.0388089
5 0.106641 0.265592 0.130597 0.0974509
7 0.276023 0.215705 0.0979533 0.0580071
2 0.33841 0.277321 0.0921817 0.0429326
3 0.423584 0.271843 0.0288834 0.031209
2 0.331914 0.255658 0.0875388 0.0320214
0 0.796272 0.3586 0.0260401 0.0341645
0 0.404793 0.257898 0.0251192 0.0277748
2 0.105554 0.206398 0.0642155 0.0236107
0 0.355141 0.367433 0.0397642 0.0449089
3 0.446763 0.262607 0.022071 0.0229306
0 0.528004 0.266867 0.0244478 0.035467
0 0.745956 0.354506 0.0334322 0.0446156
2 0.128654 0.194123 0.0430745 0.0196738
2 0.804133 0.499216 0.217671 0.0909396
7 0.612245 0.385683 0.192874 0.12427
2 0.381492 0.323825 0.111079 0.050907
2 0.466018 0.360605 0.116702 0.0567384
0 0.536974 0.485712 0.055001 0.0589191
7 0.106342 0.265502 0.129977 0.0965822
3 0.1326 0.365324 0.0436333 0.038402
3 0.355362 0.374456 0.0377376 0.0278965
0 0.0805632 0.421812 0.0526392 0.0501704
0 0.131771 0.347906 0.0428639 0.045894
3 0.543726 0.507112 0.0526947 0.0489131
0 0.35446 0.356012 0.0366276 0.040854
3 0.0828903 0.438042 0.0562958 0.0520149
5 0.273044 0.214556 0.10464 0.0597291
2 0.335101 0.26885 0.0958884 0.0581614
3 0.419568 0.276656 0.0356942 0.0217679
3 0.721636 0.378376 0.0336348 0.0388089
5 0.106641 0.265592 0.130597 0.0974509
7 0.276023 0.215705 0.0979533 0.0580071
2 0.33841 0.277321 0.0921817 0.0429326
3 0.423584 0.271843 0.0288834 0.031209
2 0.331914 0.255658 0.0875388 0.0320214
0 0.796272 0.3586 0.0260401 0.0341645
0 0.404793 0.257898 0.0251192 0.0277748
2 0.105554 0.206398 0.0642155 0.0236107
0 0.355141 0.367433 0.0397642 0.0449089
3 0.446763 0.262607 0.022071 0.0229306
0 0.528004 0.266867 0.0244478 0.035467
0 0.745956 0.354506 0.0334322 0.0446156
2 0.128654 0.194123 0.0430745 0.0196738
2 0.804133 0.499216 0.217671 0.0909396
7 0.612245 0.385683 0.192874 0.12427
2 0.381492 0.323825 0.111079 0.050907
2 0.466018 0.360605 0.116702 0.0567384
0 0.536974 0.485712 0.055001 0.0589191
7 0.106342 0.265502 0.129977 0.0965822
3 0.1326 0.365324 0.0436333 0.038402
3 0.355362 0.374456 0.0377376 0.0278965
0 0.0805632 0.421812 0.0526392 0.0501704
0 0.131771 0.347906 0.0428639 0.045894
3 0.543726 0.507112 0.0526947 0.0489131
0 0.35446 0.356012 0.0366276 0.040854
3 0.0828903 0.438042 0.0562958 0.0520149
5 0.273044 0.214556 0.10464 0.0597291
2 0.335101 0.26885 0.0958884 0.0581614
3 0.419568 0.276656 0.0356942 0.0217679
3 0.721636 0.378376 0.0336348 0.0388089
5 0.106641 0.265592 0.130597 0.0974509
7 0.276023 0.215705 0.0979533 0.0580071
2 0.33841 0.277321 0.0921817 0.0429326
3 0.423584 0.271843 0.0288834 0.031209
2 0.331914 0.255658 0.0875388 0.0320214
0 0.796272 0.3586 0.0260401 0.0341645
0 0.404793 0.257898 0.0251192 0.0277748
2 0.105554 0.206398 0.0642155 0.0236107
0 0.355141 0.367433 0.0397642 0.0449089
3 0.446763 0.262607 0.022071 0.0229306
0 0.528004 0.266867 0.0244478 0.035467
0 0.745956 0.354506 0.0334322 0.0446156
2 0.128654 0.194123 0.0430745 0.0196738
2 0.804133 0.499216 0.217671 0.0909396
7 0.612245 0.385683 0.192874 0.12427
2 0.381492 0.323825 0.111079 0.050907
2 0.466018 0.360605 0.116702 0.0567384
0 0.536974 0.485712 0.055001 0.0589191
7 0.106342 0.265502 0.129977 0.0965822
3 0.1326 0.365324 0.0436333 0.038402
3 0.355362 0.374456 0.0377376 0.0278965
0 0.0805632 0.421812 0.0526392 0.0501704
0 0.131771 0.347906 0.0428639 0.045894
3 0.543726 0.507112 0.0526947 0.0489131
0 0.35446 0.356012 0.0366276 0.040854
3 0.0828903 0.438042 0.0562958 0.0520149
5 0.273044 0.214556 0.10464 0.0597291
2 0.335101 0.26885 0.0958884 0.0581614
3 0.419568 0.276656 0.0356942 0.0217679
3 0.721636 0.378376 0.0336348 0.0388089
5 0.106641 0.265592 0.130597 0.0974509
7 0.276023 0.215705 0.0979533 0.0580071
2 0.33841 0.277321 0.0921817 0.0429326
3 0.423584 0.271843 0.0288834 0.031209
2 0.331914 0.255658 0.0875388 0.0320214
0 0.796272 0.3586 0.0260401 0.0341645
0 0.404793 0.257898 0.0251192 0.0277748
2 0.105554 0.206398 0.0642155 0.0236107
0 0.355141 0.367433 0.0397642 0.0449089
3 0.446763 0.262607 0.022071 0.0229306
0 0.528004 0.266867 0.0244478 0.035467
0 0.745956 0.354506 0.0334322 0.0446156
2 0.128654 0.194123 0.0430745 0.0196738
2 0.804133 0.499216 0.217671 0.0909396
7 0.612245 0.385683 0.192874 0.12427
2 0.381492 0.323825 0.111079 0.050907
2 0.466018 0.360605 0.116702 0.0567384
0 0.536974 0.485712 0.055001 0.0589191
7 0.106342 0.265502 0.129977 0.0965822
3 0.1326 0.365324 0.0436333 0.038402
3 0.355362 0.374456 0.0377376 0.0278965
0 0.0805632 0.421812 0.0526392 0.0501704
0 0.131771 0.347906 0.0428639 0.045894
3 0.543726 0.507112 0.0526947 0.0489131
0 0.35446 0.356012 0.0366276 0.040854
3 0.0828903 0.438042 0.0562958 0.0520149
5 0.273044 0.214556 0.10464 0.0597291
2 0.335101 0.26885 0.0958884 0.0581614
3 0.419568 0.276656 0.0356942 0.0217679
3 0.721636 0.378376 0.0336348 0.0388089
5 0.106641 0.265592 0.130597 0.0974509
7 0.276023 0.215705 0.0979533 0.0580071
2 0.33841 0.277321 0.0921817 0.0429326
3 0.423584 0.271843 0.0288834 0.031209
2 0.331914 0.255658 0.0875388 0.0320214
0 0.796272 0.3586 0.0260401 0.0341645
0 0.404793 0.257898 0.0251192 0.0277748
2 0.105554 0.206398 0.0642155 0.0236107
0 0.355141 0.367433 0.0397642 0.0449089
3 0.446763 0.262607 0.022071 0.0229306
0 0.528004 0.266867 0.0244478 0.035467
0 0.745956 0.354506 0.0334322 0.0446156
2 0.128654 0.194123 0.0430745 0.0196738
2 0.804133 0.499216 0.217671 0.0909396
7 0.612245 0.385683 0.192874 0.12427
2 0.381492 0.323825 0.111079 0.050907
2 0.466018 0.360605 0.116702 0.0567384
0 0.536974 0.485712 0.055001 0.0589191
7 0.106342 0.265502 0.129977 0.0965822
3 0.1326 0.365324 0.0436333 0.038402
3 0.355362 0.374456 0.0377376 0.0278965
0 0.0805632 0.421812 0.0526392 0.0501704
0 0.131771 0.347906 0.0428639 0.045894
3 0.543726 0.507112 0.0526947 0.0489131
0 0.35446 0.356012 0.0366276 0.040854
3 0.0828903 0.438042 0.0562958 0.0520149
5 0.273044 0.214556 0.10464 0.0597291
2 0.335101 0.26885 0.0958884 0.0581614
3 0.419568 0.276656 0.0356942 0.0217679
3 0.721636 0.378376 0.0336348 0.0388089
5 0.106641 0.265592 0.130597 0.0974509
7 0.276023 0.215705 0.0979533 0.0580071
2 0.33841 0.277321 0.0921817 0.0429326
3 0.423584 0.271843 0.0288834 0.031209
2 0.331914 0.255658 0.0875388 0.0320214
0 0.796272 0.3586 0.0260401 0.0341645
0 0.404793 0.257898 0.0251192 0.0277748
2 0.105554 0.206398 0.0642155 0.0236107
0 0.355141 0.367433 0.0397642 0.0449089
3 0.446763 0.262607 0.022071 0.0229306
0 0.528004 0.266867 0.0244478 0.035467
0 0.745956 0.354506 0.0334322 0.0446156
2 0.128654 0.194123 0.0430745 0.0196738
2 0.804133 0.499216 0.217671 0.0909396
7 0.612245 0.385683 0.192874 0.12427
2 0.381492 0.323825 0.111079 0.050907
2 0.466018 0.360605 0.116702 0.0567384
0 0.536974 0.485712 0.055001 0.0589191
7 0.106342 0.265502 0.129977 0.0965822
3 0.1326 0.365324 0.0436333 0.038402
3 0.355362 0.374456 0.0377376 0.0278965
0 0.0805632 0.421812 0.0526392 0.0501704
0 0.131771 0.347906 0.0428639 0.045894
3 0.543726 0.507112 0.0526947 0.0489131
0 0.35446 0.356012 0.0366276 0.040854
3 0.0828903 0.438042 0.0562958 0.0520149
5 0.273044 0.214556 0.10464 0.0597291
2 0.335101 0.26885 0.0958884 0.0581614
3 0.419568 0.276656 0.0356942 0.0217679
3 0.721636 0.378376 0.0336348 0.0388089
5 0.106641 0.265592 0.130597 0.0974509
7 0.276023 0.215705 0.0979533 0.0580071
2 0.33841 0.277321 0.0921817 0.0429326
3 0.423584 0.271843 0.0288834 0.031209
2 0.331914 0.255658 0.0875388 0.0320214
0 0.796272 0.3586 0.0260401 0.0341645
0 0.404793 0.257898 0.0251192 0.0277748
2 0.105554 0.206398 0.0642155 0.0236107
0 0.355141 0.367433 0.0397642 0.0449089
3 0.446763 0.262607 0.022071 0.0229306
0 0.528004 0.266867 0.0244478 0.035467
0 0.745956 0.354506 0.0334322 0.0446156
2 0.128654 0.194123 0.0430745 0.0196738
2 0.804133 0.499216 0.217671 0.0909396
7 0.612245 0.385683 0.192874 0.12427
2 0.381492 0.323825 0.111079 0.050907
2 0.466018 0.360605 0.116702 0.0567384
0 0.536974 0.485712 0.055001 0.0589191
7 0.106342 0.265502 0.129977 0.0965822
3 0.1326 0.365324 0.0436333 0.038402
3 0.355362 0.374456 0.0377376 0.0278965
0 0.0805632 0.421812 0.0526392 0.0501704
0 0.131771 0.347906 0.0428639 0.045894
3 0.543726 0.507112 0.0526947 0.0489131
0 0.35446 0.356012 0.0366276 0.040854
3 0.0828903 0.438042 0.0562958 0.0520149
5 0.273044 0.214556 0.10464 0.0597291
2 0.335101 0.26885 0.0958884 0.0581614
3 0.419568 0.276656 0.0356942 0.0217679
3 0.721636 0.378376 0.0336348 0.0388089
5 0.106641 0.265592 0.130597 0.0974509
7 0.276023 0.215705 0.0979533 0.0580071
2 0.33841 0.277321 0.0921817 0.0429326
3 0.423584 0.271843 0.0288834 0.031209
2 0.331914 0.255658 0.0875388 0.0320214
0 0.796272 0.3586 0.0260401 0.0341645
0 0.404793 0.257898 0.0251192 0.0277748
2 0.105554 0.206398 0.0642155 0.0236107
0 0.355141 0.367433 0.0397642 0.0449089
3 0.446763 0.262607 0.022071 0.0229306
0 0.528004 0.266867 0.0244478 0.035467
0 0.745956 0.354506 0.0334322 0.0446156
2 0.128654 0.194123 0.0430745 0.0196738
2 0.804133 0.499216 0.217671 0.0909396
7 0.612245 0.385683 0.192874 0.12427
2 0.381492 0.323825 0.111079 0.050907
2 0.466018 0.360605 0.116702 0.0567384
0 0.536974 0.485712 0.055001 0.0589191
7 0.106342 0.265502 0.129977 0.0965822
3 0.1326 0.365324 0.0436333 0.038402
3 0.355362 0.374456 0.0377376 0.0278965
0 0.0805632 0.421812 0.0526392 0.0501704
0 0.131771 0.347906 0.0428639 0.045894
3 0.543726 0.507112 0.0526947 0.0489131
0 0.35446 0.356012 0.0366276 0.040854
3 0.0828903 0.438042 0.0562958 0.0520149
5 0.273044 0.214556 0.10464 0.0597291
2 0.335101 0.26885 0.0958884 0.0581614
3 0.419568 0.276656 0.0356942 0.0217679
3 0.721636 0.378376 0.0336348 0.0388089
5 0.106641 0.265592 0.130597 0.0974509
7 0.276023 0.215705 0.0979533 0.0580071
2 0.33841 0.277321 0.0921817 0.0429326
3 0.423584 0.271843 0.0288834 0.031209
2 0.331914 0.255658 0.0875388 0.0320214
0 0.796272 0.3586 0.0260401 0.0341645
0 0.404793 0.257898 0.0251192 0.0277748
2 0.105554 0.206398 0.0642155 0.0236107
0 0.355141 0.367433 0.0397642 0.0449089
3 0.446763 0.262607 0.022071 0.0229306
0 0.528004 0.266867 0.0244478 0.035467
0 0.745956 0.354506 0.0334322 0.0446156
2 0.128654 0.194123 0.0430745 0.0196738
2 0.804133 0.499216 0.217671 0.0909396
7 0.612245 0.385683 0.192874 0.12427
2 0.381492 0.323825 0.111079 0.050907
2 0.466018 0.360605 0.116702 0.0567384
0 0.536974 0.485712 0.055001 0.0589191
7 0.106342 0.265502 0.129977 0.0965822
3 0.1326 0.365324 0.0436333 0.038402
3 0.355362 0.374456 0.0377376 0.0278965
0 0.0805632 0.421812 0.0526392 0.0501704
0 0.131771 0.347906 0.0428639 0.045894
3 0.543726 0.507112 0.0526947 0.0489131
0 0.35446 0.356012 0.0366276 0.040854
3 0.0828903 0.438042 0.0562958 0.0520149
5 0.273044 0.214556 0.10464 0.0597291
2 0.335101 0.26885 0.0958884 0.0581614
3 0.419568 0.276656 0.0356942 0.0217679
3 0.721636 0.378376 0.0336348 0.0388089
5 0.106641 0.265592 0.130597 0.0974509
7 0.276023 0.215705 0.0979533 0.0580071
2 0.33841 0.277321 0.0921817 0.0429326
3 0.423584 0.271843 0.0288834 0.031209
2 0.331914 0.255658 0.0875388 0.0320214
0 0.796272 0.3586 0.0260401 0.0341645
0 0.404793 0.257898 0.0251192 0.0277748
2 0.105554 0.206398 0.0642155 0.0236107
0 0.355141 0.367433 0.0397642 0.0449089
3 0.446763 0.262607 0.022071 0.0229306
0 0.528004 0.266867 0.0244478 0.035467
0 0.745956 0.354506 0.0334322 0.0446156
2 0.128654 0.194123 0.0430745 0.0196738
2 0.804076 0.499491 0.217441 0.0903454
5 0.105954 0.264298 0.12763 0.0939515
5 0.273284 0.21345 0.105001 0.0590671
2 0.466805 0.361659 0.115688 0.058206
2 0.380198 0.323541 0.111727 0.0495932
2 0.340195 0.277354 0.0890164 0.0396411
0 0.536802 0.486517 0.055356 0.0604568
7 0.615213 0.387804 0.192433 0.119998
3 0.083888 0.438136 0.0559599 0.0499071
0 0.13249 0.349365 0.0457517 0.049015
3 0.133311 0.364884 0.0426848 0.039625
3 0.547647 0.509458 0.0442819 0.0420898
0 0.353083 0.356547 0.0377012 0.0414363
3 0.355174 0.374462 0.0373094 0.0293545
2 0.327598 0.254198 0.0815633 0.0304711
3 0.421856 0.276662 0.0280621 0.0215165
0 0.0795744 0.422735 0.0513485 0.049829
2 0.804076 0.499491 0.217441 0.0903454
5 0.105954 0.264298 0.12763 0.0939515
5 0.273284 0.21345 0.105001 0.0590671
2 0.466805 0.361659 0.115688 0.058206
2 0.380198 0.323541 0.111727 0.0495932
2 0.340195 0.277354 0.0890164 0.0396411
0 0.536802 0.486517 0.055356 0.0604568
7 0.615213 0.387804 0.192433 0.119998
3 0.083888 0.438136 0.0559599 0.0499071
0 0.13249 0.349365 0.0457517 0.049015
3 0.133311 0.364884 0.0426848 0.039625
3 0.547647 0.509458 0.0442819 0.0420898
0 0.353083 0.356547 0.0377012 0.0414363
3 0.355174 0.374462 0.0373094 0.0293545
2 0.327598 0.254198 0.0815633 0.0304711
3 0.421856 0.276662 0.0280621 0.0215165
0 0.0795744 0.422735 0.0513485 0.049829
