2 0.843545 0.576148 0.311255 0.122952
2 0.646606 0.419119 0.162185 0.0718632
7 0.549758 0.337817 0.169563 0.106214
3 0.34452 0.558624 0.0671968 0.062396
2 0.331091 0.277041 0.0904909 0.0419141
5 0.121604 0.296499 0.160162 0.130175
2 0.140702 0.210521 0.0490894 0.0241335
0 0.762629 0.416301 0.0424267 0.052094
2 0.0982287 0.22197 0.058545 0.023037
2 0.409508 0.31246 0.10509 0.0504891
0 0.346524 0.336769 0.0421867 0.0401958
0 0.804768 0.439341 0.0560316 0.0525141
0 0.343138 0.530376 0.0707052 0.068983
3 0.34799 0.351372 0.0347277 0.0321198
0 0.825622 0.486146 0.0477156 0.0619727
3 0.721052 0.373746 0.0338304 0.0401062
0 0.673515 0.344777 0.0299711 0.0501359
3 0.408956 0.263209 0.0375999 0.030099
3 0.305141 0.302668 0.0306658 0.0403175
2 0.0925325 0.146556 0.0279554 0.0162274
3 0.306325 0.313531 0.0307846 0.0191006
2 0.28537 0.240771 0.075636 0.0343904
0 0.259107 0.253515 0.0396432 0.0309944
0 0.538374 0.266781 0.0248513 0.0379974
0 0.410254 0.258861 0.0390559 0.036707
2 0.277866 0.234682 0.0843966 0.0230977
2 0.112279 0.194698 0.0497433 0.0280074
5 0.239085 0.193926 0.0789815 0.0374072
3 0.441448 0.254857 0.0203515 0.0261113
0 0.303992 0.299874 0.0301338 0.0394177
0 0.764122 0.42618 0.0418515 0.0397198
3 0.703877 0.36958 0.0693349 0.0494591
2 0.229195 0.214908 0.0415493 0.0210221
7 0.240474 0.199762 0.0793787 0.0499927
2 0.112893 0.188142 0.0513379 0.0286106
0 0.74472 0.352233 0.0303012 0.0410972
2 0.140682 0.219676 0.0483274 0.0224849
0 0.00964934 0.244541 0.0192987 0.0327009
2 0.25572 0.222499 0.0538695 0.0165389
0 0.343839 0.51736 0.0648031 0.0402466
3 0.808448 0.468251 0.034789 0.0412661
0 0.8085 0.480725 0.0247786 0.053282
2 0.255907 0.231244 0.0474177 0.0230481
2 0.238819 0.215354 0.0575092 0.0262647
3 0.805955 0.448221 0.0507921 0.0551073
0 0.328187 0.506313 0.0324 0.0299805
2 0.843545 0.576148 0.311255 0.122952
2 0.646606 0.419119 0.162185 0.0718632
7 0.549758 0.337817 0.169563 0.106214
3 0.34452 0.558624 0.0671968 0.062396
2 0.331091 0.277041 0.0904909 0.0419141
5 0.121604 0.296499 0.160162 0.130175
2 0.140702 0.210521 0.0490894 0.0241335
0 0.762629 0.416301 0.0424267 0.052094
2 0.0982287 0.22197 0.058545 0.023037
2 0.409508 0.31246 0.10509 0.0504891
0 0.346524 0.336769 0.0421867 0.0401958
0 0.804768 0.439341 0.0560316 0.0525141
0 0.343138 0.530376 0.0707052 0.068983
3 0.34799 0.351372 0.0347277 0.0321198
0 0.825622 0.486146 0.0477156 0.0619727
3 0.721052 0.373746 0.0338304 0.0401062
0 0.673515 0.344777 0.0299711 0.0501359
3 0.408956 0.263209 0.0375999 0.030099
3 0.305141 0.302668 0.0306658 0.0403175
2 0.0925325 0.146556 0.0279554 0.0162274
3 0.306325 0.313531 0.0307846 0.0191006
2 0.28537 0.240771 0.075636 0.0343904
0 0.259107 0.253515 0.0396432 0.0309944
0 0.538374 0.266781 0.0248513 0.0379974
0 0.410254 0.258861 0.0390559 0.036707
2 0.277866 0.234682 0.0843966 0.0230977
2 0.112279 0.194698 0.0497433 0.0280074
5 0.239085 0.193926 0.0789815 0.0374072
3 0.441448 0.254857 0.0203515 0.0261113
0 0.303992 0.299874 0.0301338 0.0394177
0 0.764122 0.42618 0.0418515 0.0397198
3 0.703877 0.36958 0.0693349 0.0494591
2 0.229195 0.214908 0.0415493 0.0210221
7 0.240474 0.199762 0.0793787 0.0499927
2 0.112893 0.188142 0.0513379 0.0286106
0 0.74472 0.352233 0.0303012 0.0410972
2 0.140682 0.219676 0.0483274 0.0224849
0 0.00964934 0.244541 0.0192987 0.0327009
2 0.25572 0.222499 0.0538695 0.0165389
0 0.343839 0.51736 0.0648031 0.0402466
3 0.808448 0.468251 0.034789 0.0412661
0 0.8085 0.480725 0.0247786 0.053282
2 0.255907 0.231244 0.0474177 0.0230481
2 0.238819 0.215354 0.0575092 0.0262647
3 0.805955 0.448221 0.0507921 0.0551073
0 0.328187 0.506313 0.0324 0.0299805
2 0.843545 0.576148 0.311255 0.122952
2 0.646606 0.419119 0.162185 0.0718632
7 0.549758 0.337817 0.169563 0.106214
3 0.34452 0.558624 0.0671968 0.062396
2 0.331091 0.277041 0.0904909 0.0419141
5 0.121604 0.296499 0.160162 0.130175
2 0.140702 0.210521 0.0490894 0.0241335
0 0.762629 0.416301 0.0424267 0.052094
2 0.0982287 0.22197 0.058545 0.023037
2 0.409508 0.31246 0.10509 0.0504891
0 0.346524 0.336769 0.0421867 0.0401958
0 0.804768 0.439341 0.0560316 0.0525141
0 0.343138 0.530376 0.0707052 0.068983
3 0.34799 0.351372 0.0347277 0.0321198
0 0.825622 0.486146 0.0477156 0.0619727
3 0.721052 0.373746 0.0338304 0.0401062
0 0.673515 0.344777 0.0299711 0.0501359
3 0.408956 0.263209 0.0375999 0.030099
3 0.305141 0.302668 0.0306658 0.0403175
2 0.0925325 0.146556 0.0279554 0.0162274
3 0.306325 0.313531 0.0307846 0.0191006
2 0.28537 0.240771 0.075636 0.0343904
0 0.259107 0.253515 0.0396432 0.0309944
0 0.538374 0.266781 0.0248513 0.0379974
0 0.410254 0.258861 0.0390559 0.036707
2 0.277866 0.234682 0.0843966 0.0230977
2 0.112279 0.194698 0.0497433 0.0280074
5 0.239085 0.193926 0.0789815 0.0374072
3 0.441448 0.254857 0.0203515 0.0261113
0 0.303992 0.299874 0.0301338 0.0394177
0 0.764122 0.42618 0.0418515 0.0397198
3 0.703877 0.36958 0.0693349 0.0494591
2 0.229195 0.214908 0.0415493 0.0210221
7 0.240474 0.199762 0.0793787 0.0499927
2 0.112893 0.188142 0.0513379 0.0286106
0 0.74472 0.352233 0.0303012 0.0410972
2 0.140682 0.219676 0.0483274 0.0224849
0 0.00964934 0.244541 0.0192987 0.0327009
2 0.25572 0.222499 0.0538695 0.0165389
0 0.343839 0.51736 0.0648031 0.0402466
3 0.808448 0.468251 0.034789 0.0412661
0 0.8085 0.480725 0.0247786 0.053282
2 0.255907 0.231244 0.0474177 0.0230481
2 0.238819 0.215354 0.0575092 0.0262647
3 0.805955 0.448221 0.0507921 0.0551073
0 0.328187 0.506313 0.0324 0.0299805
2 0.843545 0.576148 0.311255 0.122952
2 0.646606 0.419119 0.162185 0.0718632
7 0.549758 0.337817 0.169563 0.106214
3 0.34452 0.558624 0.0671968 0.062396
2 0.331091 0.277041 0.0904909 0.0419141
5 0.121604 0.296499 0.160162 0.130175
2 0.140702 0.210521 0.0490894 0.0241335
0 0.762629 0.416301 0.0424267 0.052094
2 0.0982287 0.22197 0.058545 0.023037
2 0.409508 0.31246 0.10509 0.0504891
0 0.346524 0.336769 0.0421867 0.0401958
0 0.804768 0.439341 0.0560316 0.0525141
0 0.343138 0.530376 0.0707052 0.068983
3 0.34799 0.351372 0.0347277 0.0321198
0 0.825622 0.486146 0.0477156 0.0619727
3 0.721052 0.373746 0.0338304 0.0401062
0 0.673515 0.344777 0.0299711 0.0501359
3 0.408956 0.263209 0.0375999 0.030099
3 0.305141 0.302668 0.0306658 0.0403175
2 0.0925325 0.146556 0.0279554 0.0162274
3 0.306325 0.313531 0.0307846 0.0191006
2 0.28537 0.240771 0.075636 0.0343904
0 0.259107 0.253515 0.0396432 0.0309944
0 0.538374 0.266781 0.0248513 0.0379974
0 0.410254 0.258861 0.0390559 0.036707
2 0.277866 0.234682 0.0843966 0.0230977
2 0.112279 0.194698 0.0497433 0.0280074
5 0.239085 0.193926 0.0789815 0.0374072
3 0.441448 0.254857 0.0203515 0.0261113
0 0.303992 0.299874 0.0301338 0.0394177
0 0.764122 0.42618 0.0418515 0.0397198
3 0.703877 0.36958 0.0693349 0.0494591
2 0.229195 0.214908 0.0415493 0.0210221
7 0.240474 0.199762 0.0793787 0.0499927
2 0.112893 0.188142 0.0513379 0.0286106
0 0.74472 0.352233 0.0303012 0.0410972
2 0.140682 0.219676 0.0483274 0.0224849
0 0.00964934 0.244541 0.0192987 0.0327009
2 0.25572 0.222499 0.0538695 0.0165389
0 0.343839 0.51736 0.0648031 0.0402466
3 0.808448 0.468251 0.034789 0.0412661
0 0.8085 0.480725 0.0247786 0.053282
2 0.255907 0.231244 0.0474177 0.0230481
2 0.238819 0.215354 0.0575092 0.0262647
3 0.805955 0.448221 0.0507921 0.0551073
0 0.328187 0.506313 0.0324 0.0299805
2 0.843545 0.576148 0.311255 0.122952
2 0.646606 0.419119 0.162185 0.0718632
7 0.549758 0.337817 0.169563 0.106214
3 0.34452 0.558624 0.0671968 0.062396
2 0.331091 0.277041 0.0904909 0.0419141
5 0.121604 0.296499 0.160162 0.130175
2 0.140702 0.210521 0.0490894 0.0241335
0 0.762629 0.416301 0.0424267 0.052094
2 0.0982287 0.22197 0.058545 0.023037
2 0.409508 0.31246 0.10509 0.0504891
0 0.346524 0.336769 0.0421867 0.0401958
0 0.804768 0.439341 0.0560316 0.0525141
0 0.343138 0.530376 0.0707052 0.068983
3 0.34799 0.351372 0.0347277 0.0321198
0 0.825622 0.486146 0.0477156 0.0619727
3 0.721052 0.373746 0.0338304 0.0401062
0 0.673515 0.344777 0.0299711 0.0501359
3 0.408956 0.263209 0.0375999 0.030099
3 0.305141 0.302668 0.0306658 0.0403175
2 0.0925325 0.146556 0.0279554 0.0162274
3 0.306325 0.313531 0.0307846 0.0191006
2 0.28537 0.240771 0.075636 0.0343904
0 0.259107 0.253515 0.0396432 0.0309944
0 0.538374 0.266781 0.0248513 0.0379974
0 0.410254 0.258861 0.0390559 0.036707
2 0.277866 0.234682 0.0843966 0.0230977
2 0.112279 0.194698 0.0497433 0.0280074
5 0.239085 0.193926 0.0789815 0.0374072
3 0.441448 0.254857 0.0203515 0.0261113
0 0.303992 0.299874 0.0301338 0.0394177
0 0.764122 0.42618 0.0418515 0.0397198
3 0.703877 0.36958 0.0693349 0.0494591
2 0.229195 0.214908 0.0415493 0.0210221
7 0.240474 0.199762 0.0793787 0.0499927
2 0.112893 0.188142 0.0513379 0.0286106
0 0.74472 0.352233 0.0303012 0.0410972
2 0.140682 0.219676 0.0483274 0.0224849
0 0.00964934 0.244541 0.0192987 0.0327009
2 0.25572 0.222499 0.0538695 0.0165389
0 0.343839 0.51736 0.0648031 0.0402466
3 0.808448 0.468251 0.034789 0.0412661
0 0.8085 0.480725 0.0247786 0.053282
2 0.255907 0.231244 0.0474177 0.0230481
2 0.238819 0.215354 0.0575092 0.0262647
3 0.805955 0.448221 0.0507921 0.0551073
0 0.328187 0.506313 0.0324 0.0299805
2 0.843545 0.576148 0.311255 0.122952
2 0.646606 0.419119 0.162185 0.0718632
7 0.549758 0.337817 0.169563 0.106214
3 0.34452 0.558624 0.0671968 0.062396
2 0.331091 0.277041 0.0904909 0.0419141
5 0.121604 0.296499 0.160162 0.130175
2 0.140702 0.210521 0.0490894 0.0241335
0 0.762629 0.416301 0.0424267 0.052094
2 0.0982287 0.22197 0.058545 0.023037
2 0.409508 0.31246 0.10509 0.0504891
0 0.346524 0.336769 0.0421867 0.0401958
0 0.804768 0.439341 0.0560316 0.0525141
0 0.343138 0.530376 0.0707052 0.068983
3 0.34799 0.351372 0.0347277 0.0321198
0 0.825622 0.486146 0.0477156 0.0619727
3 0.721052 0.373746 0.0338304 0.0401062
0 0.673515 0.344777 0.0299711 0.0501359
3 0.408956 0.263209 0.0375999 0.030099
3 0.305141 0.302668 0.0306658 0.0403175
2 0.0925325 0.146556 0.0279554 0.0162274
3 0.306325 0.313531 0.0307846 0.0191006
2 0.28537 0.240771 0.075636 0.0343904
0 0.259107 0.253515 0.0396432 0.0309944
0 0.538374 0.266781 0.0248513 0.0379974
0 0.410254 0.258861 0.0390559 0.036707
2 0.277866 0.234682 0.0843966 0.0230977
2 0.112279 0.194698 0.0497433 0.0280074
5 0.239085 0.193926 0.0789815 0.0374072
3 0.441448 0.254857 0.0203515 0.0261113
0 0.303992 0.299874 0.0301338 0.0394177
0 0.764122 0.42618 0.0418515 0.0397198
3 0.703877 0.36958 0.0693349 0.0494591
2 0.229195 0.214908 0.0415493 0.0210221
7 0.240474 0.199762 0.0793787 0.0499927
2 0.112893 0.188142 0.0513379 0.0286106
0 0.74472 0.352233 0.0303012 0.0410972
2 0.140682 0.219676 0.0483274 0.0224849
0 0.00964934 0.244541 0.0192987 0.0327009
2 0.25572 0.222499 0.0538695 0.0165389
0 0.343839 0.51736 0.0648031 0.0402466
3 0.808448 0.468251 0.034789 0.0412661
0 0.8085 0.480725 0.0247786 0.053282
2 0.255907 0.231244 0.0474177 0.0230481
2 0.238819 0.215354 0.0575092 0.0262647
3 0.805955 0.448221 0.0507921 0.0551073
0 0.328187 0.506313 0.0324 0.0299805
2 0.843545 0.576148 0.311255 0.122952
2 0.646606 0.419119 0.162185 0.0718632
7 0.549758 0.337817 0.169563 0.106214
3 0.34452 0.558624 0.0671968 0.062396
2 0.331091 0.277041 0.0904909 0.0419141
5 0.121604 0.296499 0.160162 0.130175
2 0.140702 0.210521 0.0490894 0.0241335
0 0.762629 0.416301 0.0424267 0.052094
2 0.0982287 0.22197 0.058545 0.023037
2 0.409508 0.31246 0.10509 0.0504891
0 0.346524 0.336769 0.0421867 0.0401958
0 0.804768 0.439341 0.0560316 0.0525141
0 0.343138 0.530376 0.0707052 0.068983
3 0.34799 0.351372 0.0347277 0.0321198
0 0.825622 0.486146 0.0477156 0.0619727
3 0.721052 0.373746 0.0338304 0.0401062
0 0.673515 0.344777 0.0299711 0.0501359
3 0.408956 0.263209 0.0375999 0.030099
3 0.305141 0.302668 0.0306658 0.0403175
2 0.0925325 0.146556 0.0279554 0.0162274
3 0.306325 0.313531 0.0307846 0.0191006
2 0.28537 0.240771 0.075636 0.0343904
0 0.259107 0.253515 0.0396432 0.0309944
0 0.538374 0.266781 0.0248513 0.0379974
0 0.410254 0.258861 0.0390559 0.036707
2 0.277866 0.234682 0.0843966 0.0230977
2 0.112279 0.194698 0.0497433 0.0280074
5 0.239085 0.193926 0.0789815 0.0374072
3 0.441448 0.254857 0.0203515 0.0261113
0 0.303992 0.299874 0.0301338 0.0394177
0 0.764122 0.42618 0.0418515 0.0397198
3 0.703877 0.36958 0.0693349 0.0494591
2 0.229195 0.214908 0.0415493 0.0210221
7 0.240474 0.199762 0.0793787 0.0499927
2 0.112893 0.188142 0.0513379 0.0286106
0 0.74472 0.352233 0.0303012 0.0410972
2 0.140682 0.219676 0.0483274 0.0224849
0 0.00964934 0.244541 0.0192987 0.0327009
2 0.25572 0.222499 0.0538695 0.0165389
0 0.343839 0.51736 0.0648031 0.0402466
3 0.808448 0.468251 0.034789 0.0412661
0 0.8085 0.480725 0.0247786 0.053282
2 0.255907 0.231244 0.0474177 0.0230481
2 0.238819 0.215354 0.0575092 0.0262647
3 0.805955 0.448221 0.0507921 0.0551073
0 0.328187 0.506313 0.0324 0.0299805
2 0.843545 0.576148 0.311255 0.122952
2 0.646606 0.419119 0.162185 0.0718632
7 0.549758 0.337817 0.169563 0.106214
3 0.34452 0.558624 0.0671968 0.062396
2 0.331091 0.277041 0.0904909 0.0419141
5 0.121604 0.296499 0.160162 0.130175
2 0.140702 0.210521 0.0490894 0.0241335
0 0.762629 0.416301 0.0424267 0.052094
2 0.0982287 0.22197 0.058545 0.023037
2 0.409508 0.31246 0.10509 0.0504891
0 0.346524 0.336769 0.0421867 0.0401958
0 0.804768 0.439341 0.0560316 0.0525141
0 0.343138 0.530376 0.0707052 0.068983
3 0.34799 0.351372 0.0347277 0.0321198
0 0.825622 0.486146 0.0477156 0.0619727
3 0.721052 0.373746 0.0338304 0.0401062
0 0.673515 0.344777 0.0299711 0.0501359
3 0.408956 0.263209 0.0375999 0.030099
3 0.305141 0.302668 0.0306658 0.0403175
2 0.0925325 0.146556 0.0279554 0.0162274
3 0.306325 0.313531 0.0307846 0.0191006
2 0.28537 0.240771 0.075636 0.0343904
0 0.259107 0.253515 0.0396432 0.0309944
0 0.538374 0.266781 0.0248513 0.0379974
0 0.410254 0.258861 0.0390559 0.036707
2 0.277866 0.234682 0.0843966 0.0230977
2 0.112279 0.194698 0.0497433 0.0280074
5 0.239085 0.193926 0.0789815 0.0374072
3 0.441448 0.254857 0.0203515 0.0261113
0 0.303992 0.299874 0.0301338 0.0394177
0 0.764122 0.42618 0.0418515 0.0397198
3 0.703877 0.36958 0.0693349 0.0494591
2 0.229195 0.214908 0.0415493 0.0210221
7 0.240474 0.199762 0.0793787 0.0499927
2 0.112893 0.188142 0.0513379 0.0286106
0 0.74472 0.352233 0.0303012 0.0410972
2 0.140682 0.219676 0.0483274 0.0224849
0 0.00964934 0.244541 0.0192987 0.0327009
2 0.25572 0.222499 0.0538695 0.0165389
0 0.343839 0.51736 0.0648031 0.0402466
3 0.808448 0.468251 0.034789 0.0412661
0 0.8085 0.480725 0.0247786 0.053282
2 0.255907 0.231244 0.0474177 0.0230481
2 0.238819 0.215354 0.0575092 0.0262647
3 0.805955 0.448221 0.0507921 0.0551073
0 0.328187 0.506313 0.0324 0.0299805
2 0.843545 0.576148 0.311255 0.122952
2 0.646606 0.419119 0.162185 0.0718632
7 0.549758 0.337817 0.169563 0.106214
3 0.34452 0.558624 0.0671968 0.062396
2 0.331091 0.277041 0.0904909 0.0419141
5 0.121604 0.296499 0.160162 0.130175
2 0.140702 0.210521 0.0490894 0.0241335
0 0.762629 0.416301 0.0424267 0.052094
2 0.0982287 0.22197 0.058545 0.023037
2 0.409508 0.31246 0.10509 0.0504891
0 0.346524 0.336769 0.0421867 0.0401958
0 0.804768 0.439341 0.0560316 0.0525141
0 0.343138 0.530376 0.0707052 0.068983
3 0.34799 0.351372 0.0347277 0.0321198
0 0.825622 0.486146 0.0477156 0.0619727
3 0.721052 0.373746 0.0338304 0.0401062
0 0.673515 0.344777 0.0299711 0.0501359
3 0.408956 0.263209 0.0375999 0.030099
3 0.305141 0.302668 0.0306658 0.0403175
2 0.0925325 0.146556 0.0279554 0.0162274
3 0.306325 0.313531 0.0307846 0.0191006
2 0.28537 0.240771 0.075636 0.0343904
0 0.259107 0.253515 0.0396432 0.0309944
0 0.538374 0.266781 0.0248513 0.0379974
0 0.410254 0.258861 0.0390559 0.036707
2 0.277866 0.234682 0.0843966 0.0230977
2 0.112279 0.194698 0.0497433 0.0280074
5 0.239085 0.193926 0.0789815 0.0374072
3 0.441448 0.254857 0.0203515 0.0261113
0 0.303992 0.299874 0.0301338 0.0394177
0 0.764122 0.42618 0.0418515 0.0397198
3 0.703877 0.36958 0.0693349 0.0494591
2 0.229195 0.214908 0.0415493 0.0210221
7 0.240474 0.199762 0.0793787 0.0499927
2 0.112893 0.188142 0.0513379 0.0286106
0 0.74472 0.352233 0.0303012 0.0410972
2 0.140682 0.219676 0.0483274 0.0224849
0 0.00964934 0.244541 0.0192987 0.0327009
2 0.25572 0.222499 0.0538695 0.0165389
0 0.343839 0.51736 0.0648031 0.0402466
3 0.808448 0.468251 0.034789 0.0412661
0 0.8085 0.480725 0.0247786 0.053282
2 0.255907 0.231244 0.0474177 0.0230481
2 0.238819 0.215354 0.0575092 0.0262647
3 0.805955 0.448221 0.0507921 0.0551073
0 0.328187 0.506313 0.0324 0.0299805
2 0.843545 0.576148 0.311255 0.122952
2 0.646606 0.419119 0.162185 0.0718632
7 0.549758 0.337817 0.169563 0.106214
3 0.34452 0.558624 0.0671968 0.062396
2 0.331091 0.277041 0.0904909 0.0419141
5 0.121604 0.296499 0.160162 0.130175
2 0.140702 0.210521 0.0490894 0.0241335
0 0.762629 0.416301 0.0424267 0.052094
2 0.0982287 0.22197 0.058545 0.023037
2 0.409508 0.31246 0.10509 0.0504891
0 0.346524 0.336769 0.0421867 0.0401958
0 0.804768 0.439341 0.0560316 0.0525141
0 0.343138 0.530376 0.0707052 0.068983
3 0.34799 0.351372 0.0347277 0.0321198
0 0.825622 0.486146 0.0477156 0.0619727
3 0.721052 0.373746 0.0338304 0.0401062
0 0.673515 0.344777 0.0299711 0.0501359
3 0.408956 0.263209 0.0375999 0.030099
3 0.305141 0.302668 0.0306658 0.0403175
2 0.0925325 0.146556 0.0279554 0.0162274
3 0.306325 0.313531 0.0307846 0.0191006
2 0.28537 0.240771 0.075636 0.0343904
0 0.259107 0.253515 0.0396432 0.0309944
0 0.538374 0.266781 0.0248513 0.0379974
0 0.410254 0.258861 0.0390559 0.036707
2 0.277866 0.234682 0.0843966 0.0230977
2 0.112279 0.194698 0.0497433 0.0280074
5 0.239085 0.193926 0.0789815 0.0374072
3 0.441448 0.254857 0.0203515 0.0261113
0 0.303992 0.299874 0.0301338 0.0394177
0 0.764122 0.42618 0.0418515 0.0397198
3 0.703877 0.36958 0.0693349 0.0494591
2 0.229195 0.214908 0.0415493 0.0210221
7 0.240474 0.199762 0.0793787 0.0499927
2 0.112893 0.188142 0.0513379 0.0286106
0 0.74472 0.352233 0.0303012 0.0410972
2 0.140682 0.219676 0.0483274 0.0224849
0 0.00964934 0.244541 0.0192987 0.0327009
2 0.25572 0.222499 0.0538695 0.0165389
0 0.343839 0.51736 0.0648031 0.0402466
3 0.808448 0.468251 0.034789 0.0412661
0 0.8085 0.480725 0.0247786 0.053282
2 0.255907 0.231244 0.0474177 0.0230481
2 0.238819 0.215354 0.0575092 0.0262647
3 0.805955 0.448221 0.0507921 0.0551073
0 0.328187 0.506313 0.0324 0.0299805
2 0.843545 0.576148 0.311255 0.122952
2 0.646606 0.419119 0.162185 0.0718632
7 0.549758 0.337817 0.169563 0.106214
3 0.34452 0.558624 0.0671968 0.062396
2 0.331091 0.277041 0.0904909 0.0419141
5 0.121604 0.296499 0.160162 0.130175
2 0.140702 0.210521 0.0490894 0.0241335
0 0.762629 0.416301 0.0424267 0.052094
2 0.0982287 0.22197 0.058545 0.023037
2 0.409508 0.31246 0.10509 0.0504891
0 0.346524 0.336769 0.0421867 0.0401958
0 0.804768 0.439341 0.0560316 0.0525141
0 0.343138 0.530376 0.0707052 0.068983
3 0.34799 0.351372 0.0347277 0.0321198
0 0.825622 0.486146 0.0477156 0.0619727
3 0.721052 0.373746 0.0338304 0.0401062
0 0.673515 0.344777 0.0299711 0.0501359
3 0.408956 0.263209 0.0375999 0.030099
3 0.305141 0.302668 0.0306658 0.0403175
2 0.0925325 0.146556 0.0279554 0.0162274
3 0.306325 0.313531 0.0307846 0.0191006
2 0.28537 0.240771 0.075636 0.0343904
0 0.259107 0.253515 0.0396432 0.0309944
0 0.538374 0.266781 0.0248513 0.0379974
0 0.410254 0.258861 0.0390559 0.036707
2 0.277866 0.234682 0.0843966 0.0230977
2 0.112279 0.194698 0.0497433 0.0280074
5 0.239085 0.193926 0.0789815 0.0374072
3 0.441448 0.254857 0.0203515 0.0261113
0 0.303992 0.299874 0.0301338 0.0394177
0 0.764122 0.42618 0.0418515 0.0397198
3 0.703877 0.36958 0.0693349 0.0494591
2 0.229195 0.214908 0.0415493 0.0210221
7 0.240474 0.199762 0.0793787 0.0499927
2 0.112893 0.188142 0.0513379 0.0286106
0 0.74472 0.352233 0.0303012 0.0410972
2 0.140682 0.219676 0.0483274 0.0224849
0 0.00964934 0.244541 0.0192987 0.0327009
2 0.25572 0.222499 0.0538695 0.0165389
0 0.343839 0.51736 0.0648031 0.0402466
3 0.808448 0.468251 0.034789 0.0412661
0 0.8085 0.480725 0.0247786 0.053282
2 0.255907 0.231244 0.0474177 0.0230481
2 0.238819 0.215354 0.0575092 0.0262647
3 0.805955 0.448221 0.0507921 0.0551073
0 0.328187 0.506313 0.0324 0.0299805
2 0.843545 0.576148 0.311255 0.122952
2 0.646606 0.419119 0.162185 0.0718632
7 0.549758 0.337817 0.169563 0.106214
3 0.34452 0.558624 0.0671968 0.062396
2 0.331091 0.277041 0.0904909 0.0419141
5 0.121604 0.296499 0.160162 0.130175
2 0.140702 0.210521 0.0490894 0.0241335
0 0.762629 0.416301 0.0424267 0.052094
2 0.0982287 0.22197 0.058545 0.023037
2 0.409508 0.31246 0.10509 0.0504891
0 0.346524 0.336769 0.0421867 0.0401958
0 0.804768 0.439341 0.0560316 0.0525141
0 0.343138 0.530376 0.0707052 0.068983
3 0.34799 0.351372 0.0347277 0.0321198
0 0.825622 0.486146 0.0477156 0.0619727
3 0.721052 0.373746 0.0338304 0.0401062
0 0.673515 0.344777 0.0299711 0.0501359
3 0.408956 0.263209 0.0375999 0.030099
3 0.305141 0.302668 0.0306658 0.0403175
2 0.0925325 0.146556 0.0279554 0.0162274
3 0.306325 0.313531 0.0307846 0.0191006
2 0.28537 0.240771 0.075636 0.0343904
0 0.259107 0.253515 0.0396432 0.0309944
0 0.538374 0.266781 0.0248513 0.0379974
0 0.410254 0.258861 0.0390559 0.036707
2 0.277866 0.234682 0.0843966 0.0230977
2 0.112279 0.194698 0.0497433 0.0280074
5 0.239085 0.193926 0.0789815 0.0374072
3 0.441448 0.254857 0.0203515 0.0261113
0 0.303992 0.299874 0.0301338 0.0394177
0 0.764122 0.42618 0.0418515 0.0397198
3 0.703877 0.36958 0.0693349 0.0494591
2 0.229195 0.214908 0.0415493 0.0210221
7 0.240474 0.199762 0.0793787 0.0499927
2 0.112893 0.188142 0.0513379 0.0286106
0 0.74472 0.352233 0.0303012 0.0410972
2 0.140682 0.219676 0.0483274 0.0224849
0 0.00964934 0.244541 0.0192987 0.0327009
2 0.25572 0.222499 0.0538695 0.0165389
0 0.343839 0.51736 0.0648031 0.0402466
3 0.808448 0.468251 0.034789 0.0412661
0 0.8085 0.480725 0.0247786 0.053282
2 0.255907 0.231244 0.0474177 0.0230481
2 0.238819 0.215354 0.0575092 0.0262647
3 0.805955 0.448221 0.0507921 0.0551073
0 0.328187 0.506313 0.0324 0.0299805
2 0.843545 0.576148 0.311255 0.122952
2 0.646606 0.419119 0.162185 0.0718632
7 0.549758 0.337817 0.169563 0.106214
3 0.34452 0.558624 0.0671968 0.062396
2 0.331091 0.277041 0.0904909 0.0419141
5 0.121604 0.296499 0.160162 0.130175
2 0.140702 0.210521 0.0490894 0.0241335
0 0.762629 0.416301 0.0424267 0.052094
2 0.0982287 0.22197 0.058545 0.023037
2 0.409508 0.31246 0.10509 0.0504891
0 0.346524 0.336769 0.0421867 0.0401958
0 0.804768 0.439341 0.0560316 0.0525141
0 0.343138 0.530376 0.0707052 0.068983
3 0.34799 0.351372 0.0347277 0.0321198
0 0.825622 0.486146 0.0477156 0.0619727
3 0.721052 0.373746 0.0338304 0.0401062
0 0.673515 0.344777 0.0299711 0.0501359
3 0.408956 0.263209 0.0375999 0.030099
3 0.305141 0.302668 0.0306658 0.0403175
2 0.0925325 0.146556 0.0279554 0.0162274
3 0.306325 0.313531 0.0307846 0.0191006
2 0.28537 0.240771 0.075636 0.0343904
0 0.259107 0.253515 0.0396432 0.0309944
0 0.538374 0.266781 0.0248513 0.0379974
0 0.410254 0.258861 0.0390559 0.036707
2 0.277866 0.234682 0.0843966 0.0230977
2 0.112279 0.194698 0.0497433 0.0280074
5 0.239085 0.193926 0.0789815 0.0374072
3 0.441448 0.254857 0.0203515 0.0261113
0 0.303992 0.299874 0.0301338 0.0394177
0 0.764122 0.42618 0.0418515 0.0397198
3 0.703877 0.36958 0.0693349 0.0494591
2 0.229195 0.214908 0.0415493 0.0210221
7 0.240474 0.199762 0.0793787 0.0499927
2 0.112893 0.188142 0.0513379 0.0286106
0 0.74472 0.352233 0.0303012 0.0410972
2 0.140682 0.219676 0.0483274 0.0224849
0 0.00964934 0.244541 0.0192987 0.0327009
2 0.25572 0.222499 0.0538695 0.0165389
0 0.343839 0.51736 0.0648031 0.0402466
3 0.808448 0.468251 0.034789 0.0412661
0 0.8085 0.480725 0.0247786 0.053282
2 0.255907 0.231244 0.0474177 0.0230481
2 0.238819 0.215354 0.0575092 0.0262647
3 0.805955 0.448221 0.0507921 0.0551073
0 0.328187 0.506313 0.0324 0.0299805
2 0.843247 0.576165 0.312048 0.124067
5 0.121894 0.296344 0.158359 0.128838
2 0.645773 0.419175 0.162934 0.0713816
2 0.410009 0.312798 0.105963 0.0496552
2 0.329677 0.277001 0.0924183 0.0419827
3 0.348301 0.558244 0.0627291 0.0614782
5 0.550181 0.337368 0.16808 0.106423
0 0.761782 0.414775 0.0435635 0.0487355
0 0.346464 0.335569 0.0395655 0.0383255
0 0.824096 0.481253 0.0506117 0.0560514
0 0.344271 0.532942 0.0722236 0.0692577
3 0.347092 0.351712 0.0345968 0.0300352
0 0.805211 0.441317 0.0559194 0.0547059
2 0.0993553 0.222345 0.0572854 0.0223746
5 0.241443 0.194373 0.0723653 0.0393901
2 0.139966 0.210917 0.0489835 0.0238163
3 0.824567 0.502384 0.0507236 0.0346285
3 0.307124 0.312362 0.0288317 0.0215114
0 0.328137 0.505386 0.0348801 0.0278409
2 0.843247 0.576165 0.312048 0.124067
5 0.121894 0.296344 0.158359 0.128838
2 0.645773 0.419175 0.162934 0.0713816
2 0.410009 0.312798 0.105963 0.0496552
2 0.329677 0.277001 0.0924183 0.0419827
3 0.348301 0.558244 0.0627291 0.0614782
5 0.550181 0.337368 0.16808 0.106423
0 0.761782 0.414775 0.0435635 0.0487355
0 0.346464 0.335569 0.0395655 0.0383255
0 0.824096 0.481253 0.0506117 0.0560514
0 0.344271 0.532942 0.0722236 0.0692577
3 0.347092 0.351712 0.0345968 0.0300352
0 0.805211 0.441317 0.0559194 0.0547059
2 0.0993553 0.222345 0.0572854 0.0223746
5 0.241443 0.194373 0.0723653 0.0393901
2 0.139966 0.210917 0.0489835 0.0238163
3 0.824567 0.502384 0.0507236 0.0346285
3 0.307124 0.312362 0.0288317 0.0215114
0 0.328137 0.505386 0.0348801 0.0278409
2 0.843247 0.576165 0.312048 0.124067
5 0.121894 0.296344 0.158359 0.128838
2 0.645773 0.419175 0.162934 0.0713816
2 0.410009 0.312798 0.105963 0.0496552
2 0.329677 0.277001 0.0924183 0.0419827
3 0.348301 0.558244 0.0627291 0.0614782
5 0.550181 0.337368 0.16808 0.106423
0 0.761782 0.414775 0.0435635 0.0487355
0 0.346464 0.335569 0.0395655 0.0383255
0 0.824096 0.481253 0.0506117 0.0560514
0 0.344271 0.532942 0.0722236 0.0692577
3 0.347092 0.351712 0.0345968 0.0300352
0 0.805211 0.441317 0.0559194 0.0547059
2 0.0993553 0.222345 0.0572854 0.0223746
5 0.241443 0.194373 0.0723653 0.0393901
2 0.139966 0.210917 0.0489835 0.0238163
3 0.824567 0.502384 0.0507236 0.0346285
3 0.307124 0.312362 0.0288317 0.0215114
0 0.328137 0.505386 0.0348801 0.0278409
2 0.843247 0.576165 0.312048 0.124067
5 0.121894 0.296344 0.158359 0.128838
2 0.645773 0.419175 0.162934 0.0713816
2 0.410009 0.312798 0.105963 0.0496552
2 0.329677 0.277001 0.0924183 0.0419827
3 0.348301 0.558244 0.0627291 0.0614782
5 0.550181 0.337368 0.16808 0.106423
0 0.761782 0.414775 0.0435635 0.0487355
0 0.346464 0.335569 0.0395655 0.0383255
0 0.824096 0.481253 0.0506117 0.0560514
0 0.344271 0.532942 0.0722236 0.0692577
3 0.347092 0.351712 0.0345968 0.0300352
0 0.805211 0.441317 0.0559194 0.0547059
2 0.0993553 0.222345 0.0572854 0.0223746
5 0.241443 0.194373 0.0723653 0.0393901
2 0.139966 0.210917 0.0489835 0.0238163
3 0.824567 0.502384 0.0507236 0.0346285
3 0.307124 0.312362 0.0288317 0.0215114
0 0.328137 0.505386 0.0348801 0.0278409
2 0.843247 0.576165 0.312048 0.124067
5 0.121894 0.296344 0.158359 0.128838
2 0.645773 0.419175 0.162934 0.0713816
2 0.410009 0.312798 0.105963 0.0496552
2 0.329677 0.277001 0.0924183 0.0419827
3 0.348301 0.558244 0.0627291 0.0614782
5 0.550181 0.337368 0.16808 0.106423
0 0.761782 0.414775 0.0435635 0.0487355
0 0.346464 0.335569 0.0395655 0.0383255
0 0.824096 0.481253 0.0506117 0.0560514
0 0.344271 0.532942 0.0722236 0.0692577
3 0.347092 0.351712 0.0345968 0.0300352
0 0.805211 0.441317 0.0559194 0.0547059
2 0.0993553 0.222345 0.0572854 0.0223746
5 0.241443 0.194373 0.0723653 0.0393901
2 0.139966 0.210917 0.0489835 0.0238163
3 0.824567 0.502384 0.0507236 0.0346285
3 0.307124 0.312362 0.0288317 0.0215114
0 0.328137 0.505386 0.0348801 0.0278409
2 0.843247 0.576165 0.312048 0.124067
5 0.121894 0.296344 0.158359 0.128838
2 0.645773 0.419175 0.162934 0.0713816
2 0.410009 0.312798 0.105963 0.0496552
2 0.329677 0.277001 0.0924183 0.0419827
3 0.348301 0.558244 0.0627291 0.0614782
5 0.550181 0.337368 0.16808 0.106423
0 0.761782 0.414775 0.0435635 0.0487355
0 0.346464 0.335569 0.0395655 0.0383255
0 0.824096 0.481253 0.0506117 0.0560514
0 0.344271 0.532942 0.0722236 0.0692577
3 0.347092 0.351712 0.0345968 0.0300352
0 0.805211 0.441317 0.0559194 0.0547059
2 0.0993553 0.222345 0.0572854 0.0223746
5 0.241443 0.194373 0.0723653 0.0393901
2 0.139966 0.210917 0.0489835 0.0238163
3 0.824567 0.502384 0.0507236 0.0346285
3 0.307124 0.312362 0.0288317 0.0215114
0 0.328137 0.505386 0.0348801 0.0278409
2 0.843247 0.576165 0.312048 0.124067
5 0.121894 0.296344 0.158359 0.128838
2 0.645773 0.419175 0.162934 0.0713816
2 0.410009 0.312798 0.105963 0.0496552
2 0.329677 0.277001 0.0924183 0.0419827
3 0.348301 0.558244 0.0627291 0.0614782
5 0.550181 0.337368 0.16808 0.106423
0 0.761782 0.414775 0.0435635 0.0487355
0 0.346464 0.335569 0.0395655 0.0383255
0 0.824096 0.481253 0.0506117 0.0560514
0 0.344271 0.532942 0.0722236 0.0692577
3 0.347092 0.351712 0.0345968 0.0300352
0 0.805211 0.441317 0.0559194 0.0547059
2 0.0993553 0.222345 0.0572854 0.0223746
5 0.241443 0.194373 0.0723653 0.0393901
2 0.139966 0.210917 0.0489835 0.0238163
3 0.824567 0.502384 0.0507236 0.0346285
3 0.307124 0.312362 0.0288317 0.0215114
0 0.328137 0.505386 0.0348801 0.0278409
2 0.843247 0.576165 0.312048 0.124067
5 0.121894 0.296344 0.158359 0.128838
2 0.645773 0.419175 0.162934 0.0713816
2 0.410009 0.312798 0.105963 0.0496552
2 0.329677 0.277001 0.0924183 0.0419827
3 0.348301 0.558244 0.0627291 0.0614782
5 0.550181 0.337368 0.16808 0.106423
0 0.761782 0.414775 0.0435635 0.0487355
0 0.346464 0.335569 0.0395655 0.0383255
0 0.824096 0.481253 0.0506117 0.0560514
0 0.344271 0.532942 0.0722236 0.0692577
3 0.347092 0.351712 0.0345968 0.0300352
0 0.805211 0.441317 0.0559194 0.0547059
2 0.0993553 0.222345 0.0572854 0.0223746
5 0.241443 0.194373 0.0723653 0.0393901
2 0.139966 0.210917 0.0489835 0.0238163
3 0.824567 0.502384 0.0507236 0.0346285
3 0.307124 0.312362 0.0288317 0.0215114
0 0.328137 0.505386 0.0348801 0.0278409
3 0.721465 0.373883 0.0373052 0.0419007
0 0.675152 0.346438 0.0336804 0.0489415
3 0.409221 0.265827 0.0370593 0.024719
2 0.0925277 0.148383 0.0288414 0.0146957
0 0.53835 0.268675 0.02553 0.0352277
0 0.304891 0.296621 0.0303421 0.0292308
3 0.713998 0.372309 0.0524363 0.0423665
2 0.278803 0.240493 0.0894082 0.0338157
3 0.80908 0.464475 0.0364817 0.0357845
