7 0.501871 0.370747 0.114512 0.0898531
7 0.721695 0.54345 0.130895 0.162956
7 0.721177 0.54328 0.130655 0.162633
7 0.50255 0.370639 0.114253 0.0895708
7 0.795534 0.540455 0.137221 0.171317
7 0.617864 0.569697 0.0725186 0.119118
7 0.708327 0.430532 0.091984 0.104291
7 0.501871 0.370747 0.114512 0.0898531
7 0.721695 0.54345 0.130895 0.162956
7 0.721177 0.54328 0.130655 0.162633
7 0.50255 0.370639 0.114253 0.0895708
7 0.795534 0.540455 0.137221 0.171317
7 0.617864 0.569697 0.0725186 0.119118
7 0.708327 0.430532 0.091984 0.104291
7 0.501871 0.370747 0.114512 0.0898531
7 0.721695 0.54345 0.130895 0.162956
7 0.721177 0.54328 0.130655 0.162633
7 0.50255 0.370639 0.114253 0.0895708
7 0.795534 0.540455 0.137221 0.171317
7 0.617864 0.569697 0.0725186 0.119118
7 0.708327 0.430532 0.091984 0.104291
7 0.501871 0.370747 0.114512 0.0898531
7 0.721695 0.54345 0.130895 0.162956
7 0.721177 0.54328 0.130655 0.162633
7 0.50255 0.370639 0.114253 0.0895708
7 0.795534 0.540455 0.137221 0.171317
7 0.617864 0.569697 0.0725186 0.119118
7 0.708327 0.430532 0.091984 0.104291
7 0.501871 0.370747 0.114512 0.0898531
7 0.721695 0.54345 0.130895 0.162956
7 0.721177 0.54328 0.130655 0.162633
7 0.50255 0.370639 0.114253 0.0895708
7 0.795534 0.540455 0.137221 0.171317
7 0.617864 0.569697 0.0725186 0.119118
7 0.708327 0.430532 0.091984 0.104291
7 0.501871 0.370747 0.114512 0.0898531
7 0.721695 0.54345 0.130895 0.162956
7 0.721177 0.54328 0.130655 0.162633
7 0.50255 0.370639 0.114253 0.0895708
7 0.795534 0.540455 0.137221 0.171317
7 0.617864 0.569697 0.0725186 0.119118
7 0.708327 0.430532 0.091984 0.104291
7 0.501871 0.370747 0.114512 0.0898531
5 0.721695 0.54345 0.130895 0.162956
7 0.721177 0.54328 0.130655 0.162633
5 0.50255 0.370639 0.114253 0.0895708
5 0.795534 0.540455 0.137221 0.171317
2 0.617864 0.569697 0.0725186 0.119118
5 0.708327 0.430532 0.091984 0.104291
5 0.0346289 0.426306 0.0247518 0.0461104
5 0.0247301 0.57831 0.0490008 0.173715
5 0.154477 0.576833 0.0726796 0.169527
5 0.920328 0.151509 0.0559326 0.0622697
5 0.171313 0.229474 0.0447806 0.0714266
7 0.0162204 0.855388 0.032345 0.0688161
2 0.933683 0.589983 0.0445925 0.0732752
5 0.909078 0.524137 0.122035 0.165037
