7 0.918489 0.482939 0.100135 0.117925
7 0.409355 0.54705 0.0655895 0.163519
7 0.351634 0.542631 0.0605707 0.167674
7 0.117604 0.834875 0.230966 0.197533
7 0.381947 0.213992 0.0398535 0.0698831
7 0.120972 0.524324 0.0278816 0.134327
7 0.869855 0.332328 0.0747608 0.0799785
7 0.0311538 0.510702 0.0253938 0.158087
7 0.918489 0.482939 0.100135 0.117925
7 0.409355 0.54705 0.0655895 0.163519
7 0.351634 0.542631 0.0605707 0.167674
7 0.117604 0.834875 0.230966 0.197533
7 0.381947 0.213992 0.0398535 0.0698831
7 0.120972 0.524324 0.0278816 0.134327
7 0.869855 0.332328 0.0747608 0.0799785
7 0.0311538 0.510702 0.0253938 0.158087
7 0.918489 0.482939 0.100135 0.117925
7 0.409355 0.54705 0.0655895 0.163519
7 0.351634 0.542631 0.0605707 0.167674
7 0.117604 0.834875 0.230966 0.197533
7 0.381947 0.213992 0.0398535 0.0698831
7 0.120972 0.524324 0.0278816 0.134327
7 0.869855 0.332328 0.0747608 0.0799785
7 0.0311538 0.510702 0.0253938 0.158087
7 0.918489 0.482939 0.100135 0.117925
7 0.409355 0.54705 0.0655895 0.163519
7 0.351634 0.542631 0.0605707 0.167674
7 0.117604 0.834875 0.230966 0.197533
7 0.381947 0.213992 0.0398535 0.0698831
7 0.120972 0.524324 0.0278816 0.134327
7 0.869855 0.332328 0.0747608 0.0799785
7 0.0311538 0.510702 0.0253938 0.158087
7 0.918489 0.482939 0.100135 0.117925
7 0.409355 0.54705 0.0655895 0.163519
7 0.351634 0.542631 0.0605707 0.167674
7 0.117604 0.834875 0.230966 0.197533
7 0.381947 0.213992 0.0398535 0.0698831
7 0.120972 0.524324 0.0278816 0.134327
7 0.869855 0.332328 0.0747608 0.0799785
7 0.0311538 0.510702 0.0253938 0.158087
7 0.918489 0.482939 0.100135 0.117925
7 0.409355 0.54705 0.0655895 0.163519
7 0.351634 0.542631 0.0605707 0.167674
7 0.117604 0.834875 0.230966 0.197533
7 0.381947 0.213992 0.0398535 0.0698831
7 0.120972 0.524324 0.0278816 0.134327
7 0.869855 0.332328 0.0747608 0.0799785
7 0.0311538 0.510702 0.0253938 0.158087
5 0.918489 0.482939 0.100135 0.117925
5 0.409355 0.54705 0.0655895 0.163519
5 0.351634 0.542631 0.0605707 0.167674
7 0.117604 0.834875 0.230966 0.197533
5 0.381947 0.213992 0.0398535 0.0698831
5 0.120972 0.524324 0.0278816 0.134327
5 0.869855 0.332328 0.0747608 0.0799785
5 0.0311538 0.510702 0.0253938 0.158087
5 0.0122598 0.396869 0.024167 0.105791
5 0.174582 0.520806 0.0433406 0.159187
7 0.927615 0.606391 0.141213 0.190348
5 0.927293 0.606404 0.141311 0.190634
5 0.442663 0.547813 0.0726454 0.17232
5 0.504296 0.555197 0.0798533 0.169654
5 0.321215 0.538525 0.0558418 0.165627
5 0.203554 0.525251 0.0411251 0.158593
5 0.147863 0.535397 0.0329371 0.125733
5 0.96756 0.572132 0.0641518 0.117825
5 0.262963 0.535487 0.0497657 0.162625
5 0.233299 0.523943 0.0464489 0.16365
5 0.611139 0.231946 0.0587286 0.0699567
5 0.496316 0.0380039 0.035667 0.0478294
5 0.559132 0.0381673 0.0375885 0.0468095
7 0.977918 0.467962 0.0433346 0.0677239
2 0.592005 0.61154 0.0364042 0.0850844
5 0.0623247 0.510049 0.0266196 0.155319
5 0.470127 0.545255 0.0767357 0.171074
2 0.793804 0.638636 0.0462187 0.0839844
7 0.166835 0.195616 0.0224028 0.0727383
7 0.897244 0.316758 0.0934036 0.106164
5 0.630021 0.359612 0.0991398 0.0544293
2 0.810387 0.613999 0.075351 0.129345
5 0.628133 0.570398 0.0983086 0.178788
