7 0.731577 0.771082 0.277563 0.356031
7 0.356152 0.428635 0.0786118 0.125381
7 0.427516 0.487131 0.0271949 0.0322691
7 0.436598 0.540515 0.0313957 0.0431535
7 0.477977 0.529406 0.0373455 0.0464484
7 0.271981 0.303093 0.0383417 0.0581315
7 0.39469 0.441821 0.0212406 0.0344881
7 0.278744 0.348502 0.0201406 0.0266301
7 0.731577 0.771082 0.277563 0.356031
7 0.356152 0.428635 0.0786118 0.125381
7 0.427516 0.487131 0.0271949 0.0322691
7 0.436598 0.540515 0.0313957 0.0431535
7 0.477977 0.529406 0.0373455 0.0464484
7 0.271981 0.303093 0.0383417 0.0581315
7 0.39469 0.441821 0.0212406 0.0344881
7 0.278744 0.348502 0.0201406 0.0266301
7 0.731577 0.771082 0.277563 0.356031
7 0.356152 0.428635 0.0786118 0.125381
7 0.427516 0.487131 0.0271949 0.0322691
7 0.436598 0.540515 0.0313957 0.0431535
7 0.477977 0.529406 0.0373455 0.0464484
7 0.271981 0.303093 0.0383417 0.0581315
7 0.39469 0.441821 0.0212406 0.0344881
7 0.278744 0.348502 0.0201406 0.0266301
7 0.731577 0.771082 0.277563 0.356031
7 0.356152 0.428635 0.0786118 0.125381
7 0.427516 0.487131 0.0271949 0.0322691
7 0.436598 0.540515 0.0313957 0.0431535
7 0.477977 0.529406 0.0373455 0.0464484
7 0.271981 0.303093 0.0383417 0.0581315
7 0.39469 0.441821 0.0212406 0.0344881
7 0.278744 0.348502 0.0201406 0.0266301
7 0.731577 0.771082 0.277563 0.356031
7 0.356152 0.428635 0.0786118 0.125381
7 0.427516 0.487131 0.0271949 0.0322691
7 0.436598 0.540515 0.0313957 0.0431535
7 0.477977 0.529406 0.0373455 0.0464484
7 0.271981 0.303093 0.0383417 0.0581315
7 0.39469 0.441821 0.0212406 0.0344881
7 0.278744 0.348502 0.0201406 0.0266301
7 0.731577 0.771082 0.277563 0.356031
7 0.356152 0.428635 0.0786118 0.125381
7 0.427516 0.487131 0.0271949 0.0322691
7 0.436598 0.540515 0.0313957 0.0431535
7 0.477977 0.529406 0.0373455 0.0464484
7 0.271981 0.303093 0.0383417 0.0581315
7 0.39469 0.441821 0.0212406 0.0344881
7 0.278744 0.348502 0.0201406 0.0266301
7 0.731577 0.771082 0.277563 0.356031
7 0.356152 0.428635 0.0786118 0.125381
7 0.427516 0.487131 0.0271949 0.0322691
7 0.436598 0.540515 0.0313957 0.0431535
7 0.477977 0.529406 0.0373455 0.0464484
7 0.271981 0.303093 0.0383417 0.0581315
7 0.39469 0.441821 0.0212406 0.0344881
7 0.278744 0.348502 0.0201406 0.0266301
7 0.731577 0.771082 0.277563 0.356031
7 0.356152 0.428635 0.0786118 0.125381
2 0.427516 0.487131 0.0271949 0.0322691
2 0.436598 0.540515 0.0313957 0.0431535
2 0.477977 0.529406 0.0373455 0.0464484
7 0.271981 0.303093 0.0383417 0.0581315
2 0.39469 0.441821 0.0212406 0.0344881
2 0.278744 0.348502 0.0201406 0.0266301
2 0.31523 0.365415 0.0305838 0.0482329
2 0.191118 0.245186 0.0154785 0.0184215
7 0.569803 0.668275 0.179857 0.263114
7 0.241836 0.298321 0.0364953 0.0648061
2 0.384939 0.474081 0.0215674 0.0331944
2 0.99179 0.265349 0.0156788 0.0195845
2 0.293598 0.371428 0.0187792 0.0260291
2 0.214832 0.264697 0.0208225 0.0305816
