7 0.55963 0.522158 0.128658 0.147985
7 0.801841 0.24178 0.100086 0.0706704
7 0.963882 0.21504 0.0522079 0.0711555
7 0.0420757 0.623303 0.0841514 0.168221
7 0.62723 0.509918 0.12959 0.150362
7 0.542994 0.416048 0.0893234 0.0958583
7 0.849865 0.37113 0.127029 0.0965238
7 0.673795 0.50678 0.13696 0.137929
7 0.55963 0.522158 0.128658 0.147985
7 0.801841 0.24178 0.100086 0.0706704
7 0.963882 0.21504 0.0522079 0.0711555
7 0.0420757 0.623303 0.0841514 0.168221
7 0.62723 0.509918 0.12959 0.150362
7 0.542994 0.416048 0.0893234 0.0958583
7 0.849865 0.37113 0.127029 0.0965238
7 0.673795 0.50678 0.13696 0.137929
7 0.55963 0.522158 0.128658 0.147985
7 0.801841 0.24178 0.100086 0.0706704
7 0.963882 0.21504 0.0522079 0.0711555
7 0.0420757 0.623303 0.0841514 0.168221
7 0.62723 0.509918 0.12959 0.150362
7 0.542994 0.416048 0.0893234 0.0958583
7 0.849865 0.37113 0.127029 0.0965238
7 0.673795 0.50678 0.13696 0.137929
7 0.55963 0.522158 0.128658 0.147985
7 0.801841 0.24178 0.100086 0.0706704
7 0.963882 0.21504 0.0522079 0.0711555
7 0.0420757 0.623303 0.0841514 0.168221
7 0.62723 0.509918 0.12959 0.150362
7 0.542994 0.416048 0.0893234 0.0958583
7 0.849865 0.37113 0.127029 0.0965238
7 0.673795 0.50678 0.13696 0.137929
7 0.55963 0.522158 0.128658 0.147985
7 0.801841 0.24178 0.100086 0.0706704
7 0.963882 0.21504 0.0522079 0.0711555
7 0.0420757 0.623303 0.0841514 0.168221
7 0.62723 0.509918 0.12959 0.150362
7 0.542994 0.416048 0.0893234 0.0958583
7 0.849865 0.37113 0.127029 0.0965238
7 0.673795 0.50678 0.13696 0.137929
7 0.55963 0.522158 0.128658 0.147985
7 0.801841 0.24178 0.100086 0.0706704
7 0.963882 0.21504 0.0522079 0.0711555
7 0.0420757 0.623303 0.0841514 0.168221
7 0.62723 0.509918 0.12959 0.150362
7 0.542994 0.416048 0.0893234 0.0958583
7 0.849865 0.37113 0.127029 0.0965238
7 0.673795 0.50678 0.13696 0.137929
7 0.55963 0.522158 0.128658 0.147985
7 0.801841 0.24178 0.100086 0.0706704
7 0.963882 0.21504 0.0522079 0.0711555
5 0.0420757 0.623303 0.0841514 0.168221
7 0.62723 0.509918 0.12959 0.150362
5 0.542994 0.416048 0.0893234 0.0958583
5 0.849865 0.37113 0.127029 0.0965238
7 0.673795 0.50678 0.13696 0.137929
5 0.0878809 0.0561199 0.043846 0.0461955
2 0.988406 0.266972 0.0224672 0.0507783
5 0.237093 0.238337 0.0582546 0.0648946
2 0.459908 0.561873 0.0753012 0.111068
5 0.559981 0.52198 0.127712 0.148109
2 0.234572 0.602651 0.0770676 0.132226
5 0.737075 0.482911 0.125457 0.146613
5 0.10784 0.602597 0.101539 0.167318
