7 0.616863 0.633087 0.21477 0.253096
7 0.300165 0.385961 0.0741962 0.109229
7 0.817678 0.91313 0.0907412 0.116981
7 0.375759 0.4794 0.028972 0.0348173
7 0.486924 0.566224 0.150459 0.201633
7 0.409186 0.466097 0.0303945 0.0411546
7 0.366346 0.433061 0.0262312 0.0285847
7 0.970601 0.259281 0.0573734 0.0464318
7 0.527137 0.395576 0.0263718 0.0197945
7 0.187902 0.278869 0.035942 0.0521716
7 0.215809 0.27937 0.0383435 0.055009
7 0.616863 0.633087 0.21477 0.253096
7 0.300165 0.385961 0.0741962 0.109229
7 0.817678 0.91313 0.0907412 0.116981
7 0.375759 0.4794 0.028972 0.0348173
7 0.486924 0.566224 0.150459 0.201633
7 0.409186 0.466097 0.0303945 0.0411546
7 0.366346 0.433061 0.0262312 0.0285847
7 0.970601 0.259281 0.0573734 0.0464318
7 0.527137 0.395576 0.0263718 0.0197945
7 0.187902 0.278869 0.035942 0.0521716
7 0.215809 0.27937 0.0383435 0.055009
7 0.616863 0.633087 0.21477 0.253096
7 0.300165 0.385961 0.0741962 0.109229
7 0.817678 0.91313 0.0907412 0.116981
7 0.375759 0.4794 0.028972 0.0348173
7 0.486924 0.566224 0.150459 0.201633
7 0.409186 0.466097 0.0303945 0.0411546
7 0.366346 0.433061 0.0262312 0.0285847
7 0.970601 0.259281 0.0573734 0.0464318
7 0.527137 0.395576 0.0263718 0.0197945
7 0.187902 0.278869 0.035942 0.0521716
7 0.215809 0.27937 0.0383435 0.055009
7 0.616863 0.633087 0.21477 0.253096
7 0.300165 0.385961 0.0741962 0.109229
7 0.817678 0.91313 0.0907412 0.116981
7 0.375759 0.4794 0.028972 0.0348173
7 0.486924 0.566224 0.150459 0.201633
7 0.409186 0.466097 0.0303945 0.0411546
7 0.366346 0.433061 0.0262312 0.0285847
7 0.970601 0.259281 0.0573734 0.0464318
7 0.527137 0.395576 0.0263718 0.0197945
7 0.187902 0.278869 0.035942 0.0521716
7 0.215809 0.27937 0.0383435 0.055009
7 0.616863 0.633087 0.21477 0.253096
7 0.300165 0.385961 0.0741962 0.109229
7 0.817678 0.91313 0.0907412 0.116981
7 0.375759 0.4794 0.028972 0.0348173
7 0.486924 0.566224 0.150459 0.201633
7 0.409186 0.466097 0.0303945 0.0411546
7 0.366346 0.433061 0.0262312 0.0285847
7 0.970601 0.259281 0.0573734 0.0464318
7 0.527137 0.395576 0.0263718 0.0197945
7 0.187902 0.278869 0.035942 0.0521716
7 0.215809 0.27937 0.0383435 0.055009
7 0.616863 0.633087 0.21477 0.253096
7 0.300165 0.385961 0.0741962 0.109229
7 0.817678 0.91313 0.0907412 0.116981
7 0.375759 0.4794 0.028972 0.0348173
7 0.486924 0.566224 0.150459 0.201633
7 0.409186 0.466097 0.0303945 0.0411546
7 0.366346 0.433061 0.0262312 0.0285847
7 0.970601 0.259281 0.0573734 0.0464318
7 0.527137 0.395576 0.0263718 0.0197945
7 0.187902 0.278869 0.035942 0.0521716
7 0.215809 0.27937 0.0383435 0.055009
7 0.616863 0.633087 0.21477 0.253096
7 0.300165 0.385961 0.0741962 0.109229
7 0.817678 0.91313 0.0907412 0.116981
7 0.375759 0.4794 0.028972 0.0348173
7 0.486924 0.566224 0.150459 0.201633
7 0.409186 0.466097 0.0303945 0.0411546
7 0.366346 0.433061 0.0262312 0.0285847
7 0.970601 0.259281 0.0573734 0.0464318
7 0.527137 0.395576 0.0263718 0.0197945
7 0.187902 0.278869 0.035942 0.0521716
7 0.215809 0.27937 0.0383435 0.055009
7 0.616863 0.633087 0.21477 0.253096
7 0.300165 0.385961 0.0741962 0.109229
2 0.817678 0.91313 0.0907412 0.116981
2 0.375759 0.4794 0.028972 0.0348173
7 0.486924 0.566224 0.150459 0.201633
2 0.409186 0.466097 0.0303945 0.0411546
2 0.366346 0.433061 0.0262312 0.0285847
7 0.970601 0.259281 0.0573734 0.0464318
2 0.527137 0.395576 0.0263718 0.0197945
7 0.187902 0.278869 0.035942 0.0521716
7 0.215809 0.27937 0.0383435 0.055009
2 0.254636 0.352835 0.0171425 0.0259289
7 0.244836 0.216841 0.0269075 0.0327147
5 0.486802 0.56649 0.14972 0.202406
2 0.598659 0.262676 0.0170046 0.0138908
2 0.241797 0.33706 0.0187081 0.0248347
2 0.922505 0.251816 0.0281778 0.0211811
2 0.133078 0.226634 0.0143977 0.0198384
