7 0.647933 0.681549 0.235499 0.280094
7 0.307539 0.406021 0.0777069 0.115167
7 0.86361 0.966434 0.0796612 0.0652741
7 0.386701 0.506337 0.0307776 0.0392654
7 0.377391 0.458089 0.0261284 0.0305047
7 0.424099 0.493438 0.033032 0.0410503
7 0.190572 0.287162 0.0385906 0.0624772
7 0.507116 0.605124 0.161211 0.222501
7 0.972027 0.262767 0.0550896 0.0458507
7 0.229507 0.332309 0.0219118 0.0269627
7 0.506922 0.60524 0.160949 0.221123
7 0.647933 0.681549 0.235499 0.280094
7 0.307539 0.406021 0.0777069 0.115167
7 0.86361 0.966434 0.0796612 0.0652741
7 0.386701 0.506337 0.0307776 0.0392654
7 0.377391 0.458089 0.0261284 0.0305047
7 0.424099 0.493438 0.033032 0.0410503
7 0.190572 0.287162 0.0385906 0.0624772
7 0.507116 0.605124 0.161211 0.222501
7 0.972027 0.262767 0.0550896 0.0458507
7 0.229507 0.332309 0.0219118 0.0269627
7 0.506922 0.60524 0.160949 0.221123
