7 0.689663 0.730295 0.257184 0.319099
7 0.328819 0.419953 0.0802837 0.12124
7 0.537609 0.642051 0.171923 0.244639
7 0.409644 0.527393 0.0314254 0.0408442
7 0.400319 0.474697 0.0275318 0.0317342
7 0.449822 0.514553 0.03486 0.0451894
7 0.211783 0.293177 0.0370286 0.0640815
7 0.243195 0.298737 0.0408196 0.0570715
7 0.288026 0.364195 0.0311903 0.0557899
7 0.36741 0.432495 0.0219289 0.0335975
7 0.689663 0.730295 0.257184 0.319099
7 0.328819 0.419953 0.0802837 0.12124
7 0.537609 0.642051 0.171923 0.244639
7 0.409644 0.527393 0.0314254 0.0408442
7 0.400319 0.474697 0.0275318 0.0317342
7 0.449822 0.514553 0.03486 0.0451894
7 0.211783 0.293177 0.0370286 0.0640815
7 0.243195 0.298737 0.0408196 0.0570715
7 0.288026 0.364195 0.0311903 0.0557899
7 0.36741 0.432495 0.0219289 0.0335975
7 0.689663 0.730295 0.257184 0.319099
7 0.328819 0.419953 0.0802837 0.12124
7 0.537609 0.642051 0.171923 0.244639
7 0.409644 0.527393 0.0314254 0.0408442
7 0.400319 0.474697 0.0275318 0.0317342
7 0.449822 0.514553 0.03486 0.0451894
7 0.211783 0.293177 0.0370286 0.0640815
7 0.243195 0.298737 0.0408196 0.0570715
7 0.288026 0.364195 0.0311903 0.0557899
7 0.36741 0.432495 0.0219289 0.0335975
7 0.689663 0.730295 0.257184 0.319099
7 0.328819 0.419953 0.0802837 0.12124
7 0.537609 0.642051 0.171923 0.244639
7 0.409644 0.527393 0.0314254 0.0408442
7 0.400319 0.474697 0.0275318 0.0317342
7 0.449822 0.514553 0.03486 0.0451894
7 0.211783 0.293177 0.0370286 0.0640815
7 0.243195 0.298737 0.0408196 0.0570715
7 0.288026 0.364195 0.0311903 0.0557899
7 0.36741 0.432495 0.0219289 0.0335975
7 0.689663 0.730295 0.257184 0.319099
7 0.328819 0.419953 0.0802837 0.12124
7 0.537609 0.642051 0.171923 0.244639
7 0.409644 0.527393 0.0314254 0.0408442
7 0.400319 0.474697 0.0275318 0.0317342
7 0.449822 0.514553 0.03486 0.0451894
7 0.211783 0.293177 0.0370286 0.0640815
7 0.243195 0.298737 0.0408196 0.0570715
7 0.288026 0.364195 0.0311903 0.0557899
7 0.36741 0.432495 0.0219289 0.0335975
7 0.689663 0.730295 0.257184 0.319099
7 0.328819 0.419953 0.0802837 0.12124
7 0.537609 0.642051 0.171923 0.244639
7 0.409644 0.527393 0.0314254 0.0408442
7 0.400319 0.474697 0.0275318 0.0317342
7 0.449822 0.514553 0.03486 0.0451894
7 0.211783 0.293177 0.0370286 0.0640815
7 0.243195 0.298737 0.0408196 0.0570715
7 0.288026 0.364195 0.0311903 0.0557899
7 0.36741 0.432495 0.0219289 0.0335975
7 0.689663 0.730295 0.257184 0.319099
7 0.328819 0.419953 0.0802837 0.12124
7 0.537609 0.642051 0.171923 0.244639
7 0.409644 0.527393 0.0314254 0.0408442
7 0.400319 0.474697 0.0275318 0.0317342
7 0.449822 0.514553 0.03486 0.0451894
7 0.211783 0.293177 0.0370286 0.0640815
7 0.243195 0.298737 0.0408196 0.0570715
7 0.288026 0.364195 0.0311903 0.0557899
7 0.36741 0.432495 0.0219289 0.0335975
7 0.689663 0.730295 0.257184 0.319099
7 0.328819 0.419953 0.0802837 0.12124
7 0.537609 0.642051 0.171923 0.244639
2 0.409644 0.527393 0.0314254 0.0408442
2 0.400319 0.474697 0.0275318 0.0317342
2 0.449822 0.514553 0.03486 0.0451894
7 0.211783 0.293177 0.0370286 0.0640815
7 0.243195 0.298737 0.0408196 0.0570715
2 0.288026 0.364195 0.0311903 0.0557899
2 0.36741 0.432495 0.0219289 0.0335975
7 0.287949 0.364286 0.0317791 0.0563331
2 0.251154 0.345489 0.0212235 0.027764
7 0.989438 0.277191 0.0204002 0.036159
7 0.992796 0.278732 0.0137348 0.0340129
7 0.17097 0.23206 0.0248605 0.0454219
2 0.184509 0.267512 0.0221377 0.0289381
2 0.158237 0.242091 0.0109025 0.0152509
2 0.6212 0.271515 0.0169014 0.0157194
