7 0.424929 0.522414 0.0927882 0.174645
7 0.523417 0.698094 0.0425233 0.068347
7 0.56161 0.421611 0.0250381 0.0224055
7 0.514228 0.610098 0.0361921 0.0505877
7 0.695432 0.863743 0.213755 0.257904
7 0.726953 0.537174 0.0460951 0.0409148
7 0.46776 0.531881 0.028475 0.0456004
7 0.334537 0.340524 0.04184 0.0756413
7 0.584059 0.69608 0.0527397 0.0812673
7 0.338461 0.39306 0.0210897 0.0301227
7 0.369801 0.44727 0.0210564 0.0284645
7 0.352004 0.419234 0.0198633 0.0300824
7 0.379507 0.41236 0.0330486 0.0481124
7 0.30155 0.329526 0.0352801 0.075785
7 0.424929 0.522414 0.0927882 0.174645
7 0.523417 0.698094 0.0425233 0.068347
7 0.56161 0.421611 0.0250381 0.0224055
7 0.514228 0.610098 0.0361921 0.0505877
7 0.695432 0.863743 0.213755 0.257904
7 0.726953 0.537174 0.0460951 0.0409148
7 0.46776 0.531881 0.028475 0.0456004
7 0.334537 0.340524 0.04184 0.0756413
7 0.584059 0.69608 0.0527397 0.0812673
7 0.338461 0.39306 0.0210897 0.0301227
7 0.369801 0.44727 0.0210564 0.0284645
7 0.352004 0.419234 0.0198633 0.0300824
7 0.379507 0.41236 0.0330486 0.0481124
7 0.30155 0.329526 0.0352801 0.075785
7 0.424929 0.522414 0.0927882 0.174645
7 0.523417 0.698094 0.0425233 0.068347
7 0.56161 0.421611 0.0250381 0.0224055
7 0.514228 0.610098 0.0361921 0.0505877
7 0.695432 0.863743 0.213755 0.257904
7 0.726953 0.537174 0.0460951 0.0409148
7 0.46776 0.531881 0.028475 0.0456004
7 0.334537 0.340524 0.04184 0.0756413
7 0.584059 0.69608 0.0527397 0.0812673
7 0.338461 0.39306 0.0210897 0.0301227
7 0.369801 0.44727 0.0210564 0.0284645
7 0.352004 0.419234 0.0198633 0.0300824
7 0.379507 0.41236 0.0330486 0.0481124
7 0.30155 0.329526 0.0352801 0.075785
7 0.424929 0.522414 0.0927882 0.174645
7 0.523417 0.698094 0.0425233 0.068347
7 0.56161 0.421611 0.0250381 0.0224055
7 0.514228 0.610098 0.0361921 0.0505877
7 0.695432 0.863743 0.213755 0.257904
7 0.726953 0.537174 0.0460951 0.0409148
7 0.46776 0.531881 0.028475 0.0456004
7 0.334537 0.340524 0.04184 0.0756413
7 0.584059 0.69608 0.0527397 0.0812673
7 0.338461 0.39306 0.0210897 0.0301227
7 0.369801 0.44727 0.0210564 0.0284645
7 0.352004 0.419234 0.0198633 0.0300824
7 0.379507 0.41236 0.0330486 0.0481124
7 0.30155 0.329526 0.0352801 0.075785
7 0.424929 0.522414 0.0927882 0.174645
7 0.523417 0.698094 0.0425233 0.068347
7 0.56161 0.421611 0.0250381 0.0224055
7 0.514228 0.610098 0.0361921 0.0505877
7 0.695432 0.863743 0.213755 0.257904
7 0.726953 0.537174 0.0460951 0.0409148
7 0.46776 0.531881 0.028475 0.0456004
7 0.334537 0.340524 0.04184 0.0756413
7 0.584059 0.69608 0.0527397 0.0812673
7 0.338461 0.39306 0.0210897 0.0301227
7 0.369801 0.44727 0.0210564 0.0284645
7 0.352004 0.419234 0.0198633 0.0300824
7 0.379507 0.41236 0.0330486 0.0481124
7 0.30155 0.329526 0.0352801 0.075785
7 0.424929 0.522414 0.0927882 0.174645
7 0.523417 0.698094 0.0425233 0.068347
7 0.56161 0.421611 0.0250381 0.0224055
7 0.514228 0.610098 0.0361921 0.0505877
7 0.695432 0.863743 0.213755 0.257904
7 0.726953 0.537174 0.0460951 0.0409148
7 0.46776 0.531881 0.028475 0.0456004
7 0.334537 0.340524 0.04184 0.0756413
7 0.584059 0.69608 0.0527397 0.0812673
7 0.338461 0.39306 0.0210897 0.0301227
7 0.369801 0.44727 0.0210564 0.0284645
7 0.352004 0.419234 0.0198633 0.0300824
7 0.379507 0.41236 0.0330486 0.0481124
7 0.30155 0.329526 0.0352801 0.075785
7 0.424929 0.522414 0.0927882 0.174645
7 0.523417 0.698094 0.0425233 0.068347
7 0.56161 0.421611 0.0250381 0.0224055
7 0.514228 0.610098 0.0361921 0.0505877
7 0.695432 0.863743 0.213755 0.257904
7 0.726953 0.537174 0.0460951 0.0409148
7 0.46776 0.531881 0.028475 0.0456004
7 0.334537 0.340524 0.04184 0.0756413
7 0.584059 0.69608 0.0527397 0.0812673
7 0.338461 0.39306 0.0210897 0.0301227
7 0.369801 0.44727 0.0210564 0.0284645
7 0.352004 0.419234 0.0198633 0.0300824
7 0.379507 0.41236 0.0330486 0.0481124
7 0.30155 0.329526 0.0352801 0.075785
7 0.424929 0.522414 0.0927882 0.174645
2 0.523417 0.698094 0.0425233 0.068347
2 0.56161 0.421611 0.0250381 0.0224055
2 0.514228 0.610098 0.0361921 0.0505877
5 0.695432 0.863743 0.213755 0.257904
2 0.726953 0.537174 0.0460951 0.0409148
2 0.46776 0.531881 0.028475 0.0456004
7 0.334537 0.340524 0.04184 0.0756413
2 0.584059 0.69608 0.0527397 0.0812673
2 0.338461 0.39306 0.0210897 0.0301227
2 0.369801 0.44727 0.0210564 0.0284645
2 0.352004 0.419234 0.0198633 0.0300824
7 0.379507 0.41236 0.0330486 0.0481124
7 0.30155 0.329526 0.0352801 0.075785
7 0.309638 0.342031 0.0230458 0.052785
2 0.270829 0.290524 0.0149257 0.0195786
7 0.0181222 0.16464 0.0360793 0.0425137
7 0.303147 0.292781 0.0323814 0.0416083
7 0.232505 0.205496 0.0239144 0.0380252
5 0.842609 0.931001 0.150066 0.130511
