7 0.471264 0.616639 0.123265 0.2333
7 0.610914 0.872659 0.0599321 0.100326
7 0.588523 0.74063 0.0484743 0.0685091
7 0.691937 0.875229 0.0755301 0.119917
7 0.372604 0.469591 0.0255888 0.0380447
7 0.395867 0.507045 0.024445 0.0341526
7 0.356992 0.435436 0.0239551 0.0367098
7 0.315435 0.360356 0.0420521 0.087518
7 0.351932 0.375202 0.0505511 0.0959268
7 0.565565 0.420514 0.0289683 0.0295893
7 0.390223 0.443219 0.0150993 0.025456
7 0.408718 0.46174 0.0291923 0.0553292
7 0.51866 0.621219 0.0341867 0.0585608
7 0.471264 0.616639 0.123265 0.2333
7 0.610914 0.872659 0.0599321 0.100326
7 0.588523 0.74063 0.0484743 0.0685091
7 0.691937 0.875229 0.0755301 0.119917
7 0.372604 0.469591 0.0255888 0.0380447
7 0.395867 0.507045 0.024445 0.0341526
7 0.356992 0.435436 0.0239551 0.0367098
7 0.315435 0.360356 0.0420521 0.087518
7 0.351932 0.375202 0.0505511 0.0959268
7 0.565565 0.420514 0.0289683 0.0295893
7 0.390223 0.443219 0.0150993 0.025456
7 0.408718 0.46174 0.0291923 0.0553292
7 0.51866 0.621219 0.0341867 0.0585608
7 0.471264 0.616639 0.123265 0.2333
7 0.610914 0.872659 0.0599321 0.100326
7 0.588523 0.74063 0.0484743 0.0685091
7 0.691937 0.875229 0.0755301 0.119917
7 0.372604 0.469591 0.0255888 0.0380447
7 0.395867 0.507045 0.024445 0.0341526
7 0.356992 0.435436 0.0239551 0.0367098
7 0.315435 0.360356 0.0420521 0.087518
7 0.351932 0.375202 0.0505511 0.0959268
7 0.565565 0.420514 0.0289683 0.0295893
7 0.390223 0.443219 0.0150993 0.025456
7 0.408718 0.46174 0.0291923 0.0553292
7 0.51866 0.621219 0.0341867 0.0585608
7 0.471264 0.616639 0.123265 0.2333
7 0.610914 0.872659 0.0599321 0.100326
7 0.588523 0.74063 0.0484743 0.0685091
7 0.691937 0.875229 0.0755301 0.119917
7 0.372604 0.469591 0.0255888 0.0380447
7 0.395867 0.507045 0.024445 0.0341526
7 0.356992 0.435436 0.0239551 0.0367098
7 0.315435 0.360356 0.0420521 0.087518
7 0.351932 0.375202 0.0505511 0.0959268
7 0.565565 0.420514 0.0289683 0.0295893
7 0.390223 0.443219 0.0150993 0.025456
7 0.408718 0.46174 0.0291923 0.0553292
7 0.51866 0.621219 0.0341867 0.0585608
7 0.471264 0.616639 0.123265 0.2333
7 0.610914 0.872659 0.0599321 0.100326
7 0.588523 0.74063 0.0484743 0.0685091
7 0.691937 0.875229 0.0755301 0.119917
7 0.372604 0.469591 0.0255888 0.0380447
7 0.395867 0.507045 0.024445 0.0341526
7 0.356992 0.435436 0.0239551 0.0367098
7 0.315435 0.360356 0.0420521 0.087518
7 0.351932 0.375202 0.0505511 0.0959268
7 0.565565 0.420514 0.0289683 0.0295893
7 0.390223 0.443219 0.0150993 0.025456
7 0.408718 0.46174 0.0291923 0.0553292
7 0.51866 0.621219 0.0341867 0.0585608
7 0.471264 0.616639 0.123265 0.2333
7 0.610914 0.872659 0.0599321 0.100326
7 0.588523 0.74063 0.0484743 0.0685091
7 0.691937 0.875229 0.0755301 0.119917
7 0.372604 0.469591 0.0255888 0.0380447
7 0.395867 0.507045 0.024445 0.0341526
7 0.356992 0.435436 0.0239551 0.0367098
7 0.315435 0.360356 0.0420521 0.087518
7 0.351932 0.375202 0.0505511 0.0959268
7 0.565565 0.420514 0.0289683 0.0295893
7 0.390223 0.443219 0.0150993 0.025456
7 0.408718 0.46174 0.0291923 0.0553292
7 0.51866 0.621219 0.0341867 0.0585608
7 0.471264 0.616639 0.123265 0.2333
7 0.610914 0.872659 0.0599321 0.100326
7 0.588523 0.74063 0.0484743 0.0685091
7 0.691937 0.875229 0.0755301 0.119917
7 0.372604 0.469591 0.0255888 0.0380447
7 0.395867 0.507045 0.024445 0.0341526
7 0.356992 0.435436 0.0239551 0.0367098
7 0.315435 0.360356 0.0420521 0.087518
7 0.351932 0.375202 0.0505511 0.0959268
7 0.565565 0.420514 0.0289683 0.0295893
7 0.390223 0.443219 0.0150993 0.025456
7 0.408718 0.46174 0.0291923 0.0553292
7 0.51866 0.621219 0.0341867 0.0585608
7 0.471264 0.616639 0.123265 0.2333
2 0.610914 0.872659 0.0599321 0.100326
2 0.588523 0.74063 0.0484743 0.0685091
2 0.691937 0.875229 0.0755301 0.119917
2 0.372604 0.469591 0.0255888 0.0380447
2 0.395867 0.507045 0.024445 0.0341526
2 0.356992 0.435436 0.0239551 0.0367098
7 0.315435 0.360356 0.0420521 0.087518
7 0.351932 0.375202 0.0505511 0.0959268
2 0.565565 0.420514 0.0289683 0.0295893
2 0.390223 0.443219 0.0150993 0.025456
2 0.408718 0.46174 0.0291923 0.0553292
2 0.51866 0.621219 0.0341867 0.0585608
7 0.27622 0.264762 0.0253573 0.0481915
7 0.0176683 0.168013 0.0352315 0.0436667
7 0.235872 0.213557 0.0277756 0.0436546
2 0.467332 0.346011 0.0166847 0.0154929
2 0.77158 0.986713 0.0718784 0.0249583
7 0.360866 0.385151 0.0321486 0.075844
