7 0.635566 0.812105 0.227745 0.367902
7 0.422266 0.51656 0.0335455 0.0473512
7 0.486264 0.624856 0.0352106 0.051788
7 0.451065 0.570217 0.0324372 0.0532041
7 0.464686 0.525876 0.025099 0.0357652
7 0.361146 0.41327 0.0573375 0.11018
7 0.407643 0.435975 0.0705355 0.121027
7 0.874483 0.356981 0.021616 0.0207833
7 0.967916 0.381427 0.0215769 0.0192064
7 0.492719 0.556976 0.0398035 0.0739536
7 0.302451 0.288822 0.0283627 0.053432
7 0.329312 0.33517 0.0166622 0.0289292
7 0.469822 0.336807 0.0148743 0.018161
7 0.635566 0.812105 0.227745 0.367902
7 0.422266 0.51656 0.0335455 0.0473512
7 0.486264 0.624856 0.0352106 0.051788
7 0.451065 0.570217 0.0324372 0.0532041
7 0.464686 0.525876 0.025099 0.0357652
7 0.361146 0.41327 0.0573375 0.11018
7 0.407643 0.435975 0.0705355 0.121027
7 0.874483 0.356981 0.021616 0.0207833
7 0.967916 0.381427 0.0215769 0.0192064
7 0.492719 0.556976 0.0398035 0.0739536
7 0.302451 0.288822 0.0283627 0.053432
7 0.329312 0.33517 0.0166622 0.0289292
7 0.469822 0.336807 0.0148743 0.018161
