7 0.451389 0.579976 0.111832 0.208762
7 0.571465 0.80262 0.0531454 0.0868354
7 0.556263 0.689171 0.042988 0.0616123
7 0.606645 0.452035 0.0318146 0.0306712
7 0.728326 0.9369 0.131075 0.122793
7 0.308513 0.350043 0.0409065 0.0826888
7 0.348156 0.419319 0.0224427 0.0346369
7 0.344125 0.359587 0.0451652 0.0837622
7 0.49576 0.58572 0.0326885 0.0532928
7 0.362722 0.451676 0.0227851 0.0362751
7 0.384506 0.486317 0.0228449 0.0308007
7 0.644693 0.802788 0.0660231 0.102065
7 0.392352 0.441754 0.0368127 0.0548985
7 0.451389 0.579976 0.111832 0.208762
7 0.571465 0.80262 0.0531454 0.0868354
7 0.556263 0.689171 0.042988 0.0616123
7 0.606645 0.452035 0.0318146 0.0306712
7 0.728326 0.9369 0.131075 0.122793
7 0.308513 0.350043 0.0409065 0.0826888
7 0.348156 0.419319 0.0224427 0.0346369
7 0.344125 0.359587 0.0451652 0.0837622
7 0.49576 0.58572 0.0326885 0.0532928
7 0.362722 0.451676 0.0227851 0.0362751
7 0.384506 0.486317 0.0228449 0.0308007
7 0.644693 0.802788 0.0660231 0.102065
7 0.392352 0.441754 0.0368127 0.0548985
7 0.451389 0.579976 0.111832 0.208762
7 0.571465 0.80262 0.0531454 0.0868354
7 0.556263 0.689171 0.042988 0.0616123
7 0.606645 0.452035 0.0318146 0.0306712
7 0.728326 0.9369 0.131075 0.122793
7 0.308513 0.350043 0.0409065 0.0826888
7 0.348156 0.419319 0.0224427 0.0346369
7 0.344125 0.359587 0.0451652 0.0837622
7 0.49576 0.58572 0.0326885 0.0532928
7 0.362722 0.451676 0.0227851 0.0362751
7 0.384506 0.486317 0.0228449 0.0308007
7 0.644693 0.802788 0.0660231 0.102065
7 0.392352 0.441754 0.0368127 0.0548985
7 0.451389 0.579976 0.111832 0.208762
7 0.571465 0.80262 0.0531454 0.0868354
7 0.556263 0.689171 0.042988 0.0616123
7 0.606645 0.452035 0.0318146 0.0306712
7 0.728326 0.9369 0.131075 0.122793
7 0.308513 0.350043 0.0409065 0.0826888
7 0.348156 0.419319 0.0224427 0.0346369
7 0.344125 0.359587 0.0451652 0.0837622
7 0.49576 0.58572 0.0326885 0.0532928
7 0.362722 0.451676 0.0227851 0.0362751
7 0.384506 0.486317 0.0228449 0.0308007
7 0.644693 0.802788 0.0660231 0.102065
7 0.392352 0.441754 0.0368127 0.0548985
7 0.451389 0.579976 0.111832 0.208762
7 0.571465 0.80262 0.0531454 0.0868354
7 0.556263 0.689171 0.042988 0.0616123
7 0.606645 0.452035 0.0318146 0.0306712
7 0.728326 0.9369 0.131075 0.122793
7 0.308513 0.350043 0.0409065 0.0826888
7 0.348156 0.419319 0.0224427 0.0346369
7 0.344125 0.359587 0.0451652 0.0837622
7 0.49576 0.58572 0.0326885 0.0532928
7 0.362722 0.451676 0.0227851 0.0362751
7 0.384506 0.486317 0.0228449 0.0308007
7 0.644693 0.802788 0.0660231 0.102065
7 0.392352 0.441754 0.0368127 0.0548985
7 0.451389 0.579976 0.111832 0.208762
7 0.571465 0.80262 0.0531454 0.0868354
7 0.556263 0.689171 0.042988 0.0616123
7 0.606645 0.452035 0.0318146 0.0306712
7 0.728326 0.9369 0.131075 0.122793
7 0.308513 0.350043 0.0409065 0.0826888
7 0.348156 0.419319 0.0224427 0.0346369
7 0.344125 0.359587 0.0451652 0.0837622
7 0.49576 0.58572 0.0326885 0.0532928
7 0.362722 0.451676 0.0227851 0.0362751
7 0.384506 0.486317 0.0228449 0.0308007
7 0.644693 0.802788 0.0660231 0.102065
7 0.392352 0.441754 0.0368127 0.0548985
7 0.451389 0.579976 0.111832 0.208762
7 0.571465 0.80262 0.0531454 0.0868354
7 0.556263 0.689171 0.042988 0.0616123
7 0.606645 0.452035 0.0318146 0.0306712
7 0.728326 0.9369 0.131075 0.122793
7 0.308513 0.350043 0.0409065 0.0826888
7 0.348156 0.419319 0.0224427 0.0346369
7 0.344125 0.359587 0.0451652 0.0837622
7 0.49576 0.58572 0.0326885 0.0532928
7 0.362722 0.451676 0.0227851 0.0362751
7 0.384506 0.486317 0.0228449 0.0308007
7 0.644693 0.802788 0.0660231 0.102065
7 0.392352 0.441754 0.0368127 0.0548985
7 0.451389 0.579976 0.111832 0.208762
2 0.571465 0.80262 0.0531454 0.0868354
2 0.556263 0.689171 0.042988 0.0616123
2 0.606645 0.452035 0.0318146 0.0306712
7 0.728326 0.9369 0.131075 0.122793
7 0.308513 0.350043 0.0409065 0.0826888
2 0.348156 0.419319 0.0224427 0.0346369
7 0.344125 0.359587 0.0451652 0.0837622
2 0.49576 0.58572 0.0326885 0.0532928
2 0.362722 0.451676 0.0227851 0.0362751
2 0.384506 0.486317 0.0228449 0.0308007
2 0.644693 0.802788 0.0660231 0.102065
7 0.392352 0.441754 0.0368127 0.0548985
2 0.773412 0.314918 0.0186666 0.0180177
7 0.273089 0.258649 0.0232745 0.0457219
7 0.0184339 0.168221 0.0367522 0.0459969
