7 0.692841 0.538284 0.128841 0.160525
7 0.0263871 0.59709 0.0524409 0.170176
7 0.678962 0.427042 0.0916576 0.105974
7 0.692841 0.538284 0.128841 0.160525
7 0.0263871 0.59709 0.0524409 0.170176
7 0.678962 0.427042 0.0916576 0.105974
7 0.692841 0.538284 0.128841 0.160525
7 0.0263871 0.59709 0.0524409 0.170176
7 0.678962 0.427042 0.0916576 0.105974
7 0.692841 0.538284 0.128841 0.160525
7 0.0263871 0.59709 0.0524409 0.170176
7 0.678962 0.427042 0.0916576 0.105974
7 0.692841 0.538284 0.128841 0.160525
7 0.0263871 0.59709 0.0524409 0.170176
7 0.678962 0.427042 0.0916576 0.105974
7 0.692841 0.538284 0.128841 0.160525
7 0.0263871 0.59709 0.0524409 0.170176
7 0.678962 0.427042 0.0916576 0.105974
7 0.692841 0.538284 0.128841 0.160525
5 0.0263871 0.59709 0.0524409 0.170176
5 0.678962 0.427042 0.0916576 0.105974
5 0.135636 0.234487 0.0460026 0.0712903
5 0.00767158 0.635384 0.0153345 0.085721
5 0.122 0.586042 0.076663 0.174348
7 0.475082 0.373606 0.10686 0.093463
5 0.956541 0.417072 0.0859974 0.0831581
5 0.473836 0.372989 0.101498 0.0928006
5 0.222583 0.572625 0.086945 0.167771
5 0.764991 0.532919 0.133565 0.166582
5 0.881591 0.518261 0.130597 0.171487
5 0.187108 0.576852 0.0796522 0.164574
5 0.383578 0.22603 0.0545805 0.0659149
2 0.588829 0.566407 0.0736961 0.115558
7 0.857152 0.277752 0.100262 0.0763898
7 0.487605 0.55922 0.0915154 0.149526
