7 0.615401 0.812074 0.204811 0.36467
7 0.499676 0.723846 0.147409 0.307925
7 0.345262 0.387528 0.048552 0.0957613
7 0.462843 0.569974 0.105884 0.192231
7 0.385764 0.536661 0.0255391 0.0374147
7 0.538327 0.417638 0.0264547 0.0278419
7 0.362611 0.493703 0.0215194 0.0332899
7 0.346937 0.451592 0.0198773 0.0335007
7 0.387647 0.461798 0.0225793 0.0322113
7 0.319175 0.402529 0.0179239 0.0283931
7 0.400493 0.490716 0.0230445 0.0404743
7 0.586487 0.249634 0.015446 0.0145308
7 0.333871 0.42403 0.0193554 0.0287581
7 0.265403 0.274782 0.0293271 0.0657766
7 0.30736 0.377717 0.0144533 0.0225669
7 0.615401 0.812074 0.204811 0.36467
7 0.499676 0.723846 0.147409 0.307925
7 0.345262 0.387528 0.048552 0.0957613
7 0.462843 0.569974 0.105884 0.192231
7 0.385764 0.536661 0.0255391 0.0374147
7 0.538327 0.417638 0.0264547 0.0278419
7 0.362611 0.493703 0.0215194 0.0332899
7 0.346937 0.451592 0.0198773 0.0335007
7 0.387647 0.461798 0.0225793 0.0322113
7 0.319175 0.402529 0.0179239 0.0283931
7 0.400493 0.490716 0.0230445 0.0404743
7 0.586487 0.249634 0.015446 0.0145308
7 0.333871 0.42403 0.0193554 0.0287581
7 0.265403 0.274782 0.0293271 0.0657766
7 0.30736 0.377717 0.0144533 0.0225669
